/*--------------------------------*- C++ -*----------------------------------*\
| =========                 |                                                 |
| \\      /  F ield         | OpenFOAM: The Open Source CFD Toolbox           |
|  \\    /   O peration     | Version:  v2012                                 |
|   \\  /    A nd           | Website:  www.openfoam.com                      |
|    \\/     M anipulation  |                                                 |
\*---------------------------------------------------------------------------*/
FoamFile
{
    version     2.0;
    format      ascii;
    class       volVectorField;
    location    "70";
    object      Usup;
}
// * * * * * * * * * * * * * * * * * * * * * * * * * * * * * * * * * * * * * //

dimensions      [0 1 -1 0 0 0 0];


internalField   nonuniform List<vector> 
4000
(
(0.0102941 0.00392758 0)
(0.0247078 0.00510936 0)
(0.033997 0.00871217 0)
(0.0389115 -0.00451935 0)
(0.0326218 -0.00499063 0)
(0.0430272 0.0086001 0)
(0.054186 -0.000157638 0)
(0.0386228 -0.0134197 0)
(0.0298116 -0.00653231 0)
(0.0305214 0.000284293 0)
(0.0251794 -0.00202436 0)
(0.0311944 0.00389603 0)
(0.0439863 -0.0030473 0)
(0.0241637 -0.0172898 0)
(-0.0178181 -0.0119502 0)
(-0.0354823 0.00217768 0)
(-0.0263093 0.00217531 0)
(-0.0293881 -0.00407905 0)
(-0.0362612 0.00131958 0)
(-0.035221 0.00784858 0)
(-0.0376054 0.0278298 0)
(-0.0332334 0.0378614 0)
(-0.018636 0.0238338 0)
(-0.00506445 0.0247937 0)
(-0.000102647 0.018135 0)
(-0.00987677 0.00971825 0)
(-0.0186381 0.0137124 0)
(-0.0165697 0.00602958 0)
(-0.00848284 0.0130315 0)
(0.0160718 0.0198988 0)
(0.0317245 0.0124128 0)
(0.0357518 0.00574935 0)
(0.0419787 0.00354066 0)
(0.0412254 0.00101953 0)
(0.0412847 -0.00447694 0)
(0.0498112 -0.00961706 0)
(0.0468072 -0.0263928 0)
(0.0276605 -0.0307596 0)
(0.0103321 -0.0309058 0)
(-0.00429594 -0.0309619 0)
(-0.0221967 -0.0323402 0)
(-0.0354414 -0.0313407 0)
(-0.035869 -0.0328658 0)
(-0.0349248 -0.0318885 0)
(-0.0241089 -0.0110176 0)
(-0.010024 -0.00954529 0)
(-0.012657 -0.00861674 0)
(-0.0186482 -0.00379185 0)
(-0.0211578 0.00531737 0)
(-0.0157302 0.00291262 0)
(-0.00958521 0.000833161 0)
(-0.00560955 0.00507469 0)
(-0.00693203 0.00622038 0)
(-0.00145778 0.0125235 0)
(0.00537475 0.0188522 0)
(0.00443118 0.0232403 0)
(0.00323222 0.0159283 0)
(-0.00127154 0.0136396 0)
(-7.58267e-05 0.0149935 0)
(0.00417373 0.0202514 0)
(0.0202806 0.0157761 0)
(0.0345086 0.00471008 0)
(0.0256152 0.00279423 0)
(0.00639617 0.00258148 0)
(-0.00166554 0.00556623 0)
(0.00441367 0.00768893 0)
(0.013056 0.00424818 0)
(0.00999441 -0.00348097 0)
(0.00522622 -0.00745265 0)
(0.00576895 -0.0139342 0)
(0.000107306 -0.0198252 0)
(-0.0121309 -0.0193016 0)
(-0.0124857 -0.0116076 0)
(-0.0127032 -0.00727529 0)
(-0.0201419 -0.00124948 0)
(-0.0196001 -0.00207962 0)
(-0.0134959 0.00764522 0)
(-0.0102338 0.00182112 0)
(-0.00533985 -0.000419896 0)
(0.00257517 -0.000839223 0)
(0.00351631 -0.00371439 0)
(-0.00491013 -0.00410756 0)
(-0.0119002 0.00489163 0)
(0.00678044 0.00970887 0)
(0.0199269 -0.00656242 0)
(0.00546684 -0.0147856 0)
(0.00423774 -0.00500903 0)
(0.0162916 -0.000609335 0)
(0.0233483 -0.00230414 0)
(0.0241798 0.0016698 0)
(0.012807 -0.00125701 0)
(-0.00530922 -0.00750124 0)
(-0.0224826 -0.00927777 0)
(-0.0340176 -0.000516858 0)
(-0.0328557 0.00657056 0)
(-0.0197105 0.00436862 0)
(-0.0113615 0.00980927 0)
(-0.00644785 0.00193697 0)
(-0.00303795 -0.00254374 0)
(0.00181358 -0.00270263 0)
(0.0207617 0.00988252 0)
(0.057078 0.0139476 0)
(0.0732179 0.0198672 0)
(0.0853904 -0.00386974 0)
(0.100743 -0.00381154 0)
(0.116296 0.0152647 0)
(0.11645 -0.00218644 0)
(0.100684 -0.0268606 0)
(0.0964761 -0.01474 0)
(0.0871136 -0.0072247 0)
(0.0764493 -0.0116752 0)
(0.0820323 0.000854133 0)
(0.0825607 -0.013713 0)
(0.0453188 -0.0352025 0)
(-0.021114 -0.0343868 0)
(-0.0688198 -0.00332152 0)
(-0.076873 0.00828089 0)
(-0.0816174 0.00105071 0)
(-0.0863383 0.00612683 0)
(-0.0756115 0.0205786 0)
(-0.0753271 0.0652141 0)
(-0.0880318 0.0959321 0)
(-0.0627632 0.0834885 0)
(-0.0272369 0.0715085 0)
(-0.0223002 0.0556398 0)
(-0.0305247 0.04187 0)
(-0.044739 0.0452164 0)
(-0.0356715 0.0317988 0)
(-0.00172178 0.0392333 0)
(0.0408245 0.0497502 0)
(0.0691781 0.0319534 0)
(0.0888598 0.0211743 0)
(0.107126 0.00690903 0)
(0.106446 -0.00797941 0)
(0.106236 -0.0158313 0)
(0.110772 -0.0269856 0)
(0.100417 -0.0647561 0)
(0.0696745 -0.0803358 0)
(0.0292386 -0.0933777 0)
(-0.0113468 -0.0984207 0)
(-0.0538417 -0.104856 0)
(-0.0856355 -0.0992409 0)
(-0.0911876 -0.0992281 0)
(-0.0719477 -0.0870394 0)
(-0.0491589 -0.0444565 0)
(-0.0362315 -0.0310573 0)
(-0.0358822 -0.0195524 0)
(-0.0400744 -0.00627371 0)
(-0.0489879 0.00766825 0)
(-0.0457625 0.0109346 0)
(-0.0268561 0.00679894 0)
(-0.0144754 0.0143567 0)
(-0.0115891 0.027758 0)
(0.00471947 0.0422427 0)
(0.0176541 0.0502053 0)
(0.00798582 0.0578421 0)
(0.00115588 0.0516021 0)
(0.000624657 0.0406435 0)
(0.0102448 0.0452443 0)
(0.0186845 0.0521506 0)
(0.040218 0.0511742 0)
(0.0693302 0.0331958 0)
(0.0604822 0.01553 0)
(0.0262169 0.0108249 0)
(0.00992208 0.0156376 0)
(0.0145001 0.0182226 0)
(0.0221439 0.00413626 0)
(0.0162802 -0.0180466 0)
(0.00705651 -0.0247485 0)
(0.0026872 -0.0383563 0)
(-0.00653748 -0.0539798 0)
(-0.021684 -0.0531246 0)
(-0.0238856 -0.035389 0)
(-0.028536 -0.0247968 0)
(-0.0461674 -0.00671041 0)
(-0.0425011 0.00196632 0)
(-0.0337928 0.0186792 0)
(-0.0332808 0.00049772 0)
(-0.0169197 -0.00242854 0)
(-0.0010166 -0.00215961 0)
(0.00165023 -0.00405118 0)
(-0.00393945 -0.00999656 0)
(-0.00933271 0.00894376 0)
(0.00740813 0.0150317 0)
(0.0233458 -0.01397 0)
(0.0207159 -0.0254287 0)
(0.0290169 -0.00966771 0)
(0.043367 -0.00693403 0)
(0.0571774 -0.00617959 0)
(0.0552216 -0.00751066 0)
(0.0210186 -0.00789356 0)
(-0.0197448 -0.0213613 0)
(-0.0486178 -0.0247579 0)
(-0.0682225 -0.00497303 0)
(-0.0749507 0.0149035 0)
(-0.0502008 0.025567 0)
(-0.0341048 0.0233649 0)
(-0.0275409 0.00577419 0)
(-0.0116215 -0.00198095 0)
(0.00544642 0.00141922 0)
(0.0245854 0.015275 0)
(0.0732906 0.0286623 0)
(0.0956968 0.0346489 0)
(0.117849 0.0212614 0)
(0.151833 0.0102509 0)
(0.168668 0.0110085 0)
(0.16126 -0.00223706 0)
(0.151559 -0.0231049 0)
(0.150689 -0.0222817 0)
(0.132298 -0.0262323 0)
(0.122476 -0.0212808 0)
(0.122303 -0.0188112 0)
(0.107646 -0.0371834 0)
(0.0539384 -0.0503676 0)
(-0.0219482 -0.051418 0)
(-0.0772227 -0.0169715 0)
(-0.106526 0.0126963 0)
(-0.126124 0.0068814 0)
(-0.129279 0.0163783 0)
(-0.101592 0.0385977 0)
(-0.0905927 0.0860176 0)
(-0.113997 0.129392 0)
(-0.102442 0.144205 0)
(-0.0641314 0.122102 0)
(-0.0479161 0.0955943 0)
(-0.0501317 0.0738529 0)
(-0.0647609 0.0765356 0)
(-0.0492426 0.0708296 0)
(0.00408433 0.0618955 0)
(0.0574394 0.0653564 0)
(0.0967172 0.0533006 0)
(0.126232 0.0414161 0)
(0.145977 0.0152061 0)
(0.155852 -0.00806242 0)
(0.161624 -0.0194635 0)
(0.152051 -0.0539842 0)
(0.130032 -0.0951516 0)
(0.0886181 -0.119681 0)
(0.0328732 -0.145273 0)
(-0.0219605 -0.164033 0)
(-0.0762523 -0.178178 0)
(-0.117052 -0.166774 0)
(-0.123657 -0.147298 0)
(-0.0893535 -0.116128 0)
(-0.0601906 -0.0761945 0)
(-0.0485607 -0.0604194 0)
(-0.0489279 -0.0394087 0)
(-0.0580439 -0.0140719 0)
(-0.0683147 0.00182967 0)
(-0.0661149 0.0175732 0)
(-0.0434858 0.0224936 0)
(-0.015655 0.037284 0)
(-0.00530777 0.0537003 0)
(0.00836697 0.0684925 0)
(0.0226481 0.0699388 0)
(0.0148048 0.0819094 0)
(-2.26915e-05 0.0914735 0)
(0.00149487 0.0774965 0)
(0.0218853 0.079498 0)
(0.0371515 0.0842556 0)
(0.0622698 0.0859302 0)
(0.0837031 0.0640421 0)
(0.0730246 0.0317701 0)
(0.0423266 0.020299 0)
(0.0234784 0.0261348 0)
(0.0186619 0.0194601 0)
(0.0168586 0.000152978 0)
(0.015035 -0.0301296 0)
(0.00737698 -0.043397 0)
(-0.00639765 -0.0611233 0)
(-0.0167999 -0.0808853 0)
(-0.0254468 -0.085477 0)
(-0.0281931 -0.0652692 0)
(-0.0348331 -0.0420359 0)
(-0.0533949 -0.00577657 0)
(-0.05323 0.0150935 0)
(-0.056957 0.0268489 0)
(-0.0574184 0.00797718 0)
(-0.0260058 -0.00123016 0)
(-0.00362873 -0.00103463 0)
(-0.00355868 0.00439023 0)
(-0.003586 0.000687436 0)
(-0.00267757 0.000646108 0)
(0.00582414 0.00114942 0)
(0.0252629 -0.0146547 0)
(0.0359235 -0.0150157 0)
(0.0467595 -0.012554 0)
(0.0635138 -0.0136138 0)
(0.0775249 -0.0123263 0)
(0.0726392 -0.0227291 0)
(0.0262943 -0.0272246 0)
(-0.0331163 -0.033512 0)
(-0.0636835 -0.0300461 0)
(-0.0823728 -0.00377069 0)
(-0.0885864 0.0282219 0)
(-0.0721966 0.0419599 0)
(-0.0644515 0.0258515 0)
(-0.0470793 0.0150154 0)
(-0.0146579 0.0139509 0)
(0.00452848 0.0113996 0)
(0.0269159 0.0247219 0)
(0.0814395 0.0517376 0)
(0.10958 0.0606958 0)
(0.132668 0.0513057 0)
(0.174091 0.0371148 0)
(0.203325 0.0190955 0)
(0.196582 -0.00667876 0)
(0.186208 -0.0138961 0)
(0.186086 -0.0284559 0)
(0.17326 -0.037724 0)
(0.16056 -0.0436813 0)
(0.143576 -0.0493126 0)
(0.120704 -0.0634849 0)
(0.0635727 -0.0784126 0)
(-0.0130473 -0.0768518 0)
(-0.0722496 -0.0433586 0)
(-0.126848 -0.00368548 0)
(-0.158553 0.00512317 0)
(-0.15168 0.0276869 0)
(-0.115793 0.0581742 0)
(-0.0972465 0.0990972 0)
(-0.122967 0.155223 0)
(-0.127424 0.186854 0)
(-0.104095 0.170009 0)
(-0.0881397 0.127881 0)
(-0.072797 0.0942314 0)
(-0.0726788 0.101872 0)
(-0.060528 0.110932 0)
(0.0027473 0.105791 0)
(0.07497 0.0823195 0)
(0.121153 0.0767417 0)
(0.15095 0.061767 0)
(0.174789 0.032362 0)
(0.191688 0.00800245 0)
(0.185265 -0.033451 0)
(0.165492 -0.0816313 0)
(0.147605 -0.119226 0)
(0.0992742 -0.157411 0)
(0.0280016 -0.199147 0)
(-0.0398425 -0.228652 0)
(-0.0934425 -0.229659 0)
(-0.125234 -0.211929 0)
(-0.127869 -0.173813 0)
(-0.0944472 -0.136253 0)
(-0.0745696 -0.104228 0)
(-0.0650948 -0.0819439 0)
(-0.0540809 -0.0673122 0)
(-0.0620384 -0.0357555 0)
(-0.0759121 -0.00413894 0)
(-0.0736197 0.0154081 0)
(-0.0458763 0.039903 0)
(-0.0160174 0.0553378 0)
(-0.00543573 0.071999 0)
(0.00917896 0.0958876 0)
(0.0288185 0.0964867 0)
(0.0298456 0.110675 0)
(0.00633155 0.126598 0)
(0.00233855 0.118033 0)
(0.0320166 0.114295 0)
(0.0517814 0.111648 0)
(0.0695231 0.107965 0)
(0.0837072 0.0866901 0)
(0.0772792 0.0571333 0)
(0.0567943 0.0362419 0)
(0.0338657 0.0307397 0)
(0.0183514 0.0107341 0)
(0.00967952 -0.00439151 0)
(0.00464789 -0.0285452 0)
(-0.00230667 -0.0545771 0)
(-0.0196553 -0.0822553 0)
(-0.0310469 -0.104793 0)
(-0.0304691 -0.112968 0)
(-0.0213521 -0.0902441 0)
(-0.0207277 -0.0523917 0)
(-0.045487 -0.000931657 0)
(-0.0594859 0.0241953 0)
(-0.0740621 0.0293373 0)
(-0.0808786 0.0228701 0)
(-0.0410708 0.0181745 0)
(-0.00547778 0.00994885 0)
(-0.00153794 0.0135855 0)
(-0.0112038 0.0191979 0)
(-0.0100312 0.00352685 0)
(0.00850913 -0.000902776 0)
(0.0349398 -0.00981717 0)
(0.0467114 -0.00563842 0)
(0.0574358 -0.0122773 0)
(0.0783104 -0.0208258 0)
(0.0888404 -0.0278139 0)
(0.0765186 -0.0340457 0)
(0.0269083 -0.0382426 0)
(-0.0341446 -0.0354818 0)
(-0.0643564 -0.0172642 0)
(-0.0792801 0.00586316 0)
(-0.097193 0.0353595 0)
(-0.097441 0.0432974 0)
(-0.0853493 0.0297317 0)
(-0.0537724 0.0281227 0)
(-0.0183228 0.0264161 0)
(-0.00326124 0.0123313 0)
(0.026461 0.0371501 0)
(0.0812105 0.0740736 0)
(0.108663 0.0874026 0)
(0.138784 0.0905182 0)
(0.184971 0.0676878 0)
(0.207862 0.0355056 0)
(0.216933 -0.0147636 0)
(0.215746 -0.0215981 0)
(0.20955 -0.0353799 0)
(0.192543 -0.0469249 0)
(0.179187 -0.0778403 0)
(0.165114 -0.0936679 0)
(0.129986 -0.0940443 0)
(0.0633843 -0.107232 0)
(-0.00758944 -0.108496 0)
(-0.0607172 -0.0887724 0)
(-0.125069 -0.0402816 0)
(-0.168866 0.0022886 0)
(-0.163615 0.0366597 0)
(-0.124969 0.0685211 0)
(-0.0926548 0.113827 0)
(-0.114733 0.17119 0)
(-0.144188 0.211685 0)
(-0.147108 0.202516 0)
(-0.133656 0.162196 0)
(-0.0934119 0.137695 0)
(-0.0700997 0.136752 0)
(-0.0521886 0.144139 0)
(-0.0044017 0.144508 0)
(0.0718438 0.105435 0)
(0.139409 0.0888341 0)
(0.168471 0.072136 0)
(0.193028 0.0550244 0)
(0.200092 0.017104 0)
(0.189426 -0.0533097 0)
(0.178254 -0.108941 0)
(0.150511 -0.141803 0)
(0.0840302 -0.18605 0)
(0.00773043 -0.232192 0)
(-0.0450597 -0.262368 0)
(-0.0902972 -0.256012 0)
(-0.121926 -0.237822 0)
(-0.124905 -0.202618 0)
(-0.0980541 -0.174395 0)
(-0.0768615 -0.144119 0)
(-0.0726942 -0.0983764 0)
(-0.063052 -0.0784961 0)
(-0.0578853 -0.0503719 0)
(-0.073993 -0.0137317 0)
(-0.0713781 0.0138999 0)
(-0.0444532 0.0539909 0)
(-0.0148492 0.0728295 0)
(0.00892996 0.0862667 0)
(0.018386 0.114062 0)
(0.0325124 0.12695 0)
(0.0409157 0.143405 0)
(0.0130023 0.151116 0)
(0.00378868 0.157184 0)
(0.0344427 0.146167 0)
(0.0583289 0.128235 0)
(0.0794503 0.123842 0)
(0.0875858 0.112693 0)
(0.0748639 0.0847513 0)
(0.0543081 0.0494105 0)
(0.0295172 0.0328521 0)
(0.014608 0.0102128 0)
(0.00802121 -0.0100226 0)
(-0.0055494 -0.0349598 0)
(-0.0216741 -0.0669701 0)
(-0.0402432 -0.0987828 0)
(-0.0455413 -0.112069 0)
(-0.0307425 -0.114001 0)
(-0.00734312 -0.092807 0)
(0.00156921 -0.06226 0)
(-0.0299055 -0.0102693 0)
(-0.0636411 0.0246261 0)
(-0.0867836 0.0264135 0)
(-0.0885892 0.0335846 0)
(-0.0515753 0.0395997 0)
(-0.0165886 0.0373725 0)
(-0.00208481 0.0325962 0)
(-0.0136819 0.0305837 0)
(-0.0157143 0.0192625 0)
(0.00604612 0.00726565 0)
(0.0391468 -0.000659371 0)
(0.0546599 -0.00111504 0)
(0.0590395 0.00193915 0)
(0.079038 -0.0152279 0)
(0.0951808 -0.0298249 0)
(0.0864152 -0.0403349 0)
(0.0333718 -0.0382552 0)
(-0.0274001 -0.0264502 0)
(-0.0601056 -0.00598048 0)
(-0.0817113 0.0134683 0)
(-0.10128 0.0339509 0)
(-0.110619 0.0473093 0)
(-0.0998764 0.0355044 0)
(-0.0622069 0.0324133 0)
(-0.0262267 0.0246432 0)
(-0.00825908 0.00987151 0)
(0.0222752 0.0465785 0)
(0.0733733 0.0927441 0)
(0.110125 0.105221 0)
(0.132988 0.119576 0)
(0.168549 0.100641 0)
(0.192541 0.0655932 0)
(0.213715 -0.00241699 0)
(0.233397 -0.032869 0)
(0.228927 -0.0457164 0)
(0.200196 -0.0704458 0)
(0.178899 -0.111309 0)
(0.176294 -0.140108 0)
(0.142716 -0.134768 0)
(0.0661457 -0.148616 0)
(-0.00841582 -0.14448 0)
(-0.0509562 -0.127056 0)
(-0.103609 -0.0873299 0)
(-0.15616 -0.0228402 0)
(-0.1637 0.0445266 0)
(-0.122135 0.0993125 0)
(-0.0829924 0.145799 0)
(-0.106238 0.170507 0)
(-0.150516 0.196595 0)
(-0.176748 0.20693 0)
(-0.163461 0.200584 0)
(-0.111916 0.193094 0)
(-0.0802956 0.175883 0)
(-0.0559452 0.174854 0)
(-0.0117069 0.159167 0)
(0.0657343 0.130778 0)
(0.145392 0.105914 0)
(0.188632 0.0841187 0)
(0.206516 0.0681036 0)
(0.189253 0.0197114 0)
(0.170193 -0.0591622 0)
(0.173269 -0.128846 0)
(0.152657 -0.175388 0)
(0.0773741 -0.205635 0)
(-0.00448112 -0.235268 0)
(-0.0555842 -0.259068 0)
(-0.0937741 -0.268082 0)
(-0.120212 -0.258504 0)
(-0.125404 -0.232707 0)
(-0.0997512 -0.210636 0)
(-0.0666209 -0.180385 0)
(-0.0623275 -0.121985 0)
(-0.0619185 -0.0815511 0)
(-0.0553609 -0.0514297 0)
(-0.0664913 -0.0251937 0)
(-0.0569646 0.0181135 0)
(-0.029799 0.0680783 0)
(-0.0132104 0.0967408 0)
(0.0103199 0.104853 0)
(0.0309357 0.122376 0)
(0.0481614 0.146086 0)
(0.0502542 0.170692 0)
(0.0232318 0.171618 0)
(0.00968203 0.183156 0)
(0.0269938 0.164152 0)
(0.0580594 0.146288 0)
(0.0871426 0.146098 0)
(0.0876382 0.132561 0)
(0.0624791 0.0988218 0)
(0.0461776 0.0531807 0)
(0.0281409 0.0333134 0)
(0.0067344 0.0146074 0)
(-0.00636504 -0.00570199 0)
(-0.0238185 -0.0372649 0)
(-0.0409719 -0.069395 0)
(-0.050868 -0.100816 0)
(-0.0476278 -0.11426 0)
(-0.0291791 -0.105542 0)
(-0.00242579 -0.0850147 0)
(0.0162689 -0.0659104 0)
(-0.00792914 -0.027038 0)
(-0.0588515 0.0193398 0)
(-0.0912631 0.0304099 0)
(-0.0906998 0.0410265 0)
(-0.052675 0.0471982 0)
(-0.0200015 0.0575951 0)
(-0.0118466 0.0537692 0)
(-0.0228777 0.0412613 0)
(-0.0247323 0.0320263 0)
(0.00209505 0.0236104 0)
(0.0422748 0.0216213 0)
(0.0654122 0.0083781 0)
(0.0662412 0.0174634 0)
(0.0757361 0.00492412 0)
(0.0902055 -0.014431 0)
(0.084946 -0.0327462 0)
(0.0420165 -0.0314318 0)
(-0.0179001 -0.0186495 0)
(-0.0542349 -0.00236556 0)
(-0.0769601 0.0172772 0)
(-0.101271 0.038306 0)
(-0.121577 0.0501311 0)
(-0.114247 0.0430016 0)
(-0.0702811 0.0342087 0)
(-0.0323532 0.018097 0)
(-0.0125262 0.0081501 0)
(0.0171275 0.0520039 0)
(0.0571201 0.111412 0)
(0.0958574 0.125611 0)
(0.130169 0.133022 0)
(0.161063 0.119998 0)
(0.163433 0.0761368 0)
(0.18612 0.0118435 0)
(0.230631 -0.0276229 0)
(0.22978 -0.0588761 0)
(0.190349 -0.102852 0)
(0.169574 -0.142042 0)
(0.182232 -0.168163 0)
(0.147288 -0.180836 0)
(0.0651856 -0.191166 0)
(0.000601336 -0.178231 0)
(-0.041868 -0.155577 0)
(-0.0840515 -0.121366 0)
(-0.116581 -0.0513857 0)
(-0.124148 0.0364076 0)
(-0.103055 0.103349 0)
(-0.0916079 0.136177 0)
(-0.124237 0.15523 0)
(-0.157445 0.181469 0)
(-0.176405 0.213209 0)
(-0.168385 0.229885 0)
(-0.128671 0.225587 0)
(-0.0923178 0.202155 0)
(-0.0629911 0.198994 0)
(-0.0227388 0.188262 0)
(0.0606952 0.168042 0)
(0.146482 0.131971 0)
(0.193141 0.102693 0)
(0.20597 0.0619049 0)
(0.170844 0.0076576 0)
(0.144487 -0.0622627 0)
(0.152642 -0.123163 0)
(0.144645 -0.192907 0)
(0.0769755 -0.225836 0)
(-0.0110222 -0.249216 0)
(-0.065895 -0.253315 0)
(-0.102621 -0.266018 0)
(-0.121652 -0.272828 0)
(-0.124288 -0.257243 0)
(-0.0987891 -0.232297 0)
(-0.0520934 -0.203352 0)
(-0.0396493 -0.14342 0)
(-0.0492677 -0.0883306 0)
(-0.0525306 -0.0550292 0)
(-0.0560917 -0.0238096 0)
(-0.0320706 0.0283687 0)
(-0.0110525 0.0740674 0)
(-0.00688032 0.105699 0)
(0.0142149 0.13329 0)
(0.0406396 0.153636 0)
(0.0651544 0.169153 0)
(0.0614033 0.177597 0)
(0.0280471 0.180391 0)
(0.00835042 0.186045 0)
(0.0219899 0.181183 0)
(0.0646537 0.169691 0)
(0.0933971 0.162049 0)
(0.079386 0.132861 0)
(0.042781 0.100998 0)
(0.0299848 0.0673869 0)
(0.0218758 0.0340905 0)
(0.00371821 0.00815971 0)
(-0.0152663 -0.0116254 0)
(-0.0411376 -0.036367 0)
(-0.0616822 -0.0587306 0)
(-0.0718574 -0.085064 0)
(-0.0535595 -0.101106 0)
(-0.0196591 -0.0961739 0)
(0.006349 -0.0826421 0)
(0.0250358 -0.0662456 0)
(0.0115263 -0.0389623 0)
(-0.0427914 0.00199581 0)
(-0.0904909 0.0315607 0)
(-0.0927779 0.0512213 0)
(-0.0520413 0.0676379 0)
(-0.0204009 0.0624041 0)
(-0.0190712 0.0613917 0)
(-0.0311771 0.0574143 0)
(-0.0263443 0.0439971 0)
(0.00511562 0.0377629 0)
(0.0386406 0.0430879 0)
(0.0651247 0.0236579 0)
(0.0718468 0.0231365 0)
(0.0715828 0.0168376 0)
(0.0820529 0.00192308 0)
(0.0841707 -0.0166995 0)
(0.0468386 -0.0171955 0)
(-0.0116398 -0.00898359 0)
(-0.0474526 0.00989151 0)
(-0.0710411 0.0151099 0)
(-0.0978535 0.0390154 0)
(-0.125413 0.0500737 0)
(-0.124336 0.0439386 0)
(-0.0857634 0.0267573 0)
(-0.0416934 0.012319 0)
(-0.0137165 0.00603437 0)
(0.0143646 0.0507139 0)
(0.0434425 0.120214 0)
(0.0764888 0.144671 0)
(0.106929 0.147477 0)
(0.126341 0.125438 0)
(0.128756 0.076304 0)
(0.16423 0.0352091 0)
(0.214659 -0.018436 0)
(0.209469 -0.0733761 0)
(0.174367 -0.131935 0)
(0.162911 -0.160256 0)
(0.173804 -0.184078 0)
(0.142992 -0.221795 0)
(0.073825 -0.228023 0)
(0.0107824 -0.215082 0)
(-0.0282814 -0.178219 0)
(-0.0563301 -0.133336 0)
(-0.0771276 -0.0713367 0)
(-0.0917863 0.00502487 0)
(-0.0926574 0.062262 0)
(-0.0879354 0.0989946 0)
(-0.112693 0.147469 0)
(-0.142369 0.189831 0)
(-0.169267 0.215155 0)
(-0.175692 0.223527 0)
(-0.146534 0.224892 0)
(-0.106187 0.215411 0)
(-0.0632959 0.216226 0)
(-0.0210537 0.225726 0)
(0.0489668 0.206441 0)
(0.132617 0.162342 0)
(0.181283 0.117405 0)
(0.187103 0.0614277 0)
(0.15159 -0.000796916 0)
(0.127374 -0.0481894 0)
(0.126658 -0.100981 0)
(0.118972 -0.19326 0)
(0.0668852 -0.248757 0)
(-0.00681042 -0.260291 0)
(-0.0637801 -0.263367 0)
(-0.116853 -0.27544 0)
(-0.13324 -0.277937 0)
(-0.122866 -0.257864 0)
(-0.0920648 -0.233336 0)
(-0.0352355 -0.19441 0)
(-0.0119222 -0.153474 0)
(-0.030234 -0.0946619 0)
(-0.039597 -0.0513865 0)
(-0.0343941 -0.0163746 0)
(-0.01089 0.0360244 0)
(0.00523102 0.0760523 0)
(0.0130312 0.113778 0)
(0.0330063 0.154778 0)
(0.0495108 0.175805 0)
(0.0625612 0.182448 0)
(0.0595412 0.170722 0)
(0.0344355 0.169398 0)
(0.0191522 0.175237 0)
(0.0278364 0.198648 0)
(0.0607712 0.193764 0)
(0.0801352 0.161682 0)
(0.0647137 0.119696 0)
(0.0363464 0.0950243 0)
(0.017497 0.0804262 0)
(0.00283096 0.0361284 0)
(-0.0111795 0.00628751 0)
(-0.0262069 -0.0225241 0)
(-0.0488752 -0.0349563 0)
(-0.0711544 -0.0563023 0)
(-0.0809144 -0.0759855 0)
(-0.059514 -0.0807249 0)
(-0.0240283 -0.0819277 0)
(0.00709297 -0.0851388 0)
(0.0328746 -0.0765499 0)
(0.0250198 -0.050567 0)
(-0.0244553 -0.00964493 0)
(-0.0713333 0.030785 0)
(-0.0781337 0.0640058 0)
(-0.0554252 0.0869048 0)
(-0.0323254 0.0753411 0)
(-0.020043 0.0715432 0)
(-0.0370232 0.0632669 0)
(-0.0372073 0.0547362 0)
(0.00684816 0.0497249 0)
(0.0404142 0.0461436 0)
(0.0615386 0.032839 0)
(0.0733734 0.0243932 0)
(0.0724719 0.0214373 0)
(0.0764238 0.00747973 0)
(0.0783098 -0.00136027 0)
(0.0498376 -0.0103333 0)
(-0.00202337 0.00205077 0)
(-0.046265 0.0232832 0)
(-0.0691246 0.0222873 0)
(-0.0902137 0.0431884 0)
(-0.130801 0.0438223 0)
(-0.140037 0.0323408 0)
(-0.0962698 0.0169261 0)
(-0.0434009 0.0124549 0)
(-0.0148657 0.00203277 0)
(0.0114342 0.0555753 0)
(0.0304387 0.124134 0)
(0.0531364 0.15413 0)
(0.0806793 0.159056 0)
(0.095121 0.141515 0)
(0.0999539 0.101545 0)
(0.130988 0.0659746 0)
(0.172675 -0.00764594 0)
(0.171876 -0.0784595 0)
(0.152567 -0.141705 0)
(0.155161 -0.168189 0)
(0.156226 -0.203853 0)
(0.127196 -0.246548 0)
(0.0734173 -0.255323 0)
(0.0306401 -0.248365 0)
(0.0020729 -0.195403 0)
(-0.0298888 -0.141324 0)
(-0.0456199 -0.0979272 0)
(-0.0608289 -0.048305 0)
(-0.0706876 0.0234565 0)
(-0.0652065 0.0818761 0)
(-0.0911517 0.137615 0)
(-0.137195 0.170747 0)
(-0.175859 0.190023 0)
(-0.179501 0.21257 0)
(-0.146417 0.221611 0)
(-0.103265 0.21243 0)
(-0.051888 0.231344 0)
(-0.0175355 0.248614 0)
(0.035634 0.232681 0)
(0.111139 0.193329 0)
(0.156219 0.13561 0)
(0.161384 0.0697316 0)
(0.135048 0.00790753 0)
(0.115254 -0.033648 0)
(0.0870416 -0.0938856 0)
(0.0707748 -0.187263 0)
(0.053704 -0.255563 0)
(-0.00617823 -0.274763 0)
(-0.0724525 -0.283315 0)
(-0.119212 -0.279082 0)
(-0.123552 -0.263599 0)
(-0.113116 -0.240588 0)
(-0.0782346 -0.202695 0)
(-0.0218671 -0.165181 0)
(0.00441273 -0.145786 0)
(-0.00313842 -0.100153 0)
(-0.0226793 -0.0502809 0)
(-0.0175067 -0.0121147 0)
(0.0129849 0.0341787 0)
(0.0266246 0.0761663 0)
(0.0353558 0.119931 0)
(0.0482547 0.157657 0)
(0.0535642 0.166688 0)
(0.0580482 0.179334 0)
(0.0522938 0.171497 0)
(0.0355132 0.164675 0)
(0.0375398 0.161797 0)
(0.0467305 0.187162 0)
(0.0517738 0.186523 0)
(0.0558022 0.148391 0)
(0.0487435 0.115308 0)
(0.0324756 0.0869997 0)
(0.0042928 0.0649945 0)
(-0.0167362 0.0254867 0)
(-0.0256603 0.0084624 0)
(-0.0343682 -0.0231015 0)
(-0.0577143 -0.0416879 0)
(-0.0870207 -0.064017 0)
(-0.0887919 -0.0817397 0)
(-0.0608829 -0.086295 0)
(-0.0296843 -0.0791684 0)
(0.000218123 -0.0843213 0)
(0.0378901 -0.0750645 0)
(0.0467139 -0.0565281 0)
(0.00273114 -0.0129753 0)
(-0.0498127 0.0303225 0)
(-0.0632719 0.0741519 0)
(-0.0531395 0.09748 0)
(-0.0384928 0.0958248 0)
(-0.0320101 0.0872286 0)
(-0.0448226 0.0592103 0)
(-0.0347638 0.0584208 0)
(0.00311457 0.0611229 0)
(0.0329868 0.0480963 0)
(0.057709 0.0326354 0)
(0.0730404 0.0165249 0)
(0.0687061 0.0103796 0)
(0.0735572 0.00272693 0)
(0.0766432 0.011236 0)
(0.0510348 -0.000863562 0)
(0.0103495 0.0138423 0)
(-0.0393131 0.0243989 0)
(-0.0658197 0.0323066 0)
(-0.092149 0.0427061 0)
(-0.142121 0.0357811 0)
(-0.149576 0.0292524 0)
(-0.101171 0.0199409 0)
(-0.0479787 0.0152235 0)
(-0.0146631 -0.000324171 0)
(0.00275324 0.0620492 0)
(0.00983885 0.131822 0)
(0.0291761 0.170288 0)
(0.051964 0.180153 0)
(0.0600635 0.160134 0)
(0.0658036 0.122261 0)
(0.0885234 0.0907716 0)
(0.120967 0.0134626 0)
(0.127827 -0.0777694 0)
(0.126744 -0.142166 0)
(0.134394 -0.177097 0)
(0.129905 -0.217425 0)
(0.113427 -0.253517 0)
(0.0738334 -0.271793 0)
(0.048493 -0.250987 0)
(0.0365173 -0.2209 0)
(-0.00521121 -0.167754 0)
(-0.0344924 -0.123456 0)
(-0.031758 -0.0849606 0)
(-0.0277442 -0.021896 0)
(-0.0345216 0.0462252 0)
(-0.075886 0.108169 0)
(-0.128978 0.146311 0)
(-0.159216 0.177885 0)
(-0.167975 0.206448 0)
(-0.156346 0.224007 0)
(-0.10232 0.228938 0)
(-0.0329407 0.239324 0)
(-0.00882819 0.246013 0)
(0.0270922 0.249791 0)
(0.0869899 0.213691 0)
(0.121932 0.15125 0)
(0.128785 0.0760984 0)
(0.113094 0.00524414 0)
(0.0896338 -0.0389405 0)
(0.0479754 -0.109133 0)
(0.0292071 -0.180639 0)
(0.0245633 -0.24435 0)
(-0.0136044 -0.277574 0)
(-0.0622448 -0.281021 0)
(-0.106199 -0.26769 0)
(-0.116258 -0.244063 0)
(-0.0953176 -0.215026 0)
(-0.0580106 -0.166254 0)
(-0.0172831 -0.143418 0)
(0.0108862 -0.119243 0)
(0.0149572 -0.0898807 0)
(0.000957107 -0.0502883 0)
(0.00515078 -0.00976325 0)
(0.0337676 0.0321733 0)
(0.0508926 0.0686584 0)
(0.0588279 0.108782 0)
(0.0567789 0.151789 0)
(0.058457 0.155873 0)
(0.0626873 0.160604 0)
(0.0488176 0.156731 0)
(0.0306734 0.16016 0)
(0.0422188 0.158288 0)
(0.0555232 0.16351 0)
(0.0444189 0.166412 0)
(0.0420084 0.136341 0)
(0.0350568 0.107492 0)
(0.0151054 0.07217 0)
(-0.0126108 0.0405367 0)
(-0.0249323 0.0123962 0)
(-0.0349083 -0.0118341 0)
(-0.0532923 -0.0374518 0)
(-0.0717658 -0.0651367 0)
(-0.0963628 -0.100003 0)
(-0.0962677 -0.0951468 0)
(-0.0598954 -0.0867044 0)
(-0.0279906 -0.0809955 0)
(0.00198283 -0.0786754 0)
(0.0431292 -0.0629021 0)
(0.0592651 -0.0465531 0)
(0.0276769 -0.00722607 0)
(-0.018443 0.0406951 0)
(-0.0386368 0.0798215 0)
(-0.0475496 0.0970879 0)
(-0.0457786 0.0998647 0)
(-0.0505792 0.0876186 0)
(-0.0594523 0.0721528 0)
(-0.0346745 0.0674285 0)
(0.00265011 0.0529387 0)
(0.0248226 0.0349392 0)
(0.0451235 0.0199992 0)
(0.0645664 0.00228528 0)
(0.0698017 -0.00988213 0)
(0.0834697 -0.00685418 0)
(0.08003 0.00649253 0)
(0.053272 0.0100167 0)
(0.0149158 0.0250488 0)
(-0.0371453 0.0226151 0)
(-0.0619727 0.0387937 0)
(-0.09441 0.0373481 0)
(-0.146321 0.0335438 0)
(-0.154728 0.0302117 0)
(-0.105836 0.0253398 0)
(-0.0529374 0.0156823 0)
(-0.015863 0.00431827 0)
(-0.00357314 0.060271 0)
(-0.00385936 0.13779 0)
(0.0085858 0.183815 0)
(0.0202116 0.198197 0)
(0.0209489 0.179565 0)
(0.0337555 0.145554 0)
(0.0478179 0.106698 0)
(0.0537789 0.0283571 0)
(0.0673778 -0.0623453 0)
(0.091546 -0.120324 0)
(0.111496 -0.169918 0)
(0.1093 -0.223764 0)
(0.0923736 -0.253939 0)
(0.0750824 -0.267871 0)
(0.061878 -0.255082 0)
(0.0511346 -0.251644 0)
(0.0243044 -0.200714 0)
(-0.0064296 -0.140045 0)
(-0.0106985 -0.0918069 0)
(-0.000121223 -0.0490918 0)
(0.00471027 0.00491382 0)
(-0.0416892 0.0537878 0)
(-0.107264 0.10889 0)
(-0.149213 0.154176 0)
(-0.158658 0.195492 0)
(-0.137849 0.227193 0)
(-0.0943396 0.253486 0)
(-0.0355934 0.250677 0)
(0.0002291 0.244989 0)
(0.0281812 0.250821 0)
(0.0607051 0.208855 0)
(0.0817644 0.149165 0)
(0.0840073 0.0835716 0)
(0.0819645 0.0112733 0)
(0.0622527 -0.0416685 0)
(0.0115765 -0.121709 0)
(-0.0041531 -0.173554 0)
(0.00115352 -0.216403 0)
(-0.0212345 -0.25073 0)
(-0.0605266 -0.255977 0)
(-0.0944234 -0.251855 0)
(-0.0934953 -0.223962 0)
(-0.0696943 -0.175032 0)
(-0.0431577 -0.126672 0)
(-0.00733545 -0.110126 0)
(0.0224628 -0.0818 0)
(0.0259589 -0.0609335 0)
(0.0151713 -0.0353992 0)
(0.0233338 -0.00417598 0)
(0.0527433 0.0300654 0)
(0.0674484 0.0593287 0)
(0.083756 0.0943597 0)
(0.0731837 0.128498 0)
(0.0534989 0.137712 0)
(0.0552951 0.135956 0)
(0.0516756 0.131106 0)
(0.0393367 0.146221 0)
(0.0454905 0.167473 0)
(0.0607774 0.15783 0)
(0.042117 0.146332 0)
(0.0245392 0.108005 0)
(0.0146853 0.0774679 0)
(-0.00332704 0.0485482 0)
(-0.0266545 0.0296579 0)
(-0.0432707 0.00259604 0)
(-0.0518467 -0.0471549 0)
(-0.0649945 -0.0693005 0)
(-0.0973841 -0.0877076 0)
(-0.105292 -0.112882 0)
(-0.0779333 -0.0932002 0)
(-0.0521513 -0.093575 0)
(-0.0280574 -0.0931544 0)
(0.00699619 -0.0618177 0)
(0.0532667 -0.0431803 0)
(0.0783533 -0.0296903 0)
(0.0572505 -0.000940732 0)
(0.00492524 0.0561079 0)
(-0.0301022 0.0790937 0)
(-0.0452626 0.085228 0)
(-0.0505737 0.084483 0)
(-0.0555879 0.0754977 0)
(-0.0608776 0.0804792 0)
(-0.0481185 0.0682085 0)
(-0.0181386 0.0423346 0)
(0.0129948 0.0186308 0)
(0.039091 -0.00225455 0)
(0.0570617 -0.0143831 0)
(0.0679058 -0.0286588 0)
(0.0907017 -0.0301327 0)
(0.0926239 -0.0122826 0)
(0.0661965 0.0117513 0)
(0.0188899 0.0244758 0)
(-0.0319033 0.0319175 0)
(-0.0589527 0.0454598 0)
(-0.100227 0.0236975 0)
(-0.150684 0.0180064 0)
(-0.156885 0.0272901 0)
(-0.110013 0.0305592 0)
(-0.0573609 0.0191876 0)
(-0.0177536 0.00961652 0)
(-0.00749209 0.0598789 0)
(-0.0156787 0.142687 0)
(-0.00996581 0.188662 0)
(-0.00839792 0.202033 0)
(-0.0151638 0.192266 0)
(-0.00838975 0.1667 0)
(-0.00650484 0.112007 0)
(-0.00399279 0.0346402 0)
(0.0229689 -0.0312008 0)
(0.0546299 -0.0886152 0)
(0.0656205 -0.140344 0)
(0.0738584 -0.207722 0)
(0.0836961 -0.249314 0)
(0.0716059 -0.26785 0)
(0.0543908 -0.271635 0)
(0.0657801 -0.260453 0)
(0.0619019 -0.212975 0)
(0.0272335 -0.148046 0)
(0.0144358 -0.10181 0)
(0.0215739 -0.0658821 0)
(0.0194507 -0.0171136 0)
(-0.0198062 0.0143666 0)
(-0.073199 0.0646769 0)
(-0.110377 0.121483 0)
(-0.12524 0.195852 0)
(-0.120215 0.245373 0)
(-0.0866741 0.25716 0)
(-0.0355947 0.246778 0)
(0.000220986 0.238175 0)
(0.0146664 0.219672 0)
(0.0310867 0.18686 0)
(0.0524917 0.158092 0)
(0.052719 0.0902448 0)
(0.0475379 0.0222583 0)
(0.0180129 -0.0430888 0)
(-0.0248152 -0.117311 0)
(-0.0197083 -0.155555 0)
(-0.016182 -0.182011 0)
(-0.0322638 -0.212619 0)
(-0.0585763 -0.217856 0)
(-0.0839996 -0.209002 0)
(-0.0664061 -0.184399 0)
(-0.0348511 -0.13079 0)
(-0.0247594 -0.0936212 0)
(-0.00110265 -0.066784 0)
(0.0288972 -0.0392491 0)
(0.0304493 -0.0264757 0)
(0.0243634 -0.019293 0)
(0.0359233 0.00479574 0)
(0.0646336 0.0308948 0)
(0.0843435 0.0480194 0)
(0.0982265 0.0808294 0)
(0.0798039 0.0959698 0)
(0.0578364 0.111484 0)
(0.0545121 0.112491 0)
(0.0557947 0.10863 0)
(0.0594891 0.130282 0)
(0.0553183 0.166583 0)
(0.0468038 0.150925 0)
(0.0165446 0.112118 0)
(0.00162387 0.0727072 0)
(0.00252168 0.0495177 0)
(-0.00854967 0.0302667 0)
(-0.0351847 0.00690768 0)
(-0.0710106 -0.0151554 0)
(-0.0786244 -0.0607037 0)
(-0.0755796 -0.0833923 0)
(-0.0982022 -0.0987067 0)
(-0.0969499 -0.095022 0)
(-0.0809168 -0.0887501 0)
(-0.0610178 -0.0982083 0)
(-0.0079698 -0.0927596 0)
(0.0335175 -0.0647792 0)
(0.0600919 -0.0395588 0)
(0.0827452 -0.0201529 0)
(0.0828466 0.00524054 0)
(0.0327176 0.0456638 0)
(-0.0241822 0.0716699 0)
(-0.0494139 0.0873532 0)
(-0.0573476 0.0860445 0)
(-0.0563524 0.0717051 0)
(-0.0659782 0.0669862 0)
(-0.0622363 0.0499206 0)
(-0.031779 0.0287267 0)
(-0.00463018 0.00817289 0)
(0.025139 -0.0274434 0)
(0.0499448 -0.0457566 0)
(0.0629873 -0.0468792 0)
(0.0996897 -0.0435383 0)
(0.113905 -0.0268132 0)
(0.0819158 -0.00598187 0)
(0.02979 0.0118867 0)
(-0.0230326 0.0357057 0)
(-0.0701898 0.034868 0)
(-0.116903 0.0128166 0)
(-0.145298 0.0104689 0)
(-0.14559 0.021204 0)
(-0.109462 0.027269 0)
(-0.0622576 0.0164403 0)
(-0.0241151 0.00480149 0)
(-0.00910278 0.0578814 0)
(-0.0243651 0.135858 0)
(-0.0313016 0.183337 0)
(-0.0355786 0.194398 0)
(-0.043863 0.189181 0)
(-0.0490489 0.164545 0)
(-0.0618895 0.118385 0)
(-0.0562207 0.0615476 0)
(-0.0228398 0.00375826 0)
(0.0144462 -0.0617786 0)
(0.0278183 -0.11401 0)
(0.032181 -0.170556 0)
(0.0489823 -0.229966 0)
(0.056395 -0.267006 0)
(0.0614517 -0.271851 0)
(0.0847398 -0.243503 0)
(0.0940808 -0.209029 0)
(0.0597107 -0.157912 0)
(0.0322426 -0.111217 0)
(0.0437807 -0.080499 0)
(0.0454538 -0.0493692 0)
(0.00127751 -0.00583506 0)
(-0.043704 0.0457943 0)
(-0.0652382 0.113427 0)
(-0.0766972 0.177059 0)
(-0.0980649 0.235065 0)
(-0.0943859 0.251548 0)
(-0.0461722 0.241486 0)
(-0.011801 0.225411 0)
(0.00269502 0.196457 0)
(0.031563 0.17543 0)
(0.0300134 0.145876 0)
(0.00557749 0.0777246 0)
(0.0063434 0.020886 0)
(-0.018281 -0.0457758 0)
(-0.050666 -0.102623 0)
(-0.0341249 -0.130329 0)
(-0.0270626 -0.146766 0)
(-0.038412 -0.159536 0)
(-0.0535904 -0.164438 0)
(-0.0704087 -0.153827 0)
(-0.0410529 -0.131618 0)
(-0.011851 -0.0859573 0)
(-0.00803906 -0.0523341 0)
(0.0185161 -0.0165932 0)
(0.0366236 -0.00172856 0)
(0.0245736 0.000365723 0)
(0.0222126 0.00727657 0)
(0.0449968 0.0275961 0)
(0.070521 0.0369853 0)
(0.0918298 0.0322967 0)
(0.108687 0.0523036 0)
(0.0876459 0.0628448 0)
(0.0599644 0.0849366 0)
(0.0499677 0.0919207 0)
(0.0639643 0.093129 0)
(0.0835092 0.104714 0)
(0.0644349 0.126823 0)
(0.0264844 0.114771 0)
(-0.00795115 0.0887399 0)
(-0.0127457 0.0641281 0)
(-0.00694504 0.0313074 0)
(-0.0247615 0.00453966 0)
(-0.0503407 -0.0283551 0)
(-0.0839153 -0.0449072 0)
(-0.0939898 -0.0527944 0)
(-0.0862769 -0.0742556 0)
(-0.100913 -0.0952115 0)
(-0.0947852 -0.0886401 0)
(-0.0790377 -0.0864514 0)
(-0.0558103 -0.0865291 0)
(-0.00601798 -0.0849429 0)
(0.0419865 -0.0768674 0)
(0.0807163 -0.0472532 0)
(0.105124 -0.0199176 0)
(0.0991386 0.00677149 0)
(0.0473912 0.0358411 0)
(-0.0052818 0.0705452 0)
(-0.0396381 0.091654 0)
(-0.0658826 0.0896791 0)
(-0.0720995 0.0738525 0)
(-0.0780116 0.0567215 0)
(-0.0759907 0.043658 0)
(-0.0472956 0.013665 0)
(-0.0256777 -0.0164998 0)
(0.00287198 -0.049045 0)
(0.0466514 -0.0732463 0)
(0.0734529 -0.0641944 0)
(0.108987 -0.0524474 0)
(0.123015 -0.0461539 0)
(0.0964244 -0.0254125 0)
(0.0502466 -0.0055323 0)
(-0.0152153 0.0173911 0)
(-0.0765527 0.0238828 0)
(-0.119007 0.0199353 0)
(-0.144889 0.0140496 0)
(-0.143922 0.00773687 0)
(-0.111411 0.00425332 0)
(-0.0694744 -0.000386666 0)
(-0.0243537 -0.00194353 0)
(-0.0135821 0.0561045 0)
(-0.0333606 0.119771 0)
(-0.0468468 0.162545 0)
(-0.060784 0.180602 0)
(-0.0757881 0.174432 0)
(-0.0853254 0.149272 0)
(-0.0968198 0.12693 0)
(-0.0955027 0.090145 0)
(-0.0700727 0.0362491 0)
(-0.0315628 -0.0313239 0)
(-0.0129566 -0.100955 0)
(-0.0104277 -0.14873 0)
(0.0122086 -0.203303 0)
(0.0379152 -0.229535 0)
(0.0660179 -0.237601 0)
(0.103463 -0.221038 0)
(0.113692 -0.208994 0)
(0.0858544 -0.174356 0)
(0.0565684 -0.121188 0)
(0.0515532 -0.0784824 0)
(0.0589727 -0.0519749 0)
(0.0357182 0.00135405 0)
(0.00171933 0.0383984 0)
(-0.0243086 0.0964244 0)
(-0.0433823 0.148168 0)
(-0.0697254 0.183428 0)
(-0.0826188 0.223743 0)
(-0.051679 0.225203 0)
(-0.0259347 0.211484 0)
(-0.0114903 0.190831 0)
(0.00772664 0.163162 0)
(-0.00291215 0.106084 0)
(-0.0209717 0.0603692 0)
(-0.0242646 0.0251148 0)
(-0.0540717 -0.0349534 0)
(-0.0696066 -0.0780452 0)
(-0.0371305 -0.0966921 0)
(-0.0257933 -0.118698 0)
(-0.0371557 -0.123175 0)
(-0.0503418 -0.109185 0)
(-0.0599023 -0.085832 0)
(-0.0203459 -0.0572451 0)
(0.0162739 -0.0336824 0)
(0.0163664 -0.00164836 0)
(0.024215 0.0297104 0)
(0.028157 0.0337828 0)
(0.0232079 0.0252229 0)
(0.0304813 0.0400899 0)
(0.0443696 0.054527 0)
(0.0556759 0.0454493 0)
(0.0845788 0.029009 0)
(0.111366 0.0286803 0)
(0.0964163 0.0376697 0)
(0.0739242 0.0616259 0)
(0.0574067 0.0759078 0)
(0.0642328 0.0845308 0)
(0.0853888 0.0708064 0)
(0.0657991 0.0684687 0)
(0.0236498 0.0658258 0)
(-0.0143517 0.061293 0)
(-0.0331131 0.0488881 0)
(-0.0330477 0.0054008 0)
(-0.0438516 -0.0225053 0)
(-0.063083 -0.0486553 0)
(-0.0810281 -0.0593244 0)
(-0.0931104 -0.0465769 0)
(-0.100831 -0.0695945 0)
(-0.104235 -0.0893955 0)
(-0.0875291 -0.0785268 0)
(-0.07804 -0.0740122 0)
(-0.0602379 -0.0802031 0)
(-0.00274735 -0.0883437 0)
(0.0579967 -0.0770154 0)
(0.0976676 -0.0432687 0)
(0.117455 -0.0173423 0)
(0.1185 0.0058643 0)
(0.0743144 0.0410993 0)
(0.011962 0.072978 0)
(-0.0395442 0.084558 0)
(-0.073716 0.0806465 0)
(-0.0827942 0.0728262 0)
(-0.0892418 0.051474 0)
(-0.0938095 0.027557 0)
(-0.0748543 0.00310536 0)
(-0.048662 -0.0375265 0)
(-0.0138116 -0.0599434 0)
(0.0419962 -0.0759898 0)
(0.0815741 -0.0745913 0)
(0.116039 -0.0645661 0)
(0.136394 -0.0566348 0)
(0.113748 -0.0336249 0)
(0.0625429 -0.0202441 0)
(-0.00069813 -0.00331061 0)
(-0.0679503 0.0153499 0)
(-0.123795 0.0190198 0)
(-0.153671 0.00408045 0)
(-0.151759 -0.0105862 0)
(-0.113993 -0.0195982 0)
(-0.0653279 -0.0141514 0)
(-0.0219343 -0.00575838 0)
(-0.0201433 0.0423034 0)
(-0.0461016 0.102414 0)
(-0.0592427 0.138319 0)
(-0.0789327 0.153755 0)
(-0.103135 0.15885 0)
(-0.108055 0.140293 0)
(-0.120331 0.125045 0)
(-0.131301 0.0966947 0)
(-0.116149 0.0546673 0)
(-0.0878373 -0.00519232 0)
(-0.0588213 -0.0702252 0)
(-0.0435237 -0.122153 0)
(-0.011964 -0.160643 0)
(0.0279017 -0.184017 0)
(0.0623066 -0.194044 0)
(0.0981649 -0.191688 0)
(0.118737 -0.199764 0)
(0.112914 -0.178844 0)
(0.0902127 -0.12576 0)
(0.0816092 -0.0821723 0)
(0.0912283 -0.0417166 0)
(0.0556034 0.00346246 0)
(0.0155048 0.0357402 0)
(0.0067626 0.0764552 0)
(-0.0189843 0.124211 0)
(-0.0459333 0.145227 0)
(-0.0640196 0.185768 0)
(-0.0523071 0.195765 0)
(-0.0309681 0.190405 0)
(-0.0236721 0.160844 0)
(-0.0188837 0.126351 0)
(-0.0315317 0.0879658 0)
(-0.038445 0.0642238 0)
(-0.0475724 0.0309408 0)
(-0.0781808 -0.0213401 0)
(-0.0812156 -0.0558785 0)
(-0.051097 -0.0622353 0)
(-0.0362297 -0.094004 0)
(-0.0242252 -0.0879958 0)
(-0.02233 -0.0546731 0)
(-0.0318451 -0.013078 0)
(-0.00558682 0.0201644 0)
(0.0232559 0.0223492 0)
(0.0303917 0.0432769 0)
(0.0345361 0.0658468 0)
(0.0220237 0.064994 0)
(0.0172154 0.0632095 0)
(0.0316083 0.0707457 0)
(0.0371238 0.0678765 0)
(0.0407184 0.0446724 0)
(0.0696073 0.0250631 0)
(0.106611 0.0224268 0)
(0.105104 0.0318038 0)
(0.0831435 0.0490939 0)
(0.0637824 0.0496768 0)
(0.0591077 0.0541071 0)
(0.0724614 0.0457428 0)
(0.0632876 0.0272094 0)
(0.0252972 0.0230006 0)
(-0.0149826 0.0168111 0)
(-0.0473845 0.00463505 0)
(-0.0522901 -0.0223208 0)
(-0.0570362 -0.0376022 0)
(-0.0699891 -0.0548386 0)
(-0.0753596 -0.0622689 0)
(-0.0952229 -0.0500623 0)
(-0.112417 -0.0649614 0)
(-0.103322 -0.0679306 0)
(-0.0806496 -0.0649365 0)
(-0.078859 -0.0732113 0)
(-0.0663494 -0.0699788 0)
(-0.00500378 -0.0741013 0)
(0.0726364 -0.0740263 0)
(0.121171 -0.0481036 0)
(0.137187 -0.0182139 0)
(0.137719 0.00964018 0)
(0.0923391 0.0333508 0)
(0.0225589 0.0677849 0)
(-0.0375738 0.0798773 0)
(-0.0773444 0.0744165 0)
(-0.0955085 0.0626219 0)
(-0.112305 0.0427465 0)
(-0.111602 0.00965568 0)
(-0.094291 -0.0138731 0)
(-0.0703875 -0.0469937 0)
(-0.023143 -0.0585786 0)
(0.0385515 -0.0699884 0)
(0.0846928 -0.0824659 0)
(0.124973 -0.0728614 0)
(0.148303 -0.0593988 0)
(0.125359 -0.0394606 0)
(0.0743326 -0.0281935 0)
(0.0124507 -0.0149335 0)
(-0.0587906 -0.00866741 0)
(-0.125935 -0.000958601 0)
(-0.165189 -0.0169033 0)
(-0.159858 -0.0288268 0)
(-0.113054 -0.0211821 0)
(-0.0601576 -0.0142038 0)
(-0.0159908 -0.00321043 0)
(-0.016828 0.0272029 0)
(-0.04579 0.0821766 0)
(-0.0708582 0.111021 0)
(-0.090643 0.121026 0)
(-0.117481 0.131766 0)
(-0.131813 0.137944 0)
(-0.142846 0.121574 0)
(-0.155667 0.100438 0)
(-0.149636 0.0633316 0)
(-0.125776 0.0226994 0)
(-0.100323 -0.0357332 0)
(-0.0782738 -0.0885489 0)
(-0.0354151 -0.110976 0)
(0.00990403 -0.134282 0)
(0.0552993 -0.149975 0)
(0.0924654 -0.156238 0)
(0.114746 -0.169821 0)
(0.130566 -0.162514 0)
(0.117051 -0.11861 0)
(0.102356 -0.0768484 0)
(0.111099 -0.0488537 0)
(0.0825325 -0.0340904 0)
(0.0464736 0.00461157 0)
(0.0335168 0.0490249 0)
(0.00204603 0.101006 0)
(-0.0272 0.13786 0)
(-0.045571 0.164221 0)
(-0.0456436 0.176409 0)
(-0.0462605 0.168175 0)
(-0.0506652 0.130728 0)
(-0.0356675 0.0947243 0)
(-0.0365813 0.0750289 0)
(-0.0496479 0.0674834 0)
(-0.0733601 0.028253 0)
(-0.104255 -0.0170261 0)
(-0.0869208 -0.0391603 0)
(-0.0539884 -0.0404311 0)
(-0.0357172 -0.0567524 0)
(-0.0018061 -0.0350927 0)
(0.00833441 -0.00206693 0)
(-0.00419044 0.0419725 0)
(0.00359522 0.0690697 0)
(0.0286313 0.067822 0)
(0.0415623 0.0837147 0)
(0.0316961 0.0967776 0)
(0.0165176 0.088861 0)
(0.0170166 0.0900076 0)
(0.0232481 0.0888539 0)
(0.0147328 0.0791533 0)
(0.0143296 0.0529576 0)
(0.0593021 0.0317101 0)
(0.108635 0.0207608 0)
(0.109791 0.0225992 0)
(0.0824403 0.0314721 0)
(0.058162 0.0217358 0)
(0.0601265 0.0240433 0)
(0.0660746 0.019304 0)
(0.0511179 -0.00964183 0)
(0.0194642 -0.019986 0)
(-0.0231893 -0.0243574 0)
(-0.0562761 -0.0349428 0)
(-0.0578496 -0.0451095 0)
(-0.0611834 -0.0569076 0)
(-0.0746414 -0.054962 0)
(-0.0712443 -0.0662586 0)
(-0.0894028 -0.061493 0)
(-0.109104 -0.0537759 0)
(-0.100361 -0.0418307 0)
(-0.0886996 -0.0473196 0)
(-0.0802489 -0.0656401 0)
(-0.0606098 -0.0621712 0)
(-0.00658934 -0.0583161 0)
(0.0752331 -0.0605426 0)
(0.136006 -0.0468389 0)
(0.156629 -0.0303115 0)
(0.152807 -0.00748166 0)
(0.113404 0.0161086 0)
(0.0427025 0.0608655 0)
(-0.0377243 0.0713046 0)
(-0.0888695 0.0664465 0)
(-0.107829 0.0500772 0)
(-0.129145 0.0382361 0)
(-0.13559 0.0140688 0)
(-0.115883 -0.015895 0)
(-0.0802194 -0.0445785 0)
(-0.0288444 -0.0538542 0)
(0.0267098 -0.068076 0)
(0.0819717 -0.0862421 0)
(0.135583 -0.076855 0)
(0.16348 -0.0625744 0)
(0.139094 -0.0478432 0)
(0.0828484 -0.0336744 0)
(0.0158604 -0.0277713 0)
(-0.0554475 -0.0352708 0)
(-0.127522 -0.0240424 0)
(-0.171765 -0.0284264 0)
(-0.152718 -0.0325701 0)
(-0.101998 -0.0148016 0)
(-0.0533834 -0.00999299 0)
(-0.016036 0.0020701 0)
(-0.0151863 0.0226686 0)
(-0.0476297 0.0581416 0)
(-0.079119 0.076482 0)
(-0.0995231 0.0890529 0)
(-0.116426 0.0981169 0)
(-0.13338 0.120811 0)
(-0.15974 0.115443 0)
(-0.181588 0.106615 0)
(-0.177794 0.0770564 0)
(-0.163365 0.0411069 0)
(-0.142494 -0.0138042 0)
(-0.100704 -0.0494492 0)
(-0.0480359 -0.0641115 0)
(-0.00423308 -0.0846635 0)
(0.0414478 -0.0923037 0)
(0.0775357 -0.107031 0)
(0.106856 -0.130557 0)
(0.142299 -0.13381 0)
(0.144258 -0.115977 0)
(0.123685 -0.0802153 0)
(0.11362 -0.0585348 0)
(0.0864827 -0.0520374 0)
(0.0692297 -0.0165206 0)
(0.0716851 0.02698 0)
(0.0421477 0.0799647 0)
(-0.00160501 0.119916 0)
(-0.0356076 0.13715 0)
(-0.04702 0.138142 0)
(-0.0598777 0.124376 0)
(-0.0708315 0.112272 0)
(-0.0510767 0.0896169 0)
(-0.0412606 0.0606593 0)
(-0.0614785 0.0372035 0)
(-0.0978522 0.00960986 0)
(-0.115997 -0.00925143 0)
(-0.0873906 -0.0141108 0)
(-0.054288 -0.0261078 0)
(-0.0243418 -0.0166542 0)
(0.0217899 0.020703 0)
(0.0377484 0.0516797 0)
(0.0213971 0.0892526 0)
(0.0119407 0.0984441 0)
(0.0303198 0.098337 0)
(0.0460456 0.0967153 0)
(0.0311153 0.0989334 0)
(0.0086802 0.101179 0)
(0.0081083 0.0966024 0)
(0.0142098 0.0940515 0)
(0.00139719 0.0841445 0)
(-0.00304517 0.0703586 0)
(0.0378324 0.0496798 0)
(0.0928625 0.0259249 0)
(0.107197 0.0146946 0)
(0.0781479 0.011853 0)
(0.0554742 -0.00357115 0)
(0.0560206 -0.00657776 0)
(0.0479127 -0.0280412 0)
(0.0360513 -0.0563291 0)
(0.0174247 -0.0591848 0)
(-0.0219273 -0.0615045 0)
(-0.0577174 -0.0645887 0)
(-0.0629062 -0.0570066 0)
(-0.0584204 -0.0630578 0)
(-0.0709643 -0.0567719 0)
(-0.0744945 -0.0623867 0)
(-0.0808586 -0.0636053 0)
(-0.0934684 -0.0422303 0)
(-0.0949492 -0.0274758 0)
(-0.0955165 -0.0286576 0)
(-0.0881907 -0.0421763 0)
(-0.0604333 -0.0508055 0)
(-0.00428011 -0.0522985 0)
(0.0797068 -0.0508441 0)
(0.141295 -0.0465179 0)
(0.163481 -0.0393778 0)
(0.168885 -0.018935 0)
(0.139532 -0.00206684 0)
(0.0602003 0.033497 0)
(-0.0361031 0.0498852 0)
(-0.0951165 0.0594557 0)
(-0.117828 0.0536015 0)
(-0.139699 0.0410194 0)
(-0.151635 0.020156 0)
(-0.136976 -0.00586471 0)
(-0.0972495 -0.0335847 0)
(-0.0388511 -0.0449581 0)
(0.0167145 -0.0629361 0)
(0.0805054 -0.0817779 0)
(0.144827 -0.0771437 0)
(0.172192 -0.0545913 0)
(0.149236 -0.0517288 0)
(0.0918052 -0.0402557 0)
(0.0141339 -0.0469418 0)
(-0.0529777 -0.0525482 0)
(-0.117584 -0.0282035 0)
(-0.167983 -0.0189908 0)
(-0.146542 -0.0204189 0)
(-0.0940991 -0.0106648 0)
(-0.0477429 -0.00564609 0)
(-0.0143704 -0.00376695 0)
(-0.0159765 0.0141469 0)
(-0.0508103 0.0263656 0)
(-0.0821041 0.037783 0)
(-0.100124 0.0657162 0)
(-0.112599 0.0771592 0)
(-0.132075 0.0936697 0)
(-0.162098 0.0906695 0)
(-0.189647 0.0890129 0)
(-0.201486 0.0766345 0)
(-0.195045 0.0506448 0)
(-0.168858 0.0315844 0)
(-0.117281 0.014128 0)
(-0.063833 -0.0155335 0)
(-0.0141616 -0.0417106 0)
(0.0345386 -0.0500196 0)
(0.0590083 -0.0627344 0)
(0.0887905 -0.0785979 0)
(0.13427 -0.0884051 0)
(0.148953 -0.0990102 0)
(0.136916 -0.0870216 0)
(0.124319 -0.0701702 0)
(0.106466 -0.0590601 0)
(0.098502 -0.0131945 0)
(0.0995962 0.0204545 0)
(0.0670008 0.0582626 0)
(0.0131764 0.0830985 0)
(-0.0319751 0.093882 0)
(-0.0528951 0.0952984 0)
(-0.0612034 0.0862083 0)
(-0.0703138 0.0889351 0)
(-0.0660855 0.0717149 0)
(-0.0662721 0.0359692 0)
(-0.0774152 0.00184913 0)
(-0.0972916 -0.0105611 0)
(-0.111517 -0.00641843 0)
(-0.0896935 0.00322814 0)
(-0.0472807 -0.00725564 0)
(0.00581207 0.0298101 0)
(0.0537462 0.0793309 0)
(0.0620192 0.105426 0)
(0.0313484 0.115564 0)
(0.00932059 0.108869 0)
(0.0244291 0.104029 0)
(0.0373165 0.0898176 0)
(0.0288351 0.0927297 0)
(0.00754263 0.103805 0)
(0.00376417 0.0965488 0)
(0.00570044 0.0901301 0)
(-0.0110871 0.0800443 0)
(-0.0190801 0.0790041 0)
(0.0192002 0.0543332 0)
(0.0763814 0.0272652 0)
(0.094028 0.00863174 0)
(0.0648633 -0.0134346 0)
(0.041832 -0.028799 0)
(0.0407643 -0.0474946 0)
(0.0295146 -0.0724394 0)
(0.0295596 -0.0790521 0)
(0.0181967 -0.076661 0)
(-0.0235976 -0.0861927 0)
(-0.0485843 -0.0888212 0)
(-0.0517567 -0.0734323 0)
(-0.0557138 -0.0669178 0)
(-0.0687775 -0.0539741 0)
(-0.0710712 -0.0506497 0)
(-0.0697818 -0.0514595 0)
(-0.0783293 -0.0343826 0)
(-0.0869199 -0.0206076 0)
(-0.0969054 -0.0148626 0)
(-0.0948514 -0.0234571 0)
(-0.0673016 -0.0317925 0)
(-0.00675809 -0.0427325 0)
(0.0785406 -0.0358544 0)
(0.142822 -0.0492974 0)
(0.174788 -0.0383341 0)
(0.177796 -0.0246852 0)
(0.149379 -0.0247654 0)
(0.0783817 0.00154633 0)
(-0.0209315 0.0374329 0)
(-0.0880616 0.0564838 0)
(-0.12283 0.0607649 0)
(-0.154629 0.0450893 0)
(-0.170367 0.0306454 0)
(-0.155115 0.0103967 0)
(-0.108131 -0.0174809 0)
(-0.0491015 -0.0421737 0)
(0.00137852 -0.0629835 0)
(0.0736088 -0.0722636 0)
(0.157936 -0.0658819 0)
(0.184773 -0.0621331 0)
(0.152482 -0.0567254 0)
(0.0894951 -0.046746 0)
(0.0102971 -0.0496732 0)
(-0.0377715 -0.0474503 0)
(-0.098492 -0.0160787 0)
(-0.161303 -0.00244584 0)
(-0.141772 0.00495537 0)
(-0.0869128 0.00191126 0)
(-0.046012 0.00576054 0)
(-0.0111448 -0.00546936 0)
(-0.0199939 0.000198335 0)
(-0.0544496 -0.00583565 0)
(-0.0685952 0.0024439 0)
(-0.0846025 0.0378961 0)
(-0.106296 0.0549279 0)
(-0.130926 0.0631849 0)
(-0.16835 0.0683689 0)
(-0.195422 0.065103 0)
(-0.208426 0.0703226 0)
(-0.198336 0.0661725 0)
(-0.171058 0.0706456 0)
(-0.13729 0.0597945 0)
(-0.0915341 0.0335226 0)
(-0.0327122 0.014444 0)
(0.022096 -0.00853013 0)
(0.051856 -0.0229279 0)
(0.0826206 -0.0211125 0)
(0.121387 -0.04089 0)
(0.139036 -0.0662026 0)
(0.138563 -0.0868269 0)
(0.128038 -0.0818464 0)
(0.122703 -0.0559577 0)
(0.122768 -0.0138164 0)
(0.120302 0.010125 0)
(0.0855158 0.0304727 0)
(0.0233109 0.0459542 0)
(-0.0263576 0.0536711 0)
(-0.0507556 0.0617822 0)
(-0.0610214 0.0663016 0)
(-0.0764041 0.0660508 0)
(-0.0835521 0.0410284 0)
(-0.0850229 0.0106954 0)
(-0.0872639 -0.0213784 0)
(-0.0950653 -0.0298878 0)
(-0.0969732 -0.0101178 0)
(-0.079535 0.0114001 0)
(-0.0271015 0.0267799 0)
(0.0457621 0.0690743 0)
(0.0823188 0.0984177 0)
(0.0675934 0.12055 0)
(0.0252883 0.131029 0)
(0.00295897 0.12093 0)
(0.0140329 0.100709 0)
(0.0338471 0.0898747 0)
(0.0361333 0.0949306 0)
(0.00513319 0.0926943 0)
(-0.00906962 0.0823107 0)
(-0.00548038 0.0767394 0)
(-0.0144333 0.0771342 0)
(-0.0293733 0.0763758 0)
(-0.00711243 0.0519412 0)
(0.0531354 0.0112625 0)
(0.0721373 -0.016822 0)
(0.0466406 -0.0419512 0)
(0.0276986 -0.0530646 0)
(0.0225017 -0.0727526 0)
(0.024572 -0.0996608 0)
(0.0340436 -0.100123 0)
(0.0143943 -0.0919932 0)
(-0.0276782 -0.0918897 0)
(-0.044363 -0.0977038 0)
(-0.0422631 -0.0889901 0)
(-0.0392399 -0.0724045 0)
(-0.0540281 -0.052717 0)
(-0.0677951 -0.0346103 0)
(-0.0643773 -0.0337717 0)
(-0.0667718 -0.0268894 0)
(-0.0772378 -0.0188274 0)
(-0.0950102 -0.0160971 0)
(-0.0988552 -0.013872 0)
(-0.0736559 -0.0157417 0)
(-0.00712061 -0.0256184 0)
(0.0742928 -0.0223545 0)
(0.13826 -0.0343349 0)
(0.179879 -0.0336144 0)
(0.176833 -0.0379209 0)
(0.156628 -0.0329439 0)
(0.103746 -0.0160993 0)
(0.00225936 0.0228009 0)
(-0.0797047 0.0475791 0)
(-0.127557 0.0596457 0)
(-0.162729 0.0462936 0)
(-0.177518 0.0416841 0)
(-0.172216 0.0277031 0)
(-0.135253 -0.00308765 0)
(-0.0711878 -0.0359703 0)
(-0.0038624 -0.0509503 0)
(0.0803087 -0.0492771 0)
(0.154571 -0.0497183 0)
(0.181579 -0.0702996 0)
(0.163596 -0.063613 0)
(0.100494 -0.0480148 0)
(0.01767 -0.0305507 0)
(-0.0235697 -0.0170311 0)
(-0.0790574 -0.00233641 0)
(-0.146356 0.00436004 0)
(-0.136617 0.0250563 0)
(-0.0866986 0.0246789 0)
(-0.0472789 0.0136966 0)
(-0.0114915 -0.0021995 0)
(-0.0208035 -0.0158609 0)
(-0.0504769 -0.0259678 0)
(-0.0520312 -0.0184665 0)
(-0.0637923 0.0017318 0)
(-0.0960215 0.0240211 0)
(-0.1238 0.025584 0)
(-0.161907 0.0324762 0)
(-0.18917 0.0509554 0)
(-0.201579 0.0718727 0)
(-0.195799 0.0850259 0)
(-0.174829 0.0881802 0)
(-0.146294 0.0787805 0)
(-0.0994366 0.0734627 0)
(-0.0479416 0.0674242 0)
(0.00358806 0.0520511 0)
(0.0457106 0.034948 0)
(0.0710461 0.021358 0)
(0.0962132 -0.00600561 0)
(0.110068 -0.0419937 0)
(0.120287 -0.074596 0)
(0.142079 -0.0816895 0)
(0.151949 -0.0535933 0)
(0.143167 -0.0248807 0)
(0.129052 0.00143321 0)
(0.0912366 0.00252396 0)
(0.0292816 0.0169596 0)
(-0.0200136 0.0271674 0)
(-0.0419373 0.0312374 0)
(-0.0550317 0.0284805 0)
(-0.0845514 0.0199581 0)
(-0.101249 0.0112041 0)
(-0.105617 -0.00619782 0)
(-0.0999647 -0.0266216 0)
(-0.0812813 -0.0341321 0)
(-0.073337 -0.0117552 0)
(-0.0550187 0.0143803 0)
(0.00203072 0.053757 0)
(0.064415 0.07945 0)
(0.0962626 0.0745645 0)
(0.089186 0.0931742 0)
(0.0332008 0.121942 0)
(-0.0130649 0.143002 0)
(-0.000123236 0.12676 0)
(0.0298421 0.104717 0)
(0.0263618 0.0827806 0)
(-0.00736069 0.0627341 0)
(-0.0143855 0.0569885 0)
(-0.00501062 0.069454 0)
(-0.0184304 0.0717443 0)
(-0.0445427 0.0514423 0)
(-0.0351902 0.0295678 0)
(0.0199882 -0.00531875 0)
(0.0499622 -0.0448656 0)
(0.0343342 -0.0643631 0)
(0.0164721 -0.0836313 0)
(0.00501449 -0.0995868 0)
(0.00912638 -0.11115 0)
(0.0361077 -0.118117 0)
(0.0262349 -0.10935 0)
(-0.024879 -0.103956 0)
(-0.042777 -0.104985 0)
(-0.0289216 -0.0899114 0)
(-0.024467 -0.0680606 0)
(-0.0362875 -0.0456618 0)
(-0.0525259 -0.0163429 0)
(-0.0597676 -0.0199016 0)
(-0.0634486 -0.0187194 0)
(-0.0756723 -0.014644 0)
(-0.0906287 -0.0189869 0)
(-0.0926961 -0.010611 0)
(-0.0748038 -0.0083349 0)
(-0.0112255 -0.00846652 0)
(0.0718427 -0.0221475 0)
(0.13366 -0.0211403 0)
(0.170791 -0.0377557 0)
(0.176588 -0.0468502 0)
(0.16353 -0.0298132 0)
(0.117432 -0.0204549 0)
(0.0240488 0.0054056 0)
(-0.0625899 0.0377479 0)
(-0.125071 0.0613641 0)
(-0.168731 0.051474 0)
(-0.184485 0.0453641 0)
(-0.188016 0.0348677 0)
(-0.154462 0.0178228 0)
(-0.0833533 -0.00672745 0)
(-0.00702928 -0.0185539 0)
(0.0763145 -0.0325718 0)
(0.144706 -0.0454125 0)
(0.177243 -0.0512067 0)
(0.172078 -0.0525006 0)
(0.117636 -0.0427805 0)
(0.0376574 -0.0252698 0)
(-0.0115524 -0.00961873 0)
(-0.0762476 0.00356231 0)
(-0.133485 0.0224835 0)
(-0.117958 0.039 0)
(-0.0853277 0.0398631 0)
(-0.0552761 0.0148008 0)
(-0.00978188 0.00704267 0)
(-0.0141767 -0.0244759 0)
(-0.0347313 -0.0424661 0)
(-0.0343006 -0.0365707 0)
(-0.0440741 -0.0319429 0)
(-0.0824571 -0.0140832 0)
(-0.120433 -0.00915143 0)
(-0.146876 -0.00469252 0)
(-0.16476 0.029594 0)
(-0.182609 0.059406 0)
(-0.186388 0.0853724 0)
(-0.17642 0.0966377 0)
(-0.149546 0.110402 0)
(-0.101927 0.110479 0)
(-0.0510456 0.103026 0)
(-0.00485283 0.0955164 0)
(0.0258168 0.0856334 0)
(0.0487259 0.0548647 0)
(0.0708164 0.0288518 0)
(0.084525 -0.0187865 0)
(0.10534 -0.0528691 0)
(0.13963 -0.0738672 0)
(0.160956 -0.0638479 0)
(0.160196 -0.0500202 0)
(0.138058 -0.0165174 0)
(0.0953224 -0.0161565 0)
(0.0407361 -0.00906335 0)
(-0.0155314 -0.00723159 0)
(-0.0483641 -0.00881889 0)
(-0.0667578 -0.0149598 0)
(-0.0854367 -0.0247014 0)
(-0.0980755 -0.0183401 0)
(-0.107224 -0.0302821 0)
(-0.101483 -0.0319856 0)
(-0.0773518 -0.0362558 0)
(-0.0543472 -0.0156122 0)
(-0.0245516 0.0161752 0)
(0.0270913 0.0482638 0)
(0.0666341 0.0707674 0)
(0.0969312 0.064547 0)
(0.105675 0.0660461 0)
(0.063738 0.088182 0)
(0.00679834 0.134054 0)
(-0.0153388 0.136477 0)
(-0.00115384 0.0980426 0)
(0.0013049 0.0571455 0)
(-0.0188784 0.0367886 0)
(-0.0100085 0.0474214 0)
(-0.00105686 0.0582299 0)
(-0.034347 0.0465279 0)
(-0.0669956 0.0300934 0)
(-0.0551114 0.0107892 0)
(-0.00725184 -0.0227501 0)
(0.0238905 -0.0692636 0)
(0.0143006 -0.0932384 0)
(-0.000923311 -0.119727 0)
(0.000721703 -0.123297 0)
(0.0105847 -0.112863 0)
(0.0361447 -0.116927 0)
(0.026632 -0.116931 0)
(-0.021729 -0.113832 0)
(-0.0305487 -0.10186 0)
(-0.0110691 -0.0782312 0)
(-0.00230756 -0.0597783 0)
(-0.0114603 -0.0358041 0)
(-0.0443696 -0.00557766 0)
(-0.06188 -0.00548774 0)
(-0.0590592 -0.00578113 0)
(-0.0741146 -0.0152513 0)
(-0.0893469 -0.0159297 0)
(-0.0890069 -0.00047866 0)
(-0.0707694 0.00403776 0)
(-0.0166628 0.00207984 0)
(0.064936 -0.0162263 0)
(0.126167 -0.0136215 0)
(0.159881 -0.0375536 0)
(0.181221 -0.0512554 0)
(0.174359 -0.0338951 0)
(0.127877 -0.0106593 0)
(0.0433375 0.00468096 0)
(-0.040109 0.0279002 0)
(-0.118745 0.0503266 0)
(-0.175427 0.0562322 0)
(-0.190263 0.0507736 0)
(-0.192574 0.0351079 0)
(-0.165505 0.0343078 0)
(-0.0971632 0.0205858 0)
(-0.0216533 0.000279359 0)
(0.0622228 -0.0202227 0)
(0.143013 -0.0335344 0)
(0.179053 -0.028354 0)
(0.173114 -0.0316294 0)
(0.124605 -0.0346597 0)
(0.0470772 -0.0278487 0)
(0.00379164 -0.0134926 0)
(-0.0479197 0.0119064 0)
(-0.111129 0.0464134 0)
(-0.112738 0.0492452 0)
(-0.0911526 0.0365838 0)
(-0.0556305 0.0274514 0)
(-0.00990798 0.0181275 0)
(-0.00996191 -0.0298683 0)
(-0.0186938 -0.0585576 0)
(-0.0160138 -0.0617431 0)
(-0.0273162 -0.0660663 0)
(-0.065166 -0.0557464 0)
(-0.107042 -0.0436399 0)
(-0.126742 -0.0236809 0)
(-0.137799 0.0116609 0)
(-0.15822 0.0412046 0)
(-0.16756 0.0746199 0)
(-0.156718 0.102254 0)
(-0.137302 0.132626 0)
(-0.10672 0.151236 0)
(-0.0613006 0.143738 0)
(-0.0119107 0.133677 0)
(0.0128741 0.11195 0)
(0.026211 0.0808501 0)
(0.0389189 0.0490002 0)
(0.0468613 0.00752611 0)
(0.0767651 -0.034821 0)
(0.13116 -0.0629495 0)
(0.166901 -0.0539729 0)
(0.175745 -0.0541945 0)
(0.152193 -0.0531014 0)
(0.0955342 -0.0578579 0)
(0.0353462 -0.0442105 0)
(-0.0195443 -0.0422637 0)
(-0.0464586 -0.0424668 0)
(-0.0646214 -0.0440263 0)
(-0.0840032 -0.054805 0)
(-0.101403 -0.0571814 0)
(-0.110867 -0.0516989 0)
(-0.0988758 -0.0523776 0)
(-0.0632541 -0.0518916 0)
(-0.0285276 -0.0314699 0)
(-0.00179797 0.0116745 0)
(0.0481279 0.0392193 0)
(0.0817514 0.0434376 0)
(0.0972851 0.0500932 0)
(0.10995 0.0434588 0)
(0.0852995 0.068607 0)
(0.0231291 0.0998799 0)
(-0.0273703 0.109566 0)
(-0.0306722 0.0768944 0)
(-0.0221634 0.030742 0)
(-0.0191202 0.0172792 0)
(-0.0041189 0.0343297 0)
(-0.0117812 0.0255805 0)
(-0.0455481 0.00721011 0)
(-0.0772603 0.00794472 0)
(-0.0802002 0.00698813 0)
(-0.0444757 -0.0294835 0)
(-0.00668672 -0.0766632 0)
(-0.00662763 -0.109574 0)
(-0.00839716 -0.134733 0)
(0.00845182 -0.134787 0)
(0.0133723 -0.126957 0)
(0.0338102 -0.117213 0)
(0.0302472 -0.113469 0)
(-0.0111458 -0.0998925 0)
(-0.0131978 -0.0790983 0)
(0.00598586 -0.0610548 0)
(0.0110576 -0.0539773 0)
(0.00805368 -0.0361774 0)
(-0.0257824 -0.00677625 0)
(-0.0556789 0.0118287 0)
(-0.0667567 0.00654854 0)
(-0.0797551 -0.00374574 0)
(-0.0769712 0.00392051 0)
(-0.0758629 0.0183902 0)
(-0.0714433 0.0205792 0)
(-0.0253154 0.018986 0)
(0.0604713 0.00486441 0)
(0.117576 -0.0117946 0)
(0.142227 -0.0312665 0)
(0.178003 -0.0477045 0)
(0.191846 -0.0258829 0)
(0.144135 -0.0059143 0)
(0.0507427 0.00577721 0)
(-0.0305615 0.0209986 0)
(-0.105545 0.0389622 0)
(-0.169402 0.0461902 0)
(-0.200653 0.0485381 0)
(-0.200361 0.0439727 0)
(-0.164962 0.0420809 0)
(-0.107771 0.0350323 0)
(-0.0359926 0.0173934 0)
(0.0529617 0.000364647 0)
(0.140757 -0.0111359 0)
(0.181279 -0.0122078 0)
(0.170804 -0.0124363 0)
(0.124672 -0.0244657 0)
(0.0585813 -0.0240845 0)
(0.0244025 -0.00686209 0)
(-0.0237909 0.0191905 0)
(-0.0955259 0.0501742 0)
(-0.112025 0.0552214 0)
(-0.0847201 0.0428247 0)
(-0.0474717 0.0416643 0)
(-0.0151023 0.0221941 0)
(-0.00279293 -0.0381232 0)
(-0.00222946 -0.0681249 0)
(0.000616772 -0.0784268 0)
(-0.0104181 -0.0861246 0)
(-0.044938 -0.0896103 0)
(-0.0820028 -0.0824776 0)
(-0.0960825 -0.057176 0)
(-0.110556 -0.0220975 0)
(-0.132613 0.024329 0)
(-0.139906 0.0720734 0)
(-0.133728 0.117366 0)
(-0.114582 0.149903 0)
(-0.0955296 0.185761 0)
(-0.0661597 0.187551 0)
(-0.0306414 0.166355 0)
(-0.0154998 0.117917 0)
(8.09108e-06 0.0908124 0)
(0.0145703 0.0635762 0)
(0.0206914 0.0344317 0)
(0.0514678 -0.010903 0)
(0.123659 -0.0439753 0)
(0.165693 -0.0402719 0)
(0.159365 -0.0463982 0)
(0.134181 -0.0874241 0)
(0.101043 -0.0994067 0)
(0.0518454 -0.0876564 0)
(-0.0140448 -0.0728196 0)
(-0.0487955 -0.0692728 0)
(-0.074221 -0.081309 0)
(-0.0926984 -0.078476 0)
(-0.0925581 -0.0798294 0)
(-0.0996629 -0.0813399 0)
(-0.0968814 -0.0707402 0)
(-0.0566582 -0.0532036 0)
(-0.00190228 -0.0418356 0)
(0.0332764 -0.000597282 0)
(0.0561687 0.028762 0)
(0.0799322 0.0243929 0)
(0.101542 0.0309463 0)
(0.122912 0.0260004 0)
(0.10766 0.0339715 0)
(0.0380055 0.0489817 0)
(-0.032576 0.0530643 0)
(-0.0608759 0.043636 0)
(-0.0456399 0.0169434 0)
(-0.0205405 0.0068762 0)
(-0.0091728 0.00237596 0)
(-0.0269616 -0.0139486 0)
(-0.0536693 -0.0229407 0)
(-0.0735873 -0.0110469 0)
(-0.0888243 -0.00952035 0)
(-0.0744312 -0.0306317 0)
(-0.0399046 -0.0616582 0)
(-0.032344 -0.0989541 0)
(-0.0223139 -0.120357 0)
(0.00475892 -0.13117 0)
(0.0230138 -0.131578 0)
(0.0467188 -0.106443 0)
(0.0410865 -0.0938083 0)
(0.00619428 -0.0767416 0)
(0.0014259 -0.0654157 0)
(0.0113975 -0.0525419 0)
(0.0203551 -0.0368743 0)
(0.0277876 -0.0278209 0)
(-0.00455451 -0.0130936 0)
(-0.0477671 0.000459674 0)
(-0.0665482 0.00683847 0)
(-0.0725576 0.0203365 0)
(-0.0701447 0.0397653 0)
(-0.0744556 0.0414213 0)
(-0.0686834 0.0342494 0)
(-0.0272283 0.0370883 0)
(0.0426565 0.0295987 0)
(0.0993662 0.000476479 0)
(0.132729 -0.0126416 0)
(0.184017 -0.0229444 0)
(0.203626 -0.0170637 0)
(0.149528 -0.0122558 0)
(0.0614626 0.00299744 0)
(-0.0172823 0.0152746 0)
(-0.101598 0.0217839 0)
(-0.16948 0.029143 0)
(-0.192647 0.0320265 0)
(-0.197699 0.05056 0)
(-0.172061 0.0623058 0)
(-0.114888 0.0547311 0)
(-0.0462852 0.0386169 0)
(0.0425751 0.0273262 0)
(0.135639 0.0152444 0)
(0.180615 0.00930123 0)
(0.167416 0.00195518 0)
(0.120351 -0.0113179 0)
(0.0655771 -0.00791929 0)
(0.0427229 0.00620331 0)
(0.00307969 0.01601 0)
(-0.0730982 0.0449608 0)
(-0.103364 0.0598814 0)
(-0.081882 0.0642215 0)
(-0.0449528 0.0453695 0)
(-0.0201875 0.0225108 0)
(0.00755426 -0.0397285 0)
(0.0201906 -0.0782912 0)
(0.0210192 -0.0921604 0)
(0.00140494 -0.0978145 0)
(-0.035627 -0.111982 0)
(-0.0641262 -0.109263 0)
(-0.0693445 -0.0907745 0)
(-0.0695771 -0.0480964 0)
(-0.0842855 0.00899473 0)
(-0.0971315 0.0628903 0)
(-0.099365 0.118669 0)
(-0.0881328 0.165052 0)
(-0.0808827 0.195836 0)
(-0.0777378 0.202879 0)
(-0.0653163 0.18025 0)
(-0.0447274 0.145684 0)
(-0.0155571 0.105998 0)
(-0.00407939 0.070002 0)
(-0.00919652 0.0409612 0)
(0.0180198 0.0168884 0)
(0.108619 -0.0112214 0)
(0.164278 -0.0369308 0)
(0.140319 -0.0580764 0)
(0.112562 -0.108567 0)
(0.0948589 -0.117008 0)
(0.054622 -0.125045 0)
(-0.00596352 -0.113373 0)
(-0.052181 -0.0938088 0)
(-0.0702932 -0.101549 0)
(-0.0811405 -0.0926011 0)
(-0.10098 -0.0941977 0)
(-0.100869 -0.0874513 0)
(-0.0741108 -0.0675597 0)
(-0.0372473 -0.0466549 0)
(0.015433 -0.0343486 0)
(0.0557051 -0.00748172 0)
(0.0721457 0.0125885 0)
(0.0887516 0.0199149 0)
(0.103302 0.0239136 0)
(0.116152 0.00852215 0)
(0.105057 -0.0098756 0)
(0.0387069 -0.0155399 0)
(-0.0312078 -0.0106772 0)
(-0.0586227 0.000542176 0)
(-0.0520149 -0.000249747 0)
(-0.0339451 -0.00874601 0)
(-0.0246184 -0.0215357 0)
(-0.0363777 -0.0463025 0)
(-0.049869 -0.0410498 0)
(-0.0739804 -0.020893 0)
(-0.100987 -0.0153912 0)
(-0.0886872 -0.0309374 0)
(-0.0620217 -0.0499576 0)
(-0.0538994 -0.0812924 0)
(-0.0350635 -0.106963 0)
(-0.00156188 -0.110068 0)
(0.0310251 -0.110506 0)
(0.062248 -0.0888596 0)
(0.0538565 -0.0733339 0)
(0.0124688 -0.0551678 0)
(0.00813031 -0.0430652 0)
(0.031106 -0.0373265 0)
(0.0337574 -0.0185675 0)
(0.0302392 -0.016234 0)
(-0.000311782 -0.0205572 0)
(-0.0365497 -0.0183722 0)
(-0.0480214 0.000746819 0)
(-0.0518962 0.0334694 0)
(-0.0583791 0.0624256 0)
(-0.0774481 0.0611193 0)
(-0.0728102 0.051434 0)
(-0.0275779 0.0488981 0)
(0.0340582 0.0398164 0)
(0.0864112 0.0261523 0)
(0.12435 0.0186528 0)
(0.173637 0.00469294 0)
(0.198249 -0.0114923 0)
(0.157219 -0.0234172 0)
(0.06925 -0.0136859 0)
(-0.0184189 -0.0095931 0)
(-0.0968383 -0.00997345 0)
(-0.163091 0.0150926 0)
(-0.185795 0.0242141 0)
(-0.178624 0.0526507 0)
(-0.162043 0.0786837 0)
(-0.124947 0.0688407 0)
(-0.0554891 0.0462018 0)
(0.0368882 0.0460506 0)
(0.129156 0.0430399 0)
(0.173826 0.0395875 0)
(0.158804 0.0213782 0)
(0.121643 0.00932148 0)
(0.0770493 0.0158838 0)
(0.0492846 0.0374594 0)
(0.0141364 0.0306489 0)
(-0.0511098 0.0367952 0)
(-0.0821254 0.0583598 0)
(-0.074706 0.0735047 0)
(-0.0501031 0.0481087 0)
(-0.0251184 0.017483 0)
(0.0123607 -0.0376264 0)
(0.0355224 -0.0808468 0)
(0.0436951 -0.105372 0)
(0.0178992 -0.118813 0)
(-0.0219113 -0.133077 0)
(-0.0440599 -0.124867 0)
(-0.0359717 -0.109553 0)
(-0.0277077 -0.0629114 0)
(-0.0458264 -0.00177105 0)
(-0.0572394 0.0558055 0)
(-0.0587489 0.104802 0)
(-0.0593136 0.156138 0)
(-0.0698504 0.181949 0)
(-0.0799099 0.197153 0)
(-0.0747893 0.192629 0)
(-0.0717869 0.165833 0)
(-0.0568478 0.10791 0)
(-0.0339928 0.0669674 0)
(-0.0187248 0.0486956 0)
(0.0129921 0.0423765 0)
(0.0841036 0.0116671 0)
(0.131266 -0.0394808 0)
(0.106644 -0.0768902 0)
(0.0906962 -0.11022 0)
(0.0886889 -0.133265 0)
(0.0542691 -0.148689 0)
(0.00877947 -0.141669 0)
(-0.0399927 -0.115427 0)
(-0.0728097 -0.10889 0)
(-0.0861971 -0.11388 0)
(-0.0869663 -0.0992722 0)
(-0.077466 -0.0672566 0)
(-0.0634302 -0.0457453 0)
(-0.0279724 -0.0332702 0)
(0.031868 -0.0249286 0)
(0.0732648 -0.000345943 0)
(0.0820355 0.00534509 0)
(0.0939108 0.00246044 0)
(0.0983986 0.00333681 0)
(0.102537 -0.0173964 0)
(0.0933569 -0.0423099 0)
(0.0394692 -0.0639566 0)
(-0.0202099 -0.0548772 0)
(-0.0542576 -0.0391866 0)
(-0.0550818 -0.0343931 0)
(-0.0402386 -0.0373508 0)
(-0.0420469 -0.037374 0)
(-0.0474843 -0.0488549 0)
(-0.0417255 -0.0433422 0)
(-0.0616511 -0.0390598 0)
(-0.102959 -0.0273837 0)
(-0.106072 -0.0195611 0)
(-0.0823356 -0.037859 0)
(-0.0786167 -0.063531 0)
(-0.0466224 -0.0757239 0)
(0.000297265 -0.0839265 0)
(0.038064 -0.0765461 0)
(0.0747754 -0.0649199 0)
(0.0677532 -0.0570443 0)
(0.0313678 -0.0389359 0)
(0.0183015 -0.0134432 0)
(0.0337963 -0.0214856 0)
(0.0406533 -0.0149309 0)
(0.031291 -0.00987851 0)
(-0.00119427 -0.0232468 0)
(-0.0273894 -0.0232987 0)
(-0.0240877 -0.00398385 0)
(-0.0233514 0.0303935 0)
(-0.0465303 0.0642433 0)
(-0.0798803 0.0698585 0)
(-0.075673 0.0660196 0)
(-0.0344517 0.0654732 0)
(0.0265741 0.0537459 0)
(0.0837941 0.0472559 0)
(0.116338 0.0419178 0)
(0.160725 0.0184033 0)
(0.181433 -0.000379105 0)
(0.146136 -0.0277849 0)
(0.0697484 -0.0449825 0)
(-0.0163821 -0.0390025 0)
(-0.0850984 -0.0274388 0)
(-0.14572 -0.00222594 0)
(-0.166075 0.0273115 0)
(-0.158333 0.0467082 0)
(-0.160476 0.0664999 0)
(-0.138726 0.0687096 0)
(-0.0626176 0.056224 0)
(0.0411008 0.059725 0)
(0.132253 0.068963 0)
(0.166713 0.0616254 0)
(0.148047 0.0429943 0)
(0.120311 0.0354205 0)
(0.0916917 0.0383289 0)
(0.0608047 0.0584357 0)
(0.0120719 0.0493496 0)
(-0.040405 0.0422241 0)
(-0.0604128 0.0616541 0)
(-0.0685901 0.0633718 0)
(-0.058351 0.0413617 0)
(-0.0297201 0.0114461 0)
(0.0209433 -0.0403797 0)
(0.0508144 -0.0797987 0)
(0.0553618 -0.105179 0)
(0.0282005 -0.141589 0)
(-0.00531955 -0.159189 0)
(-0.022215 -0.151175 0)
(-0.00736483 -0.132753 0)
(0.0196356 -0.0931353 0)
(0.00804729 -0.0200053 0)
(-0.0172761 0.0600075 0)
(-0.0264461 0.107242 0)
(-0.033594 0.1413 0)
(-0.0534253 0.170055 0)
(-0.0724864 0.185501 0)
(-0.0904406 0.18123 0)
(-0.108392 0.15412 0)
(-0.0888472 0.113006 0)
(-0.0475158 0.0769425 0)
(-0.0266439 0.0577942 0)
(-0.00825699 0.0356813 0)
(0.0494719 0.00295572 0)
(0.100096 -0.0409456 0)
(0.0889807 -0.0900229 0)
(0.0714446 -0.102 0)
(0.0665608 -0.128163 0)
(0.0481526 -0.156029 0)
(0.0180598 -0.155649 0)
(-0.0284722 -0.141756 0)
(-0.0692934 -0.123206 0)
(-0.0737281 -0.119866 0)
(-0.0656722 -0.0901699 0)
(-0.0596298 -0.0634196 0)
(-0.0462758 -0.0268946 0)
(-0.0181061 0.00167153 0)
(0.0443953 0.010153 0)
(0.0834625 0.0167704 0)
(0.080179 0.0117498 0)
(0.0933674 0.000168547 0)
(0.094518 -0.0232364 0)
(0.087718 -0.0396747 0)
(0.0748776 -0.0742384 0)
(0.0321249 -0.100006 0)
(-0.0119669 -0.0953913 0)
(-0.0442853 -0.0788605 0)
(-0.0531405 -0.069652 0)
(-0.0402397 -0.0660937 0)
(-0.0385721 -0.0502061 0)
(-0.0473251 -0.0334469 0)
(-0.0498971 -0.0358513 0)
(-0.0697229 -0.0528609 0)
(-0.0939497 -0.037401 0)
(-0.103124 -0.0129779 0)
(-0.100192 -0.0227542 0)
(-0.0864318 -0.0385192 0)
(-0.053431 -0.0332189 0)
(-0.0041281 -0.0504287 0)
(0.0444625 -0.0494311 0)
(0.0774207 -0.0455075 0)
(0.0750565 -0.0433226 0)
(0.0477228 -0.0255526 0)
(0.0250541 0.00264236 0)
(0.0347709 0.00116817 0)
(0.0474685 -0.00347658 0)
(0.0294713 -0.00665994 0)
(-0.00489113 -0.0236546 0)
(-0.0173514 -0.0201891 0)
(-0.003916 -0.00618903 0)
(0.00237586 0.0157473 0)
(-0.0258521 0.0438003 0)
(-0.0732792 0.0674248 0)
(-0.0738513 0.0757417 0)
(-0.0351222 0.0763355 0)
(0.0214282 0.0748116 0)
(0.0777709 0.0613628 0)
(0.102522 0.0587684 0)
(0.141335 0.0327455 0)
(0.162619 0.000778767 0)
(0.122448 -0.0336914 0)
(0.0588993 -0.066911 0)
(-0.00757601 -0.0605208 0)
(-0.0716605 -0.0316756 0)
(-0.124399 -0.00437047 0)
(-0.151026 0.0276358 0)
(-0.150653 0.0352446 0)
(-0.146357 0.0449048 0)
(-0.132662 0.0699621 0)
(-0.0619238 0.0776928 0)
(0.046796 0.0696084 0)
(0.131557 0.0734259 0)
(0.156358 0.059198 0)
(0.142007 0.0547292 0)
(0.121811 0.0602662 0)
(0.0990356 0.0611176 0)
(0.0643052 0.0612307 0)
(0.0114338 0.0546413 0)
(-0.0300194 0.0504154 0)
(-0.0510608 0.0611989 0)
(-0.0697845 0.0500394 0)
(-0.0628625 0.0312589 0)
(-0.0308635 0.00534935 0)
(0.0300626 -0.0394153 0)
(0.0714258 -0.0853863 0)
(0.0636768 -0.124091 0)
(0.0281756 -0.16176 0)
(0.0078901 -0.177785 0)
(0.00120038 -0.170833 0)
(0.0234826 -0.146215 0)
(0.0647948 -0.113041 0)
(0.0709391 -0.0429014 0)
(0.0366369 0.0305826 0)
(-0.00109545 0.0865166 0)
(-0.0164721 0.125175 0)
(-0.0409479 0.156943 0)
(-0.0748287 0.166024 0)
(-0.100079 0.162657 0)
(-0.123032 0.1478 0)
(-0.113537 0.11941 0)
(-0.0735528 0.0863646 0)
(-0.0473189 0.0504605 0)
(-0.0252044 0.0246806 0)
(0.0299332 -0.00361917 0)
(0.0648211 -0.0343823 0)
(0.0631917 -0.0821302 0)
(0.063476 -0.103477 0)
(0.0491348 -0.125227 0)
(0.0336511 -0.161225 0)
(0.0184482 -0.16864 0)
(-0.0171504 -0.151938 0)
(-0.0576357 -0.130455 0)
(-0.0624363 -0.111337 0)
(-0.0453087 -0.08875 0)
(-0.0298487 -0.054216 0)
(-0.0133499 0.00271204 0)
(0.00270794 0.049766 0)
(0.0476019 0.0591122 0)
(0.0801018 0.0422058 0)
(0.0762318 0.0262043 0)
(0.074932 0.00291502 0)
(0.075721 -0.0351347 0)
(0.0710304 -0.0666808 0)
(0.0538911 -0.108435 0)
(0.0273032 -0.125127 0)
(-0.0030848 -0.119877 0)
(-0.0357351 -0.106054 0)
(-0.0481023 -0.0961448 0)
(-0.0302288 -0.0878279 0)
(-0.0239519 -0.0710538 0)
(-0.0440878 -0.0417373 0)
(-0.0639538 -0.0390641 0)
(-0.0710447 -0.0465906 0)
(-0.0816967 -0.019618 0)
(-0.102727 -0.00884426 0)
(-0.107528 -0.0115272 0)
(-0.0914298 -0.010202 0)
(-0.0590212 -0.00077019 0)
(-0.0136998 -0.0114687 0)
(0.0411776 -0.0185867 0)
(0.0802679 -0.0184712 0)
(0.0848062 -0.0196296 0)
(0.0687454 -0.00938148 0)
(0.0425024 0.0151507 0)
(0.0345623 0.0201403 0)
(0.0405942 0.00563741 0)
(0.0223046 -0.00815515 0)
(-0.00539215 -0.0258273 0)
(-0.00910809 -0.00776499 0)
(0.00730646 -0.00227224 0)
(0.0178024 0.000727423 0)
(-0.00477138 0.0112524 0)
(-0.0533071 0.0400769 0)
(-0.0667375 0.0638156 0)
(-0.0334864 0.0756554 0)
(0.0164492 0.0821801 0)
(0.0721018 0.0659299 0)
(0.0946399 0.0653071 0)
(0.116741 0.0521131 0)
(0.130685 -0.0046874 0)
(0.0940994 -0.0438634 0)
(0.0476018 -0.0633155 0)
(0.00716333 -0.0548193 0)
(-0.0459434 -0.033893 0)
(-0.103892 -0.00252404 0)
(-0.138332 0.0242462 0)
(-0.14663 0.0406342 0)
(-0.1356 0.0417954 0)
(-0.114979 0.065062 0)
(-0.0629796 0.0828961 0)
(0.0381439 0.0730529 0)
(0.125155 0.0621255 0)
(0.154071 0.0500641 0)
(0.150736 0.0587826 0)
(0.128024 0.073191 0)
(0.0968925 0.0753484 0)
(0.0624106 0.063962 0)
(0.0127907 0.0549143 0)
(-0.0241644 0.0515342 0)
(-0.0460808 0.0533546 0)
(-0.0724258 0.0415451 0)
(-0.0692897 0.0202698 0)
(-0.0312357 -0.000878146 0)
(0.0337921 -0.0336696 0)
(0.0728455 -0.0942221 0)
(0.0663123 -0.149675 0)
(0.0402969 -0.184103 0)
(0.0258096 -0.195814 0)
(0.0269539 -0.180185 0)
(0.0512514 -0.148492 0)
(0.103899 -0.125562 0)
(0.116072 -0.0837291 0)
(0.0762492 -0.0291101 0)
(0.0390668 0.0480858 0)
(0.013161 0.115004 0)
(-0.0282731 0.147668 0)
(-0.0722033 0.152777 0)
(-0.106294 0.151366 0)
(-0.140985 0.132692 0)
(-0.133225 0.110724 0)
(-0.0960992 0.0874114 0)
(-0.0689694 0.0582579 0)
(-0.0445419 0.036195 0)
(0.00950559 -0.00559504 0)
(0.045398 -0.0402005 0)
(0.0404536 -0.0623144 0)
(0.0410835 -0.0967571 0)
(0.0244168 -0.133208 0)
(0.0156162 -0.16531 0)
(0.0235402 -0.176588 0)
(-0.00218215 -0.158421 0)
(-0.0413097 -0.138398 0)
(-0.0446254 -0.10827 0)
(-0.0245344 -0.0759795 0)
(0.00781689 -0.0320767 0)
(0.0317209 0.0270061 0)
(0.02642 0.0769059 0)
(0.0434297 0.101154 0)
(0.0652467 0.0849082 0)
(0.0583372 0.0416099 0)
(0.0559152 0.000826271 0)
(0.0510305 -0.0330329 0)
(0.0409339 -0.076543 0)
(0.0378538 -0.120448 0)
(0.0279882 -0.137698 0)
(0.0042717 -0.138258 0)
(-0.0269089 -0.126815 0)
(-0.0421497 -0.112935 0)
(-0.026409 -0.102764 0)
(-0.0112124 -0.094492 0)
(-0.0318099 -0.0699457 0)
(-0.0624123 -0.0481535 0)
(-0.0647245 -0.0311587 0)
(-0.0752676 -0.009481 0)
(-0.105496 0.00555991 0)
(-0.10833 0.0183751 0)
(-0.0841701 0.0304888 0)
(-0.0583261 0.0375918 0)
(-0.0194251 0.0352311 0)
(0.0388748 0.0355059 0)
(0.0778889 0.024608 0)
(0.0845022 0.0153465 0)
(0.0773823 0.0114751 0)
(0.0519148 0.0150105 0)
(0.0336979 0.0255394 0)
(0.0330297 0.0197933 0)
(0.0128255 -0.00355741 0)
(0.00172044 -0.029334 0)
(0.00589673 -0.00424072 0)
(0.00769968 0.00415344 0)
(0.0170429 -0.0117705 0)
(0.00711426 -0.0151029 0)
(-0.031303 0.0151279 0)
(-0.0450901 0.0494042 0)
(-0.0197844 0.0664056 0)
(0.0152897 0.0735718 0)
(0.0655053 0.0592363 0)
(0.0916235 0.0544813 0)
(0.088311 0.0463904 0)
(0.0898219 -0.0101597 0)
(0.076669 -0.0509072 0)
(0.0479951 -0.0555753 0)
(0.0112952 -0.0435305 0)
(-0.0356708 -0.039181 0)
(-0.0836781 -0.00503297 0)
(-0.120845 0.0232276 0)
(-0.138869 0.0377097 0)
(-0.129177 0.0322481 0)
(-0.102988 0.0489832 0)
(-0.0564351 0.0722488 0)
(0.0312933 0.0759169 0)
(0.11467 0.0569362 0)
(0.154351 0.0513852 0)
(0.16018 0.0618722 0)
(0.136228 0.070592 0)
(0.0959531 0.0684129 0)
(0.0548683 0.0528629 0)
(0.0101805 0.0462843 0)
(-0.0206105 0.0492145 0)
(-0.0449091 0.0432231 0)
(-0.0776888 0.0265528 0)
(-0.0754925 0.0061955 0)
(-0.0271587 0.0016055 0)
(0.0309094 -0.0326562 0)
(0.0694671 -0.109012 0)
(0.0654936 -0.167392 0)
(0.0464655 -0.202963 0)
(0.0484759 -0.212802 0)
(0.0609977 -0.201464 0)
(0.0780272 -0.169136 0)
(0.118358 -0.148877 0)
(0.141549 -0.116755 0)
(0.129085 -0.0458339 0)
(0.0981447 0.0356458 0)
(0.0494219 0.104822 0)
(-0.0197898 0.142579 0)
(-0.0770819 0.13827 0)
(-0.117645 0.121855 0)
(-0.153389 0.114419 0)
(-0.145154 0.108654 0)
(-0.108722 0.0866912 0)
(-0.0804123 0.058552 0)
(-0.0670721 0.0307691 0)
(-0.0212668 0.0123426 0)
(0.027426 -0.0268295 0)
(0.0248249 -0.0612233 0)
(0.0132086 -0.0993488 0)
(-0.000854612 -0.130656 0)
(0.000822022 -0.14642 0)
(0.0214825 -0.157139 0)
(0.00817198 -0.155209 0)
(-0.0237935 -0.137766 0)
(-0.0193501 -0.103901 0)
(0.00864009 -0.0585366 0)
(0.0450171 -0.00256951 0)
(0.0675474 0.0433774 0)
(0.0598845 0.0845199 0)
(0.0581184 0.130309 0)
(0.0427889 0.118647 0)
(0.0223488 0.0646634 0)
(0.0289039 0.00954563 0)
(0.0279102 -0.0270522 0)
(0.0153015 -0.0637349 0)
(0.0162042 -0.106272 0)
(0.0195781 -0.138424 0)
(0.00788935 -0.154219 0)
(-0.0168351 -0.148899 0)
(-0.032905 -0.130403 0)
(-0.0217793 -0.111704 0)
(-0.00721017 -0.111646 0)
(-0.019163 -0.0931344 0)
(-0.0456938 -0.0518237 0)
(-0.0532723 -0.0204606 0)
(-0.0650654 0.00549461 0)
(-0.0916949 0.0341564 0)
(-0.097237 0.0702318 0)
(-0.0835832 0.0797137 0)
(-0.0598665 0.0766269 0)
(-0.0175474 0.0943714 0)
(0.0330374 0.0853357 0)
(0.0669916 0.0611283 0)
(0.078402 0.0429253 0)
(0.0732268 0.0310804 0)
(0.0587579 0.0280666 0)
(0.0448318 0.0353196 0)
(0.0264087 0.0317886 0)
(-0.00653343 0.00686037 0)
(0.00112905 -0.00293554 0)
(0.0220186 -0.0154436 0)
(0.0075912 -0.0174139 0)
(0.008713 -0.0228654 0)
(0.0193209 -0.0191961 0)
(-0.00229808 0.000884145 0)
(-0.0261945 0.0315901 0)
(-0.0136657 0.0620038 0)
(0.0123456 0.0652538 0)
(0.0582479 0.0455856 0)
(0.0843384 0.0201648 0)
(0.067361 0.00719528 0)
(0.0564674 -0.02725 0)
(0.057486 -0.0621813 0)
(0.0496063 -0.0535294 0)
(0.0159394 -0.0377099 0)
(-0.0205014 -0.0284656 0)
(-0.0602981 -0.00664306 0)
(-0.108601 0.0107794 0)
(-0.141191 0.0206002 0)
(-0.128164 0.0189988 0)
(-0.0862603 0.0337578 0)
(-0.0438452 0.055709 0)
(0.0261962 0.0653374 0)
(0.106491 0.0508729 0)
(0.157347 0.0461523 0)
(0.1651 0.0567513 0)
(0.134075 0.0607161 0)
(0.0865462 0.0493631 0)
(0.0507256 0.0354786 0)
(0.017004 0.0370466 0)
(-0.0168687 0.0330501 0)
(-0.050351 0.0328246 0)
(-0.0845607 0.0201841 0)
(-0.0709459 0.0146411 0)
(-0.022766 0.00739794 0)
(0.0235007 -0.0374112 0)
(0.0582628 -0.12449 0)
(0.066073 -0.187198 0)
(0.0591241 -0.216167 0)
(0.0635443 -0.22467 0)
(0.0819824 -0.226381 0)
(0.101374 -0.20339 0)
(0.144823 -0.17397 0)
(0.187667 -0.125109 0)
(0.179959 -0.0431569 0)
(0.139537 0.0305116 0)
(0.0814486 0.0910034 0)
(-0.0125305 0.1298 0)
(-0.0937566 0.128892 0)
(-0.127058 0.109078 0)
(-0.150752 0.109545 0)
(-0.150829 0.111749 0)
(-0.127928 0.0935107 0)
(-0.103645 0.0575211 0)
(-0.0714969 0.0269291 0)
(-0.0260668 0.0252841 0)
(-0.00287618 -0.0208685 0)
(-0.00856881 -0.0775624 0)
(-0.00753415 -0.109814 0)
(-0.00973321 -0.111548 0)
(-0.00524618 -0.105529 0)
(0.0141591 -0.12616 0)
(0.00808415 -0.140813 0)
(-0.00805369 -0.130029 0)
(0.00929415 -0.0868959 0)
(0.0464201 -0.0302866 0)
(0.0806167 0.031817 0)
(0.0955928 0.0722626 0)
(0.0925479 0.106989 0)
(0.0732653 0.13878 0)
(0.0241275 0.11379 0)
(-0.0127524 0.0788871 0)
(-0.00109042 0.031307 0)
(0.00802092 -0.011673 0)
(-0.00694226 -0.0475271 0)
(-0.00811186 -0.0931158 0)
(-0.00054217 -0.1331 0)
(0.000451457 -0.155954 0)
(-0.00872709 -0.163291 0)
(-0.0174455 -0.148133 0)
(-0.0184133 -0.122667 0)
(-0.00609209 -0.116455 0)
(0.00153477 -0.0952213 0)
(-0.0209358 -0.0626249 0)
(-0.0349871 -0.0159797 0)
(-0.0471107 0.0286135 0)
(-0.0687459 0.072942 0)
(-0.0839591 0.109207 0)
(-0.0864957 0.112 0)
(-0.0522888 0.12184 0)
(-0.0154376 0.135726 0)
(0.0142685 0.119227 0)
(0.0486528 0.0962581 0)
(0.0662721 0.0721401 0)
(0.0719831 0.0569341 0)
(0.0618924 0.0528824 0)
(0.0442229 0.041503 0)
(0.0203597 0.027197 0)
(-0.00444609 0.00447228 0)
(-0.00681825 0.0075255 0)
(0.00241637 -0.0151854 0)
(0.00855077 -0.0232413 0)
(0.0211509 -0.02177 0)
(0.0291616 -0.0163375 0)
(0.00986857 -0.0165808 0)
(0.00295485 0.0222795 0)
(0.00728546 0.0512058 0)
(0.00459601 0.0468668 0)
(0.0326068 0.0239066 0)
(0.0623988 -0.016933 0)
(0.0512124 -0.0362712 0)
(0.0355337 -0.0547118 0)
(0.0533917 -0.0626351 0)
(0.0618142 -0.0495813 0)
(0.0257837 -0.0373404 0)
(-0.0161793 -0.0275174 0)
(-0.0573946 -0.0189278 0)
(-0.102607 0.00259211 0)
(-0.134003 0.00909834 0)
(-0.12033 0.0131852 0)
(-0.0767605 0.0202955 0)
(-0.0341437 0.040164 0)
(0.0265476 0.0541395 0)
(0.0991815 0.0575824 0)
(0.157339 0.0451854 0)
(0.169984 0.0390741 0)
(0.130802 0.0355825 0)
(0.0788301 0.023917 0)
(0.0491723 0.0248539 0)
(0.014118 0.0268556 0)
(-0.015283 0.0211387 0)
(-0.0430005 0.0146359 0)
(-0.0767032 0.0151588 0)
(-0.0678781 0.0334285 0)
(-0.0250989 0.0134907 0)
(0.0159436 -0.0458827 0)
(0.0483491 -0.134842 0)
(0.0683922 -0.195675 0)
(0.0705662 -0.228921 0)
(0.0755121 -0.244026 0)
(0.0962709 -0.243911 0)
(0.123788 -0.222924 0)
(0.173457 -0.184803 0)
(0.228401 -0.127082 0)
(0.230084 -0.0521837 0)
(0.181864 0.0167761 0)
(0.108252 0.0806913 0)
(-0.00358804 0.116148 0)
(-0.100277 0.121952 0)
(-0.135571 0.119374 0)
(-0.1509 0.123029 0)
(-0.152722 0.12543 0)
(-0.141557 0.100907 0)
(-0.120589 0.0689868 0)
(-0.0813725 0.042348 0)
(-0.047441 0.00884996 0)
(-0.0405723 -0.0317873 0)
(-0.0350098 -0.0675996 0)
(-0.00871415 -0.0899635 0)
(0.00273113 -0.0850234 0)
(-0.0119465 -0.0735789 0)
(-0.00852507 -0.0976922 0)
(-0.000181283 -0.106893 0)
(0.00960127 -0.0946155 0)
(0.0477687 -0.0549277 0)
(0.0905503 0.00196006 0)
(0.116702 0.0610325 0)
(0.121509 0.0970938 0)
(0.11046 0.127015 0)
(0.0680362 0.132114 0)
(0.00680626 0.102476 0)
(-0.027614 0.0867143 0)
(-0.0252158 0.0572923 0)
(-0.0168836 0.00332312 0)
(-0.0318883 -0.0372904 0)
(-0.0356594 -0.0878137 0)
(-0.0182196 -0.135159 0)
(-0.0093218 -0.161897 0)
(-0.00997312 -0.173775 0)
(-0.00592929 -0.168601 0)
(-0.00519458 -0.144777 0)
(0.00294799 -0.113462 0)
(0.00785063 -0.0886979 0)
(-0.00156223 -0.0590499 0)
(-0.000803567 0.000401611 0)
(-0.013726 0.0527469 0)
(-0.0449996 0.0944998 0)
(-0.0789388 0.123037 0)
(-0.0821716 0.136629 0)
(-0.0475916 0.153456 0)
(-0.0219507 0.153242 0)
(0.00409432 0.143582 0)
(0.0348211 0.130544 0)
(0.0540978 0.105257 0)
(0.0655664 0.0886201 0)
(0.0554365 0.0739482 0)
(0.0350163 0.0542366 0)
(0.00873148 0.0256275 0)
(-0.0115434 0.00186987 0)
(-0.00446709 -0.0147193 0)
(0.00730971 -0.0193516 0)
(0.0095617 -0.0217574 0)
(0.0195257 -0.0206522 0)
(0.0279485 -0.0148908 0)
(0.03016 -0.0107812 0)
(0.0270511 0.0199571 0)
(0.00707897 0.0225757 0)
(-0.00603835 0.0137194 0)
(0.0117326 -0.0095052 0)
(0.0389461 -0.0404213 0)
(0.0368568 -0.0597711 0)
(0.0330096 -0.0695083 0)
(0.0563226 -0.0646851 0)
(0.0630307 -0.0604374 0)
(0.0273684 -0.0535749 0)
(-0.010903 -0.0423657 0)
(-0.0410107 -0.0244954 0)
(-0.0897938 0.00807173 0)
(-0.134418 0.0162624 0)
(-0.120576 0.019923 0)
(-0.0671374 0.0141994 0)
(-0.020095 0.0276372 0)
(0.0372759 0.0459378 0)
(0.0976411 0.0519316 0)
(0.141216 0.0397814 0)
(0.155731 0.023469 0)
(0.121421 0.0158356 0)
(0.0785662 0.00540114 0)
(0.0547847 0.01095 0)
(0.0186357 0.0129197 0)
(-0.0186597 0.0124123 0)
(-0.0444299 -0.00425066 0)
(-0.0569456 0.0066368 0)
(-0.0540653 0.030863 0)
(-0.032039 0.0164307 0)
(0.0120654 -0.0528052 0)
(0.0436468 -0.139983 0)
(0.0686417 -0.203662 0)
(0.0738258 -0.242876 0)
(0.0837996 -0.263135 0)
(0.112468 -0.260514 0)
(0.146355 -0.232073 0)
(0.206442 -0.188324 0)
(0.269183 -0.127903 0)
(0.265828 -0.0601566 0)
(0.21647 0.00999001 0)
(0.135545 0.0688495 0)
(0.00270424 0.0922817 0)
(-0.101288 0.109259 0)
(-0.130425 0.129256 0)
(-0.144909 0.134317 0)
(-0.160962 0.143293 0)
(-0.159786 0.118202 0)
(-0.134984 0.0911186 0)
(-0.103365 0.0490079 0)
(-0.0689246 0.00386906 0)
(-0.0492791 -0.0244188 0)
(-0.0442777 -0.0399577 0)
(-0.0165807 -0.0579311 0)
(0.00262572 -0.0614952 0)
(-0.0174537 -0.0598428 0)
(-0.0158711 -0.0684365 0)
(0.00292362 -0.0557438 0)
(0.0217046 -0.0337635 0)
(0.0717564 -0.0107173 0)
(0.124035 0.0322687 0)
(0.144857 0.0794176 0)
(0.141337 0.118807 0)
(0.11927 0.145817 0)
(0.0603675 0.128348 0)
(-2.11296e-05 0.105178 0)
(-0.0332807 0.0955103 0)
(-0.047325 0.0669642 0)
(-0.0454198 0.00522826 0)
(-0.0583177 -0.0412138 0)
(-0.0663684 -0.0843013 0)
(-0.0445168 -0.127015 0)
(-0.0216052 -0.167107 0)
(-0.0120378 -0.186072 0)
(0.000622334 -0.182734 0)
(0.0142354 -0.164201 0)
(0.0232103 -0.122968 0)
(0.0265185 -0.0787048 0)
(0.0276799 -0.0389093 0)
(0.0298115 0.0211357 0)
(0.00550018 0.0760924 0)
(-0.0317036 0.109424 0)
(-0.0649157 0.127358 0)
(-0.0729467 0.156045 0)
(-0.04567 0.171753 0)
(-0.0251795 0.171298 0)
(-0.00200638 0.163366 0)
(0.0235441 0.14918 0)
(0.0409461 0.130303 0)
(0.056629 0.118277 0)
(0.0460568 0.0978936 0)
(0.0193505 0.0624207 0)
(-0.00698829 0.0216287 0)
(-0.0231966 0.00429457 0)
(-0.0123807 -0.0144891 0)
(0.0059875 -0.0296445 0)
(0.0148953 -0.0340057 0)
(0.0321716 -0.0278823 0)
(0.0413635 -0.0219278 0)
(0.0397415 -0.00372949 0)
(0.0312239 0.0018364 0)
(0.00584284 -0.00688914 0)
(-0.0168227 -0.0137286 0)
(-0.00653091 -0.034148 0)
(0.0241698 -0.0621929 0)
(0.0264819 -0.0743587 0)
(0.0267901 -0.0687791 0)
(0.0538066 -0.0737867 0)
(0.063475 -0.0740426 0)
(0.0331677 -0.0685282 0)
(0.00054756 -0.0435452 0)
(-0.0234189 -0.0177261 0)
(-0.0742979 0.00639282 0)
(-0.125921 0.016212 0)
(-0.122071 0.026566 0)
(-0.0715611 0.0193024 0)
(-0.0120541 0.0220162 0)
(0.0421156 0.0354524 0)
(0.0913518 0.024105 0)
(0.132448 0.0131887 0)
(0.148348 0.00693351 0)
(0.114159 0.00904405 0)
(0.0733119 0.00287523 0)
(0.0548803 0.00112881 0)
(0.0179992 -0.000373419 0)
(-0.0221106 -0.00289641 0)
(-0.0381716 -0.00496979 0)
(-0.0380955 0.0111917 0)
(-0.0429969 0.0231302 0)
(-0.033864 0.01426 0)
(0.0101534 -0.0584217 0)
(0.0382967 -0.146796 0)
(0.0646758 -0.209674 0)
(0.0743319 -0.250094 0)
(0.0891075 -0.265286 0)
(0.127874 -0.261804 0)
(0.171021 -0.236881 0)
(0.23306 -0.181673 0)
(0.298228 -0.12674 0)
(0.303436 -0.0768079 0)
(0.248672 -0.0091398 0)
(0.143874 0.0344849 0)
(0.00685203 0.0600059 0)
(-0.0852369 0.109483 0)
(-0.121662 0.139715 0)
(-0.137889 0.142298 0)
(-0.155863 0.14505 0)
(-0.166897 0.134828 0)
(-0.156031 0.116277 0)
(-0.129514 0.058359 0)
(-0.0864791 0.00628216 0)
(-0.0603194 -0.0161523 0)
(-0.0507828 -0.0222147 0)
(-0.0200092 -0.0204407 0)
(0.00137469 -0.0286113 0)
(-0.0211169 -0.0389866 0)
(-0.0129287 -0.0297034 0)
(0.0155074 -0.0096663 0)
(0.0315501 0.0175554 0)
(0.0849017 0.0388189 0)
(0.146338 0.0740372 0)
(0.172086 0.101969 0)
(0.165658 0.139899 0)
(0.117518 0.157528 0)
(0.0435708 0.125762 0)
(-0.00659439 0.107868 0)
(-0.0404318 0.0950582 0)
(-0.0731697 0.0626265 0)
(-0.0765857 0.00685735 0)
(-0.0783529 -0.0427939 0)
(-0.0817087 -0.0849907 0)
(-0.066005 -0.123629 0)
(-0.0447611 -0.152557 0)
(-0.0192576 -0.176819 0)
(0.00640795 -0.16864 0)
(0.0293396 -0.16147 0)
(0.0514568 -0.13356 0)
(0.0515125 -0.0761659 0)
(0.0514443 -0.0282949 0)
(0.0628414 0.024152 0)
(0.0314742 0.0716327 0)
(-0.0244435 0.118112 0)
(-0.0583305 0.147951 0)
(-0.0593449 0.174491 0)
(-0.0423432 0.186338 0)
(-0.0304846 0.175814 0)
(-0.0112884 0.173889 0)
(0.0143208 0.167923 0)
(0.0379033 0.163337 0)
(0.0507788 0.141066 0)
(0.0255395 0.114265 0)
(-0.00843367 0.0713689 0)
(-0.0208468 0.0273851 0)
(-0.0253809 0.00717496 0)
(-0.0179708 -0.0123434 0)
(0.00261798 -0.0341706 0)
(0.0185835 -0.0365525 0)
(0.0344503 -0.0314217 0)
(0.0506028 -0.0366927 0)
(0.0519681 -0.0166815 0)
(0.0288578 -0.00499517 0)
(-0.000540842 -0.0301688 0)
(-0.0231464 -0.0485361 0)
(-0.022717 -0.0568388 0)
(0.00805824 -0.0803956 0)
(0.0278989 -0.0846244 0)
(0.0268837 -0.0741134 0)
(0.0444081 -0.0779325 0)
(0.0585911 -0.0781252 0)
(0.0424315 -0.0748764 0)
(0.0209222 -0.0398068 0)
(-0.00760976 -0.0162273 0)
(-0.0661302 0.0013174 0)
(-0.119496 0.0125854 0)
(-0.117754 0.0272644 0)
(-0.0704289 0.0255782 0)
(-0.00943184 0.0163623 0)
(0.0359267 0.0190532 0)
(0.0767433 0.00696247 0)
(0.122866 -0.0100825 0)
(0.146535 -0.0123083 0)
(0.112819 -0.00956668 0)
(0.0686215 -0.000443325 0)
(0.0505753 -0.00108796 0)
(0.0167269 -0.00370444 0)
(-0.0177933 -0.000109457 0)
(-0.0264734 0.00710644 0)
(-0.0251399 0.0149926 0)
(-0.0364162 0.0149069 0)
(-0.0377133 0.00972914 0)
(0.0077869 -0.0599099 0)
(0.0353187 -0.147776 0)
(0.0623982 -0.204284 0)
(0.0757712 -0.244401 0)
(0.0953481 -0.254265 0)
(0.134189 -0.246816 0)
(0.190183 -0.224562 0)
(0.260281 -0.174542 0)
(0.311407 -0.131724 0)
(0.314171 -0.0905377 0)
(0.261256 -0.043018 0)
(0.154259 -0.00292398 0)
(0.0335885 0.0446709 0)
(-0.0573449 0.105722 0)
(-0.110941 0.145907 0)
(-0.136357 0.141626 0)
(-0.154255 0.1288 0)
(-0.163515 0.130133 0)
(-0.17107 0.114872 0)
(-0.163686 0.0784697 0)
(-0.104701 0.0340773 0)
(-0.0544745 0.00708397 0)
(-0.0363777 -0.00374207 0)
(-0.0158809 -3.23923e-05 0)
(-0.011431 -0.014174 0)
(-0.0239144 -0.0145291 0)
(-0.00413684 0.00805192 0)
(0.0249194 0.0358136 0)
(0.0428949 0.0690797 0)
(0.0983467 0.0999831 0)
(0.156432 0.121255 0)
(0.181776 0.124175 0)
(0.174994 0.132419 0)
(0.107626 0.145295 0)
(0.0295605 0.128521 0)
(-0.00991624 0.106628 0)
(-0.0479365 0.0887253 0)
(-0.0894653 0.0563988 0)
(-0.0983442 0.0120659 0)
(-0.101761 -0.0449505 0)
(-0.104565 -0.0974281 0)
(-0.0778609 -0.132374 0)
(-0.0507293 -0.143393 0)
(-0.0209834 -0.154078 0)
(0.00751795 -0.145469 0)
(0.0287065 -0.141961 0)
(0.0685254 -0.129328 0)
(0.0818218 -0.0874727 0)
(0.0765802 -0.0221681 0)
(0.0779355 0.0285919 0)
(0.0509818 0.0707272 0)
(0.00429271 0.119234 0)
(-0.0390836 0.159591 0)
(-0.0555383 0.188032 0)
(-0.0509025 0.186686 0)
(-0.0363976 0.179397 0)
(-0.00629416 0.179479 0)
(0.0204487 0.182759 0)
(0.028863 0.186109 0)
(0.0311699 0.153361 0)
(0.00807389 0.118986 0)
(-0.0294397 0.0905822 0)
(-0.0384974 0.0476515 0)
(-0.0374402 0.0171033 0)
(-0.0296377 -0.0145314 0)
(-0.00116729 -0.0413927 0)
(0.0249318 -0.043471 0)
(0.0378952 -0.0402512 0)
(0.0567295 -0.0396889 0)
(0.0672753 -0.0251133 0)
(0.0258789 -0.0245698 0)
(-0.02135 -0.0533767 0)
(-0.032268 -0.0742803 0)
(-0.0278472 -0.0806109 0)
(0.00252101 -0.0899829 0)
(0.0260182 -0.0903203 0)
(0.0232439 -0.0876501 0)
(0.0403554 -0.0748286 0)
(0.0549664 -0.0763064 0)
(0.0520448 -0.0631351 0)
(0.0370643 -0.0348953 0)
(0.00339365 -0.0210092 0)
(-0.0536832 -0.00508822 0)
(-0.105537 0.0172091 0)
(-0.110674 0.0303468 0)
(-0.0785803 0.0250655 0)
(-0.0178075 -0.00130541 0)
(0.0317134 -0.00691499 0)
(0.0639354 -0.00627505 0)
(0.110377 -0.0134496 0)
(0.139943 -0.016348 0)
(0.114484 -0.0233177 0)
(0.0727845 -0.00193987 0)
(0.0483542 0.00160694 0)
(0.0178395 0.000856989 0)
(-0.0115517 0.0116929 0)
(-0.021053 0.0129903 0)
(-0.0232409 0.0131781 0)
(-0.0349379 0.000706445 0)
(-0.0370131 0.000599881 0)
(0.00502204 -0.0522168 0)
(0.0313337 -0.129112 0)
(0.0577019 -0.184748 0)
(0.0734904 -0.225161 0)
(0.0992702 -0.23773 0)
(0.140783 -0.224 0)
(0.197734 -0.19815 0)
(0.261687 -0.171105 0)
(0.312216 -0.143505 0)
(0.318102 -0.0925662 0)
(0.264975 -0.0488144 0)
(0.167385 -0.0108403 0)
(0.0565537 0.0303405 0)
(-0.0282188 0.0828557 0)
(-0.0996335 0.12973 0)
(-0.142976 0.123032 0)
(-0.147359 0.11203 0)
(-0.153947 0.121763 0)
(-0.167934 0.102581 0)
(-0.162762 0.0951433 0)
(-0.114976 0.0727055 0)
(-0.0683075 0.0327002 0)
(-0.0422688 0.00570101 0)
(-0.0213236 0.00684469 0)
(-0.0104933 -0.00241095 0)
(-0.0126048 0.00608827 0)
(0.0111838 0.0407918 0)
(0.044017 0.0744956 0)
(0.060305 0.111424 0)
(0.104054 0.147593 0)
(0.145659 0.148851 0)
(0.164557 0.135618 0)
(0.170585 0.125383 0)
(0.111563 0.121798 0)
(0.0211265 0.122935 0)
(-0.0206778 0.0968544 0)
(-0.0544404 0.078129 0)
(-0.10134 0.043125 0)
(-0.120485 0.00337855 0)
(-0.128776 -0.0570031 0)
(-0.119443 -0.102701 0)
(-0.0794503 -0.123688 0)
(-0.0483262 -0.135601 0)
(-0.0171429 -0.134628 0)
(0.0100935 -0.135545 0)
(0.0275127 -0.121959 0)
(0.0703036 -0.111631 0)
(0.103214 -0.0880095 0)
(0.106233 -0.0265249 0)
(0.100147 0.02904 0)
(0.0696821 0.0779509 0)
(0.0172481 0.118186 0)
(-0.0254862 0.146371 0)
(-0.0511385 0.171567 0)
(-0.0548828 0.190315 0)
(-0.0372417 0.188211 0)
(-0.00643902 0.182531 0)
(0.0247894 0.181328 0)
(0.0251109 0.185035 0)
(0.0137961 0.161661 0)
(-0.00482647 0.123412 0)
(-0.0426656 0.0986586 0)
(-0.0559376 0.0582526 0)
(-0.053292 0.0238341 0)
(-0.0457825 -0.00812575 0)
(-0.00695661 -0.0317114 0)
(0.0274877 -0.0483824 0)
(0.0423596 -0.0428969 0)
(0.065354 -0.0336598 0)
(0.0668547 -0.0261122 0)
(0.0131416 -0.0439427 0)
(-0.030782 -0.0653704 0)
(-0.0370211 -0.0849664 0)
(-0.0305407 -0.102881 0)
(9.40173e-05 -0.107308 0)
(0.0233036 -0.102985 0)
(0.0271584 -0.0976289 0)
(0.0388283 -0.0677638 0)
(0.0530587 -0.0584508 0)
(0.0609795 -0.0400328 0)
(0.0439457 -0.0251597 0)
(0.0109509 -0.0171839 0)
(-0.0373501 -0.0140194 0)
(-0.0901959 0.00860569 0)
(-0.108091 0.0204931 0)
(-0.0911641 0.0149669 0)
(-0.0333313 -0.00474886 0)
(0.0281589 -0.0128101 0)
(0.0641583 -0.00997491 0)
(0.104826 -0.009615 0)
(0.127173 -0.0133591 0)
(0.111555 -0.019417 0)
(0.077011 -0.00108212 0)
(0.0458631 0.00218137 0)
(0.0212037 -0.00404914 0)
(-0.00785278 0.0135139 0)
(-0.020789 0.0165099 0)
(-0.0269192 0.0153598 0)
(-0.0373219 0.00138572 0)
(-0.0323249 -0.00618973 0)
(0.00470031 -0.0424973 0)
(0.0262012 -0.10521 0)
(0.0464497 -0.153632 0)
(0.063526 -0.18591 0)
(0.0982433 -0.203432 0)
(0.142771 -0.194814 0)
(0.188989 -0.178027 0)
(0.245595 -0.157506 0)
(0.305579 -0.137889 0)
(0.317984 -0.0933213 0)
(0.259607 -0.0536542 0)
(0.160693 -0.0181471 0)
(0.0652995 0.0194604 0)
(-0.00459148 0.0610654 0)
(-0.0848585 0.0958124 0)
(-0.137725 0.113997 0)
(-0.131736 0.109587 0)
(-0.139702 0.10191 0)
(-0.15709 0.0941586 0)
(-0.152681 0.0861805 0)
(-0.120559 0.0738438 0)
(-0.0788347 0.0441033 0)
(-0.0382392 0.0163329 0)
(-0.0144445 0.0143997 0)
(-0.0144966 0.0218989 0)
(-0.00299033 0.0340257 0)
(0.0293041 0.0729514 0)
(0.0561244 0.0967197 0)
(0.0735502 0.125896 0)
(0.101556 0.150254 0)
(0.123652 0.149012 0)
(0.143251 0.137969 0)
(0.149535 0.131135 0)
(0.10005 0.110814 0)
(0.0174198 0.111131 0)
(-0.0244077 0.0884899 0)
(-0.0588688 0.0612204 0)
(-0.109213 0.0227372 0)
(-0.133716 -0.0169159 0)
(-0.142058 -0.0688467 0)
(-0.120311 -0.0927602 0)
(-0.0767345 -0.111315 0)
(-0.0435468 -0.122768 0)
(-0.0164815 -0.116708 0)
(0.0105614 -0.12653 0)
(0.029706 -0.110154 0)
(0.0675661 -0.0913489 0)
(0.111004 -0.0714758 0)
(0.124771 -0.0277187 0)
(0.11648 0.0201293 0)
(0.082046 0.0644163 0)
(0.0268175 0.106273 0)
(-0.019761 0.130266 0)
(-0.0355743 0.146086 0)
(-0.0444134 0.186177 0)
(-0.0424907 0.190382 0)
(-0.00778326 0.173678 0)
(0.0288054 0.164697 0)
(0.0242111 0.170648 0)
(4.72933e-05 0.160241 0)
(-0.0193875 0.120495 0)
(-0.055082 0.0920791 0)
(-0.070336 0.0569752 0)
(-0.0647906 0.0227733 0)
(-0.052747 -0.000647684 0)
(-0.0179274 -0.0161925 0)
(0.0244412 -0.0378999 0)
(0.0523779 -0.0321036 0)
(0.070888 -0.0217002 0)
(0.0624065 -0.0247115 0)
(0.00259949 -0.0473274 0)
(-0.0429556 -0.0616536 0)
(-0.0504874 -0.0837916 0)
(-0.0377943 -0.108327 0)
(0.0025205 -0.114566 0)
(0.0252299 -0.112156 0)
(0.0342947 -0.100439 0)
(0.0504201 -0.0649783 0)
(0.0565333 -0.0352838 0)
(0.0610893 -0.0193023 0)
(0.0442212 -0.0148538 0)
(0.00860148 -0.0104738 0)
(-0.0319989 -0.0184152 0)
(-0.0739323 -0.00243159 0)
(-0.0989937 0.00865544 0)
(-0.0922085 0.00350497 0)
(-0.0376087 0.00206908 0)
(0.0231 -0.00145402 0)
(0.0562784 -0.00233674 0)
(0.093775 -0.00430831 0)
(0.11638 -0.00817135 0)
(0.107289 -0.00494002 0)
(0.0748777 -0.000734493 0)
(0.0364061 0.00357093 0)
(0.0211029 -0.00584849 0)
(0.00320136 0.00227494 0)
(-0.0160318 0.0184898 0)
(-0.0281259 0.0178607 0)
(-0.044359 0.00831961 0)
(-0.0310001 -0.00772981 0)
(0.00376857 -0.0369636 0)
(0.0226225 -0.0856507 0)
(0.0405634 -0.118655 0)
(0.0526078 -0.138254 0)
(0.0837268 -0.159049 0)
(0.125733 -0.164377 0)
(0.168828 -0.157534 0)
(0.217823 -0.130121 0)
(0.276531 -0.100455 0)
(0.295562 -0.0809744 0)
(0.241693 -0.0629375 0)
(0.15608 -0.0277487 0)
(0.0693858 0.0165542 0)
(0.0046781 0.0427116 0)
(-0.0623117 0.0757395 0)
(-0.115264 0.104901 0)
(-0.123869 0.104286 0)
(-0.124526 0.0774013 0)
(-0.136658 0.0763249 0)
(-0.136656 0.0652973 0)
(-0.108595 0.0680915 0)
(-0.0791931 0.0531729 0)
(-0.0424852 0.0256566 0)
(-0.00870259 0.00307145 0)
(-0.000730531 0.0220421 0)
(0.00982085 0.052338 0)
(0.0353048 0.0848246 0)
(0.0570276 0.103988 0)
(0.0712876 0.123318 0)
(0.0907972 0.131267 0)
(0.105857 0.132968 0)
(0.12284 0.134209 0)
(0.1287 0.121796 0)
(0.0870582 0.10527 0)
(0.010969 0.0957046 0)
(-0.0344983 0.0843494 0)
(-0.0666886 0.0349933 0)
(-0.114613 0.000958211 0)
(-0.140011 -0.0253596 0)
(-0.137141 -0.0564105 0)
(-0.108726 -0.0737021 0)
(-0.0700902 -0.0978778 0)
(-0.0338708 -0.107434 0)
(-0.0146537 -0.106686 0)
(0.00735915 -0.109995 0)
(0.0333778 -0.0943501 0)
(0.0671053 -0.0709533 0)
(0.108677 -0.057148 0)
(0.126183 -0.0287186 0)
(0.120069 0.0134261 0)
(0.0909192 0.0520207 0)
(0.0331198 0.0903581 0)
(-0.0181823 0.112998 0)
(-0.0224802 0.129658 0)
(-0.0269639 0.155473 0)
(-0.0449389 0.172853 0)
(-0.0200211 0.15525 0)
(0.0298067 0.143345 0)
(0.0320387 0.141545 0)
(-0.00723943 0.138498 0)
(-0.0323296 0.108389 0)
(-0.0617077 0.0738705 0)
(-0.0780555 0.0480102 0)
(-0.069479 0.0222601 0)
(-0.0535381 0.00246076 0)
(-0.0202582 -0.000135984 0)
(0.022633 -0.0148665 0)
(0.0552467 -0.022809 0)
(0.0693327 -0.0190241 0)
(0.0485327 -0.0202445 0)
(-0.00795656 -0.0409059 0)
(-0.0456153 -0.057232 0)
(-0.0567748 -0.0698534 0)
(-0.0420252 -0.0994083 0)
(-0.00089288 -0.11181 0)
(0.0236274 -0.115261 0)
(0.041622 -0.0908892 0)
(0.0611091 -0.0567458 0)
(0.0612509 -0.0255409 0)
(0.0557357 -0.00719493 0)
(0.0386308 -0.00445256 0)
(0.00623786 -0.00524808 0)
(-0.0254837 -0.0145029 0)
(-0.0596045 -0.00703568 0)
(-0.0920664 -0.0017369 0)
(-0.0874715 0.00351699 0)
(-0.0347605 0.0131422 0)
(0.019406 0.00621051 0)
(0.0492174 0.00602636 0)
(0.0819334 0.00354125 0)
(0.104818 0.0023423 0)
(0.0951933 0.00150771 0)
(0.0647726 -0.00325687 0)
(0.0289733 0.00315172 0)
(0.0130467 0.00479122 0)
(0.00866252 -0.000598844 0)
(-0.0058062 0.00986343 0)
(-0.0278901 0.00848203 0)
(-0.0493994 0.00213162 0)
(-0.0297767 -0.0049609 0)
(0.00466381 -0.0319435 0)
(0.0218981 -0.0620474 0)
(0.0351484 -0.0837988 0)
(0.0376431 -0.093002 0)
(0.0590016 -0.113244 0)
(0.0957968 -0.127891 0)
(0.138577 -0.113496 0)
(0.191605 -0.086804 0)
(0.235261 -0.0510133 0)
(0.238363 -0.0577172 0)
(0.199278 -0.0631776 0)
(0.13745 -0.0290048 0)
(0.0621075 0.0100472 0)
(0.0130489 0.0387702 0)
(-0.037536 0.0617707 0)
(-0.0908393 0.0859789 0)
(-0.107189 0.0850573 0)
(-0.106077 0.0553188 0)
(-0.111766 0.0440285 0)
(-0.10858 0.050349 0)
(-0.0837028 0.0680142 0)
(-0.0700535 0.0493693 0)
(-0.0471845 0.0222275 0)
(-0.0073918 -0.00111394 0)
(0.013415 0.0127678 0)
(0.021855 0.0481394 0)
(0.0386059 0.0785667 0)
(0.05252 0.0975412 0)
(0.0596225 0.101066 0)
(0.0717201 0.101914 0)
(0.0867852 0.106306 0)
(0.096751 0.108192 0)
(0.0967593 0.0985311 0)
(0.0649269 0.0848063 0)
(0.00804552 0.0700846 0)
(-0.0399078 0.0700061 0)
(-0.0737818 0.0109626 0)
(-0.0980418 -0.0127765 0)
(-0.116333 -0.0211281 0)
(-0.11777 -0.0254896 0)
(-0.097465 -0.0566242 0)
(-0.0626624 -0.0834368 0)
(-0.0283214 -0.0869916 0)
(-0.0125052 -0.0912113 0)
(0.0106035 -0.0821074 0)
(0.0345496 -0.0705415 0)
(0.0565131 -0.0548218 0)
(0.0908618 -0.0458434 0)
(0.116662 -0.0333298 0)
(0.115158 0.00471087 0)
(0.0868164 0.0382648 0)
(0.0337927 0.0589223 0)
(-0.0143035 0.0886373 0)
(-0.0159721 0.113636 0)
(-0.015311 0.122992 0)
(-0.0380354 0.139693 0)
(-0.0214339 0.131905 0)
(0.0261528 0.117617 0)
(0.0297993 0.103816 0)
(-0.00745203 0.097569 0)
(-0.0396056 0.0855203 0)
(-0.0643267 0.0504172 0)
(-0.0717043 0.0324956 0)
(-0.0659535 0.0190375 0)
(-0.0443342 0.00980777 0)
(-0.0150908 0.0112137 0)
(0.0129817 -0.00469098 0)
(0.0457573 -0.0167924 0)
(0.0656596 -0.0199111 0)
(0.0427413 -0.0274543 0)
(-0.0182529 -0.0292713 0)
(-0.0470428 -0.0336602 0)
(-0.0584828 -0.0485123 0)
(-0.049652 -0.0834236 0)
(-0.00416019 -0.107997 0)
(0.0274572 -0.109108 0)
(0.0491426 -0.0778606 0)
(0.0629122 -0.0474453 0)
(0.0583602 -0.0187955 0)
(0.0496974 -0.00112872 0)
(0.0310068 0.0100528 0)
(0.000907075 0.0108638 0)
(-0.0223361 -0.0116736 0)
(-0.0473669 -0.0145167 0)
(-0.0727019 -0.0145166 0)
(-0.0674016 -0.000895288 0)
(-0.031053 0.0153557 0)
(0.0113954 0.0152981 0)
(0.0377899 0.0134726 0)
(0.0666399 0.00664214 0)
(0.0856495 0.00125912 0)
(0.0739651 -0.00213981 0)
(0.0517823 -0.00208162 0)
(0.0255296 -0.000353523 0)
(0.00906162 0.00871687 0)
(0.00503151 0.0100978 0)
(-0.00493606 0.00209841 0)
(-0.0255441 -9.16174e-05 0)
(-0.045033 0.00336341 0)
(-0.0247126 -0.000730229 0)
(0.00676858 -0.0226936 0)
(0.0197871 -0.036932 0)
(0.0277444 -0.0485097 0)
(0.0230167 -0.0495986 0)
(0.029272 -0.0657097 0)
(0.0628003 -0.0885254 0)
(0.100303 -0.0612582 0)
(0.139883 -0.038337 0)
(0.162614 -0.0265051 0)
(0.152077 -0.0446494 0)
(0.136995 -0.0516357 0)
(0.106768 -0.0200628 0)
(0.0533047 0.0110879 0)
(0.0150767 0.0311415 0)
(-0.0211093 0.0359037 0)
(-0.0610149 0.055493 0)
(-0.0841608 0.0645609 0)
(-0.0820354 0.0309958 0)
(-0.072503 0.0169581 0)
(-0.0595992 0.0333796 0)
(-0.0543513 0.0525331 0)
(-0.0609067 0.0387075 0)
(-0.0421659 0.0114238 0)
(-0.0048714 -0.00504525 0)
(0.0207918 0.00388104 0)
(0.0276054 0.0336883 0)
(0.034004 0.0616778 0)
(0.0350289 0.0755034 0)
(0.0353604 0.0704424 0)
(0.0505612 0.0628041 0)
(0.061625 0.0642358 0)
(0.0658365 0.0522137 0)
(0.0656659 0.0609327 0)
(0.0405851 0.0570822 0)
(0.00518536 0.0550708 0)
(-0.0394157 0.0455272 0)
(-0.0664799 0.00261274 0)
(-0.0685425 -0.0158399 0)
(-0.0760356 -0.0200605 0)
(-0.0873381 -0.0109709 0)
(-0.0823187 -0.0403789 0)
(-0.0446472 -0.0576545 0)
(-0.0153413 -0.0584186 0)
(-0.00513346 -0.0545926 0)
(0.0120072 -0.0486594 0)
(0.0255422 -0.0498452 0)
(0.0391231 -0.0414447 0)
(0.0612382 -0.0296395 0)
(0.0863535 -0.0272866 0)
(0.0939645 0.000617171 0)
(0.0665467 0.019647 0)
(0.0267059 0.0286067 0)
(-0.00146294 0.0577751 0)
(-0.0065041 0.0773261 0)
(-0.00756657 0.0816103 0)
(-0.0285718 0.094251 0)
(-0.0232887 0.0939648 0)
(0.0154751 0.0700902 0)
(0.0221414 0.060282 0)
(-0.00424168 0.0562132 0)
(-0.0336308 0.0527025 0)
(-0.0545962 0.0326177 0)
(-0.0537488 0.0165359 0)
(-0.0459658 0.0114913 0)
(-0.029432 0.0165593 0)
(-0.0132883 0.0075585 0)
(0.00475192 -0.00298788 0)
(0.0331207 -0.00788207 0)
(0.0448821 -0.0166094 0)
(0.0305206 -0.0291243 0)
(-0.00640699 -0.0173576 0)
(-0.0346295 -0.0113515 0)
(-0.0565807 -0.0256749 0)
(-0.0535222 -0.0530053 0)
(-0.0094356 -0.0734518 0)
(0.0278535 -0.0874956 0)
(0.0466978 -0.0586494 0)
(0.0545436 -0.0369829 0)
(0.0478288 -0.00681501 0)
(0.0409594 0.00714028 0)
(0.0288327 0.0159346 0)
(-0.0065989 0.0146016 0)
(-0.0253986 -0.0103095 0)
(-0.0354036 -0.0182569 0)
(-0.0533909 -0.017302 0)
(-0.0438088 -0.0070721 0)
(-0.0149705 0.00855807 0)
(0.0100532 0.0113285 0)
(0.0214796 0.0149186 0)
(0.041032 0.0115538 0)
(0.0591656 -0.000555601 0)
(0.053519 -0.00377256 0)
(0.0345651 0.0012738 0)
(0.0164547 0.000879789 0)
(0.00943766 0.00444228 0)
(0.00195466 0.013451 0)
(-0.00664802 -0.000558686 0)
(-0.0153624 -0.00270107 0)
(-0.0349714 0.0067853 0)
(-0.0221868 0.00537807 0)
(0.00498983 -0.00842578 0)
(0.0115377 -0.0125319 0)
(0.0142996 -0.0151649 0)
(0.00690248 -0.0148171 0)
(-0.000120627 -0.0217404 0)
(0.0227632 -0.0352352 0)
(0.047743 -0.0200251 0)
(0.057922 -0.00875937 0)
(0.0598671 -0.00970681 0)
(0.0536966 -0.0190812 0)
(0.0576656 -0.0190856 0)
(0.0510598 -0.00535889 0)
(0.0223523 0.0069358 0)
(0.00414395 0.00907321 0)
(-0.00637175 0.00982483 0)
(-0.0184444 0.0174801 0)
(-0.037519 0.027522 0)
(-0.0417135 0.0109791 0)
(-0.0267179 0.00394911 0)
(-0.0158774 0.0110683 0)
(-0.0164244 0.0163779 0)
(-0.0301547 0.0170416 0)
(-0.0258237 0.00295075 0)
(-0.00172471 -0.00410409 0)
(0.0156286 -0.000358152 0)
(0.0196622 0.0118314 0)
(0.019456 0.025015 0)
(0.0135994 0.0308241 0)
(0.0083182 0.0290148 0)
(0.015793 0.0229201 0)
(0.0190617 0.0191185 0)
(0.025752 0.00972768 0)
(0.0321231 0.0179196 0)
(0.0198167 0.019832 0)
(0.00220729 0.0237796 0)
(-0.0246168 0.0151706 0)
(-0.0356343 0.000754757 0)
(-0.0282771 -0.00868635 0)
(-0.0251046 -0.00937488 0)
(-0.0356354 -0.00378611 0)
(-0.0393502 -0.0132926 0)
(-0.0180387 -0.0179021 0)
(-0.00211077 -0.0200743 0)
(-0.000338788 -0.0153685 0)
(0.00247793 -0.0164132 0)
(0.00839192 -0.0202093 0)
(0.0168604 -0.0172877 0)
(0.0241666 -0.0105086 0)
(0.0384006 -0.0103202 0)
(0.0440575 0.00193864 0)
(0.0273265 0.0046594 0)
(0.0132269 0.00905796 0)
(0.00101546 0.0209654 0)
(-0.0028537 0.0246332 0)
(0.00022737 0.0267273 0)
(-0.0104807 0.0323086 0)
(-0.0160291 0.0350882 0)
(0.00380422 0.0216719 0)
(0.0130478 0.0195505 0)
(0.000115837 0.0192772 0)
(-0.0152633 0.0183027 0)
(-0.0276874 0.0125945 0)
(-0.0244899 0.00471407 0)
(-0.0161777 0.00356058 0)
(-0.0113726 0.00787471 0)
(-0.00833092 0.00153905 0)
(0.00114549 -0.00129968 0)
(0.0131205 -0.00186769 0)
(0.017895 -0.00825793 0)
(0.0171436 -0.0101808 0)
(-0.000269625 -0.00327867 0)
(-0.0161087 -0.00456139 0)
(-0.0298058 -0.00813473 0)
(-0.0299123 -0.0179843 0)
(-0.0103655 -0.0230623 0)
(0.0124147 -0.0359797 0)
(0.0271181 -0.0229891 0)
(0.0299679 -0.0145011 0)
(0.0256013 0.000406681 0)
(0.018165 0.00656532 0)
(0.0115358 0.0069971 0)
(-0.00848665 0.00272814 0)
(-0.0156204 -0.00536718 0)
(-0.0143068 -0.0100086 0)
(-0.0206464 -0.00716026 0)
(-0.0151531 -0.00149344 0)
(-0.00523127 0.00453512 0)
(0.00528542 0.00169721 0)
(0.0101908 0.00666417 0)
(0.0140769 0.00769468 0)
(0.0213043 0.00145189 0)
(0.0219078 -0.00218051 0)
(0.0146465 0.000475788 0)
(0.00476236 0.00173032 0)
(0.00484574 0.000869429 0)
(9.07712e-05 0.00543627 0)
(-0.00601384 -0.00107765 0)
(-0.0043254 -0.0028497 0)
(-0.0138197 0.001704 0)
(-0.0135085 0.00430543 0)
)
;

boundaryField
{
    inlet
    {
        type            fixedValue;
        value           uniform (0 0 0);
    }
    outlet
    {
        type            fixedValue;
        value           uniform (0 0 0);
    }
    down
    {
        type            empty;
    }
    up
    {
        type            empty;
    }
    sides
    {
        type            fixedValue;
        value           uniform (0 0 0);
    }
}

