/*--------------------------------*- C++ -*----------------------------------*\
| =========                 |                                                 |
| \\      /  F ield         | OpenFOAM: The Open Source CFD Toolbox           |
|  \\    /   O peration     | Version:  v2012                                 |
|   \\  /    A nd           | Website:  www.openfoam.com                      |
|    \\/     M anipulation  |                                                 |
\*---------------------------------------------------------------------------*/
FoamFile
{
    version     2.0;
    format      ascii;
    class       volVectorField;
    location    "0";
    object      U;
}
// * * * * * * * * * * * * * * * * * * * * * * * * * * * * * * * * * * * * * //

dimensions      [0 1 -1 0 0 0 0];


internalField   nonuniform List<vector> 
4000
(
(1 -2.26928e-15 0)
(1 5.62402e-15 0)
(1 -2.89501e-15 0)
(1 7.9878e-15 0)
(1 -2.19093e-15 0)
(1 -5.54827e-16 0)
(1 4.30984e-15 0)
(1 -5.70926e-15 0)
(1 5.60761e-16 0)
(1 -4.95805e-15 0)
(1 2.53775e-15 0)
(1 4.57917e-15 0)
(1 1.54322e-15 0)
(1 2.56848e-16 0)
(1 6.35116e-15 0)
(1 -1.66371e-15 0)
(1 -3.88437e-15 0)
(1 -6.98742e-15 0)
(1 8.36096e-16 0)
(1 -2.37525e-15 0)
(1 -6.73174e-15 0)
(1 -1.18168e-14 0)
(1 1.38698e-15 0)
(1 1.1604e-15 0)
(1 5.98398e-15 0)
(1 -1.99265e-15 0)
(1 7.37949e-15 0)
(1 1.85087e-15 0)
(1 5.27441e-15 0)
(1 3.87922e-15 0)
(1 2.58684e-15 0)
(1 -4.48013e-15 0)
(1 -7.00505e-15 0)
(1 -1.58448e-15 0)
(1 7.5081e-16 0)
(1 5.70739e-15 0)
(1 8.64755e-15 0)
(1 3.47248e-15 0)
(1 4.1659e-15 0)
(1 -4.48106e-15 0)
(1 -4.42629e-15 0)
(1 -3.25944e-15 0)
(1 2.49215e-15 0)
(1 2.65824e-15 0)
(1 -2.19234e-15 0)
(1 -1.17707e-15 0)
(1 9.23309e-17 0)
(1 -3.51433e-15 0)
(1 6.34588e-17 0)
(1 7.96352e-16 0)
(1 3.40642e-16 0)
(1 6.64217e-15 0)
(1 -1.83498e-15 0)
(1 3.9855e-15 0)
(1 -3.10027e-15 0)
(1 -5.60767e-15 0)
(1 -2.1094e-15 0)
(1 2.89254e-15 0)
(1 4.79561e-15 0)
(1 4.14559e-15 0)
(1 5.03754e-15 0)
(1 1.12047e-16 0)
(1 1.43951e-15 0)
(1 -1.65956e-15 0)
(1 2.31168e-15 0)
(1 -9.1967e-16 0)
(1 -4.03753e-15 0)
(1 -1.35909e-16 0)
(1 -1.47147e-15 0)
(1 -5.32864e-16 0)
(1 -4.14879e-15 0)
(1 1.30252e-16 0)
(1 1.82798e-15 0)
(1 -3.18095e-15 0)
(1 -8.42681e-15 0)
(1 -3.06514e-15 0)
(1 -1.79066e-15 0)
(1 2.47965e-15 0)
(1 3.97344e-15 0)
(1 4.42694e-15 0)
(1 3.76153e-15 0)
(1 -5.41165e-16 0)
(1 -1.19947e-15 0)
(1 -1.23538e-15 0)
(1 -1.30632e-15 0)
(1 -4.0734e-16 0)
(1 -3.64814e-15 0)
(1 2.57051e-15 0)
(1 2.8168e-15 0)
(1 2.04133e-15 0)
(1 -6.78376e-16 0)
(1 -8.051e-16 0)
(1 -2.33366e-15 0)
(1 -3.31192e-15 0)
(1 -4.36137e-15 0)
(1 -3.19023e-15 0)
(1 -1.01718e-15 0)
(1 -8.42896e-16 0)
(1 1.09894e-15 0)
(1 1.05376e-15 0)
(1 2.22479e-15 0)
(1 4.21226e-16 0)
(1 8.05797e-16 0)
(1 6.92063e-15 0)
(1 -4.20693e-15 0)
(1 -2.04716e-15 0)
(1 4.13455e-15 0)
(1 -7.37626e-15 0)
(1 3.19538e-15 0)
(1 -7.55905e-15 0)
(1 -3.41781e-16 0)
(1 7.50511e-15 0)
(1 7.75539e-15 0)
(1 5.05554e-15 0)
(1 8.45006e-15 0)
(1 -2.39948e-15 0)
(1 -8.86654e-15 0)
(1 -1.28878e-14 0)
(1 1.07541e-15 0)
(1 -4.02726e-15 0)
(1 -9.21931e-15 0)
(1 -1.38378e-14 0)
(1 1.81547e-15 0)
(1 -3.98939e-15 0)
(1 8.97258e-15 0)
(1 1.38306e-16 0)
(1 7.67533e-15 0)
(1 -3.06546e-15 0)
(1 3.98428e-15 0)
(1 4.31868e-15 0)
(1 8.10866e-15 0)
(1 -1.13583e-15 0)
(1 -5.52217e-15 0)
(1 1.08663e-15 0)
(1 -1.25499e-15 0)
(1 2.70213e-15 0)
(1 5.31957e-15 0)
(1 6.76818e-15 0)
(1 4.63714e-16 0)
(1 -9.31126e-15 0)
(1 -7.57224e-15 0)
(1 -1.78845e-15 0)
(1 3.31138e-15 0)
(1 -1.60431e-15 0)
(1 -1.99968e-15 0)
(1 -4.67823e-15 0)
(1 2.61108e-15 0)
(1 -9.48594e-17 0)
(1 4.22985e-15 0)
(1 -5.79391e-15 0)
(1 -5.86554e-15 0)
(1 1.78202e-15 0)
(1 -3.883e-16 0)
(1 2.79287e-15 0)
(1 2.44818e-15 0)
(1 1.09427e-15 0)
(1 4.84248e-15 0)
(1 7.48243e-15 0)
(1 1.37042e-15 0)
(1 -2.84116e-15 0)
(1 -3.68926e-15 0)
(1 1.48721e-16 0)
(1 3.01213e-15 0)
(1 1.96956e-15 0)
(1 4.12371e-15 0)
(1 -2.71452e-15 0)
(1 -7.79775e-15 0)
(1 -2.53022e-15 0)
(1 -4.216e-15 0)
(1 -2.40147e-15 0)
(1 -1.93676e-15 0)
(1 5.55385e-15 0)
(1 6.48285e-15 0)
(1 -7.41562e-16 0)
(1 -3.53955e-15 0)
(1 -2.39444e-15 0)
(1 3.57071e-15 0)
(1 3.29805e-15 0)
(1 7.89113e-15 0)
(1 3.08901e-15 0)
(1 3.51324e-15 0)
(1 -3.62368e-15 0)
(1 1.16659e-15 0)
(1 2.19647e-15 0)
(1 3.75326e-15 0)
(1 4.61071e-16 0)
(1 -7.73357e-16 0)
(1 -3.49762e-15 0)
(1 -2.56698e-15 0)
(1 -8.68905e-16 0)
(1 1.06368e-15 0)
(1 1.77749e-15 0)
(1 -2.60374e-15 0)
(1 -5.56008e-15 0)
(1 -8.54167e-15 0)
(1 -1.88053e-15 0)
(1 -1.47133e-16 0)
(1 1.1118e-15 0)
(1 -3.59615e-15 0)
(1 -1.47962e-15 0)
(1 2.04986e-15 0)
(1 -5.29516e-15 0)
(1 1.38272e-15 0)
(1 -6.85472e-15 0)
(1 2.78006e-15 0)
(1 2.56606e-15 0)
(1 8.26116e-15 0)
(1 4.13186e-16 0)
(1 -6.50557e-16 0)
(1 -1.81644e-15 0)
(1 -2.0031e-15 0)
(1 6.33037e-15 0)
(1 6.64612e-15 0)
(1 1.0241e-14 0)
(1 1.22469e-15 0)
(1 1.96561e-15 0)
(1 -5.4223e-15 0)
(1 -1.99269e-15 0)
(1 -1.67087e-15 0)
(1 -3.85536e-15 0)
(1 -3.93e-15 0)
(1 -3.70606e-15 0)
(1 -8.59886e-15 0)
(1 -8.12393e-15 0)
(1 8.6048e-15 0)
(1 8.66714e-15 0)
(1 7.14458e-15 0)
(1 7.88134e-15 0)
(1 1.16128e-14 0)
(1 1.09822e-14 0)
(1 6.55944e-15 0)
(1 -1.76938e-15 0)
(1 2.50996e-16 0)
(1 -4.04825e-15 0)
(1 -1.60345e-15 0)
(1 -5.24069e-15 0)
(1 -3.73445e-15 0)
(1 4.36899e-15 0)
(1 -1.80531e-15 0)
(1 -2.81167e-15 0)
(1 -2.11814e-15 0)
(1 -2.2692e-15 0)
(1 -7.97313e-15 0)
(1 -7.12652e-15 0)
(1 -1.27925e-15 0)
(1 -2.86253e-15 0)
(1 1.11249e-15 0)
(1 1.26366e-15 0)
(1 -7.58916e-16 0)
(1 -3.3835e-16 0)
(1 -1.59317e-15 0)
(1 -6.88731e-16 0)
(1 4.64844e-15 0)
(1 2.8433e-16 0)
(1 8.48578e-15 0)
(1 7.68714e-15 0)
(1 5.4801e-15 0)
(1 3.90733e-16 0)
(1 -5.24115e-15 0)
(1 -6.3089e-15 0)
(1 -1.72429e-15 0)
(1 7.22641e-15 0)
(1 1.98463e-15 0)
(1 5.20089e-16 0)
(1 2.76621e-15 0)
(1 -3.14443e-15 0)
(1 -6.48971e-15 0)
(1 -2.31961e-15 0)
(1 1.35353e-17 0)
(1 -5.6504e-16 0)
(1 9.66983e-16 0)
(1 1.16838e-15 0)
(1 -9.79841e-16 0)
(1 -7.24593e-16 0)
(1 -1.14161e-15 0)
(1 1.66711e-15 0)
(1 6.06125e-16 0)
(1 1.64923e-15 0)
(1 4.17619e-15 0)
(1 8.75066e-16 0)
(1 -5.64188e-15 0)
(1 -2.16403e-15 0)
(1 -1.81437e-15 0)
(1 -2.61788e-15 0)
(1 5.12944e-15 0)
(1 6.60064e-17 0)
(1 2.18617e-15 0)
(1 -3.88176e-15 0)
(1 -6.57749e-15 0)
(1 -8.19998e-16 0)
(1 2.99781e-15 0)
(1 -1.0395e-15 0)
(1 -3.02402e-15 0)
(1 -3.56386e-15 0)
(1 -6.23287e-15 0)
(1 -2.07376e-15 0)
(1 -5.99346e-16 0)
(1 -1.93459e-15 0)
(1 -2.28122e-15 0)
(1 -5.53124e-16 0)
(1 2.90321e-15 0)
(1 -5.1234e-15 0)
(1 -1.82012e-15 0)
(1 -9.07324e-15 0)
(1 4.5182e-15 0)
(1 2.09958e-15 0)
(1 8.83905e-15 0)
(1 -1.05844e-16 0)
(1 -3.49186e-15 0)
(1 -2.78547e-15 0)
(1 7.70994e-15 0)
(1 1.11995e-14 0)
(1 4.77708e-15 0)
(1 7.29771e-15 0)
(1 3.44859e-15 0)
(1 4.14708e-15 0)
(1 -2.15541e-15 0)
(1 -9.34931e-15 0)
(1 -1.0451e-14 0)
(1 -1.55201e-15 0)
(1 -4.6969e-15 0)
(1 -8.27912e-16 0)
(1 -2.22049e-15 0)
(1 5.72645e-15 0)
(1 5.7732e-15 0)
(1 5.6516e-15 0)
(1 8.8946e-15 0)
(1 8.84622e-15 0)
(1 1.04788e-14 0)
(1 1.01959e-14 0)
(1 5.32869e-15 0)
(1 1.56235e-15 0)
(1 7.45392e-16 0)
(1 8.57062e-16 0)
(1 1.76432e-15 0)
(1 -6.46166e-15 0)
(1 -3.82496e-15 0)
(1 -5.10142e-15 0)
(1 2.31464e-15 0)
(1 5.97412e-15 0)
(1 7.81835e-16 0)
(1 -6.50897e-15 0)
(1 -1.06413e-14 0)
(1 -3.25731e-15 0)
(1 -3.14898e-15 0)
(1 2.5155e-15 0)
(1 2.76902e-15 0)
(1 7.58131e-16 0)
(1 -1.04312e-15 0)
(1 7.13501e-15 0)
(1 3.72821e-15 0)
(1 -3.15963e-15 0)
(1 -3.59368e-15 0)
(1 -2.70972e-16 0)
(1 5.68437e-16 0)
(1 9.49694e-16 0)
(1 3.59098e-15 0)
(1 -9.73347e-16 0)
(1 -6.6598e-15 0)
(1 8.10242e-16 0)
(1 3.47387e-15 0)
(1 5.71974e-15 0)
(1 4.10526e-15 0)
(1 4.45281e-15 0)
(1 1.7886e-15 0)
(1 -3.48648e-15 0)
(1 -8.55245e-15 0)
(1 -4.90621e-15 0)
(1 -4.29829e-15 0)
(1 -5.7789e-16 0)
(1 -9.05065e-16 0)
(1 1.02393e-15 0)
(1 -1.21448e-15 0)
(1 -1.72216e-15 0)
(1 -3.77388e-15 0)
(1 -8.26777e-16 0)
(1 4.50929e-15 0)
(1 -1.60251e-15 0)
(1 8.8657e-15 0)
(1 -4.9669e-16 0)
(1 -3.42493e-15 0)
(1 5.14303e-15 0)
(1 -2.70112e-15 0)
(1 -2.47749e-15 0)
(1 -9.8835e-16 0)
(1 2.4228e-15 0)
(1 4.25481e-15 0)
(1 2.19117e-15 0)
(1 7.7452e-16 0)
(1 -1.12796e-15 0)
(1 3.10319e-16 0)
(1 -3.56483e-15 0)
(1 -9.64625e-16 0)
(1 -2.9724e-16 0)
(1 -5.15433e-15 0)
(1 -6.49603e-15 0)
(1 -3.7963e-15 0)
(1 -6.97511e-15 0)
(1 -4.29666e-15 0)
(1 1.5222e-16 0)
(1 3.31629e-15 0)
(1 -1.82906e-15 0)
(1 -6.58752e-15 0)
(1 3.6764e-16 0)
(1 8.12342e-17 0)
(1 1.44702e-15 0)
(1 1.65985e-15 0)
(1 1.34042e-15 0)
(1 -4.58689e-15 0)
(1 -5.14152e-15 0)
(1 6.22396e-15 0)
(1 -3.96538e-17 0)
(1 8.21733e-15 0)
(1 8.66514e-17 0)
(1 1.10629e-14 0)
(1 6.5988e-15 0)
(1 4.3638e-15 0)
(1 -1.07715e-14 0)
(1 -8.12582e-15 0)
(1 -1.49891e-14 0)
(1 -8.02173e-15 0)
(1 -5.22875e-15 0)
(1 5.69322e-15 0)
(1 1.77396e-14 0)
(1 1.29258e-14 0)
(1 6.57955e-15 0)
(1 1.0807e-14 0)
(1 7.76798e-15 0)
(1 5.60824e-15 0)
(1 2.51884e-15 0)
(1 4.28001e-15 0)
(1 3.71013e-15 0)
(1 4.5486e-15 0)
(1 3.75308e-15 0)
(1 -6.25928e-15 0)
(1 -1.28098e-14 0)
(1 -4.65581e-15 0)
(1 -7.58709e-15 0)
(1 -2.98265e-15 0)
(1 1.10385e-15 0)
(1 -4.30772e-15 0)
(1 -5.12616e-15 0)
(1 -4.92464e-15 0)
(1 -1.29439e-15 0)
(1 -3.25197e-15 0)
(1 -1.60674e-15 0)
(1 3.98032e-15 0)
(1 4.2788e-15 0)
(1 4.82743e-15 0)
(1 3.60258e-15 0)
(1 -2.36036e-15 0)
(1 -1.4845e-15 0)
(1 -3.91791e-15 0)
(1 2.31109e-15 0)
(1 5.58338e-15 0)
(1 8.90543e-15 0)
(1 4.64858e-15 0)
(1 -4.94921e-16 0)
(1 -1.31645e-15 0)
(1 -2.79154e-15 0)
(1 -1.00955e-15 0)
(1 -2.14749e-15 0)
(1 5.51355e-15 0)
(1 3.97775e-15 0)
(1 -1.24397e-15 0)
(1 -2.77724e-15 0)
(1 -1.59022e-15 0)
(1 -4.67792e-15 0)
(1 -1.1991e-15 0)
(1 5.34617e-16 0)
(1 -1.12111e-15 0)
(1 2.97959e-15 0)
(1 4.4669e-15 0)
(1 -1.54351e-15 0)
(1 1.90491e-15 0)
(1 7.66554e-16 0)
(1 6.63383e-15 0)
(1 3.2656e-15 0)
(1 1.2611e-14 0)
(1 -1.39003e-15 0)
(1 -8.83863e-16 0)
(1 -2.91546e-15 0)
(1 2.19296e-15 0)
(1 3.00194e-15 0)
(1 5.62188e-16 0)
(1 4.13413e-15 0)
(1 2.80279e-15 0)
(1 -3.88463e-15 0)
(1 -5.86474e-15 0)
(1 -7.88828e-15 0)
(1 -2.31389e-16 0)
(1 -2.67872e-15 0)
(1 -1.14394e-15 0)
(1 6.20666e-16 0)
(1 -4.03891e-15 0)
(1 -2.42066e-15 0)
(1 -3.96183e-15 0)
(1 -3.6372e-15 0)
(1 -4.74179e-15 0)
(1 7.47483e-16 0)
(1 -2.587e-15 0)
(1 -3.74916e-15 0)
(1 -4.882e-15 0)
(1 -4.63129e-16 0)
(1 -1.28595e-15 0)
(1 5.73824e-15 0)
(1 -5.69053e-15 0)
(1 -1.14044e-15 0)
(1 1.48434e-15 0)
(1 8.34903e-15 0)
(1 5.03942e-15 0)
(1 -7.07295e-15 0)
(1 3.25943e-15 0)
(1 1.74535e-15 0)
(1 6.69729e-15 0)
(1 6.168e-15 0)
(1 1.88227e-15 0)
(1 6.92578e-16 0)
(1 -7.13778e-16 0)
(1 -5.95252e-15 0)
(1 -3.07487e-15 0)
(1 -7.55461e-16 0)
(1 8.81257e-15 0)
(1 6.31995e-15 0)
(1 5.01683e-15 0)
(1 2.83205e-15 0)
(1 7.66999e-15 0)
(1 1.01749e-14 0)
(1 9.02422e-15 0)
(1 1.04233e-14 0)
(1 -4.91271e-15 0)
(1 -1.49156e-15 0)
(1 -3.36522e-15 0)
(1 3.26273e-16 0)
(1 9.35374e-16 0)
(1 1.93565e-15 0)
(1 6.84309e-17 0)
(1 1.13842e-15 0)
(1 -6.3846e-15 0)
(1 -2.31668e-15 0)
(1 -8.76403e-17 0)
(1 -1.1874e-15 0)
(1 3.52779e-15 0)
(1 8.03058e-16 0)
(1 1.02772e-15 0)
(1 -7.37246e-15 0)
(1 -7.02051e-15 0)
(1 -1.25795e-15 0)
(1 6.08633e-15 0)
(1 9.57259e-16 0)
(1 8.45291e-16 0)
(1 7.2204e-15 0)
(1 6.20519e-16 0)
(1 -5.93674e-16 0)
(1 6.46611e-15 0)
(1 5.47803e-15 0)
(1 -9.10238e-16 0)
(1 -3.32976e-15 0)
(1 9.14414e-15 0)
(1 4.61217e-15 0)
(1 6.87904e-15 0)
(1 2.2389e-16 0)
(1 4.79452e-16 0)
(1 -3.36746e-15 0)
(1 -4.57932e-16 0)
(1 2.88045e-15 0)
(1 7.11543e-15 0)
(1 7.71456e-15 0)
(1 1.16278e-14 0)
(1 1.10263e-14 0)
(1 3.39397e-15 0)
(1 -4.91788e-15 0)
(1 2.03346e-16 0)
(1 -2.04199e-15 0)
(1 -4.26601e-15 0)
(1 -6.43444e-15 0)
(1 -5.84477e-15 0)
(1 7.02929e-15 0)
(1 5.67094e-15 0)
(1 8.51727e-15 0)
(1 2.23093e-15 0)
(1 3.3132e-15 0)
(1 5.6772e-15 0)
(1 -3.52992e-15 0)
(1 -2.5558e-15 0)
(1 9.12214e-16 0)
(1 -1.79534e-15 0)
(1 -4.43165e-15 0)
(1 -6.14807e-15 0)
(1 -2.17822e-15 0)
(1 -6.78092e-15 0)
(1 -2.93092e-15 0)
(1 -2.76731e-15 0)
(1 7.84932e-16 0)
(1 5.40512e-17 0)
(1 -2.56206e-16 0)
(1 1.95815e-15 0)
(1 2.5358e-15 0)
(1 7.62499e-15 0)
(1 6.99096e-15 0)
(1 -3.80635e-15 0)
(1 -2.80498e-15 0)
(1 3.085e-15 0)
(1 3.12133e-15 0)
(1 -2.84855e-15 0)
(1 -3.91732e-15 0)
(1 -1.3345e-14 0)
(1 -6.08955e-15 0)
(1 2.44962e-15 0)
(1 1.17942e-14 0)
(1 7.38168e-15 0)
(1 -7.89645e-15 0)
(1 2.28724e-15 0)
(1 5.00327e-16 0)
(1 9.85464e-15 0)
(1 5.06271e-15 0)
(1 8.49856e-15 0)
(1 -2.27465e-17 0)
(1 4.23174e-15 0)
(1 1.50041e-14 0)
(1 -6.57222e-16 0)
(1 -3.601e-15 0)
(1 3.30399e-15 0)
(1 -4.99499e-15 0)
(1 -5.55727e-15 0)
(1 -2.49171e-15 0)
(1 -1.49778e-15 0)
(1 6.07715e-15 0)
(1 8.19407e-15 0)
(1 1.17773e-14 0)
(1 1.04709e-14 0)
(1 3.56264e-15 0)
(1 -3.6068e-15 0)
(1 -6.43424e-15 0)
(1 1.18241e-15 0)
(1 4.3092e-15 0)
(1 1.08358e-15 0)
(1 1.34503e-15 0)
(1 -6.61995e-16 0)
(1 -1.68494e-15 0)
(1 5.13071e-17 0)
(1 -8.67086e-16 0)
(1 5.73088e-15 0)
(1 2.36195e-15 0)
(1 -1.45255e-15 0)
(1 -9.043e-15 0)
(1 -1.29877e-14 0)
(1 2.62516e-15 0)
(1 1.03971e-14 0)
(1 5.25047e-15 0)
(1 6.63277e-15 0)
(1 3.62267e-15 0)
(1 -1.74063e-15 0)
(1 -1.19648e-15 0)
(1 3.39837e-18 0)
(1 2.65257e-15 0)
(1 5.80959e-16 0)
(1 6.54858e-16 0)
(1 1.57795e-16 0)
(1 6.56496e-15 0)
(1 4.89078e-15 0)
(1 3.86669e-15 0)
(1 -1.60125e-15 0)
(1 1.69866e-16 0)
(1 -8.77639e-16 0)
(1 3.0207e-16 0)
(1 -9.6974e-17 0)
(1 4.90274e-15 0)
(1 8.61863e-16 0)
(1 1.35001e-16 0)
(1 1.9246e-15 0)
(1 -1.63665e-15 0)
(1 -2.37854e-15 0)
(1 2.27867e-15 0)
(1 2.6976e-15 0)
(1 -4.63637e-16 0)
(1 4.0379e-15 0)
(1 7.54715e-15 0)
(1 6.20788e-15 0)
(1 9.69966e-15 0)
(1 4.1359e-15 0)
(1 4.07473e-15 0)
(1 4.38864e-15 0)
(1 1.43622e-15 0)
(1 5.56175e-16 0)
(1 5.81398e-16 0)
(1 2.0456e-15 0)
(1 2.74309e-15 0)
(1 3.13112e-15 0)
(1 1.24914e-15 0)
(1 -2.77734e-15 0)
(1 2.76804e-15 0)
(1 1.01667e-15 0)
(1 3.33779e-15 0)
(1 3.0657e-15 0)
(1 5.20594e-17 0)
(1 2.17081e-15 0)
(1 3.76684e-15 0)
(1 6.25136e-15 0)
(1 7.62631e-15 0)
(1 -7.35303e-15 0)
(1 5.55608e-15 0)
(1 -3.89286e-15 0)
(1 8.16275e-15 0)
(1 -1.43408e-15 0)
(1 -6.09972e-15 0)
(1 -3.8049e-15 0)
(1 -6.88968e-15 0)
(1 -1.57902e-15 0)
(1 -1.0014e-15 0)
(1 -2.65305e-15 0)
(1 -4.10373e-15 0)
(1 4.16322e-15 0)
(1 5.44465e-15 0)
(1 1.252e-14 0)
(1 6.40116e-15 0)
(1 5.40963e-15 0)
(1 4.45433e-15 0)
(1 7.40588e-15 0)
(1 1.87986e-15 0)
(1 -6.74891e-15 0)
(1 -6.70287e-15 0)
(1 -5.52226e-15 0)
(1 2.12685e-15 0)
(1 1.95871e-15 0)
(1 9.25037e-15 0)
(1 -2.23278e-16 0)
(1 7.34897e-15 0)
(1 -5.88594e-15 0)
(1 -2.29763e-15 0)
(1 6.4533e-15 0)
(1 3.52302e-15 0)
(1 1.71865e-15 0)
(1 -7.26606e-16 0)
(1 -5.32154e-16 0)
(1 -6.02509e-16 0)
(1 4.45872e-15 0)
(1 1.97256e-15 0)
(1 4.22317e-15 0)
(1 -6.41321e-15 0)
(1 -4.76728e-15 0)
(1 -1.10254e-16 0)
(1 2.86022e-15 0)
(1 3.10035e-15 0)
(1 5.5093e-15 0)
(1 4.57764e-15 0)
(1 -8.36559e-16 0)
(1 4.59952e-15 0)
(1 -5.61536e-15 0)
(1 5.15784e-16 0)
(1 -1.94064e-15 0)
(1 1.30167e-15 0)
(1 6.64134e-15 0)
(1 1.02026e-14 0)
(1 5.42091e-15 0)
(1 3.40873e-15 0)
(1 2.643e-15 0)
(1 -1.11691e-15 0)
(1 -2.41359e-15 0)
(1 2.34191e-16 0)
(1 7.20077e-15 0)
(1 4.90212e-15 0)
(1 5.31078e-15 0)
(1 -6.80927e-16 0)
(1 4.0792e-15 0)
(1 4.43384e-15 0)
(1 5.06732e-15 0)
(1 2.0844e-16 0)
(1 4.76128e-16 0)
(1 -3.34653e-15 0)
(1 3.13925e-15 0)
(1 9.17044e-15 0)
(1 4.64659e-15 0)
(1 5.19316e-15 0)
(1 3.955e-15 0)
(1 7.10106e-15 0)
(1 8.05939e-15 0)
(1 9.94424e-15 0)
(1 5.11238e-15 0)
(1 2.38556e-15 0)
(1 -3.13143e-15 0)
(1 -5.29375e-15 0)
(1 -1.54515e-15 0)
(1 5.49366e-15 0)
(1 3.62843e-15 0)
(1 -6.01396e-17 0)
(1 -3.34979e-15 0)
(1 3.06107e-15 0)
(1 2.02863e-15 0)
(1 -4.15612e-15 0)
(1 1.07015e-15 0)
(1 -1.34577e-15 0)
(1 1.49274e-17 0)
(1 8.07121e-16 0)
(1 3.35808e-15 0)
(1 1.37737e-15 0)
(1 -2.64621e-15 0)
(1 3.36193e-15 0)
(1 6.7528e-15 0)
(1 1.23561e-14 0)
(1 -4.49994e-15 0)
(1 3.24728e-15 0)
(1 1.73701e-15 0)
(1 -1.06427e-14 0)
(1 -5.29083e-15 0)
(1 -5.78463e-15 0)
(1 2.81785e-16 0)
(1 -7.36497e-15 0)
(1 -4.89137e-15 0)
(1 -1.09308e-15 0)
(1 2.56767e-15 0)
(1 1.02647e-14 0)
(1 1.94097e-15 0)
(1 1.3805e-14 0)
(1 2.66178e-15 0)
(1 1.14534e-14 0)
(1 4.74091e-15 0)
(1 2.08708e-14 0)
(1 5.44475e-15 0)
(1 -3.13293e-15 0)
(1 -9.0234e-15 0)
(1 -5.98697e-15 0)
(1 -3.99347e-15 0)
(1 3.49164e-15 0)
(1 -2.80071e-15 0)
(1 5.91639e-15 0)
(1 2.1929e-16 0)
(1 -9.08772e-15 0)
(1 -1.13221e-14 0)
(1 -2.53032e-15 0)
(1 -1.17748e-14 0)
(1 2.02545e-15 0)
(1 4.74556e-15 0)
(1 1.21126e-14 0)
(1 3.49628e-15 0)
(1 5.98998e-15 0)
(1 3.70386e-15 0)
(1 1.77435e-15 0)
(1 1.69618e-15 0)
(1 -4.45779e-15 0)
(1 -3.93468e-16 0)
(1 1.32544e-14 0)
(1 9.6541e-15 0)
(1 1.19388e-14 0)
(1 1.21057e-14 0)
(1 1.09897e-14 0)
(1 8.36224e-15 0)
(1 -4.39194e-15 0)
(1 -1.42163e-14 0)
(1 -1.17889e-14 0)
(1 -2.13531e-15 0)
(1 3.16164e-15 0)
(1 5.50864e-15 0)
(1 4.27917e-15 0)
(1 2.20111e-15 0)
(1 1.06935e-16 0)
(1 2.58177e-15 0)
(1 6.16987e-15 0)
(1 5.81915e-15 0)
(1 7.86749e-15 0)
(1 5.7511e-15 0)
(1 4.343e-15 0)
(1 -4.90839e-15 0)
(1 -4.44564e-15 0)
(1 -1.44109e-15 0)
(1 1.27584e-14 0)
(1 1.35468e-14 0)
(1 1.27997e-14 0)
(1 1.16391e-14 0)
(1 1.43943e-14 0)
(1 2.54485e-15 0)
(1 9.08958e-15 0)
(1 5.90347e-15 0)
(1 -5.49493e-16 0)
(1 -6.39007e-15 0)
(1 -1.9682e-15 0)
(1 1.42775e-15 0)
(1 2.38416e-15 0)
(1 1.74721e-15 0)
(1 1.19782e-14 0)
(1 4.02456e-15 0)
(1 9.91646e-15 0)
(1 1.67608e-16 0)
(1 4.69723e-15 0)
(1 -3.6019e-15 0)
(1 -6.56878e-15 0)
(1 -8.54929e-17 0)
(1 1.93592e-16 0)
(1 1.34672e-15 0)
(1 8.81096e-16 0)
(1 -1.54826e-15 0)
(1 -4.08238e-15 0)
(1 5.17654e-15 0)
(1 3.36657e-15 0)
(1 1.28359e-14 0)
(1 6.6254e-15 0)
(1 8.16801e-15 0)
(1 1.25463e-14 0)
(1 1.86321e-14 0)
(1 1.85168e-14 0)
(1 2.24791e-15 0)
(1 5.77098e-16 0)
(1 3.6181e-15 0)
(1 -2.95025e-15 0)
(1 -5.31234e-15 0)
(1 -5.43989e-15 0)
(1 8.25935e-16 0)
(1 7.91087e-15 0)
(1 3.84628e-16 0)
(1 -1.75435e-15 0)
(1 4.10068e-15 0)
(1 1.29071e-14 0)
(1 2.07053e-15 0)
(1 -2.93111e-15 0)
(1 2.05857e-15 0)
(1 -4.66181e-15 0)
(1 4.5249e-15 0)
(1 4.6205e-15 0)
(1 -3.54938e-15 0)
(1 -4.53759e-15 0)
(1 -6.56612e-15 0)
(1 -4.63045e-15 0)
(1 1.02167e-15 0)
(1 -2.67915e-17 0)
(1 1.00802e-14 0)
(1 1.04285e-14 0)
(1 3.31323e-15 0)
(1 -1.19985e-14 0)
(1 -2.0743e-18 0)
(1 -4.64164e-15 0)
(1 -3.79465e-15 0)
(1 4.33346e-16 0)
(1 -8.28073e-16 0)
(1 9.12552e-16 0)
(1 -3.93131e-15 0)
(1 4.23927e-16 0)
(1 -3.80469e-15 0)
(1 5.93837e-16 0)
(1 -2.32947e-15 0)
(1 3.02492e-15 0)
(1 -1.26098e-15 0)
(1 8.61116e-15 0)
(1 6.92143e-15 0)
(1 1.07417e-14 0)
(1 2.30262e-15 0)
(1 4.68427e-15 0)
(1 2.50072e-15 0)
(1 -4.70129e-15 0)
(1 2.95698e-15 0)
(1 -9.86341e-17 0)
(1 1.07996e-14 0)
(1 2.98753e-15 0)
(1 1.54199e-15 0)
(1 5.0991e-16 0)
(1 3.63768e-15 0)
(1 6.30557e-15 0)
(1 2.85309e-15 0)
(1 1.74169e-15 0)
(1 6.90759e-15 0)
(1 8.12843e-15 0)
(1 4.72811e-15 0)
(1 6.7349e-15 0)
(1 7.71436e-15 0)
(1 1.21732e-14 0)
(1 4.2986e-15 0)
(1 6.86013e-16 0)
(1 5.19143e-15 0)
(1 8.0579e-15 0)
(1 1.07954e-14 0)
(1 7.09135e-15 0)
(1 7.63339e-15 0)
(1 7.2073e-15 0)
(1 9.72551e-17 0)
(1 1.59032e-15 0)
(1 -3.87655e-15 0)
(1 3.00575e-15 0)
(1 6.65253e-15 0)
(1 7.23912e-15 0)
(1 8.27357e-15 0)
(1 1.08368e-14 0)
(1 6.16272e-15 0)
(1 3.04944e-15 0)
(1 -2.99836e-15 0)
(1 -8.86099e-16 0)
(1 -3.33036e-15 0)
(1 -3.95314e-15 0)
(1 4.90253e-15 0)
(1 -2.08064e-15 0)
(1 -2.63487e-16 0)
(1 3.69081e-15 0)
(1 1.90732e-15 0)
(1 1.29171e-16 0)
(1 7.12678e-15 0)
(1 3.72263e-15 0)
(1 1.16309e-14 0)
(1 4.98847e-15 0)
(1 9.47635e-15 0)
(1 1.3295e-14 0)
(1 2.52785e-14 0)
(1 2.05172e-14 0)
(1 8.33207e-16 0)
(1 -3.16684e-15 0)
(1 -5.00191e-15 0)
(1 7.40217e-15 0)
(1 -2.18434e-15 0)
(1 -4.83936e-16 0)
(1 2.08257e-15 0)
(1 3.09297e-15 0)
(1 5.07585e-16 0)
(1 -1.55399e-14 0)
(1 -7.28071e-15 0)
(1 8.93809e-16 0)
(1 -1.55107e-15 0)
(1 9.35129e-16 0)
(1 4.81884e-15 0)
(1 5.20585e-15 0)
(1 8.67143e-15 0)
(1 -5.51773e-15 0)
(1 2.7544e-15 0)
(1 -7.41826e-15 0)
(1 1.19822e-15 0)
(1 -1.20608e-15 0)
(1 2.06377e-16 0)
(1 -6.18898e-15 0)
(1 -2.59466e-15 0)
(1 9.12248e-15 0)
(1 1.05525e-14 0)
(1 2.66683e-15 0)
(1 4.24892e-15 0)
(1 -7.55673e-15 0)
(1 3.92077e-15 0)
(1 -4.17763e-15 0)
(1 -4.48022e-15 0)
(1 -1.09338e-15 0)
(1 2.88419e-15 0)
(1 5.54211e-16 0)
(1 1.65994e-15 0)
(1 3.59704e-15 0)
(1 1.73182e-15 0)
(1 5.42295e-15 0)
(1 8.52575e-15 0)
(1 -6.67443e-15 0)
(1 6.24915e-15 0)
(1 -2.39807e-15 0)
(1 -1.01494e-15 0)
(1 3.72876e-15 0)
(1 5.79483e-15 0)
(1 -9.04472e-16 0)
(1 4.47885e-15 0)
(1 7.95901e-16 0)
(1 5.34927e-15 0)
(1 2.21403e-15 0)
(1 8.79988e-15 0)
(1 8.03142e-15 0)
(1 8.58497e-15 0)
(1 4.63319e-15 0)
(1 7.41692e-15 0)
(1 -3.4469e-15 0)
(1 9.71271e-15 0)
(1 2.60099e-15 0)
(1 9.78303e-15 0)
(1 -1.5151e-17 0)
(1 8.90559e-15 0)
(1 1.89584e-15 0)
(1 7.86868e-15 0)
(1 1.61597e-15 0)
(1 7.00229e-15 0)
(1 1.34284e-15 0)
(1 7.40894e-15 0)
(1 3.15392e-15 0)
(1 1.41822e-14 0)
(1 2.71317e-15 0)
(1 2.93122e-15 0)
(1 1.49122e-15 0)
(1 -3.38459e-16 0)
(1 2.46156e-15 0)
(1 8.14823e-15 0)
(1 1.00898e-14 0)
(1 9.80609e-15 0)
(1 5.15236e-16 0)
(1 7.28633e-15 0)
(1 -1.02189e-15 0)
(1 5.1036e-15 0)
(1 -2.60203e-15 0)
(1 2.29334e-15 0)
(1 3.80589e-15 0)
(1 -3.10491e-15 0)
(1 3.9834e-15 0)
(1 3.00658e-15 0)
(1 8.70308e-17 0)
(1 1.92744e-15 0)
(1 1.62309e-15 0)
(1 2.38407e-15 0)
(1 1.21456e-16 0)
(1 6.01326e-15 0)
(1 4.55397e-15 0)
(1 6.58535e-15 0)
(1 7.71417e-15 0)
(1 1.44664e-14 0)
(1 1.54053e-14 0)
(1 3.82119e-15 0)
(1 -7.67278e-15 0)
(1 1.91299e-15 0)
(1 1.11558e-16 0)
(1 1.5847e-15 0)
(1 -1.04022e-15 0)
(1 -5.32436e-15 0)
(1 -2.79909e-15 0)
(1 5.33703e-15 0)
(1 4.34253e-15 0)
(1 4.20169e-15 0)
(1 3.4462e-15 0)
(1 1.14771e-16 0)
(1 -5.26328e-15 0)
(1 -1.07688e-14 0)
(1 8.57812e-15 0)
(1 6.22933e-15 0)
(1 -2.37154e-15 0)
(1 -1.32442e-15 0)
(1 -9.38203e-15 0)
(1 -4.28733e-15 0)
(1 -3.20528e-15 0)
(1 1.02126e-15 0)
(1 5.95723e-15 0)
(1 -2.63205e-15 0)
(1 3.31765e-15 0)
(1 4.55517e-15 0)
(1 3.32321e-15 0)
(1 6.97808e-15 0)
(1 4.15734e-15 0)
(1 3.37719e-15 0)
(1 -1.2671e-15 0)
(1 -3.61537e-15 0)
(1 -8.28423e-16 0)
(1 -5.41914e-15 0)
(1 -9.14876e-15 0)
(1 -2.91331e-15 0)
(1 -3.64204e-15 0)
(1 3.45481e-15 0)
(1 2.80412e-15 0)
(1 8.69341e-15 0)
(1 -5.08268e-15 0)
(1 -2.93618e-15 0)
(1 -8.80609e-15 0)
(1 3.06346e-15 0)
(1 9.60744e-15 0)
(1 1.58162e-14 0)
(1 7.51369e-15 0)
(1 1.84635e-15 0)
(1 1.15389e-15 0)
(1 1.87297e-15 0)
(1 3.98828e-15 0)
(1 6.65297e-15 0)
(1 1.50667e-14 0)
(1 1.17242e-14 0)
(1 4.27749e-15 0)
(1 1.17417e-15 0)
(1 -2.20158e-15 0)
(1 -2.57177e-15 0)
(1 5.72942e-15 0)
(1 1.125e-14 0)
(1 1.06351e-14 0)
(1 4.72502e-15 0)
(1 -5.65905e-15 0)
(1 -2.27092e-15 0)
(1 4.54861e-15 0)
(1 4.08907e-15 0)
(1 4.12639e-15 0)
(1 2.24774e-15 0)
(1 8.75541e-15 0)
(1 8.14576e-15 0)
(1 3.55223e-15 0)
(1 7.10697e-15 0)
(1 2.3121e-15 0)
(1 3.525e-15 0)
(1 5.47268e-16 0)
(1 6.99109e-15 0)
(1 1.07588e-14 0)
(1 6.8205e-15 0)
(1 1.57275e-15 0)
(1 1.23358e-14 0)
(1 5.31847e-15 0)
(1 4.14177e-15 0)
(1 -5.68929e-17 0)
(1 1.7129e-15 0)
(1 5.21805e-16 0)
(1 -5.40382e-15 0)
(1 4.79017e-15 0)
(1 8.57906e-16 0)
(1 1.37071e-15 0)
(1 5.4065e-15 0)
(1 2.36903e-15 0)
(1 2.25027e-15 0)
(1 2.66267e-15 0)
(1 7.8455e-15 0)
(1 1.37549e-14 0)
(1 7.97345e-15 0)
(1 1.11834e-14 0)
(1 4.90332e-15 0)
(1 8.3379e-15 0)
(1 6.57553e-15 0)
(1 -2.23243e-15 0)
(1 -3.15003e-15 0)
(1 -1.24972e-15 0)
(1 5.75807e-15 0)
(1 3.3085e-15 0)
(1 8.12268e-16 0)
(1 -1.17054e-15 0)
(1 -1.19185e-15 0)
(1 5.0633e-15 0)
(1 3.33214e-15 0)
(1 4.67117e-15 0)
(1 1.0491e-14 0)
(1 2.90056e-15 0)
(1 -4.83148e-15 0)
(1 -1.08792e-14 0)
(1 -6.19244e-15 0)
(1 -1.04287e-14 0)
(1 -8.15125e-15 0)
(1 -7.24562e-15 0)
(1 2.75659e-15 0)
(1 -6.74334e-17 0)
(1 1.15904e-15 0)
(1 2.00653e-15 0)
(1 1.17445e-14 0)
(1 -2.68974e-15 0)
(1 2.92066e-15 0)
(1 1.87418e-15 0)
(1 -3.8917e-15 0)
(1 -4.82818e-15 0)
(1 -3.80813e-15 0)
(1 -7.59697e-16 0)
(1 -2.90852e-15 0)
(1 1.04911e-15 0)
(1 -5.07861e-15 0)
(1 4.02126e-16 0)
(1 5.96804e-15 0)
(1 1.34121e-15 0)
(1 4.13527e-15 0)
(1 -7.77657e-16 0)
(1 -1.04305e-14 0)
(1 1.51937e-15 0)
(1 -6.34726e-15 0)
(1 -5.17718e-15 0)
(1 2.86097e-15 0)
(1 1.0242e-14 0)
(1 7.02041e-15 0)
(1 1.05834e-14 0)
(1 2.52627e-15 0)
(1 9.15853e-15 0)
(1 -1.17973e-15 0)
(1 2.2019e-15 0)
(1 6.58138e-15 0)
(1 9.67063e-15 0)
(1 5.33885e-15 0)
(1 3.93273e-15 0)
(1 2.82556e-15 0)
(1 1.15819e-15 0)
(1 -6.25645e-15 0)
(1 2.55813e-15 0)
(1 2.96977e-15 0)
(1 9.24377e-15 0)
(1 1.40007e-14 0)
(1 1.66754e-14 0)
(1 5.93244e-15 0)
(1 -4.26434e-16 0)
(1 -4.02285e-15 0)
(1 5.56803e-16 0)
(1 -3.31483e-15 0)
(1 2.4112e-15 0)
(1 2.1621e-15 0)
(1 5.58621e-15 0)
(1 5.62335e-15 0)
(1 8.85284e-15 0)
(1 7.58885e-15 0)
(1 2.17562e-15 0)
(1 -1.823e-15 0)
(1 8.10741e-15 0)
(1 5.3473e-15 0)
(1 6.3411e-15 0)
(1 4.46713e-15 0)
(1 3.79648e-15 0)
(1 -2.56405e-16 0)
(1 3.15758e-15 0)
(1 3.59545e-15 0)
(1 3.42107e-15 0)
(1 -9.22253e-16 0)
(1 1.70562e-16 0)
(1 -2.4778e-15 0)
(1 5.74527e-15 0)
(1 3.17727e-15 0)
(1 2.25908e-15 0)
(1 -1.34283e-15 0)
(1 -8.26643e-16 0)
(1 2.1504e-15 0)
(1 9.13159e-15 0)
(1 4.50775e-15 0)
(1 8.73128e-15 0)
(1 5.93892e-15 0)
(1 9.15297e-15 0)
(1 -3.96932e-15 0)
(1 1.06331e-14 0)
(1 -8.41715e-15 0)
(1 8.07461e-17 0)
(1 3.92298e-15 0)
(1 4.6612e-15 0)
(1 1.26111e-15 0)
(1 3.7379e-15 0)
(1 -1.93493e-15 0)
(1 -5.75793e-16 0)
(1 1.50764e-15 0)
(1 4.65935e-15 0)
(1 4.89744e-15 0)
(1 1.00985e-14 0)
(1 -7.49718e-15 0)
(1 -1.67159e-14 0)
(1 -8.34792e-15 0)
(1 -5.38928e-16 0)
(1 -2.269e-15 0)
(1 -3.72733e-16 0)
(1 5.98781e-16 0)
(1 -6.38476e-15 0)
(1 -3.97989e-15 0)
(1 -4.75269e-15 0)
(1 1.37655e-14 0)
(1 -5.00304e-15 0)
(1 4.83035e-15 0)
(1 -2.93589e-16 0)
(1 -2.28739e-15 0)
(1 -4.62438e-15 0)
(1 2.06608e-15 0)
(1 2.7944e-15 0)
(1 3.7555e-15 0)
(1 1.33762e-15 0)
(1 3.29331e-16 0)
(1 3.75237e-15 0)
(1 6.11618e-15 0)
(1 -4.94383e-18 0)
(1 8.14114e-16 0)
(1 -4.27791e-15 0)
(1 -1.07671e-14 0)
(1 -3.71201e-15 0)
(1 1.75474e-17 0)
(1 1.17053e-14 0)
(1 1.14863e-15 0)
(1 3.56864e-15 0)
(1 -5.9145e-16 0)
(1 9.87454e-15 0)
(1 3.85286e-15 0)
(1 7.95488e-15 0)
(1 -3.9524e-15 0)
(1 -1.3497e-17 0)
(1 1.12675e-14 0)
(1 -3.2962e-15 0)
(1 1.11264e-15 0)
(1 6.63078e-15 0)
(1 1.02644e-14 0)
(1 1.2893e-14 0)
(1 1.14757e-14 0)
(1 2.41913e-15 0)
(1 2.46484e-15 0)
(1 -2.59341e-15 0)
(1 -9.67349e-16 0)
(1 6.9223e-15 0)
(1 3.83512e-15 0)
(1 1.03071e-14 0)
(1 1.96983e-15 0)
(1 5.11948e-15 0)
(1 1.04722e-15 0)
(1 7.63424e-16 0)
(1 4.06754e-15 0)
(1 8.55712e-15 0)
(1 9.62097e-15 0)
(1 1.10057e-14 0)
(1 1.29252e-14 0)
(1 7.78629e-15 0)
(1 5.87268e-17 0)
(1 8.8331e-15 0)
(1 9.40991e-15 0)
(1 8.53724e-15 0)
(1 3.75422e-15 0)
(1 3.13671e-15 0)
(1 1.58722e-15 0)
(1 4.86628e-15 0)
(1 2.58981e-15 0)
(1 1.80824e-15 0)
(1 1.99766e-15 0)
(1 3.87151e-15 0)
(1 1.82042e-15 0)
(1 4.23642e-15 0)
(1 7.19776e-16 0)
(1 2.12693e-15 0)
(1 1.24998e-15 0)
(1 1.96484e-15 0)
(1 -9.47593e-16 0)
(1 4.59988e-15 0)
(1 8.85155e-15 0)
(1 7.5874e-15 0)
(1 9.93798e-15 0)
(1 1.09872e-14 0)
(1 2.02094e-15 0)
(1 8.11874e-16 0)
(1 7.16381e-15 0)
(1 5.84416e-15 0)
(1 5.80432e-15 0)
(1 -2.90699e-15 0)
(1 -8.66449e-15 0)
(1 -6.94766e-15 0)
(1 6.61374e-16 0)
(1 9.57623e-15 0)
(1 6.7711e-15 0)
(1 4.37167e-15 0)
(1 -8.84401e-15 0)
(1 -9.42257e-15 0)
(1 -1.31168e-14 0)
(1 -1.38274e-14 0)
(1 -1.04518e-14 0)
(1 4.91911e-15 0)
(1 -1.3984e-14 0)
(1 3.77299e-15 0)
(1 -7.38753e-15 0)
(1 4.69426e-15 0)
(1 5.66661e-15 0)
(1 6.70473e-15 0)
(1 1.24842e-14 0)
(1 8.58992e-15 0)
(1 -2.66775e-15 0)
(1 -1.8153e-15 0)
(1 -2.90676e-15 0)
(1 1.90813e-16 0)
(1 -8.34176e-16 0)
(1 4.35189e-15 0)
(1 1.76525e-15 0)
(1 -1.10408e-14 0)
(1 -6.2455e-15 0)
(1 -3.56111e-15 0)
(1 1.0975e-15 0)
(1 3.53087e-15 0)
(1 -6.01848e-16 0)
(1 1.15031e-15 0)
(1 4.83918e-15 0)
(1 1.6799e-15 0)
(1 2.4976e-15 0)
(1 7.33777e-15 0)
(1 4.33661e-15 0)
(1 3.18108e-15 0)
(1 -2.04471e-15 0)
(1 6.91787e-15 0)
(1 3.36287e-15 0)
(1 1.25104e-15 0)
(1 5.19473e-15 0)
(1 -1.00669e-15 0)
(1 1.78627e-15 0)
(1 -1.97066e-15 0)
(1 7.43719e-15 0)
(1 5.46267e-15 0)
(1 1.26259e-15 0)
(1 5.88227e-15 0)
(1 8.48325e-15 0)
(1 7.0708e-15 0)
(1 1.10122e-14 0)
(1 3.52264e-15 0)
(1 3.56955e-15 0)
(1 4.39336e-15 0)
(1 5.25899e-15 0)
(1 6.09597e-15 0)
(1 9.60297e-15 0)
(1 8.29946e-15 0)
(1 6.17376e-15 0)
(1 5.15268e-15 0)
(1 5.1006e-15 0)
(1 1.36832e-14 0)
(1 1.07257e-14 0)
(1 8.237e-15 0)
(1 8.74896e-15 0)
(1 8.27359e-15 0)
(1 1.02441e-14 0)
(1 7.62724e-15 0)
(1 6.05578e-15 0)
(1 6.70938e-15 0)
(1 6.34191e-15 0)
(1 3.70848e-15 0)
(1 5.07503e-15 0)
(1 4.51281e-15 0)
(1 -1.20525e-15 0)
(1 -5.57646e-15 0)
(1 -2.99311e-15 0)
(1 -4.96324e-15 0)
(1 -1.84803e-15 0)
(1 -2.699e-15 0)
(1 4.10122e-16 0)
(1 4.31775e-15 0)
(1 6.37588e-15 0)
(1 6.19288e-15 0)
(1 7.47383e-15 0)
(1 4.88574e-15 0)
(1 1.04057e-14 0)
(1 6.98457e-15 0)
(1 1.12492e-14 0)
(1 1.10434e-14 0)
(1 -1.77469e-15 0)
(1 -3.1106e-15 0)
(1 -5.43709e-16 0)
(1 8.28255e-15 0)
(1 -1.11552e-15 0)
(1 2.6252e-15 0)
(1 1.0024e-14 0)
(1 4.05633e-15 0)
(1 1.47742e-15 0)
(1 2.65156e-15 0)
(1 -6.91904e-15 0)
(1 -6.65776e-15 0)
(1 -1.01241e-14 0)
(1 -3.80714e-15 0)
(1 -2.06625e-16 0)
(1 -7.05074e-17 0)
(1 -4.38019e-15 0)
(1 -1.53022e-14 0)
(1 -9.95075e-15 0)
(1 -2.10764e-15 0)
(1 1.70171e-15 0)
(1 8.84288e-15 0)
(1 7.20878e-16 0)
(1 -4.76175e-17 0)
(1 -9.36491e-15 0)
(1 4.99281e-15 0)
(1 -3.35262e-15 0)
(1 3.99521e-15 0)
(1 1.87825e-16 0)
(1 5.3606e-15 0)
(1 -8.5259e-16 0)
(1 2.64215e-15 0)
(1 4.87682e-15 0)
(1 1.07296e-15 0)
(1 2.03564e-15 0)
(1 9.08457e-16 0)
(1 -4.9115e-16 0)
(1 3.43846e-15 0)
(1 1.8561e-15 0)
(1 4.90778e-15 0)
(1 1.09458e-14 0)
(1 7.01547e-15 0)
(1 1.49512e-15 0)
(1 -1.2429e-14 0)
(1 -5.36624e-15 0)
(1 -1.10613e-14 0)
(1 -4.71084e-15 0)
(1 -1.02638e-15 0)
(1 4.58332e-15 0)
(1 6.45306e-16 0)
(1 8.6256e-15 0)
(1 8.30016e-15 0)
(1 2.28297e-15 0)
(1 8.17473e-16 0)
(1 3.68871e-15 0)
(1 2.28981e-15 0)
(1 7.2431e-15 0)
(1 7.2898e-15 0)
(1 9.6506e-15 0)
(1 3.52062e-15 0)
(1 -4.19679e-15 0)
(1 -3.27924e-15 0)
(1 1.68055e-15 0)
(1 -2.94517e-16 0)
(1 1.17943e-14 0)
(1 -2.1009e-15 0)
(1 9.10795e-15 0)
(1 4.97589e-16 0)
(1 8.95329e-15 0)
(1 6.82105e-15 0)
(1 4.16619e-15 0)
(1 6.30207e-15 0)
(1 8.39912e-15 0)
(1 6.62394e-15 0)
(1 5.82068e-15 0)
(1 3.29443e-15 0)
(1 9.04144e-15 0)
(1 -7.50077e-16 0)
(1 5.77509e-15 0)
(1 7.40934e-15 0)
(1 2.67125e-15 0)
(1 1.67447e-15 0)
(1 2.45511e-15 0)
(1 3.09928e-15 0)
(1 2.95368e-15 0)
(1 9.14816e-16 0)
(1 -2.13966e-15 0)
(1 -4.088e-15 0)
(1 -2.29145e-15 0)
(1 4.72233e-15 0)
(1 9.03258e-15 0)
(1 5.71569e-15 0)
(1 8.64232e-16 0)
(1 -7.72857e-16 0)
(1 5.87309e-15 0)
(1 6.34273e-15 0)
(1 9.12248e-15 0)
(1 5.69487e-15 0)
(1 7.43722e-15 0)
(1 8.52488e-15 0)
(1 -9.71191e-15 0)
(1 7.82958e-15 0)
(1 -9.13146e-15 0)
(1 2.36465e-15 0)
(1 3.72171e-16 0)
(1 3.30853e-15 0)
(1 6.40252e-15 0)
(1 1.4347e-14 0)
(1 1.09479e-14 0)
(1 3.31948e-15 0)
(1 1.29633e-15 0)
(1 -5.56728e-15 0)
(1 -9.50575e-15 0)
(1 -7.5341e-15 0)
(1 -2.74471e-15 0)
(1 4.2469e-15 0)
(1 -4.21055e-15 0)
(1 -1.29492e-14 0)
(1 1.88882e-15 0)
(1 -2.86897e-15 0)
(1 -3.16681e-16 0)
(1 -1.94319e-15 0)
(1 -3.3825e-15 0)
(1 4.0236e-15 0)
(1 -8.79674e-15 0)
(1 -4.60209e-15 0)
(1 -4.93504e-15 0)
(1 -2.37823e-15 0)
(1 8.35077e-15 0)
(1 -1.60526e-15 0)
(1 -5.96391e-15 0)
(1 -3.75102e-15 0)
(1 -2.37656e-15 0)
(1 3.44812e-16 0)
(1 3.06647e-15 0)
(1 2.6024e-16 0)
(1 -5.62765e-15 0)
(1 -2.3224e-15 0)
(1 -4.97474e-15 0)
(1 -8.5522e-16 0)
(1 1.79754e-15 0)
(1 3.65833e-15 0)
(1 -2.06372e-15 0)
(1 -5.59489e-15 0)
(1 -6.48407e-15 0)
(1 -6.17318e-15 0)
(1 1.49419e-15 0)
(1 4.9134e-16 0)
(1 2.06811e-15 0)
(1 6.00515e-15 0)
(1 8.03039e-17 0)
(1 8.55167e-15 0)
(1 3.2878e-16 0)
(1 3.88702e-15 0)
(1 -2.50558e-15 0)
(1 6.52284e-17 0)
(1 -2.27857e-15 0)
(1 1.32297e-14 0)
(1 1.2765e-14 0)
(1 1.20681e-14 0)
(1 -6.12696e-15 0)
(1 -9.62956e-16 0)
(1 1.67861e-15 0)
(1 7.04007e-15 0)
(1 1.37389e-14 0)
(1 7.95575e-15 0)
(1 2.40648e-15 0)
(1 1.06226e-16 0)
(1 3.37012e-15 0)
(1 9.40028e-15 0)
(1 1.32076e-14 0)
(1 9.30565e-15 0)
(1 1.03855e-14 0)
(1 8.40147e-15 0)
(1 5.82618e-15 0)
(1 5.97711e-15 0)
(1 7.1414e-15 0)
(1 3.41991e-15 0)
(1 8.93052e-15 0)
(1 3.65103e-15 0)
(1 3.84876e-15 0)
(1 5.67853e-15 0)
(1 -3.25615e-15 0)
(1 -2.78341e-15 0)
(1 7.00192e-15 0)
(1 9.23376e-15 0)
(1 2.51664e-15 0)
(1 7.51309e-15 0)
(1 -2.72227e-16 0)
(1 1.23356e-14 0)
(1 6.83431e-15 0)
(1 2.00152e-16 0)
(1 9.20129e-16 0)
(1 2.67361e-15 0)
(1 3.25126e-15 0)
(1 5.24502e-15 0)
(1 8.63573e-15 0)
(1 6.64661e-15 0)
(1 5.29653e-15 0)
(1 5.37819e-15 0)
(1 2.12435e-15 0)
(1 4.73982e-15 0)
(1 9.54258e-15 0)
(1 -4.52483e-15 0)
(1 1.63338e-15 0)
(1 -1.39694e-15 0)
(1 -5.48067e-15 0)
(1 -2.98829e-15 0)
(1 2.8381e-16 0)
(1 4.73571e-16 0)
(1 2.93657e-15 0)
(1 -4.47331e-15 0)
(1 -5.11706e-15 0)
(1 -5.96552e-15 0)
(1 -3.2921e-15 0)
(1 -3.35266e-16 0)
(1 -2.33263e-15 0)
(1 4.25426e-15 0)
(1 1.55029e-15 0)
(1 4.94721e-15 0)
(1 2.6433e-15 0)
(1 -4.98581e-15 0)
(1 -4.29437e-15 0)
(1 -2.6409e-15 0)
(1 1.07211e-15 0)
(1 -1.12801e-15 0)
(1 -6.09481e-15 0)
(1 -4.91973e-15 0)
(1 -1.42915e-16 0)
(1 -2.74781e-15 0)
(1 -2.99761e-15 0)
(1 -6.08685e-15 0)
(1 -4.28216e-15 0)
(1 -8.43995e-15 0)
(1 -5.411e-16 0)
(1 -2.08623e-15 0)
(1 -3.19564e-15 0)
(1 -3.82534e-15 0)
(1 -6.75814e-15 0)
(1 -6.69641e-15 0)
(1 -4.68437e-15 0)
(1 -2.14577e-15 0)
(1 -7.04184e-16 0)
(1 -5.33658e-16 0)
(1 2.62212e-15 0)
(1 5.6181e-15 0)
(1 4.19689e-15 0)
(1 -4.56262e-18 0)
(1 -8.68051e-16 0)
(1 3.20342e-15 0)
(1 1.90586e-15 0)
(1 2.30082e-15 0)
(1 3.75578e-16 0)
(1 6.5741e-15 0)
(1 -1.23733e-15 0)
(1 -8.75083e-16 0)
(1 -4.13568e-15 0)
(1 -1.53527e-15 0)
(1 -3.38196e-15 0)
(1 4.10057e-15 0)
(1 4.44089e-15 0)
(1 4.83547e-15 0)
(1 7.3692e-15 0)
(1 9.41742e-15 0)
(1 5.30757e-15 0)
(1 4.88371e-15 0)
(1 1.38159e-15 0)
(1 3.08998e-15 0)
(1 1.43304e-15 0)
(1 4.12561e-15 0)
(1 1.37777e-14 0)
(1 1.04441e-14 0)
(1 1.23877e-14 0)
(1 5.19317e-15 0)
(1 5.73666e-15 0)
(1 3.58438e-15 0)
(1 4.89296e-15 0)
(1 1.40663e-15 0)
(1 -4.60179e-15 0)
(1 6.2024e-15 0)
(1 7.72844e-15 0)
(1 9.46297e-15 0)
(1 1.25678e-14 0)
(1 2.47616e-15 0)
(1 -4.29346e-16 0)
(1 2.36461e-15 0)
(1 9.99293e-15 0)
(1 7.16721e-15 0)
(1 4.4042e-15 0)
(1 2.60837e-15 0)
(1 1.70738e-15 0)
(1 4.4777e-15 0)
(1 7.6151e-15 0)
(1 7.45918e-15 0)
(1 8.48915e-15 0)
(1 -1.99637e-15 0)
(1 5.42869e-15 0)
(1 5.41109e-15 0)
(1 7.86028e-15 0)
(1 6.43724e-15 0)
(1 2.67326e-15 0)
(1 -7.7949e-15 0)
(1 5.78921e-15 0)
(1 -3.79432e-15 0)
(1 -2.3918e-15 0)
(1 7.11081e-15 0)
(1 1.33502e-14 0)
(1 5.23032e-15 0)
(1 7.53657e-15 0)
(1 -2.32089e-15 0)
(1 -5.87885e-15 0)
(1 -2.57189e-15 0)
(1 2.21526e-15 0)
(1 3.47783e-16 0)
(1 -2.08667e-15 0)
(1 -1.13395e-14 0)
(1 -1.89888e-15 0)
(1 2.00907e-15 0)
(1 1.07506e-14 0)
(1 1.95365e-15 0)
(1 -7.88197e-16 0)
(1 -5.47004e-15 0)
(1 -5.37789e-15 0)
(1 -1.17224e-14 0)
(1 -1.63147e-15 0)
(1 -6.24757e-15 0)
(1 -4.75368e-15 0)
(1 -4.47294e-15 0)
(1 -4.58796e-15 0)
(1 9.97814e-16 0)
(1 1.87136e-15 0)
(1 -9.60865e-15 0)
(1 -2.48342e-15 0)
(1 3.22984e-15 0)
(1 1.32573e-15 0)
(1 -1.69621e-15 0)
(1 -4.9247e-15 0)
(1 -6.79724e-15 0)
(1 -1.05866e-15 0)
(1 -3.24744e-15 0)
(1 6.98161e-16 0)
(1 -3.56194e-15 0)
(1 6.33214e-16 0)
(1 -2.15587e-15 0)
(1 -5.09384e-16 0)
(1 -3.77474e-15 0)
(1 -5.61507e-15 0)
(1 -6.00818e-15 0)
(1 -2.58697e-15 0)
(1 3.36591e-17 0)
(1 6.15473e-15 0)
(1 9.10437e-16 0)
(1 4.54013e-15 0)
(1 1.78589e-15 0)
(1 4.11113e-15 0)
(1 2.85435e-15 0)
(1 6.48225e-15 0)
(1 -6.10495e-15 0)
(1 -1.77671e-15 0)
(1 -5.84788e-15 0)
(1 5.03918e-15 0)
(1 3.65659e-15 0)
(1 -4.29591e-15 0)
(1 -7.59771e-16 0)
(1 -1.41226e-15 0)
(1 1.0571e-15 0)
(1 4.08788e-15 0)
(1 7.47817e-15 0)
(1 9.01819e-15 0)
(1 4.2248e-15 0)
(1 1.39767e-15 0)
(1 6.0112e-15 0)
(1 5.76639e-15 0)
(1 5.80958e-15 0)
(1 9.11969e-15 0)
(1 3.9929e-15 0)
(1 3.76134e-15 0)
(1 3.62276e-15 0)
(1 2.46384e-15 0)
(1 6.96765e-15 0)
(1 5.32635e-15 0)
(1 7.08441e-15 0)
(1 7.64348e-15 0)
(1 7.03972e-15 0)
(1 -9.63014e-16 0)
(1 -3.22461e-15 0)
(1 7.56501e-15 0)
(1 9.38503e-16 0)
(1 5.26776e-15 0)
(1 -4.4399e-16 0)
(1 3.2332e-15 0)
(1 1.24841e-14 0)
(1 2.88792e-15 0)
(1 1.98178e-15 0)
(1 -1.70318e-15 0)
(1 7.63063e-16 0)
(1 3.11741e-15 0)
(1 4.08337e-15 0)
(1 5.95482e-15 0)
(1 2.39699e-15 0)
(1 -2.41744e-15 0)
(1 -9.06817e-15 0)
(1 -1.89852e-15 0)
(1 -5.7206e-15 0)
(1 1.43384e-15 0)
(1 5.71934e-15 0)
(1 7.47249e-15 0)
(1 9.84009e-15 0)
(1 2.68762e-15 0)
(1 -2.9995e-15 0)
(1 4.47791e-15 0)
(1 2.22383e-15 0)
(1 2.85496e-15 0)
(1 -6.80511e-16 0)
(1 1.48715e-16 0)
(1 -3.10704e-15 0)
(1 -1.02522e-14 0)
(1 -2.83823e-15 0)
(1 3.9943e-15 0)
(1 1.0081e-15 0)
(1 -4.29923e-15 0)
(1 2.34248e-15 0)
(1 1.96839e-15 0)
(1 -1.57062e-15 6.23785e-48)
(1 -6.63508e-15 0)
(1 -9.57189e-15 0)
(1 -5.66348e-15 0)
(1 -3.31537e-15 0)
(1 -2.6629e-15 0)
(1 1.46475e-16 0)
(1 -8.48236e-15 0)
(1 -1.3264e-14 0)
(1 -1.12391e-14 0)
(1 2.62405e-16 0)
(1 -2.73936e-15 0)
(1 3.10636e-15 0)
(1 5.40735e-15 0)
(1 1.51854e-15 0)
(1 -4.99147e-15 0)
(1 -2.79992e-16 0)
(1 -6.70223e-16 0)
(1 -8.19343e-16 0)
(1 -4.23693e-15 0)
(1 -2.41179e-15 0)
(1 -6.36183e-15 -4.81277e-48)
(1 -3.00591e-15 0)
(1 -3.53256e-15 -3.48769e-48)
(1 -3.56298e-15 0)
(1 -3.08661e-15 0)
(1 4.19544e-15 0)
(1 3.84154e-15 0)
(1 4.61158e-15 0)
(1 1.68973e-15 0)
(1 2.8164e-15 0)
(1 -2.98458e-16 0)
(1 1.7335e-15 0)
(1 -5.6723e-15 0)
(1 -4.91599e-15 0)
(1 8.18064e-15 0)
(1 7.18195e-16 0)
(1 1.73305e-15 0)
(1 -3.91027e-15 0)
(1 -6.74402e-15 0)
(1 -3.38253e-16 0)
(1 5.72663e-15 0)
(1 2.27001e-15 0)
(1 4.29637e-15 0)
(1 7.11876e-15 0)
(1 7.47947e-15 0)
(1 5.86989e-15 3.11651e-50)
(1 1.32066e-15 -5.26386e-49)
(1 1.8906e-15 -4.19305e-49)
(1 1.2536e-15 1.38027e-49)
(1 3.73337e-15 5.66457e-49)
(1 6.14284e-15 8.64582e-51)
(1 1.01498e-14 5.82582e-50)
(1 9.05805e-15 -5.15592e-49)
(1 2.52192e-15 -1.85253e-48)
(1 7.10292e-16 1.52396e-48)
(1 1.48217e-15 1.4402e-48)
(1 7.68035e-15 0)
(1 1.15764e-14 0)
(1 -1.01752e-15 6.84021e-48)
(1 5.03137e-15 0)
(1 8.90346e-15 4.35283e-48)
(1 1.30908e-14 -1.76747e-48)
(1 4.11667e-15 4.23531e-48)
(1 3.40559e-15 0)
(1 4.07072e-15 4.68544e-48)
(1 2.27374e-15 -2.17076e-48)
(1 -4.10549e-16 4.28957e-48)
(1 -1.99692e-16 0)
(1 1.39902e-15 5.06601e-48)
(1 4.27302e-15 0)
(1 -3.32275e-15 0)
(1 5.87223e-15 1.23532e-48)
(1 5.91686e-15 1.16175e-48)
(1 8.56562e-15 0)
(1 -1.74004e-15 6.72949e-51)
(1 -4.80052e-15 1.89369e-49)
(1 -1.4129e-15 0)
(1 3.00396e-15 0)
(1 9.64086e-16 0)
(1 -7.17858e-16 0)
(1 1.81708e-16 0)
(1 -1.65291e-15 0)
(1 1.53946e-15 0)
(1 1.10107e-14 0)
(1 9.8174e-16 0)
(1 3.94072e-15 0)
(1 1.24902e-15 0)
(1 -2.4781e-15 0)
(1 -3.09945e-15 0)
(1 -3.35471e-15 0)
(1 -4.24511e-15 0)
(1 2.89901e-15 0)
(1 -5.69214e-16 0)
(1 4.54457e-15 0)
(1 -9.97568e-16 0)
(1 -3.35506e-16 0)
(1 -4.19936e-15 0)
(1 4.44604e-15 0)
(1 1.58047e-15 0)
(1 4.91523e-15 -6.23785e-48)
(1 -6.44178e-15 0)
(1 -9.16144e-15 0)
(1 -1.82209e-14 0)
(1 1.2891e-15 0)
(1 -1.99714e-15 0)
(1 3.3086e-15 0)
(1 -2.77044e-15 0)
(1 4.12187e-15 0)
(1 -5.66837e-15 0)
(1 -5.24562e-15 0)
(1 -1.37971e-14 0)
(1 -8.59832e-15 0)
(1 -2.58862e-15 0)
(1 3.08155e-16 0)
(1 -5.4048e-15 0)
(1 6.75595e-15 0)
(1 4.39092e-16 0)
(1 -3.53906e-15 0)
(1 -7.44083e-15 0)
(1 -6.02476e-15 0)
(1 -6.63649e-15 4.81277e-48)
(1 -5.62715e-15 0)
(1 -7.89594e-16 3.48769e-48)
(1 -6.09095e-15 0)
(1 -4.01058e-15 0)
(1 1.30257e-15 0)
(1 8.41644e-15 0)
(1 1.08234e-14 0)
(1 5.68447e-15 0)
(1 2.95293e-15 0)
(1 4.68281e-15 0)
(1 2.51997e-15 0)
(1 5.38885e-15 0)
(1 3.05185e-15 0)
(1 -3.14658e-15 0)
(1 -4.05255e-15 0)
(1 -9.21797e-15 0)
(1 -8.56264e-15 0)
(1 4.96539e-15 0)
(1 -2.41541e-15 0)
(1 3.23724e-15 0)
(1 -3.34483e-15 0)
(1 -1.84834e-15 0)
(1 -6.17702e-15 0)
(1 5.25019e-15 0)
(1 -2.07821e-15 -3.11651e-50)
(1 7.86951e-15 5.26386e-49)
(1 1.00984e-15 4.19305e-49)
(1 1.02746e-15 -1.38027e-49)
(1 -4.10937e-15 -5.66457e-49)
(1 2.11164e-15 -8.64582e-51)
(1 8.65956e-15 -5.82582e-50)
(1 6.91143e-15 5.15592e-49)
(1 3.21278e-15 1.85253e-48)
(1 2.69796e-15 -1.52396e-48)
(1 1.16054e-16 -1.4402e-48)
(1 2.10301e-15 0)
(1 6.80777e-16 0)
(1 -3.29878e-15 -6.84021e-48)
(1 2.23256e-15 0)
(1 4.08298e-15 -4.35283e-48)
(1 1.28007e-14 1.76747e-48)
(1 9.7189e-15 -4.23531e-48)
(1 3.45148e-15 0)
(1 5.63999e-15 -4.68544e-48)
(1 -5.68296e-16 2.17076e-48)
(1 1.52743e-15 -4.28957e-48)
(1 -8.00267e-15 0)
(1 3.19158e-15 -5.06601e-48)
(1 9.28398e-15 0)
(1 5.43551e-16 0)
(1 -5.24328e-15 -1.23532e-48)
(1 1.30793e-15 -1.16175e-48)
(1 3.32322e-15 0)
(1 -4.1422e-16 -6.72949e-51)
(1 -2.15761e-16 -1.89369e-49)
(1 1.23718e-15 0)
(1 9.11412e-15 0)
(1 -1.95023e-15 0)
(1 -1.90643e-15 0)
(1 -4.99135e-15 0)
(1 -4.13379e-15 0)
(1 -5.24395e-16 0)
(1 4.10066e-15 0)
(1 7.10921e-15 0)
(1 4.74161e-15 0)
(1 1.10901e-15 0)
(1 -5.14142e-15 0)
(1 -1.01471e-15 0)
(1 -1.28047e-15 0)
(1 1.08596e-15 0)
(1 4.94192e-15 0)
(1 1.12053e-14 0)
(1 -1.026e-15 0)
(1 1.28436e-15 0)
(1 -4.58207e-15 0)
(1 -8.96102e-15 0)
(1 -5.57476e-15 0)
(1 -2.35886e-15 0)
(1 1.46351e-15 0)
(1 -4.34386e-15 0)
(1 -5.33189e-15 0)
(1 -3.0485e-15 0)
(1 -2.91105e-17 0)
(1 -2.89779e-15 0)
(1 -2.95617e-15 0)
(1 -4.2288e-15 0)
(1 -6.08972e-15 0)
(1 -2.0736e-15 0)
(1 -3.30151e-15 0)
(1 -1.66448e-15 0)
(1 -9.81562e-15 0)
(1 -5.18218e-15 0)
(1 -5.00516e-15 0)
(1 7.69466e-15 0)
(1 -5.22786e-15 0)
(1 -7.29562e-15 0)
(1 -3.57132e-16 0)
(1 -1.64893e-15 0)
(1 5.34496e-16 0)
(1 -1.41584e-15 0)
(1 -7.6611e-15 0)
(1 -9.07489e-15 0)
(1 -4.50501e-15 0)
(1 2.04257e-15 0)
(1 -3.12188e-15 0)
(1 6.82679e-15 0)
(1 4.72398e-15 0)
(1 2.80832e-15 0)
(1 8.16573e-16 0)
(1 3.33848e-15 0)
(1 1.88551e-15 0)
(1 1.07249e-14 0)
(1 1.38457e-14 0)
(1 -6.30855e-15 0)
(1 -5.33141e-15 0)
(1 -5.73466e-15 0)
(1 2.16996e-15 0)
(1 1.83758e-15 0)
(1 7.78303e-16 0)
(1 -7.59607e-15 0)
(1 -4.19407e-15 0)
(1 -5.93434e-15 0)
(1 -3.50228e-15 0)
(1 1.4207e-16 0)
(1 -1.24889e-15 0)
(1 -2.80592e-15 0)
(1 -5.87085e-15 0)
(1 -2.09421e-15 0)
(1 3.89953e-15 0)
(1 7.67003e-15 0)
(1 5.44969e-15 0)
(1 -3.66535e-16 0)
(1 8.40168e-15 0)
(1 1.05848e-14 0)
(1 -2.16621e-15 0)
(1 -7.03724e-15 0)
(1 -5.12793e-15 0)
(1 1.96357e-15 0)
(1 -1.04744e-15 0)
(1 5.09447e-15 0)
(1 2.18265e-15 0)
(1 9.43176e-15 0)
(1 2.89369e-15 0)
(1 3.6968e-15 0)
(1 4.29316e-15 0)
(1 1.59382e-15 0)
(1 -8.10593e-16 0)
(1 7.3746e-16 0)
(1 3.91139e-15 0)
(1 1.74005e-15 0)
(1 -6.16327e-15 0)
(1 -2.3785e-15 0)
(1 -5.16356e-15 0)
(1 -1.705e-15 0)
(1 -5.13301e-16 0)
(1 -1.51168e-15 0)
(1 1.21328e-15 0)
(1 2.43555e-15 0)
(1 3.54854e-15 0)
(1 6.58926e-15 0)
(1 4.29284e-15 0)
(1 4.57776e-15 0)
(1 -4.83499e-15 0)
(1 3.89994e-15 0)
(1 -8.68036e-16 0)
(1 -6.62436e-15 0)
(1 -8.65124e-17 0)
(1 7.204e-15 0)
(1 3.06543e-15 0)
(1 7.28058e-15 0)
(1 1.0695e-15 0)
(1 -4.54313e-15 0)
(1 -8.72816e-15 0)
(1 -5.02439e-15 0)
(1 -3.34107e-16 0)
(1 -3.53513e-15 0)
(1 -1.7235e-15 0)
(1 -4.95258e-15 0)
(1 1.67095e-16 0)
(1 2.00897e-15 0)
(1 1.60203e-15 0)
(1 3.1965e-15 0)
(1 -1.38663e-14 0)
(1 -1.04465e-14 0)
(1 -9.80804e-15 0)
(1 -6.95275e-15 0)
(1 -1.64128e-14 0)
(1 -6.39457e-15 0)
(1 -9.23444e-15 0)
(1 1.01114e-15 0)
(1 9.18875e-16 0)
(1 -4.99709e-15 0)
(1 -4.59295e-15 0)
(1 1.80619e-15 0)
(1 -5.85089e-15 0)
(1 -9.94974e-16 0)
(1 2.54459e-15 0)
(1 -1.97701e-15 0)
(1 -1.79258e-15 0)
(1 4.2163e-16 0)
(1 3.62879e-16 0)
(1 -3.5421e-15 0)
(1 -5.17499e-16 0)
(1 3.23631e-15 0)
(1 -1.0149e-15 0)
(1 2.18911e-15 0)
(1 -3.55043e-15 0)
(1 -1.36865e-15 0)
(1 3.99901e-15 0)
(1 2.64624e-15 0)
(1 4.37406e-15 0)
(1 1.00728e-15 0)
(1 -4.14167e-15 0)
(1 -7.03429e-15 0)
(1 -5.43797e-15 0)
(1 5.13463e-15 0)
(1 4.28294e-15 0)
(1 4.02859e-16 0)
(1 2.89387e-15 0)
(1 -8.17471e-15 0)
(1 -9.23605e-15 0)
(1 -9.0254e-15 0)
(1 -6.48123e-15 0)
(1 -8.76646e-15 0)
(1 5.42659e-15 0)
(1 -3.56172e-15 0)
(1 -7.53345e-15 0)
(1 -9.14842e-16 0)
(1 8.07449e-15 0)
(1 1.07799e-14 0)
(1 7.16225e-16 0)
(1 -5.47174e-15 0)
(1 -4.5361e-15 0)
(1 -1.83737e-15 0)
(1 1.99368e-15 0)
(1 5.05607e-16 0)
(1 4.98004e-15 0)
(1 1.06362e-14 0)
(1 5.49783e-15 0)
(1 6.90069e-15 0)
(1 3.00134e-15 0)
(1 8.76339e-16 0)
(1 3.99503e-15 0)
(1 2.74649e-15 0)
(1 4.24492e-15 0)
(1 -2.00919e-15 0)
(1 -1.2082e-15 0)
(1 -4.81913e-15 0)
(1 -4.04145e-15 0)
(1 -9.97241e-16 0)
(1 4.30965e-15 0)
(1 -1.87664e-15 0)
(1 -5.87801e-15 0)
(1 -9.44858e-15 0)
(1 -4.88052e-15 0)
(1 -9.97118e-16 0)
(1 -2.61126e-15 0)
(1 -2.53369e-15 0)
(1 5.42872e-15 0)
(1 8.16932e-15 0)
(1 3.86741e-15 0)
(1 3.19222e-15 0)
(1 -4.08561e-15 0)
(1 1.72693e-15 0)
(1 5.38978e-16 0)
(1 -5.08272e-15 0)
(1 -1.36727e-15 0)
(1 -6.61693e-16 0)
(1 1.55902e-15 0)
(1 -1.70784e-15 0)
(1 2.7908e-15 0)
(1 2.63984e-15 0)
(1 1.27164e-14 0)
(1 1.9266e-15 0)
(1 1.75814e-15 0)
(1 1.16375e-15 0)
(1 -1.76059e-15 0)
(1 -2.94366e-15 0)
(1 -3.41999e-15 0)
(1 -6.02642e-16 0)
(1 -4.71138e-16 0)
(1 -3.50559e-15 0)
(1 -2.38005e-15 0)
(1 -1.08339e-14 0)
(1 -1.69011e-14 0)
(1 -8.09289e-15 0)
(1 -5.63989e-15 0)
(1 -8.30684e-15 0)
(1 -1.27876e-14 0)
(1 -1.52683e-14 0)
(1 5.53753e-16 0)
(1 -7.88218e-15 0)
(1 -1.8025e-15 0)
(1 -6.73093e-15 0)
(1 1.00325e-14 0)
(1 5.32532e-15 0)
(1 3.15472e-15 0)
(1 3.05007e-16 0)
(1 -4.67941e-15 0)
(1 1.45001e-15 0)
(1 -3.6805e-15 0)
(1 -5.97184e-15 0)
(1 -9.48449e-15 0)
(1 -8.93518e-15 0)
(1 -2.40611e-15 0)
(1 1.17225e-15 0)
(1 5.57451e-16 0)
(1 1.34996e-15 0)
(1 7.47405e-15 0)
(1 9.50429e-15 0)
(1 3.30457e-15 0)
(1 -7.96313e-15 0)
(1 -1.34883e-14 0)
(1 -6.43408e-15 0)
(1 -9.4977e-16 0)
(1 1.58969e-15 0)
(1 3.81398e-15 0)
(1 3.67421e-15 0)
(1 6.90083e-16 0)
(1 -4.60175e-15 0)
(1 -5.13509e-15 0)
(1 -7.48801e-16 0)
(1 -2.96341e-15 0)
(1 -2.39617e-15 0)
(1 2.23868e-15 0)
(1 -2.03626e-15 0)
(1 -1.74349e-15 0)
(1 -3.914e-15 0)
(1 -5.35052e-15 0)
(1 -4.19074e-15 0)
(1 -2.94747e-15 0)
(1 -5.04039e-15 0)
(1 -7.1994e-15 0)
(1 -3.37969e-15 0)
(1 2.89073e-15 0)
(1 -1.25532e-15 0)
(1 -2.25609e-15 0)
(1 4.3794e-16 0)
(1 1.92479e-15 0)
(1 5.38121e-16 0)
(1 2.90956e-15 0)
(1 1.68151e-15 0)
(1 7.04599e-15 0)
(1 2.15403e-15 0)
(1 1.50562e-15 0)
(1 -1.07995e-15 0)
(1 3.1912e-15 0)
(1 -3.23517e-15 0)
(1 -2.6184e-15 0)
(1 -3.41385e-15 0)
(1 1.17682e-15 0)
(1 -9.63402e-16 0)
(1 4.03742e-16 0)
(1 -9.12737e-16 0)
(1 1.40607e-15 0)
(1 5.96794e-15 0)
(1 6.37267e-15 0)
(1 7.70544e-15 0)
(1 -1.06751e-15 0)
(1 -4.38752e-15 0)
(1 -2.44459e-15 0)
(1 -4.08414e-15 0)
(1 -1.25547e-15 0)
(1 -1.0103e-14 0)
(1 3.31495e-15 0)
(1 3.53921e-15 0)
(1 -4.07247e-15 0)
(1 -6.34843e-15 0)
(1 -3.83435e-16 0)
(1 -1.30729e-16 0)
(1 8.63684e-15 0)
(1 6.53721e-15 0)
(1 2.83149e-15 0)
(1 -2.25886e-16 0)
(1 -2.06967e-15 0)
(1 1.58485e-15 0)
(1 -1.33881e-15 0)
(1 1.27817e-15 0)
(1 -6.51724e-15 0)
(1 -3.73606e-15 0)
(1 -2.19224e-15 0)
(1 6.12891e-15 0)
(1 6.39761e-15 0)
(1 -7.23352e-15 0)
(1 -1.55961e-14 0)
(1 -1.40796e-14 0)
(1 -4.82722e-17 0)
(1 -3.21745e-15 0)
(1 -2.76324e-15 0)
(1 -4.48363e-15 0)
(1 -1.10381e-14 0)
(1 -8.02923e-15 0)
(1 -4.6428e-15 0)
(1 -5.53023e-15 0)
(1 -1.08776e-14 0)
(1 -5.83725e-15 0)
(1 -4.98869e-15 0)
(1 8.96561e-16 0)
(1 -1.8137e-15 0)
(1 -3.52142e-15 0)
(1 -3.2618e-15 0)
(1 -4.20839e-15 0)
(1 -9.62559e-15 0)
(1 -3.50119e-15 0)
(1 -2.88752e-15 0)
(1 -3.53623e-15 0)
(1 -1.06454e-15 0)
(1 -1.28278e-15 0)
(1 3.84009e-15 0)
(1 -3.69699e-15 0)
(1 -5.05391e-16 0)
(1 -5.82355e-15 0)
(1 -1.088e-15 0)
(1 5.77702e-15 0)
(1 4.95417e-15 0)
(1 1.83741e-15 0)
(1 5.17487e-15 0)
(1 1.95637e-15 0)
(1 -6.0742e-15 0)
(1 3.46257e-16 0)
(1 2.27532e-15 0)
(1 4.97678e-15 0)
(1 4.87262e-15 0)
(1 2.19929e-15 0)
(1 -5.8573e-15 0)
(1 -1.84297e-15 0)
(1 -4.53135e-16 0)
(1 4.28875e-15 0)
(1 -2.28841e-15 0)
(1 -9.49797e-15 0)
(1 -2.314e-15 0)
(1 -9.20829e-16 0)
(1 -4.07885e-16 0)
(1 -2.52565e-15 0)
(1 -1.92972e-15 0)
(1 -3.72634e-15 0)
(1 4.15762e-17 0)
(1 -1.39604e-15 0)
(1 5.2971e-15 0)
(1 8.92257e-16 0)
(1 2.89678e-15 0)
(1 2.87915e-15 0)
(1 5.58894e-15 0)
(1 3.8215e-16 0)
(1 4.072e-15 0)
(1 6.67869e-16 0)
(1 -1.13827e-15 0)
(1 -3.9162e-15 0)
(1 -3.18026e-15 0)
(1 1.09531e-15 0)
(1 -9.68927e-16 0)
(1 -2.03147e-16 0)
(1 3.20002e-15 0)
(1 -2.13243e-16 0)
(1 -3.24763e-15 0)
(1 3.99126e-15 0)
(1 1.9787e-15 0)
(1 6.04027e-15 0)
(1 -2.61917e-15 0)
(1 -7.53071e-15 0)
(1 -6.32322e-15 0)
(1 5.463e-15 0)
(1 4.86993e-15 0)
(1 8.97307e-16 0)
(1 -3.96353e-16 0)
(1 4.6271e-15 0)
(1 -6.0543e-15 0)
(1 -3.22515e-15 0)
(1 -3.27419e-15 0)
(1 5.88571e-15 0)
(1 5.3124e-15 0)
(1 8.71732e-15 0)
(1 -5.07951e-15 0)
(1 -1.10289e-14 0)
(1 2.51175e-15 0)
(1 1.21075e-14 0)
(1 6.64644e-15 0)
(1 -8.45395e-16 0)
(1 -7.29373e-15 0)
(1 -8.04045e-15 0)
(1 -1.56017e-14 0)
(1 -5.68918e-15 0)
(1 -4.54212e-15 0)
(1 -6.42181e-15 0)
(1 -1.24014e-14 0)
(1 -9.18222e-15 0)
(1 -2.93234e-15 0)
(1 -3.85424e-15 0)
(1 -1.00836e-14 0)
(1 1.3403e-15 0)
(1 -6.41229e-15 0)
(1 -3.88255e-15 0)
(1 -1.21918e-15 0)
(1 1.57835e-15 0)
(1 -1.00163e-14 0)
(1 -4.61071e-15 0)
(1 -1.48909e-15 0)
(1 -5.42243e-16 0)
(1 -2.65629e-15 0)
(1 -5.50848e-15 0)
(1 -3.45505e-15 0)
(1 3.66784e-15 0)
(1 -7.49552e-15 0)
(1 -4.57712e-15 0)
(1 -6.60693e-15 0)
(1 -6.24102e-15 0)
(1 -2.75569e-15 0)
(1 -5.89637e-16 0)
(1 -1.97605e-15 0)
(1 -6.63834e-15 0)
(1 -3.7783e-15 0)
(1 1.13985e-16 0)
(1 -2.53736e-15 0)
(1 1.68356e-15 0)
(1 3.20326e-15 0)
(1 3.39937e-15 0)
(1 1.55146e-15 0)
(1 1.68897e-16 0)
(1 -2.06245e-15 0)
(1 2.47486e-15 0)
(1 2.98699e-15 0)
(1 -5.84049e-15 0)
(1 -7.27672e-16 0)
(1 -3.69428e-15 0)
(1 -4.23808e-15 0)
(1 -9.6782e-16 0)
(1 -2.42189e-15 0)
(1 -9.81186e-16 0)
(1 -3e-15 0)
(1 -7.23995e-15 0)
(1 -4.57538e-15 0)
(1 -7.28649e-15 0)
(1 -5.67404e-15 0)
(1 -1.63664e-15 0)
(1 -1.42623e-15 0)
(1 -3.84885e-16 0)
(1 4.78021e-15 0)
(1 1.73366e-15 0)
(1 4.66383e-15 0)
(1 8.90877e-16 0)
(1 2.17667e-15 0)
(1 -2.50041e-15 0)
(1 -3.62161e-15 0)
(1 6.81348e-16 0)
(1 7.28951e-15 0)
(1 3.64654e-15 0)
(1 -3.74185e-15 0)
(1 -2.52092e-15 0)
(1 -1.22743e-15 0)
(1 -1.10877e-15 0)
(1 2.00404e-15 0)
(1 -1.73955e-15 0)
(1 -3.63383e-16 0)
(1 -5.97243e-15 0)
(1 -5.7493e-15 0)
(1 -4.80939e-16 0)
(1 -6.76941e-16 0)
(1 -6.0111e-15 0)
(1 5.9028e-15 0)
(1 5.60857e-16 0)
(1 -1.96158e-15 0)
(1 -5.71669e-15 0)
(1 -5.66504e-15 0)
(1 3.02155e-15 0)
(1 4.66319e-15 0)
(1 4.30718e-15 0)
(1 8.04055e-16 0)
(1 -2.43336e-15 0)
(1 1.60746e-15 0)
(1 6.53896e-15 0)
(1 2.2436e-15 0)
(1 2.11894e-15 0)
(1 -4.81822e-15 0)
(1 -3.44705e-15 0)
(1 1.67563e-15 0)
(1 5.80123e-15 0)
(1 -5.96151e-15 0)
(1 -4.29069e-15 0)
(1 -8.02526e-15 0)
(1 -7.93617e-15 0)
(1 -7.48941e-15 0)
(1 -4.47731e-15 0)
(1 -2.51812e-15 0)
(1 -4.48176e-15 0)
(1 -4.62506e-15 0)
(1 -2.52505e-16 0)
(1 -6.72689e-15 0)
(1 -9.98695e-15 0)
(1 -1.03183e-14 0)
(1 -3.60974e-15 0)
(1 2.3033e-15 0)
(1 -4.51239e-15 0)
(1 -6.65948e-15 0)
(1 -2.40916e-15 0)
(1 2.10914e-15 0)
(1 -7.88164e-16 0)
(1 1.47295e-15 0)
(1 -5.21169e-17 0)
(1 -2.97707e-15 0)
(1 -4.18517e-15 0)
(1 7.23088e-16 0)
(1 3.49138e-15 0)
(1 -1.05912e-14 0)
(1 -8.55509e-15 0)
(1 6.31991e-16 0)
(1 -6.34487e-15 0)
(1 -4.57913e-15 0)
(1 -2.7574e-15 0)
(1 -9.13067e-15 0)
(1 1.79475e-15 0)
(1 4.61209e-16 0)
(1 5.02417e-15 0)
(1 2.78141e-15 0)
(1 -3.85058e-15 0)
(1 2.39963e-15 0)
(1 3.70858e-15 0)
(1 4.44472e-16 0)
(1 1.81356e-15 0)
(1 6.73978e-15 0)
(1 -2.05387e-15 0)
(1 3.71937e-16 0)
(1 -6.88827e-16 0)
(1 1.01095e-14 0)
(1 2.06852e-15 0)
(1 5.30793e-16 0)
(1 -5.75114e-15 0)
(1 9.55383e-16 0)
(1 -8.81775e-15 0)
(1 -5.92689e-15 0)
(1 -6.68754e-15 0)
(1 -7.75913e-15 0)
(1 -2.25097e-15 0)
(1 -7.88129e-15 0)
(1 -3.06287e-15 0)
(1 -5.49087e-15 0)
(1 1.29669e-15 0)
(1 2.32451e-15 0)
(1 4.601e-15 0)
(1 -2.87886e-15 0)
(1 6.91419e-16 0)
(1 -5.20054e-17 0)
(1 7.03592e-16 0)
(1 -2.37905e-15 0)
(1 9.36163e-16 0)
(1 8.20697e-16 0)
(1 -2.52442e-16 0)
(1 1.718e-15 0)
(1 8.34228e-15 0)
(1 5.77705e-15 0)
(1 -1.13918e-15 0)
(1 -1.16484e-15 0)
(1 -8.91412e-16 0)
(1 5.42408e-18 0)
(1 3.45212e-15 0)
(1 3.6578e-15 0)
(1 -5.29019e-16 0)
(1 4.48358e-15 0)
(1 -3.19329e-15 0)
(1 5.1083e-15 0)
(1 4.83205e-15 0)
(1 7.20089e-15 0)
(1 -2.90608e-15 0)
(1 -7.34276e-15 0)
(1 -8.79745e-15 0)
(1 3.9656e-15 0)
(1 -7.39561e-15 0)
(1 1.96481e-15 0)
(1 2.16803e-15 0)
(1 -1.59723e-15 0)
(1 4.31259e-15 0)
(1 7.79383e-15 0)
(1 -7.35182e-15 0)
(1 -7.11976e-16 0)
(1 1.00676e-15 0)
(1 -6.47021e-15 0)
(1 -1.24111e-15 0)
(1 -3.39616e-15 0)
(1 -7.92234e-15 0)
(1 -1.56545e-15 0)
(1 6.14872e-15 0)
(1 5.76687e-15 0)
(1 1.66183e-15 0)
(1 -6.50849e-15 0)
(1 -7.98631e-15 0)
(1 -1.51401e-15 0)
(1 -3.83086e-15 0)
(1 -2.42875e-15 0)
(1 -1.32376e-14 0)
(1 -1.12095e-14 0)
(1 -6.86894e-15 0)
(1 -6.13939e-15 0)
(1 -4.4539e-15 0)
(1 -4.21875e-15 0)
(1 -3.74598e-15 0)
(1 3.13694e-15 0)
(1 3.95532e-15 0)
(1 -3.66787e-15 0)
(1 -4.98199e-15 0)
(1 -4.22173e-15 0)
(1 -8.18656e-15 0)
(1 -8.00107e-16 0)
(1 6.12946e-15 0)
(1 1.98441e-15 0)
(1 -5.53831e-15 0)
(1 -2.7856e-15 0)
(1 -3.22158e-15 0)
(1 -4.25054e-15 0)
(1 -5.00483e-15 0)
(1 -1.06737e-14 0)
(1 -2.29629e-15 0)
(1 3.77723e-15 0)
(1 1.03938e-14 0)
(1 7.18358e-15 0)
(1 -1.02719e-15 0)
(1 7.98577e-16 0)
(1 4.56313e-15 0)
(1 -1.44877e-15 0)
(1 -3.95486e-16 0)
(1 4.21047e-15 0)
(1 2.79208e-16 0)
(1 -2.68258e-15 0)
(1 1.65071e-15 0)
(1 7.72137e-15 0)
(1 4.7802e-16 0)
(1 -4.4546e-15 0)
(1 -4.21032e-15 0)
(1 -3.62338e-15 0)
(1 -2.01927e-15 0)
(1 -1.73779e-15 0)
(1 -5.60064e-16 0)
(1 -1.51323e-15 0)
(1 -4.02147e-15 0)
(1 -5.84063e-15 0)
(1 -5.80633e-15 0)
(1 -1.92635e-15 0)
(1 1.46148e-15 0)
(1 -1.95743e-15 0)
(1 2.31087e-15 0)
(1 -6.51097e-16 0)
(1 -2.62208e-16 0)
(1 -4.26998e-15 0)
(1 -2.92854e-15 0)
(1 -2.51257e-15 0)
(1 -6.98033e-16 0)
(1 -6.19713e-15 0)
(1 -3.00372e-15 0)
(1 -2.30984e-15 0)
(1 5.88274e-15 0)
(1 -1.4746e-15 0)
(1 7.08636e-15 0)
(1 8.95083e-16 0)
(1 1.93487e-15 0)
(1 1.4607e-15 0)
(1 8.31435e-15 0)
(1 5.33729e-15 0)
(1 -6.9377e-16 0)
(1 1.16334e-15 0)
(1 -7.21932e-17 0)
(1 -1.90682e-15 0)
(1 -2.83152e-15 0)
(1 2.8339e-15 0)
(1 -5.53386e-15 0)
(1 7.64864e-15 0)
(1 -1.30673e-15 0)
(1 -4.18119e-15 0)
(1 -1.03214e-14 0)
(1 9.62412e-15 0)
(1 3.90095e-15 0)
(1 6.67265e-15 0)
(1 -6.12645e-15 0)
(1 4.34129e-15 0)
(1 -1.00082e-14 0)
(1 1.98006e-15 0)
(1 -3.08265e-15 0)
(1 -4.40589e-15 0)
(1 -3.50925e-15 0)
(1 7.02105e-17 0)
(1 -6.76609e-15 0)
(1 2.1891e-15 0)
(1 -2.52521e-15 0)
(1 -3.98726e-16 0)
(1 -4.93991e-15 0)
(1 -5.37367e-15 0)
(1 -2.0018e-15 0)
(1 2.65141e-15 0)
(1 2.80573e-15 0)
(1 -1.47295e-15 0)
(1 -5.34379e-15 0)
(1 -1.2152e-14 0)
(1 -1.01744e-14 0)
(1 -8.00513e-15 0)
(1 1.71522e-16 0)
(1 4.96862e-15 0)
(1 -2.47192e-16 0)
(1 -5.93653e-16 0)
(1 5.94969e-16 0)
(1 2.71019e-15 0)
(1 -3.93894e-15 0)
(1 -6.47911e-15 0)
(1 -7.02937e-15 0)
(1 -1.01775e-14 0)
(1 -4.7064e-15 0)
(1 5.58688e-15 0)
(1 -2.29763e-15 0)
(1 -2.91928e-15 0)
(1 -3.77836e-16 0)
(1 2.65411e-16 0)
(1 -2.68329e-15 0)
(1 -5.23106e-15 0)
(1 -6.73828e-15 0)
(1 -3.12626e-15 0)
(1 6.29e-15 0)
(1 5.96825e-15 0)
(1 6.75288e-15 0)
(1 1.29222e-15 0)
(1 -2.85573e-15 0)
(1 9.18593e-16 0)
(1 -1.58467e-15 0)
(1 -2.4324e-15 0)
(1 7.1028e-15 0)
(1 5.12157e-15 0)
(1 1.99838e-15 0)
(1 -3.04151e-15 0)
(1 3.44869e-16 0)
(1 -4.76404e-15 0)
(1 -2.1604e-15 0)
(1 -1.28357e-14 0)
(1 -5.96195e-15 0)
(1 -4.86053e-15 0)
(1 -3.15741e-15 0)
(1 -4.06292e-15 0)
(1 -5.65861e-15 0)
(1 6.82213e-15 0)
(1 -3.69054e-16 0)
(1 -1.88329e-15 0)
(1 -2.76672e-15 0)
(1 -9.80109e-15 0)
(1 -3.13759e-15 0)
(1 -2.90033e-18 0)
(1 -4.92356e-16 0)
(1 -4.36951e-16 0)
(1 -1.67002e-15 0)
(1 1.79135e-15 0)
(1 4.37324e-15 0)
(1 1.77597e-15 0)
(1 3.07464e-15 0)
(1 -1.71978e-16 0)
(1 2.97415e-15 0)
(1 -2.49347e-15 0)
(1 2.89748e-15 0)
(1 -2.68816e-15 0)
(1 1.71816e-15 0)
(1 3.04134e-16 0)
(1 -2.81934e-15 0)
(1 -5.50368e-15 0)
(1 -6.07327e-16 0)
(1 -2.52349e-15 0)
(1 4.06221e-15 0)
(1 -1.92984e-15 0)
(1 3.00098e-16 0)
(1 1.59491e-15 0)
(1 -8.11964e-15 0)
(1 -3.14431e-15 0)
(1 -7.07426e-16 0)
(1 -6.14092e-15 0)
(1 -5.22524e-16 0)
(1 9.13397e-15 0)
(1 6.32937e-15 0)
(1 1.23686e-14 0)
(1 -4.64041e-15 0)
(1 -3.18706e-15 0)
(1 -1.71801e-15 0)
(1 -1.81353e-17 0)
(1 7.7466e-15 0)
(1 -2.92774e-15 0)
(1 -4.09108e-15 0)
(1 -9.69434e-15 0)
(1 -5.27356e-15 0)
(1 -1.73272e-15 0)
(1 -1.06366e-14 0)
(1 -2.05319e-15 0)
(1 -2.34679e-15 0)
(1 -1.70953e-15 0)
(1 -2.84416e-15 0)
(1 -7.22398e-15 0)
(1 -2.85146e-15 0)
(1 -6.01897e-15 0)
(1 7.92801e-16 0)
(1 4.32116e-16 0)
(1 -4.32156e-15 0)
(1 -4.62285e-15 0)
(1 -1.28893e-15 0)
(1 -1.27866e-15 0)
(1 -5.94946e-15 0)
(1 -8.41516e-15 0)
(1 -6.55336e-15 0)
(1 -2.97431e-15 0)
(1 1.55503e-15 0)
(1 4.59252e-15 0)
(1 1.08896e-15 0)
(1 -5.00866e-16 0)
(1 -9.18982e-15 0)
(1 -5.17706e-16 0)
(1 1.80686e-15 0)
(1 7.55365e-15 0)
(1 -2.66459e-15 0)
(1 -6.80961e-15 0)
(1 -5.36029e-15 0)
(1 -5.28321e-15 0)
(1 -4.24492e-15 0)
(1 1.54727e-15 0)
(1 3.43346e-15 0)
(1 8.00799e-15 0)
(1 6.86998e-15 0)
(1 3.89301e-15 0)
(1 -4.77489e-15 0)
(1 1.08835e-15 0)
(1 1.71781e-15 0)
(1 -3.53867e-15 0)
(1 -1.88039e-15 0)
(1 6.66265e-16 0)
(1 1.75101e-15 0)
(1 -9.14742e-15 0)
(1 -5.68578e-15 0)
(1 -6.52303e-15 0)
(1 -7.96896e-15 0)
(1 -5.64139e-15 0)
(1 -5.57615e-15 0)
(1 -4.51825e-15 0)
(1 -6.5475e-15 0)
(1 -8.01942e-15 0)
(1 3.74523e-16 0)
(1 6.15322e-15 0)
(1 1.0479e-15 0)
(1 -6.91291e-15 0)
(1 -7.03908e-15 0)
(1 -2.89593e-15 0)
(1 1.23715e-18 0)
(1 1.40666e-16 0)
(1 -1.04498e-15 0)
(1 -3.76203e-15 0)
(1 -9.29658e-16 0)
(1 -6.04258e-16 0)
(1 2.16543e-15 0)
(1 3.00597e-15 0)
(1 3.21048e-15 0)
(1 3.76864e-15 0)
(1 -2.26543e-15 0)
(1 9.69803e-16 0)
(1 -4.90416e-15 0)
(1 -4.37255e-15 0)
(1 -1.48246e-15 0)
(1 -2.95761e-15 0)
(1 -5.73687e-15 0)
(1 -8.68321e-15 0)
(1 2.81869e-15 0)
(1 -1.52987e-15 0)
(1 -9.7741e-16 0)
(1 -7.08185e-16 0)
(1 3.29256e-16 0)
(1 -2.92518e-15 0)
(1 -3.07834e-15 0)
(1 -1.54995e-14 0)
(1 -8.49213e-15 0)
(1 -1.61273e-14 0)
(1 -4.64578e-16 0)
(1 -3.9963e-15 0)
(1 1.21996e-14 0)
(1 5.24341e-15 0)
(1 6.49294e-15 0)
(1 1.2277e-15 0)
(1 1.17275e-14 0)
(1 3.36854e-15 0)
(1 -9.95903e-16 0)
(1 -4.69203e-15 0)
(1 -7.76851e-15 0)
(1 -1.78491e-15 0)
(1 -2.18938e-15 0)
(1 -6.06437e-16 0)
(1 -1.7131e-15 0)
(1 -2.99505e-15 0)
(1 -2.98638e-15 0)
(1 -4.43146e-15 0)
(1 -5.89332e-15 0)
(1 -5.19404e-15 0)
(1 -8.95107e-15 0)
(1 -1.57185e-15 0)
(1 5.15366e-16 0)
(1 1.20107e-14 0)
(1 -1.23559e-15 0)
(1 -5.29973e-15 0)
(1 -4.68129e-15 0)
(1 -3.89396e-15 0)
(1 1.62631e-15 0)
(1 -1.3664e-16 0)
(1 -6.38797e-15 0)
(1 -2.36484e-15 0)
(1 -2.55508e-15 0)
(1 -1.144e-15 0)
(1 -9.06025e-15 0)
(1 -7.25165e-15 0)
(1 -1.49514e-16 0)
(1 6.60854e-15 0)
(1 3.52643e-15 0)
(1 -4.00772e-15 0)
(1 -4.10047e-15 0)
(1 -4.37616e-15 0)
(1 6.81677e-16 0)
(1 -3.68604e-16 0)
(1 5.10585e-16 0)
(1 1.14421e-15 0)
(1 -2.14682e-15 0)
(1 -5.70316e-16 0)
(1 -2.70414e-16 0)
(1 -2.24366e-15 0)
(1 -3.70719e-15 0)
(1 6.67836e-16 0)
(1 3.07463e-15 0)
(1 2.83365e-15 0)
(1 -2.45849e-15 0)
(1 1.47911e-16 0)
(1 -5.46388e-15 0)
(1 -1.27009e-14 0)
(1 -1.39683e-14 0)
(1 -1.30753e-14 0)
(1 -1.19394e-14 0)
(1 -1.08179e-14 0)
(1 -1.47827e-15 0)
(1 6.39451e-15 0)
(1 5.83621e-15 0)
(1 3.54501e-15 0)
(1 1.08931e-15 0)
(1 -6.0435e-15 0)
(1 -1.79479e-15 0)
(1 2.04091e-15 0)
(1 -1.52977e-15 0)
(1 -6.30039e-16 0)
(1 -5.6165e-15 0)
(1 -9.31234e-15 0)
(1 -6.49946e-15 0)
(1 -7.45306e-15 0)
(1 5.31534e-16 0)
(1 4.43379e-15 0)
(1 3.40573e-15 0)
(1 2.5909e-15 0)
(1 1.86623e-15 0)
(1 3.51423e-15 0)
(1 4.69151e-16 0)
(1 2.10721e-16 0)
(1 -3.14073e-15 0)
(1 2.08028e-15 0)
(1 -9.27035e-15 0)
(1 -7.29409e-15 0)
(1 -1.0485e-14 0)
(1 -9.82538e-15 0)
(1 1.50609e-15 0)
(1 -3.04898e-15 0)
(1 6.73711e-15 0)
(1 -3.63345e-17 0)
(1 3.40042e-15 0)
(1 -8.80997e-15 0)
(1 -4.94013e-15 0)
(1 -1.40805e-14 0)
(1 -2.94912e-15 0)
(1 8.8247e-16 0)
(1 8.96721e-16 0)
(1 -2.99713e-15 0)
(1 -4.75996e-15 0)
(1 7.83466e-15 0)
(1 2.36161e-15 0)
(1 6.44248e-16 0)
(1 -2.2613e-15 0)
(1 4.28997e-16 0)
(1 -4.01598e-15 0)
(1 6.64974e-15 0)
(1 5.8838e-15 0)
(1 1.33812e-14 0)
(1 6.3395e-16 0)
(1 1.35059e-17 0)
(1 -7.23434e-15 0)
(1 -8.1007e-15 0)
(1 -1.52837e-14 0)
(1 -7.46677e-15 0)
(1 -2.39876e-15 0)
(1 -3.26904e-16 0)
(1 -7.16422e-15 0)
(1 3.01517e-17 0)
(1 6.0157e-15 0)
(1 1.08852e-14 0)
(1 8.54399e-16 0)
(1 -3.98016e-15 0)
(1 -9.59986e-15 0)
(1 -6.50503e-15 0)
(1 3.08119e-15 0)
(1 5.89858e-15 0)
(1 1.39781e-15 0)
(1 -7.95927e-15 0)
(1 -9.69529e-15 0)
(1 -7.43264e-15 0)
(1 -2.88294e-15 0)
(1 -6.01048e-15 0)
(1 -3.6154e-15 0)
(1 2.21014e-15 0)
(1 -1.94435e-15 0)
(1 -6.70022e-15 0)
(1 -6.28111e-15 0)
(1 -5.77515e-16 0)
(1 3.72627e-15 0)
(1 5.77331e-15 0)
(1 3.90186e-15 0)
(1 -2.01114e-15 0)
(1 -1.72138e-15 0)
(1 -4.07117e-15 0)
(1 8.86595e-16 0)
(1 -4.42725e-15 0)
(1 3.35583e-15 0)
(1 -1.77425e-15 0)
(1 3.5762e-15 0)
(1 -4.79416e-15 0)
(1 -3.67323e-15 0)
(1 1.74333e-15 0)
(1 -1.76205e-15 0)
(1 -3.6177e-15 0)
(1 -9.44565e-15 0)
(1 -8.56966e-15 0)
(1 -1.27426e-14 0)
(1 -1.03874e-14 0)
(1 -3.09989e-15 0)
(1 2.57792e-15 0)
(1 2.19921e-15 0)
(1 -1.15526e-15 0)
(1 -1.08653e-15 0)
(1 7.78091e-16 0)
(1 5.19165e-15 0)
(1 8.15114e-15 0)
(1 -4.26136e-16 0)
(1 -5.96189e-15 0)
(1 -7.55504e-15 0)
(1 -6.70115e-15 0)
(1 -1.83019e-15 0)
(1 -6.87159e-17 0)
(1 1.49688e-15 0)
(1 1.6978e-15 0)
(1 -1.75048e-15 0)
(1 3.25557e-15 0)
(1 -1.80745e-15 0)
(1 9.12487e-16 0)
(1 8.30172e-16 0)
(1 -7.39663e-16 0)
(1 -4.5391e-15 0)
(1 -2.76325e-15 0)
(1 -1.02372e-14 0)
(1 -1.07159e-14 0)
(1 -1.25904e-14 0)
(1 -8.38687e-15 0)
(1 -3.63213e-15 0)
(1 -2.49913e-15 0)
(1 3.18204e-15 0)
(1 -1.41259e-15 0)
(1 1.60156e-15 0)
(1 -1.50541e-15 0)
(1 1.30099e-15 0)
(1 -1.01664e-14 0)
(1 -4.22266e-15 0)
(1 3.11639e-15 0)
(1 2.95042e-16 0)
(1 -3.34362e-15 0)
(1 -6.51206e-15 0)
(1 -8.866e-16 0)
(1 1.58762e-17 0)
(1 -4.80999e-15 0)
(1 -3.26595e-15 0)
(1 4.76009e-15 0)
(1 1.79765e-15 0)
(1 2.292e-15 0)
(1 7.39326e-15 0)
(1 6.58558e-15 0)
(1 6.25145e-15 0)
(1 -2.35873e-15 0)
(1 -3.90161e-15 0)
(1 -4.15643e-15 0)
(1 -8.30133e-15 0)
(1 -5.02197e-15 0)
(1 -4.0642e-15 0)
(1 -5.71285e-15 0)
(1 6.44863e-16 0)
(1 5.38157e-16 0)
(1 -1.02518e-15 0)
(1 -3.17483e-15 0)
(1 -4.01836e-15 0)
(1 -1.42339e-14 0)
(1 -3.31283e-15 0)
(1 -3.47899e-15 0)
(1 3.2127e-15 0)
(1 6.17999e-15 0)
(1 6.51868e-16 0)
(1 -1.56382e-14 0)
(1 -4.5673e-15 0)
(1 2.22023e-15 0)
(1 -3.08923e-15 0)
(1 1.89729e-15 0)
(1 -4.32043e-15 0)
(1 -4.33901e-15 0)
(1 2.88845e-15 0)
(1 -4.32316e-16 0)
(1 4.79468e-16 0)
(1 -4.97742e-15 0)
(1 -4.09631e-15 0)
(1 1.87469e-15 0)
(1 2.6446e-15 0)
(1 3.52439e-15 0)
(1 5.09331e-16 0)
(1 -2.29904e-15 0)
(1 3.58745e-15 0)
(1 7.55818e-15 0)
(1 9.78466e-15 0)
(1 1.84973e-15 0)
(1 -2.1104e-15 0)
(1 -6.62864e-15 0)
(1 -5.31704e-15 0)
(1 -4.70183e-15 0)
(1 -1.87299e-15 0)
(1 -1.16561e-15 0)
(1 2.07603e-15 0)
(1 -3.73268e-15 0)
(1 -4.3895e-15 0)
(1 -2.32924e-15 0)
(1 -2.32457e-15 0)
(1 -6.55672e-15 0)
(1 2.96125e-16 0)
(1 2.6094e-15 0)
(1 -1.2567e-15 0)
(1 1.73606e-16 0)
(1 1.09876e-15 0)
(1 5.90492e-16 0)
(1 -2.11206e-15 0)
(1 4.7302e-15 0)
(1 3.16846e-15 0)
(1 8.75495e-16 0)
(1 -3.38016e-15 0)
(1 -1.7038e-15 0)
(1 -2.52233e-15 0)
(1 -4.22815e-15 0)
(1 -4.98683e-15 0)
(1 2.06958e-15 0)
(1 6.98498e-16 0)
(1 6.38481e-15 0)
(1 -2.77698e-15 0)
(1 -3.35771e-15 0)
(1 -6.22373e-15 0)
(1 -4.25468e-15 0)
(1 -2.99855e-15 0)
(1 -3.80726e-15 0)
(1 -6.53798e-16 0)
(1 -6.14155e-16 0)
(1 -1.59163e-15 0)
(1 2.20975e-15 0)
(1 -4.49742e-15 0)
(1 2.48323e-15 0)
(1 -3.65306e-16 0)
(1 1.38692e-15 0)
(1 9.48168e-16 0)
(1 8.7705e-16 0)
(1 -7.04497e-15 0)
(1 -8.94229e-15 0)
(1 -6.16702e-15 0)
(1 -6.7546e-15 0)
(1 1.69011e-15 0)
(1 -3.91381e-15 0)
(1 2.13029e-15 0)
(1 -1.78803e-15 0)
(1 6.11437e-15 0)
(1 4.91279e-15 0)
(1 -3.14805e-15 0)
(1 -5.4344e-15 0)
(1 -1.07345e-15 0)
(1 -2.91593e-15 0)
(1 1.89281e-15 0)
(1 -4.38552e-15 0)
(1 3.78408e-15 0)
(1 3.48478e-15 0)
(1 -4.99699e-15 0)
(1 -5.27177e-15 0)
(1 -1.6469e-15 0)
(1 5.23779e-16 0)
(1 3.22618e-15 0)
(1 1.19932e-17 0)
(1 -7.94798e-15 0)
(1 -8.35955e-15 0)
(1 -8.75686e-15 0)
(1 -9.74336e-15 0)
(1 -5.34921e-15 0)
(1 6.24519e-16 0)
(1 2.10723e-15 0)
(1 3.55546e-15 0)
(1 -4.55296e-15 0)
(1 -9.52961e-16 0)
(1 -1.28878e-15 0)
(1 -8.46469e-16 0)
(1 -1.00499e-14 0)
(1 -1.65377e-15 0)
(1 2.33665e-15 0)
(1 1.55193e-15 0)
(1 3.66805e-15 0)
(1 -4.93543e-15 0)
(1 -9.18463e-16 0)
(1 -1.89758e-15 0)
(1 -3.43921e-15 0)
(1 -2.23496e-15 0)
(1 1.2651e-15 0)
(1 2.08279e-15 0)
(1 -1.76216e-15 0)
(1 -1.03329e-15 0)
(1 -1.54306e-15 0)
(1 4.35341e-15 0)
(1 1.04574e-16 0)
(1 7.29888e-15 0)
(1 -6.80568e-16 0)
(1 7.21267e-15 0)
(1 -7.44852e-17 0)
(1 -8.34704e-16 0)
(1 -8.34968e-15 0)
(1 -2.81209e-15 0)
(1 -2.33435e-15 0)
(1 -1.75157e-15 0)
(1 -2.09862e-15 0)
(1 -2.17241e-15 0)
(1 -2.00542e-15 0)
(1 -2.64614e-15 0)
(1 3.30603e-15 0)
(1 2.51713e-15 0)
(1 -2.40001e-17 0)
(1 -6.54901e-15 0)
(1 -1.49586e-15 0)
(1 -1.23563e-16 0)
(1 5.22605e-16 0)
(1 6.24266e-15 0)
(1 3.3432e-15 0)
(1 7.43372e-15 0)
(1 -2.70053e-15 0)
(1 -2.71911e-16 0)
(1 -7.4051e-16 0)
(1 2.98437e-15 0)
(1 4.05049e-15 0)
(1 -9.03564e-16 0)
(1 -3.58883e-16 0)
(1 8.5353e-15 0)
(1 -1.85217e-15 0)
(1 -2.12216e-15 0)
(1 -4.14607e-15 0)
(1 -1.77497e-17 0)
(1 -2.64323e-15 0)
(1 -2.83656e-15 0)
(1 -1.06375e-15 0)
(1 -2.56748e-15 0)
(1 -1.14471e-15 0)
(1 3.9557e-15 0)
(1 1.86207e-15 0)
(1 1.60909e-16 0)
(1 3.16866e-15 0)
(1 -4.52626e-16 0)
(1 1.06593e-15 0)
(1 3.49742e-15 0)
(1 -4.09685e-15 0)
(1 -7.77923e-15 0)
(1 -4.22454e-15 0)
(1 -6.16303e-15 0)
(1 -8.82602e-15 0)
(1 -3.07568e-15 0)
(1 -1.92639e-15 0)
(1 -7.3148e-16 0)
(1 7.71669e-15 0)
(1 7.24769e-16 0)
(1 2.02286e-15 0)
(1 3.92486e-15 0)
(1 1.15085e-14 0)
(1 3.56047e-15 0)
(1 -1.26025e-14 0)
(1 -1.59018e-14 0)
(1 -5.60922e-15 0)
(1 -1.84028e-16 0)
(1 -4.52081e-15 0)
(1 -8.57549e-16 0)
(1 -1.66695e-15 0)
(1 -1.05618e-15 0)
(1 -7.4827e-15 0)
(1 -6.65039e-15 0)
(1 5.95343e-16 0)
(1 -6.73324e-16 0)
(1 3.27693e-15 0)
(1 3.38641e-15 0)
(1 -6.92076e-15 0)
(1 -6.88958e-15 0)
(1 -2.82547e-15 0)
(1 -7.16565e-15 0)
(1 -6.68275e-15 0)
(1 -3.45689e-15 0)
(1 -6.17903e-15 0)
(1 -1.21154e-15 0)
(1 6.02151e-15 0)
(1 5.37611e-15 0)
(1 5.40131e-15 0)
(1 3.09871e-15 0)
(1 -1.79455e-15 0)
(1 -5.77155e-15 0)
(1 -5.24423e-15 0)
(1 -2.43066e-15 0)
(1 4.42528e-15 0)
(1 3.60132e-15 0)
(1 2.26433e-15 0)
(1 4.35715e-15 0)
(1 5.23457e-16 0)
(1 1.12341e-15 0)
(1 -9.04497e-16 0)
(1 7.64979e-17 0)
(1 -1.08441e-15 0)
(1 6.58681e-15 0)
(1 3.29472e-15 0)
(1 6.19222e-15 0)
(1 -2.99912e-15 0)
(1 -6.78214e-15 0)
(1 -3.20483e-15 0)
(1 2.48576e-15 0)
(1 -6.4781e-15 0)
(1 9.34004e-16 0)
(1 -2.29519e-15 0)
(1 3.97909e-16 0)
(1 -4.79377e-15 0)
(1 -2.66988e-15 0)
(1 -6.30237e-15 0)
(1 -4.9088e-15 0)
(1 -2.78166e-16 0)
(1 1.06755e-15 0)
(1 8.43348e-15 0)
(1 3.17407e-15 0)
(1 1.94793e-15 0)
(1 -3.87705e-15 0)
(1 -2.02638e-15 0)
(1 1.5562e-15 0)
(1 1.32056e-15 0)
(1 -1.0698e-16 0)
(1 -2.73311e-15 0)
(1 1.79915e-15 0)
(1 7.85754e-15 0)
(1 3.98111e-15 0)
(1 4.71344e-15 0)
(1 4.78667e-16 0)
(1 -2.58681e-15 0)
(1 -2.25307e-15 0)
(1 -1.57235e-15 0)
(1 -1.09451e-15 0)
(1 -3.49794e-15 0)
(1 -2.316e-15 0)
(1 1.51709e-16 0)
(1 -2.74135e-16 0)
(1 1.04937e-15 0)
(1 1.01785e-15 0)
(1 6.44954e-15 0)
(1 3.2614e-15 0)
(1 5.15362e-16 0)
(1 4.07576e-15 0)
(1 -4.47948e-15 0)
(1 -2.62776e-15 0)
(1 -1.05964e-14 0)
(1 -1.25916e-14 0)
(1 -1.59526e-14 0)
(1 -5.59368e-15 0)
(1 -4.55263e-15 0)
(1 4.85461e-16 0)
(1 -1.58433e-15 0)
(1 -2.00599e-15 0)
(1 2.29316e-15 0)
(1 1.85563e-15 0)
(1 6.30935e-15 0)
(1 3.62741e-15 0)
(1 9.80726e-15 0)
(1 -1.99478e-15 0)
(1 1.25557e-15 0)
(1 -4.30752e-15 0)
(1 -3.64449e-15 0)
(1 -9.7456e-15 0)
(1 -1.58926e-15 0)
(1 -3.95579e-15 0)
(1 -4.30246e-15 0)
(1 -2.92611e-15 0)
(1 -2.76269e-15 0)
(1 -7.52727e-15 0)
(1 2.65817e-15 0)
(1 4.07515e-15 0)
(1 9.34172e-15 0)
(1 6.02185e-15 0)
(1 1.86664e-15 0)
(1 -6.18847e-15 0)
(1 -4.13709e-15 0)
(1 -3.02357e-15 0)
(1 2.12283e-16 0)
(1 -5.70871e-15 0)
(1 -1.49896e-15 0)
(1 -6.7401e-15 0)
(1 2.00913e-15 0)
(1 -3.28615e-16 0)
(1 5.66441e-15 0)
(1 1.8559e-15 0)
(1 -1.66654e-15 0)
(1 -3.22614e-16 0)
(1 -2.16029e-16 0)
(1 3.35472e-15 0)
(1 2.80798e-15 0)
(1 9.97294e-16 0)
(1 -6.51177e-15 0)
(1 -3.58819e-15 0)
(1 -1.3995e-15 0)
(1 7.49897e-16 0)
(1 4.46812e-16 0)
(1 5.35443e-15 0)
(1 6.58366e-15 0)
(1 9.03352e-15 0)
(1 1.98002e-15 0)
(1 -9.07545e-16 0)
(1 -5.12635e-15 0)
(1 -8.75834e-15 0)
(1 9.40252e-16 0)
(1 4.98318e-15 0)
(1 1.0564e-14 0)
(1 1.1326e-14 0)
(1 8.57502e-15 0)
(1 -4.64921e-15 0)
(1 -6.07112e-15 0)
(1 -3.96697e-15 0)
(1 -6.9652e-15 0)
(1 -1.90984e-15 0)
(1 2.61753e-15 0)
(1 1.99846e-16 0)
(1 2.84851e-15 0)
(1 -2.26742e-15 0)
(1 6.5756e-15 0)
(1 4.1473e-15 0)
(1 6.29818e-16 0)
(1 -5.40383e-15 0)
(1 1.83931e-15 0)
(1 2.08792e-15 0)
(1 7.32623e-15 0)
(1 -1.50703e-15 0)
(1 -1.13894e-15 0)
(1 6.73271e-16 0)
(1 6.31268e-15 0)
(1 -4.75453e-15 0)
(1 3.10539e-15 0)
(1 -3.91384e-15 0)
(1 1.0643e-15 0)
(1 -2.82337e-15 0)
(1 1.11769e-15 0)
(1 2.13935e-15 0)
(1 7.72505e-15 0)
(1 8.30907e-15 0)
(1 2.73873e-15 0)
(1 2.25723e-16 0)
(1 -5.99617e-16 0)
(1 6.80123e-16 0)
(1 1.08535e-15 0)
(1 -5.49912e-16 0)
(1 -6.32911e-15 0)
(1 -3.87199e-15 0)
(1 -4.13124e-15 0)
(1 -5.07232e-15 0)
(1 -6.70353e-16 0)
(1 -7.05094e-15 0)
(1 1.66938e-15 0)
(1 -7.10078e-15 0)
(1 1.71705e-15 0)
(1 -2.5546e-15 0)
(1 3.18395e-16 0)
(1 7.60462e-15 0)
(1 5.36493e-15 0)
(1 1.29987e-15 0)
(1 -7.64995e-15 0)
(1 -2.63349e-15 0)
(1 7.54235e-15 0)
(1 2.5632e-15 0)
(1 -5.67677e-15 0)
(1 -1.11537e-14 0)
(1 -6.21218e-15 0)
(1 -8.2658e-15 0)
(1 -2.28972e-15 0)
(1 5.26722e-16 0)
(1 4.78853e-16 0)
(1 -9.69628e-15 0)
(1 -5.12665e-15 0)
(1 -5.72213e-16 0)
(1 7.01773e-15 0)
(1 1.12076e-14 0)
(1 4.7722e-15 0)
(1 5.77381e-16 0)
(1 -9.48581e-15 0)
(1 -1.24232e-15 0)
(1 2.04285e-15 0)
(1 1.21693e-15 0)
(1 -3.01269e-15 0)
(1 -6.99369e-15 0)
(1 -3.04238e-16 0)
(1 -1.6726e-15 0)
(1 8.03792e-16 0)
(1 3.39888e-15 0)
(1 -3.40459e-15 0)
(1 -6.87554e-15 0)
(1 -1.8522e-15 0)
(1 5.01146e-15 0)
(1 1.07138e-15 0)
(1 3.71772e-16 0)
(1 -4.47531e-15 0)
(1 -6.28106e-15 0)
(1 1.68079e-15 0)
(1 1.12477e-15 0)
(1 -3.41771e-15 0)
(1 2.35752e-15 0)
(1 4.23032e-15 0)
(1 4.09695e-15 0)
(1 1.50752e-15 0)
(1 1.54576e-15 0)
(1 7.44172e-15 0)
(1 4.08738e-15 0)
(1 -1.20351e-15 0)
(1 -7.6455e-15 0)
(1 -1.91867e-16 0)
(1 1.69067e-15 0)
(1 8.6586e-15 0)
(1 2.64191e-15 0)
(1 3.42769e-15 0)
(1 2.49689e-15 0)
(1 5.36647e-15 0)
(1 -2.65886e-16 0)
(1 3.506e-15 0)
(1 1.59239e-15 0)
(1 -2.83381e-15 0)
(1 2.98189e-15 0)
(1 3.43176e-15 0)
(1 2.11726e-15 0)
(1 -1.694e-15 0)
(1 3.58952e-15 0)
(1 3.23864e-15 0)
(1 -9.17549e-16 0)
(1 3.11034e-15 0)
(1 1.88505e-15 0)
(1 -4.3343e-15 0)
(1 -1.19563e-15 0)
(1 2.06178e-15 0)
(1 1.37605e-15 0)
(1 1.28275e-15 0)
(1 -2.54558e-15 0)
(1 -1.2564e-15 0)
(1 -5.8846e-16 0)
(1 1.44593e-15 0)
(1 4.43256e-15 0)
(1 6.5483e-15 0)
(1 9.51688e-15 0)
(1 1.76883e-15 0)
(1 5.16199e-16 0)
(1 -3.70279e-15 0)
(1 -8.6603e-17 0)
(1 -2.70314e-15 0)
(1 -3.29142e-15 0)
(1 -3.95274e-15 0)
(1 -2.51042e-15 0)
(1 -5.40038e-15 0)
(1 -1.81214e-15 0)
(1 6.52724e-15 0)
(1 -1.27792e-15 0)
(1 7.2012e-15 0)
(1 -4.78738e-15 0)
(1 1.11704e-15 0)
(1 -2.51225e-15 0)
(1 1.97542e-15 0)
(1 5.64658e-16 0)
(1 3.7528e-15 0)
(1 4.46629e-15 0)
(1 -8.99037e-15 0)
(1 2.10535e-15 0)
(1 1.97331e-17 0)
(1 -3.74362e-15 0)
(1 -7.29314e-15 0)
(1 -1.34966e-15 0)
(1 2.26903e-15 0)
(1 -1.41185e-16 0)
(1 -3.69298e-16 0)
(1 5.1661e-16 0)
(1 -5.20943e-16 0)
(1 -2.48445e-15 0)
(1 -8.88687e-16 0)
(1 3.19961e-15 0)
(1 -1.58384e-15 0)
(1 2.52442e-15 0)
(1 -2.64652e-15 0)
(1 -2.07526e-15 0)
(1 -6.82825e-15 0)
(1 -3.71009e-15 0)
(1 5.04988e-15 0)
(1 4.66064e-15 0)
(1 -5.08072e-15 0)
(1 -3.7663e-15 0)
(1 -1.18149e-15 0)
(1 4.2156e-15 0)
(1 -3.59843e-15 0)
(1 2.34448e-15 0)
(1 -6.67806e-16 0)
(1 -2.43041e-15 0)
(1 6.37129e-15 0)
(1 2.35681e-15 0)
(1 1.39861e-15 0)
(1 3.85628e-15 0)
(1 1.37833e-15 0)
(1 -2.25843e-15 0)
(1 2.15408e-15 0)
(1 2.34528e-16 0)
(1 -6.90909e-15 0)
(1 -2.66099e-15 0)
(1 -7.79897e-16 0)
(1 -5.48005e-15 0)
(1 -1.86776e-15 0)
(1 3.81447e-15 0)
(1 1.2925e-14 0)
(1 5.38369e-15 0)
(1 3.66533e-15 0)
(1 -5.8928e-15 0)
(1 -1.06546e-14 0)
(1 -3.52708e-15 0)
(1 1.93827e-15 0)
(1 5.27387e-15 0)
(1 2.34479e-15 0)
(1 1.60257e-15 0)
(1 4.17256e-15 0)
(1 1.86803e-15 0)
(1 1.30911e-15 0)
(1 8.30467e-16 0)
(1 -6.75992e-16 0)
(1 3.76885e-15 0)
(1 3.68834e-16 0)
(1 -1.8817e-15 0)
(1 -4.32056e-15 0)
(1 4.92461e-16 0)
(1 8.05621e-16 0)
(1 -3.43512e-15 0)
(1 -5.25126e-15 0)
(1 9.44634e-15 0)
(1 4.8396e-15 0)
(1 6.87295e-15 0)
(1 1.00979e-15 0)
(1 2.59261e-15 0)
(1 -8.12053e-16 0)
(1 -1.69497e-15 0)
(1 -1.45685e-15 0)
(1 -1.17091e-15 0)
(1 -1.83261e-15 0)
(1 -7.73566e-16 0)
(1 3.76133e-15 0)
(1 3.93886e-15 0)
(1 8.58227e-16 0)
(1 2.57426e-15 0)
(1 3.59511e-16 0)
(1 2.43481e-15 0)
(1 -2.58615e-15 0)
(1 -5.0159e-16 0)
(1 -1.18032e-15 0)
(1 -3.09865e-15 0)
(1 -8.24467e-15 0)
(1 -4.85641e-15 0)
(1 -8.68734e-16 0)
(1 9.90477e-16 0)
(1 1.01648e-15 0)
(1 3.22272e-15 0)
(1 2.69588e-15 0)
(1 1.04946e-15 0)
(1 8.69639e-16 0)
(1 -6.92534e-15 0)
(1 4.7893e-15 0)
(1 4.57523e-15 0)
(1 5.4745e-15 0)
(1 2.92301e-15 0)
(1 4.70444e-15 0)
(1 -4.8383e-16 0)
(1 5.49874e-16 0)
(1 -4.11209e-16 0)
(1 3.94586e-15 0)
(1 1.36364e-15 0)
(1 2.49771e-15 0)
(1 -2.46617e-15 0)
(1 -6.01835e-15 0)
(1 8.3681e-17 0)
(1 -1.7049e-15 0)
(1 3.8893e-15 0)
(1 -1.70815e-15 0)
(1 -8.91947e-16 0)
(1 1.1174e-15 0)
(1 1.10765e-15 0)
(1 -1.71922e-15 0)
(1 -1.14158e-15 0)
(1 1.75097e-15 0)
(1 2.81857e-15 0)
(1 1.1501e-15 0)
(1 -4.80559e-15 0)
(1 -4.49902e-15 0)
(1 -2.00161e-15 0)
(1 1.09681e-15 0)
(1 7.17996e-16 0)
(1 4.98169e-15 0)
(1 4.17094e-15 0)
(1 2.53318e-15 0)
(1 -4.42531e-16 0)
(1 -2.85844e-15 0)
(1 -2.0747e-15 0)
(1 -1.24607e-15 0)
(1 -1.96028e-15 0)
(1 -2.45792e-15 0)
(1 9.31648e-16 0)
(1 -2.74504e-15 0)
(1 -3.14674e-15 0)
(1 -1.37446e-15 0)
(1 -2.4974e-15 0)
(1 -3.0949e-15 0)
(1 8.26737e-16 0)
(1 2.10389e-16 0)
(1 7.52322e-16 0)
(1 2.49373e-15 0)
(1 -2.12031e-15 0)
(1 -1.49981e-15 0)
(1 -2.31751e-16 0)
(1 -1.266e-15 0)
(1 -1.60313e-15 0)
(1 2.87328e-15 0)
(1 1.65422e-15 0)
(1 -6.17436e-17 0)
(1 -1.68269e-15 0)
(1 -1.54114e-15 0)
(1 4.1479e-16 0)
(1 4.79663e-15 0)
(1 4.7854e-15 0)
(1 3.98605e-15 0)
(1 -9.94516e-16 0)
(1 -3.544e-15 0)
(1 -5.19989e-15 0)
(1 1.30814e-15 0)
(1 1.47677e-15 0)
(1 1.83194e-15 0)
(1 -4.76911e-17 0)
(1 -3.1947e-16 0)
(1 -3.0372e-15 0)
(1 -3.91132e-15 0)
(1 -3.59544e-15 0)
(1 2.52436e-15 0)
(1 -1.39093e-15 0)
(1 1.59455e-15 0)
(1 1.70084e-15 0)
(1 -5.61184e-16 0)
(1 3.8025e-15 0)
(1 2.70684e-15 0)
(1 2.79702e-16 0)
(1 -5.1486e-16 0)
(1 4.00112e-15 0)
(1 -7.93122e-16 0)
(1 1.14812e-15 0)
(1 2.09517e-15 0)
(1 -1.14306e-15 0)
(1 8.45646e-16 0)
(1 -5.37408e-15 0)
(1 -3.43408e-15 0)
(1 -4.06441e-15 0)
(1 3.27096e-15 0)
(1 -2.3879e-15 0)
(1 -5.57219e-15 0)
(1 -1.07214e-15 0)
(1 5.06147e-15 0)
(1 3.42719e-16 0)
(1 1.80682e-15 0)
(1 -8.80488e-18 0)
(1 4.51009e-15 0)
(1 1.31622e-15 0)
(1 1.61016e-15 0)
(1 2.86674e-15 0)
(1 2.51593e-15 0)
(1 -2.23469e-15 0)
(1 -7.94623e-16 0)
(1 -3.31005e-15 0)
(1 -5.02562e-16 0)
(1 9.89548e-16 0)
(1 3.16451e-15 0)
(1 -8.22151e-16 0)
(1 -3.86922e-15 0)
(1 -3.18442e-15 0)
(1 -4.18369e-15 0)
(1 -8.4182e-16 0)
(1 2.02736e-15 0)
(1 8.51704e-16 0)
(1 5.68296e-15 0)
(1 4.19727e-15 0)
(1 -8.223e-16 0)
(1 -2.02552e-15 0)
(1 -4.39688e-15 0)
(1 3.41888e-16 0)
(1 1.41698e-15 0)
(1 -2.2493e-15 0)
(1 -2.95681e-15 0)
(1 -2.48044e-15 0)
(1 2.82423e-15 0)
(1 -4.37282e-16 0)
(1 3.92604e-15 0)
(1 -1.15406e-15 0)
(1 -5.92569e-15 0)
(1 -4.66986e-15 0)
(1 -3.10043e-15 0)
(1 -2.07417e-15 0)
(1 1.4829e-15 0)
(1 2.93334e-15 0)
(1 8.75144e-16 0)
(1 2.79636e-15 0)
(1 2.34089e-15 0)
(1 -1.09667e-16 0)
(1 -2.92506e-16 0)
(1 2.12012e-15 0)
(1 -2.63256e-16 0)
(1 1.14007e-15 0)
(1 -9.22313e-16 0)
(1 4.03807e-16 0)
(1 -6.12051e-16 0)
(1 -5.78475e-15 0)
(1 8.82209e-16 0)
(1 -3.94985e-15 0)
(1 -9.0809e-16 0)
(1 9.88751e-16 0)
(1 5.8954e-15 0)
(1 3.39011e-15 0)
(1 3.62414e-15 0)
(1 -1.18697e-15 0)
(1 -1.10875e-15 0)
(1 4.52017e-15 0)
(1 5.07168e-15 0)
(1 6.54308e-15 0)
(1 3.2966e-15 0)
(1 -1.95224e-15 0)
(1 -2.36076e-15 0)
(1 -9.01808e-16 0)
(1 3.0311e-16 0)
(1 -9.89598e-16 0)
(1 -5.24114e-16 0)
(1 -4.47253e-15 0)
(1 -2.50273e-15 0)
(1 -5.02343e-15 0)
(1 -1.71129e-15 0)
(1 -1.43794e-15 0)
(1 1.62741e-15 0)
(1 3.59477e-16 0)
(1 5.99384e-16 0)
(1 2.50523e-15 0)
(1 -6.84152e-16 0)
(1 6.68552e-15 0)
(1 -1.42751e-15 0)
(1 -1.48115e-15 0)
)
;

boundaryField
{
    inlet
    {
        type            fixedValue;
        value           uniform (1 0 0);
    }
    outlet
    {
        type            zeroGradient;
    }
    down
    {
        type            empty;
    }
    up
    {
        type            empty;
    }
    sides
    {
        type            slip;
    }
}

