/*--------------------------------*- C++ -*----------------------------------*\
| =========                 |                                                 |
| \\      /  F ield         | OpenFOAM: The Open Source CFD Toolbox           |
|  \\    /   O peration     | Version:  v2012                                 |
|   \\  /    A nd           | Website:  www.openfoam.com                      |
|    \\/     M anipulation  |                                                 |
\*---------------------------------------------------------------------------*/
FoamFile
{
    version     2.0;
    format      ascii;
    class       volScalarField;
    location    "0";
    object      pRec;
}
// * * * * * * * * * * * * * * * * * * * * * * * * * * * * * * * * * * * * * //

dimensions      [0 2 -2 0 0 0 0];


internalField   nonuniform List<scalar> 
4000
(
-7.10283e-13
-7.04199e-13
-7.05649e-13
-7.09278e-13
-7.0681e-13
-7.07167e-13
-7.0592e-13
-7.00605e-13
-6.89407e-13
-6.859e-13
-6.87842e-13
-6.81976e-13
-6.68989e-13
-6.5334e-13
-6.39395e-13
-6.32293e-13
-6.26998e-13
-6.24471e-13
-6.16945e-13
-6.01571e-13
-5.8994e-13
-5.82792e-13
-5.77228e-13
-5.70667e-13
-5.60067e-13
-5.49111e-13
-5.48079e-13
-5.41899e-13
-5.35307e-13
-5.24425e-13
-5.06857e-13
-5.00268e-13
-4.99097e-13
-4.98165e-13
-4.93593e-13
-4.91738e-13
-4.82857e-13
-4.62715e-13
-4.44204e-13
-4.41275e-13
-4.43053e-13
-4.42009e-13
-4.43223e-13
-4.36651e-13
-4.24128e-13
-4.1514e-13
-4.06473e-13
-3.96919e-13
-3.87017e-13
-3.78871e-13
-3.6908e-13
-3.60468e-13
-3.52625e-13
-3.42971e-13
-3.34087e-13
-3.20708e-13
-3.14154e-13
-3.11065e-13
-3.08639e-13
-3.05839e-13
-2.97545e-13
-2.9e-13
-2.79376e-13
-2.66666e-13
-2.58289e-13
-2.5087e-13
-2.46901e-13
-2.39058e-13
-2.28054e-13
-2.20201e-13
-2.12804e-13
-2.06738e-13
-1.93599e-13
-1.86614e-13
-1.86192e-13
-1.82072e-13
-1.79475e-13
-1.73423e-13
-1.64771e-13
-1.51638e-13
-1.38308e-13
-1.32906e-13
-1.24331e-13
-1.20379e-13
-1.16937e-13
-1.11231e-13
-1.01194e-13
-9.29443e-14
-8.91668e-14
-8.54596e-14
-7.90449e-14
-7.26066e-14
-6.48342e-14
-5.81707e-14
-4.91631e-14
-3.97527e-14
-3.0856e-14
-2.21247e-14
-1.27473e-14
-3.23701e-15
-7.06483e-13
-7.05365e-13
-7.08971e-13
-7.08896e-13
-7.09304e-13
-7.05621e-13
-7.02766e-13
-7.00128e-13
-6.94702e-13
-6.89855e-13
-6.83831e-13
-6.77735e-13
-6.66994e-13
-6.54596e-13
-6.42705e-13
-6.35726e-13
-6.3055e-13
-6.22954e-13
-6.12981e-13
-6.05074e-13
-5.94314e-13
-5.81736e-13
-5.72975e-13
-5.66985e-13
-5.57776e-13
-5.51615e-13
-5.49069e-13
-5.42752e-13
-5.3392e-13
-5.20147e-13
-5.10583e-13
-5.04015e-13
-4.98399e-13
-4.94758e-13
-4.9081e-13
-4.87693e-13
-4.80472e-13
-4.67148e-13
-4.51984e-13
-4.45867e-13
-4.42843e-13
-4.40917e-13
-4.39491e-13
-4.34379e-13
-4.26332e-13
-4.15491e-13
-4.04791e-13
-3.96742e-13
-3.87502e-13
-3.76126e-13
-3.67889e-13
-3.5955e-13
-3.5246e-13
-3.44027e-13
-3.35203e-13
-3.23735e-13
-3.14084e-13
-3.09178e-13
-3.06799e-13
-3.04269e-13
-2.99923e-13
-2.90029e-13
-2.80864e-13
-2.68599e-13
-2.5988e-13
-2.5038e-13
-2.44284e-13
-2.38182e-13
-2.30217e-13
-2.21788e-13
-2.13357e-13
-2.06591e-13
-1.99086e-13
-1.89796e-13
-1.85873e-13
-1.78761e-13
-1.77997e-13
-1.71027e-13
-1.61515e-13
-1.49449e-13
-1.39553e-13
-1.34519e-13
-1.28382e-13
-1.23202e-13
-1.14498e-13
-1.08612e-13
-9.9305e-14
-9.07812e-14
-8.73373e-14
-8.39084e-14
-8.09408e-14
-7.5311e-14
-6.89283e-14
-5.63549e-14
-4.75421e-14
-4.04652e-14
-3.0487e-14
-2.23625e-14
-1.47478e-14
-5.17177e-15
-7.06179e-13
-7.05159e-13
-7.07489e-13
-7.11212e-13
-7.12252e-13
-7.07197e-13
-7.01895e-13
-6.99027e-13
-6.93068e-13
-6.89545e-13
-6.8387e-13
-6.76915e-13
-6.66749e-13
-6.55842e-13
-6.44684e-13
-6.36161e-13
-6.30326e-13
-6.22612e-13
-6.13378e-13
-6.04041e-13
-5.92757e-13
-5.83464e-13
-5.7418e-13
-5.67829e-13
-5.59707e-13
-5.54131e-13
-5.50027e-13
-5.42016e-13
-5.31565e-13
-5.17904e-13
-5.11324e-13
-5.04435e-13
-4.98657e-13
-4.96167e-13
-4.92658e-13
-4.8913e-13
-4.79303e-13
-4.69076e-13
-4.57527e-13
-4.46099e-13
-4.41945e-13
-4.37291e-13
-4.38524e-13
-4.35092e-13
-4.27797e-13
-4.16036e-13
-4.03745e-13
-3.93784e-13
-3.8777e-13
-3.82486e-13
-3.70501e-13
-3.59684e-13
-3.49937e-13
-3.40765e-13
-3.33562e-13
-3.24981e-13
-3.14078e-13
-3.11491e-13
-3.12165e-13
-3.05406e-13
-2.97409e-13
-2.84671e-13
-2.75778e-13
-2.70068e-13
-2.6298e-13
-2.54445e-13
-2.47396e-13
-2.3677e-13
-2.28894e-13
-2.18708e-13
-2.10056e-13
-2.03529e-13
-1.95051e-13
-1.89411e-13
-1.85415e-13
-1.81538e-13
-1.76428e-13
-1.71128e-13
-1.60804e-13
-1.50027e-13
-1.45346e-13
-1.36923e-13
-1.24315e-13
-1.19132e-13
-1.13921e-13
-1.10984e-13
-1.04635e-13
-9.42515e-14
-8.72485e-14
-8.16053e-14
-7.83369e-14
-7.4479e-14
-6.69828e-14
-5.79171e-14
-4.66198e-14
-3.74305e-14
-3.0981e-14
-2.35154e-14
-1.8746e-14
-5.89604e-15
-7.07329e-13
-7.08765e-13
-7.09805e-13
-7.05734e-13
-7.10364e-13
-7.03861e-13
-7.01884e-13
-6.99285e-13
-6.97458e-13
-6.92169e-13
-6.81817e-13
-6.71766e-13
-6.63233e-13
-6.57022e-13
-6.54315e-13
-6.4331e-13
-6.28197e-13
-6.1871e-13
-6.12544e-13
-6.02799e-13
-5.93553e-13
-5.85778e-13
-5.75196e-13
-5.61305e-13
-5.54413e-13
-5.5155e-13
-5.49128e-13
-5.43829e-13
-5.31191e-13
-5.22381e-13
-5.15804e-13
-5.08254e-13
-4.99463e-13
-4.93824e-13
-4.87986e-13
-4.88421e-13
-4.79229e-13
-4.6745e-13
-4.58737e-13
-4.49219e-13
-4.45677e-13
-4.43193e-13
-4.38451e-13
-4.31974e-13
-4.22272e-13
-4.11713e-13
-4.03318e-13
-3.98288e-13
-3.89829e-13
-3.75337e-13
-3.65084e-13
-3.58613e-13
-3.52313e-13
-3.45214e-13
-3.32928e-13
-3.25875e-13
-3.16305e-13
-3.11521e-13
-3.11022e-13
-3.04368e-13
-2.95472e-13
-2.85788e-13
-2.80342e-13
-2.72667e-13
-2.62208e-13
-2.53661e-13
-2.45999e-13
-2.36776e-13
-2.29765e-13
-2.21273e-13
-2.14334e-13
-2.0722e-13
-1.98332e-13
-1.90921e-13
-1.84844e-13
-1.79982e-13
-1.77136e-13
-1.70123e-13
-1.60669e-13
-1.50887e-13
-1.43688e-13
-1.37969e-13
-1.26654e-13
-1.16917e-13
-1.12973e-13
-1.0827e-13
-1.01785e-13
-9.3965e-14
-8.6449e-14
-8.21691e-14
-8.04883e-14
-7.45675e-14
-6.90576e-14
-5.64025e-14
-4.69948e-14
-4.01697e-14
-3.26065e-14
-2.24917e-14
-1.50354e-14
-5.37459e-15
-7.08799e-13
-7.13572e-13
-7.09893e-13
-7.04765e-13
-7.00702e-13
-7.04491e-13
-7.04877e-13
-7.0347e-13
-6.9676e-13
-6.88775e-13
-6.7957e-13
-6.73586e-13
-6.6323e-13
-6.5425e-13
-6.52937e-13
-6.46989e-13
-6.35422e-13
-6.24032e-13
-6.10282e-13
-5.9696e-13
-5.91838e-13
-5.84633e-13
-5.69573e-13
-5.59931e-13
-5.57839e-13
-5.55399e-13
-5.51076e-13
-5.42502e-13
-5.33578e-13
-5.24802e-13
-5.16434e-13
-5.09831e-13
-5.00888e-13
-4.94462e-13
-4.88806e-13
-4.87368e-13
-4.78317e-13
-4.67334e-13
-4.55712e-13
-4.48207e-13
-4.45621e-13
-4.4565e-13
-4.38795e-13
-4.30348e-13
-4.19496e-13
-4.09753e-13
-4.01813e-13
-3.96336e-13
-3.8843e-13
-3.79272e-13
-3.68977e-13
-3.6206e-13
-3.53624e-13
-3.4432e-13
-3.33929e-13
-3.24309e-13
-3.17678e-13
-3.13244e-13
-3.09764e-13
-3.02566e-13
-2.94952e-13
-2.86277e-13
-2.7772e-13
-2.71495e-13
-2.66273e-13
-2.59659e-13
-2.51644e-13
-2.38398e-13
-2.29295e-13
-2.18844e-13
-2.10303e-13
-2.04029e-13
-1.9784e-13
-1.91207e-13
-1.81232e-13
-1.76668e-13
-1.75009e-13
-1.69913e-13
-1.63038e-13
-1.52934e-13
-1.45233e-13
-1.40309e-13
-1.27212e-13
-1.16294e-13
-1.09374e-13
-1.04573e-13
-1.01045e-13
-9.70857e-14
-8.90157e-14
-8.38845e-14
-7.93008e-14
-7.42328e-14
-6.66262e-14
-6.07096e-14
-5.22911e-14
-4.07952e-14
-3.29432e-14
-2.49977e-14
-1.45729e-14
-2.93428e-15
-7.05077e-13
-7.15477e-13
-7.11838e-13
-7.01737e-13
-7.05665e-13
-7.10115e-13
-7.08351e-13
-7.03945e-13
-6.94946e-13
-6.80429e-13
-6.76549e-13
-6.72139e-13
-6.67932e-13
-6.56778e-13
-6.49631e-13
-6.49198e-13
-6.37695e-13
-6.26766e-13
-6.1503e-13
-6.00366e-13
-5.89649e-13
-5.77685e-13
-5.59539e-13
-5.56391e-13
-5.58297e-13
-5.58876e-13
-5.50938e-13
-5.40901e-13
-5.3244e-13
-5.28416e-13
-5.18509e-13
-5.08902e-13
-5.00145e-13
-4.97927e-13
-4.95198e-13
-4.86195e-13
-4.75827e-13
-4.6682e-13
-4.5602e-13
-4.50975e-13
-4.48693e-13
-4.46247e-13
-4.37114e-13
-4.3099e-13
-4.19881e-13
-4.07312e-13
-3.97169e-13
-3.92152e-13
-3.88464e-13
-3.79086e-13
-3.71734e-13
-3.61351e-13
-3.51736e-13
-3.41991e-13
-3.32259e-13
-3.26226e-13
-3.20624e-13
-3.14778e-13
-3.07902e-13
-3.03652e-13
-2.96987e-13
-2.87135e-13
-2.79002e-13
-2.7163e-13
-2.62135e-13
-2.57729e-13
-2.52691e-13
-2.3964e-13
-2.30376e-13
-2.22229e-13
-2.1202e-13
-2.04453e-13
-1.99414e-13
-1.93475e-13
-1.83455e-13
-1.79381e-13
-1.73576e-13
-1.66451e-13
-1.61651e-13
-1.55657e-13
-1.48181e-13
-1.39367e-13
-1.2478e-13
-1.137e-13
-1.09859e-13
-1.07342e-13
-1.0368e-13
-9.47503e-14
-8.81252e-14
-8.35703e-14
-7.87995e-14
-7.44137e-14
-6.47299e-14
-6.02039e-14
-5.28312e-14
-4.47843e-14
-3.29646e-14
-2.35236e-14
-1.23292e-14
-1.65474e-15
-7.10959e-13
-7.12124e-13
-7.11458e-13
-7.07654e-13
-7.04981e-13
-7.08687e-13
-7.08124e-13
-7.01424e-13
-6.92941e-13
-6.80865e-13
-6.72191e-13
-6.71093e-13
-6.7025e-13
-6.58369e-13
-6.51052e-13
-6.45723e-13
-6.41427e-13
-6.32517e-13
-6.12081e-13
-5.92737e-13
-5.75774e-13
-5.72563e-13
-5.70756e-13
-5.68732e-13
-5.64607e-13
-5.58466e-13
-5.47013e-13
-5.37912e-13
-5.34623e-13
-5.30375e-13
-5.21803e-13
-5.08054e-13
-5.0153e-13
-4.93319e-13
-4.88789e-13
-4.83445e-13
-4.7774e-13
-4.72885e-13
-4.61974e-13
-4.49603e-13
-4.42911e-13
-4.3906e-13
-4.34543e-13
-4.30712e-13
-4.24105e-13
-4.1323e-13
-4.01165e-13
-3.91375e-13
-3.85027e-13
-3.78492e-13
-3.7081e-13
-3.64635e-13
-3.55305e-13
-3.42465e-13
-3.33765e-13
-3.27416e-13
-3.20603e-13
-3.08636e-13
-3.03635e-13
-3.02756e-13
-3.01417e-13
-2.93232e-13
-2.81642e-13
-2.68855e-13
-2.5898e-13
-2.5432e-13
-2.46823e-13
-2.34818e-13
-2.25352e-13
-2.21252e-13
-2.21231e-13
-2.11599e-13
-2.00947e-13
-1.96538e-13
-1.86482e-13
-1.77151e-13
-1.69472e-13
-1.62742e-13
-1.57153e-13
-1.53361e-13
-1.47139e-13
-1.3843e-13
-1.30365e-13
-1.2088e-13
-1.14353e-13
-1.03323e-13
-1.00282e-13
-9.7099e-14
-8.84005e-14
-8.54491e-14
-7.83069e-14
-6.95298e-14
-6.52196e-14
-5.99281e-14
-5.35289e-14
-4.19714e-14
-3.2739e-14
-2.21207e-14
-1.22232e-14
-4.0328e-15
-7.10704e-13
-7.10595e-13
-7.08178e-13
-7.08411e-13
-7.11578e-13
-7.11348e-13
-7.08306e-13
-7.01158e-13
-6.91497e-13
-6.8262e-13
-6.75907e-13
-6.69742e-13
-6.66264e-13
-6.56188e-13
-6.51971e-13
-6.45409e-13
-6.41639e-13
-6.31493e-13
-6.0652e-13
-5.93844e-13
-5.89759e-13
-5.83048e-13
-5.7254e-13
-5.62453e-13
-5.59521e-13
-5.53698e-13
-5.41884e-13
-5.35474e-13
-5.3138e-13
-5.27692e-13
-5.21305e-13
-5.1413e-13
-5.08057e-13
-5.01843e-13
-4.89853e-13
-4.82203e-13
-4.76435e-13
-4.67411e-13
-4.59007e-13
-4.49662e-13
-4.44549e-13
-4.4372e-13
-4.36406e-13
-4.3508e-13
-4.28866e-13
-4.13358e-13
-3.97321e-13
-3.82364e-13
-3.81104e-13
-3.80823e-13
-3.76806e-13
-3.68374e-13
-3.54821e-13
-3.42524e-13
-3.31101e-13
-3.24388e-13
-3.21028e-13
-3.15292e-13
-3.06019e-13
-2.99241e-13
-2.96387e-13
-2.8976e-13
-2.8256e-13
-2.73968e-13
-2.65336e-13
-2.56592e-13
-2.47339e-13
-2.36703e-13
-2.30939e-13
-2.2398e-13
-2.1658e-13
-2.11511e-13
-2.00079e-13
-1.8735e-13
-1.79853e-13
-1.78066e-13
-1.73878e-13
-1.668e-13
-1.62713e-13
-1.56816e-13
-1.47738e-13
-1.38628e-13
-1.26303e-13
-1.15127e-13
-1.06282e-13
-1.02745e-13
-1.0139e-13
-9.87358e-14
-9.09333e-14
-8.3828e-14
-7.56928e-14
-7.02719e-14
-6.57984e-14
-6.11617e-14
-5.1747e-14
-4.02648e-14
-3.30502e-14
-2.36224e-14
-1.35832e-14
-2.25739e-15
-7.13434e-13
-7.15797e-13
-7.10024e-13
-7.02465e-13
-7.07501e-13
-7.10869e-13
-7.10819e-13
-7.02876e-13
-6.88577e-13
-6.84591e-13
-6.76965e-13
-6.66032e-13
-6.59931e-13
-6.55783e-13
-6.52558e-13
-6.48193e-13
-6.41186e-13
-6.29071e-13
-6.10114e-13
-5.96461e-13
-5.88917e-13
-5.80695e-13
-5.77154e-13
-5.69241e-13
-5.59029e-13
-5.49107e-13
-5.41046e-13
-5.35778e-13
-5.34822e-13
-5.29132e-13
-5.22278e-13
-5.15222e-13
-5.04611e-13
-4.94157e-13
-4.905e-13
-4.83294e-13
-4.75006e-13
-4.65865e-13
-4.6191e-13
-4.57082e-13
-4.51381e-13
-4.44642e-13
-4.33036e-13
-4.24168e-13
-4.21209e-13
-4.13965e-13
-4.03321e-13
-3.91813e-13
-3.85025e-13
-3.77741e-13
-3.7059e-13
-3.63287e-13
-3.53121e-13
-3.43981e-13
-3.35815e-13
-3.30762e-13
-3.21929e-13
-3.14819e-13
-3.06727e-13
-2.99993e-13
-2.93301e-13
-2.86959e-13
-2.80962e-13
-2.73198e-13
-2.62295e-13
-2.51867e-13
-2.45478e-13
-2.37373e-13
-2.29618e-13
-2.22534e-13
-2.15203e-13
-2.12066e-13
-2.04587e-13
-1.94253e-13
-1.82802e-13
-1.78596e-13
-1.74761e-13
-1.68414e-13
-1.63245e-13
-1.53857e-13
-1.48474e-13
-1.39555e-13
-1.2649e-13
-1.16794e-13
-1.08695e-13
-1.03718e-13
-1.02461e-13
-9.7909e-14
-9.01365e-14
-8.38516e-14
-7.55348e-14
-6.92587e-14
-6.26045e-14
-5.8221e-14
-5.13889e-14
-4.1833e-14
-3.13702e-14
-1.92867e-14
-8.99123e-15
8.67226e-16
-7.1378e-13
-7.13037e-13
-7.12671e-13
-7.09667e-13
-7.05953e-13
-7.08819e-13
-7.06841e-13
-7.059e-13
-6.96911e-13
-6.80355e-13
-6.71301e-13
-6.63062e-13
-6.61388e-13
-6.59476e-13
-6.5476e-13
-6.47476e-13
-6.36526e-13
-6.28878e-13
-6.17703e-13
-6.01455e-13
-5.89103e-13
-5.75972e-13
-5.7087e-13
-5.63406e-13
-5.61039e-13
-5.54965e-13
-5.44193e-13
-5.38497e-13
-5.33154e-13
-5.28569e-13
-5.23801e-13
-5.15267e-13
-5.04502e-13
-4.92798e-13
-4.86671e-13
-4.8167e-13
-4.77852e-13
-4.6776e-13
-4.62123e-13
-4.57494e-13
-4.48011e-13
-4.38676e-13
-4.32469e-13
-4.24857e-13
-4.24144e-13
-4.18436e-13
-4.0762e-13
-3.94319e-13
-3.85037e-13
-3.74628e-13
-3.67059e-13
-3.63237e-13
-3.55008e-13
-3.4533e-13
-3.36429e-13
-3.28503e-13
-3.21112e-13
-3.13533e-13
-3.06456e-13
-3.02587e-13
-2.97452e-13
-2.93977e-13
-2.86402e-13
-2.73757e-13
-2.58711e-13
-2.4393e-13
-2.36995e-13
-2.32264e-13
-2.28895e-13
-2.29289e-13
-2.2339e-13
-2.15039e-13
-2.0779e-13
-1.97194e-13
-1.84356e-13
-1.75511e-13
-1.71188e-13
-1.65938e-13
-1.6219e-13
-1.53958e-13
-1.48003e-13
-1.39893e-13
-1.28352e-13
-1.20562e-13
-1.11619e-13
-1.02927e-13
-9.85792e-14
-9.26769e-14
-8.9325e-14
-8.51104e-14
-7.40052e-14
-6.48622e-14
-5.98142e-14
-5.51561e-14
-4.61826e-14
-3.69024e-14
-2.77683e-14
-1.71604e-14
-6.61178e-15
-2.74634e-16
-7.12095e-13
-7.11469e-13
-7.10695e-13
-7.12086e-13
-7.12329e-13
-7.06571e-13
-7.0447e-13
-7.01946e-13
-6.95138e-13
-6.86439e-13
-6.71959e-13
-6.61384e-13
-6.607e-13
-6.60215e-13
-6.54835e-13
-6.50434e-13
-6.3694e-13
-6.27392e-13
-6.17924e-13
-6.03186e-13
-5.93791e-13
-5.7731e-13
-5.66578e-13
-5.62225e-13
-5.55682e-13
-5.50848e-13
-5.46763e-13
-5.40149e-13
-5.35138e-13
-5.31025e-13
-5.22763e-13
-5.1378e-13
-5.03446e-13
-4.95398e-13
-4.91103e-13
-4.8285e-13
-4.74562e-13
-4.68161e-13
-4.64418e-13
-4.55946e-13
-4.47509e-13
-4.3818e-13
-4.32073e-13
-4.30376e-13
-4.28173e-13
-4.16973e-13
-4.03882e-13
-3.9036e-13
-3.81377e-13
-3.72984e-13
-3.70386e-13
-3.65237e-13
-3.54583e-13
-3.44769e-13
-3.34572e-13
-3.31288e-13
-3.24185e-13
-3.161e-13
-3.05358e-13
-2.95839e-13
-2.94353e-13
-2.86389e-13
-2.80667e-13
-2.76727e-13
-2.6187e-13
-2.46904e-13
-2.36655e-13
-2.31579e-13
-2.29393e-13
-2.32918e-13
-2.2515e-13
-2.17865e-13
-2.08653e-13
-1.96097e-13
-1.82018e-13
-1.71415e-13
-1.70895e-13
-1.70335e-13
-1.66572e-13
-1.58148e-13
-1.52542e-13
-1.43895e-13
-1.28112e-13
-1.16719e-13
-1.058e-13
-9.70138e-14
-9.98e-14
-9.82892e-14
-9.02379e-14
-8.34178e-14
-7.25318e-14
-6.64502e-14
-5.94243e-14
-5.31494e-14
-4.80895e-14
-4.05059e-14
-2.3551e-14
-7.52264e-15
1.39986e-15
-1.89866e-15
-7.15956e-13
-7.13895e-13
-7.11555e-13
-7.13528e-13
-7.11777e-13
-7.06368e-13
-7.06335e-13
-7.02879e-13
-6.94564e-13
-6.83111e-13
-6.74028e-13
-6.65356e-13
-6.56896e-13
-6.53348e-13
-6.49467e-13
-6.43193e-13
-6.4056e-13
-6.33626e-13
-6.20546e-13
-6.04915e-13
-5.93115e-13
-5.85041e-13
-5.7325e-13
-5.62901e-13
-5.55513e-13
-5.4491e-13
-5.41573e-13
-5.39124e-13
-5.36577e-13
-5.34003e-13
-5.25481e-13
-5.14676e-13
-5.01971e-13
-4.92863e-13
-4.87157e-13
-4.80321e-13
-4.77015e-13
-4.71186e-13
-4.6704e-13
-4.54116e-13
-4.46057e-13
-4.35107e-13
-4.31748e-13
-4.33003e-13
-4.26239e-13
-4.17105e-13
-4.04872e-13
-3.94438e-13
-3.82903e-13
-3.72953e-13
-3.656e-13
-3.62992e-13
-3.54256e-13
-3.47897e-13
-3.40361e-13
-3.30334e-13
-3.21984e-13
-3.13249e-13
-3.051e-13
-2.99278e-13
-2.97181e-13
-2.97381e-13
-2.85819e-13
-2.73087e-13
-2.53291e-13
-2.42826e-13
-2.36432e-13
-2.33922e-13
-2.29676e-13
-2.28243e-13
-2.2205e-13
-2.21681e-13
-2.15796e-13
-2.02746e-13
-1.80525e-13
-1.63371e-13
-1.63356e-13
-1.71721e-13
-1.69531e-13
-1.5839e-13
-1.51654e-13
-1.40863e-13
-1.30767e-13
-1.22021e-13
-1.11615e-13
-1.00353e-13
-9.41703e-14
-9.3667e-14
-8.85767e-14
-8.19832e-14
-7.0375e-14
-6.5712e-14
-5.95995e-14
-5.19583e-14
-4.33721e-14
-3.60428e-14
-2.2448e-14
-9.78316e-15
-2.99275e-15
-2.21801e-15
-7.13391e-13
-7.13341e-13
-7.0516e-13
-7.15e-13
-7.14547e-13
-7.11245e-13
-7.04883e-13
-6.97398e-13
-6.89163e-13
-6.7761e-13
-6.72084e-13
-6.66567e-13
-6.65876e-13
-6.59251e-13
-6.51954e-13
-6.47417e-13
-6.4261e-13
-6.3538e-13
-6.21815e-13
-6.06458e-13
-5.8579e-13
-5.71024e-13
-5.61051e-13
-5.60096e-13
-5.55958e-13
-5.51885e-13
-5.4519e-13
-5.38846e-13
-5.37541e-13
-5.36068e-13
-5.2899e-13
-5.15608e-13
-5.05291e-13
-4.9723e-13
-4.93047e-13
-4.82465e-13
-4.73266e-13
-4.69249e-13
-4.63988e-13
-4.5392e-13
-4.44827e-13
-4.41126e-13
-4.37041e-13
-4.31611e-13
-4.19724e-13
-4.10573e-13
-4.03022e-13
-3.95004e-13
-3.85353e-13
-3.77056e-13
-3.70092e-13
-3.63311e-13
-3.51213e-13
-3.40475e-13
-3.42773e-13
-3.42201e-13
-3.25633e-13
-3.10127e-13
-3.01469e-13
-2.92656e-13
-2.90322e-13
-2.87672e-13
-2.86824e-13
-2.76342e-13
-2.58562e-13
-2.48877e-13
-2.35461e-13
-2.34723e-13
-2.29955e-13
-2.2505e-13
-2.21855e-13
-2.2267e-13
-2.16939e-13
-2.0032e-13
-1.82079e-13
-1.68971e-13
-1.67325e-13
-1.72224e-13
-1.65835e-13
-1.56272e-13
-1.49586e-13
-1.4192e-13
-1.33851e-13
-1.24085e-13
-1.13057e-13
-9.97978e-14
-9.44571e-14
-9.45287e-14
-8.77229e-14
-8.05058e-14
-7.12544e-14
-6.39704e-14
-5.57721e-14
-4.97096e-14
-4.39326e-14
-3.48826e-14
-2.28806e-14
-1.19428e-14
-2.00575e-15
1.34638e-16
-7.10017e-13
-7.2099e-13
-7.15664e-13
-7.10237e-13
-7.10675e-13
-7.08895e-13
-7.04002e-13
-7.02162e-13
-6.8984e-13
-6.7376e-13
-6.69698e-13
-6.67278e-13
-6.64267e-13
-6.59706e-13
-6.54752e-13
-6.44186e-13
-6.33028e-13
-6.24339e-13
-6.18382e-13
-6.09418e-13
-6.02546e-13
-5.93399e-13
-5.79263e-13
-5.59859e-13
-5.45187e-13
-5.39108e-13
-5.42193e-13
-5.40998e-13
-5.39656e-13
-5.38718e-13
-5.30022e-13
-5.16768e-13
-5.00524e-13
-4.87913e-13
-4.83148e-13
-4.79206e-13
-4.80041e-13
-4.76628e-13
-4.65065e-13
-4.59193e-13
-4.48059e-13
-4.37325e-13
-4.35526e-13
-4.28277e-13
-4.19252e-13
-4.10075e-13
-4.00022e-13
-3.94926e-13
-3.89949e-13
-3.7999e-13
-3.71524e-13
-3.61019e-13
-3.5287e-13
-3.45274e-13
-3.40373e-13
-3.34672e-13
-3.27639e-13
-3.20728e-13
-3.11676e-13
-2.99084e-13
-2.89003e-13
-2.82142e-13
-2.7635e-13
-2.70462e-13
-2.59845e-13
-2.51313e-13
-2.42612e-13
-2.36095e-13
-2.30606e-13
-2.2843e-13
-2.24577e-13
-2.16845e-13
-2.09454e-13
-2.01663e-13
-1.85827e-13
-1.74627e-13
-1.68154e-13
-1.6678e-13
-1.65686e-13
-1.57244e-13
-1.50468e-13
-1.39723e-13
-1.32808e-13
-1.23162e-13
-1.11848e-13
-1.02047e-13
-9.72999e-14
-9.31065e-14
-8.9157e-14
-8.00619e-14
-7.15697e-14
-6.76036e-14
-5.88297e-14
-4.93429e-14
-3.84918e-14
-2.94806e-14
-2.14205e-14
-1.35427e-14
-5.10892e-15
-2.94939e-16
-7.09719e-13
-7.14107e-13
-7.16886e-13
-7.12578e-13
-7.11406e-13
-7.1249e-13
-7.00652e-13
-6.87705e-13
-6.81723e-13
-6.79246e-13
-6.76232e-13
-6.7153e-13
-6.68062e-13
-6.61676e-13
-6.55266e-13
-6.45804e-13
-6.38831e-13
-6.34323e-13
-6.24036e-13
-6.09056e-13
-5.87353e-13
-5.73246e-13
-5.62818e-13
-5.52039e-13
-5.53713e-13
-5.52894e-13
-5.48463e-13
-5.41662e-13
-5.37818e-13
-5.37405e-13
-5.31961e-13
-5.20505e-13
-5.06946e-13
-4.88403e-13
-4.77501e-13
-4.7987e-13
-4.81975e-13
-4.78394e-13
-4.71727e-13
-4.60499e-13
-4.45223e-13
-4.36316e-13
-4.28918e-13
-4.23644e-13
-4.18361e-13
-4.13289e-13
-4.06069e-13
-3.96566e-13
-3.89636e-13
-3.87513e-13
-3.77979e-13
-3.58487e-13
-3.46951e-13
-3.39621e-13
-3.3363e-13
-3.32551e-13
-3.2883e-13
-3.19908e-13
-3.0663e-13
-2.95553e-13
-2.92422e-13
-2.87813e-13
-2.80205e-13
-2.7041e-13
-2.55296e-13
-2.44412e-13
-2.40815e-13
-2.39063e-13
-2.34833e-13
-2.28271e-13
-2.21178e-13
-2.1707e-13
-2.10249e-13
-2.00315e-13
-1.87556e-13
-1.71173e-13
-1.67152e-13
-1.65801e-13
-1.67735e-13
-1.63316e-13
-1.54504e-13
-1.44023e-13
-1.32828e-13
-1.20281e-13
-1.09791e-13
-1.02795e-13
-9.85289e-14
-9.29625e-14
-8.65431e-14
-7.9276e-14
-7.21457e-14
-6.63069e-14
-5.98164e-14
-4.94505e-14
-3.76905e-14
-2.64203e-14
-1.69848e-14
-1.06039e-14
-3.06805e-15
-1.24557e-15
-7.08296e-13
-7.18558e-13
-7.196e-13
-7.13475e-13
-7.09993e-13
-7.16224e-13
-7.11609e-13
-6.9527e-13
-6.74532e-13
-6.69367e-13
-6.68258e-13
-6.69598e-13
-6.68448e-13
-6.64845e-13
-6.59285e-13
-6.47276e-13
-6.3701e-13
-6.27921e-13
-6.14015e-13
-6.04808e-13
-5.95707e-13
-5.82018e-13
-5.68973e-13
-5.5345e-13
-5.52758e-13
-5.51397e-13
-5.50537e-13
-5.46396e-13
-5.38554e-13
-5.36735e-13
-5.28208e-13
-5.15616e-13
-5.0571e-13
-4.89637e-13
-4.77067e-13
-4.77054e-13
-4.79763e-13
-4.79336e-13
-4.71142e-13
-4.61276e-13
-4.44802e-13
-4.35373e-13
-4.32925e-13
-4.26585e-13
-4.18587e-13
-4.10877e-13
-4.08649e-13
-4.0131e-13
-3.89326e-13
-3.76723e-13
-3.67914e-13
-3.61786e-13
-3.5135e-13
-3.37613e-13
-3.39017e-13
-3.36718e-13
-3.28636e-13
-3.21955e-13
-3.13779e-13
-2.98139e-13
-2.90545e-13
-2.83164e-13
-2.74901e-13
-2.67039e-13
-2.54857e-13
-2.47262e-13
-2.38022e-13
-2.35774e-13
-2.31291e-13
-2.3189e-13
-2.24092e-13
-2.2083e-13
-2.14185e-13
-1.99773e-13
-1.84618e-13
-1.72354e-13
-1.70621e-13
-1.68772e-13
-1.6343e-13
-1.588e-13
-1.53209e-13
-1.44405e-13
-1.33953e-13
-1.20975e-13
-1.13644e-13
-1.0722e-13
-9.94397e-14
-9.20881e-14
-8.63299e-14
-7.84096e-14
-7.08717e-14
-6.42102e-14
-5.54746e-14
-4.56183e-14
-3.74671e-14
-3.01882e-14
-1.49565e-14
-7.44878e-15
-1.41686e-16
1.20707e-16
-7.16467e-13
-7.15351e-13
-7.1172e-13
-7.07406e-13
-7.0882e-13
-7.03072e-13
-6.97551e-13
-6.99098e-13
-6.93291e-13
-6.84305e-13
-6.78188e-13
-6.68002e-13
-6.61185e-13
-6.59931e-13
-6.57847e-13
-6.4912e-13
-6.39267e-13
-6.36316e-13
-6.2337e-13
-6.04766e-13
-5.83136e-13
-5.68737e-13
-5.63093e-13
-5.61603e-13
-5.54597e-13
-5.54746e-13
-5.50902e-13
-5.44197e-13
-5.39111e-13
-5.34749e-13
-5.27854e-13
-5.15294e-13
-5.02337e-13
-4.88824e-13
-4.80608e-13
-4.80456e-13
-4.85478e-13
-4.79525e-13
-4.70598e-13
-4.59156e-13
-4.45359e-13
-4.32169e-13
-4.30237e-13
-4.27804e-13
-4.24101e-13
-4.12442e-13
-4.02937e-13
-3.98824e-13
-3.93256e-13
-3.80469e-13
-3.66945e-13
-3.6119e-13
-3.52999e-13
-3.42066e-13
-3.33245e-13
-3.31249e-13
-3.25991e-13
-3.21012e-13
-3.14674e-13
-3.04004e-13
-2.92665e-13
-2.83785e-13
-2.74143e-13
-2.66114e-13
-2.59625e-13
-2.48674e-13
-2.38467e-13
-2.30221e-13
-2.28084e-13
-2.31718e-13
-2.23757e-13
-2.19044e-13
-2.11958e-13
-2.00559e-13
-1.894e-13
-1.76418e-13
-1.66437e-13
-1.63079e-13
-1.62745e-13
-1.65097e-13
-1.59211e-13
-1.43382e-13
-1.32747e-13
-1.1947e-13
-1.14598e-13
-1.09741e-13
-1.02039e-13
-9.13044e-14
-8.17479e-14
-7.73237e-14
-7.12067e-14
-6.38956e-14
-5.75738e-14
-4.83539e-14
-3.63119e-14
-2.50762e-14
-1.52432e-14
-8.93366e-15
-7.87349e-16
1.52071e-15
-7.16187e-13
-7.14708e-13
-7.12312e-13
-7.09984e-13
-7.16184e-13
-7.1303e-13
-6.97937e-13
-6.90485e-13
-6.84511e-13
-6.80661e-13
-6.79455e-13
-6.76351e-13
-6.6335e-13
-6.55646e-13
-6.51954e-13
-6.46315e-13
-6.41092e-13
-6.33343e-13
-6.19463e-13
-6.01876e-13
-5.8646e-13
-5.70631e-13
-5.60833e-13
-5.62052e-13
-5.62753e-13
-5.54291e-13
-5.46567e-13
-5.44557e-13
-5.42553e-13
-5.37658e-13
-5.30462e-13
-5.17549e-13
-5.02804e-13
-4.87992e-13
-4.76967e-13
-4.79016e-13
-4.78903e-13
-4.76917e-13
-4.74556e-13
-4.64804e-13
-4.49748e-13
-4.36353e-13
-4.29469e-13
-4.21723e-13
-4.19659e-13
-4.14327e-13
-4.05413e-13
-3.9552e-13
-3.88325e-13
-3.80621e-13
-3.6771e-13
-3.62104e-13
-3.53571e-13
-3.43352e-13
-3.40063e-13
-3.3579e-13
-3.23986e-13
-3.14457e-13
-3.09217e-13
-3.00603e-13
-2.94961e-13
-2.84205e-13
-2.75119e-13
-2.6742e-13
-2.5831e-13
-2.47392e-13
-2.40845e-13
-2.30604e-13
-2.25083e-13
-2.23022e-13
-2.22233e-13
-2.20215e-13
-2.14101e-13
-2.00611e-13
-1.87894e-13
-1.77954e-13
-1.72253e-13
-1.65967e-13
-1.65378e-13
-1.62692e-13
-1.55889e-13
-1.45726e-13
-1.34502e-13
-1.23205e-13
-1.13662e-13
-1.04171e-13
-9.74444e-14
-9.29984e-14
-8.70639e-14
-7.77448e-14
-7.03935e-14
-6.29024e-14
-5.44e-14
-4.52779e-14
-3.46782e-14
-2.73402e-14
-1.72488e-14
-6.60992e-15
-5.14661e-16
-1.16636e-16
-7.10734e-13
-7.14167e-13
-7.14258e-13
-7.12531e-13
-7.10593e-13
-7.03528e-13
-6.97996e-13
-6.94011e-13
-6.92468e-13
-6.86897e-13
-6.80486e-13
-6.75141e-13
-6.66315e-13
-6.56942e-13
-6.50382e-13
-6.42016e-13
-6.39106e-13
-6.31949e-13
-6.18011e-13
-6.04393e-13
-5.85791e-13
-5.71516e-13
-5.66921e-13
-5.63553e-13
-5.54768e-13
-5.50912e-13
-5.51512e-13
-5.49536e-13
-5.42088e-13
-5.32429e-13
-5.24624e-13
-5.15934e-13
-5.0245e-13
-4.89348e-13
-4.79314e-13
-4.85302e-13
-4.8773e-13
-4.79664e-13
-4.69176e-13
-4.5682e-13
-4.45699e-13
-4.39117e-13
-4.31763e-13
-4.21703e-13
-4.16415e-13
-4.0968e-13
-4.08232e-13
-4.06531e-13
-3.91116e-13
-3.76998e-13
-3.65939e-13
-3.63352e-13
-3.53731e-13
-3.42773e-13
-3.39018e-13
-3.3612e-13
-3.27469e-13
-3.15562e-13
-3.06521e-13
-3.00121e-13
-2.97537e-13
-2.87926e-13
-2.76361e-13
-2.65922e-13
-2.54009e-13
-2.46833e-13
-2.37353e-13
-2.32247e-13
-2.25843e-13
-2.21604e-13
-2.17934e-13
-2.19711e-13
-2.14688e-13
-2.00618e-13
-1.88061e-13
-1.77945e-13
-1.74444e-13
-1.69101e-13
-1.60876e-13
-1.53696e-13
-1.59197e-13
-1.54156e-13
-1.36529e-13
-1.2354e-13
-1.14169e-13
-1.03701e-13
-9.5761e-14
-9.26691e-14
-8.67679e-14
-7.8113e-14
-6.99727e-14
-6.27632e-14
-5.55902e-14
-4.37846e-14
-3.74316e-14
-2.6112e-14
-1.44218e-14
-4.68593e-15
5.29106e-16
-4.89328e-16
-7.19125e-13
-7.15662e-13
-7.13669e-13
-7.10139e-13
-7.04505e-13
-7.01383e-13
-6.97879e-13
-6.97665e-13
-6.93972e-13
-6.87257e-13
-6.79829e-13
-6.74975e-13
-6.67931e-13
-6.61666e-13
-6.52862e-13
-6.40195e-13
-6.28967e-13
-6.22428e-13
-6.17683e-13
-6.08567e-13
-5.88443e-13
-5.7613e-13
-5.66976e-13
-5.60145e-13
-5.57364e-13
-5.53828e-13
-5.53017e-13
-5.49723e-13
-5.40197e-13
-5.35778e-13
-5.2602e-13
-5.15099e-13
-5.00403e-13
-4.87317e-13
-4.82037e-13
-4.84513e-13
-4.83599e-13
-4.77996e-13
-4.69289e-13
-4.57914e-13
-4.45927e-13
-4.36643e-13
-4.32477e-13
-4.26415e-13
-4.21634e-13
-4.14458e-13
-4.03464e-13
-3.95917e-13
-3.90411e-13
-3.81851e-13
-3.74185e-13
-3.63117e-13
-3.52465e-13
-3.43596e-13
-3.37111e-13
-3.3002e-13
-3.25331e-13
-3.17656e-13
-3.05795e-13
-3.00015e-13
-2.98465e-13
-2.9e-13
-2.77833e-13
-2.64003e-13
-2.55399e-13
-2.46842e-13
-2.3733e-13
-2.30389e-13
-2.25585e-13
-2.21749e-13
-2.19689e-13
-2.19573e-13
-2.13338e-13
-1.96995e-13
-1.86977e-13
-1.7848e-13
-1.73957e-13
-1.69001e-13
-1.65121e-13
-1.61212e-13
-1.55593e-13
-1.47374e-13
-1.38079e-13
-1.28389e-13
-1.1995e-13
-1.03152e-13
-9.43029e-14
-8.95282e-14
-8.68813e-14
-7.45178e-14
-6.68813e-14
-6.16797e-14
-6.007e-14
-4.60268e-14
-3.34728e-14
-2.52905e-14
-1.62813e-14
-1.76403e-15
-2.43278e-16
-1.96041e-15
-7.22246e-13
-7.15277e-13
-7.08831e-13
-7.09691e-13
-7.00905e-13
-7.01985e-13
-6.98303e-13
-6.98926e-13
-6.97885e-13
-6.86219e-13
-6.7911e-13
-6.75491e-13
-6.73505e-13
-6.63039e-13
-6.53114e-13
-6.43844e-13
-6.34287e-13
-6.2332e-13
-6.17033e-13
-6.01476e-13
-5.88289e-13
-5.7531e-13
-5.63723e-13
-5.58438e-13
-5.55134e-13
-5.57852e-13
-5.54398e-13
-5.48517e-13
-5.41305e-13
-5.33475e-13
-5.26421e-13
-5.17046e-13
-5.00847e-13
-4.90627e-13
-4.80691e-13
-4.79264e-13
-4.81469e-13
-4.78364e-13
-4.69917e-13
-4.59118e-13
-4.49412e-13
-4.40485e-13
-4.32184e-13
-4.25737e-13
-4.19699e-13
-4.1239e-13
-4.02869e-13
-3.98264e-13
-3.93675e-13
-3.81983e-13
-3.70505e-13
-3.58711e-13
-3.51942e-13
-3.46876e-13
-3.40838e-13
-3.3424e-13
-3.26888e-13
-3.16035e-13
-3.08802e-13
-3.04093e-13
-2.99222e-13
-2.88494e-13
-2.73104e-13
-2.6234e-13
-2.53412e-13
-2.44343e-13
-2.35047e-13
-2.31544e-13
-2.24985e-13
-2.25986e-13
-2.20794e-13
-2.15446e-13
-2.06029e-13
-1.94136e-13
-1.85177e-13
-1.76712e-13
-1.77776e-13
-1.76904e-13
-1.67415e-13
-1.58773e-13
-1.52603e-13
-1.4465e-13
-1.36595e-13
-1.27202e-13
-1.14292e-13
-1.01148e-13
-9.58839e-14
-9.26518e-14
-8.60152e-14
-8.11568e-14
-7.48785e-14
-6.26269e-14
-5.18826e-14
-4.3087e-14
-3.36974e-14
-2.27291e-14
-1.46222e-14
-9.19295e-15
-2.90629e-15
-1.56457e-15
-7.20229e-13
-7.13498e-13
-7.12015e-13
-7.10187e-13
-7.05932e-13
-7.02019e-13
-6.95531e-13
-6.97958e-13
-6.97183e-13
-6.90427e-13
-6.83463e-13
-6.75102e-13
-6.71819e-13
-6.6082e-13
-6.49994e-13
-6.38923e-13
-6.27589e-13
-6.23131e-13
-6.17714e-13
-6.04237e-13
-5.90222e-13
-5.77039e-13
-5.65619e-13
-5.62376e-13
-5.62261e-13
-5.55354e-13
-5.49292e-13
-5.42235e-13
-5.35725e-13
-5.3428e-13
-5.29095e-13
-5.21916e-13
-5.0924e-13
-4.97934e-13
-4.78351e-13
-4.7531e-13
-4.76017e-13
-4.74588e-13
-4.70177e-13
-4.59064e-13
-4.51535e-13
-4.40639e-13
-4.35187e-13
-4.23862e-13
-4.19973e-13
-4.14183e-13
-4.09242e-13
-4.00403e-13
-3.89559e-13
-3.74011e-13
-3.70191e-13
-3.64254e-13
-3.5673e-13
-3.42521e-13
-3.34873e-13
-3.28075e-13
-3.20493e-13
-3.18355e-13
-3.09802e-13
-3.08693e-13
-3.09798e-13
-2.85546e-13
-2.71089e-13
-2.64627e-13
-2.56071e-13
-2.48608e-13
-2.38377e-13
-2.31447e-13
-2.21745e-13
-2.19539e-13
-2.14973e-13
-2.18642e-13
-2.12296e-13
-1.99523e-13
-1.83179e-13
-1.71757e-13
-1.78142e-13
-1.756e-13
-1.6791e-13
-1.61539e-13
-1.54687e-13
-1.4525e-13
-1.35818e-13
-1.24837e-13
-1.14866e-13
-1.02776e-13
-9.51544e-14
-9.35914e-14
-8.78034e-14
-7.67658e-14
-6.78392e-14
-6.20778e-14
-5.32728e-14
-4.23786e-14
-3.86695e-14
-3.04237e-14
-1.5108e-14
-4.58524e-15
2.50086e-15
-6.44102e-16
-7.14295e-13
-7.16585e-13
-7.16184e-13
-7.09808e-13
-7.03329e-13
-7.03672e-13
-7.00972e-13
-6.96864e-13
-6.94846e-13
-6.89251e-13
-6.85235e-13
-6.79543e-13
-6.69922e-13
-6.59517e-13
-6.50976e-13
-6.42628e-13
-6.36206e-13
-6.31272e-13
-6.20354e-13
-6.01405e-13
-5.8025e-13
-5.65822e-13
-5.62898e-13
-5.63953e-13
-5.62278e-13
-5.54934e-13
-5.45666e-13
-5.42211e-13
-5.36034e-13
-5.35699e-13
-5.3383e-13
-5.16411e-13
-5.03068e-13
-4.94759e-13
-4.8579e-13
-4.82078e-13
-4.7891e-13
-4.73375e-13
-4.67696e-13
-4.59247e-13
-4.51393e-13
-4.40272e-13
-4.33083e-13
-4.28033e-13
-4.25673e-13
-4.15161e-13
-4.0738e-13
-3.9378e-13
-3.90252e-13
-3.81557e-13
-3.68859e-13
-3.62883e-13
-3.56402e-13
-3.47444e-13
-3.37871e-13
-3.23522e-13
-3.10992e-13
-3.15566e-13
-3.20672e-13
-3.11082e-13
-3.00593e-13
-2.88043e-13
-2.74978e-13
-2.67514e-13
-2.55627e-13
-2.43693e-13
-2.34071e-13
-2.29354e-13
-2.28427e-13
-2.22989e-13
-2.1697e-13
-2.12179e-13
-2.06908e-13
-1.93753e-13
-1.85773e-13
-1.78384e-13
-1.73042e-13
-1.75278e-13
-1.75394e-13
-1.65032e-13
-1.52963e-13
-1.39692e-13
-1.31398e-13
-1.19614e-13
-1.11228e-13
-1.05522e-13
-9.60636e-14
-9.23619e-14
-8.49325e-14
-7.65774e-14
-7.34579e-14
-6.43439e-14
-5.53774e-14
-4.43549e-14
-3.74484e-14
-2.77591e-14
-1.88329e-14
-6.68837e-15
5.68764e-16
-1.38061e-15
-7.20671e-13
-7.1058e-13
-7.09754e-13
-7.02625e-13
-7.05875e-13
-7.0769e-13
-7.09647e-13
-7.05838e-13
-6.96301e-13
-6.88223e-13
-6.81632e-13
-6.75025e-13
-6.65705e-13
-6.61187e-13
-6.55299e-13
-6.41888e-13
-6.29176e-13
-6.20209e-13
-6.13764e-13
-6.0212e-13
-5.88369e-13
-5.73296e-13
-5.67326e-13
-5.62492e-13
-5.58544e-13
-5.55717e-13
-5.53104e-13
-5.45606e-13
-5.36567e-13
-5.3233e-13
-5.25831e-13
-5.17964e-13
-5.07711e-13
-4.97258e-13
-4.85369e-13
-4.78506e-13
-4.77741e-13
-4.70476e-13
-4.63861e-13
-4.57222e-13
-4.50961e-13
-4.45694e-13
-4.39941e-13
-4.29223e-13
-4.2305e-13
-4.1244e-13
-4.04648e-13
-4.01866e-13
-3.92799e-13
-3.80031e-13
-3.66788e-13
-3.60831e-13
-3.52783e-13
-3.40917e-13
-3.33459e-13
-3.29967e-13
-3.23408e-13
-3.21854e-13
-3.15334e-13
-3.04384e-13
-3.03153e-13
-2.92451e-13
-2.77761e-13
-2.67525e-13
-2.5588e-13
-2.44242e-13
-2.3919e-13
-2.31874e-13
-2.27658e-13
-2.25603e-13
-2.18679e-13
-2.08982e-13
-2.03314e-13
-1.93693e-13
-1.88607e-13
-1.79362e-13
-1.7532e-13
-1.71858e-13
-1.68801e-13
-1.6455e-13
-1.52863e-13
-1.40489e-13
-1.29599e-13
-1.2058e-13
-1.15e-13
-1.06925e-13
-1.00061e-13
-9.07709e-14
-8.23998e-14
-7.90217e-14
-7.03425e-14
-6.163e-14
-5.53513e-14
-4.87713e-14
-3.90039e-14
-2.91105e-14
-1.94877e-14
-8.06629e-15
1.27759e-15
6.58668e-16
-7.1752e-13
-7.11523e-13
-7.13488e-13
-7.07925e-13
-7.05737e-13
-7.06134e-13
-7.02862e-13
-6.96152e-13
-6.95097e-13
-6.95513e-13
-6.88382e-13
-6.75437e-13
-6.63466e-13
-6.63368e-13
-6.50877e-13
-6.41631e-13
-6.3098e-13
-6.2364e-13
-6.16255e-13
-6.06563e-13
-5.86598e-13
-5.71911e-13
-5.63386e-13
-5.59744e-13
-5.56756e-13
-5.56534e-13
-5.52556e-13
-5.43781e-13
-5.35324e-13
-5.30991e-13
-5.27099e-13
-5.18597e-13
-5.10193e-13
-4.98979e-13
-4.87277e-13
-4.79123e-13
-4.76084e-13
-4.70233e-13
-4.63655e-13
-4.55307e-13
-4.50801e-13
-4.43849e-13
-4.38764e-13
-4.30688e-13
-4.24548e-13
-4.17587e-13
-4.08459e-13
-3.96772e-13
-3.89969e-13
-3.79739e-13
-3.68201e-13
-3.60181e-13
-3.50882e-13
-3.46605e-13
-3.44475e-13
-3.32521e-13
-3.22971e-13
-3.16694e-13
-3.12601e-13
-3.05221e-13
-2.99826e-13
-2.91301e-13
-2.77043e-13
-2.67254e-13
-2.55009e-13
-2.46347e-13
-2.33343e-13
-2.26084e-13
-2.26172e-13
-2.2705e-13
-2.19334e-13
-2.12952e-13
-2.04725e-13
-1.95163e-13
-1.85499e-13
-1.78241e-13
-1.77221e-13
-1.7454e-13
-1.70778e-13
-1.63881e-13
-1.51791e-13
-1.41079e-13
-1.25605e-13
-1.20695e-13
-1.14576e-13
-1.01942e-13
-9.33584e-14
-9.24563e-14
-9.01038e-14
-8.17861e-14
-6.74482e-14
-5.83838e-14
-5.46787e-14
-4.52137e-14
-3.96297e-14
-3.10961e-14
-1.64976e-14
-4.10107e-15
1.26973e-15
3.6452e-17
-7.08428e-13
-7.12257e-13
-7.12651e-13
-7.11026e-13
-7.12776e-13
-7.09501e-13
-7.01902e-13
-7.01497e-13
-6.99159e-13
-6.91274e-13
-6.80194e-13
-6.70007e-13
-6.61493e-13
-6.58331e-13
-6.56114e-13
-6.46488e-13
-6.3273e-13
-6.24086e-13
-6.11262e-13
-6.02194e-13
-5.88061e-13
-5.74096e-13
-5.63625e-13
-5.57592e-13
-5.52407e-13
-5.52576e-13
-5.49445e-13
-5.46135e-13
-5.42693e-13
-5.37212e-13
-5.26477e-13
-5.10512e-13
-5.02968e-13
-4.95939e-13
-4.922e-13
-4.86381e-13
-4.82759e-13
-4.74286e-13
-4.6388e-13
-4.54692e-13
-4.47252e-13
-4.43313e-13
-4.37417e-13
-4.31554e-13
-4.25931e-13
-4.18775e-13
-4.10852e-13
-3.9914e-13
-3.89239e-13
-3.79263e-13
-3.69329e-13
-3.5636e-13
-3.50319e-13
-3.45825e-13
-3.43735e-13
-3.3232e-13
-3.22885e-13
-3.17778e-13
-3.12028e-13
-3.04239e-13
-2.95601e-13
-2.88962e-13
-2.80633e-13
-2.71135e-13
-2.59778e-13
-2.4526e-13
-2.32881e-13
-2.28487e-13
-2.25175e-13
-2.23346e-13
-2.18839e-13
-2.12784e-13
-2.02983e-13
-1.95775e-13
-1.88242e-13
-1.80397e-13
-1.72628e-13
-1.70061e-13
-1.74493e-13
-1.66688e-13
-1.52593e-13
-1.41359e-13
-1.2348e-13
-1.1802e-13
-1.17576e-13
-1.07022e-13
-1.00024e-13
-9.27503e-14
-8.60913e-14
-7.81048e-14
-6.73356e-14
-6.15445e-14
-5.55062e-14
-4.63503e-14
-3.71748e-14
-2.90018e-14
-2.08418e-14
-8.41167e-15
-1.22e-15
-2.42214e-16
-7.07036e-13
-7.14745e-13
-7.18727e-13
-7.13374e-13
-7.07407e-13
-7.02017e-13
-6.95371e-13
-6.99792e-13
-7.03726e-13
-6.92001e-13
-6.8125e-13
-6.73363e-13
-6.64354e-13
-6.58574e-13
-6.50817e-13
-6.40642e-13
-6.30047e-13
-6.27562e-13
-6.16641e-13
-6.01719e-13
-5.89355e-13
-5.7674e-13
-5.67556e-13
-5.60377e-13
-5.534e-13
-5.50587e-13
-5.48976e-13
-5.44908e-13
-5.41023e-13
-5.30455e-13
-5.19221e-13
-5.16253e-13
-5.13288e-13
-5.00963e-13
-4.87329e-13
-4.79851e-13
-4.76196e-13
-4.70331e-13
-4.64711e-13
-4.58487e-13
-4.46115e-13
-4.41066e-13
-4.38172e-13
-4.3526e-13
-4.3002e-13
-4.21361e-13
-4.11948e-13
-4.00553e-13
-3.8712e-13
-3.77038e-13
-3.67714e-13
-3.58075e-13
-3.50446e-13
-3.47064e-13
-3.43818e-13
-3.36496e-13
-3.26825e-13
-3.16245e-13
-3.07471e-13
-3.04395e-13
-2.97659e-13
-2.86125e-13
-2.75467e-13
-2.67054e-13
-2.586e-13
-2.49268e-13
-2.41947e-13
-2.33207e-13
-2.24279e-13
-2.1737e-13
-2.16193e-13
-2.13735e-13
-2.06826e-13
-1.97685e-13
-1.90347e-13
-1.82994e-13
-1.73893e-13
-1.69969e-13
-1.65709e-13
-1.5969e-13
-1.50584e-13
-1.40097e-13
-1.28729e-13
-1.21943e-13
-1.15983e-13
-1.08987e-13
-9.86489e-14
-8.81403e-14
-8.28449e-14
-7.61387e-14
-6.8116e-14
-5.98586e-14
-5.68455e-14
-4.93382e-14
-3.82013e-14
-2.68033e-14
-1.94601e-14
-1.05126e-14
-3.98206e-15
8.0119e-16
-7.09988e-13
-7.10196e-13
-7.10573e-13
-7.12569e-13
-7.13787e-13
-7.08862e-13
-7.02639e-13
-7.00692e-13
-6.96102e-13
-6.87446e-13
-6.80306e-13
-6.75367e-13
-6.64794e-13
-6.52822e-13
-6.49808e-13
-6.51192e-13
-6.40372e-13
-6.26666e-13
-6.11701e-13
-6.008e-13
-5.86403e-13
-5.72668e-13
-5.63005e-13
-5.56869e-13
-5.53621e-13
-5.49616e-13
-5.47241e-13
-5.4549e-13
-5.39315e-13
-5.29976e-13
-5.21449e-13
-5.19243e-13
-5.06198e-13
-4.97026e-13
-4.9027e-13
-4.8327e-13
-4.79649e-13
-4.73338e-13
-4.66569e-13
-4.55384e-13
-4.4839e-13
-4.43983e-13
-4.39772e-13
-4.36552e-13
-4.2866e-13
-4.20771e-13
-4.13186e-13
-4.01521e-13
-3.85908e-13
-3.74703e-13
-3.65696e-13
-3.56944e-13
-3.55108e-13
-3.49084e-13
-3.39287e-13
-3.31738e-13
-3.25146e-13
-3.15207e-13
-3.06805e-13
-3.0162e-13
-2.9834e-13
-2.86069e-13
-2.75006e-13
-2.66209e-13
-2.57674e-13
-2.48147e-13
-2.36705e-13
-2.29515e-13
-2.25278e-13
-2.24006e-13
-2.2214e-13
-2.15119e-13
-2.07534e-13
-1.98241e-13
-1.88694e-13
-1.78564e-13
-1.72865e-13
-1.71674e-13
-1.66231e-13
-1.59917e-13
-1.51324e-13
-1.40533e-13
-1.29271e-13
-1.23403e-13
-1.21044e-13
-1.13241e-13
-1.01342e-13
-9.04014e-14
-8.41034e-14
-7.43435e-14
-6.46768e-14
-5.60345e-14
-5.15185e-14
-4.76557e-14
-4.14254e-14
-3.27505e-14
-1.9079e-14
-5.49744e-15
1.35517e-15
8.34046e-16
-7.08884e-13
-7.1378e-13
-7.21729e-13
-7.12309e-13
-7.07152e-13
-7.01968e-13
-6.93851e-13
-6.97951e-13
-6.96944e-13
-6.96523e-13
-6.89017e-13
-6.74804e-13
-6.61875e-13
-6.50583e-13
-6.44032e-13
-6.42758e-13
-6.44292e-13
-6.3237e-13
-6.14866e-13
-6.02429e-13
-5.85069e-13
-5.69796e-13
-5.62085e-13
-5.55621e-13
-5.50538e-13
-5.49206e-13
-5.49361e-13
-5.46039e-13
-5.40343e-13
-5.32184e-13
-5.26722e-13
-5.19822e-13
-5.09935e-13
-4.94163e-13
-4.82454e-13
-4.77101e-13
-4.73696e-13
-4.71413e-13
-4.67614e-13
-4.58215e-13
-4.50266e-13
-4.46119e-13
-4.42399e-13
-4.36082e-13
-4.28952e-13
-4.2016e-13
-4.09703e-13
-4.00552e-13
-3.90933e-13
-3.77714e-13
-3.67951e-13
-3.58578e-13
-3.4919e-13
-3.42831e-13
-3.37618e-13
-3.33558e-13
-3.24813e-13
-3.16208e-13
-3.06784e-13
-2.99065e-13
-2.97549e-13
-2.88142e-13
-2.78004e-13
-2.68485e-13
-2.57126e-13
-2.45438e-13
-2.35626e-13
-2.3364e-13
-2.2661e-13
-2.22071e-13
-2.17643e-13
-2.14057e-13
-2.11293e-13
-2.01366e-13
-1.85663e-13
-1.73359e-13
-1.74452e-13
-1.75035e-13
-1.68463e-13
-1.57372e-13
-1.48501e-13
-1.43533e-13
-1.33186e-13
-1.26144e-13
-1.21549e-13
-1.0763e-13
-9.57382e-14
-9.17385e-14
-8.58089e-14
-7.65599e-14
-6.55694e-14
-5.47388e-14
-4.74788e-14
-4.31017e-14
-4.25413e-14
-3.84032e-14
-2.12437e-14
-3.1399e-15
4.31599e-15
9.90737e-16
-7.09681e-13
-7.10209e-13
-7.15066e-13
-7.14463e-13
-7.11308e-13
-7.04238e-13
-7.00082e-13
-6.97959e-13
-6.95271e-13
-6.84952e-13
-6.77707e-13
-6.7025e-13
-6.65784e-13
-6.59895e-13
-6.53966e-13
-6.51108e-13
-6.40364e-13
-6.27116e-13
-6.14788e-13
-5.99768e-13
-5.83742e-13
-5.68534e-13
-5.61286e-13
-5.56571e-13
-5.51241e-13
-5.45165e-13
-5.47599e-13
-5.42652e-13
-5.30982e-13
-5.26592e-13
-5.26925e-13
-5.21133e-13
-5.15374e-13
-5.04135e-13
-4.84237e-13
-4.73715e-13
-4.71539e-13
-4.69014e-13
-4.67927e-13
-4.59757e-13
-4.51812e-13
-4.45324e-13
-4.41622e-13
-4.38581e-13
-4.32003e-13
-4.26298e-13
-4.11435e-13
-3.96764e-13
-3.85859e-13
-3.73267e-13
-3.65867e-13
-3.61511e-13
-3.53716e-13
-3.44558e-13
-3.37142e-13
-3.31338e-13
-3.19161e-13
-3.12346e-13
-3.04676e-13
-2.99744e-13
-2.96456e-13
-2.85102e-13
-2.74673e-13
-2.66758e-13
-2.55555e-13
-2.43909e-13
-2.37595e-13
-2.30828e-13
-2.25821e-13
-2.29374e-13
-2.24931e-13
-2.19702e-13
-2.10035e-13
-1.97571e-13
-1.84167e-13
-1.73707e-13
-1.72666e-13
-1.74838e-13
-1.68806e-13
-1.59784e-13
-1.50903e-13
-1.43359e-13
-1.3244e-13
-1.23878e-13
-1.19639e-13
-1.10086e-13
-9.60322e-14
-9.06747e-14
-8.62616e-14
-7.92193e-14
-6.69337e-14
-5.41406e-14
-4.83399e-14
-4.51725e-14
-4.57048e-14
-3.80121e-14
-1.92051e-14
-6.43482e-15
5.9167e-16
1.35893e-15
-7.14107e-13
-7.13667e-13
-7.16276e-13
-7.10921e-13
-7.06098e-13
-7.05087e-13
-7.03064e-13
-6.98709e-13
-6.9228e-13
-6.84534e-13
-6.75153e-13
-6.69861e-13
-6.63821e-13
-6.59988e-13
-6.55211e-13
-6.48256e-13
-6.39347e-13
-6.27844e-13
-6.11984e-13
-5.99754e-13
-5.78337e-13
-5.68998e-13
-5.65401e-13
-5.5772e-13
-5.5209e-13
-5.47804e-13
-5.45925e-13
-5.46862e-13
-5.4076e-13
-5.31992e-13
-5.24914e-13
-5.16908e-13
-5.07407e-13
-4.92865e-13
-4.78852e-13
-4.71555e-13
-4.72732e-13
-4.70401e-13
-4.71148e-13
-4.63034e-13
-4.52447e-13
-4.48677e-13
-4.44458e-13
-4.33496e-13
-4.26942e-13
-4.22391e-13
-4.11301e-13
-3.94984e-13
-3.85382e-13
-3.76355e-13
-3.6717e-13
-3.63269e-13
-3.58146e-13
-3.42034e-13
-3.3426e-13
-3.29417e-13
-3.18409e-13
-3.11968e-13
-3.04719e-13
-3.0047e-13
-2.95555e-13
-2.85769e-13
-2.7492e-13
-2.68595e-13
-2.56734e-13
-2.46074e-13
-2.40341e-13
-2.36532e-13
-2.27782e-13
-2.19761e-13
-2.17201e-13
-2.15364e-13
-2.07375e-13
-1.97449e-13
-1.87311e-13
-1.76639e-13
-1.75518e-13
-1.73007e-13
-1.69972e-13
-1.61145e-13
-1.51925e-13
-1.42108e-13
-1.32885e-13
-1.25944e-13
-1.22249e-13
-1.10313e-13
-9.74588e-14
-9.22852e-14
-8.25374e-14
-7.31498e-14
-6.79125e-14
-5.87282e-14
-4.98717e-14
-4.6421e-14
-4.45084e-14
-3.5713e-14
-2.38929e-14
-1.00087e-14
-2.20098e-15
3.55602e-18
-7.0573e-13
-7.17768e-13
-7.18158e-13
-7.15303e-13
-7.10587e-13
-7.06391e-13
-7.04696e-13
-6.98625e-13
-6.91906e-13
-6.82741e-13
-6.69344e-13
-6.5968e-13
-6.58166e-13
-6.58146e-13
-6.53557e-13
-6.47571e-13
-6.41544e-13
-6.30081e-13
-6.11663e-13
-5.97685e-13
-5.87901e-13
-5.76674e-13
-5.64776e-13
-5.54612e-13
-5.50035e-13
-5.45639e-13
-5.4479e-13
-5.43354e-13
-5.37858e-13
-5.28032e-13
-5.17877e-13
-5.11882e-13
-5.03839e-13
-4.96175e-13
-4.89221e-13
-4.8048e-13
-4.74595e-13
-4.68495e-13
-4.66628e-13
-4.61846e-13
-4.54049e-13
-4.49623e-13
-4.42032e-13
-4.35237e-13
-4.30633e-13
-4.21083e-13
-4.08179e-13
-3.96168e-13
-3.87127e-13
-3.77859e-13
-3.67264e-13
-3.59135e-13
-3.54677e-13
-3.44673e-13
-3.36261e-13
-3.28519e-13
-3.16706e-13
-3.12892e-13
-3.06205e-13
-3.00718e-13
-2.92676e-13
-2.81996e-13
-2.68542e-13
-2.60327e-13
-2.56628e-13
-2.52389e-13
-2.45741e-13
-2.40159e-13
-2.32946e-13
-2.2632e-13
-2.1696e-13
-2.08505e-13
-1.99974e-13
-1.92657e-13
-1.87445e-13
-1.82474e-13
-1.79416e-13
-1.73262e-13
-1.65781e-13
-1.59707e-13
-1.54458e-13
-1.44299e-13
-1.32949e-13
-1.26245e-13
-1.20227e-13
-1.10522e-13
-1.00076e-13
-8.80202e-14
-8.046e-14
-7.76656e-14
-7.0921e-14
-6.16176e-14
-5.40244e-14
-4.87445e-14
-4.2861e-14
-3.78457e-14
-3.00331e-14
-1.59067e-14
-8.54024e-15
-2.21754e-15
-7.12065e-13
-7.12012e-13
-7.13123e-13
-7.13251e-13
-7.11397e-13
-7.10346e-13
-7.06407e-13
-7.0106e-13
-6.88039e-13
-6.78136e-13
-6.67365e-13
-6.61296e-13
-6.56289e-13
-6.57888e-13
-6.57304e-13
-6.51353e-13
-6.39636e-13
-6.20717e-13
-6.08335e-13
-5.94343e-13
-5.8309e-13
-5.78564e-13
-5.72365e-13
-5.62715e-13
-5.54527e-13
-5.49925e-13
-5.44833e-13
-5.40169e-13
-5.38109e-13
-5.29548e-13
-5.1737e-13
-5.05687e-13
-4.99686e-13
-4.95793e-13
-4.86798e-13
-4.78725e-13
-4.73892e-13
-4.69301e-13
-4.66427e-13
-4.60827e-13
-4.55651e-13
-4.50027e-13
-4.41163e-13
-4.35444e-13
-4.26977e-13
-4.18812e-13
-4.08357e-13
-3.97578e-13
-3.87064e-13
-3.77392e-13
-3.6683e-13
-3.58062e-13
-3.54703e-13
-3.4687e-13
-3.38313e-13
-3.30335e-13
-3.18674e-13
-3.11576e-13
-3.02919e-13
-2.95629e-13
-2.92146e-13
-2.84115e-13
-2.73945e-13
-2.66663e-13
-2.56278e-13
-2.51135e-13
-2.44624e-13
-2.40991e-13
-2.3428e-13
-2.25082e-13
-2.12878e-13
-2.03056e-13
-1.98785e-13
-1.96736e-13
-1.91229e-13
-1.84176e-13
-1.79576e-13
-1.67299e-13
-1.64255e-13
-1.60389e-13
-1.57758e-13
-1.48946e-13
-1.35754e-13
-1.25971e-13
-1.1822e-13
-1.09348e-13
-9.82937e-14
-9.07902e-14
-8.3553e-14
-7.79164e-14
-7.17954e-14
-6.19736e-14
-5.42467e-14
-5.12888e-14
-4.37926e-14
-3.99119e-14
-3.03071e-14
-1.72494e-14
-1.0015e-14
-1.27019e-15
-7.14379e-13
-7.13429e-13
-7.10169e-13
-7.12531e-13
-7.11228e-13
-7.09829e-13
-7.0904e-13
-7.05735e-13
-6.89423e-13
-6.778e-13
-6.63942e-13
-6.57888e-13
-6.55403e-13
-6.554e-13
-6.51336e-13
-6.47063e-13
-6.37023e-13
-6.24672e-13
-6.11955e-13
-5.9987e-13
-5.85276e-13
-5.7743e-13
-5.7042e-13
-5.61935e-13
-5.52413e-13
-5.48217e-13
-5.45481e-13
-5.422e-13
-5.34248e-13
-5.24848e-13
-5.13241e-13
-5.03448e-13
-5.01896e-13
-4.96847e-13
-4.93018e-13
-4.79427e-13
-4.71447e-13
-4.69695e-13
-4.67145e-13
-4.61785e-13
-4.56454e-13
-4.46813e-13
-4.39156e-13
-4.32915e-13
-4.27946e-13
-4.20616e-13
-4.09408e-13
-3.95843e-13
-3.88897e-13
-3.76535e-13
-3.68521e-13
-3.60675e-13
-3.53357e-13
-3.44475e-13
-3.35015e-13
-3.28466e-13
-3.18868e-13
-3.10297e-13
-3.00426e-13
-2.96165e-13
-2.94201e-13
-2.87277e-13
-2.72961e-13
-2.63422e-13
-2.55192e-13
-2.52349e-13
-2.46307e-13
-2.3749e-13
-2.31202e-13
-2.26033e-13
-2.18483e-13
-2.08848e-13
-1.97776e-13
-1.9012e-13
-1.85004e-13
-1.82575e-13
-1.81671e-13
-1.74425e-13
-1.64008e-13
-1.57024e-13
-1.52513e-13
-1.46621e-13
-1.39828e-13
-1.30782e-13
-1.21855e-13
-1.0812e-13
-9.54776e-14
-8.97081e-14
-8.35874e-14
-7.92931e-14
-7.34725e-14
-6.4641e-14
-5.78271e-14
-5.3293e-14
-4.64803e-14
-3.65022e-14
-2.62341e-14
-1.69571e-14
-9.51776e-15
-1.77323e-15
-7.14209e-13
-7.11163e-13
-7.11472e-13
-7.08226e-13
-7.12675e-13
-7.15509e-13
-7.05983e-13
-6.991e-13
-6.88922e-13
-6.7703e-13
-6.66225e-13
-6.6052e-13
-6.59315e-13
-6.55964e-13
-6.49845e-13
-6.45963e-13
-6.39754e-13
-6.26245e-13
-6.10529e-13
-5.98724e-13
-5.84657e-13
-5.76799e-13
-5.70803e-13
-5.5916e-13
-5.52483e-13
-5.51733e-13
-5.45595e-13
-5.37153e-13
-5.32487e-13
-5.27238e-13
-5.18559e-13
-5.10506e-13
-4.99055e-13
-4.89293e-13
-4.86359e-13
-4.80273e-13
-4.74009e-13
-4.71666e-13
-4.68223e-13
-4.61606e-13
-4.5466e-13
-4.45893e-13
-4.38001e-13
-4.33111e-13
-4.30306e-13
-4.19886e-13
-4.05086e-13
-3.93762e-13
-3.86744e-13
-3.79096e-13
-3.69193e-13
-3.58941e-13
-3.51404e-13
-3.43383e-13
-3.32892e-13
-3.27739e-13
-3.20485e-13
-3.12745e-13
-3.07337e-13
-2.99066e-13
-2.89781e-13
-2.79162e-13
-2.68013e-13
-2.64084e-13
-2.59916e-13
-2.56343e-13
-2.51501e-13
-2.4095e-13
-2.32853e-13
-2.24848e-13
-2.1187e-13
-2.03318e-13
-1.94359e-13
-1.91818e-13
-1.90081e-13
-1.86139e-13
-1.80331e-13
-1.72598e-13
-1.63821e-13
-1.58709e-13
-1.55374e-13
-1.46992e-13
-1.34892e-13
-1.2625e-13
-1.2076e-13
-1.128e-13
-9.83345e-14
-8.90005e-14
-8.34147e-14
-8.11906e-14
-7.35157e-14
-6.49316e-14
-5.83787e-14
-5.31725e-14
-4.64237e-14
-3.75825e-14
-2.9006e-14
-1.74836e-14
-1.02132e-14
-4.0291e-15
-7.11817e-13
-7.06863e-13
-7.1352e-13
-7.15123e-13
-7.12524e-13
-7.1046e-13
-7.08928e-13
-7.00651e-13
-6.90257e-13
-6.80242e-13
-6.70018e-13
-6.60038e-13
-6.53647e-13
-6.4959e-13
-6.45266e-13
-6.42516e-13
-6.35694e-13
-6.27794e-13
-6.12751e-13
-5.99338e-13
-5.88341e-13
-5.81108e-13
-5.73199e-13
-5.64216e-13
-5.54056e-13
-5.48955e-13
-5.44528e-13
-5.35437e-13
-5.30158e-13
-5.25802e-13
-5.16516e-13
-5.08243e-13
-4.97688e-13
-4.9032e-13
-4.85533e-13
-4.80964e-13
-4.7238e-13
-4.70633e-13
-4.68388e-13
-4.64043e-13
-4.55224e-13
-4.45816e-13
-4.36958e-13
-4.30536e-13
-4.26981e-13
-4.19891e-13
-4.0901e-13
-3.96451e-13
-3.85475e-13
-3.76007e-13
-3.68605e-13
-3.59847e-13
-3.49586e-13
-3.42245e-13
-3.34641e-13
-3.26985e-13
-3.19016e-13
-3.11205e-13
-3.05838e-13
-3.00308e-13
-2.88518e-13
-2.80806e-13
-2.72166e-13
-2.64072e-13
-2.60604e-13
-2.55087e-13
-2.46734e-13
-2.38945e-13
-2.32932e-13
-2.22691e-13
-2.14334e-13
-2.06172e-13
-1.96448e-13
-1.92725e-13
-1.89615e-13
-1.82932e-13
-1.77074e-13
-1.69651e-13
-1.63585e-13
-1.60041e-13
-1.55748e-13
-1.49577e-13
-1.39437e-13
-1.28724e-13
-1.1844e-13
-1.10558e-13
-9.91288e-14
-8.85288e-14
-8.34682e-14
-8.195e-14
-7.69128e-14
-6.65384e-14
-5.6985e-14
-5.31627e-14
-4.68957e-14
-3.79902e-14
-2.69102e-14
-1.72898e-14
-1.10114e-14
-3.77973e-15
-7.10833e-13
-7.05331e-13
-7.09632e-13
-7.16999e-13
-7.16274e-13
-7.12828e-13
-7.08457e-13
-6.99741e-13
-6.91532e-13
-6.81342e-13
-6.68085e-13
-6.57565e-13
-6.53849e-13
-6.53331e-13
-6.52271e-13
-6.42837e-13
-6.36337e-13
-6.25032e-13
-6.07555e-13
-5.96363e-13
-5.88401e-13
-5.81396e-13
-5.73221e-13
-5.6243e-13
-5.53414e-13
-5.49977e-13
-5.46996e-13
-5.38424e-13
-5.28168e-13
-5.21286e-13
-5.15148e-13
-5.04023e-13
-4.92613e-13
-4.89648e-13
-4.88476e-13
-4.83478e-13
-4.76288e-13
-4.71021e-13
-4.65949e-13
-4.57599e-13
-4.5398e-13
-4.46283e-13
-4.37938e-13
-4.33951e-13
-4.29311e-13
-4.19538e-13
-4.08131e-13
-3.96593e-13
-3.8705e-13
-3.74974e-13
-3.63088e-13
-3.55303e-13
-3.53039e-13
-3.44654e-13
-3.34007e-13
-3.26262e-13
-3.18432e-13
-3.12823e-13
-3.06181e-13
-2.9804e-13
-2.87931e-13
-2.81223e-13
-2.77452e-13
-2.6937e-13
-2.62176e-13
-2.50909e-13
-2.39661e-13
-2.33216e-13
-2.28457e-13
-2.2461e-13
-2.18748e-13
-2.10417e-13
-2.00825e-13
-1.92382e-13
-1.86214e-13
-1.81805e-13
-1.77481e-13
-1.72535e-13
-1.65659e-13
-1.56384e-13
-1.50145e-13
-1.46908e-13
-1.43289e-13
-1.31005e-13
-1.16974e-13
-1.06291e-13
-9.71197e-14
-8.93406e-14
-8.44776e-14
-8.40114e-14
-7.98584e-14
-7.0952e-14
-5.85099e-14
-5.24963e-14
-4.39341e-14
-3.65499e-14
-2.31842e-14
-1.49354e-14
-7.44389e-15
-1.44116e-15
-7.10637e-13
-7.08515e-13
-7.13031e-13
-7.13654e-13
-7.15753e-13
-7.14986e-13
-7.10209e-13
-6.99374e-13
-6.88576e-13
-6.79118e-13
-6.66749e-13
-6.60847e-13
-6.56887e-13
-6.52632e-13
-6.44812e-13
-6.38025e-13
-6.25177e-13
-6.24295e-13
-6.16757e-13
-6.0483e-13
-5.93294e-13
-5.81667e-13
-5.73712e-13
-5.65124e-13
-5.58162e-13
-5.49292e-13
-5.40833e-13
-5.33626e-13
-5.26193e-13
-5.19731e-13
-5.19239e-13
-5.07278e-13
-4.93883e-13
-4.89712e-13
-4.82907e-13
-4.79086e-13
-4.76074e-13
-4.73422e-13
-4.69162e-13
-4.62541e-13
-4.54642e-13
-4.41801e-13
-4.35242e-13
-4.31051e-13
-4.26874e-13
-4.21174e-13
-4.12213e-13
-3.98167e-13
-3.88008e-13
-3.76449e-13
-3.65069e-13
-3.55266e-13
-3.50632e-13
-3.43416e-13
-3.34213e-13
-3.22773e-13
-3.13644e-13
-3.12536e-13
-3.08334e-13
-3.04344e-13
-2.91473e-13
-2.81869e-13
-2.71632e-13
-2.6452e-13
-2.58658e-13
-2.52749e-13
-2.46428e-13
-2.37534e-13
-2.28133e-13
-2.20522e-13
-2.143e-13
-2.06085e-13
-1.96783e-13
-1.89863e-13
-1.84978e-13
-1.8272e-13
-1.80042e-13
-1.74074e-13
-1.66679e-13
-1.57553e-13
-1.50908e-13
-1.47679e-13
-1.38547e-13
-1.26847e-13
-1.17452e-13
-1.11578e-13
-1.02326e-13
-9.28948e-14
-8.7091e-14
-8.1999e-14
-7.52739e-14
-7.01026e-14
-6.17314e-14
-5.06353e-14
-4.24272e-14
-3.2959e-14
-2.3603e-14
-1.79179e-14
-1.10797e-14
-2.92793e-15
-7.11332e-13
-7.08843e-13
-7.0817e-13
-7.15011e-13
-7.16768e-13
-7.15687e-13
-7.09366e-13
-6.98641e-13
-6.8989e-13
-6.79476e-13
-6.66336e-13
-6.57907e-13
-6.55781e-13
-6.54696e-13
-6.47411e-13
-6.38897e-13
-6.32919e-13
-6.27181e-13
-6.13784e-13
-6.0056e-13
-5.90652e-13
-5.80296e-13
-5.71669e-13
-5.61403e-13
-5.5479e-13
-5.49053e-13
-5.4133e-13
-5.37835e-13
-5.31141e-13
-5.18846e-13
-5.1293e-13
-5.03783e-13
-4.94248e-13
-4.89766e-13
-4.85643e-13
-4.81531e-13
-4.77484e-13
-4.71466e-13
-4.65871e-13
-4.59208e-13
-4.54113e-13
-4.43435e-13
-4.38034e-13
-4.3261e-13
-4.26818e-13
-4.19303e-13
-4.10359e-13
-4.00632e-13
-3.87359e-13
-3.72344e-13
-3.63649e-13
-3.55754e-13
-3.52272e-13
-3.42989e-13
-3.34976e-13
-3.29916e-13
-3.18688e-13
-3.10806e-13
-3.06812e-13
-3.00341e-13
-2.93033e-13
-2.84871e-13
-2.73971e-13
-2.64619e-13
-2.56276e-13
-2.49362e-13
-2.43198e-13
-2.36779e-13
-2.29448e-13
-2.21768e-13
-2.16129e-13
-2.08049e-13
-1.99426e-13
-1.91474e-13
-1.84075e-13
-1.80653e-13
-1.80975e-13
-1.73599e-13
-1.64455e-13
-1.54733e-13
-1.48932e-13
-1.47924e-13
-1.43842e-13
-1.29661e-13
-1.18095e-13
-1.07807e-13
-9.7561e-14
-9.07533e-14
-8.74543e-14
-8.26287e-14
-7.8295e-14
-7.01778e-14
-6.35495e-14
-5.16909e-14
-4.27656e-14
-3.26294e-14
-2.17713e-14
-1.55868e-14
-1.05018e-14
-4.83589e-15
-7.09678e-13
-7.08753e-13
-7.10628e-13
-7.14734e-13
-7.17318e-13
-7.1481e-13
-7.1168e-13
-7.03829e-13
-6.92138e-13
-6.80895e-13
-6.64058e-13
-6.54252e-13
-6.56517e-13
-6.51636e-13
-6.45973e-13
-6.36296e-13
-6.27064e-13
-6.25214e-13
-6.17619e-13
-6.09777e-13
-5.94131e-13
-5.81487e-13
-5.72973e-13
-5.63985e-13
-5.52809e-13
-5.44446e-13
-5.39431e-13
-5.35387e-13
-5.29729e-13
-5.25223e-13
-5.18196e-13
-5.03014e-13
-4.93462e-13
-4.86481e-13
-4.822e-13
-4.79469e-13
-4.74901e-13
-4.72477e-13
-4.70325e-13
-4.62469e-13
-4.54553e-13
-4.44513e-13
-4.36393e-13
-4.28422e-13
-4.26994e-13
-4.19958e-13
-4.12904e-13
-4.01393e-13
-3.87013e-13
-3.75409e-13
-3.65358e-13
-3.54661e-13
-3.51191e-13
-3.4229e-13
-3.3291e-13
-3.26851e-13
-3.17535e-13
-3.12426e-13
-3.08593e-13
-3.02529e-13
-2.9138e-13
-2.82077e-13
-2.72381e-13
-2.64359e-13
-2.57834e-13
-2.51795e-13
-2.46369e-13
-2.3775e-13
-2.2986e-13
-2.22446e-13
-2.12765e-13
-2.02544e-13
-1.94787e-13
-1.90071e-13
-1.85337e-13
-1.82907e-13
-1.82233e-13
-1.74763e-13
-1.64021e-13
-1.52674e-13
-1.49371e-13
-1.48019e-13
-1.42947e-13
-1.29945e-13
-1.18265e-13
-1.07312e-13
-1.01265e-13
-9.20711e-14
-8.80471e-14
-8.15609e-14
-7.75304e-14
-7.26499e-14
-6.54942e-14
-5.34673e-14
-4.15385e-14
-2.96029e-14
-1.86571e-14
-1.34878e-14
-8.78488e-15
-6.25053e-15
)
;

boundaryField
{
    inlet
    {
        type            calculated;
        value           nonuniform List<scalar> 
40
(
-7.10283e-13
-7.06483e-13
-7.06179e-13
-7.07329e-13
-7.08799e-13
-7.05077e-13
-7.10959e-13
-7.10704e-13
-7.13434e-13
-7.1378e-13
-7.12095e-13
-7.15956e-13
-7.13391e-13
-7.10017e-13
-7.09719e-13
-7.08296e-13
-7.16467e-13
-7.16187e-13
-7.10734e-13
-7.19125e-13
-7.22246e-13
-7.20229e-13
-7.14295e-13
-7.20671e-13
-7.1752e-13
-7.08428e-13
-7.07036e-13
-7.09988e-13
-7.08884e-13
-7.09681e-13
-7.14107e-13
-7.0573e-13
-7.12065e-13
-7.14379e-13
-7.14209e-13
-7.11817e-13
-7.10833e-13
-7.10637e-13
-7.11332e-13
-7.09678e-13
)
;
    }
    outlet
    {
        type            calculated;
        value           uniform 0;
    }
    down
    {
        type            empty;
    }
    up
    {
        type            empty;
    }
    sides
    {
        type            calculated;
        value           nonuniform List<scalar> 
200
(
-7.10283e-13
-7.04199e-13
-7.05649e-13
-7.09278e-13
-7.0681e-13
-7.07167e-13
-7.0592e-13
-7.00605e-13
-6.89407e-13
-6.859e-13
-6.87842e-13
-6.81976e-13
-6.68989e-13
-6.5334e-13
-6.39395e-13
-6.32293e-13
-6.26998e-13
-6.24471e-13
-6.16945e-13
-6.01571e-13
-5.8994e-13
-5.82792e-13
-5.77228e-13
-5.70667e-13
-5.60067e-13
-5.49111e-13
-5.48079e-13
-5.41899e-13
-5.35307e-13
-5.24425e-13
-5.06857e-13
-5.00268e-13
-4.99097e-13
-4.98165e-13
-4.93593e-13
-4.91738e-13
-4.82857e-13
-4.62715e-13
-4.44204e-13
-4.41275e-13
-4.43053e-13
-4.42009e-13
-4.43223e-13
-4.36651e-13
-4.24128e-13
-4.1514e-13
-4.06473e-13
-3.96919e-13
-3.87017e-13
-3.78871e-13
-3.6908e-13
-3.60468e-13
-3.52625e-13
-3.42971e-13
-3.34087e-13
-3.20708e-13
-3.14154e-13
-3.11065e-13
-3.08639e-13
-3.05839e-13
-2.97545e-13
-2.9e-13
-2.79376e-13
-2.66666e-13
-2.58289e-13
-2.5087e-13
-2.46901e-13
-2.39058e-13
-2.28054e-13
-2.20201e-13
-2.12804e-13
-2.06738e-13
-1.93599e-13
-1.86614e-13
-1.86192e-13
-1.82072e-13
-1.79475e-13
-1.73423e-13
-1.64771e-13
-1.51638e-13
-1.38308e-13
-1.32906e-13
-1.24331e-13
-1.20379e-13
-1.16937e-13
-1.11231e-13
-1.01194e-13
-9.29443e-14
-8.91668e-14
-8.54596e-14
-7.90449e-14
-7.26066e-14
-6.48342e-14
-5.81707e-14
-4.91631e-14
-3.97527e-14
-3.0856e-14
-2.21247e-14
-1.27473e-14
-3.23701e-15
-7.09678e-13
-7.08753e-13
-7.10628e-13
-7.14734e-13
-7.17318e-13
-7.1481e-13
-7.1168e-13
-7.03829e-13
-6.92138e-13
-6.80895e-13
-6.64058e-13
-6.54252e-13
-6.56517e-13
-6.51636e-13
-6.45973e-13
-6.36296e-13
-6.27064e-13
-6.25214e-13
-6.17619e-13
-6.09777e-13
-5.94131e-13
-5.81487e-13
-5.72973e-13
-5.63985e-13
-5.52809e-13
-5.44446e-13
-5.39431e-13
-5.35387e-13
-5.29729e-13
-5.25223e-13
-5.18196e-13
-5.03014e-13
-4.93462e-13
-4.86481e-13
-4.822e-13
-4.79469e-13
-4.74901e-13
-4.72477e-13
-4.70325e-13
-4.62469e-13
-4.54553e-13
-4.44513e-13
-4.36393e-13
-4.28422e-13
-4.26994e-13
-4.19958e-13
-4.12904e-13
-4.01393e-13
-3.87013e-13
-3.75409e-13
-3.65358e-13
-3.54661e-13
-3.51191e-13
-3.4229e-13
-3.3291e-13
-3.26851e-13
-3.17535e-13
-3.12426e-13
-3.08593e-13
-3.02529e-13
-2.9138e-13
-2.82077e-13
-2.72381e-13
-2.64359e-13
-2.57834e-13
-2.51795e-13
-2.46369e-13
-2.3775e-13
-2.2986e-13
-2.22446e-13
-2.12765e-13
-2.02544e-13
-1.94787e-13
-1.90071e-13
-1.85337e-13
-1.82907e-13
-1.82233e-13
-1.74763e-13
-1.64021e-13
-1.52674e-13
-1.49371e-13
-1.48019e-13
-1.42947e-13
-1.29945e-13
-1.18265e-13
-1.07312e-13
-1.01265e-13
-9.20711e-14
-8.80471e-14
-8.15609e-14
-7.75304e-14
-7.26499e-14
-6.54942e-14
-5.34673e-14
-4.15385e-14
-2.96029e-14
-1.86571e-14
-1.34878e-14
-8.78488e-15
-6.25053e-15
)
;
    }
}

