/*--------------------------------*- C++ -*----------------------------------*\
| =========                 |                                                 |
| \\      /  F ield         | OpenFOAM: The Open Source CFD Toolbox           |
|  \\    /   O peration     | Version:  v2012                                 |
|   \\  /    A nd           | Website:  www.openfoam.com                      |
|    \\/     M anipulation  |                                                 |
\*---------------------------------------------------------------------------*/
FoamFile
{
    version     2.0;
    format      ascii;
    class       volScalarField;
    location    "0";
    object      pRec;
}
// * * * * * * * * * * * * * * * * * * * * * * * * * * * * * * * * * * * * * //

dimensions      [0 2 -2 0 0 0 0];


internalField   nonuniform List<scalar> 
4000
(
-6.84521e-13
-6.80059e-13
-6.80616e-13
-6.825e-13
-6.81515e-13
-6.81757e-13
-6.79868e-13
-6.75719e-13
-6.68002e-13
-6.63085e-13
-6.63105e-13
-6.58385e-13
-6.51498e-13
-6.41503e-13
-6.28903e-13
-6.23792e-13
-6.20582e-13
-6.18002e-13
-6.10973e-13
-6.01067e-13
-5.91527e-13
-5.84489e-13
-5.78914e-13
-5.69591e-13
-5.59261e-13
-5.48797e-13
-5.44221e-13
-5.39516e-13
-5.3301e-13
-5.21948e-13
-5.09013e-13
-5.00801e-13
-4.96375e-13
-4.91667e-13
-4.84954e-13
-4.79015e-13
-4.68629e-13
-4.53857e-13
-4.38057e-13
-4.32444e-13
-4.29563e-13
-4.25416e-13
-4.22859e-13
-4.16411e-13
-4.07685e-13
-3.9868e-13
-3.89201e-13
-3.8e-13
-3.71587e-13
-3.63809e-13
-3.55488e-13
-3.48318e-13
-3.41253e-13
-3.33297e-13
-3.25839e-13
-3.14531e-13
-3.06742e-13
-3.04621e-13
-3.01657e-13
-2.9799e-13
-2.89849e-13
-2.82692e-13
-2.73804e-13
-2.63748e-13
-2.56574e-13
-2.49329e-13
-2.44215e-13
-2.35992e-13
-2.26531e-13
-2.19923e-13
-2.12649e-13
-2.04347e-13
-1.91615e-13
-1.84465e-13
-1.82285e-13
-1.77778e-13
-1.71016e-13
-1.64178e-13
-1.54617e-13
-1.41649e-13
-1.30116e-13
-1.23949e-13
-1.15745e-13
-1.10048e-13
-1.03556e-13
-9.7064e-14
-8.92449e-14
-8.18156e-14
-7.79805e-14
-7.32083e-14
-6.74148e-14
-6.03758e-14
-5.4261e-14
-4.96066e-14
-4.04679e-14
-3.15956e-14
-2.45368e-14
-1.64667e-14
-8.78979e-15
-2.03242e-15
-6.81924e-13
-6.80467e-13
-6.8251e-13
-6.82679e-13
-6.8361e-13
-6.80984e-13
-6.78117e-13
-6.76119e-13
-6.70974e-13
-6.6547e-13
-6.6038e-13
-6.56663e-13
-6.50218e-13
-6.40851e-13
-6.31617e-13
-6.26329e-13
-6.22253e-13
-6.16775e-13
-6.09956e-13
-6.03842e-13
-5.9329e-13
-5.82488e-13
-5.76155e-13
-5.67751e-13
-5.57534e-13
-5.51139e-13
-5.46035e-13
-5.40101e-13
-5.32268e-13
-5.1959e-13
-5.10573e-13
-5.03238e-13
-4.96185e-13
-4.89001e-13
-4.82588e-13
-4.76247e-13
-4.67818e-13
-4.55672e-13
-4.43222e-13
-4.35156e-13
-4.29507e-13
-4.25578e-13
-4.20752e-13
-4.15466e-13
-4.08189e-13
-3.9847e-13
-3.88374e-13
-3.79747e-13
-3.7121e-13
-3.61934e-13
-3.54775e-13
-3.47508e-13
-3.41726e-13
-3.34631e-13
-3.26984e-13
-3.16567e-13
-3.06581e-13
-3.0306e-13
-3.00243e-13
-2.96432e-13
-2.9156e-13
-2.82796e-13
-2.7407e-13
-2.65196e-13
-2.58347e-13
-2.49845e-13
-2.42286e-13
-2.35041e-13
-2.28394e-13
-2.21078e-13
-2.12496e-13
-2.04533e-13
-1.95309e-13
-1.87328e-13
-1.82111e-13
-1.74197e-13
-1.70119e-13
-1.62527e-13
-1.52071e-13
-1.40841e-13
-1.31201e-13
-1.24908e-13
-1.18833e-13
-1.11491e-13
-1.02439e-13
-9.56494e-14
-8.75352e-14
-8.02463e-14
-7.6872e-14
-7.18938e-14
-6.81675e-14
-6.26262e-14
-5.72542e-14
-4.77549e-14
-3.90528e-14
-3.19337e-14
-2.38888e-14
-1.66296e-14
-9.65602e-15
-3.5637e-15
-6.81149e-13
-6.80333e-13
-6.82214e-13
-6.84466e-13
-6.85262e-13
-6.81961e-13
-6.7709e-13
-6.75185e-13
-6.6902e-13
-6.65418e-13
-6.6148e-13
-6.56033e-13
-6.49604e-13
-6.42327e-13
-6.33394e-13
-6.27305e-13
-6.20931e-13
-6.15544e-13
-6.1077e-13
-6.02229e-13
-5.9283e-13
-5.84414e-13
-5.76657e-13
-5.68626e-13
-5.59124e-13
-5.53389e-13
-5.46887e-13
-5.38405e-13
-5.30222e-13
-5.18639e-13
-5.10821e-13
-5.03048e-13
-4.95423e-13
-4.90777e-13
-4.84737e-13
-4.77383e-13
-4.66574e-13
-4.56185e-13
-4.45761e-13
-4.35332e-13
-4.28867e-13
-4.23064e-13
-4.21224e-13
-4.16095e-13
-4.08351e-13
-3.98068e-13
-3.86608e-13
-3.78001e-13
-3.72666e-13
-3.66728e-13
-3.55762e-13
-3.48273e-13
-3.39781e-13
-3.31906e-13
-3.24905e-13
-3.17262e-13
-3.07354e-13
-3.04923e-13
-3.03452e-13
-2.98113e-13
-2.89544e-13
-2.79219e-13
-2.72066e-13
-2.66236e-13
-2.60285e-13
-2.52394e-13
-2.44231e-13
-2.34674e-13
-2.27261e-13
-2.18257e-13
-2.10301e-13
-2.02538e-13
-1.93156e-13
-1.8703e-13
-1.81555e-13
-1.75342e-13
-1.69821e-13
-1.62346e-13
-1.51858e-13
-1.42034e-13
-1.35167e-13
-1.26457e-13
-1.15289e-13
-1.08711e-13
-1.02538e-13
-9.75765e-14
-9.10509e-14
-8.33083e-14
-7.68527e-14
-7.05633e-14
-6.61629e-14
-6.23063e-14
-5.57916e-14
-4.80682e-14
-3.89709e-14
-3.02748e-14
-2.47768e-14
-1.73141e-14
-1.22207e-14
-4.03016e-15
-6.81831e-13
-6.82604e-13
-6.82699e-13
-6.79932e-13
-6.84013e-13
-6.79719e-13
-6.77281e-13
-6.75444e-13
-6.72544e-13
-6.6699e-13
-6.60547e-13
-6.5263e-13
-6.46388e-13
-6.41869e-13
-6.39914e-13
-6.31638e-13
-6.19757e-13
-6.1347e-13
-6.09595e-13
-6.01616e-13
-5.928e-13
-5.85427e-13
-5.76855e-13
-5.64338e-13
-5.56201e-13
-5.51864e-13
-5.46588e-13
-5.40641e-13
-5.30924e-13
-5.21674e-13
-5.13726e-13
-5.04381e-13
-4.96141e-13
-4.89314e-13
-4.80868e-13
-4.77069e-13
-4.67647e-13
-4.55527e-13
-4.46816e-13
-4.36992e-13
-4.31164e-13
-4.26542e-13
-4.20869e-13
-4.1398e-13
-4.04681e-13
-3.95713e-13
-3.86887e-13
-3.80548e-13
-3.72347e-13
-3.62068e-13
-3.5331e-13
-3.4732e-13
-3.41131e-13
-3.35307e-13
-3.24565e-13
-3.18161e-13
-3.09486e-13
-3.0378e-13
-3.02493e-13
-2.96369e-13
-2.8852e-13
-2.81131e-13
-2.75252e-13
-2.68352e-13
-2.60302e-13
-2.51292e-13
-2.43593e-13
-2.34834e-13
-2.27561e-13
-2.20228e-13
-2.13197e-13
-2.04969e-13
-1.95556e-13
-1.88053e-13
-1.81267e-13
-1.74197e-13
-1.69273e-13
-1.62204e-13
-1.5179e-13
-1.42445e-13
-1.34714e-13
-1.26758e-13
-1.17076e-13
-1.08131e-13
-1.01997e-13
-9.63307e-14
-8.97039e-14
-8.23499e-14
-7.50495e-14
-7.09562e-14
-6.80096e-14
-6.33681e-14
-5.69271e-14
-4.67867e-14
-3.82867e-14
-3.23909e-14
-2.61573e-14
-1.7155e-14
-1.03972e-14
-3.91479e-15
-6.81973e-13
-6.85473e-13
-6.82547e-13
-6.79676e-13
-6.77427e-13
-6.79891e-13
-6.79386e-13
-6.77185e-13
-6.71626e-13
-6.65164e-13
-6.58042e-13
-6.54077e-13
-6.45893e-13
-6.41315e-13
-6.39229e-13
-6.334e-13
-6.25245e-13
-6.16551e-13
-6.07106e-13
-5.98051e-13
-5.92823e-13
-5.84832e-13
-5.72662e-13
-5.64192e-13
-5.59426e-13
-5.53189e-13
-5.47442e-13
-5.39547e-13
-5.33013e-13
-5.23861e-13
-5.1425e-13
-5.04948e-13
-4.95711e-13
-4.89424e-13
-4.82607e-13
-4.76976e-13
-4.6636e-13
-4.55628e-13
-4.45661e-13
-4.37807e-13
-4.31535e-13
-4.27864e-13
-4.20895e-13
-4.12778e-13
-4.03478e-13
-3.928e-13
-3.85845e-13
-3.79664e-13
-3.7178e-13
-3.65287e-13
-3.5631e-13
-3.48689e-13
-3.41003e-13
-3.3528e-13
-3.24369e-13
-3.17115e-13
-3.10671e-13
-3.04927e-13
-3.01823e-13
-2.95824e-13
-2.89195e-13
-2.81496e-13
-2.73689e-13
-2.67973e-13
-2.61849e-13
-2.54951e-13
-2.4694e-13
-2.3567e-13
-2.2744e-13
-2.17859e-13
-2.10367e-13
-2.03269e-13
-1.96008e-13
-1.8805e-13
-1.78679e-13
-1.7189e-13
-1.68703e-13
-1.61759e-13
-1.5395e-13
-1.44119e-13
-1.35923e-13
-1.28413e-13
-1.16423e-13
-1.07048e-13
-9.95488e-14
-9.39488e-14
-9.02732e-14
-8.45113e-14
-7.68798e-14
-7.20364e-14
-6.7078e-14
-6.29994e-14
-5.53725e-14
-4.92019e-14
-4.12878e-14
-3.24596e-14
-2.55943e-14
-1.88775e-14
-9.94105e-15
-1.62847e-15
-6.79296e-13
-6.86562e-13
-6.83488e-13
-6.76914e-13
-6.80925e-13
-6.82766e-13
-6.8045e-13
-6.76771e-13
-6.69783e-13
-6.59626e-13
-6.56447e-13
-6.53767e-13
-6.50076e-13
-6.42031e-13
-6.36571e-13
-6.34576e-13
-6.25917e-13
-6.18538e-13
-6.11604e-13
-6.01155e-13
-5.90508e-13
-5.80264e-13
-5.65466e-13
-5.61414e-13
-5.60021e-13
-5.5616e-13
-5.47911e-13
-5.3987e-13
-5.32571e-13
-5.25697e-13
-5.14772e-13
-5.05286e-13
-4.97193e-13
-4.91494e-13
-4.86161e-13
-4.75764e-13
-4.65026e-13
-4.56084e-13
-4.45353e-13
-4.39578e-13
-4.33359e-13
-4.28189e-13
-4.19627e-13
-4.12753e-13
-4.03629e-13
-3.92191e-13
-3.84028e-13
-3.7714e-13
-3.71985e-13
-3.65063e-13
-3.57157e-13
-3.48347e-13
-3.40422e-13
-3.33217e-13
-3.23602e-13
-3.1831e-13
-3.12584e-13
-3.05507e-13
-3.00957e-13
-2.96162e-13
-2.91372e-13
-2.82678e-13
-2.74136e-13
-2.67598e-13
-2.59378e-13
-2.53425e-13
-2.47246e-13
-2.36825e-13
-2.28501e-13
-2.20268e-13
-2.11334e-13
-2.03272e-13
-1.97246e-13
-1.89069e-13
-1.80108e-13
-1.73929e-13
-1.6803e-13
-1.59139e-13
-1.53519e-13
-1.45608e-13
-1.3809e-13
-1.27772e-13
-1.14688e-13
-1.05789e-13
-1.00707e-13
-9.56379e-14
-9.1018e-14
-8.30416e-14
-7.59257e-14
-7.13067e-14
-6.69729e-14
-6.33059e-14
-5.39806e-14
-4.78445e-14
-4.04609e-14
-3.4257e-14
-2.60764e-14
-1.84522e-14
-8.64566e-15
-9.85876e-16
-6.83032e-13
-6.83241e-13
-6.83056e-13
-6.80375e-13
-6.78163e-13
-6.81056e-13
-6.79519e-13
-6.74847e-13
-6.67951e-13
-6.60416e-13
-6.53701e-13
-6.53143e-13
-6.51556e-13
-6.43038e-13
-6.3767e-13
-6.33366e-13
-6.30437e-13
-6.2297e-13
-6.09163e-13
-5.95052e-13
-5.81529e-13
-5.75983e-13
-5.73716e-13
-5.70275e-13
-5.62956e-13
-5.55451e-13
-5.46789e-13
-5.3891e-13
-5.33122e-13
-5.27481e-13
-5.17049e-13
-5.04198e-13
-4.9733e-13
-4.88567e-13
-4.8206e-13
-4.74039e-13
-4.66673e-13
-4.59748e-13
-4.49083e-13
-4.38526e-13
-4.3065e-13
-4.24269e-13
-4.18681e-13
-4.13469e-13
-4.05754e-13
-3.95675e-13
-3.85067e-13
-3.76159e-13
-3.6937e-13
-3.65382e-13
-3.58154e-13
-3.51684e-13
-3.42749e-13
-3.33405e-13
-3.25192e-13
-3.1902e-13
-3.11851e-13
-3.01868e-13
-2.98143e-13
-2.96086e-13
-2.95346e-13
-2.86989e-13
-2.76203e-13
-2.65934e-13
-2.57114e-13
-2.502e-13
-2.42667e-13
-2.33728e-13
-2.25457e-13
-2.20134e-13
-2.17417e-13
-2.0781e-13
-1.98057e-13
-1.91491e-13
-1.82543e-13
-1.72831e-13
-1.64467e-13
-1.55811e-13
-1.50306e-13
-1.44836e-13
-1.37678e-13
-1.27505e-13
-1.18505e-13
-1.10017e-13
-1.02796e-13
-9.38116e-14
-8.90016e-14
-8.36005e-14
-7.69839e-14
-7.26544e-14
-6.64513e-14
-5.93293e-14
-5.37632e-14
-4.67469e-14
-3.95924e-14
-3.26147e-14
-2.59832e-14
-1.70348e-14
-9.10988e-15
-2.68853e-15
-6.81502e-13
-6.80508e-13
-6.79382e-13
-6.81736e-13
-6.83188e-13
-6.8253e-13
-6.78604e-13
-6.73023e-13
-6.65949e-13
-6.60907e-13
-6.57032e-13
-6.52542e-13
-6.48618e-13
-6.4122e-13
-6.37621e-13
-6.34106e-13
-6.30328e-13
-6.23223e-13
-6.06117e-13
-5.97266e-13
-5.91629e-13
-5.83859e-13
-5.73065e-13
-5.64244e-13
-5.60744e-13
-5.53128e-13
-5.44334e-13
-5.38566e-13
-5.31891e-13
-5.249e-13
-5.17787e-13
-5.08378e-13
-5.01786e-13
-4.93715e-13
-4.83072e-13
-4.73747e-13
-4.65082e-13
-4.56181e-13
-4.48561e-13
-4.38944e-13
-4.31181e-13
-4.25844e-13
-4.19003e-13
-4.15839e-13
-4.09824e-13
-3.9632e-13
-3.81818e-13
-3.7044e-13
-3.68889e-13
-3.66238e-13
-3.61393e-13
-3.54692e-13
-3.43091e-13
-3.33565e-13
-3.23174e-13
-3.17115e-13
-3.12453e-13
-3.06584e-13
-2.99704e-13
-2.94809e-13
-2.92591e-13
-2.85064e-13
-2.77208e-13
-2.68803e-13
-2.60941e-13
-2.52228e-13
-2.4403e-13
-2.35352e-13
-2.28903e-13
-2.21733e-13
-2.14427e-13
-2.08097e-13
-1.96711e-13
-1.85184e-13
-1.78547e-13
-1.72723e-13
-1.67286e-13
-1.59184e-13
-1.53519e-13
-1.47252e-13
-1.38544e-13
-1.27635e-13
-1.15909e-13
-1.05862e-13
-9.82528e-14
-9.37289e-14
-8.99534e-14
-8.48131e-14
-7.79968e-14
-7.14711e-14
-6.45356e-14
-5.8623e-14
-5.36996e-14
-4.80296e-14
-3.86598e-14
-3.13386e-14
-2.51426e-14
-1.83025e-14
-1.03637e-14
-1.60044e-15
-6.83103e-13
-6.83672e-13
-6.80368e-13
-6.76935e-13
-6.78743e-13
-6.80264e-13
-6.79546e-13
-6.72854e-13
-6.63879e-13
-6.62173e-13
-6.57772e-13
-6.50111e-13
-6.44322e-13
-6.41966e-13
-6.40018e-13
-6.36157e-13
-6.3024e-13
-6.21501e-13
-6.10128e-13
-5.98572e-13
-5.898e-13
-5.81364e-13
-5.75702e-13
-5.69673e-13
-5.61982e-13
-5.52212e-13
-5.43178e-13
-5.38276e-13
-5.34555e-13
-5.25273e-13
-5.18725e-13
-5.09812e-13
-4.99495e-13
-4.88835e-13
-4.82798e-13
-4.74739e-13
-4.64873e-13
-4.56369e-13
-4.48944e-13
-4.41853e-13
-4.36448e-13
-4.28433e-13
-4.16239e-13
-4.09521e-13
-4.03936e-13
-3.96733e-13
-3.85508e-13
-3.77478e-13
-3.71431e-13
-3.64857e-13
-3.58738e-13
-3.51619e-13
-3.42617e-13
-3.34555e-13
-3.26486e-13
-3.20915e-13
-3.14187e-13
-3.07342e-13
-3.0047e-13
-2.9626e-13
-2.90457e-13
-2.82939e-13
-2.76141e-13
-2.68606e-13
-2.58932e-13
-2.49563e-13
-2.43563e-13
-2.36475e-13
-2.28753e-13
-2.2124e-13
-2.13109e-13
-2.0844e-13
-2.00133e-13
-1.90426e-13
-1.79629e-13
-1.72966e-13
-1.68341e-13
-1.60351e-13
-1.54051e-13
-1.45666e-13
-1.38396e-13
-1.2831e-13
-1.1661e-13
-1.07299e-13
-1.00208e-13
-9.3921e-14
-9.02042e-14
-8.43332e-14
-7.79145e-14
-7.1217e-14
-6.38306e-14
-5.81549e-14
-5.10822e-14
-4.53962e-14
-3.81327e-14
-3.09985e-14
-2.42685e-14
-1.57488e-14
-7.76949e-15
2.98337e-16
-6.82376e-13
-6.82064e-13
-6.82769e-13
-6.79395e-13
-6.77137e-13
-6.78013e-13
-6.77864e-13
-6.74804e-13
-6.68823e-13
-6.59346e-13
-6.52948e-13
-6.4768e-13
-6.44921e-13
-6.43852e-13
-6.40817e-13
-6.35155e-13
-6.27481e-13
-6.23118e-13
-6.16367e-13
-6.0232e-13
-5.89738e-13
-5.78405e-13
-5.72786e-13
-5.66663e-13
-5.6227e-13
-5.56085e-13
-5.47324e-13
-5.40438e-13
-5.337e-13
-5.26093e-13
-5.18452e-13
-5.09584e-13
-5.00035e-13
-4.888e-13
-4.80697e-13
-4.73485e-13
-4.67236e-13
-4.5678e-13
-4.5071e-13
-4.42909e-13
-4.33253e-13
-4.23749e-13
-4.15215e-13
-4.09728e-13
-4.06108e-13
-4.00832e-13
-3.8921e-13
-3.79029e-13
-3.71701e-13
-3.63393e-13
-3.56952e-13
-3.51385e-13
-3.43835e-13
-3.35681e-13
-3.26978e-13
-3.20154e-13
-3.14172e-13
-3.07094e-13
-3.0052e-13
-2.97539e-13
-2.93346e-13
-2.8784e-13
-2.8134e-13
-2.69693e-13
-2.56982e-13
-2.44383e-13
-2.37011e-13
-2.32442e-13
-2.27942e-13
-2.25814e-13
-2.19685e-13
-2.09798e-13
-2.0191e-13
-1.91789e-13
-1.79966e-13
-1.7135e-13
-1.66398e-13
-1.59224e-13
-1.54052e-13
-1.44998e-13
-1.37407e-13
-1.28666e-13
-1.1832e-13
-1.10118e-13
-1.0052e-13
-9.24892e-14
-8.81928e-14
-8.24918e-14
-7.71096e-14
-7.01969e-14
-6.26327e-14
-5.43214e-14
-4.7986e-14
-4.35002e-14
-3.52708e-14
-2.77752e-14
-2.07708e-14
-1.44735e-14
-6.15351e-15
-5.62002e-17
-6.80849e-13
-6.80181e-13
-6.7932e-13
-6.80623e-13
-6.8085e-13
-6.76319e-13
-6.74577e-13
-6.71731e-13
-6.67276e-13
-6.63315e-13
-6.54167e-13
-6.46845e-13
-6.4564e-13
-6.46364e-13
-6.41696e-13
-6.37016e-13
-6.27002e-13
-6.209e-13
-6.14708e-13
-6.03279e-13
-5.93005e-13
-5.79353e-13
-5.70441e-13
-5.65736e-13
-5.60765e-13
-5.54933e-13
-5.49102e-13
-5.41968e-13
-5.35125e-13
-5.26872e-13
-5.18028e-13
-5.08763e-13
-4.99126e-13
-4.89999e-13
-4.83886e-13
-4.7558e-13
-4.66596e-13
-4.56855e-13
-4.50602e-13
-4.41214e-13
-4.33825e-13
-4.24036e-13
-4.16397e-13
-4.12263e-13
-4.07561e-13
-3.99553e-13
-3.87394e-13
-3.76042e-13
-3.69649e-13
-3.62643e-13
-3.59111e-13
-3.53471e-13
-3.4319e-13
-3.35418e-13
-3.26945e-13
-3.2322e-13
-3.16546e-13
-3.09329e-13
-3.00819e-13
-2.93026e-13
-2.8954e-13
-2.81836e-13
-2.77331e-13
-2.71829e-13
-2.59549e-13
-2.46991e-13
-2.38449e-13
-2.318e-13
-2.28255e-13
-2.27914e-13
-2.19982e-13
-2.1191e-13
-2.02344e-13
-1.91653e-13
-1.78773e-13
-1.68498e-13
-1.66126e-13
-1.61317e-13
-1.56586e-13
-1.47632e-13
-1.40104e-13
-1.31377e-13
-1.18022e-13
-1.07656e-13
-9.71956e-14
-8.78357e-14
-8.81706e-14
-8.4689e-14
-7.68536e-14
-6.95043e-14
-6.06183e-14
-5.33429e-14
-4.72982e-14
-4.14575e-14
-3.64639e-14
-2.98279e-14
-1.82931e-14
-7.93712e-15
-8.50418e-17
-7.0025e-16
-6.82494e-13
-6.80935e-13
-6.79403e-13
-6.80122e-13
-6.79447e-13
-6.75234e-13
-6.75592e-13
-6.72564e-13
-6.66961e-13
-6.61553e-13
-6.55032e-13
-6.49078e-13
-6.42434e-13
-6.40396e-13
-6.38738e-13
-6.33829e-13
-6.29628e-13
-6.24908e-13
-6.16561e-13
-6.03952e-13
-5.92167e-13
-5.84769e-13
-5.75721e-13
-5.66902e-13
-5.61008e-13
-5.50864e-13
-5.4641e-13
-5.42099e-13
-5.36355e-13
-5.28554e-13
-5.19467e-13
-5.09124e-13
-4.98111e-13
-4.87843e-13
-4.82071e-13
-4.74312e-13
-4.67844e-13
-4.59282e-13
-4.52467e-13
-4.40954e-13
-4.3262e-13
-4.21763e-13
-4.16234e-13
-4.13899e-13
-4.0664e-13
-3.99175e-13
-3.8838e-13
-3.78324e-13
-3.70553e-13
-3.62158e-13
-3.56704e-13
-3.52158e-13
-3.43894e-13
-3.37889e-13
-3.30642e-13
-3.22305e-13
-3.15861e-13
-3.08553e-13
-3.00423e-13
-2.94549e-13
-2.91385e-13
-2.89886e-13
-2.80805e-13
-2.69843e-13
-2.54223e-13
-2.45505e-13
-2.38935e-13
-2.33989e-13
-2.27836e-13
-2.2383e-13
-2.17617e-13
-2.14499e-13
-2.07535e-13
-1.95346e-13
-1.7861e-13
-1.64558e-13
-1.60802e-13
-1.6141e-13
-1.5742e-13
-1.47741e-13
-1.39063e-13
-1.29566e-13
-1.19119e-13
-1.10114e-13
-9.98773e-14
-9.00814e-14
-8.36816e-14
-8.18075e-14
-7.56347e-14
-6.79874e-14
-5.87097e-14
-5.25595e-14
-4.68062e-14
-4.00188e-14
-3.31441e-14
-2.75005e-14
-1.69966e-14
-8.17079e-15
-1.90911e-15
-3.89494e-16
-6.8077e-13
-6.79842e-13
-6.73928e-13
-6.80851e-13
-6.8065e-13
-6.7845e-13
-6.7276e-13
-6.67762e-13
-6.63901e-13
-6.58091e-13
-6.54681e-13
-6.50843e-13
-6.49109e-13
-6.43947e-13
-6.39965e-13
-6.36475e-13
-6.31515e-13
-6.25304e-13
-6.17007e-13
-6.04026e-13
-5.88374e-13
-5.76668e-13
-5.69911e-13
-5.66398e-13
-5.60261e-13
-5.54656e-13
-5.4776e-13
-5.41905e-13
-5.36884e-13
-5.30791e-13
-5.21591e-13
-5.09287e-13
-4.99752e-13
-4.91467e-13
-4.8568e-13
-4.75847e-13
-4.65639e-13
-4.59105e-13
-4.51332e-13
-4.40764e-13
-4.30807e-13
-4.25431e-13
-4.19341e-13
-4.12657e-13
-4.03276e-13
-3.93702e-13
-3.8619e-13
-3.78416e-13
-3.71749e-13
-3.6526e-13
-3.58518e-13
-3.52789e-13
-3.42625e-13
-3.34205e-13
-3.33095e-13
-3.31336e-13
-3.18416e-13
-3.0514e-13
-2.96139e-13
-2.89897e-13
-2.87083e-13
-2.83608e-13
-2.81448e-13
-2.72745e-13
-2.58314e-13
-2.49949e-13
-2.37777e-13
-2.3469e-13
-2.28354e-13
-2.22591e-13
-2.17016e-13
-2.14556e-13
-2.07636e-13
-1.94314e-13
-1.80297e-13
-1.67658e-13
-1.62428e-13
-1.62816e-13
-1.54257e-13
-1.4443e-13
-1.37847e-13
-1.30112e-13
-1.21422e-13
-1.10909e-13
-1.00701e-13
-8.9966e-14
-8.29503e-14
-8.1047e-14
-7.35506e-14
-6.57252e-14
-5.84044e-14
-5.17233e-14
-4.44556e-14
-3.88068e-14
-3.36686e-14
-2.63312e-14
-1.67376e-14
-8.94595e-15
-9.72075e-16
5.47938e-16
-6.77683e-13
-6.85043e-13
-6.80258e-13
-6.76749e-13
-6.77418e-13
-6.76782e-13
-6.72525e-13
-6.71905e-13
-6.64652e-13
-6.54736e-13
-6.50635e-13
-6.50248e-13
-6.48001e-13
-6.45961e-13
-6.42302e-13
-6.34713e-13
-6.25617e-13
-6.19583e-13
-6.14722e-13
-6.05537e-13
-5.9806e-13
-5.90526e-13
-5.81231e-13
-5.66761e-13
-5.54343e-13
-5.47241e-13
-5.47257e-13
-5.42961e-13
-5.3694e-13
-5.31661e-13
-5.22166e-13
-5.10963e-13
-4.97616e-13
-4.86253e-13
-4.78959e-13
-4.73249e-13
-4.70908e-13
-4.63677e-13
-4.51561e-13
-4.43623e-13
-4.32596e-13
-4.23162e-13
-4.18279e-13
-4.11115e-13
-4.02059e-13
-3.93334e-13
-3.84037e-13
-3.78935e-13
-3.737e-13
-3.66986e-13
-3.59403e-13
-3.50969e-13
-3.44404e-13
-3.3734e-13
-3.31992e-13
-3.26168e-13
-3.20605e-13
-3.11975e-13
-3.04061e-13
-2.94283e-13
-2.86226e-13
-2.79868e-13
-2.74555e-13
-2.69222e-13
-2.60175e-13
-2.51989e-13
-2.42633e-13
-2.35555e-13
-2.28992e-13
-2.23372e-13
-2.1914e-13
-2.11204e-13
-2.03379e-13
-1.94391e-13
-1.82288e-13
-1.71827e-13
-1.62362e-13
-1.58486e-13
-1.53299e-13
-1.4537e-13
-1.39084e-13
-1.28604e-13
-1.19581e-13
-1.09476e-13
-9.94186e-14
-9.05223e-14
-8.511e-14
-7.93689e-14
-7.37355e-14
-6.53801e-14
-5.85306e-14
-5.34215e-14
-4.64308e-14
-3.83541e-14
-3.0288e-14
-2.22062e-14
-1.5582e-14
-1.01607e-14
-3.05768e-15
1.08872e-16
-6.76525e-13
-6.80315e-13
-6.81024e-13
-6.77261e-13
-6.77234e-13
-6.78371e-13
-6.70369e-13
-6.6246e-13
-6.58973e-13
-6.57609e-13
-6.55947e-13
-6.53685e-13
-6.50896e-13
-6.46816e-13
-6.42366e-13
-6.35453e-13
-6.29615e-13
-6.26204e-13
-6.18538e-13
-6.04766e-13
-5.8963e-13
-5.76945e-13
-5.70817e-13
-5.63291e-13
-5.60359e-13
-5.56464e-13
-5.5036e-13
-5.41595e-13
-5.35271e-13
-5.31709e-13
-5.24336e-13
-5.13866e-13
-5.01327e-13
-4.86526e-13
-4.76513e-13
-4.73094e-13
-4.71347e-13
-4.6448e-13
-4.55918e-13
-4.4443e-13
-4.31585e-13
-4.21389e-13
-4.12522e-13
-4.0815e-13
-4.02363e-13
-3.95048e-13
-3.87579e-13
-3.79429e-13
-3.73497e-13
-3.72438e-13
-3.65282e-13
-3.50629e-13
-3.41184e-13
-3.33811e-13
-3.28446e-13
-3.25172e-13
-3.20844e-13
-3.11669e-13
-3.00334e-13
-2.92761e-13
-2.88515e-13
-2.8375e-13
-2.77482e-13
-2.69426e-13
-2.5693e-13
-2.47909e-13
-2.4126e-13
-2.37652e-13
-2.31315e-13
-2.23326e-13
-2.17074e-13
-2.11176e-13
-2.03475e-13
-1.9294e-13
-1.82762e-13
-1.69342e-13
-1.60585e-13
-1.57843e-13
-1.55664e-13
-1.49735e-13
-1.41477e-13
-1.30803e-13
-1.18857e-13
-1.07288e-13
-9.86401e-14
-9.05261e-14
-8.46941e-14
-7.78875e-14
-7.13692e-14
-6.43532e-14
-5.83247e-14
-5.25004e-14
-4.64183e-14
-3.82357e-14
-2.94788e-14
-2.0531e-14
-1.31184e-14
-7.5087e-15
-2.12226e-15
-1.05476e-16
-6.75259e-13
-6.81263e-13
-6.81392e-13
-6.78586e-13
-6.76119e-13
-6.79677e-13
-6.77317e-13
-6.67215e-13
-6.53636e-13
-6.51558e-13
-6.512e-13
-6.5244e-13
-6.51313e-13
-6.49924e-13
-6.44565e-13
-6.36225e-13
-6.28006e-13
-6.22226e-13
-6.1172e-13
-6.03385e-13
-5.96527e-13
-5.84501e-13
-5.73637e-13
-5.62177e-13
-5.60208e-13
-5.56893e-13
-5.52294e-13
-5.45216e-13
-5.36827e-13
-5.3055e-13
-5.21838e-13
-5.10613e-13
-5.00567e-13
-4.86658e-13
-4.75016e-13
-4.71818e-13
-4.7047e-13
-4.65032e-13
-4.5577e-13
-4.45381e-13
-4.29723e-13
-4.19422e-13
-4.15436e-13
-4.10487e-13
-4.03001e-13
-3.94567e-13
-3.8954e-13
-3.83182e-13
-3.74553e-13
-3.64615e-13
-3.58247e-13
-3.52415e-13
-3.44545e-13
-3.33123e-13
-3.32108e-13
-3.28151e-13
-3.19533e-13
-3.13319e-13
-3.06488e-13
-2.95039e-13
-2.8745e-13
-2.82012e-13
-2.73797e-13
-2.66811e-13
-2.57205e-13
-2.49448e-13
-2.40315e-13
-2.35832e-13
-2.28499e-13
-2.25442e-13
-2.18901e-13
-2.13282e-13
-2.06239e-13
-1.93335e-13
-1.80222e-13
-1.68958e-13
-1.62914e-13
-1.57308e-13
-1.52915e-13
-1.47074e-13
-1.40683e-13
-1.31537e-13
-1.1937e-13
-1.07532e-13
-1.00523e-13
-9.17238e-14
-8.46224e-14
-7.84298e-14
-7.21672e-14
-6.29542e-14
-5.61223e-14
-5.02461e-14
-4.31074e-14
-3.52185e-14
-2.87519e-14
-2.40605e-14
-1.23901e-14
-4.56082e-15
4.8394e-16
2.66462e-16
-6.79893e-13
-6.79509e-13
-6.76076e-13
-6.72748e-13
-6.74905e-13
-6.7084e-13
-6.68187e-13
-6.68823e-13
-6.66698e-13
-6.61058e-13
-6.5803e-13
-6.51696e-13
-6.46961e-13
-6.45861e-13
-6.42964e-13
-6.37869e-13
-6.30616e-13
-6.26663e-13
-6.17377e-13
-6.03266e-13
-5.87208e-13
-5.77228e-13
-5.7097e-13
-5.68186e-13
-5.61042e-13
-5.56928e-13
-5.52303e-13
-5.4455e-13
-5.37385e-13
-5.30004e-13
-5.22293e-13
-5.10232e-13
-4.98876e-13
-4.86806e-13
-4.7786e-13
-4.74227e-13
-4.73042e-13
-4.65027e-13
-4.54055e-13
-4.44552e-13
-4.3075e-13
-4.18558e-13
-4.14326e-13
-4.09948e-13
-4.05456e-13
-3.95204e-13
-3.86011e-13
-3.82363e-13
-3.77148e-13
-3.67206e-13
-3.5803e-13
-3.52761e-13
-3.46471e-13
-3.35773e-13
-3.28706e-13
-3.24701e-13
-3.17698e-13
-3.12515e-13
-3.07409e-13
-2.99424e-13
-2.89227e-13
-2.82505e-13
-2.7385e-13
-2.66816e-13
-2.59837e-13
-2.50569e-13
-2.40517e-13
-2.31388e-13
-2.26341e-13
-2.263e-13
-2.18016e-13
-2.12018e-13
-2.05218e-13
-1.93888e-13
-1.82938e-13
-1.71804e-13
-1.60709e-13
-1.53908e-13
-1.5256e-13
-1.50383e-13
-1.43368e-13
-1.29877e-13
-1.18233e-13
-1.05391e-13
-9.99119e-14
-9.36196e-14
-8.66779e-14
-7.70176e-14
-6.8544e-14
-6.20766e-14
-5.58505e-14
-4.90174e-14
-4.39439e-14
-3.61691e-14
-2.83899e-14
-2.06066e-14
-1.27612e-14
-5.70913e-15
5.89105e-16
1.68455e-15
-6.79128e-13
-6.78564e-13
-6.75896e-13
-6.73747e-13
-6.79266e-13
-6.77131e-13
-6.68469e-13
-6.63224e-13
-6.60222e-13
-6.58564e-13
-6.57774e-13
-6.57341e-13
-6.48406e-13
-6.41733e-13
-6.39711e-13
-6.35528e-13
-6.32432e-13
-6.25718e-13
-6.16018e-13
-6.01831e-13
-5.89949e-13
-5.78668e-13
-5.69997e-13
-5.68483e-13
-5.66368e-13
-5.57127e-13
-5.50082e-13
-5.44676e-13
-5.40888e-13
-5.32209e-13
-5.23891e-13
-5.11008e-13
-4.98194e-13
-4.86147e-13
-4.75296e-13
-4.72766e-13
-4.68825e-13
-4.64914e-13
-4.57624e-13
-4.4684e-13
-4.32912e-13
-4.22628e-13
-4.14962e-13
-4.05436e-13
-4.03113e-13
-3.96087e-13
-3.89028e-13
-3.79688e-13
-3.73286e-13
-3.67947e-13
-3.58993e-13
-3.5258e-13
-3.46028e-13
-3.37095e-13
-3.33583e-13
-3.28214e-13
-3.1694e-13
-3.08013e-13
-3.05031e-13
-2.98277e-13
-2.90714e-13
-2.81951e-13
-2.75748e-13
-2.6927e-13
-2.60379e-13
-2.48938e-13
-2.41859e-13
-2.32045e-13
-2.23503e-13
-2.21839e-13
-2.18121e-13
-2.12765e-13
-2.06614e-13
-1.94418e-13
-1.82546e-13
-1.71738e-13
-1.62399e-13
-1.55259e-13
-1.54118e-13
-1.49536e-13
-1.41427e-13
-1.30469e-13
-1.19246e-13
-1.06747e-13
-9.8628e-14
-8.9421e-14
-8.29375e-14
-7.8656e-14
-7.2147e-14
-6.21511e-14
-5.49745e-14
-4.76259e-14
-4.13726e-14
-3.44277e-14
-2.69746e-14
-2.12731e-14
-1.40256e-14
-4.67559e-15
1.03546e-15
-1.23589e-16
-6.75099e-13
-6.77227e-13
-6.77258e-13
-6.75923e-13
-6.75015e-13
-6.70509e-13
-6.67596e-13
-6.65243e-13
-6.64254e-13
-6.62375e-13
-6.5889e-13
-6.55979e-13
-6.50883e-13
-6.43785e-13
-6.38856e-13
-6.33267e-13
-6.30671e-13
-6.24139e-13
-6.13873e-13
-6.03749e-13
-5.90845e-13
-5.79557e-13
-5.73901e-13
-5.68734e-13
-5.6082e-13
-5.55794e-13
-5.52934e-13
-5.47811e-13
-5.40194e-13
-5.2966e-13
-5.20586e-13
-5.10129e-13
-4.98007e-13
-4.87281e-13
-4.78174e-13
-4.76592e-13
-4.74043e-13
-4.65524e-13
-4.54145e-13
-4.40947e-13
-4.31124e-13
-4.25287e-13
-4.16415e-13
-4.0651e-13
-4.011e-13
-3.93311e-13
-3.90439e-13
-3.87843e-13
-3.78101e-13
-3.65217e-13
-3.56779e-13
-3.53629e-13
-3.47244e-13
-3.36645e-13
-3.31748e-13
-3.26772e-13
-3.20012e-13
-3.11065e-13
-3.03971e-13
-2.96432e-13
-2.9303e-13
-2.84938e-13
-2.76234e-13
-2.68483e-13
-2.57661e-13
-2.48652e-13
-2.40431e-13
-2.33424e-13
-2.25138e-13
-2.20052e-13
-2.15061e-13
-2.13558e-13
-2.07888e-13
-1.94908e-13
-1.82738e-13
-1.71846e-13
-1.64274e-13
-1.57939e-13
-1.50529e-13
-1.42219e-13
-1.42215e-13
-1.35457e-13
-1.20113e-13
-1.07542e-13
-9.77085e-14
-8.75121e-14
-8.1065e-14
-7.76086e-14
-7.15921e-14
-6.21989e-14
-5.39727e-14
-4.8551e-14
-4.14806e-14
-3.34818e-14
-2.86794e-14
-1.9838e-14
-1.13647e-14
-3.63089e-15
1.71462e-15
-6.77998e-16
-6.79986e-13
-6.78042e-13
-6.76084e-13
-6.73974e-13
-6.70306e-13
-6.68749e-13
-6.66566e-13
-6.66572e-13
-6.65395e-13
-6.63205e-13
-6.57894e-13
-6.55026e-13
-6.50832e-13
-6.45811e-13
-6.40092e-13
-6.32444e-13
-6.24386e-13
-6.18773e-13
-6.13986e-13
-6.0729e-13
-5.93325e-13
-5.82721e-13
-5.74822e-13
-5.673e-13
-5.62026e-13
-5.57427e-13
-5.53208e-13
-5.48899e-13
-5.38689e-13
-5.31339e-13
-5.21719e-13
-5.09491e-13
-4.97204e-13
-4.8547e-13
-4.80248e-13
-4.76552e-13
-4.71781e-13
-4.64288e-13
-4.53625e-13
-4.42825e-13
-4.31778e-13
-4.2272e-13
-4.16997e-13
-4.10204e-13
-4.04263e-13
-3.97244e-13
-3.88186e-13
-3.81113e-13
-3.76758e-13
-3.68631e-13
-3.62105e-13
-3.53799e-13
-3.45545e-13
-3.37614e-13
-3.31271e-13
-3.23369e-13
-3.1954e-13
-3.12937e-13
-3.04765e-13
-2.97399e-13
-2.93644e-13
-2.87013e-13
-2.7691e-13
-2.67147e-13
-2.58599e-13
-2.49686e-13
-2.40207e-13
-2.32321e-13
-2.2551e-13
-2.20374e-13
-2.16819e-13
-2.14632e-13
-2.07066e-13
-1.9324e-13
-1.82152e-13
-1.71884e-13
-1.63725e-13
-1.56572e-13
-1.52311e-13
-1.46684e-13
-1.39257e-13
-1.31218e-13
-1.2044e-13
-1.09482e-13
-1.0141e-13
-8.89301e-14
-8.04635e-14
-7.4977e-14
-7.06727e-14
-5.98695e-14
-5.19226e-14
-4.79912e-14
-4.41943e-14
-3.40951e-14
-2.48007e-14
-1.88933e-14
-1.2198e-14
-2.26894e-15
3.47542e-16
-1.21681e-15
-6.81838e-13
-6.77185e-13
-6.72646e-13
-6.72824e-13
-6.6724e-13
-6.6803e-13
-6.66815e-13
-6.67736e-13
-6.67748e-13
-6.61439e-13
-6.57389e-13
-6.55967e-13
-6.54275e-13
-6.47472e-13
-6.40058e-13
-6.34542e-13
-6.28133e-13
-6.18986e-13
-6.12174e-13
-6.01799e-13
-5.93643e-13
-5.83505e-13
-5.72514e-13
-5.65645e-13
-5.61196e-13
-5.60425e-13
-5.53734e-13
-5.47654e-13
-5.38438e-13
-5.31031e-13
-5.22068e-13
-5.1133e-13
-4.9744e-13
-4.87379e-13
-4.78848e-13
-4.73873e-13
-4.70907e-13
-4.64641e-13
-4.5417e-13
-4.42925e-13
-4.34604e-13
-4.24825e-13
-4.15747e-13
-4.08879e-13
-4.02787e-13
-3.96167e-13
-3.88961e-13
-3.83573e-13
-3.78479e-13
-3.69963e-13
-3.59922e-13
-3.50769e-13
-3.45293e-13
-3.3949e-13
-3.33639e-13
-3.2766e-13
-3.20321e-13
-3.11904e-13
-3.06608e-13
-3.01324e-13
-2.95417e-13
-2.86266e-13
-2.74176e-13
-2.65931e-13
-2.57469e-13
-2.48858e-13
-2.39327e-13
-2.3326e-13
-2.25788e-13
-2.23222e-13
-2.18065e-13
-2.11594e-13
-2.02229e-13
-1.91761e-13
-1.81254e-13
-1.70604e-13
-1.66641e-13
-1.62172e-13
-1.53032e-13
-1.44108e-13
-1.36914e-13
-1.29407e-13
-1.19622e-13
-1.08593e-13
-9.76272e-14
-8.61551e-14
-8.11712e-14
-7.66258e-14
-6.94584e-14
-6.38352e-14
-5.76983e-14
-4.74546e-14
-3.94045e-14
-3.26472e-14
-2.46292e-14
-1.671e-14
-1.00861e-14
-5.94133e-15
-2.66129e-15
-1.81897e-15
-6.79873e-13
-6.75767e-13
-6.73977e-13
-6.71913e-13
-6.7022e-13
-6.6771e-13
-6.6441e-13
-6.67018e-13
-6.67299e-13
-6.6425e-13
-6.592e-13
-6.54842e-13
-6.539e-13
-6.46387e-13
-6.37754e-13
-6.30016e-13
-6.23367e-13
-6.19159e-13
-6.13007e-13
-6.04186e-13
-5.94952e-13
-5.85042e-13
-5.74906e-13
-5.68653e-13
-5.6483e-13
-5.58535e-13
-5.51642e-13
-5.43501e-13
-5.35583e-13
-5.30731e-13
-5.22215e-13
-5.15251e-13
-5.04182e-13
-4.92807e-13
-4.77887e-13
-4.71423e-13
-4.67847e-13
-4.62173e-13
-4.52821e-13
-4.42711e-13
-4.36064e-13
-4.25312e-13
-4.17871e-13
-4.07882e-13
-4.0329e-13
-3.9688e-13
-3.92123e-13
-3.84602e-13
-3.75471e-13
-3.64661e-13
-3.58969e-13
-3.55592e-13
-3.48147e-13
-3.36793e-13
-3.3023e-13
-3.24014e-13
-3.16903e-13
-3.1475e-13
-3.07642e-13
-3.04277e-13
-3.02227e-13
-2.84523e-13
-2.72916e-13
-2.67392e-13
-2.60178e-13
-2.50445e-13
-2.4128e-13
-2.34623e-13
-2.24103e-13
-2.1908e-13
-2.15142e-13
-2.13616e-13
-2.05823e-13
-1.93742e-13
-1.79327e-13
-1.67699e-13
-1.65906e-13
-1.61045e-13
-1.52597e-13
-1.46295e-13
-1.38514e-13
-1.29712e-13
-1.18153e-13
-1.0764e-13
-9.87048e-14
-8.76356e-14
-8.04011e-14
-7.62565e-14
-7.00121e-14
-6.00725e-14
-5.32714e-14
-4.72043e-14
-3.95931e-14
-3.25426e-14
-2.71585e-14
-2.11429e-14
-1.03226e-14
-3.73337e-15
1.04842e-15
-5.28097e-16
-6.75451e-13
-6.77229e-13
-6.77059e-13
-6.71731e-13
-6.68055e-13
-6.68527e-13
-6.67475e-13
-6.64086e-13
-6.65685e-13
-6.63342e-13
-6.60835e-13
-6.57909e-13
-6.52524e-13
-6.45254e-13
-6.38528e-13
-6.32817e-13
-6.29307e-13
-6.24296e-13
-6.14936e-13
-6.02727e-13
-5.88717e-13
-5.77198e-13
-5.72376e-13
-5.70929e-13
-5.66306e-13
-5.58095e-13
-5.49213e-13
-5.43663e-13
-5.35475e-13
-5.31641e-13
-5.25249e-13
-5.13221e-13
-5.00757e-13
-4.91608e-13
-4.8292e-13
-4.7617e-13
-4.69469e-13
-4.61115e-13
-4.53041e-13
-4.44374e-13
-4.34053e-13
-4.24612e-13
-4.1489e-13
-4.09546e-13
-4.07246e-13
-3.9862e-13
-3.90192e-13
-3.80017e-13
-3.76756e-13
-3.69891e-13
-3.59148e-13
-3.54365e-13
-3.47359e-13
-3.39128e-13
-3.33057e-13
-3.21955e-13
-3.12373e-13
-3.13473e-13
-3.14097e-13
-3.05588e-13
-2.96202e-13
-2.86385e-13
-2.75981e-13
-2.68897e-13
-2.58958e-13
-2.48112e-13
-2.3936e-13
-2.33043e-13
-2.28248e-13
-2.22123e-13
-2.15608e-13
-2.08646e-13
-2.01472e-13
-1.89985e-13
-1.80433e-13
-1.71071e-13
-1.63985e-13
-1.61555e-13
-1.57622e-13
-1.46782e-13
-1.36146e-13
-1.25285e-13
-1.16362e-13
-1.04345e-13
-9.60932e-14
-8.98863e-14
-8.01589e-14
-7.51513e-14
-6.79548e-14
-5.98959e-14
-5.60513e-14
-4.88584e-14
-4.12317e-14
-3.41809e-14
-2.68303e-14
-1.94753e-14
-1.27788e-14
-3.99563e-15
-1.09186e-16
-3.19298e-16
-6.80103e-13
-6.73501e-13
-6.70924e-13
-6.66638e-13
-6.69359e-13
-6.70755e-13
-6.72393e-13
-6.71169e-13
-6.6747e-13
-6.61899e-13
-6.57317e-13
-6.54063e-13
-6.49351e-13
-6.46436e-13
-6.41916e-13
-6.33054e-13
-6.24813e-13
-6.15755e-13
-6.09415e-13
-6.04124e-13
-5.95427e-13
-5.82955e-13
-5.75755e-13
-5.6982e-13
-5.64231e-13
-5.60146e-13
-5.55416e-13
-5.4576e-13
-5.3618e-13
-5.29566e-13
-5.21579e-13
-5.14179e-13
-5.03024e-13
-4.93131e-13
-4.82257e-13
-4.74681e-13
-4.69025e-13
-4.59277e-13
-4.50475e-13
-4.41606e-13
-4.3473e-13
-4.26529e-13
-4.19364e-13
-4.09632e-13
-4.0486e-13
-3.96562e-13
-3.89215e-13
-3.8537e-13
-3.77937e-13
-3.6894e-13
-3.58041e-13
-3.52049e-13
-3.44925e-13
-3.36122e-13
-3.30302e-13
-3.26711e-13
-3.19773e-13
-3.17016e-13
-3.10613e-13
-3.01059e-13
-2.99239e-13
-2.89102e-13
-2.78175e-13
-2.68915e-13
-2.59085e-13
-2.48189e-13
-2.41976e-13
-2.35537e-13
-2.29477e-13
-2.23931e-13
-2.16308e-13
-2.05984e-13
-1.98601e-13
-1.8879e-13
-1.8191e-13
-1.71523e-13
-1.65207e-13
-1.58764e-13
-1.52755e-13
-1.46653e-13
-1.35412e-13
-1.25521e-13
-1.15559e-13
-1.05799e-13
-9.83733e-14
-9.042e-14
-8.17728e-14
-7.28684e-14
-6.64493e-14
-6.09685e-14
-5.38718e-14
-4.73879e-14
-4.11799e-14
-3.61692e-14
-2.83956e-14
-2.06524e-14
-1.32996e-14
-4.89258e-15
5.05355e-16
4.58908e-16
-6.78055e-13
-6.742e-13
-6.73428e-13
-6.69206e-13
-6.68862e-13
-6.69795e-13
-6.67942e-13
-6.64585e-13
-6.65326e-13
-6.66191e-13
-6.61972e-13
-6.55402e-13
-6.48645e-13
-6.48673e-13
-6.39144e-13
-6.32834e-13
-6.249e-13
-6.18724e-13
-6.13372e-13
-6.06702e-13
-5.92524e-13
-5.81045e-13
-5.73582e-13
-5.68759e-13
-5.63577e-13
-5.60062e-13
-5.53701e-13
-5.44499e-13
-5.35349e-13
-5.28943e-13
-5.22934e-13
-5.15125e-13
-5.05049e-13
-4.94407e-13
-4.8387e-13
-4.75581e-13
-4.67874e-13
-4.59095e-13
-4.49698e-13
-4.40854e-13
-4.35425e-13
-4.25913e-13
-4.19132e-13
-4.1025e-13
-4.04281e-13
-3.99631e-13
-3.91269e-13
-3.81967e-13
-3.76338e-13
-3.68298e-13
-3.57997e-13
-3.51943e-13
-3.44405e-13
-3.3945e-13
-3.37264e-13
-3.28199e-13
-3.17959e-13
-3.13664e-13
-3.0932e-13
-3.01683e-13
-2.97727e-13
-2.89272e-13
-2.77196e-13
-2.68037e-13
-2.57944e-13
-2.50111e-13
-2.39432e-13
-2.31785e-13
-2.27139e-13
-2.24733e-13
-2.16946e-13
-2.07733e-13
-1.99971e-13
-1.89301e-13
-1.7968e-13
-1.70614e-13
-1.66198e-13
-1.60996e-13
-1.5268e-13
-1.45338e-13
-1.34774e-13
-1.24743e-13
-1.13339e-13
-1.05919e-13
-9.74431e-14
-8.62229e-14
-7.82643e-14
-7.46193e-14
-7.20066e-14
-6.19253e-14
-5.12042e-14
-4.4391e-14
-4.12275e-14
-3.31813e-14
-2.96252e-14
-2.28221e-14
-1.06704e-14
-2.85185e-15
1.53676e-15
3.80231e-16
-6.72242e-13
-6.74029e-13
-6.72299e-13
-6.72258e-13
-6.73763e-13
-6.71734e-13
-6.67783e-13
-6.68195e-13
-6.67464e-13
-6.63757e-13
-6.57725e-13
-6.51386e-13
-6.46606e-13
-6.44607e-13
-6.43173e-13
-6.35566e-13
-6.26155e-13
-6.20574e-13
-6.10675e-13
-6.02432e-13
-5.93891e-13
-5.84195e-13
-5.74483e-13
-5.66953e-13
-5.60926e-13
-5.57788e-13
-5.52518e-13
-5.46969e-13
-5.40671e-13
-5.34214e-13
-5.21693e-13
-5.08707e-13
-5.00927e-13
-4.9383e-13
-4.88188e-13
-4.79251e-13
-4.71632e-13
-4.62091e-13
-4.51801e-13
-4.4071e-13
-4.31958e-13
-4.24686e-13
-4.16569e-13
-4.11534e-13
-4.05323e-13
-3.98806e-13
-3.92335e-13
-3.83878e-13
-3.7602e-13
-3.6814e-13
-3.59555e-13
-3.48636e-13
-3.44483e-13
-3.39707e-13
-3.36587e-13
-3.27983e-13
-3.18311e-13
-3.13644e-13
-3.08894e-13
-3.02069e-13
-2.94769e-13
-2.88853e-13
-2.79932e-13
-2.71037e-13
-2.61978e-13
-2.49501e-13
-2.39164e-13
-2.32745e-13
-2.26572e-13
-2.22298e-13
-2.1602e-13
-2.08042e-13
-1.98187e-13
-1.8965e-13
-1.80457e-13
-1.71562e-13
-1.62087e-13
-1.56775e-13
-1.55701e-13
-1.4657e-13
-1.3478e-13
-1.25505e-13
-1.10586e-13
-1.05079e-13
-1.00517e-13
-8.94171e-14
-8.16449e-14
-7.4139e-14
-6.80898e-14
-5.98061e-14
-5.17673e-14
-4.63008e-14
-4.1466e-14
-3.42158e-14
-2.82418e-14
-2.10214e-14
-1.40348e-14
-5.73014e-15
9.81815e-17
4.77641e-16
-6.72634e-13
-6.75494e-13
-6.75429e-13
-6.74173e-13
-6.71396e-13
-6.6648e-13
-6.63316e-13
-6.67357e-13
-6.70611e-13
-6.6429e-13
-6.58856e-13
-6.52837e-13
-6.48438e-13
-6.45436e-13
-6.40416e-13
-6.32421e-13
-6.24391e-13
-6.2235e-13
-6.14677e-13
-6.03536e-13
-5.94396e-13
-5.84912e-13
-5.76893e-13
-5.68895e-13
-5.62484e-13
-5.57417e-13
-5.51334e-13
-5.45686e-13
-5.40156e-13
-5.29863e-13
-5.19427e-13
-5.13722e-13
-5.07867e-13
-4.95635e-13
-4.84497e-13
-4.74816e-13
-4.68707e-13
-4.60118e-13
-4.51765e-13
-4.42293e-13
-4.30168e-13
-4.24088e-13
-4.18695e-13
-4.13967e-13
-4.0775e-13
-3.99845e-13
-3.92581e-13
-3.84543e-13
-3.73529e-13
-3.65717e-13
-3.5882e-13
-3.50732e-13
-3.44636e-13
-3.40537e-13
-3.37588e-13
-3.30767e-13
-3.21581e-13
-3.12779e-13
-3.05578e-13
-3.02761e-13
-2.95765e-13
-2.86927e-13
-2.7621e-13
-2.68549e-13
-2.61861e-13
-2.53345e-13
-2.45062e-13
-2.34911e-13
-2.27114e-13
-2.18139e-13
-2.13617e-13
-2.09366e-13
-2.00381e-13
-1.89919e-13
-1.80901e-13
-1.73654e-13
-1.63529e-13
-1.5607e-13
-1.49764e-13
-1.42229e-13
-1.33477e-13
-1.23875e-13
-1.13906e-13
-1.06437e-13
-9.94754e-14
-9.06093e-14
-8.08036e-14
-7.05713e-14
-6.52098e-14
-5.83687e-14
-5.21433e-14
-4.57834e-14
-4.21113e-14
-3.64672e-14
-2.83054e-14
-2.01773e-14
-1.31197e-14
-6.82303e-15
-1.81203e-15
9.2625e-16
-6.7388e-13
-6.72529e-13
-6.71353e-13
-6.73397e-13
-6.75008e-13
-6.71216e-13
-6.69041e-13
-6.67941e-13
-6.65419e-13
-6.62006e-13
-6.58146e-13
-6.5389e-13
-6.48224e-13
-6.41918e-13
-6.39681e-13
-6.39243e-13
-6.32256e-13
-6.21522e-13
-6.11685e-13
-6.03365e-13
-5.92666e-13
-5.81708e-13
-5.74393e-13
-5.6681e-13
-5.62089e-13
-5.56669e-13
-5.52149e-13
-5.47184e-13
-5.39702e-13
-5.29951e-13
-5.20501e-13
-5.16e-13
-5.0414e-13
-4.93969e-13
-4.85793e-13
-4.77486e-13
-4.71313e-13
-4.61356e-13
-4.51462e-13
-4.40138e-13
-4.31784e-13
-4.25692e-13
-4.20042e-13
-4.15242e-13
-4.0653e-13
-3.99112e-13
-3.93494e-13
-3.84695e-13
-3.72784e-13
-3.64342e-13
-3.57123e-13
-3.50418e-13
-3.47357e-13
-3.42095e-13
-3.35538e-13
-3.2819e-13
-3.2144e-13
-3.13227e-13
-3.05845e-13
-3.00825e-13
-2.96381e-13
-2.86845e-13
-2.76922e-13
-2.68529e-13
-2.61052e-13
-2.51934e-13
-2.41068e-13
-2.33402e-13
-2.28391e-13
-2.22302e-13
-2.18022e-13
-2.10141e-13
-2.00519e-13
-1.89773e-13
-1.79285e-13
-1.69529e-13
-1.61958e-13
-1.57038e-13
-1.49743e-13
-1.42839e-13
-1.33658e-13
-1.23913e-13
-1.14202e-13
-1.07863e-13
-1.0155e-13
-9.23018e-14
-8.24416e-14
-7.2704e-14
-6.58871e-14
-5.72208e-14
-4.88798e-14
-4.29702e-14
-3.86295e-14
-3.57626e-14
-3.07286e-14
-2.36352e-14
-1.30919e-14
-2.9705e-15
1.81404e-15
1.14427e-15
-6.72676e-13
-6.75109e-13
-6.78773e-13
-6.7321e-13
-6.70742e-13
-6.67398e-13
-6.64289e-13
-6.65921e-13
-6.66604e-13
-6.67819e-13
-6.62875e-13
-6.54568e-13
-6.46954e-13
-6.40299e-13
-6.3523e-13
-6.33845e-13
-6.34702e-13
-6.25836e-13
-6.13991e-13
-6.04249e-13
-5.9212e-13
-5.80797e-13
-5.7344e-13
-5.66014e-13
-5.60864e-13
-5.58303e-13
-5.54481e-13
-5.48125e-13
-5.4072e-13
-5.31447e-13
-5.24371e-13
-5.17311e-13
-5.0576e-13
-4.91839e-13
-4.80931e-13
-4.73634e-13
-4.68048e-13
-4.59912e-13
-4.51575e-13
-4.41273e-13
-4.33093e-13
-4.27481e-13
-4.21347e-13
-4.14766e-13
-4.07352e-13
-3.99049e-13
-3.90757e-13
-3.82736e-13
-3.75555e-13
-3.65805e-13
-3.58333e-13
-3.52178e-13
-3.43538e-13
-3.37315e-13
-3.33655e-13
-3.30262e-13
-3.22484e-13
-3.15054e-13
-3.06193e-13
-2.99362e-13
-2.97074e-13
-2.88334e-13
-2.7822e-13
-2.7047e-13
-2.6191e-13
-2.50421e-13
-2.40897e-13
-2.36062e-13
-2.28101e-13
-2.21492e-13
-2.16457e-13
-2.08606e-13
-2.02629e-13
-1.92021e-13
-1.76768e-13
-1.64689e-13
-1.61127e-13
-1.5849e-13
-1.52489e-13
-1.42122e-13
-1.32558e-13
-1.25902e-13
-1.16293e-13
-1.09091e-13
-1.02282e-13
-8.89536e-14
-7.7876e-14
-7.31273e-14
-6.61396e-14
-5.84488e-14
-4.8999e-14
-4.14027e-14
-3.58174e-14
-3.23385e-14
-3.05664e-14
-2.63871e-14
-1.50956e-14
-2.69613e-15
3.42879e-15
1.1551e-15
-6.72922e-13
-6.7285e-13
-6.75166e-13
-6.74929e-13
-6.73457e-13
-6.6916e-13
-6.67965e-13
-6.67022e-13
-6.66665e-13
-6.60111e-13
-6.54925e-13
-6.51133e-13
-6.50004e-13
-6.45958e-13
-6.43e-13
-6.39671e-13
-6.32476e-13
-6.21881e-13
-6.14064e-13
-6.03037e-13
-5.91324e-13
-5.79117e-13
-5.72626e-13
-5.68268e-13
-5.61769e-13
-5.55135e-13
-5.53552e-13
-5.45906e-13
-5.35118e-13
-5.28852e-13
-5.26055e-13
-5.18563e-13
-5.10245e-13
-4.9772e-13
-4.81872e-13
-4.70789e-13
-4.65616e-13
-4.59543e-13
-4.5161e-13
-4.42276e-13
-4.34452e-13
-4.26721e-13
-4.21283e-13
-4.1656e-13
-4.09907e-13
-4.03413e-13
-3.91609e-13
-3.80187e-13
-3.72035e-13
-3.62764e-13
-3.56532e-13
-3.5321e-13
-3.46344e-13
-3.39193e-13
-3.33905e-13
-3.28684e-13
-3.1932e-13
-3.1282e-13
-3.05789e-13
-2.99944e-13
-2.9687e-13
-2.87505e-13
-2.77428e-13
-2.70247e-13
-2.60773e-13
-2.49581e-13
-2.41669e-13
-2.33769e-13
-2.26406e-13
-2.25649e-13
-2.21982e-13
-2.11636e-13
-2.02323e-13
-1.8993e-13
-1.75785e-13
-1.63969e-13
-1.58911e-13
-1.58899e-13
-1.51433e-13
-1.42345e-13
-1.34122e-13
-1.2571e-13
-1.155e-13
-1.07286e-13
-1.0129e-13
-9.03545e-14
-7.74227e-14
-7.2252e-14
-6.70462e-14
-5.95539e-14
-5.03465e-14
-4.05368e-14
-3.58094e-14
-3.44041e-14
-3.33525e-14
-2.65495e-14
-1.27511e-14
-3.88329e-15
1.53834e-15
1.26851e-15
-6.75323e-13
-6.75173e-13
-6.76542e-13
-6.72175e-13
-6.69588e-13
-6.70236e-13
-6.69817e-13
-6.67702e-13
-6.64753e-13
-6.60139e-13
-6.54242e-13
-6.51669e-13
-6.48907e-13
-6.46323e-13
-6.43577e-13
-6.37541e-13
-6.31528e-13
-6.22823e-13
-6.12975e-13
-6.03762e-13
-5.88337e-13
-5.79462e-13
-5.75917e-13
-5.68869e-13
-5.63249e-13
-5.57171e-13
-5.52446e-13
-5.48869e-13
-5.42247e-13
-5.33647e-13
-5.25284e-13
-5.15865e-13
-5.05537e-13
-4.91684e-13
-4.78598e-13
-4.69972e-13
-4.66637e-13
-4.607e-13
-4.54133e-13
-4.4428e-13
-4.34436e-13
-4.29904e-13
-4.22316e-13
-4.14022e-13
-4.08247e-13
-4.00592e-13
-3.91069e-13
-3.79308e-13
-3.71941e-13
-3.65451e-13
-3.58241e-13
-3.53311e-13
-3.48196e-13
-3.38199e-13
-3.3237e-13
-3.27897e-13
-3.19317e-13
-3.12433e-13
-3.05872e-13
-3.00422e-13
-2.94994e-13
-2.8779e-13
-2.78845e-13
-2.72246e-13
-2.61978e-13
-2.50686e-13
-2.43181e-13
-2.37619e-13
-2.28898e-13
-2.1895e-13
-2.14659e-13
-2.08661e-13
-2.01058e-13
-1.89157e-13
-1.76385e-13
-1.65705e-13
-1.61894e-13
-1.57995e-13
-1.50917e-13
-1.43658e-13
-1.34451e-13
-1.24171e-13
-1.14817e-13
-1.07498e-13
-1.01804e-13
-9.06476e-14
-7.82317e-14
-7.28764e-14
-6.45744e-14
-5.58298e-14
-4.98773e-14
-4.33123e-14
-3.78273e-14
-3.46819e-14
-3.18813e-14
-2.41632e-14
-1.53301e-14
-6.22844e-15
-5.66623e-17
5.11405e-16
-6.69345e-13
-6.77733e-13
-6.77578e-13
-6.75908e-13
-6.73337e-13
-6.71237e-13
-6.71218e-13
-6.68324e-13
-6.65022e-13
-6.59415e-13
-6.50693e-13
-6.45746e-13
-6.44837e-13
-6.43778e-13
-6.42511e-13
-6.3788e-13
-6.3342e-13
-6.24639e-13
-6.12639e-13
-6.03522e-13
-5.93776e-13
-5.83861e-13
-5.7592e-13
-5.67839e-13
-5.62216e-13
-5.55868e-13
-5.51757e-13
-5.46867e-13
-5.41411e-13
-5.31693e-13
-5.21749e-13
-5.12744e-13
-5.0361e-13
-4.94027e-13
-4.84938e-13
-4.75182e-13
-4.67231e-13
-4.60416e-13
-4.53194e-13
-4.43285e-13
-4.35124e-13
-4.30952e-13
-4.22979e-13
-4.1496e-13
-4.08863e-13
-4.00104e-13
-3.89563e-13
-3.81095e-13
-3.73603e-13
-3.66216e-13
-3.57504e-13
-3.50983e-13
-3.47165e-13
-3.39575e-13
-3.34289e-13
-3.26276e-13
-3.17092e-13
-3.13689e-13
-3.06985e-13
-3.00303e-13
-2.93902e-13
-2.85117e-13
-2.75067e-13
-2.67452e-13
-2.60695e-13
-2.55018e-13
-2.48056e-13
-2.40028e-13
-2.31503e-13
-2.22922e-13
-2.13515e-13
-2.05128e-13
-1.95061e-13
-1.85612e-13
-1.76535e-13
-1.69512e-13
-1.64619e-13
-1.56559e-13
-1.48408e-13
-1.41185e-13
-1.34752e-13
-1.24797e-13
-1.14932e-13
-1.06986e-13
-9.90381e-14
-8.88137e-14
-8.06827e-14
-7.05864e-14
-6.32969e-14
-5.84948e-14
-5.13428e-14
-4.44109e-14
-4.02687e-14
-3.57017e-14
-3.13142e-14
-2.62413e-14
-1.97411e-14
-9.8389e-15
-3.68145e-15
-6.9985e-16
-6.73922e-13
-6.74268e-13
-6.74345e-13
-6.74487e-13
-6.73013e-13
-6.73987e-13
-6.73018e-13
-6.69604e-13
-6.60992e-13
-6.56736e-13
-6.50269e-13
-6.4688e-13
-6.44469e-13
-6.45459e-13
-6.44943e-13
-6.39458e-13
-6.32985e-13
-6.18725e-13
-6.10749e-13
-6.0117e-13
-5.90065e-13
-5.85486e-13
-5.80793e-13
-5.73567e-13
-5.65885e-13
-5.57999e-13
-5.52644e-13
-5.45824e-13
-5.41132e-13
-5.32029e-13
-5.21666e-13
-5.10002e-13
-5.02003e-13
-4.94241e-13
-4.83251e-13
-4.74781e-13
-4.66609e-13
-4.60187e-13
-4.52564e-13
-4.44143e-13
-4.36957e-13
-4.30644e-13
-4.21899e-13
-4.1511e-13
-4.07347e-13
-4.00515e-13
-3.90854e-13
-3.82513e-13
-3.73694e-13
-3.6603e-13
-3.57707e-13
-3.50322e-13
-3.46726e-13
-3.40563e-13
-3.35256e-13
-3.26602e-13
-3.18293e-13
-3.13173e-13
-3.05355e-13
-2.9736e-13
-2.9279e-13
-2.86099e-13
-2.78171e-13
-2.71992e-13
-2.61143e-13
-2.54098e-13
-2.46842e-13
-2.4066e-13
-2.32452e-13
-2.22276e-13
-2.10799e-13
-2.01202e-13
-1.93665e-13
-1.87698e-13
-1.79679e-13
-1.71275e-13
-1.63493e-13
-1.52754e-13
-1.48009e-13
-1.41829e-13
-1.3588e-13
-1.27796e-13
-1.15586e-13
-1.05587e-13
-9.70344e-14
-8.80756e-14
-7.87561e-14
-7.21921e-14
-6.48115e-14
-5.85184e-14
-5.14835e-14
-4.49486e-14
-3.93494e-14
-3.70255e-14
-3.25177e-14
-2.7463e-14
-1.95589e-14
-9.62178e-15
-4.9025e-15
-2.97061e-16
-6.76265e-13
-6.74864e-13
-6.72175e-13
-6.74145e-13
-6.74015e-13
-6.72846e-13
-6.74396e-13
-6.72864e-13
-6.63863e-13
-6.57087e-13
-6.48066e-13
-6.43764e-13
-6.43688e-13
-6.43729e-13
-6.41603e-13
-6.36791e-13
-6.30517e-13
-6.21816e-13
-6.12612e-13
-6.05244e-13
-5.93215e-13
-5.85388e-13
-5.80832e-13
-5.72291e-13
-5.63864e-13
-5.57699e-13
-5.53423e-13
-5.46893e-13
-5.38643e-13
-5.30508e-13
-5.19652e-13
-5.08975e-13
-5.02875e-13
-4.94632e-13
-4.87111e-13
-4.7414e-13
-4.65509e-13
-4.60518e-13
-4.54203e-13
-4.45503e-13
-4.38007e-13
-4.28656e-13
-4.20912e-13
-4.14011e-13
-4.07799e-13
-3.99682e-13
-3.92267e-13
-3.82609e-13
-3.75729e-13
-3.66116e-13
-3.59031e-13
-3.52582e-13
-3.45935e-13
-3.38716e-13
-3.32756e-13
-3.25231e-13
-3.18365e-13
-3.1123e-13
-3.02843e-13
-2.98062e-13
-2.94617e-13
-2.89357e-13
-2.77345e-13
-2.68952e-13
-2.60621e-13
-2.55291e-13
-2.47145e-13
-2.38289e-13
-2.30665e-13
-2.23452e-13
-2.14699e-13
-2.04308e-13
-1.92804e-13
-1.83187e-13
-1.76463e-13
-1.69922e-13
-1.65012e-13
-1.57213e-13
-1.48146e-13
-1.39049e-13
-1.30859e-13
-1.25767e-13
-1.18048e-13
-1.08009e-13
-9.87645e-14
-8.72432e-14
-7.6884e-14
-7.07711e-14
-6.37777e-14
-5.93303e-14
-5.2822e-14
-4.70012e-14
-4.23579e-14
-3.80962e-14
-3.27626e-14
-2.486e-14
-1.65959e-14
-9.59497e-15
-5.48424e-15
-2.82094e-16
-6.75674e-13
-6.73739e-13
-6.7352e-13
-6.7137e-13
-6.74776e-13
-6.77169e-13
-6.72268e-13
-6.6793e-13
-6.62752e-13
-6.55795e-13
-6.49983e-13
-6.4661e-13
-6.45639e-13
-6.44042e-13
-6.40443e-13
-6.37112e-13
-6.32127e-13
-6.23364e-13
-6.12514e-13
-6.04604e-13
-5.93282e-13
-5.84447e-13
-5.79643e-13
-5.70918e-13
-5.64949e-13
-5.61093e-13
-5.54194e-13
-5.44611e-13
-5.38068e-13
-5.31829e-13
-5.22185e-13
-5.11853e-13
-5.01416e-13
-4.90224e-13
-4.82906e-13
-4.74243e-13
-4.66597e-13
-4.61473e-13
-4.53986e-13
-4.45303e-13
-4.37089e-13
-4.29242e-13
-4.20128e-13
-4.15092e-13
-4.10044e-13
-4.00764e-13
-3.90533e-13
-3.81857e-13
-3.74438e-13
-3.6665e-13
-3.58887e-13
-3.51407e-13
-3.45218e-13
-3.38462e-13
-3.31082e-13
-3.2447e-13
-3.18981e-13
-3.13005e-13
-3.07128e-13
-3.00792e-13
-2.9219e-13
-2.8293e-13
-2.7402e-13
-2.68757e-13
-2.63787e-13
-2.58164e-13
-2.49954e-13
-2.40641e-13
-2.31684e-13
-2.22289e-13
-2.10776e-13
-2.00501e-13
-1.90831e-13
-1.84396e-13
-1.79232e-13
-1.73021e-13
-1.64517e-13
-1.55201e-13
-1.47636e-13
-1.39188e-13
-1.32476e-13
-1.25167e-13
-1.13415e-13
-1.04235e-13
-9.78494e-14
-8.97153e-14
-7.80792e-14
-6.98602e-14
-6.45256e-14
-6.03434e-14
-5.3016e-14
-4.71703e-14
-4.20221e-14
-3.85125e-14
-3.27644e-14
-2.54484e-14
-1.87732e-14
-1.07843e-14
-6.08069e-15
-1.76828e-15
-6.74767e-13
-6.71423e-13
-6.75009e-13
-6.76491e-13
-6.75583e-13
-6.74561e-13
-6.74702e-13
-6.6894e-13
-6.63425e-13
-6.57947e-13
-6.51199e-13
-6.46395e-13
-6.4185e-13
-6.399e-13
-6.37532e-13
-6.35544e-13
-6.30855e-13
-6.23077e-13
-6.13375e-13
-6.03764e-13
-5.94165e-13
-5.88924e-13
-5.82067e-13
-5.74371e-13
-5.65903e-13
-5.59526e-13
-5.54421e-13
-5.43408e-13
-5.36768e-13
-5.30662e-13
-5.19897e-13
-5.11148e-13
-5.0089e-13
-4.9063e-13
-4.81911e-13
-4.74944e-13
-4.65771e-13
-4.60191e-13
-4.54718e-13
-4.47786e-13
-4.37153e-13
-4.28441e-13
-4.20066e-13
-4.13872e-13
-4.08715e-13
-4.01017e-13
-3.92589e-13
-3.83053e-13
-3.73548e-13
-3.65477e-13
-3.58505e-13
-3.52501e-13
-3.451e-13
-3.37726e-13
-3.30434e-13
-3.23694e-13
-3.18374e-13
-3.12188e-13
-3.06796e-13
-3.00706e-13
-2.91313e-13
-2.84104e-13
-2.76422e-13
-2.69238e-13
-2.63345e-13
-2.56375e-13
-2.47549e-13
-2.4057e-13
-2.31892e-13
-2.20878e-13
-2.11913e-13
-2.02176e-13
-1.92959e-13
-1.8607e-13
-1.78414e-13
-1.70614e-13
-1.62522e-13
-1.5297e-13
-1.46438e-13
-1.39513e-13
-1.33048e-13
-1.2614e-13
-1.15594e-13
-1.05959e-13
-9.59409e-14
-8.72535e-14
-7.80675e-14
-6.91694e-14
-6.42415e-14
-6.09071e-14
-5.51937e-14
-4.8869e-14
-4.12675e-14
-3.87004e-14
-3.2518e-14
-2.55531e-14
-1.79934e-14
-1.08683e-14
-6.70475e-15
-2.34076e-15
-6.74239e-13
-6.7093e-13
-6.73183e-13
-6.78759e-13
-6.78046e-13
-6.75964e-13
-6.736e-13
-6.69338e-13
-6.64849e-13
-6.58506e-13
-6.49946e-13
-6.44642e-13
-6.42354e-13
-6.4214e-13
-6.42021e-13
-6.36801e-13
-6.29735e-13
-6.20565e-13
-6.10139e-13
-6.01809e-13
-5.95021e-13
-5.88898e-13
-5.80941e-13
-5.73424e-13
-5.66601e-13
-5.61774e-13
-5.54349e-13
-5.46287e-13
-5.36425e-13
-5.27463e-13
-5.1951e-13
-5.07806e-13
-4.95538e-13
-4.89167e-13
-4.84232e-13
-4.76404e-13
-4.67818e-13
-4.60522e-13
-4.52357e-13
-4.43618e-13
-4.37251e-13
-4.28716e-13
-4.20648e-13
-4.15982e-13
-4.1063e-13
-4.00907e-13
-3.92226e-13
-3.82548e-13
-3.73144e-13
-3.64902e-13
-3.56144e-13
-3.50658e-13
-3.47381e-13
-3.3889e-13
-3.30928e-13
-3.23578e-13
-3.17041e-13
-3.12207e-13
-3.06658e-13
-2.98964e-13
-2.90962e-13
-2.84387e-13
-2.80661e-13
-2.72935e-13
-2.63615e-13
-2.53271e-13
-2.42653e-13
-2.35477e-13
-2.28801e-13
-2.22539e-13
-2.15351e-13
-2.06463e-13
-1.96374e-13
-1.85484e-13
-1.7625e-13
-1.69727e-13
-1.62931e-13
-1.55333e-13
-1.46778e-13
-1.36975e-13
-1.29291e-13
-1.24165e-13
-1.17615e-13
-1.07264e-13
-9.48729e-14
-8.47064e-14
-7.71131e-14
-6.9166e-14
-6.41654e-14
-6.27636e-14
-5.85232e-14
-5.0714e-14
-4.2645e-14
-3.79483e-14
-3.06404e-14
-2.48163e-14
-1.58719e-14
-8.84996e-15
-3.62456e-15
-1.17269e-15
-6.7431e-13
-6.73514e-13
-6.75905e-13
-6.77021e-13
-6.78495e-13
-6.78888e-13
-6.75403e-13
-6.68889e-13
-6.61647e-13
-6.5624e-13
-6.49539e-13
-6.47632e-13
-6.45065e-13
-6.41973e-13
-6.37975e-13
-6.33959e-13
-6.23561e-13
-6.20593e-13
-6.14896e-13
-6.0731e-13
-5.97914e-13
-5.88709e-13
-5.82574e-13
-5.76037e-13
-5.69632e-13
-5.61799e-13
-5.51725e-13
-5.43879e-13
-5.35016e-13
-5.26261e-13
-5.21466e-13
-5.09756e-13
-4.96482e-13
-4.8857e-13
-4.79668e-13
-4.7335e-13
-4.67288e-13
-4.62413e-13
-4.54548e-13
-4.4601e-13
-4.38208e-13
-4.26007e-13
-4.19157e-13
-4.14507e-13
-4.10067e-13
-4.01263e-13
-3.93709e-13
-3.82856e-13
-3.74338e-13
-3.65625e-13
-3.57856e-13
-3.50283e-13
-3.46317e-13
-3.38949e-13
-3.30969e-13
-3.21371e-13
-3.14356e-13
-3.11287e-13
-3.06761e-13
-3.02865e-13
-2.93294e-13
-2.84117e-13
-2.76491e-13
-2.69725e-13
-2.62116e-13
-2.55075e-13
-2.47772e-13
-2.37235e-13
-2.28144e-13
-2.198e-13
-2.12525e-13
-2.03733e-13
-1.93952e-13
-1.84501e-13
-1.7602e-13
-1.70821e-13
-1.64573e-13
-1.55732e-13
-1.46631e-13
-1.37775e-13
-1.30987e-13
-1.24312e-13
-1.14126e-13
-1.03807e-13
-9.54088e-14
-8.82219e-14
-8.03055e-14
-7.21007e-14
-6.60539e-14
-6.12145e-14
-5.52749e-14
-5.03483e-14
-4.42013e-14
-3.6573e-14
-2.98038e-14
-2.27267e-14
-1.62834e-14
-1.00847e-14
-5.48253e-15
-1.90204e-15
-6.74931e-13
-6.73479e-13
-6.7354e-13
-6.79036e-13
-6.79444e-13
-6.78642e-13
-6.74708e-13
-6.68857e-13
-6.62966e-13
-6.56643e-13
-6.49701e-13
-6.45074e-13
-6.43955e-13
-6.43468e-13
-6.40186e-13
-6.3474e-13
-6.28525e-13
-6.2159e-13
-6.13468e-13
-6.0476e-13
-5.96018e-13
-5.88429e-13
-5.8146e-13
-5.74765e-13
-5.68292e-13
-5.61699e-13
-5.53363e-13
-5.46351e-13
-5.37992e-13
-5.25519e-13
-5.17741e-13
-5.07322e-13
-4.96693e-13
-4.8926e-13
-4.81843e-13
-4.7463e-13
-4.68384e-13
-4.59899e-13
-4.52055e-13
-4.43245e-13
-4.38358e-13
-4.27916e-13
-4.21142e-13
-4.16068e-13
-4.08923e-13
-4.00019e-13
-3.91373e-13
-3.83579e-13
-3.73718e-13
-3.64024e-13
-3.57465e-13
-3.51607e-13
-3.47136e-13
-3.37833e-13
-3.32117e-13
-3.26191e-13
-3.17645e-13
-3.09839e-13
-3.05096e-13
-2.99889e-13
-2.93917e-13
-2.86968e-13
-2.77773e-13
-2.69465e-13
-2.60332e-13
-2.5263e-13
-2.45164e-13
-2.36293e-13
-2.28753e-13
-2.213e-13
-2.14373e-13
-2.0527e-13
-1.95357e-13
-1.85816e-13
-1.77061e-13
-1.69981e-13
-1.64975e-13
-1.55182e-13
-1.45363e-13
-1.36178e-13
-1.29228e-13
-1.24201e-13
-1.17814e-13
-1.05402e-13
-9.60141e-14
-8.54001e-14
-7.66247e-14
-7.02561e-14
-6.59976e-14
-6.26629e-14
-5.78408e-14
-5.0789e-14
-4.47882e-14
-3.73984e-14
-2.99131e-14
-2.23325e-14
-1.48889e-14
-9.12765e-15
-5.22271e-15
-3.05476e-15
-6.73055e-13
-6.72945e-13
-6.75671e-13
-6.79223e-13
-6.80461e-13
-6.78007e-13
-6.76977e-13
-6.7066e-13
-6.63399e-13
-6.57682e-13
-6.49381e-13
-6.42668e-13
-6.43794e-13
-6.41226e-13
-6.3882e-13
-6.33382e-13
-6.24457e-13
-6.20976e-13
-6.16369e-13
-6.09889e-13
-5.98173e-13
-5.89224e-13
-5.84086e-13
-5.77712e-13
-5.66639e-13
-5.58925e-13
-5.5148e-13
-5.44905e-13
-5.36886e-13
-5.29842e-13
-5.21002e-13
-5.07245e-13
-4.96693e-13
-4.87032e-13
-4.7953e-13
-4.73299e-13
-4.6656e-13
-4.61147e-13
-4.54832e-13
-4.45735e-13
-4.37897e-13
-4.27946e-13
-4.21152e-13
-4.13978e-13
-4.07916e-13
-4.00724e-13
-3.93503e-13
-3.83767e-13
-3.73749e-13
-3.66223e-13
-3.59178e-13
-3.50779e-13
-3.45802e-13
-3.37567e-13
-3.2991e-13
-3.23735e-13
-3.17006e-13
-3.11516e-13
-3.06165e-13
-3.00544e-13
-2.93336e-13
-2.85811e-13
-2.76469e-13
-2.69369e-13
-2.6169e-13
-2.5414e-13
-2.47163e-13
-2.3725e-13
-2.28255e-13
-2.20898e-13
-2.12392e-13
-2.01761e-13
-1.93264e-13
-1.85444e-13
-1.78888e-13
-1.71629e-13
-1.64885e-13
-1.56113e-13
-1.45119e-13
-1.35045e-13
-1.29494e-13
-1.24955e-13
-1.18332e-13
-1.05778e-13
-9.49569e-14
-8.51931e-14
-7.89211e-14
-7.12994e-14
-6.69412e-14
-6.19093e-14
-5.73408e-14
-5.28999e-14
-4.53963e-14
-3.77696e-14
-2.93843e-14
-2.05656e-14
-1.38573e-14
-8.06531e-15
-3.75846e-15
-4.81229e-15
)
;

boundaryField
{
    inlet
    {
        type            calculated;
        value           nonuniform List<scalar> 
40
(
-6.84521e-13
-6.81924e-13
-6.81149e-13
-6.81831e-13
-6.81973e-13
-6.79296e-13
-6.83032e-13
-6.81502e-13
-6.83103e-13
-6.82376e-13
-6.80849e-13
-6.82494e-13
-6.8077e-13
-6.77683e-13
-6.76525e-13
-6.75259e-13
-6.79893e-13
-6.79128e-13
-6.75099e-13
-6.79986e-13
-6.81838e-13
-6.79873e-13
-6.75451e-13
-6.80103e-13
-6.78055e-13
-6.72242e-13
-6.72634e-13
-6.7388e-13
-6.72676e-13
-6.72922e-13
-6.75323e-13
-6.69345e-13
-6.73922e-13
-6.76265e-13
-6.75674e-13
-6.74767e-13
-6.74239e-13
-6.7431e-13
-6.74931e-13
-6.73055e-13
)
;
    }
    outlet
    {
        type            calculated;
        value           uniform 0;
    }
    down
    {
        type            empty;
    }
    up
    {
        type            empty;
    }
    sides
    {
        type            calculated;
        value           nonuniform List<scalar> 
200
(
-6.84521e-13
-6.80059e-13
-6.80616e-13
-6.825e-13
-6.81515e-13
-6.81757e-13
-6.79868e-13
-6.75719e-13
-6.68002e-13
-6.63085e-13
-6.63105e-13
-6.58385e-13
-6.51498e-13
-6.41503e-13
-6.28903e-13
-6.23792e-13
-6.20582e-13
-6.18002e-13
-6.10973e-13
-6.01067e-13
-5.91527e-13
-5.84489e-13
-5.78914e-13
-5.69591e-13
-5.59261e-13
-5.48797e-13
-5.44221e-13
-5.39516e-13
-5.3301e-13
-5.21948e-13
-5.09013e-13
-5.00801e-13
-4.96375e-13
-4.91667e-13
-4.84954e-13
-4.79015e-13
-4.68629e-13
-4.53857e-13
-4.38057e-13
-4.32444e-13
-4.29563e-13
-4.25416e-13
-4.22859e-13
-4.16411e-13
-4.07685e-13
-3.9868e-13
-3.89201e-13
-3.8e-13
-3.71587e-13
-3.63809e-13
-3.55488e-13
-3.48318e-13
-3.41253e-13
-3.33297e-13
-3.25839e-13
-3.14531e-13
-3.06742e-13
-3.04621e-13
-3.01657e-13
-2.9799e-13
-2.89849e-13
-2.82692e-13
-2.73804e-13
-2.63748e-13
-2.56574e-13
-2.49329e-13
-2.44215e-13
-2.35992e-13
-2.26531e-13
-2.19923e-13
-2.12649e-13
-2.04347e-13
-1.91615e-13
-1.84465e-13
-1.82285e-13
-1.77778e-13
-1.71016e-13
-1.64178e-13
-1.54617e-13
-1.41649e-13
-1.30116e-13
-1.23949e-13
-1.15745e-13
-1.10048e-13
-1.03556e-13
-9.7064e-14
-8.92449e-14
-8.18156e-14
-7.79805e-14
-7.32083e-14
-6.74148e-14
-6.03758e-14
-5.4261e-14
-4.96066e-14
-4.04679e-14
-3.15956e-14
-2.45368e-14
-1.64667e-14
-8.78979e-15
-2.03242e-15
-6.73055e-13
-6.72945e-13
-6.75671e-13
-6.79223e-13
-6.80461e-13
-6.78007e-13
-6.76977e-13
-6.7066e-13
-6.63399e-13
-6.57682e-13
-6.49381e-13
-6.42668e-13
-6.43794e-13
-6.41226e-13
-6.3882e-13
-6.33382e-13
-6.24457e-13
-6.20976e-13
-6.16369e-13
-6.09889e-13
-5.98173e-13
-5.89224e-13
-5.84086e-13
-5.77712e-13
-5.66639e-13
-5.58925e-13
-5.5148e-13
-5.44905e-13
-5.36886e-13
-5.29842e-13
-5.21002e-13
-5.07245e-13
-4.96693e-13
-4.87032e-13
-4.7953e-13
-4.73299e-13
-4.6656e-13
-4.61147e-13
-4.54832e-13
-4.45735e-13
-4.37897e-13
-4.27946e-13
-4.21152e-13
-4.13978e-13
-4.07916e-13
-4.00724e-13
-3.93503e-13
-3.83767e-13
-3.73749e-13
-3.66223e-13
-3.59178e-13
-3.50779e-13
-3.45802e-13
-3.37567e-13
-3.2991e-13
-3.23735e-13
-3.17006e-13
-3.11516e-13
-3.06165e-13
-3.00544e-13
-2.93336e-13
-2.85811e-13
-2.76469e-13
-2.69369e-13
-2.6169e-13
-2.5414e-13
-2.47163e-13
-2.3725e-13
-2.28255e-13
-2.20898e-13
-2.12392e-13
-2.01761e-13
-1.93264e-13
-1.85444e-13
-1.78888e-13
-1.71629e-13
-1.64885e-13
-1.56113e-13
-1.45119e-13
-1.35045e-13
-1.29494e-13
-1.24955e-13
-1.18332e-13
-1.05778e-13
-9.49569e-14
-8.51931e-14
-7.89211e-14
-7.12994e-14
-6.69412e-14
-6.19093e-14
-5.73408e-14
-5.28999e-14
-4.53963e-14
-3.77696e-14
-2.93843e-14
-2.05656e-14
-1.38573e-14
-8.06531e-15
-3.75846e-15
-4.81229e-15
)
;
    }
}

