/*--------------------------------*- C++ -*----------------------------------*\
| =========                 |                                                 |
| \\      /  F ield         | OpenFOAM: The Open Source CFD Toolbox           |
|  \\    /   O peration     | Version:  v2012                                 |
|   \\  /    A nd           | Website:  www.openfoam.com                      |
|    \\/     M anipulation  |                                                 |
\*---------------------------------------------------------------------------*/
FoamFile
{
    version     2.0;
    format      ascii;
    class       volScalarField;
    location    "0";
    object      p;
}
// * * * * * * * * * * * * * * * * * * * * * * * * * * * * * * * * * * * * * //

dimensions      [0 2 -2 0 0 0 0];


internalField   nonuniform List<scalar> 
4000
(
3.6484e-14
3.27425e-14
3.54964e-14
3.43967e-14
3.08031e-14
3.65793e-14
2.3209e-14
1.94133e-14
2.46663e-14
2.47209e-14
2.5315e-14
1.69588e-14
1.99384e-14
1.35748e-14
2.89583e-15
-6.105e-15
-3.81907e-15
1.12181e-14
-3.02967e-15
-7.996e-15
-1.25749e-14
-9.50136e-15
-1.32994e-14
-1.95942e-14
-2.63169e-14
-3.42373e-14
-3.94298e-14
-4.68532e-14
-4.70068e-14
-5.45971e-14
-5.92973e-14
-5.73091e-14
-5.1958e-14
-4.94736e-14
-4.99663e-14
-4.8252e-14
-5.43872e-14
-6.23133e-14
-7.09647e-14
-6.45565e-14
-6.21861e-14
-5.9624e-14
-5.29752e-14
-5.45469e-14
-4.45974e-14
-4.07934e-14
-4.37926e-14
-4.62595e-14
-4.01161e-14
-4.69856e-14
-4.19113e-14
-3.238e-14
-2.84632e-14
-1.89587e-14
-2.18874e-14
-2.73176e-14
-3.13186e-14
-2.74619e-14
-1.842e-14
-7.788e-15
-9.75276e-15
-8.8275e-15
-1.38257e-14
-1.5039e-14
-1.64237e-14
-1.89714e-14
-1.26162e-14
-1.60986e-14
-1.57523e-14
-1.41063e-14
-1.49935e-14
-4.80763e-15
-6.13215e-15
-8.39353e-15
-1.14302e-15
8.07287e-15
9.36364e-15
1.06914e-14
1.21272e-15
-4.07629e-15
-2.26171e-15
-1.06347e-15
-1.7794e-15
2.12686e-15
-6.50114e-15
-6.4846e-15
-1.34016e-14
-1.31196e-14
-2.04781e-14
-2.01271e-14
-1.00137e-14
-1.5957e-14
-1.46022e-14
-6.63061e-15
-2.30986e-15
-8.69984e-15
-9.99865e-15
-8.04197e-15
-3.73643e-15
-4.52444e-16
3.4646e-14
2.90311e-14
3.44466e-14
3.4467e-14
3.86586e-14
3.12673e-14
2.36105e-14
2.48723e-14
2.07113e-14
2.0771e-14
1.91956e-14
1.92176e-14
2.11576e-14
1.36593e-14
3.22147e-15
3.37234e-15
1.54443e-15
4.74827e-15
-1.14878e-15
-4.21012e-15
-8.661e-15
-1.97149e-14
-1.75664e-14
-2.00526e-14
-2.60817e-14
-3.25319e-14
-3.93138e-14
-4.63505e-14
-4.73655e-14
-5.46286e-14
-5.35038e-14
-5.46027e-14
-5.50604e-14
-5.60123e-14
-5.23732e-14
-5.17204e-14
-5.6811e-14
-5.94508e-14
-6.70247e-14
-6.53665e-14
-6.21866e-14
-5.685e-14
-5.42146e-14
-4.92609e-14
-4.38512e-14
-4.38602e-14
-4.47078e-14
-4.92666e-14
-4.45218e-14
-4.50591e-14
-4.08727e-14
-3.5413e-14
-2.48826e-14
-1.83256e-14
-1.4098e-14
-2.41559e-14
-3.72944e-14
-3.25858e-14
-1.93022e-14
-7.5538e-15
-7.7245e-15
-9.5646e-15
-1.6894e-14
-8.28576e-15
-1.33303e-14
-1.46829e-14
-1.69018e-14
-1.93243e-14
-1.7224e-14
-1.33707e-14
-1.10744e-14
-6.6457e-15
-2.27577e-15
-4.30023e-15
-3.66649e-15
2.19358e-15
7.36765e-15
9.2961e-15
2.14884e-15
-7.51773e-16
3.32243e-15
-3.73e-15
4.11808e-16
1.72082e-15
-3.72484e-15
-6.7996e-15
-1.59827e-14
-1.70321e-14
-1.95703e-14
-1.93264e-14
-1.1707e-14
-1.28611e-14
-1.17379e-14
-6.54238e-15
-7.05997e-15
-8.43657e-15
-7.95259e-15
-8.70869e-15
-2.84276e-15
8.42382e-16
3.19875e-14
3.16169e-14
3.20481e-14
3.77098e-14
3.74296e-14
2.76943e-14
2.48845e-14
2.03417e-14
2.00331e-14
2.39582e-14
1.71753e-14
1.80588e-14
1.78029e-14
1.73075e-14
1.01595e-14
1.01421e-14
1.57405e-15
1.39909e-15
-1.89674e-15
-5.03215e-15
-9.11538e-15
-2.00717e-14
-1.60179e-14
-2.147e-14
-2.55458e-14
-2.7827e-14
-3.64969e-14
-4.77853e-14
-5.22531e-14
-5.60423e-14
-5.449e-14
-5.3253e-14
-5.36449e-14
-5.10824e-14
-5.2295e-14
-5.28393e-14
-5.85877e-14
-5.89797e-14
-6.3673e-14
-6.7207e-14
-6.62894e-14
-5.33884e-14
-5.03427e-14
-4.67861e-14
-4.41528e-14
-4.38785e-14
-4.99777e-14
-5.20433e-14
-4.27267e-14
-3.96486e-14
-3.73387e-14
-3.6019e-14
-3.12397e-14
-2.50335e-14
-1.75308e-14
-2.43265e-14
-3.14589e-14
-2.40882e-14
-1.39328e-14
-3.04099e-15
-8.01687e-15
-1.11399e-14
-1.49748e-14
-1.3047e-14
-1.13887e-14
-1.08082e-14
-1.57042e-14
-1.95176e-14
-1.65413e-14
-1.94849e-14
-1.56697e-14
-8.30096e-15
-4.76849e-15
-9.12156e-15
-3.06684e-15
-7.40582e-16
3.41705e-15
1.0012e-14
6.87382e-15
4.98942e-15
2.94943e-15
-1.94393e-15
-3.23803e-15
-2.51583e-15
-4.32548e-15
-1.22731e-14
-1.05872e-14
-1.26771e-14
-1.77553e-14
-2.08701e-14
-1.94485e-14
-1.31975e-14
-1.10631e-14
-7.99396e-15
-8.29322e-15
-1.10817e-14
-8.1702e-15
-6.45819e-15
1.27178e-15
1.18077e-15
3.34018e-14
3.24428e-14
3.43605e-14
3.12488e-14
3.06934e-14
3.20162e-14
2.64226e-14
2.86483e-14
2.02238e-14
1.83292e-14
1.87753e-14
2.03625e-14
1.64801e-14
1.45185e-14
1.43014e-14
1.23779e-14
9.3832e-16
-1.48362e-15
-2.15418e-15
-9.74006e-15
-1.04023e-14
-1.11834e-14
-1.31718e-14
-2.64958e-14
-2.76557e-14
-3.38808e-14
-4.05759e-14
-4.86458e-14
-5.18048e-14
-4.81191e-14
-5.43703e-14
-5.12514e-14
-5.14612e-14
-5.26294e-14
-5.39109e-14
-5.45125e-14
-5.69635e-14
-6.20297e-14
-6.40473e-14
-6.61825e-14
-6.41166e-14
-5.20305e-14
-4.60617e-14
-4.97725e-14
-4.62482e-14
-4.75652e-14
-4.59042e-14
-5.15775e-14
-4.80505e-14
-4.61715e-14
-4.02566e-14
-3.63153e-14
-3.02709e-14
-2.44765e-14
-2.04393e-14
-1.80575e-14
-2.99269e-14
-2.67417e-14
-1.40746e-14
-8.38215e-15
-1.06887e-14
-9.04837e-15
-9.82553e-15
-7.51376e-15
-1.27255e-14
-9.25759e-15
-1.562e-14
-2.27484e-14
-1.92052e-14
-1.61285e-14
-1.06721e-14
-8.30413e-15
-3.72148e-15
-5.97209e-15
-4.61117e-15
-2.06058e-15
-4.84107e-16
6.49952e-15
7.21799e-15
2.20017e-15
2.89065e-15
-1.57086e-15
-5.62948e-16
-5.21331e-15
-6.67749e-15
-1.35882e-14
-1.28974e-14
-1.52672e-14
-2.03865e-14
-1.61873e-14
-1.30746e-14
-1.3821e-14
-7.58156e-15
-9.92117e-15
-1.00203e-14
-8.97445e-15
-1.03669e-14
-6.27948e-15
-3.26117e-15
-1.12278e-15
3.14657e-14
3.47143e-14
3.33482e-14
3.41607e-14
2.90406e-14
3.07823e-14
2.84796e-14
2.88115e-14
2.12322e-14
1.60756e-14
1.11249e-14
1.90314e-14
2.13429e-14
1.88287e-14
1.67074e-14
1.18344e-14
3.3515e-15
2.09942e-15
-6.07207e-15
-1.38873e-14
-1.06229e-14
-1.64057e-14
-1.91397e-14
-2.37528e-14
-2.32359e-14
-2.93893e-14
-4.1883e-14
-4.81024e-14
-4.97533e-14
-4.68677e-14
-5.37695e-14
-4.84665e-14
-5.15802e-14
-5.32871e-14
-4.79958e-14
-5.05134e-14
-5.72218e-14
-6.11221e-14
-6.67952e-14
-6.2159e-14
-6.05633e-14
-5.48175e-14
-4.53432e-14
-4.42693e-14
-5.08231e-14
-5.33636e-14
-4.92695e-14
-4.58917e-14
-4.2209e-14
-4.35424e-14
-3.57233e-14
-3.83559e-14
-3.2917e-14
-2.56253e-14
-2.74746e-14
-2.30969e-14
-2.48193e-14
-2.17169e-14
-1.38416e-14
-7.32854e-15
-5.96548e-15
-9.80224e-15
-1.2675e-14
-1.08094e-14
-1.02341e-14
-5.95658e-15
-1.56576e-14
-1.82611e-14
-1.82177e-14
-2.16282e-14
-1.52498e-14
-8.98888e-15
-5.6836e-15
-5.4842e-15
-7.51769e-15
-2.93109e-15
-2.43112e-15
5.12353e-16
7.14055e-15
1.36389e-15
-4.05462e-15
1.63516e-15
-3.63352e-15
-1.00374e-14
-7.9142e-15
-1.53138e-14
-1.09194e-14
-1.10672e-14
-1.44188e-14
-1.38976e-14
-1.58227e-14
-1.22178e-14
-1.11035e-14
-6.29303e-15
-9.31358e-15
-7.8406e-15
-7.61086e-15
-3.19616e-15
-1.23879e-15
-3.4788e-15
3.1636e-14
3.69129e-14
3.14088e-14
2.89316e-14
3.11425e-14
3.06012e-14
2.86736e-14
3.24537e-14
2.22914e-14
1.52519e-14
1.46073e-14
2.07107e-14
2.20428e-14
1.81412e-14
9.71255e-15
1.39754e-14
5.25382e-15
4.86608e-15
1.4177e-15
-8.97102e-15
-1.82535e-14
-1.86513e-14
-2.73866e-14
-2.7734e-14
-2.42693e-14
-3.02742e-14
-4.06394e-14
-4.06303e-14
-4.65045e-14
-4.17874e-14
-4.88489e-14
-5.59935e-14
-5.17401e-14
-4.40769e-14
-4.5912e-14
-5.4357e-14
-5.82338e-14
-6.08244e-14
-6.39947e-14
-5.85205e-14
-5.58495e-14
-5.32432e-14
-4.81465e-14
-4.91375e-14
-5.03406e-14
-5.32933e-14
-4.72584e-14
-4.62712e-14
-4.5014e-14
-4.61401e-14
-3.75091e-14
-3.94584e-14
-3.44238e-14
-2.9677e-14
-2.7316e-14
-2.1157e-14
-2.11676e-14
-2.44291e-14
-1.53328e-14
-5.28569e-15
-5.22646e-15
-1.21165e-14
-1.43776e-14
-1.00348e-14
-1.33028e-14
-1.06992e-14
-1.57503e-14
-1.82297e-14
-1.93197e-14
-1.6445e-14
-1.49834e-14
-9.61002e-15
-6.01525e-15
-5.30947e-15
-1.00686e-14
-4.98844e-15
-4.51258e-15
-7.92367e-15
7.84676e-15
3.56162e-15
3.01731e-16
-1.36403e-15
-1.14109e-14
-9.67708e-15
-9.85494e-15
-1.24434e-14
-6.85336e-15
-1.09693e-14
-1.53428e-14
-1.10812e-14
-8.9625e-15
-8.38139e-15
-1.15906e-14
-1.04046e-14
-1.02443e-14
-8.5431e-15
-7.61858e-15
-4.20162e-15
-9.80151e-16
-3.07473e-15
3.66818e-14
3.39518e-14
3.27827e-14
3.18073e-14
2.7565e-14
3.26327e-14
3.12557e-14
2.95274e-14
2.08073e-14
1.73632e-14
1.6937e-14
1.82449e-14
2.20056e-14
1.88049e-14
1.3801e-14
1.5101e-14
8.72813e-15
4.73067e-15
-3.87838e-15
-2.03305e-14
-2.2673e-14
-2.16356e-14
-1.46039e-14
-1.95506e-14
-2.61005e-14
-3.2067e-14
-4.11034e-14
-4.58813e-14
-4.98461e-14
-3.71971e-14
-4.68968e-14
-5.5018e-14
-5.1384e-14
-5.5052e-14
-4.79419e-14
-5.40318e-14
-5.04477e-14
-5.4746e-14
-6.31161e-14
-6.57371e-14
-5.30569e-14
-5.4282e-14
-5.10849e-14
-4.70587e-14
-4.80612e-14
-4.45133e-14
-5.39664e-14
-5.05939e-14
-4.8657e-14
-4.38719e-14
-3.2794e-14
-2.65494e-14
-3.15853e-14
-3.3437e-14
-3.13732e-14
-2.23295e-14
-2.54465e-14
-2.91977e-14
-2.02855e-14
-5.96723e-15
-5.79874e-15
-8.45057e-15
-7.99584e-15
-1.59685e-14
-1.83838e-14
-1.52183e-14
-1.81201e-14
-2.11667e-14
-2.13998e-14
-1.11751e-14
-5.75629e-15
-7.11382e-15
-8.01112e-15
-4.66568e-15
-5.89334e-15
-8.79354e-15
-4.32775e-15
-1.07251e-14
-2.65468e-15
-4.90994e-15
-9.35035e-16
-1.34702e-15
-5.78033e-15
-8.12562e-15
-1.32325e-14
-1.35016e-14
-1.20543e-14
-1.06343e-14
-5.49027e-15
-8.30583e-15
-8.76163e-15
-9.28477e-15
-6.90854e-15
-1.40411e-14
-1.17054e-14
-9.28803e-15
-8.40348e-15
-9.03394e-15
-1.56444e-15
-3.26395e-15
3.93396e-14
3.19982e-14
3.25299e-14
3.56125e-14
3.61762e-14
3.60108e-14
3.39782e-14
2.97251e-14
1.84816e-14
1.67049e-14
1.84522e-14
1.69352e-14
1.99619e-14
1.00171e-14
8.43326e-15
1.74289e-14
7.96366e-15
6.22155e-15
-6.88607e-15
-9.13873e-15
-1.14002e-14
-2.01699e-14
-2.59659e-14
-2.55143e-14
-2.87835e-14
-3.6479e-14
-4.77418e-14
-4.30454e-14
-4.69056e-14
-4.5444e-14
-4.79341e-14
-4.67747e-14
-4.45066e-14
-4.64418e-14
-5.03524e-14
-5.07574e-14
-5.50686e-14
-5.81009e-14
-5.66275e-14
-5.65863e-14
-5.6857e-14
-5.74434e-14
-5.8164e-14
-4.32381e-14
-3.77782e-14
-4.79356e-14
-5.67839e-14
-5.66044e-14
-4.87461e-14
-4.73439e-14
-3.08567e-14
-2.47459e-14
-3.10242e-14
-3.57299e-14
-3.19715e-14
-2.54348e-14
-2.39711e-14
-2.50215e-14
-2.04275e-14
-1.25189e-14
-8.06638e-15
-1.24087e-14
-1.0311e-14
-1.57995e-14
-1.72833e-14
-1.49329e-14
-1.62312e-14
-1.54036e-14
-1.52634e-14
-1.55487e-14
-8.32597e-15
-5.69007e-15
-9.54785e-15
-1.21125e-14
-1.17815e-14
-9.19713e-15
-6.68032e-15
-7.98194e-15
2.14154e-15
-1.43823e-15
-1.55263e-15
-2.4481e-15
-1.16296e-14
-1.16971e-14
-1.83189e-14
-1.45313e-14
-9.67202e-15
-5.50523e-15
-8.55324e-15
-1.19696e-14
-9.31077e-15
-7.32659e-15
-8.28737e-15
-8.32111e-15
-1.17036e-14
-1.10265e-14
-6.57847e-15
-6.36844e-15
-4.35873e-15
-4.03645e-15
4.2115e-14
3.67712e-14
3.58066e-14
3.23829e-14
3.85801e-14
3.68792e-14
4.02944e-14
2.93926e-14
1.94985e-14
2.10955e-14
1.83693e-14
1.28482e-14
1.33314e-14
1.18143e-14
1.65052e-14
2.1582e-14
1.34351e-14
2.75794e-15
-7.51802e-15
-1.18084e-14
-1.22664e-14
-2.02746e-14
-2.52802e-14
-2.45202e-14
-3.16189e-14
-3.51177e-14
-4.60303e-14
-4.10118e-14
-4.25356e-14
-4.62221e-14
-5.11448e-14
-4.89018e-14
-4.93342e-14
-4.954e-14
-5.02203e-14
-5.03062e-14
-5.54581e-14
-4.98899e-14
-5.28069e-14
-5.9659e-14
-5.96091e-14
-5.89086e-14
-5.82403e-14
-4.60414e-14
-4.3892e-14
-4.29735e-14
-4.69488e-14
-4.78787e-14
-4.58963e-14
-4.74356e-14
-3.7896e-14
-2.83623e-14
-3.36545e-14
-3.30632e-14
-2.81303e-14
-2.82946e-14
-2.37133e-14
-2.24886e-14
-2.3968e-14
-1.43411e-14
-8.37395e-15
-1.21951e-14
-1.05084e-14
-1.64694e-14
-2.25603e-14
-1.87571e-14
-1.6531e-14
-1.43202e-14
-1.63514e-14
-1.80607e-14
-9.92276e-15
-7.17098e-15
-4.78404e-15
-4.75366e-15
-7.26268e-15
-1.13683e-14
-7.96847e-15
-7.42907e-15
-2.84905e-15
-3.41602e-15
-9.74023e-16
-4.61414e-15
-1.26184e-14
-1.49705e-14
-1.80075e-14
-1.46519e-14
-1.08279e-14
-7.29634e-15
-1.0868e-15
-1.03567e-14
-7.25259e-15
-9.31881e-15
-8.16877e-15
-7.69652e-15
-1.19901e-14
-9.22572e-15
-8.6627e-15
-7.64203e-15
-6.22592e-15
-5.12925e-15
4.00512e-14
3.90689e-14
4.79418e-14
3.92029e-14
3.57738e-14
3.97547e-14
4.12321e-14
3.19007e-14
2.0773e-14
1.1496e-14
1.24105e-14
1.05768e-14
1.52814e-14
1.56651e-14
1.50357e-14
1.44089e-14
7.84561e-15
4.60392e-15
1.16568e-14
1.30975e-15
-1.26564e-14
-2.6123e-14
-2.32532e-14
-2.46704e-14
-3.58875e-14
-3.46058e-14
-4.14309e-14
-4.03074e-14
-4.5708e-14
-4.6151e-14
-4.76623e-14
-5.05295e-14
-4.68046e-14
-4.62535e-14
-4.5667e-14
-5.08371e-14
-5.24254e-14
-5.51955e-14
-5.25861e-14
-5.57446e-14
-6.5448e-14
-6.49495e-14
-5.66756e-14
-4.8997e-14
-4.48067e-14
-3.78781e-14
-3.98681e-14
-4.40997e-14
-4.53675e-14
-4.50236e-14
-3.89412e-14
-2.74948e-14
-3.21274e-14
-3.24959e-14
-2.89011e-14
-3.19103e-14
-2.73811e-14
-2.24177e-14
-1.86456e-14
-1.48338e-14
-7.19126e-15
-5.85274e-15
-2.37185e-16
-1.74589e-14
-2.51597e-14
-3.39276e-14
-2.44541e-14
-1.79377e-14
-1.41794e-14
-1.33611e-14
-5.80981e-15
-7.85456e-15
1.13768e-15
-4.96144e-15
-1.23279e-14
-1.30937e-14
-1.07568e-14
-8.71351e-15
-7.68452e-15
-3.7918e-15
-6.92975e-15
-7.57805e-15
-7.00463e-15
-1.43365e-14
-1.50247e-14
-1.58897e-14
-1.14139e-14
-5.65553e-15
-2.21588e-15
-8.36102e-15
-9.32193e-15
-1.40753e-14
-8.41795e-15
-6.13714e-15
-1.16442e-14
-1.01139e-14
-1.02682e-14
-6.17852e-15
-7.14145e-15
-7.30334e-15
3.85212e-14
3.96225e-14
4.13921e-14
4.18712e-14
4.11632e-14
3.54827e-14
3.46301e-14
3.32613e-14
2.78589e-14
1.34219e-14
1.42904e-14
1.60662e-14
1.82836e-14
2.08383e-14
2.01239e-14
1.63864e-14
6.10501e-15
8.43898e-15
4.72339e-15
-2.25016e-15
-1.82707e-14
-2.47444e-14
-2.28884e-14
-2.7378e-14
-3.44539e-14
-3.66835e-14
-3.93449e-14
-3.77599e-14
-4.30459e-14
-4.22291e-14
-4.58846e-14
-4.64161e-14
-5.22391e-14
-4.75319e-14
-4.24812e-14
-4.68086e-14
-5.12195e-14
-5.57329e-14
-5.35633e-14
-5.72331e-14
-6.16554e-14
-6.65008e-14
-5.40303e-14
-4.83488e-14
-4.05261e-14
-3.80732e-14
-3.8319e-14
-4.73387e-14
-4.72496e-14
-4.52854e-14
-3.4215e-14
-2.78151e-14
-3.09672e-14
-3.33599e-14
-2.78799e-14
-2.82107e-14
-2.57707e-14
-1.97204e-14
-1.88828e-14
-1.83102e-14
-1.19393e-14
-1.39297e-14
-1.16019e-14
-9.03209e-15
-1.85861e-14
-2.47846e-14
-2.19369e-14
-2.27822e-14
-1.5577e-14
-9.18552e-15
-9.13476e-15
-7.14524e-15
-2.0244e-15
-3.70672e-16
-1.36013e-14
-2.0076e-14
-1.09532e-14
-7.95633e-15
-7.77325e-15
-4.59735e-15
-5.18013e-15
-4.28417e-15
-7.46795e-15
-1.58249e-14
-2.16479e-14
-1.86541e-14
-8.11218e-15
-2.71836e-15
-7.92139e-15
-7.46157e-15
-6.55024e-15
-1.09223e-14
-9.5315e-15
-2.1498e-16
-8.63235e-15
-9.78951e-15
-9.81619e-15
-1.56422e-14
-1.17358e-14
-5.8547e-15
4.41357e-14
4.29344e-14
4.22593e-14
4.08183e-14
3.90756e-14
3.90097e-14
4.06271e-14
3.6002e-14
3.1776e-14
1.57989e-14
8.15119e-15
1.37223e-14
1.02371e-14
1.1207e-14
1.19696e-14
1.77742e-14
1.40783e-14
1.43342e-14
4.87116e-15
-3.64321e-15
-1.75318e-14
-2.31946e-14
-2.34236e-14
-2.04401e-14
-3.42461e-14
-4.5392e-14
-4.29379e-14
-3.91981e-14
-3.69575e-14
-4.09405e-14
-3.9696e-14
-4.2952e-14
-5.2193e-14
-4.6331e-14
-4.58976e-14
-4.85385e-14
-5.23205e-14
-5.80365e-14
-5.57426e-14
-5.51633e-14
-5.97689e-14
-6.05829e-14
-5.51632e-14
-4.58251e-14
-4.41285e-14
-3.77222e-14
-3.91057e-14
-4.65533e-14
-4.72363e-14
-3.98961e-14
-3.81951e-14
-2.838e-14
-2.76111e-14
-2.98066e-14
-3.01955e-14
-2.97496e-14
-2.55578e-14
-2.19117e-14
-1.87864e-14
-1.69298e-14
-8.52604e-15
-2.30824e-15
-2.30489e-15
-1.23776e-14
-2.82714e-14
-3.30492e-14
-2.3391e-14
-2.12182e-14
-1.83783e-14
-1.14259e-14
-6.2338e-15
-4.56734e-15
-1.29517e-15
-1.16794e-15
-1.11148e-14
-2.57506e-14
-1.57774e-14
-6.7447e-15
-1.20051e-14
-9.74523e-15
-8.37433e-15
-7.92402e-15
-9.64409e-15
-1.46831e-14
-1.60151e-14
-1.48668e-14
-9.56047e-15
-3.26941e-15
-3.154e-15
-4.6084e-15
-6.40324e-15
-9.42295e-15
-5.60397e-15
-3.68301e-15
-9.82414e-15
-6.37797e-15
-1.3147e-14
-1.52202e-14
-8.17782e-15
-3.67279e-15
4.65315e-14
4.51607e-14
3.80792e-14
4.11347e-14
4.048e-14
4.07154e-14
3.97799e-14
2.65733e-14
1.92729e-14
1.2779e-14
1.58283e-14
2.00211e-14
2.4746e-14
2.11358e-14
1.56158e-14
1.90145e-14
1.32055e-14
1.21312e-14
2.13469e-15
-5.63652e-15
-2.13744e-14
-2.54346e-14
-2.58245e-14
-2.93858e-14
-3.86291e-14
-3.74667e-14
-3.29773e-14
-3.77348e-14
-4.22871e-14
-3.79192e-14
-4.24267e-14
-4.18312e-14
-4.15494e-14
-4.01602e-14
-3.55373e-14
-4.70757e-14
-5.50817e-14
-5.80852e-14
-5.39862e-14
-5.79825e-14
-6.26197e-14
-5.33886e-14
-5.22145e-14
-4.80329e-14
-5.22684e-14
-4.22466e-14
-3.90702e-14
-4.26713e-14
-4.18486e-14
-3.94768e-14
-4.01999e-14
-2.65308e-14
-2.80675e-14
-3.09385e-14
-2.61019e-14
-1.95509e-14
-2.42582e-14
-2.70637e-14
-2.64495e-14
-2.60289e-14
-1.46912e-14
-7.95601e-15
-2.69487e-16
-4.85421e-15
-1.83521e-14
-2.65541e-14
-2.8451e-14
-2.39666e-14
-2.19829e-14
-1.40171e-14
-6.48829e-15
-8.16576e-15
-7.12924e-15
-5.01796e-15
-8.55827e-15
-1.65778e-14
-2.04849e-14
-1.2277e-14
-1.05465e-14
-1.02859e-14
-1.03734e-14
-3.51044e-15
-9.6026e-15
-1.52966e-14
-1.42641e-14
-1.23294e-14
-7.67358e-15
-3.71695e-15
-6.36763e-15
-5.64385e-15
-6.86604e-15
-6.90555e-15
-6.61636e-15
-3.78444e-15
-9.62563e-15
-9.36183e-15
-1.16929e-14
-1.09876e-14
-5.43313e-15
-6.88439e-15
4.19291e-14
5.07429e-14
4.57317e-14
3.8462e-14
3.86973e-14
4.05197e-14
3.92621e-14
3.44572e-14
2.54765e-14
1.62747e-14
4.35568e-15
8.0771e-15
1.73255e-14
2.46965e-14
2.19893e-14
1.91827e-14
1.75505e-14
1.38399e-14
-8.68764e-16
-9.08681e-15
-2.14308e-14
-2.02434e-14
-2.5939e-14
-2.60545e-14
-4.06276e-14
-4.09697e-14
-3.71242e-14
-2.55959e-14
-3.46284e-14
-3.93878e-14
-4.35842e-14
-4.0389e-14
-4.42047e-14
-4.65853e-14
-4.59116e-14
-5.13998e-14
-5.21883e-14
-5.37775e-14
-5.16249e-14
-4.90938e-14
-6.1526e-14
-5.5117e-14
-5.799e-14
-4.95267e-14
-4.67484e-14
-4.36661e-14
-4.27873e-14
-4.40312e-14
-4.108e-14
-3.89416e-14
-3.52669e-14
-3.49976e-14
-2.69008e-14
-2.52026e-14
-2.91653e-14
-2.62966e-14
-2.58302e-14
-1.66614e-14
-1.65576e-14
-2.22446e-14
-1.52614e-14
-1.17566e-14
-9.37068e-15
-8.81956e-15
-1.85152e-14
-2.25276e-14
-2.42681e-14
-2.87202e-14
-2.12774e-14
-2.00857e-14
-9.12074e-15
-6.4317e-15
-6.54254e-15
-9.29445e-15
-3.9528e-15
-1.12963e-14
-1.84059e-14
-1.72398e-14
-1.56211e-14
-1.20053e-14
-9.60886e-15
-1.06735e-14
-1.31784e-14
-1.49134e-14
-1.62923e-14
-9.31894e-15
-5.37572e-15
-1.62693e-15
-5.87357e-15
-4.71944e-15
-4.319e-15
-4.40321e-15
-5.86959e-15
-4.42996e-15
-6.94429e-15
-1.31964e-14
-1.04247e-14
-8.12469e-15
-6.02976e-15
-6.72065e-15
4.02805e-14
4.72115e-14
4.84682e-14
3.98398e-14
4.32678e-14
4.48301e-14
3.3404e-14
2.27628e-14
2.09991e-14
1.88812e-14
1.20391e-14
1.72537e-14
2.40843e-14
2.77639e-14
2.92592e-14
1.85168e-14
1.12108e-14
1.17941e-14
4.30172e-15
-6.23976e-15
-1.48291e-14
-2.79586e-14
-3.23425e-14
-3.51768e-14
-3.21337e-14
-2.83402e-14
-3.39848e-14
-3.68536e-14
-4.02071e-14
-3.91822e-14
-4.1315e-14
-4.1661e-14
-4.05759e-14
-4.19764e-14
-4.32852e-14
-4.46919e-14
-4.82516e-14
-5.34561e-14
-5.28013e-14
-5.33242e-14
-5.94476e-14
-5.74853e-14
-6.16363e-14
-5.47994e-14
-4.95974e-14
-4.81001e-14
-4.34519e-14
-4.32405e-14
-3.56967e-14
-3.37434e-14
-3.31665e-14
-3.50199e-14
-2.96835e-14
-2.95227e-14
-2.93355e-14
-2.7041e-14
-3.21536e-14
-2.49368e-14
-1.96979e-14
-1.99356e-14
-1.44989e-14
-5.58122e-15
-9.916e-15
-1.38621e-14
-2.33231e-14
-2.36216e-14
-1.97019e-14
-2.52354e-14
-2.13072e-14
-2.79495e-14
-1.37864e-14
-7.0681e-15
-7.69265e-15
-1.25297e-14
-5.56487e-15
-1.06638e-14
-1.72814e-14
-1.71153e-14
-1.35174e-14
-1.19595e-14
-9.52405e-15
-9.92814e-15
-1.38216e-14
-1.6885e-14
-1.62064e-14
-8.04153e-15
-6.85048e-15
-5.91655e-15
-2.68041e-15
-2.7239e-15
-3.75705e-15
-5.45028e-15
-7.36422e-15
-2.79198e-15
-2.09227e-15
-8.85869e-15
-1.03103e-14
-6.36058e-15
-5.79174e-15
-2.59147e-15
3.87372e-14
4.34377e-14
4.39852e-14
5.17938e-14
4.61608e-14
5.23644e-14
4.11006e-14
2.75723e-14
1.67953e-14
1.77882e-14
1.94679e-14
2.16132e-14
2.4027e-14
2.73575e-14
2.66348e-14
1.83087e-14
1.44854e-14
1.695e-14
2.53339e-15
-5.80699e-15
-1.82654e-14
-2.94231e-14
-3.0186e-14
-4.00101e-14
-3.21227e-14
-2.68368e-14
-2.89244e-14
-2.59987e-14
-3.65333e-14
-4.20309e-14
-4.12087e-14
-4.46673e-14
-3.78595e-14
-4.26011e-14
-5.41513e-14
-5.44061e-14
-4.94512e-14
-5.25839e-14
-5.09737e-14
-5.19882e-14
-6.10687e-14
-6.3012e-14
-5.86544e-14
-5.82214e-14
-5.46081e-14
-4.37117e-14
-4.15888e-14
-3.65249e-14
-3.39211e-14
-4.07612e-14
-3.78136e-14
-3.46068e-14
-2.90025e-14
-3.20853e-14
-2.40036e-14
-2.13133e-14
-3.02347e-14
-2.39763e-14
-1.90164e-14
-2.32039e-14
-1.82124e-14
-1.02458e-14
-1.52358e-14
-1.45969e-14
-1.88433e-14
-2.96134e-14
-1.98744e-14
-2.22277e-14
-2.34359e-14
-2.64383e-14
-2.15765e-14
-7.82545e-15
-3.69721e-15
-8.1115e-15
-9.88749e-15
-1.38029e-14
-1.51645e-14
-1.63137e-14
-1.62785e-14
-1.48465e-14
-9.48861e-15
-1.40069e-14
-1.45114e-14
-9.76639e-15
-1.1052e-14
-9.31699e-15
-1.33629e-15
-5.14078e-15
6.09619e-17
-5.00024e-15
-6.79807e-15
-3.98022e-15
-3.54101e-15
-6.23161e-15
-2.43761e-15
-3.64231e-15
-8.32975e-15
-8.15294e-15
-4.83402e-15
-3.3953e-15
4.62542e-14
4.65979e-14
4.33435e-14
4.6116e-14
4.89891e-14
3.7101e-14
3.21776e-14
2.62489e-14
3.29145e-14
3.16613e-14
2.92185e-14
2.34604e-14
2.46981e-14
2.20847e-14
2.33069e-14
2.60812e-14
2.31741e-14
1.56559e-14
-2.06363e-15
-8.13446e-15
-2.27428e-14
-2.76747e-14
-2.58709e-14
-3.22101e-14
-3.24337e-14
-3.57306e-14
-2.83528e-14
-3.23402e-14
-3.96064e-14
-4.09663e-14
-4.19264e-14
-4.86141e-14
-4.64494e-14
-4.38838e-14
-4.67875e-14
-4.7417e-14
-4.85866e-14
-5.49846e-14
-5.64875e-14
-5.66206e-14
-5.70984e-14
-5.99295e-14
-5.74107e-14
-5.88374e-14
-5.16267e-14
-5.18479e-14
-4.85291e-14
-3.97814e-14
-3.50584e-14
-3.52326e-14
-3.67014e-14
-3.3403e-14
-2.36624e-14
-2.75207e-14
-3.20351e-14
-3.47318e-14
-3.21332e-14
-2.57525e-14
-1.53681e-14
-1.11538e-14
-1.04258e-14
-1.503e-14
-2.0603e-14
-1.91839e-14
-1.89225e-14
-2.14626e-14
-2.19547e-14
-2.30389e-14
-2.65886e-14
-1.81258e-14
-2.26674e-14
-1.15142e-14
-5.9602e-15
-7.94048e-15
-1.04425e-14
-1.01251e-14
-1.53881e-14
-2.20261e-14
-1.96121e-14
-4.91899e-15
-7.55265e-15
-1.03317e-14
-1.66298e-14
-1.37323e-14
-9.15151e-15
-4.26904e-15
-7.91038e-16
-6.03888e-15
-6.88132e-15
-4.9912e-15
4.1219e-16
-1.8044e-15
-2.82557e-15
3.34945e-16
-6.26788e-15
-4.25101e-15
-1.04343e-14
-4.67565e-15
-6.31799e-15
-3.21969e-15
4.58415e-14
4.55888e-14
4.57034e-14
4.46431e-14
4.88985e-14
4.93541e-14
3.6707e-14
2.61492e-14
2.77468e-14
2.89924e-14
3.51252e-14
3.74227e-14
2.49983e-14
1.60487e-14
2.22493e-14
2.67127e-14
1.7821e-14
1.20055e-14
3.32393e-15
-6.54447e-15
-1.80086e-14
-2.82076e-14
-3.06426e-14
-2.90652e-14
-2.70814e-14
-3.23758e-14
-3.20438e-14
-2.67505e-14
-3.04561e-14
-3.36777e-14
-4.35323e-14
-4.5339e-14
-5.41154e-14
-5.1736e-14
-4.74383e-14
-4.87089e-14
-4.96337e-14
-5.03606e-14
-5.90849e-14
-5.91939e-14
-5.97625e-14
-6.28061e-14
-5.72218e-14
-6.29782e-14
-5.64221e-14
-5.52133e-14
-4.3335e-14
-3.923e-14
-3.54823e-14
-3.45317e-14
-3.42124e-14
-3.38243e-14
-2.97141e-14
-2.95306e-14
-2.16513e-14
-3.05944e-14
-3.38056e-14
-3.36173e-14
-1.72626e-14
-8.97768e-15
-1.31211e-14
-2.12598e-14
-2.23041e-14
-1.54736e-14
-1.2935e-14
-1.57413e-14
-2.018e-14
-2.19954e-14
-2.73315e-14
-2.58638e-14
-2.31943e-14
-4.65474e-15
-3.50637e-15
-7.59191e-15
-1.19433e-14
-1.46754e-14
-1.65066e-14
-1.98816e-14
-1.40469e-14
-6.86229e-15
-8.99643e-15
-7.28019e-15
-1.42142e-14
-1.81055e-14
-8.20068e-15
-5.0141e-15
-1.83564e-15
8.69093e-16
-3.29768e-15
-7.14457e-15
2.5035e-15
5.72533e-16
-4.51477e-15
-3.9008e-15
-7.74356e-15
-3.73648e-15
-4.34942e-15
-7.21154e-15
-9.04047e-15
-9.73196e-16
4.16946e-14
4.21557e-14
4.87015e-14
5.18781e-14
4.73837e-14
4.43909e-14
3.88175e-14
2.73693e-14
3.01522e-14
3.37353e-14
3.98378e-14
3.47518e-14
2.96834e-14
2.59113e-14
2.48335e-14
2.59579e-14
1.99753e-14
5.70686e-15
-5.73298e-16
-6.41458e-15
-1.0737e-14
-2.47827e-14
-3.21333e-14
-3.25292e-14
-2.98034e-14
-3.13662e-14
-2.82824e-14
-2.87363e-14
-3.33789e-14
-3.62545e-14
-4.43788e-14
-4.85984e-14
-5.36892e-14
-5.06781e-14
-4.611e-14
-4.79597e-14
-5.09745e-14
-5.11958e-14
-5.75673e-14
-6.45492e-14
-6.51995e-14
-6.14932e-14
-6.0588e-14
-5.99125e-14
-6.28104e-14
-5.70547e-14
-4.39864e-14
-3.93592e-14
-3.44322e-14
-3.92999e-14
-3.33585e-14
-3.14189e-14
-3.32535e-14
-3.01035e-14
-2.95337e-14
-3.0961e-14
-2.62097e-14
-2.21982e-14
-1.71777e-14
-1.68748e-14
-1.4788e-14
-1.93696e-14
-2.16247e-14
-1.70195e-14
-1.67092e-14
-1.34778e-14
-1.7198e-14
-2.01637e-14
-2.86362e-14
-2.27211e-14
-2.21081e-14
-4.10186e-15
-2.62207e-15
-4.928e-15
-1.28118e-14
-1.01516e-14
-1.36766e-14
-1.05727e-14
-1.80982e-14
-1.13645e-14
-6.48182e-15
-8.4212e-15
-1.22819e-14
-1.06559e-14
-7.68085e-15
-1.02066e-14
-3.08077e-15
1.32921e-15
-1.21618e-15
-6.32002e-15
-3.99269e-16
-2.09227e-16
-6.73982e-16
-2.16521e-15
-3.72353e-15
-6.56328e-15
-1.24203e-14
-9.13099e-15
-1.14773e-14
7.34017e-16
4.89116e-14
4.70999e-14
4.44821e-14
4.6606e-14
4.45074e-14
4.12927e-14
3.91891e-14
3.0071e-14
3.26416e-14
3.98303e-14
3.96996e-14
3.52763e-14
2.99899e-14
2.72646e-14
2.99138e-14
2.45025e-14
9.02402e-15
6.27342e-15
5.13214e-15
1.52227e-15
-1.11341e-14
-2.34258e-14
-2.88684e-14
-2.68009e-14
-2.76636e-14
-3.20245e-14
-2.98591e-14
-3.11645e-14
-3.38157e-14
-3.7767e-14
-3.5047e-14
-4.94578e-14
-6.0151e-14
-5.63245e-14
-4.9767e-14
-4.57823e-14
-4.88553e-14
-5.87773e-14
-6.69341e-14
-6.1989e-14
-6.54273e-14
-6.31211e-14
-6.39845e-14
-6.05586e-14
-5.58559e-14
-5.22958e-14
-4.98601e-14
-4.583e-14
-3.7367e-14
-4.18986e-14
-3.39647e-14
-3.27452e-14
-3.31413e-14
-2.70732e-14
-2.63279e-14
-3.3361e-14
-2.85358e-14
-2.54173e-14
-1.96578e-14
-2.04271e-14
-1.33633e-14
-1.84282e-14
-2.35692e-14
-1.85161e-14
-1.67379e-14
-1.69589e-14
-1.63167e-14
-2.20849e-14
-2.39809e-14
-2.26782e-14
-1.53876e-14
-8.49299e-16
-1.42743e-15
-8.2949e-15
-1.45334e-14
-1.3678e-14
-1.56171e-14
-1.01691e-14
-1.57076e-14
-6.11497e-15
-5.26197e-15
-5.18277e-15
-1.0943e-14
-7.63187e-15
-8.14926e-15
-7.27515e-15
-5.28294e-15
7.86682e-16
-2.48451e-15
-8.56619e-15
-7.11927e-15
8.39214e-16
7.65549e-15
-1.92937e-15
-5.84242e-15
-4.16339e-15
-9.52417e-15
-1.25509e-14
-1.4438e-14
-5.60877e-15
5.32417e-14
4.59564e-14
4.26057e-14
4.55985e-14
4.51371e-14
4.05202e-14
3.8132e-14
3.52252e-14
3.77062e-14
3.5686e-14
3.61434e-14
3.77663e-14
3.61636e-14
3.12496e-14
3.16941e-14
2.90927e-14
1.59385e-14
3.09976e-15
-3.15042e-16
-3.94854e-15
-1.2335e-14
-2.07221e-14
-2.77897e-14
-3.03166e-14
-2.57843e-14
-2.63387e-14
-2.84362e-14
-3.56628e-14
-3.42974e-14
-3.43856e-14
-3.69645e-14
-4.77083e-14
-5.42104e-14
-5.97949e-14
-5.84385e-14
-5.47371e-14
-4.85376e-14
-5.45279e-14
-6.26356e-14
-6.35115e-14
-6.68111e-14
-6.45539e-14
-6.85629e-14
-6.47909e-14
-5.83527e-14
-5.87041e-14
-4.78398e-14
-4.38173e-14
-4.27302e-14
-4.08592e-14
-3.69399e-14
-3.32084e-14
-3.28043e-14
-2.73096e-14
-2.43224e-14
-2.85686e-14
-2.80401e-14
-3.14458e-14
-2.45916e-14
-1.34408e-14
-1.22952e-14
-1.97965e-14
-2.80299e-14
-2.4872e-14
-1.67422e-14
-1.70596e-14
-2.34092e-14
-2.34029e-14
-1.97988e-14
-1.84669e-14
-1.45547e-14
-1.31194e-15
-5.78807e-15
-7.50765e-15
-1.22869e-14
-1.48144e-14
-7.40392e-15
-2.66701e-15
-1.51574e-14
-1.38037e-14
-7.97801e-15
-7.21844e-15
-9.78948e-15
-7.86774e-15
-1.37258e-14
-9.52929e-15
-1.14374e-15
1.64045e-15
-3.33334e-15
-4.87331e-15
-7.00212e-16
1.77192e-15
4.89498e-16
1.17494e-15
-8.23767e-15
-7.03808e-15
-6.44836e-15
-6.9592e-15
-1.03114e-14
-5.48156e-15
4.99159e-14
4.73472e-14
4.2922e-14
4.3022e-14
4.44354e-14
3.66232e-14
3.87151e-14
3.74808e-14
3.6122e-14
3.84904e-14
3.92244e-14
4.03397e-14
4.03699e-14
3.26696e-14
2.55444e-14
1.46989e-14
6.24015e-15
7.8615e-15
4.93217e-15
1.66315e-15
-1.53839e-14
-2.24749e-14
-2.30735e-14
-2.29909e-14
-2.04049e-14
-2.22065e-14
-2.52931e-14
-3.98665e-14
-3.76483e-14
-4.45089e-14
-4.54308e-14
-4.63621e-14
-4.31125e-14
-5.07284e-14
-5.44948e-14
-5.71608e-14
-5.65645e-14
-6.10488e-14
-6.75683e-14
-6.53216e-14
-6.30859e-14
-6.63583e-14
-6.67426e-14
-6.58911e-14
-5.86895e-14
-5.55117e-14
-5.37699e-14
-4.72374e-14
-5.16534e-14
-4.38719e-14
-4.44911e-14
-3.40195e-14
-2.83111e-14
-3.28151e-14
-2.61917e-14
-2.94251e-14
-2.98177e-14
-1.93669e-14
-2.11304e-14
-1.03547e-14
-1.17355e-14
-2.97649e-14
-3.00647e-14
-2.40487e-14
-1.75355e-14
-1.31402e-14
-2.44611e-14
-2.08433e-14
-1.80503e-14
-2.02074e-14
-1.57885e-14
-1.35051e-15
2.89894e-15
-8.83075e-15
-1.57116e-14
-1.74511e-14
-1.19655e-14
-6.14892e-15
-9.07378e-15
-6.08869e-15
-3.04083e-15
-6.62621e-15
-1.11028e-14
-1.22827e-14
-7.75332e-15
-7.61629e-15
-4.65968e-15
-1.5521e-15
-4.17842e-15
-8.05567e-15
-9.92564e-16
4.16987e-16
-1.27189e-15
5.91547e-15
-6.51088e-15
-2.54654e-15
-7.10327e-15
-7.60157e-15
-1.40781e-14
-4.78861e-15
4.41143e-14
4.82002e-14
4.89512e-14
4.56847e-14
4.22338e-14
3.81251e-14
3.20304e-14
2.93948e-14
3.40848e-14
4.12386e-14
4.14313e-14
3.94725e-14
3.63886e-14
3.12258e-14
2.46291e-14
1.55158e-14
1.33769e-14
6.62489e-15
3.07377e-15
-8.77576e-16
-1.76977e-14
-2.70731e-14
-2.37384e-14
-2.16685e-14
-2.15444e-14
-2.30888e-14
-2.86846e-14
-3.06943e-14
-3.29972e-14
-3.86099e-14
-4.50463e-14
-4.63312e-14
-5.20423e-14
-5.57433e-14
-5.20659e-14
-5.55452e-14
-5.53649e-14
-5.77867e-14
-5.97852e-14
-5.54408e-14
-7.18454e-14
-7.60557e-14
-7.5233e-14
-6.75357e-14
-5.5244e-14
-5.50254e-14
-5.85265e-14
-5.83145e-14
-4.81691e-14
-4.03533e-14
-4.3026e-14
-3.82692e-14
-2.92562e-14
-3.32556e-14
-2.35306e-14
-2.78663e-14
-3.0572e-14
-1.88058e-14
-2.09532e-14
-1.2696e-14
-1.81215e-14
-2.68716e-14
-2.98621e-14
-1.91599e-14
-1.84995e-14
-2.11341e-14
-2.75586e-14
-2.10635e-14
-1.34732e-14
-1.8798e-14
-1.46613e-14
-8.14706e-15
-6.805e-15
-1.31602e-14
-1.69811e-14
-1.03854e-14
-8.98971e-15
-4.68713e-15
1.76903e-17
-9.99767e-15
-1.1425e-14
-1.16196e-14
-1.36185e-14
-8.58272e-15
-4.63724e-15
-8.91396e-15
-7.05324e-15
-6.05089e-15
-3.95103e-15
-6.03666e-15
-3.63523e-15
-1.91819e-15
-2.23572e-15
-4.14527e-17
-2.10658e-15
3.2537e-15
-4.03579e-15
-9.57695e-15
-1.42378e-14
-4.22737e-15
5.15786e-14
4.28156e-14
3.52686e-14
3.39306e-14
3.9949e-14
3.98243e-14
3.76667e-14
3.70942e-14
3.45123e-14
4.26355e-14
3.54426e-14
3.68839e-14
2.9818e-14
2.60428e-14
2.48464e-14
2.12354e-14
8.8492e-15
1.64965e-15
-1.6221e-15
-7.12326e-16
-8.60565e-15
-2.55675e-14
-2.43831e-14
-2.37091e-14
-2.15906e-14
-1.71635e-14
-1.26361e-14
-2.74177e-14
-4.0952e-14
-4.17266e-14
-4.26106e-14
-4.66384e-14
-4.72125e-14
-5.04319e-14
-5.46229e-14
-5.3282e-14
-5.84753e-14
-6.36684e-14
-6.56559e-14
-6.52372e-14
-6.49105e-14
-7.18208e-14
-7.09487e-14
-6.59528e-14
-6.0414e-14
-6.3286e-14
-5.97702e-14
-5.43944e-14
-4.84722e-14
-4.27495e-14
-4.21107e-14
-3.76098e-14
-3.49731e-14
-3.44029e-14
-3.06226e-14
-2.33534e-14
-2.37737e-14
-1.40399e-14
-2.31944e-14
-2.30169e-14
-2.04104e-14
-3.30228e-14
-2.81767e-14
-1.40233e-14
-1.67265e-14
-1.6621e-14
-1.84407e-14
-2.03059e-14
-2.28749e-14
-1.91276e-14
-1.22973e-14
-1.30829e-14
-1.52349e-14
-1.32316e-14
-1.29279e-14
-9.30423e-15
-8.21321e-15
-1.19738e-14
-1.12847e-14
-9.5049e-15
-1.45906e-14
-1.11356e-14
-1.29128e-14
-8.63566e-15
-9.0262e-15
-9.80385e-15
-3.92191e-15
-8.60818e-15
4.88785e-16
-3.74028e-15
-2.8374e-15
-6.69648e-15
-2.77807e-15
-8.67683e-16
-1.82178e-15
2.53596e-15
-1.41555e-15
-1.46896e-14
-1.26109e-14
-6.66863e-15
4.83186e-14
4.85221e-14
3.63612e-14
2.63292e-14
4.29602e-14
3.82119e-14
3.21531e-14
3.11509e-14
3.31364e-14
3.98675e-14
3.86562e-14
3.32413e-14
3.134e-14
2.7713e-14
1.76906e-14
1.3145e-14
6.65231e-15
5.7503e-15
5.03936e-15
1.40771e-15
-1.08065e-14
-2.10817e-14
-2.64527e-14
-2.58112e-14
-2.30248e-14
-1.92993e-14
-2.18241e-14
-2.72705e-14
-3.09391e-14
-3.72977e-14
-4.17426e-14
-4.86748e-14
-4.64522e-14
-4.94737e-14
-5.80048e-14
-5.70756e-14
-5.58262e-14
-6.42301e-14
-6.42224e-14
-6.23971e-14
-6.41753e-14
-7.51023e-14
-7.15667e-14
-6.81949e-14
-6.10895e-14
-5.69448e-14
-5.51621e-14
-5.4286e-14
-5.10985e-14
-4.71082e-14
-4.51722e-14
-3.85132e-14
-3.94591e-14
-3.39737e-14
-2.08535e-14
-2.04585e-14
-2.63568e-14
-2.00328e-14
-2.08795e-14
-2.53261e-14
-2.40785e-14
-2.9611e-14
-2.5288e-14
-2.06414e-14
-2.05907e-14
-2.00486e-14
-2.08562e-14
-1.62688e-14
-2.21988e-14
-1.39828e-14
-9.39473e-15
-1.47291e-14
-1.84313e-14
-1.00002e-14
-1.47518e-14
-1.22659e-14
-8.48324e-15
-1.11992e-14
-1.51195e-14
-1.1895e-14
-1.03239e-14
-1.30089e-14
-1.50215e-14
-1.12513e-14
-1.5591e-14
-1.3878e-14
-1.06419e-14
-4.97505e-15
-1.82691e-15
7.32288e-16
-5.14114e-15
-9.97309e-15
-3.35339e-15
1.09784e-15
3.16252e-15
-1.00482e-15
-6.78515e-15
-1.87867e-14
-1.06159e-14
-5.35418e-15
3.7205e-14
3.36539e-14
3.81163e-14
3.20141e-14
3.72774e-14
3.77772e-14
3.70473e-14
3.50297e-14
3.02658e-14
3.69005e-14
3.59423e-14
2.80425e-14
2.33387e-14
1.46226e-14
1.89106e-14
1.72267e-14
9.75521e-15
6.53374e-15
4.4677e-15
-5.2839e-15
-1.06912e-14
-1.81561e-14
-2.5568e-14
-2.38922e-14
-2.72997e-14
-2.16319e-14
-1.82085e-14
-2.2072e-14
-2.78603e-14
-3.08858e-14
-4.50456e-14
-6.02885e-14
-5.0967e-14
-5.03425e-14
-4.28761e-14
-5.13701e-14
-5.82133e-14
-5.95657e-14
-5.91865e-14
-6.39994e-14
-7.0683e-14
-7.45875e-14
-7.48122e-14
-6.6217e-14
-5.81782e-14
-5.67619e-14
-5.61789e-14
-5.43626e-14
-5.02393e-14
-4.544e-14
-4.57643e-14
-4.09359e-14
-3.62678e-14
-3.0624e-14
-2.54394e-14
-2.22504e-14
-2.84307e-14
-2.80966e-14
-2.0755e-14
-2.31802e-14
-2.37781e-14
-2.66257e-14
-2.4961e-14
-2.36407e-14
-2.31057e-14
-2.05801e-14
-1.78405e-14
-2.02508e-14
-2.11893e-14
-1.54019e-14
-1.52989e-14
-1.4959e-14
-1.59926e-14
-7.51791e-15
-1.81917e-14
-9.86968e-15
-1.42674e-14
-1.73923e-14
-1.39832e-14
-1.64491e-14
-1.58782e-14
-1.41361e-14
-1.80907e-14
-9.40878e-15
-1.22051e-14
-1.87953e-14
-1.00013e-14
-6.02977e-15
-5.85402e-15
-1.08308e-15
2.32518e-15
-5.49614e-15
-7.1074e-15
-5.65995e-16
-3.22682e-17
-4.03449e-15
-5.78605e-15
-1.38169e-14
-1.29434e-14
-3.10169e-15
3.96356e-14
3.47944e-14
3.53027e-14
3.56864e-14
3.54802e-14
2.91732e-14
2.24118e-14
2.9804e-14
3.37276e-14
3.76046e-14
3.55011e-14
3.1622e-14
2.28977e-14
1.42967e-14
1.19595e-14
9.56886e-15
7.24613e-15
1.66497e-14
4.91964e-15
-7.92047e-15
-1.1374e-14
-2.05343e-14
-2.49606e-14
-2.2017e-14
-2.58578e-14
-2.28877e-14
-2.14349e-14
-2.31586e-14
-2.72272e-14
-3.5723e-14
-4.76817e-14
-5.54809e-14
-5.28308e-14
-5.6186e-14
-5.01544e-14
-5.23239e-14
-5.61469e-14
-5.83823e-14
-5.56827e-14
-6.44674e-14
-7.10253e-14
-7.5618e-14
-7.05794e-14
-6.44374e-14
-5.7666e-14
-5.37155e-14
-5.65226e-14
-5.16469e-14
-5.00145e-14
-4.88678e-14
-4.70039e-14
-4.17695e-14
-3.81101e-14
-2.96616e-14
-2.17526e-14
-2.05242e-14
-2.36076e-14
-3.19952e-14
-2.46038e-14
-1.98447e-14
-2.392e-14
-2.80298e-14
-2.7061e-14
-2.60643e-14
-2.10629e-14
-1.83894e-14
-1.95206e-14
-2.30566e-14
-2.01911e-14
-1.90172e-14
-1.4533e-14
-8.94537e-15
-1.12398e-14
-1.03121e-14
-2.04052e-14
-1.16042e-14
-1.96733e-14
-2.3901e-14
-1.66088e-14
-1.64887e-14
-2.07814e-14
-1.91211e-14
-1.37029e-14
-8.97168e-15
-1.54816e-14
-1.87356e-14
-1.2019e-14
-5.93738e-15
-8.13751e-15
-5.23297e-15
-5.57536e-16
-4.80748e-15
-6.91412e-15
-1.84317e-17
1.7932e-15
-5.27866e-15
-9.3153e-15
-1.32089e-14
-1.31799e-14
-2.72613e-15
3.69538e-14
3.16171e-14
2.59942e-14
3.31196e-14
3.36546e-14
3.48378e-14
3.51518e-14
2.95911e-14
2.31502e-14
3.28081e-14
3.23408e-14
2.57065e-14
1.50025e-14
9.44609e-15
1.41028e-14
1.38647e-14
1.22333e-14
1.47996e-15
5.08424e-16
-1.68498e-15
-4.85588e-15
-2.28568e-14
-2.78829e-14
-2.84519e-14
-2.96071e-14
-2.43071e-14
-1.62429e-14
-2.27746e-14
-3.42972e-14
-4.12884e-14
-4.71353e-14
-5.27332e-14
-5.51862e-14
-5.58421e-14
-4.93545e-14
-4.64659e-14
-5.2301e-14
-5.68757e-14
-6.19877e-14
-7.11279e-14
-7.24512e-14
-7.08299e-14
-6.61819e-14
-6.18746e-14
-5.82893e-14
-5.59367e-14
-5.2867e-14
-5.37892e-14
-5.30174e-14
-4.96599e-14
-4.3112e-14
-3.82396e-14
-3.66592e-14
-3.44091e-14
-2.69489e-14
-2.49591e-14
-2.39492e-14
-2.49079e-14
-2.60116e-14
-2.37624e-14
-2.07205e-14
-2.7988e-14
-2.66103e-14
-1.70582e-14
-2.17885e-14
-2.47581e-14
-2.67038e-14
-2.26079e-14
-2.06493e-14
-1.90577e-14
-1.04133e-14
-3.80427e-15
-9.45652e-15
-1.23994e-14
-2.12161e-14
-1.62411e-14
-1.97671e-14
-2.35968e-14
-2.64109e-14
-1.83525e-14
-2.32049e-14
-2.05791e-14
-1.59863e-14
-1.16187e-14
-1.2298e-14
-1.70207e-14
-1.00442e-14
-9.92793e-15
-5.23771e-15
-2.60696e-15
-6.51619e-15
-1.00399e-14
-6.626e-15
-1.82601e-15
7.9471e-16
-6.7481e-15
-1.56902e-14
-1.74203e-14
-1.63212e-14
-3.4889e-15
3.33004e-14
3.38099e-14
3.30566e-14
3.11559e-14
2.81525e-14
2.962e-14
3.2884e-14
2.75541e-14
2.04364e-14
3.13135e-14
2.85245e-14
2.30033e-14
1.68708e-14
8.45301e-15
7.70259e-15
8.39235e-15
4.6577e-15
5.85779e-15
-1.34291e-15
-5.87821e-15
-1.10363e-14
-2.76867e-14
-3.2254e-14
-3.60876e-14
-2.3493e-14
-1.93052e-14
-1.95859e-14
-2.37141e-14
-2.93218e-14
-4.21893e-14
-4.94617e-14
-4.75445e-14
-5.44044e-14
-5.42131e-14
-5.25464e-14
-5.59033e-14
-5.31513e-14
-5.25256e-14
-6.18657e-14
-6.89195e-14
-6.99408e-14
-7.0045e-14
-6.79083e-14
-5.99411e-14
-5.57206e-14
-5.77528e-14
-5.51144e-14
-5.29713e-14
-5.18627e-14
-4.59726e-14
-4.1293e-14
-3.97275e-14
-3.24593e-14
-3.49908e-14
-3.35174e-14
-2.5402e-14
-2.41039e-14
-2.27483e-14
-2.25726e-14
-2.02234e-14
-2.36761e-14
-2.45252e-14
-2.89221e-14
-2.29213e-14
-1.56326e-14
-2.24601e-14
-2.79915e-14
-2.19648e-14
-2.37245e-14
-1.81812e-14
-1.50194e-14
-7.33642e-15
-6.82129e-15
-1.45952e-14
-2.55504e-14
-2.23713e-14
-2.03164e-14
-2.46814e-14
-2.21189e-14
-2.03865e-14
-1.73109e-14
-2.19322e-14
-1.85252e-14
-1.37072e-14
-1.29709e-14
-1.41146e-14
-1.53915e-14
-9.60444e-15
-5.68107e-15
-4.22519e-15
-4.84476e-15
-1.16704e-14
-7.98467e-15
-8.37051e-15
-8.92791e-15
-4.27815e-15
-1.28718e-14
-1.65362e-14
-1.54676e-14
-4.92271e-15
3.32415e-14
3.20943e-14
3.07338e-14
3.24364e-14
3.1548e-14
3.35985e-14
2.65939e-14
2.63736e-14
2.6201e-14
2.17932e-14
1.91944e-14
2.11447e-14
1.54838e-14
1.12634e-14
1.69067e-14
8.78805e-15
3.56328e-15
-6.49839e-15
-5.51399e-16
-4.20818e-15
-9.22583e-15
-2.93389e-14
-3.56364e-14
-2.92685e-14
-2.48897e-14
-2.7146e-14
-2.01247e-14
-3.05999e-14
-3.54689e-14
-4.35298e-14
-4.39397e-14
-4.74276e-14
-4.9063e-14
-4.72669e-14
-5.55815e-14
-6.15123e-14
-5.42346e-14
-5.32258e-14
-6.2574e-14
-6.85339e-14
-6.83551e-14
-6.67939e-14
-6.39437e-14
-6.02498e-14
-5.44964e-14
-4.98066e-14
-5.24609e-14
-5.80099e-14
-5.78641e-14
-4.33348e-14
-4.21112e-14
-3.79069e-14
-3.38555e-14
-3.58674e-14
-3.23084e-14
-2.98894e-14
-2.88126e-14
-2.18736e-14
-1.92141e-14
-1.56891e-14
-2.36033e-14
-2.54164e-14
-2.67829e-14
-2.45141e-14
-2.31215e-14
-2.16639e-14
-2.93241e-14
-2.99249e-14
-2.62089e-14
-9.99468e-15
-1.08654e-14
-1.12499e-14
-4.5296e-15
-1.53068e-14
-2.3269e-14
-2.6839e-14
-2.97442e-14
-2.71963e-14
-2.25583e-14
-2.09415e-14
-1.89355e-14
-2.21721e-14
-1.75527e-14
-1.76989e-14
-1.39026e-14
-1.4325e-14
-1.22103e-14
-1.1942e-14
-8.76725e-15
-8.86692e-15
-9.8034e-15
-1.24095e-14
-5.20872e-15
-6.44376e-15
-4.8504e-15
-1.12558e-15
-1.19892e-14
-1.57939e-14
-1.44143e-14
-5.95125e-15
2.99346e-14
3.16344e-14
3.65792e-14
2.96187e-14
2.62102e-14
3.008e-14
2.88755e-14
2.60282e-14
2.04884e-14
1.5989e-14
1.72448e-14
1.56851e-14
1.46861e-14
1.85107e-14
1.69145e-14
9.69396e-15
8.31209e-15
-5.83791e-15
-5.27434e-15
-5.46345e-15
-1.72924e-14
-2.46754e-14
-3.32811e-14
-3.09587e-14
-3.06874e-14
-2.63377e-14
-1.98105e-14
-2.24072e-14
-2.56927e-14
-3.39419e-14
-4.41912e-14
-4.94002e-14
-5.29678e-14
-5.19849e-14
-6.07633e-14
-6.14108e-14
-5.57074e-14
-5.18708e-14
-5.59089e-14
-6.30509e-14
-7.0742e-14
-6.85493e-14
-6.95337e-14
-6.05217e-14
-5.57739e-14
-5.20295e-14
-4.7577e-14
-5.59994e-14
-5.69952e-14
-4.25608e-14
-3.72538e-14
-3.63872e-14
-3.5538e-14
-3.56318e-14
-3.53748e-14
-2.94087e-14
-2.74927e-14
-2.16143e-14
-1.60232e-14
-1.89121e-14
-2.35283e-14
-2.32558e-14
-2.0208e-14
-1.50276e-14
-2.15347e-14
-2.37175e-14
-2.97831e-14
-2.83772e-14
-2.06671e-14
-1.75242e-14
-2.10541e-14
-1.21812e-14
-9.69439e-15
-1.76008e-14
-2.9637e-14
-3.01284e-14
-2.06766e-14
-2.2652e-14
-2.44362e-14
-2.37164e-14
-2.07232e-14
-2.73188e-14
-1.97509e-14
-1.87037e-14
-1.35318e-14
-1.38024e-14
-1.3057e-14
-1.59464e-14
-1.59678e-14
-1.25196e-14
-1.14901e-14
-7.09907e-15
-8.99236e-15
-2.92755e-15
-6.64307e-15
-8.66757e-15
-1.02366e-14
-1.34594e-14
-1.22271e-14
-4.94832e-15
2.5704e-14
3.49622e-14
3.02689e-14
3.08086e-14
3.23197e-14
3.18061e-14
2.97733e-14
2.62089e-14
2.53737e-14
1.54274e-14
9.82902e-15
1.24556e-16
3.50191e-15
2.03423e-14
1.86577e-14
1.28915e-14
6.60676e-15
-5.87604e-15
-5.30401e-15
-6.20545e-15
-1.60718e-14
-3.02294e-14
-3.35199e-14
-3.15438e-14
-2.90739e-14
-2.656e-14
-1.91528e-14
-2.36192e-14
-3.06402e-14
-3.66036e-14
-4.65209e-14
-5.119e-14
-5.2021e-14
-5.04159e-14
-5.40779e-14
-5.81694e-14
-6.21109e-14
-5.78346e-14
-5.09631e-14
-5.8323e-14
-6.8942e-14
-6.52865e-14
-5.79852e-14
-5.81149e-14
-5.6999e-14
-5.5447e-14
-5.48062e-14
-5.42266e-14
-5.13145e-14
-4.48974e-14
-4.12425e-14
-3.91075e-14
-3.70001e-14
-3.51354e-14
-3.03358e-14
-3.12953e-14
-2.59594e-14
-2.19388e-14
-1.75292e-14
-1.9413e-14
-2.31845e-14
-2.47028e-14
-2.0509e-14
-1.69321e-14
-2.35805e-14
-2.00384e-14
-2.38665e-14
-2.46001e-14
-2.08428e-14
-1.85635e-14
-1.98899e-14
-1.78524e-14
-1.83545e-14
-2.29265e-14
-3.01061e-14
-2.74989e-14
-2.08329e-14
-2.67639e-14
-2.89563e-14
-2.89915e-14
-1.95977e-14
-2.19859e-14
-1.64697e-14
-1.72507e-14
-2.11096e-14
-2.5452e-14
-2.34437e-14
-1.73912e-14
-1.43386e-14
-1.34223e-14
-1.25654e-14
-1.05261e-14
-1.08077e-14
-9.42694e-16
-2.38508e-15
-5.20677e-15
-4.40767e-15
-9.65024e-15
-1.14071e-14
-5.34208e-15
2.80571e-14
2.88735e-14
3.18729e-14
3.03866e-14
2.92781e-14
3.43005e-14
3.01497e-14
2.26657e-14
8.69362e-15
1.27955e-14
1.21105e-14
1.29559e-14
7.88289e-15
1.53062e-14
1.74657e-14
1.52332e-14
1.32648e-14
-1.00956e-14
-1.43871e-14
-2.11267e-14
-2.24403e-14
-2.24126e-14
-2.63108e-14
-2.48102e-14
-2.55312e-14
-2.7008e-14
-2.05723e-14
-2.76033e-14
-2.9858e-14
-3.31366e-14
-4.35044e-14
-5.29537e-14
-5.30746e-14
-5.38297e-14
-5.5064e-14
-5.5884e-14
-5.77982e-14
-6.05391e-14
-5.66397e-14
-5.52968e-14
-6.15673e-14
-6.64663e-14
-6.2358e-14
-6.00224e-14
-5.80951e-14
-5.49421e-14
-5.16904e-14
-5.29651e-14
-5.228e-14
-4.19608e-14
-4.19415e-14
-4.21892e-14
-4.26242e-14
-3.4722e-14
-3.00902e-14
-2.78252e-14
-2.64598e-14
-2.72115e-14
-2.15227e-14
-1.99602e-14
-2.07065e-14
-2.19952e-14
-2.1331e-14
-1.35243e-14
-2.20755e-14
-2.08842e-14
-2.96971e-14
-2.67754e-14
-1.8552e-14
-1.88563e-14
-2.25803e-14
-2.68712e-14
-2.20383e-14
-2.07947e-14
-2.82025e-14
-2.53563e-14
-2.98759e-14
-3.18041e-14
-2.64109e-14
-2.74922e-14
-1.95113e-14
-1.98159e-14
-2.19279e-14
-2.47657e-14
-2.24696e-14
-2.36809e-14
-2.32574e-14
-1.69243e-14
-1.96411e-14
-1.65763e-14
-1.41524e-14
-1.2792e-14
-1.34587e-14
-5.71648e-15
2.71518e-16
-7.26832e-15
-8.72436e-15
-8.89778e-15
-8.83684e-15
-4.34837e-15
2.60951e-14
2.71459e-14
2.71024e-14
3.15144e-14
3.38412e-14
3.14879e-14
3.54427e-14
2.9713e-14
1.39233e-14
8.3857e-15
3.7656e-15
1.20053e-14
9.73586e-15
1.0696e-14
1.33066e-14
1.37252e-14
8.86344e-16
-6.40674e-15
-6.49588e-15
-8.47949e-15
-1.80797e-14
-2.49061e-14
-2.99931e-14
-2.80627e-14
-2.83396e-14
-3.03851e-14
-2.14627e-14
-2.31819e-14
-3.24227e-14
-4.00561e-14
-4.5575e-14
-4.42772e-14
-4.74571e-14
-4.73331e-14
-5.4741e-14
-6.30655e-14
-6.7954e-14
-6.25297e-14
-5.69429e-14
-5.13567e-14
-5.86915e-14
-6.32935e-14
-6.4324e-14
-5.5145e-14
-5.86694e-14
-5.61221e-14
-5.07841e-14
-5.69143e-14
-4.97286e-14
-4.14942e-14
-4.2855e-14
-4.01782e-14
-3.91785e-14
-3.74632e-14
-3.08713e-14
-2.82724e-14
-2.76191e-14
-3.06996e-14
-2.85187e-14
-1.82055e-14
-1.45644e-14
-1.91328e-14
-2.06257e-14
-1.94104e-14
-1.99772e-14
-2.3721e-14
-2.95919e-14
-2.81312e-14
-2.37716e-14
-1.73144e-14
-2.38984e-14
-2.54883e-14
-2.70722e-14
-2.67743e-14
-3.43162e-14
-2.43832e-14
-2.25315e-14
-2.89148e-14
-2.88869e-14
-3.28724e-14
-2.54186e-14
-2.10024e-14
-1.79296e-14
-2.2504e-14
-2.06952e-14
-2.87648e-14
-3.23866e-14
-2.05432e-14
-2.06032e-14
-1.83974e-14
-1.53295e-14
-1.49247e-14
-1.16149e-14
-6.47676e-15
-5.86185e-15
-1.02632e-14
-1.10239e-14
-1.08492e-14
-6.38583e-15
-5.61836e-15
2.74337e-14
2.75524e-14
2.92911e-14
3.23563e-14
3.53374e-14
3.91158e-14
2.95995e-14
2.24273e-14
1.38956e-14
1.18132e-14
1.16261e-14
1.27177e-14
8.38261e-15
1.29854e-14
7.77617e-15
8.6598e-15
9.07041e-15
9.35742e-17
-9.87576e-15
-1.36551e-14
-1.21125e-14
-2.03548e-14
-3.18025e-14
-3.3925e-14
-3.00269e-14
-2.631e-14
-2.22429e-14
-3.0781e-14
-3.28215e-14
-3.47086e-14
-4.25288e-14
-4.69357e-14
-5.02603e-14
-5.00417e-14
-5.48843e-14
-6.43357e-14
-7.20241e-14
-6.54669e-14
-5.62383e-14
-5.07227e-14
-6.04451e-14
-6.4837e-14
-6.22995e-14
-5.80755e-14
-5.52624e-14
-5.50544e-14
-5.23369e-14
-5.37093e-14
-4.87618e-14
-4.41224e-14
-4.37981e-14
-4.20146e-14
-4.09462e-14
-3.65133e-14
-3.34122e-14
-3.09934e-14
-2.67144e-14
-2.50906e-14
-2.24403e-14
-1.76812e-14
-1.57758e-14
-2.21393e-14
-2.53645e-14
-2.14448e-14
-1.62744e-14
-1.99088e-14
-2.5671e-14
-2.60172e-14
-2.11751e-14
-2.63411e-14
-2.55738e-14
-2.90459e-14
-2.63005e-14
-3.01245e-14
-2.93087e-14
-2.34116e-14
-2.60478e-14
-3.26539e-14
-3.10342e-14
-3.1165e-14
-2.42418e-14
-2.34743e-14
-2.04084e-14
-2.58171e-14
-1.94264e-14
-2.51259e-14
-2.90787e-14
-2.20527e-14
-2.48439e-14
-1.80492e-14
-2.14854e-14
-1.68302e-14
-1.47276e-14
-1.05835e-14
-9.35146e-15
-1.42479e-14
-9.38642e-15
-9.29283e-15
-7.1256e-15
-4.80807e-15
2.87078e-14
2.59094e-14
3.30298e-14
3.53051e-14
3.84393e-14
3.98771e-14
3.29215e-14
2.62903e-14
1.80616e-14
9.5897e-15
8.8805e-15
1.52126e-14
8.4917e-15
1.19738e-14
6.99115e-15
9.59295e-15
6.5224e-15
-1.61117e-15
-1.02966e-14
-1.09868e-14
-8.12419e-15
-9.90991e-15
-2.39778e-14
-3.13202e-14
-3.79462e-14
-3.28413e-14
-2.48911e-14
-2.91211e-14
-2.98583e-14
-3.64165e-14
-4.68052e-14
-4.69666e-14
-4.89858e-14
-5.43498e-14
-6.07847e-14
-6.84857e-14
-6.79258e-14
-6.60092e-14
-5.56225e-14
-4.91715e-14
-5.75664e-14
-6.6348e-14
-6.83907e-14
-6.14e-14
-5.37567e-14
-5.38816e-14
-4.96655e-14
-5.25776e-14
-4.91703e-14
-4.69612e-14
-4.768e-14
-4.3225e-14
-4.08894e-14
-3.69057e-14
-4.11287e-14
-3.18854e-14
-2.85054e-14
-2.28679e-14
-1.84418e-14
-1.97629e-14
-1.73961e-14
-2.10909e-14
-2.2008e-14
-1.80154e-14
-1.8027e-14
-2.87994e-14
-3.04682e-14
-2.10951e-14
-1.86387e-14
-2.78107e-14
-2.66011e-14
-2.88779e-14
-2.69615e-14
-2.83511e-14
-3.14986e-14
-2.75272e-14
-3.35229e-14
-3.35566e-14
-3.36289e-14
-2.88842e-14
-2.38013e-14
-2.1752e-14
-1.4619e-14
-2.06601e-14
-2.1738e-14
-2.69908e-14
-2.75768e-14
-2.71843e-14
-2.73022e-14
-2.0692e-14
-1.9098e-14
-1.60285e-14
-1.74398e-14
-1.41135e-14
-1.34629e-14
-1.59501e-14
-8.70277e-15
-1.3744e-14
-1.0177e-14
-1.99288e-16
2.7631e-14
2.35837e-14
3.18147e-14
3.74287e-14
4.29054e-14
4.01271e-14
3.32026e-14
2.5189e-14
2.02434e-14
1.56338e-14
1.2672e-14
8.73475e-15
8.77753e-15
1.00425e-14
1.47067e-14
6.2568e-15
6.81505e-15
2.74312e-15
-8.42727e-15
-1.27811e-14
-7.0118e-15
-1.27402e-14
-2.77587e-14
-2.72601e-14
-2.80117e-14
-2.28256e-14
-3.10123e-14
-3.02834e-14
-2.96517e-14
-3.72347e-14
-4.90312e-14
-5.25669e-14
-5.50409e-14
-6.07259e-14
-6.49805e-14
-6.64808e-14
-6.46209e-14
-6.40091e-14
-5.43718e-14
-5.66007e-14
-6.1659e-14
-6.80768e-14
-6.31561e-14
-5.60694e-14
-5.58327e-14
-5.29054e-14
-4.97657e-14
-4.90034e-14
-5.76692e-14
-5.15344e-14
-4.36364e-14
-4.18436e-14
-3.80612e-14
-3.73014e-14
-4.29657e-14
-2.72088e-14
-3.2433e-14
-2.77866e-14
-2.07608e-14
-2.24317e-14
-2.05331e-14
-1.86019e-14
-1.62568e-14
-1.42142e-14
-2.08094e-14
-3.28514e-14
-3.59757e-14
-3.14659e-14
-2.23318e-14
-2.32613e-14
-2.01649e-14
-2.39121e-14
-3.12406e-14
-2.95659e-14
-3.02327e-14
-3.03561e-14
-3.17317e-14
-3.04005e-14
-3.36701e-14
-3.52854e-14
-2.69816e-14
-1.8531e-14
-1.51103e-14
-1.85592e-14
-2.30502e-14
-2.87355e-14
-2.20477e-14
-2.10697e-14
-2.77532e-14
-2.43362e-14
-2.33877e-14
-1.98514e-14
-1.88272e-14
-1.26889e-14
-1.92617e-14
-1.5014e-14
-1.56261e-14
-1.86064e-14
-1.48302e-14
-1.99374e-15
2.48818e-14
2.60679e-14
3.15292e-14
3.5628e-14
4.35318e-14
4.54461e-14
3.31617e-14
2.62858e-14
1.05082e-14
6.12834e-15
1.52245e-14
2.07557e-14
1.22479e-14
9.82349e-15
9.13756e-15
9.59373e-15
4.13423e-15
3.85495e-15
-5.11415e-15
-8.27636e-15
-8.15563e-15
-1.68791e-14
-1.77181e-14
-2.04546e-14
-2.25901e-14
-2.47375e-14
-2.98077e-14
-3.4772e-14
-3.35293e-14
-4.11657e-14
-4.69117e-14
-4.50164e-14
-5.53195e-14
-6.56826e-14
-7.35595e-14
-6.99836e-14
-6.51291e-14
-5.76622e-14
-5.6659e-14
-5.59693e-14
-5.73155e-14
-6.69339e-14
-6.59484e-14
-6.12259e-14
-5.45176e-14
-5.26383e-14
-4.99324e-14
-5.00159e-14
-5.07325e-14
-5.037e-14
-4.38688e-14
-4.67988e-14
-4.66761e-14
-3.88079e-14
-3.87448e-14
-3.10584e-14
-3.62293e-14
-2.49609e-14
-2.16873e-14
-2.30253e-14
-1.75416e-14
-2.17634e-14
-2.73943e-14
-1.98761e-14
-1.77724e-14
-2.48475e-14
-2.65069e-14
-2.55541e-14
-2.58002e-14
-3.09575e-14
-3.16231e-14
-2.76784e-14
-3.20467e-14
-3.26917e-14
-2.97517e-14
-2.78499e-14
-3.45811e-14
-2.89818e-14
-3.34359e-14
-3.82296e-14
-2.51936e-14
-1.70931e-14
-1.73237e-14
-1.89691e-14
-2.09834e-14
-2.79407e-14
-2.33803e-14
-2.34465e-14
-2.98248e-14
-2.76346e-14
-2.40728e-14
-1.76755e-14
-1.87879e-14
-1.65423e-14
-1.9853e-14
-1.62743e-14
-1.67034e-14
-1.94061e-14
-1.11357e-14
-2.84025e-15
2.53598e-14
2.64494e-14
2.92768e-14
3.72858e-14
4.30446e-14
3.83491e-14
3.29953e-14
2.88721e-14
1.56694e-14
5.83375e-15
9.3403e-15
8.38616e-15
1.50171e-14
1.43933e-14
9.75705e-15
1.08252e-14
8.2259e-15
5.4944e-15
-4.55423e-15
-8.27215e-15
-1.47379e-14
-1.68223e-14
-1.81504e-14
-1.99655e-14
-2.50467e-14
-2.5837e-14
-2.75705e-14
-3.40892e-14
-3.30806e-14
-4.4211e-14
-5.11921e-14
-4.89423e-14
-5.90661e-14
-6.64869e-14
-6.81962e-14
-6.86162e-14
-6.16664e-14
-6.49879e-14
-6.18036e-14
-5.80391e-14
-5.90575e-14
-6.42809e-14
-6.24755e-14
-5.35213e-14
-5.65342e-14
-5.30691e-14
-5.46701e-14
-5.25989e-14
-5.14224e-14
-5.84431e-14
-4.36947e-14
-4.60583e-14
-4.77638e-14
-3.85375e-14
-3.60194e-14
-3.4325e-14
-3.44454e-14
-2.31126e-14
-2.37155e-14
-2.3379e-14
-2.36297e-14
-2.47647e-14
-2.52401e-14
-2.27474e-14
-2.73338e-14
-2.55733e-14
-2.33722e-14
-2.22778e-14
-2.98987e-14
-2.97151e-14
-2.70164e-14
-2.66174e-14
-3.15846e-14
-3.25515e-14
-2.45084e-14
-2.78001e-14
-3.56785e-14
-3.21777e-14
-3.73044e-14
-3.48975e-14
-2.9656e-14
-1.92937e-14
-1.43608e-14
-1.32819e-14
-1.89373e-14
-2.81259e-14
-3.09776e-14
-3.10263e-14
-3.34965e-14
-2.57306e-14
-1.69924e-14
-1.69662e-14
-2.26133e-14
-1.80876e-14
-1.58069e-14
-1.99084e-14
-1.7459e-14
-1.32815e-14
-8.16349e-15
-2.25169e-15
2.52456e-14
2.50355e-14
2.92997e-14
4.06944e-14
4.42171e-14
3.57322e-14
3.65835e-14
2.98949e-14
1.09218e-14
4.43257e-15
9.52804e-15
1.49707e-14
1.1327e-14
7.94676e-15
6.82005e-15
1.44376e-14
7.47197e-15
6.20001e-15
-8.55016e-16
-8.15663e-15
-1.52446e-14
-1.61815e-14
-1.59334e-14
-1.86732e-14
-2.61109e-14
-2.84289e-14
-2.84523e-14
-3.71946e-14
-3.0416e-14
-3.99734e-14
-4.87818e-14
-5.31325e-14
-5.81445e-14
-6.85403e-14
-6.85577e-14
-6.92438e-14
-6.40026e-14
-6.3082e-14
-5.86368e-14
-5.54227e-14
-6.1546e-14
-6.51835e-14
-5.63143e-14
-5.73144e-14
-5.82415e-14
-5.52382e-14
-5.62463e-14
-5.30816e-14
-5.08095e-14
-5.44919e-14
-4.3779e-14
-4.73979e-14
-4.64064e-14
-4.29043e-14
-4.03906e-14
-3.88729e-14
-3.15903e-14
-2.61155e-14
-2.61942e-14
-2.37689e-14
-2.20647e-14
-2.45541e-14
-2.66541e-14
-2.42811e-14
-2.47445e-14
-2.75072e-14
-1.96706e-14
-1.91644e-14
-2.70761e-14
-2.97676e-14
-3.25559e-14
-3.14134e-14
-3.20526e-14
-2.64693e-14
-2.38134e-14
-2.69601e-14
-3.56412e-14
-3.71654e-14
-4.08259e-14
-3.68231e-14
-2.22054e-14
-1.50725e-14
-1.4309e-14
-1.34498e-14
-1.99891e-14
-2.84737e-14
-3.05135e-14
-3.16949e-14
-3.41129e-14
-2.3495e-14
-2.29186e-14
-1.91265e-14
-2.64177e-14
-1.94806e-14
-1.51196e-14
-2.36634e-14
-1.78878e-14
-1.29052e-14
-1.3871e-16
-8.86602e-16
)
;

boundaryField
{
    inlet
    {
        type            zeroGradient;
    }
    outlet
    {
        type            fixedValue;
        value           uniform 0;
    }
    down
    {
        type            empty;
    }
    up
    {
        type            empty;
    }
    sides
    {
        type            zeroGradient;
    }
}

