/*--------------------------------*- C++ -*----------------------------------*\
| =========                 |                                                 |
| \\      /  F ield         | OpenFOAM: The Open Source CFD Toolbox           |
|  \\    /   O peration     | Version:  v2012                                 |
|   \\  /    A nd           | Website:  www.openfoam.com                      |
|    \\/     M anipulation  |                                                 |
\*---------------------------------------------------------------------------*/
FoamFile
{
    version     2.0;
    format      ascii;
    class       volScalarField;
    location    "0";
    object      pRec;
}
// * * * * * * * * * * * * * * * * * * * * * * * * * * * * * * * * * * * * * //

dimensions      [0 2 -2 0 0 0 0];


internalField   nonuniform List<scalar> 
4000
(
-6.76183e-13
-6.71315e-13
-6.72237e-13
-6.74446e-13
-6.73081e-13
-6.73293e-13
-6.71793e-13
-6.67413e-13
-6.58847e-13
-6.54477e-13
-6.5513e-13
-6.50215e-13
-6.42025e-13
-6.30615e-13
-6.17818e-13
-6.12297e-13
-6.0849e-13
-6.06126e-13
-5.99335e-13
-5.88191e-13
-5.78132e-13
-5.71112e-13
-5.65984e-13
-5.57724e-13
-5.47649e-13
-5.37398e-13
-5.33878e-13
-5.29038e-13
-5.22542e-13
-5.11712e-13
-4.9788e-13
-4.90584e-13
-4.87217e-13
-4.83602e-13
-4.77794e-13
-4.73185e-13
-4.63383e-13
-4.47493e-13
-4.31402e-13
-4.26818e-13
-4.25458e-13
-4.22169e-13
-4.20794e-13
-4.14649e-13
-4.0499e-13
-3.96118e-13
-3.87144e-13
-3.78176e-13
-3.69502e-13
-3.61712e-13
-3.53317e-13
-3.45874e-13
-3.38903e-13
-3.30555e-13
-3.22984e-13
-3.11366e-13
-3.04103e-13
-3.01649e-13
-2.98971e-13
-2.95564e-13
-2.87323e-13
-2.80307e-13
-2.71134e-13
-2.60433e-13
-2.52819e-13
-2.45509e-13
-2.40761e-13
-2.32697e-13
-2.22814e-13
-2.1599e-13
-2.08757e-13
-2.00902e-13
-1.88302e-13
-1.81165e-13
-1.7915e-13
-1.7468e-13
-1.69286e-13
-1.62631e-13
-1.53359e-13
-1.40379e-13
-1.28492e-13
-1.22524e-13
-1.14158e-13
-1.09061e-13
-1.03349e-13
-9.73897e-14
-8.91756e-14
-8.1578e-14
-7.79493e-14
-7.35252e-14
-6.78451e-14
-6.11853e-14
-5.4934e-14
-4.97771e-14
-4.09803e-14
-3.23412e-14
-2.48945e-14
-1.71346e-14
-9.37805e-15
-2.25476e-15
-6.73272e-13
-6.71944e-13
-6.74479e-13
-6.74456e-13
-6.75159e-13
-6.72347e-13
-6.69665e-13
-6.67637e-13
-6.62441e-13
-6.57287e-13
-6.5214e-13
-6.47818e-13
-6.40488e-13
-6.30487e-13
-6.20558e-13
-6.1506e-13
-6.10752e-13
-6.04843e-13
-5.97518e-13
-5.90968e-13
-5.80631e-13
-5.69663e-13
-5.62834e-13
-5.55302e-13
-5.45814e-13
-5.39771e-13
-5.35394e-13
-5.29523e-13
-5.21683e-13
-5.08862e-13
-5.00151e-13
-4.93293e-13
-4.86853e-13
-4.80843e-13
-4.75448e-13
-4.70062e-13
-4.62145e-13
-4.50022e-13
-4.37214e-13
-4.29949e-13
-4.2533e-13
-4.22102e-13
-4.18269e-13
-4.13254e-13
-4.05951e-13
-3.96098e-13
-3.86058e-13
-3.77992e-13
-3.69354e-13
-3.59721e-13
-3.52469e-13
-3.45093e-13
-3.39141e-13
-3.31782e-13
-3.23959e-13
-3.13628e-13
-3.04018e-13
-3.00174e-13
-2.97504e-13
-2.94057e-13
-2.8916e-13
-2.80355e-13
-2.71697e-13
-2.62017e-13
-2.54556e-13
-2.45713e-13
-2.38682e-13
-2.31819e-13
-2.24796e-13
-2.17178e-13
-2.08784e-13
-2.01001e-13
-1.92292e-13
-1.84066e-13
-1.79064e-13
-1.7135e-13
-1.68117e-13
-1.60774e-13
-1.50633e-13
-1.39262e-13
-1.29545e-13
-1.23662e-13
-1.17438e-13
-1.1085e-13
-1.0197e-13
-9.55996e-14
-8.73499e-14
-7.9973e-14
-7.65861e-14
-7.21631e-14
-6.88921e-14
-6.34749e-14
-5.80703e-14
-4.80077e-14
-3.95271e-14
-3.27879e-14
-2.43719e-14
-1.73222e-14
-1.06102e-14
-3.84653e-15
-6.72583e-13
-6.71811e-13
-6.73808e-13
-6.76311e-13
-6.77168e-13
-6.73465e-13
-6.68696e-13
-6.66607e-13
-6.60575e-13
-6.57058e-13
-6.52862e-13
-6.47249e-13
-6.39994e-13
-6.31806e-13
-6.22189e-13
-6.15798e-13
-6.09803e-13
-6.03964e-13
-5.98137e-13
-5.89531e-13
-5.79892e-13
-5.71606e-13
-5.63475e-13
-5.56089e-13
-5.47403e-13
-5.41966e-13
-5.36374e-13
-5.28136e-13
-5.19653e-13
-5.07601e-13
-5.00482e-13
-4.93231e-13
-4.86308e-13
-4.82467e-13
-4.77356e-13
-4.71248e-13
-4.60871e-13
-4.50976e-13
-4.40592e-13
-4.30127e-13
-4.24604e-13
-4.19331e-13
-4.18255e-13
-4.13781e-13
-4.0637e-13
-3.95965e-13
-3.84684e-13
-3.75755e-13
-3.70264e-13
-3.64757e-13
-3.53939e-13
-3.45671e-13
-3.37043e-13
-3.29064e-13
-3.22167e-13
-3.14452e-13
-3.04529e-13
-3.02028e-13
-3.0115e-13
-2.95513e-13
-2.871e-13
-2.7632e-13
-2.68852e-13
-2.63062e-13
-2.56764e-13
-2.48721e-13
-2.40945e-13
-2.31169e-13
-2.23568e-13
-2.14336e-13
-2.06342e-13
-1.98727e-13
-1.89648e-13
-1.83751e-13
-1.78577e-13
-1.72877e-13
-1.67574e-13
-1.60729e-13
-1.50272e-13
-1.40213e-13
-1.33976e-13
-1.25361e-13
-1.13964e-13
-1.07796e-13
-1.01958e-13
-9.77025e-14
-9.13204e-14
-8.29438e-14
-7.65185e-14
-7.06217e-14
-6.66928e-14
-6.30109e-14
-5.64285e-14
-4.86121e-14
-3.9261e-14
-3.07913e-14
-2.51935e-14
-1.81313e-14
-1.34619e-14
-4.35632e-15
-6.73445e-13
-6.74352e-13
-6.74738e-13
-6.71617e-13
-6.75762e-13
-6.7098e-13
-6.68807e-13
-6.66666e-13
-6.64392e-13
-6.58863e-13
-6.51557e-13
-6.43415e-13
-6.36623e-13
-6.31715e-13
-6.29527e-13
-6.20739e-13
-6.08287e-13
-6.01345e-13
-5.96968e-13
-5.88654e-13
-5.80245e-13
-5.72931e-13
-5.63944e-13
-5.51261e-13
-5.4387e-13
-5.40129e-13
-5.35798e-13
-5.30148e-13
-5.19892e-13
-5.10975e-13
-5.03716e-13
-4.95193e-13
-4.86894e-13
-4.80714e-13
-4.73455e-13
-4.70765e-13
-4.61613e-13
-4.49936e-13
-4.4164e-13
-4.32196e-13
-4.27057e-13
-4.23241e-13
-4.1795e-13
-4.1145e-13
-4.02248e-13
-3.92984e-13
-3.84618e-13
-3.78802e-13
-3.70676e-13
-3.5944e-13
-3.50616e-13
-3.44594e-13
-3.38593e-13
-3.3266e-13
-3.21683e-13
-3.1531e-13
-3.06601e-13
-3.01189e-13
-3.00176e-13
-2.94035e-13
-2.85917e-13
-2.77977e-13
-2.72234e-13
-2.6518e-13
-2.56475e-13
-2.47715e-13
-2.40097e-13
-2.31218e-13
-2.23998e-13
-2.16413e-13
-2.09455e-13
-2.01545e-13
-1.923e-13
-1.84786e-13
-1.78201e-13
-1.71755e-13
-1.67321e-13
-1.60371e-13
-1.50154e-13
-1.40734e-13
-1.33271e-13
-1.25897e-13
-1.1579e-13
-1.06759e-13
-1.01374e-13
-9.61475e-14
-8.96251e-14
-8.21925e-14
-7.49741e-14
-7.1107e-14
-6.85339e-14
-6.37516e-14
-5.78063e-14
-4.73683e-14
-3.88153e-14
-3.30324e-14
-2.66529e-14
-1.77267e-14
-1.1108e-14
-4.17206e-15
-6.73935e-13
-6.77709e-13
-6.74609e-13
-6.70982e-13
-6.68435e-13
-6.71231e-13
-6.7104e-13
-6.69089e-13
-6.63402e-13
-6.56606e-13
-6.49202e-13
-6.4484e-13
-6.36132e-13
-6.30479e-13
-6.28652e-13
-6.22991e-13
-6.14045e-13
-6.04976e-13
-5.94556e-13
-5.84403e-13
-5.79642e-13
-5.72129e-13
-5.59406e-13
-5.50625e-13
-5.46942e-13
-5.4206e-13
-5.36872e-13
-5.29034e-13
-5.21939e-13
-5.13049e-13
-5.04153e-13
-4.95945e-13
-4.87072e-13
-4.80983e-13
-4.74693e-13
-4.70272e-13
-4.60496e-13
-4.50005e-13
-4.3972e-13
-4.32263e-13
-4.27274e-13
-4.24838e-13
-4.18037e-13
-4.10065e-13
-4.00556e-13
-3.90413e-13
-3.83441e-13
-3.77541e-13
-3.69837e-13
-3.62664e-13
-3.53644e-13
-3.46477e-13
-3.38887e-13
-3.32214e-13
-3.21708e-13
-3.14175e-13
-3.07811e-13
-3.02334e-13
-2.99329e-13
-2.92979e-13
-2.86206e-13
-2.78372e-13
-2.70359e-13
-2.64524e-13
-2.58721e-13
-2.51857e-13
-2.43861e-13
-2.32241e-13
-2.23796e-13
-2.14028e-13
-2.06392e-13
-1.99445e-13
-1.92443e-13
-1.8477e-13
-1.753e-13
-1.69151e-13
-1.66432e-13
-1.59998e-13
-1.52385e-13
-1.42551e-13
-1.34527e-13
-1.2769e-13
-1.15558e-13
-1.05922e-13
-9.86496e-14
-9.34839e-14
-8.98341e-14
-8.4476e-14
-7.68823e-14
-7.22946e-14
-6.76338e-14
-6.34208e-14
-5.60445e-14
-5.02403e-14
-4.24457e-14
-3.32268e-14
-2.63501e-14
-1.96953e-14
-1.07274e-14
-1.94155e-15
-6.70981e-13
-6.78886e-13
-6.75777e-13
-6.68311e-13
-6.72162e-13
-6.74711e-13
-6.72763e-13
-6.68847e-13
-6.61503e-13
-6.50413e-13
-6.47177e-13
-6.44031e-13
-6.40335e-13
-6.31594e-13
-6.25725e-13
-6.24326e-13
-6.15179e-13
-6.07039e-13
-5.98893e-13
-5.87466e-13
-5.77285e-13
-5.66716e-13
-5.5154e-13
-5.47811e-13
-5.47505e-13
-5.45034e-13
-5.37002e-13
-5.28671e-13
-5.21128e-13
-5.15236e-13
-5.05019e-13
-4.95793e-13
-4.87758e-13
-4.83276e-13
-4.78916e-13
-4.69112e-13
-4.587e-13
-4.50052e-13
-4.39621e-13
-4.34164e-13
-4.29256e-13
-4.25182e-13
-4.16641e-13
-4.10243e-13
-4.00623e-13
-3.89196e-13
-3.80674e-13
-3.74539e-13
-3.69981e-13
-3.62515e-13
-3.54914e-13
-3.45976e-13
-3.37808e-13
-3.3001e-13
-3.20694e-13
-3.15404e-13
-3.09864e-13
-3.03179e-13
-2.98074e-13
-2.934e-13
-2.88311e-13
-2.79349e-13
-2.70945e-13
-2.64359e-13
-2.55672e-13
-2.5008e-13
-2.44231e-13
-2.33336e-13
-2.2471e-13
-2.16552e-13
-2.0754e-13
-1.99611e-13
-1.93677e-13
-1.86103e-13
-1.76949e-13
-1.71343e-13
-1.65582e-13
-1.57259e-13
-1.51695e-13
-1.44332e-13
-1.36796e-13
-1.26961e-13
-1.13649e-13
-1.04258e-13
-9.97074e-14
-9.53464e-14
-9.10992e-14
-8.28062e-14
-7.60171e-14
-7.16782e-14
-6.73696e-14
-6.37092e-14
-5.45589e-14
-4.91423e-14
-4.20511e-14
-3.56352e-14
-2.67713e-14
-1.89467e-14
-9.19847e-15
-1.03275e-15
-6.75173e-13
-6.75569e-13
-6.75286e-13
-6.7228e-13
-6.69994e-13
-6.73133e-13
-6.71945e-13
-6.6678e-13
-6.59645e-13
-6.51025e-13
-6.4389e-13
-6.43371e-13
-6.4197e-13
-6.32653e-13
-6.26832e-13
-6.22419e-13
-6.19199e-13
-6.11579e-13
-5.96366e-13
-5.8103e-13
-5.66932e-13
-5.62207e-13
-5.60273e-13
-5.5733e-13
-5.51252e-13
-5.44444e-13
-5.34934e-13
-5.27043e-13
-5.22037e-13
-5.16863e-13
-5.07342e-13
-4.94686e-13
-4.88329e-13
-4.80001e-13
-4.74142e-13
-4.67087e-13
-4.60265e-13
-4.54293e-13
-4.43838e-13
-4.3297e-13
-4.25588e-13
-4.20247e-13
-4.15141e-13
-4.10622e-13
-4.03182e-13
-3.93181e-13
-3.82527e-13
-3.73646e-13
-3.67102e-13
-3.62448e-13
-3.55273e-13
-3.49186e-13
-3.4037e-13
-3.30135e-13
-3.22081e-13
-3.16105e-13
-3.09204e-13
-2.98854e-13
-2.94728e-13
-2.93023e-13
-2.92227e-13
-2.84029e-13
-2.73135e-13
-2.62243e-13
-2.53147e-13
-2.46773e-13
-2.39327e-13
-2.29711e-13
-2.2113e-13
-2.16163e-13
-2.14235e-13
-2.04584e-13
-1.94712e-13
-1.88692e-13
-1.79516e-13
-1.69961e-13
-1.61961e-13
-1.53757e-13
-1.48157e-13
-1.43165e-13
-1.3626e-13
-1.26463e-13
-1.1779e-13
-1.09171e-13
-1.02472e-13
-9.29288e-14
-8.87556e-14
-8.39161e-14
-7.68818e-14
-7.31137e-14
-6.69336e-14
-5.96525e-14
-5.45741e-14
-4.83205e-14
-4.16173e-14
-3.37476e-14
-2.66567e-14
-1.76078e-14
-9.6265e-15
-2.92659e-15
-6.73922e-13
-6.73254e-13
-6.71735e-13
-6.73356e-13
-6.75183e-13
-6.7473e-13
-6.71286e-13
-6.65332e-13
-6.57891e-13
-6.5195e-13
-6.473e-13
-6.42452e-13
-6.38728e-13
-6.30766e-13
-6.27072e-13
-6.22641e-13
-6.19032e-13
-6.11414e-13
-5.92498e-13
-5.8266e-13
-5.77788e-13
-5.70535e-13
-5.60272e-13
-5.51393e-13
-5.4832e-13
-5.41277e-13
-5.31702e-13
-5.26003e-13
-5.20198e-13
-5.14354e-13
-5.077e-13
-4.99116e-13
-4.92954e-13
-4.85882e-13
-4.75015e-13
-4.66447e-13
-4.58763e-13
-4.50147e-13
-4.42479e-13
-4.33198e-13
-4.26463e-13
-4.22503e-13
-4.15809e-13
-4.13176e-13
-4.07245e-13
-3.93629e-13
-3.79118e-13
-3.66991e-13
-3.65573e-13
-3.63663e-13
-3.59131e-13
-3.52211e-13
-3.40309e-13
-3.30241e-13
-3.19854e-13
-3.138e-13
-3.09614e-13
-3.03915e-13
-2.96375e-13
-2.91009e-13
-2.88774e-13
-2.81631e-13
-2.73995e-13
-2.65567e-13
-2.57505e-13
-2.4867e-13
-2.40325e-13
-2.31282e-13
-2.25067e-13
-2.18066e-13
-2.10722e-13
-2.04661e-13
-1.9347e-13
-1.81756e-13
-1.74845e-13
-1.70144e-13
-1.65004e-13
-1.5718e-13
-1.51913e-13
-1.45698e-13
-1.3697e-13
-1.2666e-13
-1.14887e-13
-1.04613e-13
-9.69049e-14
-9.27191e-14
-8.97181e-14
-8.53048e-14
-7.84445e-14
-7.18835e-14
-6.49263e-14
-5.94111e-14
-5.46957e-14
-4.95365e-14
-4.0353e-14
-3.23234e-14
-2.62183e-14
-1.89582e-14
-1.08727e-14
-1.70117e-15
-6.75664e-13
-6.7688e-13
-6.72819e-13
-6.68209e-13
-6.70869e-13
-6.73009e-13
-6.72535e-13
-6.65691e-13
-6.5551e-13
-6.53233e-13
-6.48113e-13
-6.39728e-13
-6.33932e-13
-6.31047e-13
-6.28738e-13
-6.24702e-13
-6.18812e-13
-6.09358e-13
-5.96174e-13
-5.84186e-13
-5.76208e-13
-5.68081e-13
-5.63441e-13
-5.57031e-13
-5.48845e-13
-5.39246e-13
-5.30664e-13
-5.2582e-13
-5.22971e-13
-5.14874e-13
-5.08412e-13
-5.00273e-13
-4.90306e-13
-4.80293e-13
-4.75064e-13
-4.67476e-13
-4.58124e-13
-4.4959e-13
-4.43458e-13
-4.37227e-13
-4.3197e-13
-4.24322e-13
-4.12855e-13
-4.0576e-13
-4.00985e-13
-3.93913e-13
-3.83256e-13
-3.74602e-13
-3.68286e-13
-3.61655e-13
-3.55338e-13
-3.48655e-13
-3.39333e-13
-3.31152e-13
-3.23312e-13
-3.18137e-13
-3.10877e-13
-3.04153e-13
-2.97064e-13
-2.92216e-13
-2.86276e-13
-2.79185e-13
-2.72631e-13
-2.65145e-13
-2.55144e-13
-2.45387e-13
-2.39446e-13
-2.32201e-13
-2.24586e-13
-2.1724e-13
-2.09352e-13
-2.0507e-13
-1.96945e-13
-1.87294e-13
-1.76322e-13
-1.70318e-13
-1.66051e-13
-1.58474e-13
-1.52279e-13
-1.43622e-13
-1.3701e-13
-1.27351e-13
-1.15369e-13
-1.06082e-13
-9.88838e-14
-9.31051e-14
-9.02371e-14
-8.47699e-14
-7.81954e-14
-7.17977e-14
-6.44795e-14
-5.87585e-14
-5.19526e-14
-4.68438e-14
-3.98951e-14
-3.24622e-14
-2.51811e-14
-1.60211e-14
-7.72144e-15
6.00772e-16
-6.75296e-13
-6.74816e-13
-6.75059e-13
-6.71946e-13
-6.69325e-13
-6.70758e-13
-6.70075e-13
-6.67814e-13
-6.61378e-13
-6.4996e-13
-6.43056e-13
-6.37087e-13
-6.34632e-13
-6.33234e-13
-6.29765e-13
-6.23801e-13
-6.15489e-13
-6.10295e-13
-6.02397e-13
-5.88099e-13
-5.76192e-13
-5.64727e-13
-5.59297e-13
-5.52947e-13
-5.49489e-13
-5.43735e-13
-5.34295e-13
-5.27942e-13
-5.21793e-13
-5.1523e-13
-5.08649e-13
-5.001e-13
-4.90455e-13
-4.79624e-13
-4.72426e-13
-4.65985e-13
-4.60427e-13
-4.50339e-13
-4.44544e-13
-4.38045e-13
-4.28764e-13
-4.19383e-13
-4.11821e-13
-4.0584e-13
-4.03175e-13
-3.9789e-13
-3.86882e-13
-3.76186e-13
-3.68358e-13
-3.59664e-13
-3.52956e-13
-3.48211e-13
-3.40552e-13
-3.3216e-13
-3.23728e-13
-3.16849e-13
-3.10468e-13
-3.03541e-13
-2.96945e-13
-2.93668e-13
-2.89284e-13
-2.84435e-13
-2.77661e-13
-2.65867e-13
-2.52661e-13
-2.3959e-13
-2.32518e-13
-2.27762e-13
-2.23612e-13
-2.22315e-13
-2.16097e-13
-2.06799e-13
-1.9904e-13
-1.88989e-13
-1.76957e-13
-1.68236e-13
-1.63569e-13
-1.56873e-13
-1.51934e-13
-1.43212e-13
-1.36097e-13
-1.27606e-13
-1.17003e-13
-1.09011e-13
-9.99233e-14
-9.19861e-14
-8.77011e-14
-8.19552e-14
-7.7445e-14
-7.14827e-14
-6.32548e-14
-5.4843e-14
-4.90084e-14
-4.45119e-14
-3.64619e-14
-2.8845e-14
-2.16942e-14
-1.4625e-14
-5.86266e-15
9.07916e-17
-6.73629e-13
-6.72922e-13
-6.72076e-13
-6.73391e-13
-6.73663e-13
-6.68811e-13
-6.67157e-13
-6.64485e-13
-6.59608e-13
-6.54297e-13
-6.43854e-13
-6.35824e-13
-6.34809e-13
-6.35085e-13
-6.30383e-13
-6.25813e-13
-6.15068e-13
-6.08122e-13
-6.01214e-13
-5.89117e-13
-5.79748e-13
-5.65715e-13
-5.56416e-13
-5.51916e-13
-5.46839e-13
-5.41455e-13
-5.36189e-13
-5.29324e-13
-5.23219e-13
-5.16386e-13
-5.08002e-13
-4.98992e-13
-4.89403e-13
-4.81156e-13
-4.75745e-13
-4.67599e-13
-4.58963e-13
-4.50331e-13
-4.4508e-13
-4.36209e-13
-4.28778e-13
-4.19284e-13
-4.12434e-13
-4.09046e-13
-4.05164e-13
-3.96569e-13
-3.84457e-13
-3.72751e-13
-3.65809e-13
-3.58426e-13
-3.55322e-13
-3.50021e-13
-3.39824e-13
-3.31674e-13
-3.2308e-13
-3.19529e-13
-3.12952e-13
-3.05623e-13
-2.96579e-13
-2.88456e-13
-2.85693e-13
-2.78098e-13
-2.73186e-13
-2.67981e-13
-2.55105e-13
-2.42125e-13
-2.33289e-13
-2.27011e-13
-2.23904e-13
-2.24647e-13
-2.16858e-13
-2.08953e-13
-1.99539e-13
-1.88454e-13
-1.75382e-13
-1.65073e-13
-1.63132e-13
-1.59386e-13
-1.54951e-13
-1.46154e-13
-1.39154e-13
-1.30533e-13
-1.1673e-13
-1.06258e-13
-9.58945e-14
-8.69978e-14
-8.80368e-14
-8.51627e-14
-7.75082e-14
-7.05074e-14
-6.13198e-14
-5.45727e-14
-4.83586e-14
-4.25446e-14
-3.78467e-14
-3.12851e-14
-1.86965e-14
-7.33753e-15
6.34513e-16
-8.17571e-16
-6.7575e-13
-6.74046e-13
-6.7219e-13
-6.73412e-13
-6.72461e-13
-6.67868e-13
-6.68209e-13
-6.65217e-13
-6.59019e-13
-6.52029e-13
-6.44988e-13
-6.38371e-13
-6.31391e-13
-6.29007e-13
-6.26694e-13
-6.21437e-13
-6.17661e-13
-6.12564e-13
-6.03207e-13
-5.90002e-13
-5.7892e-13
-5.71459e-13
-5.61768e-13
-5.52636e-13
-5.46739e-13
-5.36777e-13
-5.32732e-13
-5.29146e-13
-5.24459e-13
-5.18288e-13
-5.09544e-13
-4.99342e-13
-4.88271e-13
-4.78734e-13
-4.73191e-13
-4.65871e-13
-4.60509e-13
-4.52781e-13
-4.4684e-13
-4.35287e-13
-4.27323e-13
-4.16677e-13
-4.12148e-13
-4.10781e-13
-4.03845e-13
-3.96118e-13
-3.85177e-13
-3.75261e-13
-3.66671e-13
-3.5802e-13
-3.52212e-13
-3.48292e-13
-3.401e-13
-3.34195e-13
-3.27217e-13
-3.18441e-13
-3.11678e-13
-3.0403e-13
-2.96069e-13
-2.9033e-13
-2.8757e-13
-2.86556e-13
-2.76914e-13
-2.65408e-13
-2.48987e-13
-2.39802e-13
-2.33313e-13
-2.29071e-13
-2.23641e-13
-2.20379e-13
-2.14121e-13
-2.11708e-13
-2.05171e-13
-1.92963e-13
-1.74802e-13
-1.59883e-13
-1.57125e-13
-1.59828e-13
-1.56238e-13
-1.46111e-13
-1.38141e-13
-1.28397e-13
-1.18361e-13
-1.09477e-13
-9.93458e-14
-8.94397e-14
-8.33405e-14
-8.18185e-14
-7.6106e-14
-6.89704e-14
-5.93159e-14
-5.38704e-14
-4.81537e-14
-4.12615e-14
-3.41495e-14
-2.83299e-14
-1.75254e-14
-8.16186e-15
-1.9501e-15
-8.0129e-16
-6.73668e-13
-6.73047e-13
-6.66527e-13
-6.74124e-13
-6.73905e-13
-6.71331e-13
-6.65734e-13
-6.6024e-13
-6.55228e-13
-6.47951e-13
-6.43977e-13
-6.39913e-13
-6.3833e-13
-6.32892e-13
-6.28122e-13
-6.244e-13
-6.19443e-13
-6.13358e-13
-6.0366e-13
-5.90386e-13
-5.74129e-13
-5.61779e-13
-5.5415e-13
-5.51361e-13
-5.46156e-13
-5.41249e-13
-5.3466e-13
-5.28797e-13
-5.24938e-13
-5.20259e-13
-5.11929e-13
-4.99701e-13
-4.90237e-13
-4.82268e-13
-4.77141e-13
-4.67397e-13
-4.57682e-13
-4.51823e-13
-4.44975e-13
-4.34951e-13
-4.25547e-13
-4.20765e-13
-4.15596e-13
-4.09383e-13
-3.99449e-13
-3.90139e-13
-3.82989e-13
-3.75363e-13
-3.67935e-13
-3.61163e-13
-3.54617e-13
-3.48708e-13
-3.38234e-13
-3.29372e-13
-3.29334e-13
-3.2796e-13
-3.14282e-13
-3.00601e-13
-2.91918e-13
-2.85129e-13
-2.82362e-13
-2.79165e-13
-2.77485e-13
-2.68325e-13
-2.53223e-13
-2.44493e-13
-2.32117e-13
-2.29682e-13
-2.23865e-13
-2.18453e-13
-2.13589e-13
-2.12074e-13
-2.05445e-13
-1.91295e-13
-1.76278e-13
-1.63687e-13
-1.59338e-13
-1.60738e-13
-1.52754e-13
-1.4327e-13
-1.36739e-13
-1.28911e-13
-1.20687e-13
-1.10578e-13
-1.00326e-13
-8.91242e-14
-8.29343e-14
-8.14615e-14
-7.4415e-14
-6.69497e-14
-5.92427e-14
-5.26906e-14
-4.55571e-14
-3.98708e-14
-3.46979e-14
-2.71615e-14
-1.74637e-14
-9.34505e-15
-1.09496e-15
5.36274e-16
-6.70446e-13
-6.7867e-13
-6.73813e-13
-6.6983e-13
-6.70463e-13
-6.69395e-13
-6.65138e-13
-6.64269e-13
-6.55718e-13
-6.44407e-13
-6.40522e-13
-6.39508e-13
-6.36999e-13
-6.34413e-13
-6.30346e-13
-6.22185e-13
-6.12494e-13
-6.06015e-13
-6.01053e-13
-5.9228e-13
-5.85357e-13
-5.77638e-13
-5.67194e-13
-5.51463e-13
-5.38739e-13
-5.32282e-13
-5.33303e-13
-5.29864e-13
-5.25478e-13
-5.2159e-13
-5.12489e-13
-5.00983e-13
-4.87174e-13
-4.75779e-13
-4.69599e-13
-4.64491e-13
-4.62913e-13
-4.5703e-13
-4.45377e-13
-4.38242e-13
-4.27392e-13
-4.17867e-13
-4.14187e-13
-4.07283e-13
-3.98368e-13
-3.89482e-13
-3.80418e-13
-3.75453e-13
-3.70345e-13
-3.62994e-13
-3.55395e-13
-3.46592e-13
-3.3982e-13
-3.32702e-13
-3.27802e-13
-3.22089e-13
-3.1622e-13
-3.08068e-13
-3.00124e-13
-2.89748e-13
-2.8128e-13
-2.74946e-13
-2.69441e-13
-2.64048e-13
-2.54605e-13
-2.46528e-13
-2.37416e-13
-2.30631e-13
-2.24363e-13
-2.19833e-13
-2.15747e-13
-2.07869e-13
-2.00268e-13
-1.91625e-13
-1.78601e-13
-1.68145e-13
-1.5944e-13
-1.56166e-13
-1.52121e-13
-1.4408e-13
-1.37585e-13
-1.27299e-13
-1.19011e-13
-1.09347e-13
-9.89462e-14
-9.01093e-14
-8.51309e-14
-7.9957e-14
-7.49196e-14
-6.65292e-14
-5.93853e-14
-5.48726e-14
-4.76745e-14
-3.94532e-14
-3.09083e-14
-2.28817e-14
-1.62302e-14
-1.05605e-14
-3.41102e-15
6.27718e-17
-6.6943e-13
-6.73267e-13
-6.74511e-13
-6.70787e-13
-6.70409e-13
-6.71351e-13
-6.62541e-13
-6.53447e-13
-6.49396e-13
-6.47877e-13
-6.45802e-13
-6.42951e-13
-6.3991e-13
-6.35268e-13
-6.30324e-13
-6.23132e-13
-6.16986e-13
-6.13346e-13
-6.05296e-13
-5.91577e-13
-5.75038e-13
-5.6243e-13
-5.55016e-13
-5.46716e-13
-5.4516e-13
-5.42362e-13
-5.37159e-13
-5.2896e-13
-5.23717e-13
-5.21134e-13
-5.14376e-13
-5.03977e-13
-4.91401e-13
-4.75879e-13
-4.65948e-13
-4.64308e-13
-4.63628e-13
-4.57951e-13
-4.5001e-13
-4.38949e-13
-4.25753e-13
-4.16111e-13
-4.08169e-13
-4.03636e-13
-3.98066e-13
-3.9155e-13
-3.84261e-13
-3.76016e-13
-3.69883e-13
-3.68782e-13
-3.61169e-13
-3.45439e-13
-3.35761e-13
-3.28484e-13
-3.23208e-13
-3.2066e-13
-3.16499e-13
-3.0733e-13
-2.95879e-13
-2.87658e-13
-2.83686e-13
-2.79001e-13
-2.7233e-13
-2.63934e-13
-2.50915e-13
-2.41603e-13
-2.35814e-13
-2.32778e-13
-2.27139e-13
-2.19714e-13
-2.13272e-13
-2.07845e-13
-2.0039e-13
-1.90099e-13
-1.79314e-13
-1.65248e-13
-1.57909e-13
-1.5534e-13
-1.54185e-13
-1.48734e-13
-1.40313e-13
-1.29874e-13
-1.18427e-13
-1.06966e-13
-9.78482e-14
-9.03292e-14
-8.50877e-14
-7.8831e-14
-7.2504e-14
-6.55541e-14
-5.94492e-14
-5.38783e-14
-4.78612e-14
-3.9301e-14
-3.01774e-14
-2.09125e-14
-1.3187e-14
-7.96428e-15
-2.05024e-15
-3.18614e-16
-6.68118e-13
-6.75059e-13
-6.75424e-13
-6.71845e-13
-6.68993e-13
-6.73204e-13
-6.70346e-13
-6.58686e-13
-6.43581e-13
-6.4071e-13
-6.40091e-13
-6.4137e-13
-6.40197e-13
-6.38273e-13
-6.32976e-13
-6.23932e-13
-6.15299e-13
-6.08524e-13
-5.97568e-13
-5.89247e-13
-5.81991e-13
-5.69913e-13
-5.58644e-13
-5.46341e-13
-5.44652e-13
-5.42036e-13
-5.38763e-13
-5.32631e-13
-5.24742e-13
-5.19946e-13
-5.11482e-13
-5.00064e-13
-4.90287e-13
-4.76093e-13
-4.64656e-13
-4.62428e-13
-4.62181e-13
-4.58416e-13
-4.49639e-13
-4.39602e-13
-4.24093e-13
-4.14419e-13
-4.11066e-13
-4.05863e-13
-3.98148e-13
-3.90196e-13
-3.86233e-13
-3.79783e-13
-3.70285e-13
-3.60103e-13
-3.53279e-13
-3.47369e-13
-3.39292e-13
-3.27235e-13
-3.27082e-13
-3.23657e-13
-3.1529e-13
-3.08899e-13
-3.02023e-13
-2.89647e-13
-2.82109e-13
-2.76285e-13
-2.68054e-13
-2.60986e-13
-2.50901e-13
-2.43316e-13
-2.34191e-13
-2.30368e-13
-2.24056e-13
-2.2213e-13
-2.15327e-13
-2.10273e-13
-2.03345e-13
-1.90118e-13
-1.76556e-13
-1.65175e-13
-1.60407e-13
-1.55763e-13
-1.51075e-13
-1.45483e-13
-1.39272e-13
-1.30396e-13
-1.19106e-13
-1.0722e-13
-1.00188e-13
-9.23743e-14
-8.52685e-14
-7.89288e-14
-7.28951e-14
-6.43685e-14
-5.76412e-14
-5.16782e-14
-4.43093e-14
-3.61693e-14
-2.95815e-14
-2.43996e-14
-1.21264e-14
-4.86352e-15
4.8651e-16
3.3053e-16
-6.73513e-13
-6.72752e-13
-6.69275e-13
-6.65912e-13
-6.67714e-13
-6.63219e-13
-6.59893e-13
-6.60798e-13
-6.578e-13
-6.5137e-13
-6.47558e-13
-6.40218e-13
-6.3495e-13
-6.3395e-13
-6.31385e-13
-6.25484e-13
-6.1765e-13
-6.14067e-13
-6.04104e-13
-5.89086e-13
-5.71884e-13
-5.60859e-13
-5.54835e-13
-5.52602e-13
-5.45655e-13
-5.42968e-13
-5.38658e-13
-5.31477e-13
-5.25132e-13
-5.18802e-13
-5.1143e-13
-4.99495e-13
-4.87997e-13
-4.75765e-13
-4.67333e-13
-4.64758e-13
-4.65339e-13
-4.58385e-13
-4.48065e-13
-4.38212e-13
-4.24713e-13
-4.12694e-13
-4.09257e-13
-4.05517e-13
-4.01183e-13
-3.90771e-13
-3.81915e-13
-3.78262e-13
-3.7327e-13
-3.62674e-13
-3.52578e-13
-3.47373e-13
-3.40716e-13
-3.30123e-13
-3.22908e-13
-3.19425e-13
-3.13157e-13
-3.07954e-13
-3.02706e-13
-2.93991e-13
-2.83765e-13
-2.76625e-13
-2.67671e-13
-2.60576e-13
-2.53896e-13
-2.44294e-13
-2.34318e-13
-2.25569e-13
-2.21518e-13
-2.22606e-13
-2.14438e-13
-2.08807e-13
-2.01957e-13
-1.90714e-13
-1.79587e-13
-1.68055e-13
-1.5755e-13
-1.51733e-13
-1.50548e-13
-1.49579e-13
-1.42849e-13
-1.28915e-13
-1.17963e-13
-1.05222e-13
-1.00017e-13
-9.43121e-14
-8.73098e-14
-7.76394e-14
-6.90552e-14
-6.34427e-14
-5.74904e-14
-5.06778e-14
-4.54029e-14
-3.75561e-14
-2.8969e-14
-2.05369e-14
-1.24466e-14
-6.04244e-15
4.12268e-16
1.65031e-15
-6.72754e-13
-6.71774e-13
-6.69234e-13
-6.67175e-13
-6.72651e-13
-6.70196e-13
-6.60116e-13
-6.54422e-13
-6.50757e-13
-6.48523e-13
-6.47569e-13
-6.46285e-13
-6.36515e-13
-6.29822e-13
-6.27451e-13
-6.22915e-13
-6.1928e-13
-6.12464e-13
-6.01778e-13
-5.87032e-13
-5.74464e-13
-5.62219e-13
-5.53502e-13
-5.52678e-13
-5.51494e-13
-5.42779e-13
-5.35641e-13
-5.31517e-13
-5.2833e-13
-5.20862e-13
-5.13199e-13
-5.00465e-13
-4.87468e-13
-4.74965e-13
-4.6433e-13
-4.63182e-13
-4.60358e-13
-4.57135e-13
-4.51516e-13
-4.41252e-13
-4.27392e-13
-4.16462e-13
-4.09102e-13
-4.00286e-13
-3.98077e-13
-3.91819e-13
-3.84443e-13
-3.75286e-13
-3.68864e-13
-3.62919e-13
-3.53137e-13
-3.47245e-13
-3.40394e-13
-3.31221e-13
-3.28019e-13
-3.23049e-13
-3.11824e-13
-3.02741e-13
-2.99317e-13
-2.92042e-13
-2.85283e-13
-2.76141e-13
-2.69131e-13
-2.62369e-13
-2.53626e-13
-2.42609e-13
-2.35717e-13
-2.26079e-13
-2.18591e-13
-2.16858e-13
-2.13957e-13
-2.09588e-13
-2.03382e-13
-1.91007e-13
-1.78914e-13
-1.68333e-13
-1.60132e-13
-1.53387e-13
-1.52352e-13
-1.48188e-13
-1.40478e-13
-1.30025e-13
-1.19033e-13
-1.07197e-13
-9.89303e-14
-8.97097e-14
-8.33651e-14
-7.92152e-14
-7.30032e-14
-6.36016e-14
-5.64631e-14
-4.94888e-14
-4.26593e-14
-3.53924e-14
-2.74333e-14
-2.16503e-14
-1.38784e-14
-4.66524e-15
8.49536e-16
-3.85183e-17
-6.68232e-13
-6.70618e-13
-6.70587e-13
-6.69161e-13
-6.67963e-13
-6.62837e-13
-6.59441e-13
-6.56716e-13
-6.55694e-13
-6.52722e-13
-6.48508e-13
-6.44967e-13
-6.38952e-13
-6.31474e-13
-6.26193e-13
-6.19904e-13
-6.17307e-13
-6.10897e-13
-5.99891e-13
-5.8906e-13
-5.74775e-13
-5.62901e-13
-5.57711e-13
-5.53169e-13
-5.45178e-13
-5.40823e-13
-5.38914e-13
-5.34885e-13
-5.27511e-13
-5.17405e-13
-5.08976e-13
-4.99268e-13
-4.87058e-13
-4.75923e-13
-4.66813e-13
-4.67452e-13
-4.66326e-13
-4.5814e-13
-4.4736e-13
-4.34728e-13
-4.24717e-13
-4.18854e-13
-4.10532e-13
-4.00756e-13
-3.9554e-13
-3.88368e-13
-3.86119e-13
-3.83815e-13
-3.72724e-13
-3.59732e-13
-3.50797e-13
-3.48017e-13
-3.41032e-13
-3.30628e-13
-3.26201e-13
-3.22005e-13
-3.14662e-13
-3.04955e-13
-2.97522e-13
-2.90397e-13
-2.87438e-13
-2.79062e-13
-2.69754e-13
-2.61166e-13
-2.50305e-13
-2.42057e-13
-2.33612e-13
-2.27379e-13
-2.1978e-13
-2.1501e-13
-2.10384e-13
-2.09946e-13
-2.04398e-13
-1.91067e-13
-1.78919e-13
-1.68325e-13
-1.61923e-13
-1.55984e-13
-1.48432e-13
-1.40575e-13
-1.42097e-13
-1.35933e-13
-1.20119e-13
-1.07846e-13
-9.82987e-14
-8.82886e-14
-8.153e-14
-7.83353e-14
-7.25348e-14
-6.35909e-14
-5.56921e-14
-5.00948e-14
-4.30312e-14
-3.42183e-14
-2.92197e-14
-2.02485e-14
-1.13923e-14
-3.54711e-15
1.60319e-15
-4.46997e-16
-6.73794e-13
-6.71471e-13
-6.69446e-13
-6.66954e-13
-6.6296e-13
-6.60991e-13
-6.58558e-13
-6.58565e-13
-6.56685e-13
-6.53214e-13
-6.47555e-13
-6.44162e-13
-6.39208e-13
-6.33999e-13
-6.27542e-13
-6.18725e-13
-6.09976e-13
-6.04312e-13
-5.99601e-13
-5.92486e-13
-5.77216e-13
-5.66226e-13
-5.58072e-13
-5.5104e-13
-5.46625e-13
-5.42599e-13
-5.39423e-13
-5.35519e-13
-5.25757e-13
-5.19418e-13
-5.09801e-13
-4.98411e-13
-4.85735e-13
-4.73885e-13
-4.68874e-13
-4.66988e-13
-4.63418e-13
-4.56695e-13
-4.46779e-13
-4.36086e-13
-4.25082e-13
-4.16176e-13
-4.10901e-13
-4.04454e-13
-3.99088e-13
-3.9225e-13
-3.82864e-13
-3.75832e-13
-3.71372e-13
-3.63264e-13
-3.56659e-13
-3.47893e-13
-3.39251e-13
-3.31277e-13
-3.25065e-13
-3.17582e-13
-3.13533e-13
-3.06787e-13
-2.97709e-13
-2.91004e-13
-2.879e-13
-2.80906e-13
-2.70356e-13
-2.59607e-13
-2.5115e-13
-2.42616e-13
-2.33364e-13
-2.25921e-13
-2.19758e-13
-2.15109e-13
-2.12056e-13
-2.10514e-13
-2.03348e-13
-1.88755e-13
-1.78002e-13
-1.68478e-13
-1.61381e-13
-1.54909e-13
-1.50831e-13
-1.45825e-13
-1.39021e-13
-1.30943e-13
-1.20844e-13
-1.10523e-13
-1.02495e-13
-8.90538e-14
-8.06501e-14
-7.55708e-14
-7.18708e-14
-6.09579e-14
-5.34449e-14
-4.93677e-14
-4.6257e-14
-3.52762e-14
-2.53074e-14
-1.94432e-14
-1.26315e-14
-1.79573e-15
3.11207e-16
-1.21225e-15
-6.75794e-13
-6.70604e-13
-6.65599e-13
-6.65963e-13
-6.59677e-13
-6.60581e-13
-6.58761e-13
-6.59551e-13
-6.59308e-13
-6.51662e-13
-6.46873e-13
-6.4482e-13
-6.43006e-13
-6.35365e-13
-6.27437e-13
-6.21039e-13
-6.13988e-13
-6.04565e-13
-5.981e-13
-5.86555e-13
-5.77212e-13
-5.66404e-13
-5.55458e-13
-5.49216e-13
-5.45241e-13
-5.4559e-13
-5.40054e-13
-5.34185e-13
-5.25688e-13
-5.18189e-13
-5.10016e-13
-5.00103e-13
-4.85769e-13
-4.75939e-13
-4.67323e-13
-4.63504e-13
-4.62062e-13
-4.56823e-13
-4.4696e-13
-4.36163e-13
-4.27839e-13
-4.18527e-13
-4.09908e-13
-4.03237e-13
-3.97291e-13
-3.90628e-13
-3.83066e-13
-3.77946e-13
-3.73119e-13
-3.64027e-13
-3.53878e-13
-3.44364e-13
-3.38592e-13
-3.33345e-13
-3.27523e-13
-3.21498e-13
-3.14273e-13
-3.05569e-13
-2.99722e-13
-2.94664e-13
-2.89215e-13
-2.7973e-13
-2.67048e-13
-2.58191e-13
-2.49675e-13
-2.41001e-13
-2.31991e-13
-2.26782e-13
-2.19691e-13
-2.18231e-13
-2.13052e-13
-2.07037e-13
-1.97647e-13
-1.86778e-13
-1.76799e-13
-1.66957e-13
-1.64393e-13
-1.61058e-13
-1.51906e-13
-1.43343e-13
-1.36551e-13
-1.2893e-13
-1.19817e-13
-1.09452e-13
-9.82781e-14
-8.66056e-14
-8.1558e-14
-7.75779e-14
-7.06693e-14
-6.56031e-14
-5.96431e-14
-4.92662e-14
-4.06439e-14
-3.34512e-14
-2.53642e-14
-1.72406e-14
-1.06478e-14
-6.44659e-15
-2.50364e-15
-1.57595e-15
-6.73795e-13
-6.68936e-13
-6.6732e-13
-6.65413e-13
-6.63067e-13
-6.60267e-13
-6.56146e-13
-6.58639e-13
-6.58659e-13
-6.54682e-13
-6.49181e-13
-6.43757e-13
-6.42167e-13
-6.33903e-13
-6.24834e-13
-6.16403e-13
-6.08545e-13
-6.04587e-13
-5.98689e-13
-5.88763e-13
-5.78519e-13
-5.67762e-13
-5.57422e-13
-5.52338e-13
-5.49683e-13
-5.43361e-13
-5.36798e-13
-5.29217e-13
-5.21921e-13
-5.18199e-13
-5.10805e-13
-5.03971e-13
-4.92649e-13
-4.81592e-13
-4.65772e-13
-4.60381e-13
-4.58109e-13
-4.5377e-13
-4.4615e-13
-4.35861e-13
-4.29175e-13
-4.18716e-13
-4.11983e-13
-4.01823e-13
-3.97566e-13
-3.91472e-13
-3.86894e-13
-3.79191e-13
-3.69757e-13
-3.57839e-13
-3.52897e-13
-3.48947e-13
-3.41759e-13
-3.29873e-13
-3.23175e-13
-3.17087e-13
-3.10071e-13
-3.07938e-13
-3.00451e-13
-2.97776e-13
-2.96811e-13
-2.77649e-13
-2.65416e-13
-2.59651e-13
-2.52127e-13
-2.43139e-13
-2.34111e-13
-2.27451e-13
-2.17613e-13
-2.13326e-13
-2.09144e-13
-2.09118e-13
-2.01694e-13
-1.8971e-13
-1.7483e-13
-1.63325e-13
-1.63842e-13
-1.5981e-13
-1.51703e-13
-1.45511e-13
-1.38148e-13
-1.29323e-13
-1.18614e-13
-1.08067e-13
-9.90661e-14
-8.79944e-14
-8.08668e-14
-7.75575e-14
-7.15696e-14
-6.16798e-14
-5.45176e-14
-4.89875e-14
-4.12006e-14
-3.31978e-14
-2.86256e-14
-2.24823e-14
-1.09083e-14
-3.64655e-15
1.69118e-15
-3.93653e-16
-6.68925e-13
-6.70732e-13
-6.70485e-13
-6.65072e-13
-6.60744e-13
-6.61198e-13
-6.59711e-13
-6.56306e-13
-6.56724e-13
-6.53552e-13
-6.50671e-13
-6.47045e-13
-6.40481e-13
-6.32461e-13
-6.25468e-13
-6.19279e-13
-6.14995e-13
-6.10453e-13
-6.00651e-13
-5.86803e-13
-5.71186e-13
-5.59045e-13
-5.54735e-13
-5.54104e-13
-5.5046e-13
-5.4278e-13
-5.34063e-13
-5.29181e-13
-5.21721e-13
-5.18955e-13
-5.14024e-13
-5.00853e-13
-4.88377e-13
-4.79708e-13
-4.71217e-13
-4.65445e-13
-4.5987e-13
-4.52479e-13
-4.45182e-13
-4.36769e-13
-4.27682e-13
-4.18014e-13
-4.09144e-13
-4.04043e-13
-4.0174e-13
-3.92823e-13
-3.8477e-13
-3.73872e-13
-3.70582e-13
-3.63458e-13
-3.52389e-13
-3.47494e-13
-3.40907e-13
-3.32683e-13
-3.25903e-13
-3.14177e-13
-3.03959e-13
-3.05993e-13
-3.07871e-13
-2.99272e-13
-2.89981e-13
-2.79416e-13
-2.68427e-13
-2.61282e-13
-2.50966e-13
-2.40094e-13
-2.31405e-13
-2.25612e-13
-2.22149e-13
-2.16254e-13
-2.09866e-13
-2.03546e-13
-1.9706e-13
-1.85218e-13
-1.76137e-13
-1.67482e-13
-1.61056e-13
-1.59918e-13
-1.57101e-13
-1.46702e-13
-1.35947e-13
-1.24659e-13
-1.16035e-13
-1.04345e-13
-9.60496e-14
-9.01857e-14
-8.09011e-14
-7.64329e-14
-6.93523e-14
-6.15787e-14
-5.81364e-14
-5.06615e-14
-4.2832e-14
-3.48878e-14
-2.82115e-14
-2.06423e-14
-1.36565e-14
-4.2961e-15
3.68242e-16
-5.07716e-16
-6.7385e-13
-6.66361e-13
-6.64373e-13
-6.59434e-13
-6.62259e-13
-6.63727e-13
-6.65503e-13
-6.6365e-13
-6.58236e-13
-6.52025e-13
-6.47012e-13
-6.43101e-13
-6.36999e-13
-6.33671e-13
-6.29029e-13
-6.18998e-13
-6.09539e-13
-6.01079e-13
-5.94852e-13
-5.87832e-13
-5.7796e-13
-5.64945e-13
-5.58292e-13
-5.52839e-13
-5.47747e-13
-5.44159e-13
-5.40217e-13
-5.31498e-13
-5.22132e-13
-5.16413e-13
-5.09111e-13
-5.01673e-13
-4.91137e-13
-4.81268e-13
-4.70486e-13
-4.63175e-13
-4.58923e-13
-4.50157e-13
-4.42182e-13
-4.34267e-13
-4.27745e-13
-4.2058e-13
-4.14012e-13
-4.04175e-13
-3.99222e-13
-3.90492e-13
-3.83161e-13
-3.79755e-13
-3.71922e-13
-3.62116e-13
-3.50807e-13
-3.45059e-13
-3.37941e-13
-3.28592e-13
-3.22503e-13
-3.19023e-13
-3.1248e-13
-3.10062e-13
-3.03661e-13
-2.93966e-13
-2.92605e-13
-2.82328e-13
-2.70642e-13
-2.61164e-13
-2.50876e-13
-2.40138e-13
-2.34456e-13
-2.2792e-13
-2.22613e-13
-2.1812e-13
-2.10647e-13
-2.00586e-13
-1.93923e-13
-1.84302e-13
-1.77871e-13
-1.67807e-13
-1.62411e-13
-1.5695e-13
-1.51813e-13
-1.46457e-13
-1.35253e-13
-1.24901e-13
-1.14841e-13
-1.05371e-13
-9.86526e-14
-9.08934e-14
-8.31408e-14
-7.43928e-14
-6.76462e-14
-6.29352e-14
-5.5721e-14
-4.87943e-14
-4.28613e-14
-3.76109e-14
-2.97227e-14
-2.18107e-14
-1.41833e-14
-5.22649e-15
9.34534e-16
6.45397e-16
-6.71431e-13
-6.66925e-13
-6.67033e-13
-6.62683e-13
-6.61805e-13
-6.6254e-13
-6.60346e-13
-6.56137e-13
-6.56308e-13
-6.56929e-13
-6.52039e-13
-6.43847e-13
-6.35813e-13
-6.35703e-13
-6.25606e-13
-6.18776e-13
-6.10154e-13
-6.03857e-13
-5.98e-13
-5.90731e-13
-5.75372e-13
-5.63025e-13
-5.554e-13
-5.51127e-13
-5.46775e-13
-5.44244e-13
-5.38689e-13
-5.29988e-13
-5.2117e-13
-5.1549e-13
-5.10093e-13
-5.02313e-13
-4.92982e-13
-4.8245e-13
-4.71996e-13
-4.63881e-13
-4.57482e-13
-4.49764e-13
-4.41287e-13
-4.33016e-13
-4.27852e-13
-4.19342e-13
-4.13201e-13
-4.04837e-13
-3.99008e-13
-3.9386e-13
-3.85488e-13
-3.75652e-13
-3.698e-13
-3.61394e-13
-3.51076e-13
-3.44626e-13
-3.36897e-13
-3.32294e-13
-3.30149e-13
-3.20526e-13
-3.10898e-13
-3.05995e-13
-3.01728e-13
-2.94507e-13
-2.9034e-13
-2.82064e-13
-2.69579e-13
-2.60405e-13
-2.49713e-13
-2.4185e-13
-2.30844e-13
-2.23639e-13
-2.20436e-13
-2.18849e-13
-2.10977e-13
-2.02822e-13
-1.95102e-13
-1.8478e-13
-1.75347e-13
-1.66801e-13
-1.63568e-13
-1.59123e-13
-1.52206e-13
-1.45196e-13
-1.34328e-13
-1.24435e-13
-1.12073e-13
-1.05353e-13
-9.79557e-14
-8.65946e-14
-7.87509e-14
-7.60057e-14
-7.35952e-14
-6.43266e-14
-5.29039e-14
-4.57852e-14
-4.26176e-14
-3.45378e-14
-3.07847e-14
-2.37949e-14
-1.15491e-14
-2.66572e-15
1.58536e-15
3.41714e-16
-6.64747e-13
-6.67005e-13
-6.6589e-13
-6.65483e-13
-6.67132e-13
-6.64669e-13
-6.59809e-13
-6.60032e-13
-6.58845e-13
-6.53898e-13
-6.46504e-13
-6.39359e-13
-6.3361e-13
-6.31353e-13
-6.2995e-13
-6.21968e-13
-6.11303e-13
-6.05119e-13
-5.94596e-13
-5.86361e-13
-5.76524e-13
-5.65631e-13
-5.55835e-13
-5.49201e-13
-5.43681e-13
-5.41386e-13
-5.36638e-13
-5.32028e-13
-5.26823e-13
-5.20749e-13
-5.09223e-13
-4.9546e-13
-4.87896e-13
-4.8096e-13
-4.75983e-13
-4.68289e-13
-4.61825e-13
-4.52731e-13
-4.42573e-13
-4.32409e-13
-4.24305e-13
-4.18168e-13
-4.10846e-13
-4.05756e-13
-3.99969e-13
-3.93418e-13
-3.86732e-13
-3.77499e-13
-3.69178e-13
-3.60906e-13
-3.5225e-13
-3.41041e-13
-3.36446e-13
-3.3202e-13
-3.29294e-13
-3.20105e-13
-3.10738e-13
-3.06203e-13
-3.01195e-13
-2.94358e-13
-2.86883e-13
-2.80896e-13
-2.72225e-13
-2.63475e-13
-2.53883e-13
-2.40949e-13
-2.30395e-13
-2.24774e-13
-2.19543e-13
-2.1593e-13
-2.10087e-13
-2.02906e-13
-1.93139e-13
-1.85121e-13
-1.76622e-13
-1.67965e-13
-1.59127e-13
-1.54801e-13
-1.55409e-13
-1.4679e-13
-1.34525e-13
-1.24875e-13
-1.09372e-13
-1.0401e-13
-1.00874e-13
-9.02943e-14
-8.28432e-14
-7.5621e-14
-6.96921e-14
-6.16351e-14
-5.31108e-14
-4.80069e-14
-4.30236e-14
-3.56491e-14
-2.90092e-14
-2.19278e-14
-1.50963e-14
-5.94993e-15
-3.7393e-17
4.08302e-16
-6.64466e-13
-6.68628e-13
-6.69796e-13
-6.67418e-13
-6.63787e-13
-6.58793e-13
-6.54737e-13
-6.58752e-13
-6.62139e-13
-6.54501e-13
-6.47597e-13
-6.41061e-13
-6.35653e-13
-6.31917e-13
-6.2615e-13
-6.17867e-13
-6.09271e-13
-6.07187e-13
-5.98711e-13
-5.86801e-13
-5.77007e-13
-5.66855e-13
-5.5861e-13
-5.51068e-13
-5.44709e-13
-5.40473e-13
-5.35706e-13
-5.30651e-13
-5.25835e-13
-5.15573e-13
-5.0525e-13
-5.00382e-13
-4.95446e-13
-4.83384e-13
-4.71921e-13
-4.631e-13
-4.57756e-13
-4.50213e-13
-4.42567e-13
-4.34429e-13
-4.22563e-13
-4.16848e-13
-4.12282e-13
-4.08271e-13
-4.02609e-13
-3.94634e-13
-3.86987e-13
-3.78196e-13
-3.66711e-13
-3.58367e-13
-3.51074e-13
-3.42772e-13
-3.36459e-13
-3.32747e-13
-3.29852e-13
-3.22926e-13
-3.13948e-13
-3.04972e-13
-2.97443e-13
-2.9469e-13
-2.8798e-13
-2.78656e-13
-2.6808e-13
-2.60518e-13
-2.53329e-13
-2.44622e-13
-2.36864e-13
-2.27483e-13
-2.19555e-13
-2.11267e-13
-2.07566e-13
-2.03954e-13
-1.95634e-13
-1.85727e-13
-1.77375e-13
-1.70096e-13
-1.60349e-13
-1.54138e-13
-1.48756e-13
-1.416e-13
-1.32906e-13
-1.23303e-13
-1.12996e-13
-1.05977e-13
-9.96697e-14
-9.15894e-14
-8.18025e-14
-7.18037e-14
-6.66457e-14
-5.99831e-14
-5.35052e-14
-4.71121e-14
-4.38566e-14
-3.8013e-14
-2.93133e-14
-2.07621e-14
-1.40234e-14
-7.31007e-15
-2.0657e-15
9.53057e-16
-6.66065e-13
-6.65209e-13
-6.64589e-13
-6.6661e-13
-6.67943e-13
-6.63939e-13
-6.6066e-13
-6.59203e-13
-6.56275e-13
-6.51478e-13
-6.46572e-13
-6.42357e-13
-6.35378e-13
-6.27797e-13
-6.25281e-13
-6.25423e-13
-6.17529e-13
-6.06301e-13
-5.95101e-13
-5.86149e-13
-5.748e-13
-5.63193e-13
-5.55353e-13
-5.48409e-13
-5.44396e-13
-5.395e-13
-5.3566e-13
-5.3172e-13
-5.24771e-13
-5.15348e-13
-5.06468e-13
-5.0264e-13
-4.90793e-13
-4.81041e-13
-4.73458e-13
-4.6559e-13
-4.60312e-13
-4.51672e-13
-4.42761e-13
-4.31791e-13
-4.24093e-13
-4.18589e-13
-4.13491e-13
-4.09335e-13
-4.01107e-13
-3.93712e-13
-3.87798e-13
-3.78394e-13
-3.65696e-13
-3.56546e-13
-3.49102e-13
-3.42047e-13
-3.39454e-13
-3.34224e-13
-3.27159e-13
-3.19743e-13
-3.13197e-13
-3.04792e-13
-2.97331e-13
-2.92465e-13
-2.8851e-13
-2.7837e-13
-2.68244e-13
-2.60024e-13
-2.52381e-13
-2.43287e-13
-2.32548e-13
-2.25296e-13
-2.20539e-13
-2.15781e-13
-2.12256e-13
-2.04944e-13
-1.95823e-13
-1.85588e-13
-1.75662e-13
-1.65938e-13
-1.58841e-13
-1.553e-13
-1.4875e-13
-1.41982e-13
-1.33245e-13
-1.23427e-13
-1.1326e-13
-1.07252e-13
-1.02377e-13
-9.3916e-14
-8.36944e-14
-7.38601e-14
-6.7275e-14
-5.85521e-14
-5.02576e-14
-4.38871e-14
-3.98515e-14
-3.69464e-14
-3.19164e-14
-2.48036e-14
-1.38919e-14
-3.19881e-15
1.80485e-15
1.14877e-15
-6.648e-13
-6.67937e-13
-6.72865e-13
-6.66297e-13
-6.62965e-13
-6.59265e-13
-6.54637e-13
-6.56993e-13
-6.57184e-13
-6.57812e-13
-6.52216e-13
-6.42502e-13
-6.33521e-13
-6.25933e-13
-6.20545e-13
-6.19133e-13
-6.20237e-13
-6.10782e-13
-5.97535e-13
-5.8728e-13
-5.73825e-13
-5.61466e-13
-5.54311e-13
-5.47423e-13
-5.42462e-13
-5.40271e-13
-5.37677e-13
-5.32362e-13
-5.2562e-13
-5.16926e-13
-5.10482e-13
-5.03583e-13
-4.92806e-13
-4.78517e-13
-4.67613e-13
-4.61111e-13
-4.56181e-13
-4.49935e-13
-4.43027e-13
-4.33257e-13
-4.25335e-13
-4.20215e-13
-4.15038e-13
-4.08749e-13
-4.0164e-13
-3.93337e-13
-3.84701e-13
-3.76557e-13
-3.68887e-13
-3.58446e-13
-3.50482e-13
-3.43524e-13
-3.34971e-13
-3.29026e-13
-3.25177e-13
-3.21601e-13
-3.13731e-13
-3.06193e-13
-2.97456e-13
-2.90613e-13
-2.8858e-13
-2.79789e-13
-2.69898e-13
-2.61934e-13
-2.52628e-13
-2.41354e-13
-2.32072e-13
-2.2807e-13
-2.20512e-13
-2.14572e-13
-2.09834e-13
-2.03432e-13
-1.98325e-13
-1.8803e-13
-1.72924e-13
-1.61022e-13
-1.58676e-13
-1.57163e-13
-1.51046e-13
-1.40756e-13
-1.31445e-13
-1.25487e-13
-1.15879e-13
-1.08937e-13
-1.02845e-13
-8.97618e-14
-7.88112e-14
-7.43651e-14
-6.78496e-14
-5.99964e-14
-5.06192e-14
-4.24341e-14
-3.66592e-14
-3.32223e-14
-3.2115e-14
-2.83481e-14
-1.58607e-14
-2.33859e-15
3.78761e-15
1.19188e-15
-6.65124e-13
-6.65261e-13
-6.68305e-13
-6.67909e-13
-6.65897e-13
-6.60902e-13
-6.58932e-13
-6.57608e-13
-6.56616e-13
-6.49165e-13
-6.43486e-13
-6.38824e-13
-6.36692e-13
-6.32326e-13
-6.28515e-13
-6.25558e-13
-6.17395e-13
-6.06352e-13
-5.97449e-13
-5.85468e-13
-5.72749e-13
-5.59866e-13
-5.53315e-13
-5.49088e-13
-5.43057e-13
-5.36805e-13
-5.36418e-13
-5.29736e-13
-5.18983e-13
-5.13353e-13
-5.11556e-13
-5.047e-13
-4.97312e-13
-4.85299e-13
-4.68627e-13
-4.58081e-13
-4.53809e-13
-4.48834e-13
-4.42987e-13
-4.3428e-13
-4.26614e-13
-4.19444e-13
-4.14622e-13
-4.1052e-13
-4.04093e-13
-3.98044e-13
-3.85557e-13
-3.73431e-13
-3.6496e-13
-3.54958e-13
-3.48475e-13
-3.44932e-13
-3.38103e-13
-3.30685e-13
-3.25015e-13
-3.19837e-13
-3.09928e-13
-3.03407e-13
-2.96475e-13
-2.9103e-13
-2.87868e-13
-2.78148e-13
-2.68239e-13
-2.61126e-13
-2.51386e-13
-2.40099e-13
-2.32944e-13
-2.25503e-13
-2.1902e-13
-2.19501e-13
-2.15606e-13
-2.07145e-13
-1.97768e-13
-1.85354e-13
-1.71609e-13
-1.60672e-13
-1.56717e-13
-1.57298e-13
-1.50319e-13
-1.41472e-13
-1.3317e-13
-1.2516e-13
-1.15053e-13
-1.06955e-13
-1.01571e-13
-9.12967e-14
-7.83586e-14
-7.32097e-14
-6.86273e-14
-6.15052e-14
-5.18824e-14
-4.15941e-14
-3.69679e-14
-3.52294e-14
-3.47677e-14
-2.82204e-14
-1.36871e-14
-4.10231e-15
1.51118e-15
1.40081e-15
-6.67951e-13
-6.67763e-13
-6.69399e-13
-6.64829e-13
-6.61691e-13
-6.61736e-13
-6.60981e-13
-6.58193e-13
-6.54296e-13
-6.49005e-13
-6.42184e-13
-6.3889e-13
-6.3524e-13
-6.32504e-13
-6.29279e-13
-6.23172e-13
-6.16396e-13
-6.06964e-13
-5.95751e-13
-5.86016e-13
-5.69065e-13
-5.60113e-13
-5.5665e-13
-5.49541e-13
-5.44305e-13
-5.39057e-13
-5.35099e-13
-5.32765e-13
-5.26465e-13
-5.18109e-13
-5.10501e-13
-5.01523e-13
-4.91604e-13
-4.77806e-13
-4.64772e-13
-4.5679e-13
-4.5469e-13
-4.49974e-13
-4.45575e-13
-4.36395e-13
-4.26646e-13
-4.22567e-13
-4.16121e-13
-4.07253e-13
-4.01344e-13
-3.94856e-13
-3.84963e-13
-3.72246e-13
-3.64528e-13
-3.57446e-13
-3.49913e-13
-3.45425e-13
-3.40687e-13
-3.29188e-13
-3.23098e-13
-3.18619e-13
-3.09451e-13
-3.02948e-13
-2.96356e-13
-2.91396e-13
-2.86208e-13
-2.78426e-13
-2.69221e-13
-2.62907e-13
-2.52424e-13
-2.41469e-13
-2.34681e-13
-2.29768e-13
-2.21181e-13
-2.11894e-13
-2.08356e-13
-2.03588e-13
-1.95955e-13
-1.8482e-13
-1.72853e-13
-1.6261e-13
-1.59524e-13
-1.56116e-13
-1.50183e-13
-1.4258e-13
-1.33611e-13
-1.23668e-13
-1.14656e-13
-1.07653e-13
-1.02688e-13
-9.14678e-14
-7.92316e-14
-7.40894e-14
-6.57802e-14
-5.72658e-14
-5.18968e-14
-4.48224e-14
-3.88139e-14
-3.56953e-14
-3.33602e-14
-2.57688e-14
-1.6793e-14
-6.78194e-15
-3.49605e-16
4.84876e-16
-6.613e-13
-6.70665e-13
-6.70643e-13
-6.68459e-13
-6.65362e-13
-6.62749e-13
-6.62299e-13
-6.58348e-13
-6.54231e-13
-6.47961e-13
-6.38094e-13
-6.3184e-13
-6.3081e-13
-6.30192e-13
-6.27978e-13
-6.22953e-13
-6.18166e-13
-6.08791e-13
-5.95291e-13
-5.85084e-13
-5.75443e-13
-5.65196e-13
-5.56475e-13
-5.47986e-13
-5.42826e-13
-5.37354e-13
-5.34318e-13
-5.30403e-13
-5.24983e-13
-5.15538e-13
-5.05863e-13
-4.97761e-13
-4.89097e-13
-4.80271e-13
-4.72036e-13
-4.62775e-13
-4.5557e-13
-4.48949e-13
-4.43536e-13
-4.35398e-13
-4.27548e-13
-4.23397e-13
-4.15653e-13
-4.08297e-13
-4.02761e-13
-3.93935e-13
-3.82973e-13
-3.73687e-13
-3.66104e-13
-3.58339e-13
-3.49409e-13
-3.42584e-13
-3.38834e-13
-3.30745e-13
-3.24913e-13
-3.17094e-13
-3.07339e-13
-3.03922e-13
-2.97407e-13
-2.91264e-13
-2.84563e-13
-2.75329e-13
-2.64719e-13
-2.57109e-13
-2.51415e-13
-2.46104e-13
-2.39373e-13
-2.32374e-13
-2.24457e-13
-2.16512e-13
-2.07316e-13
-1.98991e-13
-1.8967e-13
-1.80963e-13
-1.73021e-13
-1.66806e-13
-1.6247e-13
-1.5511e-13
-1.47205e-13
-1.40438e-13
-1.34453e-13
-1.24647e-13
-1.1473e-13
-1.07297e-13
-1.00084e-13
-9.02014e-14
-8.16801e-14
-7.11502e-14
-6.41974e-14
-6.0438e-14
-5.37113e-14
-4.64473e-14
-4.15966e-14
-3.71224e-14
-3.25241e-14
-2.78719e-14
-2.14762e-14
-1.0908e-14
-4.64853e-15
-1.01364e-15
-6.66319e-13
-6.66578e-13
-6.66775e-13
-6.66826e-13
-6.65292e-13
-6.6558e-13
-6.63797e-13
-6.59959e-13
-6.50428e-13
-6.44632e-13
-6.36978e-13
-6.33025e-13
-6.29899e-13
-6.3109e-13
-6.30537e-13
-6.24983e-13
-6.17251e-13
-6.01962e-13
-5.92957e-13
-5.82325e-13
-5.71427e-13
-5.669e-13
-5.61951e-13
-5.54204e-13
-5.4663e-13
-5.40019e-13
-5.34844e-13
-5.28745e-13
-5.24708e-13
-5.16058e-13
-5.05501e-13
-4.9404e-13
-4.86617e-13
-4.80183e-13
-4.70081e-13
-4.61979e-13
-4.54923e-13
-4.49028e-13
-4.4301e-13
-4.35478e-13
-4.29173e-13
-4.23161e-13
-4.14622e-13
-4.08336e-13
-4.00427e-13
-3.93426e-13
-3.83817e-13
-3.75087e-13
-3.66089e-13
-3.58016e-13
-3.49398e-13
-3.41854e-13
-3.38385e-13
-3.3193e-13
-3.26098e-13
-3.17886e-13
-3.08646e-13
-3.03062e-13
-2.95163e-13
-2.87647e-13
-2.83597e-13
-2.7658e-13
-2.68317e-13
-2.61923e-13
-2.5156e-13
-2.45093e-13
-2.38106e-13
-2.32852e-13
-2.2528e-13
-2.15579e-13
-2.04083e-13
-1.94708e-13
-1.88179e-13
-1.83591e-13
-1.76305e-13
-1.68388e-13
-1.6172e-13
-1.50755e-13
-1.46463e-13
-1.41106e-13
-1.36182e-13
-1.28013e-13
-1.15868e-13
-1.06157e-13
-9.80541e-14
-8.92862e-14
-7.9821e-14
-7.31248e-14
-6.62393e-14
-6.0401e-14
-5.39893e-14
-4.70098e-14
-4.10163e-14
-3.87464e-14
-3.36019e-14
-2.92856e-14
-2.14015e-14
-1.10811e-14
-5.97654e-15
-4.555e-16
-6.68555e-13
-6.67273e-13
-6.64427e-13
-6.66336e-13
-6.65871e-13
-6.6449e-13
-6.6529e-13
-6.63511e-13
-6.52546e-13
-6.44617e-13
-6.34525e-13
-6.29742e-13
-6.29004e-13
-6.2901e-13
-6.26388e-13
-6.2186e-13
-6.14746e-13
-6.05133e-13
-5.95137e-13
-5.86747e-13
-5.74147e-13
-5.66321e-13
-5.61292e-13
-5.52991e-13
-5.44662e-13
-5.3915e-13
-5.35497e-13
-5.29964e-13
-5.21865e-13
-5.13651e-13
-5.02825e-13
-4.92384e-13
-4.87778e-13
-4.80741e-13
-4.74406e-13
-4.6164e-13
-4.53462e-13
-4.49309e-13
-4.44147e-13
-4.3656e-13
-4.30035e-13
-4.20789e-13
-4.13274e-13
-4.0672e-13
-4.00948e-13
-3.93353e-13
-3.85024e-13
-3.74601e-13
-3.67947e-13
-3.57813e-13
-3.50629e-13
-3.4408e-13
-3.37379e-13
-3.29951e-13
-3.23369e-13
-3.16257e-13
-3.08633e-13
-3.01277e-13
-2.92683e-13
-2.88215e-13
-2.85321e-13
-2.79733e-13
-2.67337e-13
-2.5877e-13
-2.5071e-13
-2.46293e-13
-2.38763e-13
-2.3008e-13
-2.23066e-13
-2.16481e-13
-2.08288e-13
-1.98479e-13
-1.87182e-13
-1.78487e-13
-1.72293e-13
-1.66934e-13
-1.63232e-13
-1.55769e-13
-1.46515e-13
-1.38271e-13
-1.31316e-13
-1.25967e-13
-1.18629e-13
-1.09108e-13
-1.00248e-13
-8.82869e-14
-7.76856e-14
-7.19211e-14
-6.55422e-14
-6.13552e-14
-5.54082e-14
-4.91814e-14
-4.4081e-14
-4.01122e-14
-3.45731e-14
-2.64598e-14
-1.81818e-14
-1.09621e-14
-6.25178e-15
-5.75099e-16
-6.68006e-13
-6.65708e-13
-6.65651e-13
-6.63079e-13
-6.66789e-13
-6.69113e-13
-6.62928e-13
-6.58104e-13
-6.51484e-13
-6.4335e-13
-6.36262e-13
-6.32357e-13
-6.31408e-13
-6.29257e-13
-6.25172e-13
-6.21742e-13
-6.16558e-13
-6.06501e-13
-5.94631e-13
-5.85908e-13
-5.73918e-13
-5.65424e-13
-5.60524e-13
-5.51295e-13
-5.45338e-13
-5.4245e-13
-5.35848e-13
-5.26717e-13
-5.20818e-13
-5.15161e-13
-5.06035e-13
-4.96404e-13
-4.85791e-13
-4.75376e-13
-4.69513e-13
-4.61952e-13
-4.54724e-13
-4.50487e-13
-4.44232e-13
-4.36323e-13
-4.28713e-13
-4.20803e-13
-4.12321e-13
-4.07406e-13
-4.03106e-13
-3.93762e-13
-3.82562e-13
-3.73427e-13
-3.66389e-13
-3.58878e-13
-3.5071e-13
-3.4256e-13
-3.36278e-13
-3.29428e-13
-3.21478e-13
-3.15338e-13
-3.09437e-13
-3.03163e-13
-2.97539e-13
-2.90831e-13
-2.82235e-13
-2.72904e-13
-2.63613e-13
-2.587e-13
-2.54162e-13
-2.49377e-13
-2.42159e-13
-2.32656e-13
-2.24025e-13
-2.1531e-13
-2.03669e-13
-1.94169e-13
-1.84756e-13
-1.79714e-13
-1.75538e-13
-1.70054e-13
-1.62524e-13
-1.53877e-13
-1.46081e-13
-1.38736e-13
-1.33271e-13
-1.25689e-13
-1.14036e-13
-1.0521e-13
-9.91836e-14
-9.13737e-14
-7.93286e-14
-7.10686e-14
-6.60202e-14
-6.2543e-14
-5.56463e-14
-4.93531e-14
-4.39205e-14
-4.03123e-14
-3.45385e-14
-2.72111e-14
-2.03565e-14
-1.18696e-14
-6.85134e-15
-2.27463e-15
-6.66666e-13
-6.62876e-13
-6.67203e-13
-6.68588e-13
-6.67278e-13
-6.65862e-13
-6.65367e-13
-6.58975e-13
-6.52318e-13
-6.45677e-13
-6.38275e-13
-6.31974e-13
-6.26944e-13
-6.24464e-13
-6.21757e-13
-6.19524e-13
-6.14324e-13
-6.06738e-13
-5.9584e-13
-5.85363e-13
-5.75499e-13
-5.69676e-13
-5.62787e-13
-5.55106e-13
-5.4641e-13
-5.40423e-13
-5.35655e-13
-5.25313e-13
-5.19166e-13
-5.13893e-13
-5.03719e-13
-4.95162e-13
-4.85009e-13
-4.75775e-13
-4.68534e-13
-4.62451e-13
-4.5352e-13
-4.49219e-13
-4.44674e-13
-4.38603e-13
-4.28826e-13
-4.20134e-13
-4.11985e-13
-4.05807e-13
-4.0111e-13
-3.93913e-13
-3.85087e-13
-3.75142e-13
-3.65283e-13
-3.57087e-13
-3.50198e-13
-3.43573e-13
-3.3558e-13
-3.28522e-13
-3.21384e-13
-3.14511e-13
-3.08516e-13
-3.02044e-13
-2.96828e-13
-2.91058e-13
-2.81273e-13
-2.74125e-13
-2.66363e-13
-2.59025e-13
-2.54027e-13
-2.47657e-13
-2.39003e-13
-2.31909e-13
-2.2424e-13
-2.13671e-13
-2.05088e-13
-1.96039e-13
-1.86814e-13
-1.81049e-13
-1.74703e-13
-1.67361e-13
-1.60225e-13
-1.51467e-13
-1.45243e-13
-1.3935e-13
-1.33714e-13
-1.27036e-13
-1.1687e-13
-1.07115e-13
-9.71752e-14
-8.89571e-14
-7.95543e-14
-7.05934e-14
-6.58285e-14
-6.32366e-14
-5.80328e-14
-5.08946e-14
-4.30474e-14
-4.03784e-14
-3.4574e-14
-2.74023e-14
-1.92385e-14
-1.18896e-14
-7.46588e-15
-2.56792e-15
-6.66005e-13
-6.62132e-13
-6.64822e-13
-6.7062e-13
-6.69885e-13
-6.67533e-13
-6.64521e-13
-6.58949e-13
-6.53435e-13
-6.46305e-13
-6.36741e-13
-6.30081e-13
-6.27365e-13
-6.27072e-13
-6.26808e-13
-6.2037e-13
-6.13722e-13
-6.04183e-13
-5.92027e-13
-5.83054e-13
-5.76034e-13
-5.69831e-13
-5.62069e-13
-5.53893e-13
-5.46543e-13
-5.42219e-13
-5.36159e-13
-5.28132e-13
-5.1834e-13
-5.10278e-13
-5.02995e-13
-4.91579e-13
-4.79851e-13
-4.74548e-13
-4.70957e-13
-4.64008e-13
-4.55998e-13
-4.49405e-13
-4.42242e-13
-4.33803e-13
-4.2845e-13
-4.20275e-13
-4.12554e-13
-4.08262e-13
-4.03162e-13
-3.93665e-13
-3.8455e-13
-3.74662e-13
-3.65493e-13
-3.56334e-13
-3.46907e-13
-3.40908e-13
-3.38121e-13
-3.29923e-13
-3.2142e-13
-3.14192e-13
-3.07393e-13
-3.0251e-13
-2.96793e-13
-2.89111e-13
-2.80774e-13
-2.74406e-13
-2.70752e-13
-2.63105e-13
-2.54635e-13
-2.44258e-13
-2.33636e-13
-2.26684e-13
-2.20767e-13
-2.15268e-13
-2.08519e-13
-2.00116e-13
-1.90432e-13
-1.80536e-13
-1.72135e-13
-1.66353e-13
-1.60533e-13
-1.53916e-13
-1.46018e-13
-1.36591e-13
-1.29569e-13
-1.25004e-13
-1.19363e-13
-1.08573e-13
-9.59839e-14
-8.60172e-14
-7.836e-14
-7.07062e-14
-6.60482e-14
-6.51215e-14
-6.12246e-14
-5.351e-14
-4.43937e-14
-3.96752e-14
-3.24302e-14
-2.64564e-14
-1.67348e-14
-9.76988e-15
-4.33124e-15
-1.11569e-15
-6.65919e-13
-6.64773e-13
-6.67688e-13
-6.68471e-13
-6.70089e-13
-6.70171e-13
-6.66202e-13
-6.58479e-13
-6.50408e-13
-6.44143e-13
-6.35931e-13
-6.33054e-13
-6.30162e-13
-6.26663e-13
-6.2187e-13
-6.17031e-13
-6.06143e-13
-6.03854e-13
-5.97917e-13
-5.89287e-13
-5.79441e-13
-5.69738e-13
-5.63241e-13
-5.56422e-13
-5.49995e-13
-5.42015e-13
-5.32549e-13
-5.25137e-13
-5.16848e-13
-5.09013e-13
-5.05477e-13
-4.93806e-13
-4.80795e-13
-4.74194e-13
-4.66056e-13
-4.60527e-13
-4.55466e-13
-4.51313e-13
-4.44609e-13
-4.36738e-13
-4.29197e-13
-4.17087e-13
-4.10592e-13
-4.06307e-13
-4.02046e-13
-3.94401e-13
-3.8671e-13
-3.75205e-13
-3.66504e-13
-3.57228e-13
-3.48684e-13
-3.40728e-13
-3.36689e-13
-3.29563e-13
-3.21427e-13
-3.11601e-13
-3.04042e-13
-3.01693e-13
-2.97386e-13
-2.9366e-13
-2.83298e-13
-2.74347e-13
-2.66185e-13
-2.5944e-13
-2.52462e-13
-2.45968e-13
-2.39079e-13
-2.2908e-13
-2.20221e-13
-2.12299e-13
-2.05318e-13
-1.96845e-13
-1.87509e-13
-1.79065e-13
-1.71614e-13
-1.67405e-13
-1.62288e-13
-1.54601e-13
-1.46253e-13
-1.37433e-13
-1.30923e-13
-1.25326e-13
-1.15557e-13
-1.05011e-13
-9.64855e-14
-8.99407e-14
-8.20877e-14
-7.3879e-14
-6.81623e-14
-6.34546e-14
-5.77253e-14
-5.2975e-14
-4.63351e-14
-3.82189e-14
-3.13961e-14
-2.39715e-14
-1.7189e-14
-1.14637e-14
-6.59938e-15
-1.99783e-15
-6.66497e-13
-6.64826e-13
-6.64676e-13
-6.7025e-13
-6.70935e-13
-6.70145e-13
-6.65571e-13
-6.58288e-13
-6.51765e-13
-6.44425e-13
-6.35935e-13
-6.30492e-13
-6.29045e-13
-6.28241e-13
-6.23955e-13
-6.17839e-13
-6.11771e-13
-6.05417e-13
-5.96145e-13
-5.86332e-13
-5.77245e-13
-5.69117e-13
-5.61861e-13
-5.54456e-13
-5.48121e-13
-5.41835e-13
-5.33715e-13
-5.28e-13
-5.20395e-13
-5.08254e-13
-5.01039e-13
-4.91142e-13
-4.81099e-13
-4.74551e-13
-4.68268e-13
-4.6211e-13
-4.56596e-13
-4.48975e-13
-4.41818e-13
-4.33804e-13
-4.29025e-13
-4.1882e-13
-4.12767e-13
-4.07751e-13
-4.01153e-13
-3.93093e-13
-3.84598e-13
-3.76387e-13
-3.65906e-13
-3.54888e-13
-3.47977e-13
-3.41702e-13
-3.37737e-13
-3.28612e-13
-3.22424e-13
-3.16915e-13
-3.07819e-13
-3.00088e-13
-2.95662e-13
-2.90359e-13
-2.84216e-13
-2.77054e-13
-2.67725e-13
-2.5927e-13
-2.50464e-13
-2.43216e-13
-2.36362e-13
-2.28253e-13
-2.2103e-13
-2.13668e-13
-2.07028e-13
-1.98441e-13
-1.89186e-13
-1.80383e-13
-1.72123e-13
-1.66122e-13
-1.62802e-13
-1.54108e-13
-1.44755e-13
-1.35489e-13
-1.29109e-13
-1.25315e-13
-1.19578e-13
-1.069e-13
-9.71371e-14
-8.69918e-14
-7.81123e-14
-7.20735e-14
-6.82029e-14
-6.45718e-14
-6.02741e-14
-5.32847e-14
-4.73337e-14
-3.90486e-14
-3.15268e-14
-2.36159e-14
-1.5729e-14
-1.01414e-14
-6.30313e-15
-3.41781e-15
-6.64651e-13
-6.64436e-13
-6.6683e-13
-6.70239e-13
-6.7183e-13
-6.69432e-13
-6.67744e-13
-6.61079e-13
-6.52789e-13
-6.45498e-13
-6.34917e-13
-6.27765e-13
-6.29151e-13
-6.25837e-13
-6.22545e-13
-6.1611e-13
-6.07421e-13
-6.04406e-13
-5.99257e-13
-5.92452e-13
-5.79784e-13
-5.70088e-13
-5.64059e-13
-5.57089e-13
-5.46327e-13
-5.38549e-13
-5.31867e-13
-5.26277e-13
-5.19364e-13
-5.13087e-13
-5.04781e-13
-4.90846e-13
-4.80728e-13
-4.72085e-13
-4.65794e-13
-4.60649e-13
-4.54602e-13
-4.50029e-13
-4.44867e-13
-4.36355e-13
-4.28912e-13
-4.19119e-13
-4.12189e-13
-4.04949e-13
-4.00446e-13
-3.93877e-13
-3.86804e-13
-3.76781e-13
-3.6584e-13
-3.57341e-13
-3.49627e-13
-3.40849e-13
-3.36518e-13
-3.28247e-13
-3.2033e-13
-3.14275e-13
-3.07113e-13
-3.01744e-13
-2.96759e-13
-2.91323e-13
-2.83155e-13
-2.75427e-13
-2.66413e-13
-2.59089e-13
-2.51766e-13
-2.44982e-13
-2.38514e-13
-2.29229e-13
-2.20828e-13
-2.1355e-13
-2.04687e-13
-1.94481e-13
-1.86417e-13
-1.79688e-13
-1.73724e-13
-1.67847e-13
-1.63128e-13
-1.55021e-13
-1.44516e-13
-1.34132e-13
-1.29457e-13
-1.25756e-13
-1.19666e-13
-1.07304e-13
-9.64365e-14
-8.6724e-14
-8.07644e-14
-7.31801e-14
-6.90539e-14
-6.38136e-14
-5.97171e-14
-5.54655e-14
-4.82542e-14
-3.98516e-14
-3.06761e-14
-2.1498e-14
-1.42627e-14
-8.8678e-15
-4.83721e-15
-4.90007e-15
)
;

boundaryField
{
    inlet
    {
        type            calculated;
        value           nonuniform List<scalar> 
40
(
-6.76183e-13
-6.73272e-13
-6.72583e-13
-6.73445e-13
-6.73935e-13
-6.70981e-13
-6.75173e-13
-6.73922e-13
-6.75664e-13
-6.75296e-13
-6.73629e-13
-6.7575e-13
-6.73668e-13
-6.70446e-13
-6.6943e-13
-6.68118e-13
-6.73513e-13
-6.72754e-13
-6.68232e-13
-6.73794e-13
-6.75794e-13
-6.73795e-13
-6.68925e-13
-6.7385e-13
-6.71431e-13
-6.64747e-13
-6.64466e-13
-6.66065e-13
-6.648e-13
-6.65124e-13
-6.67951e-13
-6.613e-13
-6.66319e-13
-6.68555e-13
-6.68006e-13
-6.66666e-13
-6.66005e-13
-6.65919e-13
-6.66497e-13
-6.64651e-13
)
;
    }
    outlet
    {
        type            calculated;
        value           uniform 0;
    }
    down
    {
        type            empty;
    }
    up
    {
        type            empty;
    }
    sides
    {
        type            calculated;
        value           nonuniform List<scalar> 
200
(
-6.76183e-13
-6.71315e-13
-6.72237e-13
-6.74446e-13
-6.73081e-13
-6.73293e-13
-6.71793e-13
-6.67413e-13
-6.58847e-13
-6.54477e-13
-6.5513e-13
-6.50215e-13
-6.42025e-13
-6.30615e-13
-6.17818e-13
-6.12297e-13
-6.0849e-13
-6.06126e-13
-5.99335e-13
-5.88191e-13
-5.78132e-13
-5.71112e-13
-5.65984e-13
-5.57724e-13
-5.47649e-13
-5.37398e-13
-5.33878e-13
-5.29038e-13
-5.22542e-13
-5.11712e-13
-4.9788e-13
-4.90584e-13
-4.87217e-13
-4.83602e-13
-4.77794e-13
-4.73185e-13
-4.63383e-13
-4.47493e-13
-4.31402e-13
-4.26818e-13
-4.25458e-13
-4.22169e-13
-4.20794e-13
-4.14649e-13
-4.0499e-13
-3.96118e-13
-3.87144e-13
-3.78176e-13
-3.69502e-13
-3.61712e-13
-3.53317e-13
-3.45874e-13
-3.38903e-13
-3.30555e-13
-3.22984e-13
-3.11366e-13
-3.04103e-13
-3.01649e-13
-2.98971e-13
-2.95564e-13
-2.87323e-13
-2.80307e-13
-2.71134e-13
-2.60433e-13
-2.52819e-13
-2.45509e-13
-2.40761e-13
-2.32697e-13
-2.22814e-13
-2.1599e-13
-2.08757e-13
-2.00902e-13
-1.88302e-13
-1.81165e-13
-1.7915e-13
-1.7468e-13
-1.69286e-13
-1.62631e-13
-1.53359e-13
-1.40379e-13
-1.28492e-13
-1.22524e-13
-1.14158e-13
-1.09061e-13
-1.03349e-13
-9.73897e-14
-8.91756e-14
-8.1578e-14
-7.79493e-14
-7.35252e-14
-6.78451e-14
-6.11853e-14
-5.4934e-14
-4.97771e-14
-4.09803e-14
-3.23412e-14
-2.48945e-14
-1.71346e-14
-9.37805e-15
-2.25476e-15
-6.64651e-13
-6.64436e-13
-6.6683e-13
-6.70239e-13
-6.7183e-13
-6.69432e-13
-6.67744e-13
-6.61079e-13
-6.52789e-13
-6.45498e-13
-6.34917e-13
-6.27765e-13
-6.29151e-13
-6.25837e-13
-6.22545e-13
-6.1611e-13
-6.07421e-13
-6.04406e-13
-5.99257e-13
-5.92452e-13
-5.79784e-13
-5.70088e-13
-5.64059e-13
-5.57089e-13
-5.46327e-13
-5.38549e-13
-5.31867e-13
-5.26277e-13
-5.19364e-13
-5.13087e-13
-5.04781e-13
-4.90846e-13
-4.80728e-13
-4.72085e-13
-4.65794e-13
-4.60649e-13
-4.54602e-13
-4.50029e-13
-4.44867e-13
-4.36355e-13
-4.28912e-13
-4.19119e-13
-4.12189e-13
-4.04949e-13
-4.00446e-13
-3.93877e-13
-3.86804e-13
-3.76781e-13
-3.6584e-13
-3.57341e-13
-3.49627e-13
-3.40849e-13
-3.36518e-13
-3.28247e-13
-3.2033e-13
-3.14275e-13
-3.07113e-13
-3.01744e-13
-2.96759e-13
-2.91323e-13
-2.83155e-13
-2.75427e-13
-2.66413e-13
-2.59089e-13
-2.51766e-13
-2.44982e-13
-2.38514e-13
-2.29229e-13
-2.20828e-13
-2.1355e-13
-2.04687e-13
-1.94481e-13
-1.86417e-13
-1.79688e-13
-1.73724e-13
-1.67847e-13
-1.63128e-13
-1.55021e-13
-1.44516e-13
-1.34132e-13
-1.29457e-13
-1.25756e-13
-1.19666e-13
-1.07304e-13
-9.64365e-14
-8.6724e-14
-8.07644e-14
-7.31801e-14
-6.90539e-14
-6.38136e-14
-5.97171e-14
-5.54655e-14
-4.82542e-14
-3.98516e-14
-3.06761e-14
-2.1498e-14
-1.42627e-14
-8.8678e-15
-4.83721e-15
-4.90007e-15
)
;
    }
}

