/*--------------------------------*- C++ -*----------------------------------*\
| =========                 |                                                 |
| \\      /  F ield         | OpenFOAM: The Open Source CFD Toolbox           |
|  \\    /   O peration     | Version:  v2012                                 |
|   \\  /    A nd           | Website:  www.openfoam.com                      |
|    \\/     M anipulation  |                                                 |
\*---------------------------------------------------------------------------*/
FoamFile
{
    version     2.0;
    format      ascii;
    class       volVectorField;
    location    "0";
    object      U;
}
// * * * * * * * * * * * * * * * * * * * * * * * * * * * * * * * * * * * * * //

dimensions      [0 1 -1 0 0 0 0];


internalField   nonuniform List<vector> 
4000
(
(1 2.96476e-15 0)
(1 3.25395e-15 0)
(1 -1.24143e-15 0)
(1 4.26017e-15 0)
(1 -3.68632e-15 0)
(1 -1.19728e-15 0)
(1 5.67239e-15 0)
(1 -1.25964e-15 0)
(1 2.15198e-17 0)
(1 -5.87007e-15 0)
(1 -3.09006e-15 0)
(1 -1.78248e-15 0)
(1 5.91197e-15 0)
(1 4.84302e-15 0)
(1 -5.20827e-15 0)
(1 -2.43166e-15 0)
(1 1.42043e-15 0)
(1 -3.74801e-15 0)
(1 -2.15445e-15 0)
(1 -2.42237e-17 0)
(1 -5.94095e-17 0)
(1 4.69833e-16 0)
(1 -1.35726e-15 0)
(1 1.71033e-15 0)
(1 1.4147e-15 0)
(1 -4.68841e-15 0)
(1 -3.16408e-15 0)
(1 -1.4662e-16 0)
(1 -7.87485e-16 0)
(1 4.26158e-15 0)
(1 -1.63196e-15 0)
(1 -1.06839e-15 0)
(1 -3.65286e-15 0)
(1 5.90292e-15 0)
(1 8.08707e-16 0)
(1 8.39696e-15 0)
(1 5.02155e-15 0)
(1 6.50019e-15 0)
(1 -1.34494e-15 0)
(1 -5.4077e-15 0)
(1 -2.71742e-15 0)
(1 -7.62832e-15 0)
(1 -2.28599e-16 0)
(1 3.22167e-15 0)
(1 3.87396e-15 0)
(1 -2.13841e-15 0)
(1 2.76397e-16 0)
(1 1.63947e-16 0)
(1 2.82915e-15 0)
(1 3.79716e-15 0)
(1 -8.83848e-19 0)
(1 1.38316e-15 0)
(1 -5.57404e-16 0)
(1 1.39623e-15 0)
(1 3.27392e-15 0)
(1 3.4231e-15 0)
(1 -3.283e-15 0)
(1 3.05853e-15 0)
(1 6.23425e-16 0)
(1 3.50919e-15 0)
(1 -7.57351e-16 0)
(1 6.35594e-16 0)
(1 -3.71941e-15 0)
(1 -2.41638e-15 0)
(1 -1.38553e-15 0)
(1 1.47831e-17 0)
(1 1.90246e-15 0)
(1 2.69803e-15 0)
(1 -4.65433e-16 0)
(1 -1.55919e-15 0)
(1 -3.00219e-15 0)
(1 -4.09894e-15 0)
(1 -4.17312e-15 0)
(1 -1.22401e-15 0)
(1 -3.63108e-15 0)
(1 -2.33799e-15 0)
(1 -5.59851e-15 0)
(1 -1.3649e-15 0)
(1 9.87097e-16 0)
(1 1.98358e-15 0)
(1 4.20377e-15 0)
(1 1.9715e-15 0)
(1 -3.01093e-15 0)
(1 7.96484e-16 0)
(1 2.5056e-15 0)
(1 -1.9491e-15 0)
(1 -1.94309e-15 0)
(1 -1.1422e-16 0)
(1 1.09205e-15 0)
(1 4.23212e-15 0)
(1 -3.70041e-16 0)
(1 1.92545e-15 0)
(1 2.28778e-15 0)
(1 2.07722e-15 0)
(1 -1.16781e-15 0)
(1 -1.7167e-15 0)
(1 -1.27053e-15 0)
(1 7.9896e-16 0)
(1 5.85562e-20 0)
(1 -1.0505e-15 0)
(1 3.40207e-15 0)
(1 3.00657e-15 0)
(1 8.31866e-17 0)
(1 2.45439e-15 0)
(1 -2.33288e-15 0)
(1 -4.22383e-15 0)
(1 4.49165e-15 0)
(1 -1.88989e-15 0)
(1 2.27806e-15 0)
(1 -4.01913e-16 0)
(1 -6.12085e-15 0)
(1 -5.47344e-15 0)
(1 5.72003e-15 0)
(1 6.61211e-15 0)
(1 -5.61002e-16 0)
(1 -9.70031e-16 0)
(1 1.99135e-15 0)
(1 9.5771e-16 0)
(1 8.66721e-16 0)
(1 -6.69716e-16 0)
(1 -3.9403e-15 0)
(1 -2.8065e-16 0)
(1 -2.84517e-15 0)
(1 2.50875e-15 0)
(1 -1.26556e-15 0)
(1 -4.55422e-15 0)
(1 -4.75394e-15 0)
(1 -3.1282e-15 0)
(1 2.29616e-16 0)
(1 4.75205e-16 0)
(1 -2.31487e-15 0)
(1 -1.64173e-15 0)
(1 -2.45263e-15 0)
(1 4.9061e-15 0)
(1 -5.29516e-15 0)
(1 1.05802e-14 0)
(1 7.76843e-15 0)
(1 7.13325e-15 0)
(1 -5.39933e-15 0)
(1 -3.08679e-15 0)
(1 -5.42308e-15 0)
(1 -5.91852e-15 0)
(1 -2.42037e-16 0)
(1 4.0616e-15 0)
(1 -2.428e-15 0)
(1 -7.28121e-15 0)
(1 -2.77459e-15 0)
(1 4.25326e-15 0)
(1 8.49127e-15 0)
(1 3.29088e-15 0)
(1 -1.08863e-15 0)
(1 -3.72145e-15 0)
(1 -6.59086e-16 0)
(1 -1.6527e-15 0)
(1 2.12301e-15 0)
(1 4.18842e-15 0)
(1 -1.78429e-16 0)
(1 -1.3527e-15 0)
(1 -1.44822e-15 0)
(1 -2.12401e-15 0)
(1 -1.79706e-15 0)
(1 7.99992e-16 0)
(1 2.05264e-15 0)
(1 3.72492e-15 0)
(1 -6.55489e-16 0)
(1 3.03747e-15 0)
(1 -3.84978e-16 0)
(1 2.26584e-15 0)
(1 6.75168e-16 0)
(1 -4.33258e-15 0)
(1 -6.1296e-16 0)
(1 -1.17444e-15 0)
(1 6.03071e-15 0)
(1 6.95966e-15 0)
(1 1.20589e-15 0)
(1 -3.21057e-15 0)
(1 -2.7132e-15 0)
(1 -1.4884e-15 0)
(1 5.48223e-16 0)
(1 3.15375e-15 0)
(1 5.05178e-15 0)
(1 4.90674e-16 0)
(1 -2.99937e-15 0)
(1 1.68383e-15 0)
(1 3.51648e-15 0)
(1 6.61277e-16 0)
(1 -3.08834e-15 0)
(1 -3.3616e-15 0)
(1 -2.77102e-15 0)
(1 -9.50946e-17 0)
(1 1.21321e-15 0)
(1 1.35517e-15 0)
(1 1.97971e-16 0)
(1 1.97242e-15 0)
(1 -5.94321e-15 0)
(1 -8.6842e-16 0)
(1 -8.33656e-16 0)
(1 2.67167e-15 0)
(1 -1.09781e-15 0)
(1 -1.18975e-15 0)
(1 -3.84417e-15 0)
(1 4.79343e-15 0)
(1 -7.69604e-15 0)
(1 3.14647e-15 0)
(1 6.22833e-16 0)
(1 1.26491e-15 0)
(1 3.51627e-15 0)
(1 8.9339e-15 0)
(1 1.95138e-15 0)
(1 -2.9e-15 0)
(1 -6.6761e-15 0)
(1 -1.5596e-15 0)
(1 3.36485e-15 0)
(1 6.73677e-15 0)
(1 -4.91879e-16 0)
(1 -1.83843e-15 0)
(1 1.94922e-15 0)
(1 -1.18559e-15 0)
(1 1.37503e-15 0)
(1 9.49074e-16 0)
(1 -9.72358e-16 0)
(1 -2.51016e-15 0)
(1 -1.61879e-16 0)
(1 3.47055e-15 0)
(1 3.32347e-16 0)
(1 3.49146e-15 0)
(1 7.02631e-15 0)
(1 8.39519e-15 0)
(1 4.43579e-15 0)
(1 -3.21413e-15 0)
(1 -3.08171e-15 0)
(1 -5.25898e-15 0)
(1 -3.90959e-16 0)
(1 -8.50194e-15 0)
(1 -3.22472e-15 0)
(1 8.32619e-15 0)
(1 2.85254e-15 0)
(1 2.33835e-15 0)
(1 3.32628e-15 0)
(1 5.07212e-15 0)
(1 5.09885e-15 0)
(1 -1.93983e-15 0)
(1 -1.23513e-15 0)
(1 -2.81491e-15 0)
(1 -1.02692e-15 0)
(1 -7.45524e-16 0)
(1 -3.84133e-16 0)
(1 4.33688e-15 0)
(1 2.01187e-15 0)
(1 -2.25942e-15 0)
(1 -1.39962e-15 0)
(1 -3.40194e-15 0)
(1 4.42851e-15 0)
(1 -1.90798e-15 0)
(1 1.12818e-15 0)
(1 1.71867e-15 0)
(1 2.69917e-15 0)
(1 -5.00329e-16 0)
(1 -1.14192e-15 0)
(1 -6.3103e-15 0)
(1 7.18272e-16 0)
(1 -1.02537e-15 0)
(1 1.41226e-17 0)
(1 4.30431e-15 0)
(1 6.60604e-16 0)
(1 2.30725e-15 0)
(1 1.15677e-15 0)
(1 -6.67952e-16 0)
(1 -1.6122e-15 0)
(1 -2.35764e-15 0)
(1 4.21651e-16 0)
(1 -3.63742e-15 0)
(1 2.135e-15 0)
(1 1.7118e-16 0)
(1 -1.72234e-15 0)
(1 -1.66397e-15 0)
(1 -4.01993e-16 0)
(1 -1.97198e-15 0)
(1 -1.34782e-15 0)
(1 -7.79727e-16 0)
(1 8.97687e-16 0)
(1 1.56377e-15 0)
(1 -4.6032e-16 0)
(1 3.02155e-17 0)
(1 -2.84463e-16 0)
(1 2.48998e-15 0)
(1 8.22195e-16 0)
(1 -4.99662e-18 0)
(1 -2.60308e-15 0)
(1 -4.93084e-17 0)
(1 9.3223e-16 0)
(1 1.08677e-15 0)
(1 -2.13862e-15 0)
(1 -1.67552e-15 0)
(1 -3.22189e-15 0)
(1 1.93998e-15 0)
(1 -2.29122e-15 0)
(1 -3.15208e-15 0)
(1 5.35573e-16 0)
(1 7.12025e-16 0)
(1 -1.06321e-15 0)
(1 -2.40532e-15 0)
(1 -7.3789e-15 0)
(1 -4.93991e-15 0)
(1 3.71788e-15 0)
(1 5.35489e-15 0)
(1 7.47225e-15 0)
(1 8.20126e-15 0)
(1 -1.07023e-15 0)
(1 -3.85446e-15 0)
(1 -5.12809e-15 0)
(1 3.63168e-15 0)
(1 6.66136e-15 0)
(1 1.15773e-14 0)
(1 -2.58178e-16 0)
(1 -4.88166e-15 0)
(1 2.0237e-15 0)
(1 -3.09492e-15 0)
(1 -4.9378e-15 0)
(1 4.34293e-15 0)
(1 5.85253e-15 0)
(1 -1.0671e-15 0)
(1 6.87953e-15 0)
(1 1.30834e-14 0)
(1 1.16561e-14 0)
(1 1.46755e-15 0)
(1 -3.38745e-15 0)
(1 4.21238e-15 0)
(1 2.73616e-15 0)
(1 2.49704e-16 0)
(1 -8.81624e-15 0)
(1 -4.76476e-15 0)
(1 -6.1908e-15 0)
(1 -1.0471e-14 0)
(1 -2.14613e-15 0)
(1 -7.21643e-16 0)
(1 4.52976e-15 0)
(1 5.08091e-15 0)
(1 1.3219e-14 0)
(1 -1.4181e-15 0)
(1 1.00935e-14 0)
(1 -4.06791e-15 0)
(1 -3.77864e-15 0)
(1 -9.74173e-15 0)
(1 4.68253e-15 0)
(1 6.22028e-15 0)
(1 8.66292e-15 0)
(1 3.31708e-15 0)
(1 3.61091e-15 0)
(1 2.38512e-15 0)
(1 -1.08483e-15 0)
(1 8.92117e-16 0)
(1 -1.6591e-15 0)
(1 9.27236e-16 0)
(1 -3.95987e-16 0)
(1 -6.32724e-15 0)
(1 -1.16029e-15 0)
(1 7.96628e-15 0)
(1 -5.00213e-15 0)
(1 -1.20909e-15 0)
(1 2.55038e-15 0)
(1 -2.93237e-15 0)
(1 -6.88245e-16 0)
(1 9.67865e-16 0)
(1 3.32561e-15 0)
(1 -1.14068e-15 0)
(1 1.15679e-15 0)
(1 -4.789e-15 0)
(1 -3.30942e-15 0)
(1 1.47741e-15 0)
(1 -2.87718e-15 0)
(1 -8.25768e-15 0)
(1 -6.69037e-15 0)
(1 -9.90121e-15 0)
(1 -5.45531e-15 0)
(1 2.0146e-15 0)
(1 1.67363e-15 0)
(1 -7.41459e-16 0)
(1 4.75833e-15 0)
(1 1.58216e-15 0)
(1 -5.48582e-16 0)
(1 3.07096e-15 0)
(1 2.57548e-15 0)
(1 -1.96858e-16 0)
(1 9.05697e-16 0)
(1 2.95362e-16 0)
(1 7.39086e-15 0)
(1 5.73249e-15 0)
(1 4.50886e-15 0)
(1 4.10804e-15 0)
(1 -1.23405e-15 0)
(1 9.43383e-17 0)
(1 1.86427e-15 0)
(1 -8.00197e-16 0)
(1 -1.40103e-15 0)
(1 -4.13564e-15 0)
(1 -4.72359e-15 0)
(1 -5.99798e-15 0)
(1 -4.45965e-15 0)
(1 4.48694e-16 0)
(1 4.8833e-15 0)
(1 -3.83888e-15 0)
(1 4.56548e-16 0)
(1 -2.4743e-15 0)
(1 7.29327e-15 0)
(1 5.19614e-15 0)
(1 -2.29773e-15 0)
(1 -4.93678e-15 0)
(1 -6.82192e-15 0)
(1 -3.74622e-15 0)
(1 3.1409e-15 0)
(1 1.97879e-15 0)
(1 2.20502e-15 0)
(1 -1.1441e-15 0)
(1 1.20022e-14 0)
(1 1.634e-15 0)
(1 -1.30729e-15 0)
(1 -3.43351e-15 0)
(1 -4.80416e-16 0)
(1 -1.0396e-14 0)
(1 8.91657e-16 0)
(1 5.62489e-16 0)
(1 7.39589e-15 0)
(1 1.14647e-14 0)
(1 1.27889e-14 0)
(1 7.89116e-15 0)
(1 5.56752e-15 0)
(1 1.04344e-15 0)
(1 4.79254e-15 0)
(1 2.0047e-15 0)
(1 -4.19771e-15 0)
(1 -2.67198e-15 0)
(1 -8.06847e-15 0)
(1 3.08019e-15 0)
(1 -8.7903e-15 0)
(1 -1.26612e-14 0)
(1 1.02071e-15 0)
(1 5.72087e-16 0)
(1 6.61917e-15 0)
(1 2.74912e-16 0)
(1 2.31398e-15 0)
(1 3.7026e-15 0)
(1 -3.12075e-15 0)
(1 -2.65403e-15 0)
(1 -6.02711e-15 0)
(1 8.24091e-16 0)
(1 6.16726e-15 0)
(1 5.62679e-15 0)
(1 7.71004e-15 0)
(1 3.21933e-15 0)
(1 1.12377e-15 0)
(1 -2.93336e-15 0)
(1 -9.26666e-15 0)
(1 -1.07702e-15 0)
(1 -3.13711e-15 0)
(1 -4.27567e-15 0)
(1 3.41895e-15 0)
(1 7.11848e-15 0)
(1 1.42799e-15 0)
(1 4.58153e-15 0)
(1 2.69507e-15 0)
(1 -1.65365e-15 0)
(1 4.95667e-15 0)
(1 4.20753e-15 0)
(1 5.95559e-15 0)
(1 4.08502e-15 0)
(1 9.97006e-16 0)
(1 -5.69793e-15 0)
(1 -2.61696e-15 0)
(1 5.2699e-16 0)
(1 -6.5744e-15 0)
(1 -2.58774e-15 0)
(1 2.01397e-15 0)
(1 -5.58489e-15 0)
(1 9.39781e-16 0)
(1 8.08659e-16 0)
(1 -8.76255e-16 0)
(1 -6.17867e-15 0)
(1 2.93499e-15 0)
(1 7.0706e-15 0)
(1 6.78298e-16 0)
(1 -1.90833e-15 0)
(1 4.0547e-15 0)
(1 4.40156e-15 0)
(1 6.65322e-15 0)
(1 1.7109e-15 0)
(1 6.72332e-15 0)
(1 3.17585e-15 0)
(1 3.44866e-15 0)
(1 -2.1888e-15 0)
(1 1.84265e-15 0)
(1 -3.10047e-15 0)
(1 4.00989e-15 0)
(1 1.52097e-15 0)
(1 1.31657e-15 0)
(1 -1.72122e-15 0)
(1 -2.55049e-15 0)
(1 -3.88393e-15 0)
(1 -1.6611e-15 0)
(1 3.29937e-15 0)
(1 -1.05659e-15 0)
(1 1.94335e-15 0)
(1 2.41222e-16 0)
(1 1.69577e-15 0)
(1 -4.12051e-15 0)
(1 8.44023e-15 0)
(1 -2.83091e-15 0)
(1 -5.62079e-15 0)
(1 -7.28381e-15 0)
(1 -7.08679e-15 0)
(1 8.57787e-15 0)
(1 3.56739e-15 0)
(1 2.84569e-15 0)
(1 -3.98463e-15 0)
(1 8.65829e-15 0)
(1 5.72999e-15 0)
(1 5.86373e-16 0)
(1 -1.34408e-14 0)
(1 -2.35371e-15 0)
(1 -9.60672e-15 0)
(1 7.22129e-15 0)
(1 1.92096e-14 0)
(1 1.53776e-14 0)
(1 3.52596e-15 0)
(1 1.76902e-15 0)
(1 2.87925e-15 0)
(1 4.83018e-15 0)
(1 4.7517e-15 0)
(1 2.95469e-15 0)
(1 1.151e-15 0)
(1 -2.02738e-15 0)
(1 -7.11654e-15 0)
(1 -9.31143e-15 0)
(1 2.44492e-15 0)
(1 6.13193e-16 0)
(1 -8.21551e-16 0)
(1 7.7765e-16 0)
(1 -4.84399e-16 0)
(1 5.86273e-15 0)
(1 1.61189e-15 0)
(1 2.42979e-15 0)
(1 8.37549e-15 0)
(1 3.98829e-15 0)
(1 6.13284e-15 0)
(1 -3.82318e-15 0)
(1 6.56709e-17 0)
(1 1.22284e-15 0)
(1 4.28839e-15 0)
(1 3.47553e-15 0)
(1 3.08168e-15 0)
(1 2.31211e-16 0)
(1 -6.68865e-16 0)
(1 2.80161e-15 0)
(1 -1.75725e-15 0)
(1 -8.0962e-15 0)
(1 -2.48378e-15 0)
(1 1.89249e-15 0)
(1 5.07802e-15 0)
(1 1.07335e-14 0)
(1 9.2721e-15 0)
(1 1.05852e-15 0)
(1 6.46522e-16 0)
(1 2.79229e-15 0)
(1 2.43139e-16 0)
(1 3.28728e-15 0)
(1 6.83559e-15 0)
(1 2.50058e-15 0)
(1 6.62598e-15 0)
(1 9.01811e-15 0)
(1 1.15248e-14 0)
(1 4.58557e-16 0)
(1 -9.74626e-16 0)
(1 -2.59458e-16 0)
(1 -5.15292e-15 0)
(1 -2.9061e-15 0)
(1 -7.51124e-15 0)
(1 -4.62977e-15 0)
(1 -8.63978e-16 0)
(1 -4.85436e-16 0)
(1 3.1966e-15 0)
(1 2.08946e-15 0)
(1 4.45592e-15 0)
(1 9.68544e-16 0)
(1 4.17051e-15 0)
(1 1.80366e-15 0)
(1 -4.5726e-15 0)
(1 1.02127e-15 0)
(1 2.77425e-15 0)
(1 1.78573e-15 0)
(1 2.16917e-15 0)
(1 1.21137e-16 0)
(1 3.05639e-15 0)
(1 -1.26034e-15 0)
(1 3.70481e-15 0)
(1 5.33987e-15 0)
(1 7.10651e-15 0)
(1 4.32388e-15 0)
(1 1.081e-15 0)
(1 6.55732e-15 0)
(1 6.17808e-15 0)
(1 -2.25807e-16 0)
(1 3.05858e-16 0)
(1 7.34188e-15 0)
(1 2.95501e-15 0)
(1 -3.13529e-15 0)
(1 2.22282e-15 0)
(1 2.02861e-15 0)
(1 -2.73904e-15 0)
(1 -3.39975e-15 0)
(1 -8.22418e-16 0)
(1 -2.42602e-15 0)
(1 -1.72834e-15 0)
(1 -1.51917e-16 0)
(1 7.41141e-15 0)
(1 1.88802e-15 0)
(1 5.10925e-15 0)
(1 -8.62287e-17 0)
(1 -4.81004e-15 0)
(1 -8.93464e-15 0)
(1 8.4704e-15 0)
(1 7.81349e-15 0)
(1 1.36332e-14 0)
(1 3.72253e-15 0)
(1 -4.88558e-15 0)
(1 4.83267e-16 0)
(1 4.44301e-15 0)
(1 2.38476e-15 0)
(1 9.98828e-16 0)
(1 7.62268e-16 0)
(1 4.67874e-15 0)
(1 2.23812e-15 0)
(1 -4.75994e-16 0)
(1 -3.82497e-16 0)
(1 -7.76016e-15 0)
(1 8.76203e-16 0)
(1 -1.41459e-15 0)
(1 -1.86034e-16 0)
(1 9.67586e-16 0)
(1 4.78997e-15 0)
(1 2.99536e-15 0)
(1 1.55188e-14 0)
(1 1.32826e-14 0)
(1 1.06853e-14 0)
(1 -7.27159e-16 0)
(1 -6.02878e-17 0)
(1 -2.84626e-15 0)
(1 -4.39136e-15 0)
(1 -3.32841e-15 0)
(1 3.67351e-15 0)
(1 5.35341e-15 0)
(1 1.85765e-15 0)
(1 -5.52551e-15 0)
(1 -6.24924e-15 0)
(1 -3.30326e-15 0)
(1 -2.91881e-15 0)
(1 -2.44376e-16 0)
(1 1.16378e-16 0)
(1 2.8707e-16 0)
(1 6.79021e-15 0)
(1 3.9688e-15 0)
(1 3.87418e-15 0)
(1 7.40535e-15 0)
(1 7.11525e-15 0)
(1 3.39804e-15 0)
(1 3.57766e-15 0)
(1 -3.25816e-16 0)
(1 -3.58624e-15 0)
(1 4.01854e-15 0)
(1 6.91735e-15 0)
(1 3.38723e-15 0)
(1 1.45878e-15 0)
(1 -1.30075e-15 0)
(1 -6.69789e-15 0)
(1 2.97863e-16 0)
(1 1.86034e-16 0)
(1 2.39311e-15 0)
(1 1.86196e-15 0)
(1 8.89374e-15 0)
(1 2.52282e-15 0)
(1 1.18951e-15 0)
(1 5.3637e-15 0)
(1 1.07652e-15 0)
(1 2.386e-15 0)
(1 1.66102e-15 0)
(1 5.78304e-15 0)
(1 3.9652e-15 0)
(1 7.43329e-15 0)
(1 7.41189e-15 0)
(1 3.50726e-15 0)
(1 3.7391e-15 0)
(1 3.63349e-16 0)
(1 7.06817e-15 0)
(1 3.91764e-15 0)
(1 5.67275e-15 0)
(1 2.6158e-15 0)
(1 8.58528e-15 0)
(1 1.09656e-14 0)
(1 9.68593e-15 0)
(1 2.82242e-15 0)
(1 6.32821e-15 0)
(1 6.49868e-16 0)
(1 -3.60214e-16 0)
(1 1.13237e-15 0)
(1 1.59358e-15 0)
(1 5.77278e-15 0)
(1 -3.49414e-15 0)
(1 8.45259e-16 0)
(1 1.31241e-17 0)
(1 -2.69042e-15 0)
(1 -5.83286e-17 0)
(1 -7.81874e-15 0)
(1 -2.26953e-16 0)
(1 9.74857e-16 0)
(1 1.16859e-14 0)
(1 9.05585e-16 0)
(1 7.44891e-15 0)
(1 -3.45175e-15 0)
(1 5.78429e-15 0)
(1 -5.2667e-15 0)
(1 7.26866e-15 0)
(1 -2.4431e-15 0)
(1 1.75393e-15 0)
(1 -4.32397e-15 0)
(1 2.92572e-17 0)
(1 -5.63116e-15 0)
(1 3.8997e-15 0)
(1 1.08372e-14 0)
(1 2.0723e-15 0)
(1 4.97682e-16 0)
(1 7.82099e-15 0)
(1 2.90621e-15 0)
(1 8.56739e-16 0)
(1 3.83168e-17 0)
(1 -8.83127e-15 0)
(1 -4.79545e-15 0)
(1 -2.24368e-15 0)
(1 -1.6501e-15 0)
(1 1.06629e-15 0)
(1 4.12625e-15 0)
(1 1.07471e-14 0)
(1 5.4913e-15 0)
(1 -1.65476e-15 0)
(1 1.28292e-15 0)
(1 -1.53024e-15 0)
(1 7.49193e-16 0)
(1 5.57878e-15 0)
(1 3.31616e-16 0)
(1 1.04073e-15 0)
(1 5.15723e-15 0)
(1 6.57266e-15 0)
(1 5.21077e-15 0)
(1 -2.2678e-15 0)
(1 -1.14117e-15 0)
(1 2.94282e-15 0)
(1 1.04364e-14 0)
(1 -1.5057e-15 0)
(1 -2.31569e-15 0)
(1 -9.8252e-15 0)
(1 1.33622e-15 0)
(1 -2.3377e-15 0)
(1 1.00282e-14 0)
(1 1.48207e-14 0)
(1 1.1416e-14 0)
(1 7.94719e-15 0)
(1 5.15073e-15 0)
(1 3.11064e-15 0)
(1 1.62706e-15 0)
(1 1.35439e-15 0)
(1 2.76866e-16 0)
(1 -6.01987e-15 0)
(1 3.3344e-15 0)
(1 8.98778e-15 0)
(1 9.72062e-16 0)
(1 -1.03696e-15 0)
(1 3.36001e-15 0)
(1 7.49684e-15 0)
(1 -2.01986e-16 0)
(1 -1.18851e-15 0)
(1 1.17255e-15 0)
(1 1.42893e-15 0)
(1 4.38e-15 0)
(1 -2.13125e-15 0)
(1 2.11286e-15 0)
(1 2.17643e-15 0)
(1 4.74251e-15 0)
(1 4.65725e-15 0)
(1 3.16656e-15 0)
(1 1.0754e-15 0)
(1 2.32702e-15 0)
(1 5.21405e-16 0)
(1 1.30063e-15 0)
(1 1.05903e-15 0)
(1 7.93211e-15 0)
(1 5.90618e-15 0)
(1 1.09199e-14 0)
(1 1.18338e-14 0)
(1 8.19641e-15 0)
(1 1.03825e-14 0)
(1 5.91148e-15 0)
(1 1.12238e-14 0)
(1 -2.52952e-15 0)
(1 -2.32789e-15 0)
(1 -4.49059e-15 0)
(1 -5.15075e-15 0)
(1 -2.33052e-15 0)
(1 5.59527e-16 0)
(1 1.57388e-15 0)
(1 3.34914e-15 0)
(1 -5.71061e-15 0)
(1 -1.09547e-15 0)
(1 1.5784e-16 0)
(1 2.91606e-15 0)
(1 6.18185e-15 0)
(1 1.27345e-14 0)
(1 7.68653e-16 0)
(1 -1.31092e-16 0)
(1 5.88065e-16 0)
(1 1.05235e-14 0)
(1 -7.27987e-15 0)
(1 -2.76078e-15 0)
(1 -2.88697e-15 0)
(1 7.39008e-15 0)
(1 9.54894e-15 0)
(1 1.42448e-14 0)
(1 -4.38694e-16 0)
(1 2.96407e-15 0)
(1 -1.92945e-15 0)
(1 -7.07624e-15 0)
(1 -2.71399e-15 0)
(1 2.32989e-16 0)
(1 -7.23821e-15 0)
(1 -6.99313e-15 0)
(1 -8.38398e-15 0)
(1 -6.65634e-15 0)
(1 -4.75773e-16 0)
(1 8.56912e-15 0)
(1 7.2031e-15 0)
(1 2.40863e-15 0)
(1 2.78525e-16 0)
(1 5.48615e-15 0)
(1 -6.93183e-15 0)
(1 -3.4311e-15 0)
(1 3.57763e-16 0)
(1 5.65235e-15 0)
(1 1.0361e-14 0)
(1 7.24873e-15 0)
(1 6.61789e-15 0)
(1 2.62475e-15 0)
(1 4.23999e-15 0)
(1 2.83951e-16 0)
(1 5.15612e-16 0)
(1 8.76004e-15 0)
(1 1.21551e-14 0)
(1 -1.5392e-15 0)
(1 4.02909e-15 0)
(1 -9.54857e-16 0)
(1 3.49867e-15 0)
(1 -2.53449e-15 0)
(1 4.72464e-15 0)
(1 1.74502e-15 0)
(1 3.8773e-15 0)
(1 5.78716e-16 0)
(1 7.12671e-16 0)
(1 4.56963e-16 0)
(1 -2.26545e-15 0)
(1 2.93753e-15 0)
(1 9.46249e-15 0)
(1 1.36369e-14 0)
(1 1.83343e-14 0)
(1 1.31828e-14 0)
(1 9.92833e-15 0)
(1 1.10905e-14 0)
(1 7.83895e-15 0)
(1 5.77513e-16 0)
(1 -8.04004e-16 0)
(1 -1.27368e-15 0)
(1 -2.17522e-15 0)
(1 2.67028e-16 0)
(1 4.97269e-15 0)
(1 3.72586e-15 0)
(1 5.64131e-15 0)
(1 7.6752e-15 0)
(1 2.64854e-15 0)
(1 1.40367e-15 0)
(1 -2.14455e-15 0)
(1 -2.04755e-15 0)
(1 -4.11975e-16 0)
(1 -3.83581e-15 0)
(1 3.42184e-15 0)
(1 1.31712e-15 0)
(1 2.00854e-15 0)
(1 4.88459e-16 0)
(1 5.98929e-15 0)
(1 8.75703e-15 0)
(1 1.60446e-14 0)
(1 1.84372e-14 0)
(1 2.22473e-14 0)
(1 2.02787e-14 0)
(1 1.85501e-14 0)
(1 1.91965e-14 0)
(1 -1.31724e-16 0)
(1 1.81779e-15 0)
(1 4.23795e-15 0)
(1 4.46512e-15 0)
(1 -6.00957e-15 0)
(1 -1.28346e-15 0)
(1 2.08323e-15 0)
(1 4.64337e-16 0)
(1 7.30768e-16 0)
(1 -3.15608e-15 0)
(1 -2.04826e-15 0)
(1 -2.99588e-15 0)
(1 2.6713e-15 0)
(1 -5.08684e-15 0)
(1 9.08367e-15 0)
(1 1.1681e-15 0)
(1 1.72977e-15 0)
(1 5.40709e-15 0)
(1 6.05442e-15 0)
(1 -8.79425e-16 0)
(1 -5.16692e-15 0)
(1 -1.17197e-14 0)
(1 2.74171e-15 0)
(1 1.0708e-14 0)
(1 7.85459e-15 0)
(1 7.07566e-15 0)
(1 4.90156e-15 0)
(1 3.25426e-15 0)
(1 -3.81429e-15 0)
(1 -9.07682e-15 0)
(1 -6.00349e-16 0)
(1 1.2499e-15 0)
(1 7.32152e-15 0)
(1 -1.64424e-15 0)
(1 -3.32438e-15 0)
(1 -3.14844e-15 0)
(1 -1.40083e-15 0)
(1 -1.9275e-15 0)
(1 -8.58647e-15 0)
(1 4.40578e-15 0)
(1 8.47321e-16 0)
(1 6.97004e-15 0)
(1 4.87689e-15 0)
(1 5.27412e-15 0)
(1 1.05658e-14 0)
(1 1.7017e-15 0)
(1 1.68271e-15 0)
(1 -1.03071e-15 0)
(1 2.08085e-15 0)
(1 4.65288e-15 0)
(1 3.20495e-15 0)
(1 3.85432e-15 0)
(1 3.37182e-15 0)
(1 3.93998e-15 0)
(1 2.93978e-15 0)
(1 7.45221e-15 0)
(1 3.44898e-15 0)
(1 5.2087e-15 0)
(1 2.46414e-15 0)
(1 3.53477e-15 0)
(1 2.24247e-15 0)
(1 1.83318e-15 0)
(1 4.52185e-15 0)
(1 4.69895e-15 0)
(1 3.85659e-15 0)
(1 2.56553e-15 0)
(1 1.30648e-14 0)
(1 1.35541e-14 0)
(1 1.68935e-14 0)
(1 1.26667e-14 0)
(1 7.65445e-15 0)
(1 5.72349e-15 0)
(1 4.79701e-15 0)
(1 1.46053e-15 0)
(1 -1.43301e-15 0)
(1 2.11509e-15 0)
(1 5.88644e-15 0)
(1 3.98727e-15 0)
(1 5.48997e-15 0)
(1 9.82106e-16 0)
(1 5.03473e-15 0)
(1 -7.14199e-16 0)
(1 5.92791e-16 0)
(1 2.25358e-15 0)
(1 -2.7411e-15 0)
(1 4.73487e-15 0)
(1 5.79779e-15 0)
(1 -4.49147e-16 0)
(1 4.67198e-15 0)
(1 1.70323e-15 0)
(1 7.83536e-15 0)
(1 4.71767e-15 0)
(1 6.18208e-15 0)
(1 7.16326e-15 0)
(1 1.23628e-14 0)
(1 1.29083e-14 0)
(1 2.26738e-14 0)
(1 1.73029e-14 0)
(1 2.53237e-14 0)
(1 2.33993e-14 0)
(1 5.82569e-16 0)
(1 -2.02741e-16 0)
(1 2.28973e-15 0)
(1 1.13527e-15 0)
(1 -5.9444e-15 0)
(1 -6.05262e-15 0)
(1 -1.20595e-16 0)
(1 -4.86073e-15 0)
(1 8.5526e-16 0)
(1 4.61271e-16 0)
(1 -1.80829e-15 0)
(1 -1.68279e-15 0)
(1 -6.79897e-15 0)
(1 -4.21218e-15 0)
(1 1.20322e-14 0)
(1 1.12871e-14 0)
(1 1.16598e-14 0)
(1 2.8307e-15 0)
(1 1.89915e-14 0)
(1 3.97199e-15 0)
(1 1.54062e-15 0)
(1 -1.06054e-14 0)
(1 -8.40498e-15 0)
(1 -1.10446e-14 0)
(1 -4.26261e-15 0)
(1 -9.56425e-15 0)
(1 1.64898e-15 0)
(1 6.11638e-15 0)
(1 -3.45634e-15 0)
(1 -7.92791e-15 0)
(1 3.71599e-15 0)
(1 8.54883e-17 0)
(1 4.59648e-15 0)
(1 3.16488e-15 0)
(1 1.5586e-16 0)
(1 -3.55098e-15 0)
(1 -4.34706e-15 0)
(1 -1.26665e-15 0)
(1 -7.51059e-15 0)
(1 2.20931e-15 0)
(1 -1.44869e-15 0)
(1 7.55095e-16 0)
(1 4.05623e-15 0)
(1 6.23054e-15 0)
(1 5.70665e-15 0)
(1 4.86782e-15 0)
(1 8.37919e-15 0)
(1 4.05368e-15 0)
(1 6.28586e-15 0)
(1 4.45567e-15 0)
(1 9.74298e-15 0)
(1 5.77319e-16 0)
(1 1.47372e-15 0)
(1 1.00023e-14 0)
(1 5.30174e-15 0)
(1 1.78014e-16 0)
(1 -1.07808e-15 0)
(1 2.50284e-15 0)
(1 2.79742e-15 0)
(1 1.00144e-15 0)
(1 7.81287e-15 0)
(1 5.56753e-15 0)
(1 2.55132e-15 0)
(1 3.63264e-15 0)
(1 8.02394e-15 0)
(1 9.32463e-15 0)
(1 8.48778e-15 0)
(1 4.3243e-15 0)
(1 2.10539e-15 0)
(1 1.04224e-14 0)
(1 2.00214e-14 0)
(1 1.15124e-14 0)
(1 7.67498e-15 0)
(1 8.44959e-16 0)
(1 -9.43897e-16 0)
(1 1.31388e-15 0)
(1 9.88993e-15 0)
(1 1.28927e-14 0)
(1 7.11266e-15 0)
(1 3.43416e-15 0)
(1 -1.02005e-16 0)
(1 2.41305e-15 0)
(1 4.56662e-15 0)
(1 5.66233e-15 0)
(1 -1.34639e-15 0)
(1 -2.73998e-15 0)
(1 -3.51799e-15 0)
(1 7.76497e-16 0)
(1 9.82881e-16 0)
(1 1.94171e-16 0)
(1 5.32659e-15 0)
(1 5.6953e-15 0)
(1 1.10978e-14 0)
(1 7.5355e-15 0)
(1 1.57288e-14 0)
(1 7.15941e-15 0)
(1 1.1984e-14 0)
(1 1.06701e-14 0)
(1 2.09764e-14 0)
(1 1.86087e-14 0)
(1 2.30266e-15 0)
(1 -4.60624e-15 0)
(1 2.70702e-15 0)
(1 3.74908e-17 0)
(1 -6.308e-16 0)
(1 -2.28306e-15 0)
(1 -2.38914e-15 0)
(1 -2.23486e-15 0)
(1 -7.56146e-15 0)
(1 2.74389e-15 0)
(1 5.07818e-15 0)
(1 5.65518e-15 0)
(1 -1.51879e-15 0)
(1 5.9097e-15 0)
(1 -3.28863e-15 0)
(1 -4.12172e-15 0)
(1 3.56772e-15 0)
(1 -1.79117e-15 0)
(1 8.81701e-15 0)
(1 -7.20222e-15 0)
(1 4.99393e-15 0)
(1 8.55278e-15 0)
(1 4.41229e-15 0)
(1 -1.52796e-15 0)
(1 3.38353e-15 0)
(1 5.3333e-15 0)
(1 3.45741e-15 0)
(1 3.46555e-16 0)
(1 2.03551e-15 0)
(1 -1.01308e-15 0)
(1 -5.82654e-15 0)
(1 -1.73006e-15 0)
(1 -5.82904e-15 0)
(1 4.20667e-15 0)
(1 -9.02645e-16 0)
(1 -5.5245e-16 0)
(1 -3.65604e-15 0)
(1 -5.53397e-15 0)
(1 -4.12754e-15 0)
(1 -5.80392e-15 0)
(1 1.86454e-15 0)
(1 5.67426e-15 0)
(1 8.30653e-15 0)
(1 5.9708e-15 0)
(1 1.41171e-15 0)
(1 6.46397e-15 0)
(1 1.13575e-14 0)
(1 8.28062e-15 0)
(1 5.30058e-15 0)
(1 -1.36354e-15 0)
(1 4.3269e-15 0)
(1 1.02071e-15 0)
(1 -2.23113e-15 0)
(1 8.24217e-15 0)
(1 7.12174e-15 0)
(1 2.27582e-15 0)
(1 -3.79987e-15 0)
(1 2.54247e-15 0)
(1 7.71721e-15 0)
(1 6.04022e-15 0)
(1 3.62659e-15 0)
(1 2.58472e-15 0)
(1 8.13158e-16 0)
(1 -9.08996e-16 0)
(1 1.21328e-14 0)
(1 7.5517e-15 0)
(1 3.06997e-15 0)
(1 4.76306e-15 0)
(1 1.7032e-15 0)
(1 1.07074e-14 0)
(1 1.66949e-14 0)
(1 1.75561e-14 0)
(1 1.2892e-15 0)
(1 6.26054e-16 0)
(1 1.37311e-15 0)
(1 1.10496e-15 0)
(1 -1.39357e-15 0)
(1 4.99192e-15 0)
(1 2.48673e-15 0)
(1 8.68323e-15 0)
(1 6.84558e-15 0)
(1 1.5349e-14 0)
(1 6.41558e-15 0)
(1 1.33051e-15 0)
(1 4.70884e-15 0)
(1 -3.1503e-15 0)
(1 -4.75766e-15 0)
(1 4.84364e-15 0)
(1 3.23027e-15 0)
(1 3.67199e-15 0)
(1 -2.40513e-15 0)
(1 8.66292e-16 0)
(1 9.53459e-15 0)
(1 1.14192e-14 0)
(1 1.13991e-14 0)
(1 1.24819e-14 0)
(1 1.1464e-14 0)
(1 1.4068e-14 0)
(1 1.46097e-14 0)
(1 1.34245e-14 0)
(1 1.99052e-15 0)
(1 1.39153e-16 0)
(1 -4.34843e-15 0)
(1 -1.80378e-15 0)
(1 -7.4424e-16 0)
(1 -2.04137e-16 0)
(1 -4.94752e-15 0)
(1 1.77131e-15 0)
(1 -5.69738e-15 0)
(1 3.62539e-15 0)
(1 -1.06697e-15 0)
(1 1.74972e-14 0)
(1 6.6252e-15 0)
(1 -1.90075e-15 0)
(1 -1.0211e-14 0)
(1 -2.99301e-15 0)
(1 -5.1049e-15 0)
(1 1.53706e-14 0)
(1 1.23627e-14 0)
(1 1.7903e-14 0)
(1 3.40234e-15 0)
(1 -9.39853e-15 0)
(1 -2.37175e-14 0)
(1 -1.34616e-14 0)
(1 -1.0457e-14 0)
(1 1.77237e-15 0)
(1 3.20429e-15 0)
(1 4.58351e-15 0)
(1 8.27232e-15 0)
(1 1.48254e-15 0)
(1 -6.19705e-15 0)
(1 2.37019e-16 0)
(1 -1.65525e-15 0)
(1 -3.11149e-17 0)
(1 -2.45356e-15 0)
(1 -1.71268e-15 0)
(1 -4.86511e-15 0)
(1 -6.49374e-15 0)
(1 1.19864e-15 0)
(1 -9.451e-16 0)
(1 3.34727e-15 0)
(1 2.94185e-15 0)
(1 3.60703e-16 0)
(1 -1.12e-15 0)
(1 5.76643e-15 0)
(1 1.60988e-14 0)
(1 7.35972e-15 0)
(1 1.61894e-14 0)
(1 8.08225e-15 0)
(1 1.19266e-14 0)
(1 -3.12162e-15 0)
(1 -1.53288e-16 0)
(1 6.41218e-18 0)
(1 5.53916e-15 0)
(1 3.49593e-15 0)
(1 2.90398e-15 0)
(1 -6.94118e-15 0)
(1 -2.60839e-15 0)
(1 -3.44794e-15 0)
(1 -2.27085e-15 0)
(1 -4.33898e-15 0)
(1 5.40419e-15 0)
(1 8.9326e-15 0)
(1 1.15169e-14 0)
(1 1.20761e-14 0)
(1 7.17219e-15 0)
(1 6.71006e-15 0)
(1 6.45975e-15 0)
(1 3.78367e-15 0)
(1 8.03922e-16 0)
(1 -3.03704e-15 0)
(1 5.92349e-15 0)
(1 9.17456e-16 0)
(1 9.46588e-15 0)
(1 1.05936e-14 0)
(1 5.10759e-15 0)
(1 -1.74312e-15 0)
(1 -2.0823e-15 0)
(1 -8.72344e-16 0)
(1 6.07831e-15 0)
(1 6.90324e-15 0)
(1 1.09016e-14 0)
(1 4.35938e-15 0)
(1 6.18315e-15 0)
(1 6.07109e-15 0)
(1 5.34254e-15 0)
(1 2.44714e-15 0)
(1 5.90354e-15 0)
(1 3.81379e-15 0)
(1 3.85683e-15 0)
(1 -9.85757e-16 0)
(1 1.80205e-15 0)
(1 4.64099e-16 0)
(1 3.72758e-15 0)
(1 2.68167e-15 0)
(1 1.06162e-14 0)
(1 1.08776e-14 0)
(1 1.31924e-14 0)
(1 7.05819e-15 0)
(1 7.12375e-15 0)
(1 -9.62681e-16 0)
(1 3.70001e-15 0)
(1 -3.63335e-15 0)
(1 -5.84229e-15 0)
(1 1.47975e-15 0)
(1 -5.62717e-15 0)
(1 -7.94675e-15 0)
(1 5.21095e-15 0)
(1 1.30093e-14 0)
(1 1.00002e-14 0)
(1 2.40182e-15 0)
(1 1.07524e-15 0)
(1 -6.55605e-15 0)
(1 -4.07971e-15 0)
(1 -1.27601e-15 0)
(1 2.79501e-15 0)
(1 -2.89817e-15 0)
(1 4.80985e-15 0)
(1 -4.4581e-15 0)
(1 1.13693e-14 0)
(1 -2.92414e-15 0)
(1 2.75475e-15 0)
(1 -1.26065e-14 0)
(1 -6.68301e-15 0)
(1 1.93837e-15 0)
(1 -1.61468e-15 0)
(1 1.8466e-16 0)
(1 1.19294e-15 0)
(1 -8.97329e-16 0)
(1 -1.46682e-15 0)
(1 4.64756e-15 0)
(1 -4.56432e-15 0)
(1 -4.17454e-15 0)
(1 -6.95925e-15 0)
(1 -3.23924e-15 0)
(1 5.14016e-15 0)
(1 -1.21235e-15 0)
(1 4.23305e-18 0)
(1 3.64842e-15 0)
(1 -7.00427e-15 0)
(1 -5.04827e-15 0)
(1 8.08857e-16 0)
(1 7.63506e-15 0)
(1 9.27372e-15 0)
(1 1.43171e-14 0)
(1 1.03459e-14 0)
(1 2.8747e-15 0)
(1 4.30587e-15 0)
(1 3.29025e-15 0)
(1 6.07642e-15 0)
(1 -3.75075e-16 0)
(1 3.9763e-15 0)
(1 4.67536e-15 0)
(1 -1.70461e-15 0)
(1 1.74899e-15 0)
(1 1.15249e-14 0)
(1 6.02534e-15 0)
(1 3.70399e-15 0)
(1 -2.00463e-15 0)
(1 -1.33015e-15 0)
(1 3.85817e-16 0)
(1 1.54618e-15 0)
(1 4.87515e-16 0)
(1 1.16265e-14 0)
(1 -4.29461e-15 0)
(1 1.02028e-14 0)
(1 1.43718e-14 0)
(1 9.66143e-15 0)
(1 6.3057e-15 0)
(1 3.7808e-15 0)
(1 -7.34127e-16 0)
(1 -4.77222e-15 0)
(1 3.21944e-15 0)
(1 1.38681e-14 0)
(1 1.05835e-14 0)
(1 1.07978e-14 0)
(1 1.1555e-14 0)
(1 1.13635e-14 0)
(1 4.06516e-15 0)
(1 7.01201e-15 0)
(1 5.26665e-15 0)
(1 6.23245e-15 0)
(1 2.24867e-15 0)
(1 5.19582e-15 0)
(1 6.49026e-15 0)
(1 7.5338e-15 0)
(1 4.66237e-15 0)
(1 4.87413e-15 0)
(1 4.57777e-15 0)
(1 4.56587e-15 0)
(1 1.1387e-15 0)
(1 2.37212e-15 0)
(1 2.1283e-15 0)
(1 3.97499e-15 0)
(1 3.59306e-15 0)
(1 8.32576e-15 0)
(1 1.48947e-14 0)
(1 1.40429e-14 0)
(1 6.52687e-15 0)
(1 5.62759e-15 0)
(1 6.0242e-16 0)
(1 -5.713e-16 0)
(1 3.26557e-15 0)
(1 -1.02268e-14 0)
(1 8.11416e-15 0)
(1 -3.53787e-15 0)
(1 -1.16768e-14 0)
(1 -1.16748e-14 0)
(1 8.57508e-15 0)
(1 -4.01098e-16 0)
(1 1.29128e-14 0)
(1 -3.83582e-15 0)
(1 2.87387e-15 0)
(1 2.25115e-15 0)
(1 6.73917e-16 0)
(1 -3.54537e-15 0)
(1 -2.08869e-15 0)
(1 -1.35524e-14 0)
(1 -8.65577e-15 0)
(1 -4.81748e-15 0)
(1 -5.93548e-15 0)
(1 8.59134e-15 0)
(1 1.36352e-14 0)
(1 8.38586e-15 0)
(1 1.42996e-14 0)
(1 7.09982e-15 0)
(1 2.20659e-15 0)
(1 -1.60677e-15 0)
(1 -6.04592e-15 0)
(1 -8.0494e-15 0)
(1 -2.41969e-15 0)
(1 -4.38827e-15 0)
(1 6.38853e-16 0)
(1 -8.54363e-15 0)
(1 -3.80435e-15 0)
(1 -2.41109e-15 0)
(1 1.65443e-15 0)
(1 1.06e-14 0)
(1 1.8524e-15 0)
(1 -8.18211e-15 0)
(1 -4.59992e-15 0)
(1 8.50754e-15 0)
(1 1.01105e-14 0)
(1 1.26738e-14 0)
(1 6.6308e-15 0)
(1 -6.38002e-17 0)
(1 1.12026e-15 0)
(1 -6.15342e-15 0)
(1 -6.67309e-15 0)
(1 2.63808e-15 0)
(1 7.64036e-15 0)
(1 1.4129e-14 0)
(1 8.09168e-15 0)
(1 5.95931e-15 0)
(1 6.54432e-15 0)
(1 5.32442e-15 0)
(1 6.57895e-15 0)
(1 4.282e-15 0)
(1 1.24939e-15 0)
(1 3.96421e-15 0)
(1 5.56117e-16 0)
(1 -2.82431e-15 0)
(1 2.56625e-15 0)
(1 4.48455e-16 0)
(1 3.18893e-15 0)
(1 4.61175e-15 0)
(1 1.09366e-14 0)
(1 1.31382e-14 0)
(1 1.47562e-14 0)
(1 9.43525e-15 0)
(1 8.07453e-15 0)
(1 2.23674e-15 0)
(1 5.27573e-15 0)
(1 4.51611e-15 0)
(1 7.37473e-15 0)
(1 1.35081e-14 0)
(1 1.21108e-14 0)
(1 5.64745e-15 0)
(1 6.40007e-15 0)
(1 6.50122e-15 0)
(1 1.18039e-14 0)
(1 1.45581e-15 0)
(1 2.67743e-15 0)
(1 -2.82243e-15 0)
(1 2.44577e-15 0)
(1 1.08502e-15 0)
(1 3.84022e-15 0)
(1 1.94882e-15 0)
(1 -4.67566e-16 0)
(1 1.38476e-15 0)
(1 1.07944e-15 0)
(1 1.83014e-15 0)
(1 4.92053e-15 0)
(1 1.24295e-14 0)
(1 1.18097e-14 0)
(1 5.83083e-15 0)
(1 4.92279e-15 0)
(1 1.01174e-14 0)
(1 1.00468e-14 0)
(1 8.8186e-15 0)
(1 -2.73912e-15 0)
(1 -2.20113e-15 0)
(1 -1.99699e-15 0)
(1 -2.95821e-15 0)
(1 6.03124e-15 0)
(1 5.06176e-15 0)
(1 1.1803e-14 0)
(1 5.04319e-15 0)
(1 2.68465e-16 0)
(1 -1.06666e-14 0)
(1 -2.00326e-15 0)
(1 -8.3496e-15 0)
(1 5.0228e-16 0)
(1 -6.46086e-16 0)
(1 -2.98409e-15 0)
(1 -4.76554e-15 0)
(1 -1.27378e-16 0)
(1 3.35695e-15 0)
(1 -6.34578e-15 0)
(1 2.23111e-16 0)
(1 1.27014e-15 0)
(1 4.4774e-15 0)
(1 6.45134e-15 0)
(1 -1.04735e-14 0)
(1 -8.07022e-15 0)
(1 -1.17152e-15 0)
(1 -7.00961e-16 0)
(1 -4.91849e-15 0)
(1 -1.27935e-15 0)
(1 -2.94866e-15 0)
(1 -3.31568e-16 0)
(1 -9.80076e-16 0)
(1 2.27225e-15 0)
(1 4.8874e-15 0)
(1 2.22555e-15 0)
(1 -3.22455e-15 0)
(1 3.47138e-15 0)
(1 4.88538e-15 0)
(1 -4.93826e-15 0)
(1 -3.55274e-15 0)
(1 2.25423e-15 0)
(1 5.73894e-15 0)
(1 2.89054e-15 0)
(1 6.50435e-15 0)
(1 -3.73406e-16 0)
(1 -6.78027e-15 0)
(1 4.50595e-15 0)
(1 -1.23433e-15 0)
(1 7.03302e-16 0)
(1 6.58222e-15 0)
(1 1.27124e-14 0)
(1 1.17016e-14 0)
(1 8.45636e-15 0)
(1 2.1173e-15 0)
(1 4.14399e-15 0)
(1 -6.37604e-15 0)
(1 3.5958e-15 0)
(1 1.94964e-15 0)
(1 2.58949e-15 0)
(1 3.97152e-15 0)
(1 -4.81772e-15 0)
(1 5.72616e-16 0)
(1 3.9081e-16 0)
(1 8.59521e-16 0)
(1 5.00823e-15 0)
(1 -5.22988e-15 0)
(1 -2.61743e-15 0)
(1 2.78061e-15 0)
(1 9.79567e-15 0)
(1 7.49415e-15 0)
(1 6.44577e-15 0)
(1 3.89773e-15 0)
(1 1.12239e-14 0)
(1 9.5742e-15 0)
(1 9.56417e-15 0)
(1 4.45424e-15 0)
(1 6.62425e-15 0)
(1 2.40855e-15 0)
(1 1.52366e-14 0)
(1 1.09018e-14 0)
(1 3.99963e-15 0)
(1 2.32373e-15 0)
(1 7.5928e-15 0)
(1 5.17237e-15 0)
(1 5.97434e-15 0)
(1 4.2286e-16 0)
(1 -2.67356e-15 0)
(1 -4.00918e-15 0)
(1 -2.07215e-15 0)
(1 -2.67229e-15 0)
(1 3.43493e-15 0)
(1 3.38868e-15 0)
(1 1.18886e-14 0)
(1 9.86742e-15 0)
(1 1.03589e-14 0)
(1 9.16131e-15 0)
(1 1.33113e-15 0)
(1 7.11748e-15 0)
(1 7.57039e-15 0)
(1 4.18865e-15 0)
(1 -4.16411e-15 0)
(1 -8.64954e-16 0)
(1 2.57736e-15 0)
(1 3.983e-15 0)
(1 -2.12928e-15 0)
(1 -6.50779e-15 0)
(1 5.04885e-15 0)
(1 1.26543e-14 0)
(1 1.07757e-14 0)
(1 3.16947e-15 0)
(1 -5.13874e-15 0)
(1 -1.81281e-14 0)
(1 -1.45706e-14 0)
(1 -6.02867e-15 0)
(1 -6.10941e-15 0)
(1 9.75007e-15 0)
(1 -2.20483e-15 0)
(1 6.32337e-15 0)
(1 -1.19552e-14 0)
(1 -9.01731e-15 0)
(1 -1.25396e-15 0)
(1 7.15493e-15 0)
(1 1.19723e-14 0)
(1 5.80004e-15 0)
(1 -2.95978e-15 0)
(1 -1.3974e-15 0)
(1 4.91327e-15 0)
(1 -1.57705e-15 0)
(1 -1.3781e-15 0)
(1 -1.28588e-15 0)
(1 4.08624e-15 0)
(1 -1.57634e-15 0)
(1 -2.17257e-15 0)
(1 -8.86268e-15 0)
(1 8.61608e-16 0)
(1 -8.94957e-16 0)
(1 2.32924e-15 0)
(1 -2.79129e-15 0)
(1 -6.23042e-17 0)
(1 -7.33199e-15 0)
(1 1.55657e-15 0)
(1 -5.65537e-15 0)
(1 -3.34772e-15 0)
(1 6.31958e-15 0)
(1 1.68329e-15 0)
(1 -7.64191e-15 0)
(1 -4.53842e-15 0)
(1 2.25582e-15 0)
(1 8.25854e-15 0)
(1 6.4091e-15 0)
(1 6.26536e-15 0)
(1 5.53965e-15 0)
(1 6.02853e-15 0)
(1 1.11623e-15 0)
(1 -2.18024e-15 0)
(1 -2.31677e-15 0)
(1 -1.88995e-15 0)
(1 5.94504e-16 0)
(1 3.3505e-15 0)
(1 8.9779e-15 0)
(1 2.23482e-15 0)
(1 6.99081e-15 0)
(1 3.50031e-15 0)
(1 -2.96249e-16 0)
(1 -6.18892e-15 0)
(1 -1.78758e-15 0)
(1 -6.41884e-16 0)
(1 2.22132e-15 0)
(1 -2.43381e-15 0)
(1 4.89907e-15 0)
(1 1.15907e-14 0)
(1 1.1496e-14 0)
(1 1.74624e-14 0)
(1 1.54852e-14 0)
(1 1.03168e-14 0)
(1 1.1047e-14 0)
(1 4.25788e-15 0)
(1 7.18437e-15 0)
(1 5.06987e-15 0)
(1 6.13433e-15 0)
(1 3.01704e-15 0)
(1 7.80741e-15 0)
(1 8.56853e-15 0)
(1 3.51341e-15 0)
(1 6.30109e-16 0)
(1 4.15239e-15 0)
(1 2.26538e-15 0)
(1 2.51077e-15 0)
(1 2.1692e-17 0)
(1 -8.76336e-16 0)
(1 2.79134e-15 0)
(1 6.61093e-15 0)
(1 1.13315e-14 0)
(1 6.08969e-15 0)
(1 6.17511e-15 0)
(1 1.09646e-14 0)
(1 9.98633e-15 0)
(1 6.61616e-15 0)
(1 7.89405e-15 0)
(1 5.87237e-15 0)
(1 1.64199e-15 0)
(1 6.82631e-15 0)
(1 -6.47842e-16 0)
(1 2.69605e-15 0)
(1 -6.44383e-15 0)
(1 -3.1053e-15 0)
(1 -4.65893e-15 0)
(1 -4.36815e-16 0)
(1 5.00232e-15 0)
(1 3.27164e-15 0)
(1 -7.97817e-15 0)
(1 -1.83145e-15 0)
(1 -8.49468e-15 0)
(1 -6.44687e-15 0)
(1 -7.67399e-15 0)
(1 3.43598e-15 0)
(1 1.27683e-16 0)
(1 -2.6323e-15 0)
(1 5.9058e-16 0)
(1 -4.19862e-15 0)
(1 8.55907e-15 0)
(1 -4.54987e-15 0)
(1 2.49504e-15 0)
(1 1.87842e-15 0)
(1 -4.35367e-16 0)
(1 -6.34102e-16 0)
(1 6.12739e-15 0)
(1 1.29224e-15 0)
(1 -4.82164e-15 0)
(1 -4.55422e-15 0)
(1 -1.48888e-15 0)
(1 -2.61145e-15 0)
(1 1.0103e-15 0)
(1 -8.14066e-15 0)
(1 -2.02034e-15 0)
(1 -1.37752e-15 0)
(1 -4.26461e-15 0)
(1 -5.71541e-15 0)
(1 -2.80622e-16 0)
(1 3.58671e-15 0)
(1 3.77111e-15 0)
(1 -5.26139e-15 0)
(1 -1.10901e-14 0)
(1 -1.48535e-15 0)
(1 -3.55487e-15 0)
(1 4.17935e-15 0)
(1 2.10684e-15 0)
(1 6.83961e-15 0)
(1 -4.99264e-15 0)
(1 4.85023e-16 0)
(1 1.8638e-15 0)
(1 4.81407e-15 0)
(1 6.72932e-15 0)
(1 9.15493e-15 0)
(1 -2.79719e-15 0)
(1 -2.1296e-15 0)
(1 -2.38985e-15 0)
(1 -7.86752e-15 0)
(1 3.22209e-15 0)
(1 3.61278e-15 0)
(1 5.40524e-15 0)
(1 -4.75384e-15 0)
(1 -1.35849e-15 0)
(1 -9.31046e-15 0)
(1 4.81783e-17 0)
(1 3.70901e-15 0)
(1 7.79863e-15 0)
(1 1.56207e-15 0)
(1 -1.89424e-15 0)
(1 5.80365e-15 0)
(1 1.30377e-14 0)
(1 1.27387e-14 0)
(1 1.12359e-14 0)
(1 1.26438e-14 0)
(1 9.33462e-15 0)
(1 1.49024e-14 0)
(1 3.5353e-15 0)
(1 4.97079e-15 0)
(1 -2.85937e-15 0)
(1 8.58115e-15 0)
(1 1.6302e-14 0)
(1 8.87005e-15 0)
(1 7.54569e-15 0)
(1 7.91759e-16 0)
(1 1.4033e-15 0)
(1 4.09924e-15 0)
(1 9.15824e-15 0)
(1 2.21916e-15 0)
(1 -1.80009e-15 0)
(1 -6.24309e-16 0)
(1 5.6102e-15 0)
(1 1.0127e-14 0)
(1 4.32382e-15 0)
(1 1.63716e-15 0)
(1 6.07384e-15 0)
(1 5.28738e-15 0)
(1 9.78828e-15 0)
(1 6.53205e-15 0)
(1 1.10456e-14 0)
(1 9.30414e-15 0)
(1 -3.99042e-16 0)
(1 7.02367e-15 0)
(1 -6.38619e-15 0)
(1 -2.91842e-15 0)
(1 -1.94695e-15 0)
(1 7.36466e-15 0)
(1 1.64001e-14 0)
(1 7.68574e-15 0)
(1 1.64697e-15 0)
(1 -4.65585e-15 0)
(1 -1.26765e-14 0)
(1 -4.45578e-16 0)
(1 -5.09815e-15 0)
(1 -3.99076e-15 0)
(1 -2.06138e-15 0)
(1 -1.41712e-14 0)
(1 -4.28187e-15 0)
(1 -1.76679e-15 0)
(1 9.90461e-15 0)
(1 4.57477e-15 0)
(1 4.53392e-15 0)
(1 -1.60654e-15 0)
(1 6.01923e-16 0)
(1 3.82974e-15 0)
(1 1.51929e-15 0)
(1 -6.52951e-17 0)
(1 -4.26837e-15 0)
(1 -5.07565e-15 0)
(1 -1.03369e-14 0)
(1 -1.53568e-15 0)
(1 -4.67919e-15 0)
(1 4.27649e-15 0)
(1 -6.85302e-15 0)
(1 4.52983e-15 0)
(1 -6.55238e-15 0)
(1 -5.02332e-15 0)
(1 -6.51796e-15 0)
(1 -7.86319e-15 0)
(1 -6.94562e-15 0)
(1 6.72748e-15 0)
(1 3.29832e-15 0)
(1 1.72761e-14 0)
(1 9.34005e-16 0)
(1 -6.22699e-15 0)
(1 -6.98981e-15 0)
(1 -1.5665e-15 0)
(1 3.36765e-15 0)
(1 2.76434e-15 0)
(1 -3.38423e-15 0)
(1 -2.95605e-15 0)
(1 -1.31674e-15 0)
(1 -2.16469e-15 0)
(1 2.85291e-15 0)
(1 1.13533e-15 0)
(1 -4.54793e-15 0)
(1 4.18909e-15 0)
(1 4.21098e-15 0)
(1 7.56176e-16 0)
(1 5.0417e-16 0)
(1 2.04598e-15 0)
(1 1.85062e-15 0)
(1 -4.10908e-15 0)
(1 -9.0353e-15 0)
(1 -7.9871e-15 0)
(1 -3.62734e-15 0)
(1 4.80265e-15 0)
(1 1.28634e-15 0)
(1 9.2511e-16 0)
(1 2.00707e-15 0)
(1 1.76609e-15 0)
(1 2.26701e-15 0)
(1 5.61611e-15 0)
(1 1.36917e-15 0)
(1 8.78858e-15 0)
(1 9.57888e-15 0)
(1 7.63497e-15 0)
(1 5.18738e-15 0)
(1 8.73668e-15 0)
(1 7.73587e-15 0)
(1 7.27356e-15 0)
(1 7.10013e-15 0)
(1 1.11299e-14 0)
(1 5.37737e-15 0)
(1 5.3358e-15 0)
(1 2.83869e-15 0)
(1 -4.14276e-15 0)
(1 -7.79563e-16 0)
(1 1.64375e-16 0)
(1 1.39367e-15 0)
(1 2.15969e-15 0)
(1 3.38434e-15 0)
(1 8.47832e-15 0)
(1 -1.58181e-15 0)
(1 8.67606e-16 0)
(1 5.77691e-15 0)
(1 6.48607e-15 0)
(1 4.47843e-16 0)
(1 9.04264e-15 0)
(1 1.12831e-14 0)
(1 6.84906e-15 0)
(1 -1.19213e-15 0)
(1 -5.82416e-15 0)
(1 -1.39017e-15 0)
(1 -1.76937e-15 0)
(1 -1.47547e-16 0)
(1 8.41341e-15 0)
(1 3.12962e-15 0)
(1 4.08739e-15 0)
(1 -3.4719e-15 0)
(1 1.81665e-15 0)
(1 -3.26751e-15 0)
(1 -2.27167e-15 0)
(1 -6.35579e-15 0)
(1 -5.87818e-15 0)
(1 -3.49408e-15 0)
(1 -5.16038e-15 0)
(1 -6.81563e-15 0)
(1 -1.80543e-15 0)
(1 3.35015e-16 0)
(1 2.85432e-15 0)
(1 1.57927e-16 0)
(1 -3.36143e-15 0)
(1 1.10222e-15 0)
(1 8.62729e-15 1.29499e-46)
(1 1.21293e-14 0)
(1 3.16256e-15 0)
(1 -5.58139e-15 0)
(1 -7.35451e-15 0)
(1 -1.74401e-15 0)
(1 1.78125e-15 0)
(1 -3.03753e-15 0)
(1 1.43494e-15 0)
(1 -8.904e-15 0)
(1 -7.66542e-15 0)
(1 -8.43594e-15 0)
(1 -1.17956e-14 0)
(1 1.49875e-15 0)
(1 6.94877e-15 0)
(1 3.99416e-15 0)
(1 -9.21373e-17 0)
(1 -5.98708e-15 0)
(1 1.59558e-15 0)
(1 4.2128e-15 0)
(1 -3.87729e-15 0)
(1 1.77654e-15 -1.21943e-46)
(1 -4.18534e-15 0)
(1 -2.93699e-15 -1.21161e-46)
(1 -1.46091e-16 0)
(1 6.91269e-15 0)
(1 3.14896e-15 0)
(1 -5.24506e-15 0)
(1 3.12496e-15 0)
(1 7.50057e-15 0)
(1 8.9094e-16 0)
(1 -3.14956e-15 0)
(1 -1.53993e-15 0)
(1 2.57248e-15 0)
(1 1.73661e-15 0)
(1 -1.75081e-15 0)
(1 -7.73057e-15 0)
(1 -5.16159e-15 0)
(1 -6.84111e-15 0)
(1 -7.72089e-15 0)
(1 -5.68255e-15 0)
(1 2.90917e-15 0)
(1 5.43518e-15 0)
(1 -4.14271e-15 0)
(1 3.59843e-15 0)
(1 4.64327e-15 0)
(1 2.45303e-15 3.80228e-47)
(1 -3.80636e-15 -3.72824e-47)
(1 2.40516e-15 -3.64979e-47)
(1 8.2599e-15 3.5225e-47)
(1 8.52977e-15 3.54926e-47)
(1 1.28314e-14 -3.3862e-47)
(1 5.13171e-15 -3.3265e-47)
(1 1.25324e-14 3.21153e-47)
(1 7.55459e-15 3.08516e-47)
(1 6.29921e-15 -2.97906e-47)
(1 -4.25318e-15 -2.82485e-47)
(1 -6.54728e-16 0)
(1 6.31848e-15 0)
(1 6.28302e-15 -4.73263e-47)
(1 7.14773e-15 0)
(1 8.0157e-16 -4.19136e-47)
(1 5.27515e-16 1.93692e-47)
(1 5.66655e-15 -3.76576e-47)
(1 7.70972e-15 0)
(1 7.21675e-15 -3.09967e-47)
(1 9.08746e-17 1.35133e-47)
(1 -3.08611e-16 -2.36169e-47)
(1 5.62142e-15 0)
(1 1.99467e-15 -1.80946e-47)
(1 -2.3087e-15 0)
(1 2.09415e-15 0)
(1 3.58157e-15 -4.56107e-48)
(1 6.27793e-15 -2.87768e-48)
(1 1.06685e-14 0)
(1 4.54113e-15 -1.50962e-48)
(1 4.34859e-15 -6.00958e-49)
(1 -7.29403e-16 0)
(1 -3.41782e-15 0)
(1 1.76502e-15 0)
(1 8.03679e-15 0)
(1 2.31777e-16 0)
(1 4.93051e-15 0)
(1 2.48338e-16 0)
(1 3.49316e-15 0)
(1 -1.37106e-15 0)
(1 3.67844e-15 0)
(1 -8.21361e-15 0)
(1 -4.59375e-15 0)
(1 -5.63699e-15 0)
(1 -9.22481e-15 0)
(1 -2.23691e-15 0)
(1 -4.71239e-15 0)
(1 1.86614e-15 0)
(1 -3.66e-15 0)
(1 -1.35531e-15 0)
(1 -1.74751e-15 0)
(1 3.39142e-15 0)
(1 1.54977e-15 0)
(1 4.41867e-15 0)
(1 -2.2896e-15 -1.29499e-46)
(1 8.6297e-15 0)
(1 4.2058e-15 0)
(1 -4.30696e-16 0)
(1 -6.38174e-15 0)
(1 8.08515e-16 0)
(1 4.67464e-17 0)
(1 2.37543e-15 0)
(1 -6.67512e-15 0)
(1 -6.35441e-15 0)
(1 -1.13269e-14 0)
(1 -6.09951e-15 0)
(1 -2.40867e-15 0)
(1 -4.81355e-15 0)
(1 6.24261e-15 0)
(1 8.03686e-17 0)
(1 -1.8141e-17 0)
(1 -7.57362e-15 0)
(1 -1.03481e-14 0)
(1 -6.04757e-15 0)
(1 2.53261e-15 0)
(1 3.11274e-15 1.21943e-46)
(1 3.22334e-15 0)
(1 -3.3715e-15 1.21161e-46)
(1 -9.22697e-16 0)
(1 1.5956e-15 0)
(1 9.47062e-15 0)
(1 8.42426e-15 0)
(1 4.31146e-15 0)
(1 1.39042e-15 0)
(1 -1.9508e-15 0)
(1 1.41371e-15 0)
(1 -4.87185e-15 0)
(1 2.29877e-15 0)
(1 4.67767e-15 0)
(1 5.19379e-15 0)
(1 2.78497e-15 0)
(1 -8.65349e-15 0)
(1 -1.18024e-14 0)
(1 -6.32311e-15 0)
(1 -5.81576e-15 0)
(1 -5.39516e-16 0)
(1 -4.06175e-15 0)
(1 -1.88224e-15 0)
(1 -3.12775e-15 0)
(1 -8.83289e-15 0)
(1 -2.08162e-15 -3.80228e-47)
(1 -2.65724e-15 3.72824e-47)
(1 5.06222e-15 3.64979e-47)
(1 1.02114e-15 -3.5225e-47)
(1 9.73088e-16 -3.54926e-47)
(1 2.13524e-15 3.3862e-47)
(1 4.73798e-15 3.3265e-47)
(1 1.07997e-14 -3.21153e-47)
(1 3.01707e-15 -3.08516e-47)
(1 7.24096e-15 2.97906e-47)
(1 6.86623e-16 2.82485e-47)
(1 -2.28955e-15 0)
(1 -2.28822e-15 0)
(1 2.8904e-15 4.73263e-47)
(1 1.66418e-15 0)
(1 3.44484e-15 4.19136e-47)
(1 7.68983e-15 -1.93692e-47)
(1 8.98741e-15 3.76576e-47)
(1 4.19334e-15 0)
(1 9.02987e-15 3.09967e-47)
(1 -2.5766e-15 -1.35133e-47)
(1 4.93085e-15 2.36169e-47)
(1 4.73257e-15 0)
(1 5.30347e-15 1.80946e-47)
(1 -3.47603e-15 0)
(1 -5.28722e-15 0)
(1 -4.7732e-15 4.56107e-48)
(1 8.5182e-15 2.87768e-48)
(1 1.85546e-15 0)
(1 1.7985e-15 1.50962e-48)
(1 8.59049e-15 6.00958e-49)
(1 1.36687e-15 0)
(1 3.23841e-15 0)
(1 2.78101e-15 0)
(1 1.35793e-15 0)
(1 -5.15013e-15 0)
(1 2.28491e-16 0)
(1 1.19668e-15 0)
(1 1.8353e-15 0)
(1 5.77256e-15 0)
(1 1.80544e-15 0)
(1 3.76318e-18 0)
(1 -6.57537e-15 0)
(1 -2.79916e-15 0)
(1 -5.334e-15 0)
(1 -4.15063e-15 0)
(1 -4.05863e-15 0)
(1 -1.04765e-16 0)
(1 -3.44288e-15 0)
(1 -3.65106e-15 0)
(1 -3.57129e-15 0)
(1 -8.35346e-15 0)
(1 3.36662e-15 0)
(1 5.14202e-15 0)
(1 8.12318e-15 0)
(1 -2.18058e-15 0)
(1 -3.15288e-15 0)
(1 -2.37053e-15 0)
(1 2.60931e-15 0)
(1 5.58032e-15 0)
(1 8.02298e-15 0)
(1 -9.81789e-15 0)
(1 9.68126e-16 0)
(1 -6.06454e-16 0)
(1 8.60219e-15 0)
(1 -3.02512e-15 0)
(1 -2.64943e-15 0)
(1 -9.83904e-15 0)
(1 -9.28864e-15 0)
(1 -1.02335e-14 0)
(1 8.52358e-16 0)
(1 -7.56414e-15 0)
(1 2.90912e-17 0)
(1 -1.98471e-15 0)
(1 5.35089e-15 0)
(1 -4.1041e-15 0)
(1 1.21637e-16 0)
(1 -8.58117e-15 0)
(1 -1.79323e-15 0)
(1 -1.77624e-15 0)
(1 -2.99414e-15 0)
(1 9.3908e-15 0)
(1 4.10219e-15 0)
(1 -6.44255e-15 0)
(1 -6.35587e-15 0)
(1 -6.00682e-15 0)
(1 -4.33244e-16 0)
(1 3.41337e-15 0)
(1 1.40058e-14 0)
(1 7.66976e-15 0)
(1 6.13176e-15 0)
(1 -1.83033e-15 0)
(1 2.35357e-15 0)
(1 -3.84695e-15 0)
(1 -6.10009e-15 0)
(1 -1.34516e-14 0)
(1 -6.75485e-15 0)
(1 5.70733e-16 0)
(1 4.33331e-15 0)
(1 -4.33837e-15 0)
(1 -9.08298e-15 0)
(1 -4.26851e-15 0)
(1 5.52877e-15 0)
(1 1.67208e-15 0)
(1 1.01567e-15 0)
(1 1.09006e-15 0)
(1 -5.46514e-15 0)
(1 -1.90541e-17 0)
(1 6.92618e-15 0)
(1 6.02934e-15 0)
(1 -3.23994e-15 0)
(1 -9.41342e-15 0)
(1 -7.31364e-15 0)
(1 -2.16529e-15 0)
(1 3.63577e-15 0)
(1 4.75254e-15 0)
(1 9.50556e-15 0)
(1 3.75747e-15 0)
(1 7.2594e-15 0)
(1 7.25937e-15 0)
(1 6.85806e-15 0)
(1 1.02811e-14 0)
(1 5.48916e-15 0)
(1 8.62929e-16 0)
(1 -2.8618e-15 0)
(1 -6.56536e-15 0)
(1 -3.36852e-15 0)
(1 4.50593e-15 0)
(1 -2.88895e-16 0)
(1 2.15345e-15 0)
(1 5.81563e-15 0)
(1 -8.59619e-16 0)
(1 -1.74349e-15 0)
(1 5.59735e-15 0)
(1 6.16287e-15 0)
(1 7.98026e-15 0)
(1 1.50278e-14 0)
(1 2.54939e-16 0)
(1 -1.0619e-14 0)
(1 -8.88743e-15 0)
(1 -4.79849e-15 0)
(1 4.86977e-16 0)
(1 -8.89097e-15 0)
(1 -1.7484e-16 0)
(1 -7.3026e-16 0)
(1 -5.39143e-15 0)
(1 1.4811e-16 0)
(1 -1.07393e-15 0)
(1 -3.89996e-15 0)
(1 -7.64862e-15 0)
(1 6.49231e-15 0)
(1 -4.3246e-15 0)
(1 -9.80981e-16 0)
(1 -3.42013e-16 0)
(1 4.57013e-15 0)
(1 -1.00048e-15 0)
(1 -1.23281e-15 0)
(1 1.51862e-15 0)
(1 3.51171e-15 0)
(1 9.97924e-16 0)
(1 -2.40548e-15 0)
(1 4.21164e-16 0)
(1 4.33023e-16 0)
(1 -9.57801e-16 0)
(1 7.42411e-15 0)
(1 -3.00986e-15 0)
(1 -4.36629e-15 0)
(1 -7.14557e-15 0)
(1 -1.14721e-14 0)
(1 -6.01834e-15 0)
(1 -2.35605e-15 0)
(1 -5.13744e-15 0)
(1 -6.01215e-15 0)
(1 1.82498e-15 0)
(1 -2.91141e-15 0)
(1 -7.53849e-15 0)
(1 -3.98578e-15 0)
(1 1.55808e-15 0)
(1 3.87018e-16 0)
(1 -1.28102e-15 0)
(1 -1.03411e-14 0)
(1 -3.6167e-15 0)
(1 5.69172e-15 0)
(1 6.3554e-16 0)
(1 5.38683e-15 0)
(1 2.20164e-15 0)
(1 1.09756e-14 0)
(1 -4.21771e-16 0)
(1 4.55675e-15 0)
(1 -4.19541e-15 0)
(1 -8.92792e-16 0)
(1 2.23876e-15 0)
(1 7.83654e-16 0)
(1 -8.67285e-15 0)
(1 -7.33492e-15 0)
(1 -9.27854e-15 0)
(1 -4.55914e-15 0)
(1 -1.77919e-15 0)
(1 -2.30861e-15 0)
(1 -2.19807e-15 0)
(1 -9.11517e-15 0)
(1 -1.14002e-14 0)
(1 -9.87194e-15 0)
(1 -6.64972e-16 0)
(1 6.02558e-15 0)
(1 2.77697e-15 0)
(1 -3.1062e-15 0)
(1 9.55184e-16 0)
(1 3.76772e-15 0)
(1 2.34537e-15 0)
(1 -2.48694e-15 0)
(1 -4.28467e-15 0)
(1 -5.07547e-15 0)
(1 -1.67875e-15 0)
(1 4.41783e-15 0)
(1 5.10971e-15 0)
(1 5.04982e-15 0)
(1 3.21732e-15 0)
(1 3.53495e-15 0)
(1 6.19803e-15 0)
(1 9.03777e-15 0)
(1 7.89597e-15 0)
(1 2.40874e-15 0)
(1 -4.84968e-16 0)
(1 -3.43539e-15 0)
(1 -5.49874e-15 0)
(1 -2.37606e-15 0)
(1 -1.62509e-15 0)
(1 8.09835e-16 0)
(1 -4.71868e-15 0)
(1 -3.36025e-15 0)
(1 -1.64772e-15 0)
(1 -4.44934e-16 0)
(1 4.63029e-15 0)
(1 2.97402e-16 0)
(1 9.32899e-15 0)
(1 2.57982e-15 0)
(1 4.77038e-15 0)
(1 -7.03549e-15 0)
(1 -1.43364e-15 0)
(1 -3.99973e-15 0)
(1 -3.80212e-15 0)
(1 -1.20463e-14 0)
(1 3.90842e-15 0)
(1 -1.68693e-15 0)
(1 -1.69327e-15 0)
(1 -6.37126e-15 0)
(1 5.20456e-15 0)
(1 2.65397e-15 0)
(1 2.58721e-15 0)
(1 -4.20382e-15 0)
(1 1.28757e-16 0)
(1 -3.05271e-15 0)
(1 -2.9069e-16 0)
(1 -5.20205e-15 0)
(1 3.82705e-15 0)
(1 1.62195e-15 0)
(1 -3.85199e-15 0)
(1 -1.89645e-15 0)
(1 -5.86624e-15 0)
(1 -4.51012e-15 0)
(1 7.41096e-15 0)
(1 -3.50156e-15 0)
(1 -5.31757e-16 0)
(1 -7.12351e-15 0)
(1 -2.59274e-15 0)
(1 -8.03455e-15 0)
(1 -5.54452e-15 0)
(1 -9.40545e-16 0)
(1 1.74667e-15 0)
(1 -3.10657e-15 0)
(1 -8.32817e-16 0)
(1 -3.46375e-15 0)
(1 -3.52181e-15 0)
(1 -5.12106e-15 0)
(1 -3.44629e-15 0)
(1 7.58506e-16 0)
(1 8.46962e-16 0)
(1 -1.90308e-16 0)
(1 -7.08723e-15 0)
(1 -3.09323e-15 0)
(1 -1.73368e-16 0)
(1 2.2637e-15 0)
(1 2.91249e-15 0)
(1 8.3827e-15 0)
(1 8.03254e-16 0)
(1 7.48549e-16 0)
(1 -1.08527e-14 0)
(1 -1.34478e-14 0)
(1 -1.04246e-14 0)
(1 -2.33196e-15 0)
(1 -1.10331e-15 0)
(1 -6.96314e-15 0)
(1 -4.35747e-15 0)
(1 -1.40236e-15 0)
(1 -6.77583e-15 0)
(1 -7.91702e-15 0)
(1 -4.11805e-15 0)
(1 -8.0417e-15 0)
(1 -5.61461e-15 0)
(1 -1.69852e-15 0)
(1 -1.70687e-15 0)
(1 -7.80029e-15 0)
(1 -2.08159e-15 0)
(1 6.12568e-15 0)
(1 -1.17966e-15 0)
(1 7.93839e-15 0)
(1 -7.10851e-16 0)
(1 -1.61464e-15 0)
(1 -3.99167e-15 0)
(1 -6.59428e-16 0)
(1 1.08277e-15 0)
(1 -5.40115e-15 0)
(1 -5.51817e-15 0)
(1 -4.97824e-15 0)
(1 -1.09853e-15 0)
(1 4.4116e-15 0)
(1 2.73268e-15 0)
(1 5.17701e-15 0)
(1 1.25645e-15 0)
(1 2.04772e-15 0)
(1 1.73219e-15 0)
(1 1.0449e-15 0)
(1 -8.95528e-15 0)
(1 2.70777e-15 0)
(1 1.03933e-15 0)
(1 -2.09368e-15 0)
(1 -3.27728e-15 0)
(1 6.65038e-15 0)
(1 7.79833e-15 0)
(1 4.28282e-15 0)
(1 7.38777e-15 0)
(1 3.64456e-15 0)
(1 3.92593e-15 0)
(1 -6.83269e-16 0)
(1 -1.60389e-15 0)
(1 -1.47369e-14 0)
(1 -2.41499e-15 0)
(1 1.82096e-15 0)
(1 2.5661e-15 0)
(1 -2.21897e-15 0)
(1 -3.03795e-15 0)
(1 -2.94789e-15 0)
(1 -2.37183e-15 0)
(1 -2.87107e-16 0)
(1 2.8596e-15 0)
(1 -3.28142e-15 0)
(1 -4.71401e-16 0)
(1 -8.7655e-15 0)
(1 -2.03434e-15 0)
(1 -9.8104e-15 0)
(1 1.246e-15 0)
(1 -4.1829e-15 0)
(1 7.4756e-15 0)
(1 2.7955e-15 0)
(1 -1.44255e-15 0)
(1 8.89817e-16 0)
(1 -3.93043e-15 0)
(1 7.73505e-15 0)
(1 2.88927e-15 0)
(1 1.00542e-15 0)
(1 -8.59399e-15 0)
(1 -3.66472e-16 0)
(1 6.96123e-15 0)
(1 8.48623e-15 0)
(1 8.92836e-15 0)
(1 -6.76336e-15 0)
(1 3.35016e-15 0)
(1 -9.65399e-15 0)
(1 -7.7854e-15 0)
(1 -9.10666e-15 0)
(1 -6.39942e-15 0)
(1 -9.88768e-15 0)
(1 -3.5472e-15 0)
(1 -3.52135e-15 0)
(1 -6.16814e-15 0)
(1 -9.76811e-16 0)
(1 -1.08984e-14 0)
(1 -6.71228e-15 0)
(1 -8.68926e-15 0)
(1 -3.17602e-15 0)
(1 -4.30674e-15 0)
(1 1.83129e-17 0)
(1 5.90749e-15 0)
(1 7.45793e-16 0)
(1 -6.15567e-16 0)
(1 -1.35864e-14 0)
(1 -6.57207e-15 0)
(1 -1.1381e-14 0)
(1 9.10379e-17 0)
(1 -6.93727e-15 0)
(1 -9.73841e-16 0)
(1 1.5674e-15 0)
(1 -1.27893e-15 0)
(1 -1.03937e-15 0)
(1 -4.93703e-15 0)
(1 -8.3154e-15 0)
(1 -5.11723e-15 0)
(1 -4.11507e-15 0)
(1 -4.15888e-15 0)
(1 1.69509e-15 0)
(1 2.6397e-15 0)
(1 5.63496e-15 0)
(1 8.0484e-16 0)
(1 -2.12529e-17 0)
(1 3.00713e-15 0)
(1 2.15743e-15 0)
(1 3.53098e-15 0)
(1 6.13725e-15 0)
(1 2.27444e-15 0)
(1 -2.91912e-15 0)
(1 -3.13728e-15 0)
(1 -7.44345e-15 0)
(1 -4.27579e-15 0)
(1 1.7524e-15 0)
(1 4.4514e-16 0)
(1 5.08749e-15 0)
(1 -7.94752e-16 0)
(1 3.89193e-16 0)
(1 4.16752e-16 0)
(1 3.93361e-15 0)
(1 1.83351e-15 0)
(1 -4.77825e-16 0)
(1 -1.06339e-14 0)
(1 -1.90667e-15 0)
(1 -2.30455e-15 0)
(1 1.82051e-15 0)
(1 5.57656e-16 0)
(1 4.75913e-15 0)
(1 6.9138e-15 0)
(1 2.04072e-15 0)
(1 5.74928e-15 0)
(1 1.83392e-15 0)
(1 -4.07146e-16 0)
(1 7.31644e-15 0)
(1 1.25848e-16 0)
(1 -2.61377e-15 0)
(1 -5.58917e-15 0)
(1 -6.10341e-16 0)
(1 -1.56629e-14 0)
(1 -1.0618e-14 0)
(1 -1.52337e-15 0)
(1 8.83333e-15 0)
(1 -1.59625e-15 0)
(1 6.15794e-15 0)
(1 5.88474e-15 0)
(1 5.59376e-16 0)
(1 -1.92959e-15 0)
(1 -7.75068e-16 0)
(1 -3.5418e-15 0)
(1 8.01045e-15 0)
(1 -1.13167e-15 0)
(1 -1.67474e-15 0)
(1 -9.21997e-15 0)
(1 -7.23214e-15 0)
(1 -1.1482e-14 0)
(1 -7.51971e-16 0)
(1 4.46434e-15 0)
(1 4.28204e-15 0)
(1 1.28652e-15 0)
(1 -7.63073e-15 0)
(1 -6.12053e-15 0)
(1 -4.51601e-15 0)
(1 -3.27703e-15 0)
(1 -3.00336e-15 0)
(1 -2.25285e-15 0)
(1 4.34732e-16 0)
(1 8.08126e-16 0)
(1 -6.87751e-15 0)
(1 3.01031e-16 0)
(1 -1.49425e-15 0)
(1 2.19704e-16 0)
(1 -1.2086e-15 0)
(1 7.66512e-16 0)
(1 -4.50272e-15 0)
(1 -4.20909e-15 0)
(1 -1.17423e-14 0)
(1 -8.70179e-15 0)
(1 -1.34082e-14 0)
(1 -5.56354e-16 0)
(1 -3.93571e-15 0)
(1 -1.05123e-14 0)
(1 -3.78536e-15 0)
(1 5.15092e-15 0)
(1 -2.99674e-15 0)
(1 3.48669e-15 0)
(1 -6.21151e-16 0)
(1 -9.23844e-17 0)
(1 -6.40586e-15 0)
(1 -4.1056e-15 0)
(1 -5.86167e-15 0)
(1 -7.57257e-15 0)
(1 -1.72316e-15 0)
(1 -7.96377e-15 0)
(1 1.76947e-15 0)
(1 -4.37576e-16 0)
(1 2.7731e-15 0)
(1 -1.25945e-14 0)
(1 -1.14778e-14 0)
(1 -1.72541e-14 0)
(1 -6.29086e-15 0)
(1 5.81325e-16 0)
(1 3.4021e-15 0)
(1 7.88104e-16 0)
(1 -8.19308e-15 0)
(1 -1.07071e-15 0)
(1 -8.13333e-15 0)
(1 8.00777e-16 0)
(1 8.74875e-16 0)
(1 5.06578e-15 0)
(1 -1.42315e-15 0)
(1 1.13073e-16 0)
(1 3.29525e-15 0)
(1 3.83969e-15 0)
(1 4.45285e-15 0)
(1 -1.61739e-16 0)
(1 -3.99635e-15 0)
(1 -2.10541e-15 0)
(1 -1.84284e-15 0)
(1 -1.02703e-15 0)
(1 7.93955e-15 0)
(1 2.56794e-15 0)
(1 1.09644e-15 0)
(1 1.08056e-16 0)
(1 -6.08866e-15 0)
(1 -4.11526e-15 0)
(1 1.50515e-15 0)
(1 5.3835e-17 0)
(1 1.8999e-15 0)
(1 -1.12685e-15 0)
(1 3.73648e-16 0)
(1 -2.73913e-15 0)
(1 7.64448e-16 0)
(1 1.34601e-15 0)
(1 2.67863e-16 0)
(1 1.77319e-15 0)
(1 -5.93542e-17 0)
(1 -8.38544e-15 0)
(1 -4.89877e-15 0)
(1 -6.65076e-15 0)
(1 4.22955e-16 0)
(1 6.97043e-15 0)
(1 8.7073e-15 0)
(1 1.16506e-15 0)
(1 -2.5736e-15 0)
(1 1.37829e-15 0)
(1 3.98719e-15 0)
(1 -4.98252e-15 0)
(1 -2.04723e-15 0)
(1 -9.84364e-15 0)
(1 -6.74629e-15 0)
(1 -2.39988e-15 0)
(1 -4.33028e-15 0)
(1 -2.39914e-15 0)
(1 -4.9087e-15 0)
(1 6.40237e-15 0)
(1 -2.20893e-15 0)
(1 -2.15847e-15 0)
(1 -3.60265e-15 0)
(1 1.18171e-15 0)
(1 3.89571e-15 0)
(1 2.032e-15 0)
(1 -6.61383e-15 0)
(1 -6.85218e-15 0)
(1 -1.30699e-15 0)
(1 -5.37888e-15 0)
(1 2.6912e-15 0)
(1 -2.54867e-15 0)
(1 3.77812e-15 0)
(1 7.19334e-15 0)
(1 1.50772e-15 0)
(1 1.89581e-15 0)
(1 -1.79206e-16 0)
(1 -5.30592e-15 0)
(1 -6.90471e-15 0)
(1 -2.08369e-15 0)
(1 -1.10934e-14 0)
(1 -1.08608e-14 0)
(1 -1.03113e-14 0)
(1 -5.75987e-15 0)
(1 -7.29962e-15 0)
(1 -2.35985e-16 0)
(1 1.18033e-15 0)
(1 4.65971e-15 0)
(1 -3.46109e-15 0)
(1 -7.62093e-15 0)
(1 -2.54359e-16 0)
(1 -3.69193e-15 0)
(1 -1.98361e-15 0)
(1 -5.255e-15 0)
(1 -2.89942e-15 0)
(1 -7.59671e-15 0)
(1 -6.13089e-15 0)
(1 -1.9299e-15 0)
(1 2.92188e-15 0)
(1 8.4445e-15 0)
(1 4.33777e-15 0)
(1 -2.28116e-15 0)
(1 -8.5393e-15 0)
(1 -5.12202e-15 0)
(1 -5.04546e-15 0)
(1 -4.46009e-16 0)
(1 -6.33409e-15 0)
(1 5.04055e-16 0)
(1 -4.41303e-15 0)
(1 -8.80692e-15 0)
(1 -4.53273e-15 0)
(1 -1.29023e-15 0)
(1 -7.74975e-15 0)
(1 -1.46716e-15 0)
(1 2.2125e-15 0)
(1 8.64355e-15 0)
(1 7.5178e-15 0)
(1 4.81205e-15 0)
(1 -9.34502e-16 0)
(1 2.40839e-15 0)
(1 -7.04553e-15 0)
(1 -2.88952e-15 0)
(1 -4.23352e-15 0)
(1 -7.79999e-15 0)
(1 -3.94863e-15 0)
(1 -1.81943e-15 0)
(1 -4.312e-15 0)
(1 7.08281e-15 0)
(1 5.39788e-15 0)
(1 4.81798e-15 0)
(1 1.73773e-15 0)
(1 2.54122e-15 0)
(1 6.35643e-15 0)
(1 9.55253e-15 0)
(1 6.58528e-15 0)
(1 -3.76826e-15 0)
(1 2.73715e-15 0)
(1 -1.81988e-15 0)
(1 -7.54436e-15 0)
(1 -2.36158e-15 0)
(1 -1.01483e-14 0)
(1 5.49183e-15 0)
(1 -1.693e-16 0)
(1 7.72343e-15 0)
(1 6.16188e-16 0)
(1 -1.09444e-15 0)
(1 -1.58994e-15 0)
(1 -3.32016e-15 0)
(1 -5.47801e-15 0)
(1 1.94202e-15 0)
(1 9.76536e-15 0)
(1 -2.64914e-15 0)
(1 -1.41083e-14 0)
(1 -5.50119e-15 0)
(1 -5.53757e-15 0)
(1 -1.51751e-15 0)
(1 -9.42981e-15 0)
(1 -1.43753e-15 0)
(1 6.61114e-15 0)
(1 1.09326e-14 0)
(1 8.22241e-15 0)
(1 3.29447e-15 0)
(1 -1.68492e-15 0)
(1 3.73553e-15 0)
(1 -4.19461e-15 0)
(1 -6.75461e-15 0)
(1 -1.30885e-14 0)
(1 -1.02627e-14 0)
(1 -3.43926e-15 0)
(1 2.2751e-15 0)
(1 7.42266e-15 0)
(1 4.11624e-15 0)
(1 4.90236e-15 0)
(1 -4.05943e-15 0)
(1 6.21816e-16 0)
(1 4.23349e-15 0)
(1 -3.39188e-15 0)
(1 -3.87544e-15 0)
(1 -1.027e-14 0)
(1 -5.42203e-15 0)
(1 -3.47892e-15 0)
(1 -8.28278e-15 0)
(1 -1.57557e-15 0)
(1 -6.17736e-15 0)
(1 -6.41097e-15 0)
(1 -2.59393e-15 0)
(1 -4.78029e-15 0)
(1 -3.43081e-15 0)
(1 -3.08557e-15 0)
(1 -7.36141e-16 0)
(1 -1.23995e-15 0)
(1 -3.30442e-15 0)
(1 3.95322e-15 0)
(1 1.52948e-15 0)
(1 2.48192e-15 0)
(1 -1.00922e-15 0)
(1 7.16902e-16 0)
(1 9.19966e-16 0)
(1 -6.03261e-15 0)
(1 -3.5984e-15 0)
(1 -1.01699e-14 0)
(1 8.65396e-15 0)
(1 2.62619e-15 0)
(1 3.97181e-15 0)
(1 -2.17342e-15 0)
(1 -6.46735e-15 0)
(1 -4.9398e-15 0)
(1 -4.78674e-15 0)
(1 -7.47809e-15 0)
(1 -1.36666e-14 0)
(1 2.50016e-15 0)
(1 4.26595e-15 0)
(1 -7.53897e-17 0)
(1 -2.84276e-15 0)
(1 4.07669e-15 0)
(1 5.91058e-15 0)
(1 4.54792e-15 0)
(1 3.04734e-15 0)
(1 -6.05378e-15 0)
(1 -2.74869e-15 0)
(1 -6.49475e-15 0)
(1 -1.6191e-15 0)
(1 -7.58547e-15 0)
(1 -6.81215e-15 0)
(1 -1.19764e-14 0)
(1 -8.72502e-15 0)
(1 -6.79661e-15 0)
(1 7.48371e-15 0)
(1 1.17455e-14 0)
(1 7.17706e-15 0)
(1 3.89941e-15 0)
(1 2.15742e-15 0)
(1 1.15968e-15 0)
(1 7.35812e-15 0)
(1 3.91717e-15 0)
(1 -9.16177e-16 0)
(1 2.90703e-15 0)
(1 -6.72003e-15 0)
(1 -2.89893e-15 0)
(1 -7.60943e-15 0)
(1 -1.22854e-15 0)
(1 9.45462e-16 0)
(1 2.68935e-15 0)
(1 5.29623e-16 0)
(1 -4.17264e-15 0)
(1 2.83977e-15 0)
(1 4.46814e-15 0)
(1 1.25845e-14 0)
(1 6.31661e-15 0)
(1 -5.08296e-16 0)
(1 -4.86592e-15 0)
(1 -1.09686e-14 0)
(1 -9.90217e-15 0)
(1 -1.06169e-14 0)
(1 -7.54248e-15 0)
(1 -8.40559e-15 0)
(1 1.05557e-15 0)
(1 -3.75755e-15 0)
(1 6.0387e-15 0)
(1 9.17977e-16 0)
(1 5.11293e-15 0)
(1 7.50685e-15 0)
(1 1.49604e-15 0)
(1 7.94642e-15 0)
(1 3.485e-15 0)
(1 -2.90874e-15 0)
(1 -1.65003e-15 0)
(1 -5.66574e-15 0)
(1 -2.34528e-14 0)
(1 -1.0758e-14 0)
(1 -1.3793e-15 0)
(1 3.08351e-15 0)
(1 1.22232e-15 0)
(1 -3.26912e-15 0)
(1 6.08766e-15 0)
(1 1.05831e-14 0)
(1 3.8329e-15 0)
(1 2.94783e-15 0)
(1 -3.90809e-15 0)
(1 -2.89255e-15 0)
(1 -1.02598e-14 0)
(1 -5.15682e-15 0)
(1 -1.047e-14 0)
(1 -7.84469e-15 0)
(1 -9.0844e-15 0)
(1 -2.9692e-15 0)
(1 -1.12795e-14 0)
(1 -7.15672e-15 0)
(1 -4.22681e-15 0)
(1 -1.98217e-16 0)
(1 -1.65351e-15 0)
(1 -6.10573e-17 0)
(1 1.46208e-15 0)
(1 3.02543e-15 0)
(1 1.44753e-15 0)
(1 -2.01758e-15 0)
(1 -1.06624e-15 0)
(1 3.59359e-15 0)
(1 -3.29805e-15 0)
(1 -2.07583e-15 0)
(1 8.45421e-16 0)
(1 1.00409e-15 0)
(1 -8.09801e-17 0)
(1 -1.76783e-15 0)
(1 -3.53623e-15 0)
(1 -7.75318e-15 0)
(1 -7.64457e-15 0)
(1 -8.86224e-15 0)
(1 -2.19982e-15 0)
(1 3.16188e-15 0)
(1 4.55034e-16 0)
(1 3.94224e-16 0)
(1 -6.46649e-15 0)
(1 -3.65449e-15 0)
(1 1.79139e-15 0)
(1 1.68718e-15 0)
(1 5.21331e-15 0)
(1 1.41812e-16 0)
(1 -2.68962e-15 0)
(1 -5.86605e-15 0)
(1 -2.51427e-15 0)
(1 -8.79819e-16 0)
(1 1.31319e-15 0)
(1 -2.09398e-15 0)
(1 -5.97627e-15 0)
(1 -8.60325e-15 0)
(1 -1.31774e-15 0)
(1 2.08462e-15 0)
(1 5.55834e-15 0)
(1 3.59714e-15 0)
(1 -1.81123e-15 0)
(1 2.79658e-15 0)
(1 -7.72336e-16 0)
(1 -1.10247e-15 0)
(1 -1.51332e-15 0)
(1 7.29899e-17 0)
(1 -3.18037e-15 0)
(1 -4.25794e-15 0)
(1 -2.51412e-16 0)
(1 -2.21421e-15 0)
(1 1.58057e-16 0)
(1 -1.05483e-14 0)
(1 -1.0807e-14 0)
(1 -4.61741e-15 0)
(1 -7.34707e-15 0)
(1 2.83359e-15 0)
(1 5.61147e-15 0)
(1 1.57136e-14 0)
(1 7.29664e-15 0)
(1 -2.28883e-15 0)
(1 -1.18484e-14 0)
(1 -6.87757e-15 0)
(1 -9.49167e-15 0)
(1 -1.71601e-15 0)
(1 -7.47201e-15 0)
(1 2.89886e-15 0)
(1 1.42984e-14 0)
(1 9.02888e-15 0)
(1 1.04754e-15 0)
(1 -4.42967e-15 0)
(1 -1.00387e-14 0)
(1 -2.19289e-15 0)
(1 4.68329e-15 0)
(1 6.22506e-16 0)
(1 -2.7728e-15 0)
(1 -8.82016e-15 0)
(1 -7.21564e-15 0)
(1 -6.43524e-15 0)
(1 -4.67898e-15 0)
(1 4.03094e-15 0)
(1 6.40895e-15 0)
(1 6.1496e-15 0)
(1 7.2409e-16 0)
(1 7.67313e-16 0)
(1 6.0252e-15 0)
(1 3.0476e-15 0)
(1 6.66914e-16 0)
(1 -2.70814e-16 0)
(1 -8.83624e-15 0)
(1 -5.79251e-16 0)
(1 -3.70004e-15 0)
(1 -2.30152e-15 0)
(1 -6.79687e-15 0)
(1 -5.91178e-15 0)
(1 -9.99936e-15 0)
(1 -3.78367e-15 0)
(1 -6.7447e-15 0)
(1 -8.69308e-15 0)
(1 -8.41886e-15 0)
(1 -6.11232e-15 0)
(1 -2.63424e-15 0)
(1 4.39684e-17 0)
(1 4.48783e-15 0)
(1 9.07347e-15 0)
(1 2.99529e-15 0)
(1 1.9078e-15 0)
(1 -3.02118e-15 0)
(1 -2.33526e-15 0)
(1 -1.80477e-15 0)
(1 -1.60595e-15 0)
(1 2.85149e-15 0)
(1 -3.74639e-15 0)
(1 -1.90497e-15 0)
(1 -9.1179e-15 0)
(1 -3.76694e-15 0)
(1 -7.87723e-15 0)
(1 -9.91582e-15 0)
(1 -7.96291e-15 0)
(1 3.19765e-15 0)
(1 4.93524e-15 0)
(1 -5.75312e-15 0)
(1 -1.47167e-14 0)
(1 -8.39693e-15 0)
(1 -3.53364e-16 0)
(1 6.67942e-15 0)
(1 4.42008e-15 0)
(1 1.45448e-15 0)
(1 7.60838e-16 0)
(1 1.14266e-15 0)
(1 -4.3823e-15 0)
(1 -5.70558e-15 0)
(1 -8.63616e-15 0)
(1 -4.12237e-15 0)
(1 -6.36732e-16 0)
(1 1.52708e-15 0)
(1 1.93471e-15 0)
(1 1.2427e-15 0)
(1 -3.30219e-15 0)
(1 -4.51612e-15 0)
(1 -5.92057e-16 0)
(1 -3.35533e-15 0)
(1 -1.92745e-15 0)
(1 -3.78757e-15 0)
(1 -6.3214e-15 0)
(1 -6.94288e-15 0)
(1 4.77365e-15 0)
(1 -3.26792e-15 0)
(1 -7.82291e-15 0)
(1 -7.64764e-15 0)
(1 -3.80898e-15 0)
(1 -9.20394e-15 0)
(1 -6.91872e-15 0)
(1 -6.13648e-15 0)
(1 -4.26805e-15 0)
(1 -1.03749e-14 0)
(1 -1.06789e-14 0)
(1 -8.75934e-16 0)
(1 5.05645e-15 0)
(1 9.18509e-15 0)
(1 5.41057e-16 0)
(1 9.86117e-15 0)
(1 9.7604e-15 0)
(1 -2.34433e-15 0)
(1 1.14152e-14 0)
(1 5.82029e-16 0)
(1 7.58277e-15 0)
(1 1.98183e-15 0)
(1 -6.38345e-16 0)
(1 -9.49894e-15 0)
(1 -1.11376e-14 0)
(1 -5.06556e-15 0)
(1 -4.94667e-15 0)
(1 5.92737e-15 0)
(1 -7.67691e-15 0)
(1 -1.04868e-14 0)
(1 -8.32568e-15 0)
(1 -7.10227e-15 0)
(1 9.50486e-17 0)
(1 8.29691e-15 0)
(1 1.05237e-14 0)
(1 7.38896e-15 0)
(1 -3.57671e-15 0)
(1 -2.67311e-15 0)
(1 3.121e-15 0)
(1 4.9481e-15 0)
(1 4.17705e-15 0)
(1 5.68298e-16 0)
(1 -5.59651e-15 0)
(1 -5.95961e-15 0)
(1 -2.27062e-15 0)
(1 -8.8721e-16 0)
(1 -4.21758e-16 0)
(1 -1.89589e-15 0)
(1 -4.73258e-15 0)
(1 -6.97242e-15 0)
(1 -9.52503e-15 0)
(1 -5.55644e-15 0)
(1 -9.00877e-15 0)
(1 -5.41941e-15 0)
(1 -3.84293e-15 0)
(1 -4.88738e-15 0)
(1 -1.78349e-15 0)
(1 1.32628e-16 0)
(1 4.23546e-15 0)
(1 -2.13997e-16 0)
(1 -8.7203e-16 0)
(1 -2.16855e-16 0)
(1 -9.53596e-16 0)
(1 9.73385e-15 0)
(1 1.75189e-15 0)
(1 -2.94319e-15 0)
(1 -3.43822e-15 0)
(1 -5.68816e-15 0)
(1 -1.21884e-14 0)
(1 -1.40605e-14 0)
(1 -1.34143e-14 0)
(1 -5.73658e-15 0)
(1 -1.85367e-15 0)
(1 -5.19977e-15 0)
(1 -2.71891e-15 0)
(1 -2.07894e-15 0)
(1 -7.50479e-15 0)
(1 -3.91419e-15 0)
(1 -5.97196e-15 0)
(1 1.55914e-15 0)
(1 3.66557e-15 0)
(1 1.83937e-15 0)
(1 -2.59182e-16 0)
(1 -2.44854e-16 0)
(1 1.8831e-15 0)
(1 1.00734e-15 0)
(1 -1.16288e-14 0)
(1 -4.30851e-15 0)
(1 8.78461e-16 0)
(1 1.00679e-14 0)
(1 4.2047e-15 0)
(1 2.35983e-15 0)
(1 -3.69364e-15 0)
(1 -7.39181e-15 0)
(1 -5.55332e-15 0)
(1 2.18695e-15 0)
(1 -9.72961e-15 0)
(1 -1.02261e-14 0)
(1 -1.32782e-14 0)
(1 -1.43628e-14 0)
(1 2.41361e-15 0)
(1 -2.53722e-15 0)
(1 4.93323e-15 0)
(1 6.02992e-16 0)
(1 -3.87061e-15 0)
(1 -5.06052e-15 0)
(1 -1.19491e-14 0)
(1 -7.79994e-15 0)
(1 -1.3763e-14 0)
(1 -8.91963e-15 0)
(1 -9.90176e-15 0)
(1 7.38543e-15 0)
(1 1.25899e-14 0)
(1 9.90786e-15 0)
(1 -2.8834e-15 0)
(1 1.03069e-14 0)
(1 -1.95522e-15 0)
(1 7.56495e-15 0)
(1 1.06485e-14 0)
(1 1.1199e-14 0)
(1 5.643e-15 0)
(1 -2.41404e-15 0)
(1 -7.39588e-15 0)
(1 -8.80964e-15 0)
(1 -1.14188e-14 0)
(1 -1.34823e-14 0)
(1 -1.34513e-14 0)
(1 -6.47567e-15 0)
(1 -1.10481e-14 0)
(1 -1.88685e-15 0)
(1 -5.87187e-15 0)
(1 2.16855e-15 0)
(1 3.52227e-16 0)
(1 8.67638e-15 0)
(1 4.74899e-15 0)
(1 1.81424e-15 0)
(1 4.94197e-17 0)
(1 4.07728e-15 0)
(1 5.49723e-15 0)
(1 -1.46705e-15 0)
(1 6.21382e-15 0)
(1 -1.23179e-17 0)
(1 -2.40745e-15 0)
(1 -2.42591e-15 0)
(1 -6.60154e-15 0)
(1 -1.28068e-14 0)
(1 -8.50877e-15 0)
(1 -7.70333e-15 0)
(1 -8.58462e-15 0)
(1 -4.62316e-15 0)
(1 -3.66357e-15 0)
(1 4.8304e-15 0)
(1 1.44041e-15 0)
(1 -3.38757e-15 0)
(1 -4.33835e-15 0)
(1 -3.71483e-15 0)
(1 -9.53853e-16 0)
(1 -5.4305e-15 0)
(1 -4.80045e-15 0)
(1 6.62612e-16 0)
(1 3.69057e-15 0)
(1 4.76618e-15 0)
(1 -1.51671e-16 0)
(1 4.96514e-15 0)
(1 3.6815e-15 0)
(1 -2.15021e-15 0)
(1 -6.20537e-16 0)
(1 -5.43758e-15 0)
(1 -4.96723e-15 0)
(1 -1.46948e-14 0)
(1 -1.40479e-14 0)
(1 -8.84381e-15 0)
(1 -4.73086e-15 0)
(1 -4.85437e-15 0)
(1 -1.56512e-15 0)
(1 -4.07461e-15 0)
(1 -4.89758e-16 0)
(1 -3.8673e-15 0)
(1 -1.55292e-15 0)
(1 -4.46789e-15 0)
(1 2.02205e-15 0)
(1 3.41847e-15 0)
(1 -4.81994e-16 0)
(1 -9.44443e-16 0)
(1 1.07243e-15 0)
(1 1.33805e-15 0)
(1 -4.58553e-15 0)
(1 -1.9681e-15 0)
(1 -7.16953e-16 0)
(1 2.90332e-15 0)
(1 -1.207e-15 0)
(1 -1.12597e-15 0)
(1 -2.27499e-16 0)
(1 -2.21074e-15 0)
(1 -3.89654e-15 0)
(1 -3.82141e-15 0)
(1 -9.67622e-15 0)
(1 -9.63066e-15 0)
(1 -1.35618e-14 0)
(1 -1.46883e-14 0)
(1 -2.14857e-15 0)
(1 -6.37403e-15 0)
(1 9.51373e-15 0)
(1 -2.71755e-15 0)
(1 -1.49241e-15 0)
(1 3.61912e-15 0)
(1 -5.41609e-15 0)
(1 -1.26157e-14 0)
(1 -1.05706e-14 0)
(1 -1.17175e-14 0)
(1 -2.59297e-15 0)
(1 6.46609e-15 0)
(1 3.54023e-15 0)
(1 7.13406e-16 0)
(1 2.10369e-15 0)
(1 -5.11865e-15 0)
(1 -2.82281e-15 0)
(1 1.00668e-14 0)
(1 1.37772e-14 0)
(1 8.47246e-15 0)
(1 3.01879e-15 0)
(1 -4.39725e-15 0)
(1 -1.13738e-14 0)
(1 -2.60722e-15 0)
(1 -5.98599e-15 0)
(1 -2.46242e-15 0)
(1 -7.53407e-15 0)
(1 -7.87981e-15 0)
(1 -8.45657e-15 0)
(1 -9.21168e-15 0)
(1 -1.70414e-15 0)
(1 3.05288e-15 0)
(1 -2.09836e-15 0)
(1 9.92964e-15 0)
(1 3.97269e-15 0)
(1 2.16636e-15 0)
(1 1.2793e-15 0)
(1 5.53613e-15 0)
(1 -1.93916e-15 0)
(1 -2.38828e-15 0)
(1 -2.19448e-15 0)
(1 1.2833e-15 0)
(1 1.94311e-15 0)
(1 -3.89848e-15 0)
(1 -4.46843e-15 0)
(1 -8.01514e-16 0)
(1 -7.57216e-15 0)
(1 -4.08327e-15 0)
(1 -4.42975e-15 0)
(1 -5.69489e-15 0)
(1 -6.88215e-15 0)
(1 -1.23778e-15 0)
(1 -5.70339e-16 0)
(1 -9.91615e-16 0)
(1 -2.41726e-17 0)
(1 1.86425e-15 0)
(1 -2.99669e-16 0)
(1 -4.60634e-15 0)
(1 6.46779e-16 0)
(1 5.65179e-15 0)
(1 5.98447e-15 0)
(1 1.64257e-15 0)
(1 -3.9165e-16 0)
(1 -2.33157e-15 0)
(1 -3.85577e-15 0)
(1 -2.85367e-15 0)
(1 -4.0814e-15 0)
(1 1.58597e-15 0)
(1 -3.00558e-15 0)
(1 1.44004e-15 0)
(1 -3.88632e-15 0)
(1 -2.80128e-15 0)
(1 -4.36921e-15 0)
(1 -5.30886e-15 0)
(1 -5.10517e-15 0)
(1 -2.71834e-15 0)
(1 -2.35123e-16 0)
(1 -1.22086e-15 0)
(1 -6.08221e-16 0)
(1 -1.43114e-15 0)
(1 5.48351e-15 0)
(1 4.76682e-15 0)
(1 4.8094e-15 0)
(1 4.18819e-16 0)
(1 -7.3379e-15 0)
(1 -2.43892e-15 0)
(1 -6.81492e-16 0)
(1 -1.0332e-15 0)
(1 2.30302e-15 0)
(1 1.34864e-15 0)
(1 1.5904e-15 0)
(1 -2.28702e-15 0)
(1 -3.79661e-15 0)
(1 -4.16914e-16 0)
(1 -4.66353e-15 0)
(1 -7.69628e-15 0)
(1 -3.06557e-15 0)
(1 -2.77173e-15 0)
(1 -4.43093e-15 0)
(1 -2.72125e-15 0)
(1 -3.66143e-15 0)
(1 -6.44983e-16 0)
(1 4.04871e-15 0)
(1 -9.28651e-17 0)
(1 -2.27092e-15 0)
(1 2.63467e-15 0)
(1 -8.2577e-15 0)
(1 -6.04781e-17 0)
(1 -3.43726e-15 0)
(1 3.46277e-15 0)
(1 1.46481e-16 0)
(1 -3.23791e-15 0)
(1 -1.37561e-14 0)
(1 -4.29708e-15 0)
(1 4.16044e-15 0)
(1 -2.01607e-15 0)
(1 1.10659e-15 0)
(1 7.82622e-15 0)
(1 1.35138e-15 0)
(1 7.60147e-16 0)
(1 -9.30044e-15 0)
(1 -1.09951e-15 0)
(1 -4.87712e-16 0)
(1 -4.73267e-15 0)
(1 -1.01468e-14 0)
(1 -1.36291e-15 0)
(1 -7.41152e-16 0)
(1 -4.88448e-15 0)
(1 -2.80226e-15 0)
(1 -3.10081e-15 0)
(1 1.40445e-14 0)
(1 1.7578e-15 0)
(1 -1.10278e-15 0)
(1 1.73434e-15 0)
(1 8.56718e-15 0)
(1 3.14808e-15 0)
(1 -6.1798e-16 0)
(1 -1.22684e-15 0)
(1 -2.2906e-15 0)
(1 -6.35273e-16 0)
(1 -6.8491e-15 0)
(1 -3.56929e-15 0)
(1 -5.62238e-15 0)
(1 -4.38902e-15 0)
(1 -1.00727e-14 0)
(1 -4.87244e-15 0)
(1 -9.75417e-15 0)
(1 -9.06858e-15 0)
(1 -1.89499e-15 0)
(1 -3.29242e-15 0)
(1 -1.92159e-15 0)
(1 -6.20671e-15 0)
(1 -6.23665e-15 0)
(1 4.60592e-15 0)
(1 5.81761e-15 0)
(1 4.16624e-15 0)
(1 2.67391e-15 0)
(1 4.36343e-15 0)
(1 1.70413e-15 0)
(1 7.33307e-16 0)
(1 -4.23585e-15 0)
(1 -3.79146e-15 0)
(1 5.81005e-15 0)
(1 4.60026e-15 0)
(1 4.2018e-15 0)
(1 -1.88575e-15 0)
(1 -6.03441e-15 0)
(1 -8.76145e-15 0)
(1 -5.39314e-15 0)
(1 -3.43432e-15 0)
(1 -2.59225e-15 0)
(1 -5.60679e-15 0)
(1 1.0154e-15 0)
(1 -3.77089e-15 0)
(1 -1.24827e-15 0)
(1 1.50574e-15 0)
(1 -6.24874e-17 0)
(1 1.30273e-15 0)
(1 -1.57316e-15 0)
(1 8.46943e-16 0)
(1 3.83303e-15 0)
(1 3.49805e-16 0)
(1 3.84998e-15 0)
(1 3.57299e-15 0)
(1 1.38697e-15 0)
(1 5.35558e-15 0)
(1 -1.72446e-15 0)
(1 -1.44774e-15 0)
(1 1.43455e-15 0)
(1 2.36737e-15 0)
(1 1.18425e-15 0)
(1 -1.13577e-15 0)
(1 -3.7712e-15 0)
(1 2.15639e-15 0)
(1 -3.11449e-15 0)
(1 -1.24854e-15 0)
(1 -3.28842e-15 0)
(1 -8.0854e-16 0)
(1 -4.07473e-15 0)
(1 -3.41164e-15 0)
(1 -4.16237e-15 0)
(1 8.67493e-15 0)
(1 2.92575e-15 0)
(1 6.58632e-15 0)
(1 -2.64878e-15 0)
(1 -6.06684e-15 0)
(1 -5.16819e-15 0)
(1 1.34932e-15 0)
(1 -5.30334e-15 0)
(1 5.45738e-15 0)
(1 -8.20449e-15 0)
(1 -1.07289e-14 0)
(1 -5.7659e-15 0)
(1 -3.71429e-15 0)
(1 1.84311e-15 0)
(1 1.28798e-15 0)
(1 7.04843e-16 0)
(1 7.56293e-15 0)
(1 -1.20451e-15 0)
(1 1.60523e-15 0)
(1 -7.40085e-16 0)
(1 9.34072e-15 0)
(1 6.44493e-15 0)
(1 -4.36674e-15 0)
(1 -1.27273e-14 0)
(1 -1.54282e-14 0)
(1 -7.34649e-15 0)
(1 -1.16129e-14 0)
(1 -3.01236e-15 0)
(1 -5.11188e-16 0)
(1 2.98892e-15 0)
(1 -2.86962e-15 0)
(1 4.11182e-15 0)
(1 -3.31063e-15 0)
(1 8.4527e-15 0)
(1 -3.05648e-16 0)
(1 9.27625e-16 0)
(1 3.30479e-15 0)
(1 2.46493e-15 0)
(1 -2.12576e-15 0)
(1 -4.89398e-15 0)
(1 -7.02086e-15 0)
(1 -6.88975e-15 0)
(1 -3.3976e-15 0)
(1 -9.44853e-15 0)
(1 -9.07886e-15 0)
(1 -5.75e-15 0)
(1 -1.24332e-14 0)
(1 -2.37711e-15 0)
(1 1.43501e-15 0)
(1 2.30224e-15 0)
(1 1.3855e-15 0)
(1 -6.4143e-15 0)
(1 5.95144e-15 0)
(1 8.67184e-15 0)
(1 6.32302e-15 0)
(1 1.68109e-15 0)
(1 2.00733e-15 0)
(1 7.25241e-16 0)
(1 -1.45963e-15 0)
(1 -2.72996e-15 0)
(1 1.46064e-15 0)
(1 -7.89105e-16 0)
(1 2.70775e-15 0)
(1 3.3144e-15 0)
(1 -1.29228e-15 0)
(1 -2.58595e-15 0)
(1 -6.73494e-15 0)
(1 -2.04341e-15 0)
(1 -2.71675e-15 0)
(1 1.16684e-15 0)
(1 -1.30823e-15 0)
(1 3.59235e-15 0)
(1 -3.02191e-15 0)
(1 -4.6989e-15 0)
(1 -4.82632e-15 0)
(1 -5.61438e-15 0)
(1 1.28117e-15 0)
(1 5.03946e-15 0)
(1 4.05787e-15 0)
(1 3.11664e-15 0)
(1 3.48783e-15 0)
(1 5.26156e-15 0)
(1 -2.22052e-15 0)
(1 1.83175e-15 0)
(1 3.2557e-15 0)
(1 2.6394e-15 0)
(1 -2.75804e-15 0)
(1 -4.26113e-15 0)
(1 -5.72963e-16 0)
(1 -2.53493e-15 0)
(1 -9.55793e-16 0)
(1 -2.1823e-16 0)
(1 1.60491e-15 0)
(1 6.14296e-16 0)
(1 -3.33884e-15 0)
(1 -1.61855e-15 0)
(1 -2.70344e-16 0)
(1 -1.09655e-15 0)
(1 -3.53744e-15 0)
(1 1.4259e-15 0)
(1 3.05953e-15 0)
(1 3.61696e-15 0)
(1 8.17855e-15 0)
(1 2.40049e-15 0)
(1 -2.95246e-15 0)
(1 -2.71178e-16 0)
(1 -6.02895e-15 0)
(1 -4.07107e-15 0)
(1 -6.26325e-15 0)
(1 -6.06997e-15 0)
(1 -8.5743e-15 0)
(1 -6.45e-15 0)
(1 -8.49739e-16 0)
(1 -4.9376e-15 0)
(1 -4.13072e-15 0)
(1 6.42586e-16 0)
(1 -2.2938e-15 0)
(1 5.58811e-15 0)
(1 4.64939e-15 0)
(1 9.08676e-15 0)
(1 -3.85752e-15 0)
(1 -4.3318e-15 0)
(1 -8.92345e-15 0)
(1 -5.25334e-15 0)
(1 -4.37644e-15 0)
(1 -8.66942e-16 0)
(1 -4.1595e-15 0)
(1 -2.23897e-15 0)
(1 3.94065e-17 0)
(1 -1.98178e-15 0)
(1 4.51384e-15 0)
(1 1.30967e-14 0)
(1 7.44157e-15 0)
(1 -9.11209e-17 0)
(1 -2.83445e-15 0)
(1 -5.40092e-15 0)
(1 -3.15192e-15 0)
(1 2.9096e-15 0)
(1 -5.58464e-16 0)
(1 -1.5854e-15 0)
(1 7.18335e-18 0)
(1 -7.64314e-15 0)
(1 -4.14594e-15 0)
(1 -6.76128e-15 0)
(1 -1.84203e-15 0)
(1 1.65629e-16 0)
(1 -3.42862e-15 0)
(1 -1.08511e-14 0)
(1 -2.26066e-15 0)
(1 -2.64649e-15 0)
(1 1.807e-15 0)
(1 1.67743e-15 0)
(1 8.99154e-16 0)
(1 3.97008e-15 0)
(1 6.53162e-15 0)
(1 7.53428e-15 0)
(1 -1.09585e-15 0)
(1 3.56975e-15 0)
(1 3.30788e-15 0)
(1 5.91791e-15 0)
(1 6.76411e-16 0)
(1 -1.1643e-15 0)
(1 -5.27411e-15 0)
(1 -4.31417e-15 0)
(1 -5.74612e-15 0)
(1 -5.7611e-15 0)
(1 -1.42595e-15 0)
(1 5.831e-15 0)
(1 9.62181e-15 0)
(1 7.1267e-15 0)
(1 5.8491e-15 0)
(1 -2.83029e-15 0)
(1 -5.26791e-15 0)
(1 -6.06501e-15 0)
(1 -5.43177e-16 0)
(1 -5.04096e-16 0)
(1 2.13225e-15 0)
(1 1.01742e-15 0)
(1 3.5978e-15 0)
(1 4.24722e-15 0)
(1 1.14426e-14 0)
(1 5.43501e-15 0)
(1 -2.40957e-15 0)
(1 1.80601e-15 0)
(1 -1.60216e-15 0)
(1 2.74948e-15 0)
(1 3.365e-15 0)
(1 3.63509e-15 0)
(1 1.3437e-15 0)
(1 -2.15029e-16 0)
(1 -1.37521e-15 0)
(1 -4.96979e-15 0)
(1 -3.76226e-15 0)
(1 3.16711e-15 0)
(1 -5.47265e-15 0)
(1 1.36469e-15 0)
(1 4.39143e-15 0)
(1 5.87195e-15 0)
(1 6.67639e-15 0)
(1 2.14813e-15 0)
(1 -1.98109e-15 0)
(1 -1.06733e-15 0)
(1 5.88346e-15 0)
(1 7.31851e-15 0)
(1 -3.23675e-15 0)
(1 4.91142e-16 0)
(1 -9.88307e-15 0)
(1 -9.48162e-16 0)
(1 -9.84554e-15 0)
(1 3.20126e-15 0)
(1 -5.7883e-15 0)
(1 -2.64716e-15 0)
(1 -8.8935e-15 0)
(1 -4.73583e-15 0)
(1 -4.02138e-15 0)
(1 2.90791e-15 0)
(1 4.16565e-15 0)
(1 1.0444e-14 0)
(1 9.36565e-15 0)
(1 2.19193e-15 0)
(1 -1.2959e-15 0)
(1 -4.89658e-15 0)
(1 -9.40459e-15 0)
(1 -1.0245e-14 0)
(1 -9.93135e-15 0)
(1 -3.76463e-15 0)
(1 -1.8739e-15 0)
(1 -4.34322e-15 0)
(1 -9.57181e-16 0)
(1 -3.41588e-15 0)
(1 3.45025e-16 0)
(1 2.79425e-15 0)
(1 6.46276e-15 0)
(1 -6.2348e-15 0)
(1 -1.70274e-15 0)
(1 3.05575e-15 0)
(1 -2.15935e-15 0)
(1 -3.28286e-15 0)
(1 -1.20022e-15 0)
(1 -1.8997e-15 0)
(1 -6.74644e-15 0)
(1 -6.77585e-15 0)
(1 -3.38977e-15 0)
(1 -7.09927e-15 0)
(1 5.97619e-16 0)
(1 1.70439e-15 0)
(1 7.30955e-16 0)
(1 -7.3043e-15 0)
(1 -2.95706e-15 0)
(1 -3.53031e-15 0)
(1 1.65239e-15 0)
(1 6.9944e-15 0)
(1 -3.62624e-15 0)
(1 -7.35546e-16 0)
(1 3.9658e-15 0)
(1 8.65126e-15 0)
(1 9.46319e-15 0)
(1 4.99404e-15 0)
(1 -8.6452e-16 0)
(1 3.64493e-15 0)
(1 -3.76069e-17 0)
(1 -2.21316e-15 0)
(1 -6.24582e-15 0)
(1 -4.88313e-15 0)
(1 8.61313e-17 0)
(1 2.48486e-15 0)
(1 1.89026e-15 0)
(1 6.96322e-15 0)
(1 2.44568e-16 0)
(1 4.79931e-15 0)
(1 6.04848e-15 0)
(1 4.2832e-15 0)
(1 2.69302e-15 0)
(1 6.27426e-15 0)
(1 4.73964e-15 0)
(1 -7.05939e-17 0)
(1 3.44341e-15 0)
(1 -2.61835e-16 0)
(1 9.57478e-16 0)
(1 -1.01815e-15 0)
(1 1.49581e-15 0)
(1 -1.07246e-15 0)
(1 1.47678e-15 0)
(1 1.56009e-15 0)
(1 2.71356e-15 0)
(1 5.36585e-15 0)
(1 -6.83799e-17 0)
(1 1.77509e-16 0)
(1 -4.81762e-15 0)
(1 1.33354e-15 0)
(1 1.27805e-15 0)
(1 -8.11062e-16 0)
(1 -2.34086e-15 0)
(1 4.12951e-15 0)
(1 6.60969e-15 0)
(1 3.08132e-15 0)
(1 2.03949e-15 0)
(1 3.30741e-15 0)
(1 4.23722e-15 0)
(1 1.52535e-15 0)
(1 -4.19113e-15 0)
(1 -1.24761e-15 0)
(1 -3.13626e-15 0)
(1 1.04342e-14 0)
(1 -1.21987e-15 0)
(1 -1.30291e-15 0)
(1 -8.65918e-15 0)
(1 2.3998e-15 0)
(1 -1.15436e-15 0)
(1 -1.12743e-15 0)
(1 -4.19627e-15 0)
(1 1.68121e-15 0)
(1 -4.57761e-15 0)
(1 1.16841e-15 0)
(1 2.34504e-15 0)
(1 4.68792e-15 0)
(1 8.2019e-15 0)
(1 -1.34884e-15 0)
(1 8.04786e-17 0)
(1 3.07093e-16 0)
(1 -1.55149e-15 0)
(1 -4.89684e-15 0)
(1 6.5533e-17 0)
(1 -6.27562e-16 0)
(1 -5.91275e-15 0)
(1 -2.03725e-15 0)
(1 -1.39552e-15 0)
(1 -2.73131e-15 0)
(1 -5.29285e-15 0)
(1 -4.29949e-15 0)
(1 3.26505e-15 0)
(1 2.14634e-15 0)
(1 2.11329e-15 0)
(1 -2.7326e-15 0)
(1 7.74335e-16 0)
(1 -1.52796e-15 0)
(1 -1.09139e-15 0)
(1 -7.93949e-15 0)
(1 1.17877e-16 0)
(1 3.6286e-16 0)
(1 -5.84052e-15 0)
(1 -5.6959e-15 0)
(1 -1.13123e-15 0)
(1 -3.92828e-16 0)
(1 1.55282e-15 0)
(1 1.95807e-15 0)
(1 -2.72946e-15 0)
(1 -5.36678e-15 0)
(1 2.6111e-15 0)
(1 -5.17152e-16 0)
(1 -1.39338e-15 0)
(1 8.23452e-16 0)
(1 2.09395e-15 0)
(1 1.46631e-15 0)
(1 3.87136e-15 0)
(1 -2.96157e-16 0)
(1 8.94017e-15 0)
(1 3.3993e-15 0)
(1 -2.53651e-15 0)
(1 -1.10596e-15 0)
(1 -4.11337e-15 0)
(1 -3.1837e-15 0)
(1 -1.13485e-15 0)
(1 -5.43129e-15 0)
(1 7.31675e-15 0)
(1 6.01108e-15 0)
(1 4.05492e-15 0)
(1 5.98088e-16 0)
(1 -7.47981e-15 0)
(1 -2.48208e-15 0)
(1 3.22563e-15 0)
(1 2.25471e-15 0)
(1 4.39123e-15 0)
(1 5.5542e-15 0)
(1 2.53431e-15 0)
(1 -1.50419e-15 0)
(1 -2.56014e-15 0)
(1 -3.31897e-16 0)
(1 -5.24007e-16 0)
(1 -1.61895e-15 0)
(1 2.04113e-15 0)
(1 1.20652e-15 0)
(1 2.46531e-15 0)
(1 -1.19745e-15 0)
(1 2.72668e-15 0)
(1 3.66366e-15 0)
(1 -3.0257e-15 0)
(1 -5.6674e-15 0)
(1 2.31527e-16 0)
(1 1.44389e-15 0)
(1 2.41349e-15 0)
(1 4.92371e-15 0)
(1 1.61195e-15 0)
(1 -5.83524e-16 0)
(1 3.15037e-15 0)
(1 1.62491e-15 0)
(1 -4.05841e-16 0)
(1 2.35281e-15 0)
(1 6.14339e-16 0)
(1 -3.84282e-16 0)
(1 -7.22158e-16 0)
(1 1.15163e-15 0)
(1 -5.47384e-16 0)
(1 4.03686e-15 0)
(1 3.71418e-15 0)
(1 -2.45474e-15 0)
(1 5.36381e-15 0)
(1 -3.24188e-16 0)
(1 3.6991e-16 0)
(1 -1.00069e-14 0)
(1 -3.50222e-16 0)
(1 -1.39518e-15 0)
(1 2.05335e-15 0)
(1 8.38045e-17 0)
(1 2.94225e-16 0)
(1 6.48598e-15 0)
(1 5.91112e-15 0)
(1 -9.86458e-16 0)
(1 1.07478e-15 0)
(1 -3.5787e-15 0)
(1 -8.4718e-15 0)
(1 -9.30763e-16 0)
(1 -2.0373e-15 0)
(1 4.69311e-15 0)
(1 -2.48973e-15 0)
(1 -3.56403e-16 0)
(1 -1.90582e-15 0)
(1 3.45184e-15 0)
(1 -2.00777e-15 0)
(1 -3.40747e-15 0)
(1 1.16012e-15 0)
(1 2.83344e-16 0)
(1 2.28146e-15 0)
(1 1.64987e-15 0)
(1 2.16003e-15 0)
(1 2.01845e-15 0)
(1 2.13369e-15 0)
(1 3.38759e-15 0)
(1 -1.46214e-16 0)
(1 3.61011e-15 0)
(1 -2.19391e-15 0)
(1 -8.19588e-15 0)
(1 -6.49244e-15 0)
(1 3.12726e-15 0)
(1 -9.05655e-16 0)
(1 -2.08341e-15 0)
(1 -3.54238e-15 0)
(1 -8.17804e-15 0)
(1 2.45476e-15 0)
(1 -6.46367e-16 0)
(1 -2.82759e-15 0)
(1 2.14448e-15 0)
(1 5.16366e-15 0)
(1 3.35269e-15 0)
(1 6.01002e-15 0)
(1 4.58515e-15 0)
(1 3.87826e-15 0)
(1 8.56899e-16 0)
(1 -6.29125e-16 0)
(1 -1.67055e-16 0)
(1 -1.90831e-15 0)
(1 -3.4971e-15 0)
(1 -4.15893e-15 0)
(1 -7.46118e-16 0)
(1 7.43318e-16 0)
(1 1.80399e-16 0)
(1 -1.05177e-15 0)
(1 -3.54908e-16 0)
(1 -2.46379e-15 0)
(1 -6.41934e-15 0)
(1 -9.53059e-16 0)
(1 2.05446e-15 0)
(1 2.60886e-15 0)
(1 3.02354e-15 0)
(1 9.20293e-16 0)
(1 -3.20209e-15 0)
(1 -6.14614e-15 0)
(1 -3.17614e-15 0)
(1 -2.03707e-15 0)
(1 2.4481e-15 0)
(1 7.80484e-15 0)
(1 2.37484e-15 0)
(1 4.38347e-16 0)
(1 -2.33955e-16 0)
(1 4.85528e-16 0)
(1 5.65008e-16 0)
(1 -1.50695e-15 0)
(1 -5.64304e-15 0)
(1 6.11931e-15 0)
(1 3.17703e-15 0)
(1 1.69228e-15 0)
(1 1.92884e-15 0)
(1 -4.41072e-15 0)
(1 -4.47259e-16 0)
(1 -5.29908e-15 0)
(1 -3.74365e-16 0)
(1 -2.15811e-15 0)
(1 4.6668e-15 0)
(1 5.03794e-15 0)
(1 -2.03317e-15 0)
(1 4.39504e-15 0)
(1 -3.11779e-15 0)
(1 1.09187e-15 0)
(1 -3.18962e-15 0)
(1 9.24845e-16 0)
(1 1.08844e-15 0)
(1 5.8206e-15 0)
(1 -5.20845e-15 0)
(1 -5.60851e-15 0)
(1 -7.03917e-15 0)
(1 4.60854e-16 0)
(1 2.42897e-15 0)
(1 -1.18783e-15 0)
(1 2.99897e-15 0)
(1 9.73653e-16 0)
(1 7.22933e-15 0)
(1 9.77248e-15 0)
(1 7.02021e-15 0)
(1 2.87139e-15 0)
(1 -6.57578e-15 0)
(1 -6.29895e-15 0)
(1 1.01222e-15 0)
(1 -4.91034e-15 0)
(1 -1.81256e-15 0)
(1 -3.25192e-15 0)
(1 -2.07893e-15 0)
(1 -1.57683e-15 0)
(1 4.77863e-15 0)
(1 2.39377e-15 0)
(1 -1.08501e-15 0)
(1 -2.58357e-15 0)
(1 -1.2696e-15 0)
(1 -2.96887e-15 0)
(1 -1.99549e-15 0)
(1 -2.73188e-15 0)
(1 5.84088e-15 0)
(1 2.89363e-15 0)
(1 2.04349e-15 0)
(1 -3.53774e-15 0)
(1 1.57643e-16 0)
(1 -4.18604e-15 0)
(1 -4.67537e-15 0)
(1 -2.19044e-15 0)
(1 2.89115e-15 0)
(1 -1.45234e-16 0)
(1 -2.54905e-15 0)
(1 -3.72683e-15 0)
(1 -1.77904e-15 0)
(1 -6.93959e-17 0)
(1 -3.02981e-15 0)
(1 -3.02503e-15 0)
(1 2.50211e-15 0)
(1 3.02158e-16 0)
(1 1.30526e-15 0)
(1 2.37053e-15 0)
(1 5.8551e-15 0)
(1 2.71635e-15 0)
(1 1.6591e-15 0)
(1 8.52016e-17 0)
(1 -8.13571e-16 0)
(1 3.98351e-15 0)
(1 -1.30299e-15 0)
(1 -1.27787e-15 0)
(1 4.03062e-15 0)
(1 5.64178e-16 0)
(1 3.311e-16 0)
(1 -2.36832e-15 0)
(1 1.80413e-16 0)
(1 -1.63779e-15 0)
(1 -4.04466e-15 0)
(1 1.31158e-15 0)
(1 6.66423e-15 0)
(1 2.52605e-15 0)
(1 5.32134e-15 0)
(1 4.19895e-15 0)
(1 -1.51283e-16 0)
(1 -1.95989e-15 0)
(1 -1.22315e-15 0)
(1 -1.32292e-15 0)
(1 1.3277e-15 0)
(1 3.20558e-15 0)
(1 6.03851e-16 0)
(1 -3.97866e-16 0)
(1 -7.56648e-16 0)
(1 2.17538e-16 0)
(1 -2.46194e-17 0)
(1 -3.71841e-15 0)
(1 -6.64055e-15 0)
(1 -1.49179e-16 0)
(1 2.80471e-15 0)
(1 1.53757e-15 0)
(1 2.93407e-16 0)
(1 -5.00099e-15 0)
(1 6.08584e-17 0)
(1 -1.11672e-15 0)
(1 1.42009e-15 0)
(1 -4.01338e-15 0)
(1 2.25516e-15 0)
(1 3.2136e-15 0)
)
;

boundaryField
{
    inlet
    {
        type            fixedValue;
        value           uniform (1 0 0);
    }
    outlet
    {
        type            zeroGradient;
    }
    down
    {
        type            empty;
    }
    up
    {
        type            empty;
    }
    sides
    {
        type            slip;
    }
}

