/*--------------------------------*- C++ -*----------------------------------*\
| =========                 |                                                 |
| \\      /  F ield         | OpenFOAM: The Open Source CFD Toolbox           |
|  \\    /   O peration     | Version:  v2012                                 |
|   \\  /    A nd           | Website:  www.openfoam.com                      |
|    \\/     M anipulation  |                                                 |
\*---------------------------------------------------------------------------*/
FoamFile
{
    version     2.0;
    format      ascii;
    class       volScalarField;
    location    "0";
    object      p;
}
// * * * * * * * * * * * * * * * * * * * * * * * * * * * * * * * * * * * * * //

dimensions      [0 2 -2 0 0 0 0];


internalField   nonuniform List<scalar> 
4000
(
7.90788e-14
7.31329e-14
8.12541e-14
8.76377e-14
8.41761e-14
8.06563e-14
8.28784e-14
8.29397e-14
8.23477e-14
8.49967e-14
8.41555e-14
7.093e-14
6.6328e-14
6.38355e-14
5.39402e-14
4.06751e-14
5.17709e-14
5.5416e-14
5.15908e-14
2.57287e-14
1.9463e-14
5.95674e-15
3.62916e-15
5.20722e-15
-1.34086e-15
-5.54287e-15
-4.44488e-15
-1.20993e-14
-1.02608e-14
-2.2854e-14
-3.84795e-14
-4.43252e-14
-3.945e-14
-3.54194e-14
-3.61277e-14
-3.54581e-14
-3.77476e-14
-4.84416e-14
-5.945e-14
-5.57163e-14
-5.18305e-14
-4.62566e-14
-4.1575e-14
-4.36009e-14
-5.06884e-14
-6.30551e-14
-5.81279e-14
-5.66706e-14
-6.20793e-14
-6.70792e-14
-6.9111e-14
-7.34873e-14
-7.16528e-14
-6.7066e-14
-6.76953e-14
-7.02472e-14
-6.66041e-14
-6.91051e-14
-6.7734e-14
-6.67626e-14
-6.69256e-14
-6.20722e-14
-6.69711e-14
-6.96515e-14
-6.67047e-14
-7.57383e-14
-6.51076e-14
-6.3693e-14
-6.1438e-14
-6.68517e-14
-6.55789e-14
-5.46482e-14
-5.11652e-14
-5.06581e-14
-5.06267e-14
-4.52194e-14
-3.45617e-14
-2.84972e-14
-2.63774e-14
-2.20546e-14
-1.81754e-14
-2.45269e-14
-1.69351e-14
-1.52707e-14
-1.875e-14
-1.40584e-14
-1.02085e-14
3.11107e-15
7.05966e-15
9.87187e-15
1.20928e-14
1.24626e-14
1.25663e-14
1.32028e-14
9.99096e-15
1.02661e-14
6.38006e-15
1.26756e-14
3.14179e-15
1.10327e-15
7.84388e-14
7.4566e-14
8.46962e-14
8.51244e-14
8.74354e-14
7.92723e-14
8.31058e-14
8.21143e-14
8.22575e-14
8.33089e-14
8.135e-14
7.25722e-14
7.13616e-14
6.19565e-14
5.36111e-14
4.79404e-14
5.15855e-14
5.10751e-14
4.87114e-14
3.07647e-14
2.17521e-14
1.05985e-14
-2.07269e-15
-3.24407e-16
-1.80846e-15
-2.36971e-15
-8.13907e-15
-1.21476e-14
-1.55205e-14
-2.38843e-14
-3.00605e-14
-3.7705e-14
-4.56499e-14
-3.86627e-14
-3.78577e-14
-3.99873e-14
-3.95571e-14
-4.49738e-14
-5.48484e-14
-5.14789e-14
-5.13552e-14
-4.64643e-14
-4.28271e-14
-4.75261e-14
-4.88585e-14
-6.31699e-14
-6.03153e-14
-5.19878e-14
-6.21272e-14
-7.11909e-14
-6.90129e-14
-7.17742e-14
-7.26767e-14
-7.19305e-14
-5.85834e-14
-6.64536e-14
-7.12404e-14
-7.68088e-14
-7.01189e-14
-6.52908e-14
-6.42121e-14
-6.3459e-14
-6.40487e-14
-6.67449e-14
-6.69414e-14
-7.46372e-14
-7.10235e-14
-6.38488e-14
-6.38405e-14
-6.35377e-14
-6.31695e-14
-5.81513e-14
-5.14328e-14
-4.64325e-14
-4.79003e-14
-4.68835e-14
-3.35493e-14
-3.11569e-14
-2.82414e-14
-2.52162e-14
-2.10608e-14
-2.28888e-14
-1.35705e-14
-1.49475e-14
-1.81552e-14
-1.32552e-14
-9.41088e-15
-2.99882e-15
4.1668e-15
1.28476e-14
1.33211e-14
1.8773e-14
1.42826e-14
8.82782e-15
1.24758e-14
1.2693e-14
6.56712e-15
6.5061e-15
2.9278e-15
1.18888e-15
7.99032e-14
7.90418e-14
7.9636e-14
8.58833e-14
8.64038e-14
8.0854e-14
8.46498e-14
7.90698e-14
8.64632e-14
8.55794e-14
7.76208e-14
7.05074e-14
6.56795e-14
6.23019e-14
6.13875e-14
5.37328e-14
5.14206e-14
4.78603e-14
4.55248e-14
3.32918e-14
2.06352e-14
8.5524e-15
2.36709e-15
-2.80815e-15
-2.7645e-15
-2.5836e-15
-7.56767e-15
-6.27773e-15
-1.53119e-14
-2.73539e-14
-3.49795e-14
-3.67592e-14
-3.72993e-14
-3.96401e-14
-3.79984e-14
-3.88096e-14
-4.19635e-14
-4.30437e-14
-4.77032e-14
-5.29541e-14
-5.05626e-14
-4.95875e-14
-4.28865e-14
-4.72703e-14
-4.57015e-14
-5.68315e-14
-6.25611e-14
-6.01217e-14
-6.00248e-14
-6.42245e-14
-6.94224e-14
-7.20112e-14
-7.16338e-14
-7.27556e-14
-6.8862e-14
-6.76311e-14
-7.148e-14
-7.0396e-14
-6.46881e-14
-6.35994e-14
-6.21017e-14
-6.847e-14
-6.99396e-14
-6.74241e-14
-6.50343e-14
-6.78701e-14
-6.67972e-14
-6.42953e-14
-6.31533e-14
-6.61237e-14
-6.53284e-14
-6.15677e-14
-5.50018e-14
-5.04853e-14
-4.94057e-14
-3.98275e-14
-3.57851e-14
-3.28891e-14
-3.11695e-14
-2.51463e-14
-2.02046e-14
-2.35597e-14
-1.39979e-14
-1.96011e-14
-1.69232e-14
-9.80287e-15
-3.23873e-17
3.92055e-16
4.20778e-15
7.32309e-15
9.18104e-15
2.17561e-14
1.62946e-14
1.23345e-14
5.82042e-15
8.24264e-15
7.2522e-15
7.62086e-15
2.8793e-15
1.61541e-15
8.18357e-14
8.04423e-14
8.04405e-14
8.52579e-14
7.99023e-14
8.14553e-14
8.50837e-14
8.03776e-14
8.51259e-14
8.51893e-14
7.39263e-14
7.09897e-14
6.63894e-14
6.42517e-14
6.5004e-14
5.87134e-14
5.094e-14
4.45516e-14
4.25375e-14
3.21414e-14
2.03902e-14
1.58758e-14
7.7641e-15
-4.54692e-15
-3.76117e-15
-8.34038e-15
-9.89451e-15
-7.79599e-15
-1.57663e-14
-2.29492e-14
-3.01382e-14
-3.43304e-14
-3.71771e-14
-3.9312e-14
-3.50555e-14
-3.44991e-14
-4.19181e-14
-4.94497e-14
-4.57246e-14
-4.97331e-14
-4.97689e-14
-4.50277e-14
-4.16307e-14
-4.72808e-14
-5.61436e-14
-6.11577e-14
-6.01407e-14
-5.78356e-14
-5.66659e-14
-6.57159e-14
-7.30895e-14
-6.83753e-14
-6.76871e-14
-6.86178e-14
-6.93675e-14
-6.68481e-14
-7.11146e-14
-7.27655e-14
-7.0228e-14
-6.62168e-14
-6.71048e-14
-6.84896e-14
-6.48239e-14
-6.49895e-14
-6.67989e-14
-6.71976e-14
-6.95134e-14
-6.67007e-14
-6.30734e-14
-5.84867e-14
-6.02077e-14
-6.27379e-14
-5.57034e-14
-5.25306e-14
-5.03594e-14
-4.14155e-14
-3.09259e-14
-3.78697e-14
-3.20682e-14
-3.11505e-14
-2.48906e-14
-1.98522e-14
-1.48627e-14
-1.96092e-14
-1.6379e-14
-6.61422e-15
-4.69726e-15
-2.0898e-15
9.17498e-16
1.00472e-14
9.92112e-15
1.59278e-14
1.4384e-14
1.24708e-14
1.12122e-14
1.20675e-14
9.42848e-15
7.72052e-15
-2.78099e-16
3.10213e-15
8.45254e-14
8.69327e-14
8.25657e-14
8.56917e-14
7.88897e-14
8.60911e-14
8.13993e-14
8.1828e-14
8.3146e-14
7.96804e-14
7.06301e-14
6.95082e-14
6.99457e-14
6.73803e-14
6.68618e-14
6.19385e-14
5.44759e-14
4.94782e-14
3.87699e-14
2.65826e-14
1.63177e-14
1.21855e-14
2.81297e-15
-7.65481e-16
-2.60686e-15
-2.12981e-15
-7.19783e-15
-1.03989e-14
-1.7964e-14
-2.12308e-14
-2.54851e-14
-2.92855e-14
-3.71745e-14
-3.90586e-14
-3.54938e-14
-3.29028e-14
-4.01966e-14
-4.71148e-14
-5.71981e-14
-5.1644e-14
-4.66161e-14
-4.14799e-14
-4.02638e-14
-4.85066e-14
-5.81955e-14
-6.49762e-14
-6.47693e-14
-5.83343e-14
-5.58825e-14
-5.91766e-14
-7.00129e-14
-6.40461e-14
-6.8721e-14
-7.35119e-14
-6.78688e-14
-6.85118e-14
-6.9897e-14
-7.03714e-14
-6.26022e-14
-7.31457e-14
-7.34306e-14
-7.11052e-14
-6.53858e-14
-6.61984e-14
-6.0641e-14
-6.13124e-14
-6.41358e-14
-6.47472e-14
-6.2832e-14
-5.64384e-14
-6.61973e-14
-6.6098e-14
-5.72241e-14
-5.07652e-14
-5.05657e-14
-4.20821e-14
-3.56343e-14
-3.71849e-14
-3.35437e-14
-2.98124e-14
-2.55029e-14
-1.6651e-14
-1.35118e-14
-1.87705e-14
-1.48894e-14
-8.40641e-15
-5.00052e-15
-3.96374e-15
1.68674e-15
8.28697e-15
1.04771e-14
1.4686e-14
1.31941e-14
1.2859e-14
1.30449e-14
1.3715e-14
1.16433e-14
8.17563e-15
4.96886e-16
-1.82842e-15
8.59069e-14
8.88229e-14
8.80021e-14
8.37014e-14
8.18255e-14
8.46019e-14
8.5855e-14
8.32252e-14
8.34472e-14
8.03043e-14
7.64906e-14
7.02125e-14
6.90584e-14
6.3305e-14
6.15237e-14
6.42176e-14
5.71199e-14
4.88366e-14
4.32863e-14
2.67064e-14
1.5915e-14
1.06275e-14
-4.5483e-16
-4.27637e-15
-5.66618e-15
-3.22009e-15
-9.37693e-15
-1.02924e-14
-1.7792e-14
-1.51098e-14
-2.68632e-14
-3.37953e-14
-3.27398e-14
-2.75913e-14
-2.3888e-14
-3.51841e-14
-4.12219e-14
-4.24233e-14
-5.07337e-14
-4.99145e-14
-4.62134e-14
-4.45292e-14
-4.08228e-14
-5.02031e-14
-5.66844e-14
-6.36939e-14
-6.78153e-14
-5.96397e-14
-4.95222e-14
-6.1356e-14
-6.66858e-14
-6.74146e-14
-6.91876e-14
-7.5801e-14
-7.20825e-14
-6.53984e-14
-6.40839e-14
-7.06986e-14
-7.03011e-14
-7.10976e-14
-6.87987e-14
-7.00173e-14
-6.54915e-14
-5.98586e-14
-6.45238e-14
-6.50792e-14
-6.44547e-14
-6.4745e-14
-5.91671e-14
-5.97637e-14
-6.27787e-14
-6.14184e-14
-5.25341e-14
-5.00912e-14
-5.09819e-14
-4.01687e-14
-3.8251e-14
-3.89702e-14
-3.1741e-14
-2.69893e-14
-2.19309e-14
-1.44722e-14
-1.79449e-14
-1.85447e-14
-1.3387e-14
-1.08282e-14
-3.67755e-15
-2.7114e-15
1.72433e-16
9.38255e-15
8.32064e-15
1.48028e-14
1.16183e-14
1.21667e-14
1.48902e-14
1.20898e-14
9.49674e-15
8.58881e-15
7.3313e-16
-2.26065e-15
8.95755e-14
9.20009e-14
8.80676e-14
8.48592e-14
8.59587e-14
8.80137e-14
8.96187e-14
8.14349e-14
8.06023e-14
7.54301e-14
7.14604e-14
7.25388e-14
7.42798e-14
6.73783e-14
6.2168e-14
5.84638e-14
5.7129e-14
4.83385e-14
4.15637e-14
2.05658e-14
1.18864e-14
1.5067e-14
1.06901e-14
5.91111e-15
-1.26193e-15
-1.06405e-15
-1.20919e-14
-1.90864e-14
-2.33041e-14
-1.6144e-14
-1.96959e-14
-2.75273e-14
-2.71832e-14
-3.06998e-14
-3.12332e-14
-3.6854e-14
-3.81579e-14
-4.03336e-14
-4.32322e-14
-4.87901e-14
-4.83834e-14
-4.80005e-14
-4.59665e-14
-4.8052e-14
-5.14355e-14
-5.50399e-14
-6.10042e-14
-5.83116e-14
-5.85546e-14
-6.11543e-14
-6.34399e-14
-6.11826e-14
-6.38422e-14
-7.48482e-14
-7.10533e-14
-6.69418e-14
-6.2887e-14
-7.30249e-14
-7.2389e-14
-7.33037e-14
-6.66767e-14
-6.63073e-14
-6.02633e-14
-6.6017e-14
-6.59085e-14
-6.52667e-14
-6.70298e-14
-6.53578e-14
-6.35417e-14
-6.20301e-14
-5.27283e-14
-5.92501e-14
-5.28538e-14
-4.56709e-14
-4.69988e-14
-3.76326e-14
-3.70315e-14
-4.3648e-14
-3.57358e-14
-3.01636e-14
-2.12275e-14
-1.48755e-14
-1.22326e-14
-1.35865e-14
-1.15929e-14
-7.76815e-15
-6.56218e-15
9.08613e-16
7.75977e-16
1.02909e-14
8.7732e-15
9.3541e-15
1.26148e-14
1.20462e-14
1.49247e-14
6.77001e-15
8.43275e-15
8.22773e-15
4.33296e-15
9.74929e-16
9.19263e-14
9.37448e-14
8.87013e-14
8.49894e-14
9.00003e-14
9.52651e-14
9.16835e-14
7.66661e-14
7.90574e-14
7.70114e-14
7.29881e-14
7.49822e-14
6.99653e-14
6.55538e-14
6.28577e-14
5.37263e-14
5.26362e-14
5.11816e-14
3.92411e-14
2.46444e-14
2.14813e-14
1.28906e-14
7.4378e-15
4.3415e-15
9.57533e-16
-4.66102e-15
-1.61472e-14
-2.31405e-14
-2.28428e-14
-1.70812e-14
-1.92947e-14
-1.81746e-14
-2.09608e-14
-2.7153e-14
-3.0941e-14
-4.05322e-14
-3.84498e-14
-3.76406e-14
-3.93308e-14
-4.40976e-14
-4.64412e-14
-5.01522e-14
-5.01569e-14
-4.50816e-14
-4.33202e-14
-5.189e-14
-6.13835e-14
-6.43812e-14
-6.08759e-14
-6.30413e-14
-5.53133e-14
-5.80449e-14
-6.76567e-14
-7.05136e-14
-7.71405e-14
-6.80115e-14
-6.17459e-14
-6.53857e-14
-7.19755e-14
-7.48276e-14
-6.76246e-14
-6.45113e-14
-6.17391e-14
-6.31622e-14
-6.21803e-14
-6.11274e-14
-6.42975e-14
-6.29627e-14
-6.00154e-14
-6.30903e-14
-5.99758e-14
-5.89135e-14
-5.57085e-14
-5.42481e-14
-4.9272e-14
-3.89428e-14
-3.60232e-14
-3.77022e-14
-2.88845e-14
-2.52194e-14
-1.89409e-14
-1.38366e-14
-1.81838e-14
-1.60498e-14
-1.2011e-14
-6.79692e-15
-2.88939e-15
1.56426e-15
7.66109e-16
6.14232e-15
5.85972e-15
1.03666e-14
1.3918e-14
1.25431e-14
1.09175e-14
6.73541e-15
5.8418e-15
8.05074e-15
2.24664e-15
-4.28747e-16
9.32888e-14
9.71338e-14
9.15928e-14
9.02066e-14
9.29856e-14
9.43079e-14
9.30593e-14
8.46013e-14
7.70384e-14
7.75555e-14
7.15371e-14
7.15005e-14
6.51107e-14
6.17679e-14
6.33986e-14
6.1086e-14
5.20879e-14
4.16624e-14
3.40461e-14
3.11014e-14
2.50825e-14
2.48823e-14
1.14532e-14
-1.3529e-15
-9.54798e-15
-6.46471e-15
-1.38339e-14
-1.41997e-14
-1.16275e-14
-1.79363e-14
-1.91965e-14
-2.3048e-14
-2.90976e-14
-3.35295e-14
-2.54356e-14
-3.50284e-14
-3.56111e-14
-3.66065e-14
-3.1037e-14
-3.94715e-14
-4.82631e-14
-5.25614e-14
-5.34655e-14
-4.86438e-14
-4.16361e-14
-4.53188e-14
-5.09224e-14
-5.66274e-14
-6.02803e-14
-6.51288e-14
-5.73297e-14
-6.46703e-14
-6.51742e-14
-6.65973e-14
-7.2573e-14
-7.138e-14
-6.60989e-14
-6.81344e-14
-7.31827e-14
-7.112e-14
-7.08764e-14
-6.04898e-14
-6.12407e-14
-6.26147e-14
-6.82712e-14
-6.51832e-14
-6.47478e-14
-6.12928e-14
-6.17493e-14
-6.25613e-14
-6.10971e-14
-5.71178e-14
-4.54131e-14
-5.13167e-14
-4.63508e-14
-4.02045e-14
-3.55523e-14
-3.25467e-14
-2.92933e-14
-2.45695e-14
-1.27485e-14
-1.11831e-14
-1.84935e-14
-1.76285e-14
-1.45329e-14
-5.1969e-15
-3.61554e-15
1.31204e-15
3.97591e-15
2.87757e-15
5.07125e-15
1.03642e-14
1.04774e-14
1.21092e-14
1.09089e-14
9.61325e-15
6.01105e-15
3.31493e-15
1.08208e-15
-3.74937e-15
9.64336e-14
9.67504e-14
9.66922e-14
9.9377e-14
9.40483e-14
9.55206e-14
8.62006e-14
8.67446e-14
7.84026e-14
7.14376e-14
7.03327e-14
7.34258e-14
6.73642e-14
6.74451e-14
6.2432e-14
6.01081e-14
4.71919e-14
4.56927e-14
4.49888e-14
3.29745e-14
2.60669e-14
1.42979e-14
5.205e-15
-3.97328e-15
-1.05032e-15
2.16366e-17
-1.18113e-14
-1.08965e-14
-1.48222e-14
-1.96241e-14
-1.35863e-14
-2.46574e-14
-3.16493e-14
-2.91597e-14
-2.78763e-14
-3.39452e-14
-3.41848e-14
-3.5791e-14
-3.60693e-14
-3.50269e-14
-5.10978e-14
-5.74687e-14
-5.14582e-14
-4.30597e-14
-3.65727e-14
-3.91531e-14
-4.59668e-14
-5.59439e-14
-5.83898e-14
-6.63729e-14
-5.54828e-14
-6.18185e-14
-6.72006e-14
-6.61232e-14
-7.18299e-14
-7.505e-14
-7.02662e-14
-7.04279e-14
-6.8939e-14
-7.07877e-14
-7.09295e-14
-5.68978e-14
-5.31354e-14
-6.65508e-14
-7.39813e-14
-7.0806e-14
-6.40013e-14
-6.06066e-14
-6.22848e-14
-5.64333e-14
-5.18497e-14
-5.33343e-14
-4.12385e-14
-4.45571e-14
-4.21845e-14
-4.80324e-14
-4.02282e-14
-2.94475e-14
-2.64657e-14
-2.56085e-14
-1.02701e-14
-1.17163e-14
-1.0519e-14
-1.37131e-14
-8.49152e-15
-9.59041e-15
-1.14033e-14
-3.92349e-15
1.78386e-15
1.49084e-15
3.43798e-15
8.84031e-15
8.4736e-15
7.28872e-15
6.44634e-15
9.12713e-15
4.18026e-15
-2.04076e-16
2.80994e-15
-2.14093e-15
9.55347e-14
9.77531e-14
9.86687e-14
1.00121e-13
9.86154e-14
9.05743e-14
9.12333e-14
8.79874e-14
8.194e-14
7.42559e-14
6.83795e-14
7.14473e-14
7.05866e-14
7.04353e-14
6.36632e-14
5.83547e-14
4.83633e-14
5.1366e-14
4.48615e-14
3.64077e-14
1.85931e-14
1.11932e-14
9.90762e-15
-2.46937e-15
-1.01975e-14
-4.02206e-15
-2.83765e-15
-8.84353e-15
-1.04748e-14
-9.31327e-15
-1.46851e-14
-2.67448e-14
-3.13457e-14
-3.10329e-14
-2.91866e-14
-3.22729e-14
-3.47147e-14
-3.3924e-14
-3.77959e-14
-4.27814e-14
-4.66594e-14
-5.61975e-14
-4.9253e-14
-4.15509e-14
-3.12393e-14
-3.44802e-14
-4.45974e-14
-5.7071e-14
-6.36826e-14
-6.74813e-14
-5.65914e-14
-5.81398e-14
-6.08687e-14
-6.56801e-14
-7.33274e-14
-7.34725e-14
-6.72554e-14
-7.0609e-14
-6.95549e-14
-7.77029e-14
-6.93141e-14
-6.38487e-14
-6.15293e-14
-5.90996e-14
-6.5262e-14
-6.3477e-14
-6.50028e-14
-6.11163e-14
-5.73175e-14
-5.5193e-14
-4.73658e-14
-4.81884e-14
-4.30831e-14
-4.30312e-14
-4.44829e-14
-5.03667e-14
-4.03418e-14
-2.7502e-14
-1.92943e-14
-1.41554e-14
-6.43751e-15
-7.34669e-15
-1.22185e-14
-1.8503e-14
-1.35647e-14
-1.43694e-14
-9.67131e-15
4.60486e-15
1.61691e-15
-8.65091e-16
8.92655e-16
1.14068e-14
1.00525e-14
5.63415e-15
7.01303e-15
1.06671e-14
2.87007e-15
-4.97615e-15
-4.10605e-15
-1.66764e-15
1.01173e-13
1.01419e-13
1.02415e-13
9.97585e-14
9.92608e-14
9.52971e-14
9.08558e-14
9.01448e-14
8.4686e-14
8.15706e-14
6.55001e-14
6.53316e-14
6.82724e-14
6.71413e-14
5.96466e-14
5.33232e-14
5.14719e-14
5.63904e-14
4.62345e-14
3.83066e-14
1.71418e-14
1.2025e-14
1.45027e-14
7.36155e-16
-4.2939e-15
-9.22754e-15
-1.24526e-14
-9.64893e-15
-5.07503e-15
-7.65999e-15
-1.17219e-14
-1.98872e-14
-3.59546e-14
-3.54012e-14
-3.3504e-14
-3.01934e-14
-3.14874e-14
-3.13955e-14
-3.94468e-14
-4.15113e-14
-4.46005e-14
-4.62747e-14
-4.73333e-14
-3.7613e-14
-3.51325e-14
-3.77693e-14
-4.61098e-14
-5.43539e-14
-6.02199e-14
-6.24247e-14
-5.74155e-14
-5.83089e-14
-5.85214e-14
-6.17115e-14
-7.16263e-14
-7.24714e-14
-7.10269e-14
-7.25059e-14
-6.66838e-14
-7.20123e-14
-6.54013e-14
-5.45937e-14
-5.78784e-14
-5.90979e-14
-7.1224e-14
-7.54173e-14
-6.69547e-14
-6.36469e-14
-5.16741e-14
-5.20476e-14
-4.5982e-14
-3.68351e-14
-4.00582e-14
-3.88841e-14
-4.55049e-14
-5.77288e-14
-4.14702e-14
-2.11803e-14
-1.75176e-14
-1.53315e-14
-1.1024e-14
-1.45972e-14
-1.32399e-14
-9.10571e-15
-1.53935e-14
-1.56554e-14
-6.65684e-15
-1.56737e-15
-9.85287e-16
2.40144e-15
4.15639e-15
3.62279e-15
9.52073e-15
2.34883e-15
3.93161e-15
3.77819e-15
-2.49629e-15
-3.15729e-16
2.42361e-15
-1.673e-15
1.02807e-13
1.04528e-13
9.97553e-14
1.06081e-13
1.02309e-13
9.96553e-14
9.27262e-14
8.49835e-14
7.35443e-14
7.32842e-14
7.57565e-14
7.8057e-14
7.8421e-14
6.92562e-14
5.72793e-14
5.4401e-14
5.62542e-14
6.40177e-14
4.91371e-14
3.58333e-14
1.59658e-14
5.80593e-15
4.07722e-15
-7.42092e-15
-5.46584e-15
3.88959e-15
8.367e-16
-1.14985e-14
-1.06134e-14
-8.71136e-15
-1.14574e-14
-1.65048e-14
-2.49234e-14
-2.64966e-14
-2.81545e-14
-2.88708e-14
-3.16465e-14
-3.58429e-14
-3.81647e-14
-4.24684e-14
-4.32569e-14
-4.15432e-14
-3.97134e-14
-4.10818e-14
-4.96457e-14
-4.53994e-14
-4.62952e-14
-4.66909e-14
-5.49162e-14
-6.01587e-14
-5.71581e-14
-5.89008e-14
-6.00408e-14
-6.81887e-14
-6.86043e-14
-6.79925e-14
-6.98543e-14
-7.09551e-14
-6.85618e-14
-7.51314e-14
-6.88177e-14
-6.29136e-14
-5.23942e-14
-5.1194e-14
-6.5163e-14
-6.64651e-14
-6.90247e-14
-6.11491e-14
-5.09763e-14
-5.55931e-14
-4.89946e-14
-3.89201e-14
-3.87969e-14
-4.27637e-14
-4.32234e-14
-5.21092e-14
-4.06413e-14
-2.29541e-14
-1.44043e-14
-1.59282e-14
-1.0902e-14
-1.01568e-14
-8.24015e-15
-6.63558e-15
-1.249e-14
-1.63967e-14
-7.25063e-15
-1.35777e-15
-3.50442e-15
-4.09988e-15
3.57505e-15
2.69925e-15
5.74307e-15
1.06951e-15
-1.17932e-15
3.63837e-15
3.72183e-15
-1.57834e-16
5.41043e-15
-1.84347e-15
1.03506e-13
1.11463e-13
1.07987e-13
1.01194e-13
9.9619e-14
9.51374e-14
9.50682e-14
9.65351e-14
8.71349e-14
7.44699e-14
6.92708e-14
7.25544e-14
7.45143e-14
6.65337e-14
6.57017e-14
5.99803e-14
5.95494e-14
5.72966e-14
3.85048e-14
3.26639e-14
2.86739e-14
1.47526e-14
1.43686e-14
2.94939e-15
-9.06302e-15
-3.02283e-16
-3.50467e-15
-4.18845e-15
-4.15672e-15
-1.09339e-14
-1.05738e-14
-1.86978e-14
-2.88098e-14
-3.35515e-14
-3.20316e-14
-3.1949e-14
-2.64525e-14
-3.06276e-14
-3.39264e-14
-3.12272e-14
-4.21334e-14
-4.83482e-14
-4.19427e-14
-4.01269e-14
-4.56625e-14
-4.46311e-14
-4.51119e-14
-4.7626e-14
-5.05646e-14
-5.77435e-14
-5.12155e-14
-5.90396e-14
-6.08497e-14
-6.8693e-14
-6.90137e-14
-6.90322e-14
-7.22616e-14
-6.60924e-14
-6.50233e-14
-7.02398e-14
-6.68126e-14
-6.07489e-14
-5.99249e-14
-5.96861e-14
-6.10579e-14
-5.96575e-14
-6.47731e-14
-6.17968e-14
-5.57509e-14
-5.26986e-14
-4.86887e-14
-3.86053e-14
-4.3953e-14
-3.90726e-14
-4.12352e-14
-4.49157e-14
-4.21178e-14
-2.13278e-14
-1.46962e-14
-1.31101e-14
-9.98557e-15
-1.25471e-14
-8.68358e-15
-9.26006e-15
-1.23585e-14
-1.20181e-14
-8.84933e-15
-3.87359e-15
-4.50018e-15
-3.62343e-15
1.06966e-16
1.38762e-15
2.73751e-15
-1.25782e-15
2.52986e-16
-1.56007e-15
1.47079e-15
1.10418e-15
1.337e-15
-4.07852e-15
1.07624e-13
1.08431e-13
1.11263e-13
1.02556e-13
1.02131e-13
1.02165e-13
9.24294e-14
8.8589e-14
8.3481e-14
8.16341e-14
7.23877e-14
7.35796e-14
7.93489e-14
7.43476e-14
7.18996e-14
6.49465e-14
5.68681e-14
5.11854e-14
4.53768e-14
3.72571e-14
2.6144e-14
1.8928e-14
3.25292e-15
-9.19008e-15
-4.32031e-15
6.55691e-15
1.02895e-15
-2.07986e-15
-8.2607e-15
-1.01291e-14
-1.05447e-14
-2.08389e-14
-2.31355e-14
-2.96472e-14
-3.11071e-14
-2.02292e-14
-2.52611e-14
-2.9559e-14
-3.24582e-14
-3.28154e-14
-4.12175e-14
-4.5033e-14
-4.78125e-14
-4.83114e-14
-4.4802e-14
-3.88465e-14
-4.14922e-14
-4.90162e-14
-5.35065e-14
-5.20787e-14
-5.29756e-14
-5.60604e-14
-6.31307e-14
-6.97509e-14
-7.48758e-14
-7.17166e-14
-6.86008e-14
-6.46413e-14
-6.77961e-14
-6.2499e-14
-6.33273e-14
-5.54319e-14
-5.36832e-14
-5.96686e-14
-6.85301e-14
-6.10848e-14
-6.30344e-14
-5.96586e-14
-5.76542e-14
-5.00099e-14
-4.63122e-14
-4.30181e-14
-4.51835e-14
-3.92846e-14
-4.03747e-14
-4.19742e-14
-3.79969e-14
-2.57321e-14
-1.72859e-14
-7.31197e-15
-5.15939e-15
-2.85457e-15
-8.78159e-15
-1.32341e-14
-9.63118e-15
-1.08122e-14
-7.897e-15
-1.20563e-14
-7.83027e-15
-1.62868e-15
-3.24543e-15
-3.22525e-15
-4.88845e-16
5.04196e-18
2.68974e-15
-4.52191e-15
-2.20274e-15
-4.23763e-15
-6.41135e-15
-2.05769e-15
1.03561e-13
1.14017e-13
1.08288e-13
1.02192e-13
1.06921e-13
1.10844e-13
1.04266e-13
9.22478e-14
7.66065e-14
7.62266e-14
7.6463e-14
7.79677e-14
7.99918e-14
7.28837e-14
6.96944e-14
6.91035e-14
5.8483e-14
4.66605e-14
4.29833e-14
3.32736e-14
2.18402e-14
1.25836e-14
1.28465e-14
1.2819e-15
1.0857e-15
-1.63457e-15
1.79781e-15
1.21905e-15
-7.39119e-15
-8.83919e-15
-1.53747e-14
-1.92073e-14
-1.57605e-14
-2.23027e-14
-3.40912e-14
-2.99559e-14
-3.08332e-14
-2.60327e-14
-2.86141e-14
-3.62633e-14
-4.17333e-14
-4.22644e-14
-4.20774e-14
-4.54424e-14
-4.62271e-14
-4.02861e-14
-3.82583e-14
-4.582e-14
-5.16205e-14
-5.86189e-14
-5.89281e-14
-5.68444e-14
-5.97695e-14
-7.09295e-14
-7.20553e-14
-6.79325e-14
-6.60714e-14
-6.29385e-14
-6.22305e-14
-6.41928e-14
-6.27038e-14
-5.61086e-14
-5.43986e-14
-6.53432e-14
-6.23222e-14
-6.02742e-14
-6.25869e-14
-6.09789e-14
-5.7464e-14
-4.56897e-14
-4.20632e-14
-4.00412e-14
-3.761e-14
-3.82933e-14
-4.03324e-14
-3.98863e-14
-3.06239e-14
-2.10314e-14
-1.82864e-14
-9.7189e-15
-9.30759e-15
-4.95182e-15
-9.65214e-15
-1.48667e-14
-6.01665e-15
-5.51173e-15
-7.01254e-15
-1.35857e-14
-1.18592e-14
-9.57577e-15
-8.32921e-15
-4.55568e-15
-2.95403e-15
-2.31721e-15
-3.69827e-15
-4.96381e-15
-4.11377e-15
-3.02209e-15
-6.03598e-15
-3.76616e-15
1.09302e-13
1.11941e-13
1.09663e-13
1.04096e-13
1.0472e-13
9.5377e-14
9.24296e-14
9.39031e-14
9.21983e-14
8.59265e-14
8.2418e-14
7.65907e-14
7.63882e-14
7.03889e-14
7.12113e-14
6.95449e-14
6.5186e-14
6.13595e-14
4.08215e-14
2.97069e-14
2.01583e-14
1.53953e-14
1.76512e-14
4.80387e-15
6.21906e-16
-4.27193e-16
-2.49079e-15
-6.80258e-15
-6.39446e-15
-8.73324e-15
-1.74223e-14
-1.96575e-14
-1.9799e-14
-1.95368e-14
-3.10475e-14
-2.47686e-14
-2.17785e-14
-2.36843e-14
-2.33143e-14
-3.75468e-14
-4.50829e-14
-4.28028e-14
-4.0231e-14
-3.93493e-14
-3.91624e-14
-4.11724e-14
-4.94623e-14
-4.78932e-14
-5.54413e-14
-6.01128e-14
-5.86843e-14
-5.7317e-14
-5.74843e-14
-7.08303e-14
-7.95042e-14
-6.93948e-14
-6.79007e-14
-6.10369e-14
-5.76669e-14
-5.16017e-14
-5.45033e-14
-5.8214e-14
-5.63042e-14
-6.00463e-14
-6.73876e-14
-6.33103e-14
-6.05337e-14
-5.99584e-14
-5.71777e-14
-4.3397e-14
-4.22123e-14
-3.80789e-14
-3.57748e-14
-3.90248e-14
-3.59702e-14
-3.8145e-14
-3.20974e-14
-2.99485e-14
-1.99813e-14
-9.79421e-17
-2.50094e-15
-9.07222e-15
-7.70984e-15
-1.39467e-14
-5.63914e-15
-6.26752e-15
-9.14796e-15
-1.51142e-14
-1.81916e-14
-1.31811e-14
-1.25419e-14
-1.76947e-15
-2.19102e-15
2.84916e-15
-4.89819e-15
-1.06034e-14
-4.75362e-15
-3.48443e-15
-6.61635e-15
-4.44473e-15
1.09737e-13
1.08976e-13
1.10927e-13
1.04614e-13
1.07131e-13
1.06298e-13
9.48422e-14
8.86104e-14
8.81433e-14
7.97989e-14
8.09073e-14
8.43799e-14
7.80959e-14
7.12764e-14
7.2857e-14
6.59465e-14
6.10943e-14
5.40415e-14
4.17175e-14
3.04048e-14
2.23704e-14
1.66356e-14
1.20816e-14
9.99211e-15
1.25718e-14
-2.20753e-15
-4.37436e-15
-5.47674e-15
-4.2334e-15
-6.66014e-15
-6.58583e-15
-1.66753e-14
-2.10312e-14
-2.28673e-14
-3.20054e-14
-2.47204e-14
-2.55719e-14
-2.39127e-14
-2.36088e-14
-3.39839e-14
-4.42519e-14
-4.29604e-14
-4.30307e-14
-4.3032e-14
-4.19694e-14
-4.11437e-14
-4.5733e-14
-4.42354e-14
-5.46827e-14
-5.73906e-14
-5.83973e-14
-5.62698e-14
-6.10494e-14
-7.14503e-14
-6.8677e-14
-6.63207e-14
-6.89891e-14
-7.26207e-14
-6.29805e-14
-5.39137e-14
-5.13289e-14
-5.47783e-14
-5.99634e-14
-5.76273e-14
-6.28276e-14
-6.43505e-14
-5.84233e-14
-5.75335e-14
-5.22451e-14
-4.7086e-14
-4.20843e-14
-3.20206e-14
-3.13268e-14
-3.96481e-14
-3.64125e-14
-3.41243e-14
-2.30853e-14
-2.35351e-14
-1.73883e-14
-8.64336e-15
-1.12269e-14
-9.98313e-15
-7.03251e-15
-1.44107e-14
-7.73824e-15
-9.04963e-15
-1.38447e-14
-1.29979e-14
-1.37233e-14
-1.23455e-14
-1.11628e-14
-2.19051e-15
-4.24233e-15
-5.09566e-15
-1.01558e-14
-9.17562e-15
1.77628e-15
-1.01696e-14
-1.10598e-14
-4.88045e-15
1.06714e-13
1.04622e-13
1.11601e-13
1.07718e-13
1.06009e-13
1.01182e-13
9.4647e-14
8.91075e-14
8.97998e-14
8.42499e-14
8.41202e-14
8.38454e-14
7.70035e-14
7.42744e-14
7.12902e-14
6.11005e-14
5.70579e-14
5.53568e-14
4.6782e-14
3.3688e-14
2.15873e-14
1.97863e-14
1.25037e-14
1.08635e-14
5.42764e-15
-1.83808e-15
-8.80348e-16
1.24589e-15
-5.46104e-15
-1.26257e-14
-1.70508e-14
-1.95622e-14
-1.94341e-14
-2.57173e-14
-2.92715e-14
-1.43651e-14
-1.73832e-14
-2.04661e-14
-2.25859e-14
-3.39091e-14
-4.02154e-14
-4.08022e-14
-4.48809e-14
-4.28273e-14
-4.11745e-14
-3.70989e-14
-4.26573e-14
-4.92368e-14
-5.80144e-14
-5.80423e-14
-5.9306e-14
-5.83254e-14
-6.1658e-14
-7.11144e-14
-6.78787e-14
-6.12946e-14
-6.51134e-14
-6.37983e-14
-6.39393e-14
-5.91829e-14
-5.3251e-14
-5.52666e-14
-5.80026e-14
-5.50894e-14
-6.03835e-14
-6.00101e-14
-6.09232e-14
-5.49087e-14
-4.77284e-14
-4.56281e-14
-4.36779e-14
-3.09196e-14
-3.02481e-14
-3.63179e-14
-3.43787e-14
-3.09462e-14
-2.4697e-14
-2.18758e-14
-2.0044e-14
-1.24366e-14
-1.02337e-14
-1.02567e-14
-8.7903e-15
-1.25729e-14
-5.95838e-15
-1.44147e-14
-2.05993e-14
-1.17425e-14
-1.02317e-14
-1.43579e-14
-1.13853e-14
-8.73713e-15
-5.21817e-15
-6.66122e-15
-6.27281e-15
-7.09893e-15
-4.17537e-15
-1.40954e-14
-1.41912e-14
-7.23669e-15
1.1257e-13
1.07957e-13
1.0294e-13
1.03228e-13
1.0138e-13
9.74097e-14
9.56265e-14
9.34641e-14
8.98134e-14
8.50541e-14
8.44271e-14
8.15479e-14
7.49628e-14
7.67124e-14
7.53218e-14
6.19161e-14
5.01667e-14
5.03325e-14
4.55262e-14
3.61145e-14
2.2703e-14
1.91557e-14
1.54692e-14
1.12228e-14
1.10286e-14
-1.83785e-16
-3.51922e-16
-4.94985e-17
-5.63592e-15
-7.03441e-15
-1.57299e-14
-1.8686e-14
-2.45875e-14
-2.7416e-14
-2.51936e-14
-1.6289e-14
-1.26937e-14
-2.47892e-14
-2.58124e-14
-3.21857e-14
-3.25836e-14
-3.90433e-14
-4.39749e-14
-3.6123e-14
-3.82294e-14
-4.07134e-14
-4.44089e-14
-4.62743e-14
-5.04817e-14
-5.77512e-14
-5.87599e-14
-6.15121e-14
-6.25607e-14
-6.4218e-14
-7.00852e-14
-6.94261e-14
-7.0195e-14
-6.53496e-14
-5.9744e-14
-6.12935e-14
-5.68863e-14
-5.0545e-14
-5.19893e-14
-5.65125e-14
-6.15821e-14
-6.15089e-14
-6.39125e-14
-5.34689e-14
-4.56077e-14
-4.36844e-14
-3.84772e-14
-3.08383e-14
-3.05954e-14
-3.45269e-14
-3.08203e-14
-3.24268e-14
-2.49488e-14
-2.15437e-14
-1.08121e-14
-1.13632e-14
-1.29097e-14
-1.35504e-14
-9.87415e-15
-1.31307e-14
-1.12302e-14
-1.49835e-14
-2.38678e-14
-2.0191e-14
-7.385e-15
-1.37156e-14
-1.71856e-14
-1.34703e-14
2.50756e-15
-3.78461e-15
-9.29534e-15
-7.40026e-15
-8.12887e-15
-2.15216e-14
-1.54727e-14
-5.90159e-15
1.1319e-13
1.05708e-13
1.00254e-13
1.05789e-13
1.00088e-13
9.85073e-14
9.34277e-14
9.59081e-14
9.41329e-14
8.10583e-14
8.0362e-14
8.02493e-14
8.0305e-14
7.28184e-14
7.50122e-14
6.86714e-14
5.84545e-14
4.32971e-14
4.53063e-14
3.65554e-14
2.58722e-14
2.07706e-14
1.60621e-14
1.33885e-14
1.02358e-14
3.69428e-15
1.94056e-15
-1.84431e-15
-6.29547e-15
-6.9756e-15
-1.2262e-14
-1.43247e-14
-2.30808e-14
-3.04596e-14
-2.87719e-14
-1.70538e-14
-8.59209e-15
-1.68495e-14
-2.67849e-14
-3.22995e-14
-3.05994e-14
-3.55433e-14
-4.03996e-14
-3.8208e-14
-3.63605e-14
-4.11368e-14
-4.51702e-14
-4.33103e-14
-5.10755e-14
-6.0403e-14
-6.07485e-14
-6.45097e-14
-6.29974e-14
-6.51507e-14
-6.71136e-14
-6.59065e-14
-6.832e-14
-6.55836e-14
-6.25249e-14
-5.93446e-14
-5.41337e-14
-5.02606e-14
-5.89818e-14
-5.90822e-14
-5.80373e-14
-6.0142e-14
-6.01169e-14
-5.90128e-14
-4.69502e-14
-4.24111e-14
-3.61312e-14
-3.11095e-14
-3.93546e-14
-3.50515e-14
-3.47077e-14
-2.96865e-14
-2.24296e-14
-1.55494e-14
-1.27949e-14
-1.53678e-14
-1.78724e-14
-1.51817e-14
-1.01135e-14
-1.10288e-14
-1.87917e-14
-2.05793e-14
-2.0583e-14
-1.80993e-14
-1.22176e-14
-8.28061e-15
-1.33524e-14
-1.58787e-14
-8.10185e-15
-5.70364e-15
-8.8095e-15
-1.02515e-14
-1.05633e-14
-1.91348e-14
-1.29297e-14
-1.8794e-15
1.10133e-13
1.03563e-13
1.03399e-13
1.0503e-13
1.01354e-13
9.78902e-14
9.23512e-14
9.11895e-14
8.8489e-14
8.56156e-14
8.72588e-14
8.38514e-14
7.46009e-14
6.90398e-14
6.65779e-14
6.24833e-14
5.35318e-14
4.8852e-14
5.05405e-14
4.31752e-14
2.94029e-14
2.14356e-14
1.46753e-14
1.64421e-14
2.14714e-14
1.31467e-14
-1.71665e-15
-1.70787e-14
-1.5165e-14
-7.43714e-15
-1.06556e-14
-1.10539e-14
-1.04263e-14
-1.76884e-14
-2.2688e-14
-2.31677e-14
-2.18203e-14
-2.47688e-14
-2.20707e-14
-2.84712e-14
-2.62218e-14
-3.4816e-14
-3.52335e-14
-3.75225e-14
-3.68664e-14
-3.89719e-14
-4.46991e-14
-3.98542e-14
-4.83014e-14
-6.00857e-14
-6.56435e-14
-6.28249e-14
-6.0834e-14
-7.00085e-14
-7.08391e-14
-6.7728e-14
-7.31624e-14
-6.10512e-14
-5.92564e-14
-5.34743e-14
-5.1098e-14
-6.09569e-14
-6.17317e-14
-5.23031e-14
-5.82652e-14
-5.97793e-14
-5.67558e-14
-5.22622e-14
-5.28798e-14
-4.77975e-14
-4.00034e-14
-2.47181e-14
-3.08061e-14
-2.74483e-14
-3.5297e-14
-3.56366e-14
-1.94852e-14
-1.27226e-14
-1.42023e-14
-1.05056e-14
-1.63785e-14
-1.67595e-14
-1.73514e-14
-1.89817e-14
-2.06865e-14
-2.23603e-14
-2.39018e-14
-1.84344e-14
-1.18103e-14
-1.04233e-14
-1.76415e-14
-1.10471e-14
-1.21825e-14
-7.72505e-15
-3.94801e-15
-3.29889e-15
-1.58049e-14
-2.29066e-14
-1.93961e-14
-5.49455e-15
1.06774e-13
1.05939e-13
1.06718e-13
1.06618e-13
1.02107e-13
9.78554e-14
9.66643e-14
8.99685e-14
8.32718e-14
8.33357e-14
8.65465e-14
7.80185e-14
7.40843e-14
7.06778e-14
6.46613e-14
6.13891e-14
6.31069e-14
6.08336e-14
5.22078e-14
3.8729e-14
2.82293e-14
2.08049e-14
1.71687e-14
1.35237e-14
1.23074e-14
9.0235e-15
2.03873e-16
-4.27318e-15
-8.41227e-15
-6.14856e-15
-4.05077e-15
-1.0224e-14
-1.51121e-14
-2.06897e-14
-2.29384e-14
-1.62333e-14
-1.66842e-14
-1.99465e-14
-2.54686e-14
-2.67122e-14
-2.77473e-14
-3.24191e-14
-3.5886e-14
-3.46847e-14
-3.35115e-14
-3.39017e-14
-4.64046e-14
-5.03083e-14
-5.04066e-14
-5.1416e-14
-6.30977e-14
-6.24429e-14
-6.10174e-14
-6.47095e-14
-6.80355e-14
-7.38315e-14
-7.96021e-14
-6.30026e-14
-5.13038e-14
-5.16972e-14
-5.94384e-14
-5.66324e-14
-5.43134e-14
-5.42357e-14
-5.8329e-14
-6.44893e-14
-6.21754e-14
-5.10705e-14
-4.67827e-14
-4.19956e-14
-4.07719e-14
-3.15602e-14
-3.25499e-14
-3.41129e-14
-3.26612e-14
-2.89877e-14
-2.28765e-14
-1.38771e-14
-1.24115e-14
-9.60844e-15
-1.55216e-14
-1.68344e-14
-2.06444e-14
-1.76312e-14
-2.23823e-14
-2.67415e-14
-2.6557e-14
-1.88502e-14
-1.32846e-14
-9.6143e-15
-1.06441e-14
-1.26393e-14
-1.6555e-14
-8.6419e-15
-3.44876e-15
-3.65995e-15
-9.88708e-15
-1.78455e-14
-1.81074e-14
-3.63004e-15
1.0774e-13
1.02766e-13
1.02069e-13
1.0166e-13
9.998e-14
9.6838e-14
1.00676e-13
9.76577e-14
8.38996e-14
8.22741e-14
8.62686e-14
7.8646e-14
7.11883e-14
7.00099e-14
6.62978e-14
6.54183e-14
5.44933e-14
5.08429e-14
5.62334e-14
4.19844e-14
3.35888e-14
2.11394e-14
2.20794e-14
1.34569e-14
8.65806e-15
9.69711e-15
8.96362e-15
-3.01277e-16
-1.23605e-14
-1.02213e-14
-2.68545e-15
-8.1482e-15
-7.96449e-15
-1.61586e-14
-2.68052e-14
-2.17971e-14
-1.50859e-14
-2.32047e-14
-2.31541e-14
-2.46811e-14
-2.95305e-14
-2.88496e-14
-3.17044e-14
-3.06464e-14
-3.39227e-14
-3.65222e-14
-4.08317e-14
-4.60722e-14
-4.73868e-14
-5.2611e-14
-6.24672e-14
-6.12884e-14
-6.66055e-14
-7.38965e-14
-7.0836e-14
-6.84729e-14
-6.56587e-14
-5.49578e-14
-5.36218e-14
-6.33868e-14
-5.47833e-14
-5.32254e-14
-5.64004e-14
-5.63058e-14
-5.51902e-14
-5.45242e-14
-5.62294e-14
-5.21246e-14
-5.31775e-14
-4.77248e-14
-4.07337e-14
-2.96619e-14
-3.15053e-14
-3.50082e-14
-3.19672e-14
-2.69768e-14
-2.18874e-14
-1.65494e-14
-1.34778e-14
-1.50109e-14
-1.83605e-14
-1.75173e-14
-2.47569e-14
-2.2281e-14
-2.50845e-14
-2.40839e-14
-2.1705e-14
-1.58131e-14
-1.38998e-14
-6.57233e-15
-1.1477e-14
-1.42335e-14
-1.31089e-14
-8.37795e-15
-7.85908e-15
-2.46276e-15
-1.08734e-14
-1.56711e-14
-1.56476e-14
-5.56484e-15
1.03667e-13
1.03554e-13
1.03065e-13
1.0563e-13
1.05969e-13
9.69764e-14
9.30611e-14
9.47634e-14
8.83573e-14
8.20242e-14
8.45825e-14
7.96809e-14
6.979e-14
7.05041e-14
6.66311e-14
5.98792e-14
5.79455e-14
5.3182e-14
5.41182e-14
4.85906e-14
3.96078e-14
2.36596e-14
1.8121e-14
1.06748e-14
6.69232e-15
1.11808e-14
1.11801e-14
5.00419e-16
2.05975e-15
-1.51995e-15
-7.59754e-15
-1.01771e-14
-4.94712e-15
-9.57585e-15
-2.75049e-14
-2.44791e-14
-1.82334e-14
-2.22555e-14
-1.70499e-14
-2.46717e-14
-3.05479e-14
-2.77131e-14
-3.00589e-14
-3.35127e-14
-2.67789e-14
-3.06748e-14
-3.37796e-14
-4.49904e-14
-4.93049e-14
-5.70609e-14
-6.32901e-14
-6.389e-14
-6.78336e-14
-7.01709e-14
-6.64195e-14
-6.27054e-14
-5.80606e-14
-6.41929e-14
-6.22876e-14
-5.9793e-14
-5.12874e-14
-5.24198e-14
-5.16082e-14
-5.51518e-14
-5.98161e-14
-5.96395e-14
-6.04534e-14
-5.45797e-14
-4.8097e-14
-3.69908e-14
-3.7642e-14
-3.1717e-14
-3.44044e-14
-3.18211e-14
-3.44011e-14
-3.07352e-14
-1.76169e-14
-1.65325e-14
-1.68246e-14
-2.03198e-14
-1.83467e-14
-1.26402e-14
-2.39461e-14
-2.78487e-14
-2.55254e-14
-2.28726e-14
-2.71432e-14
-2.18812e-14
-9.64788e-15
-8.0153e-15
-1.37245e-14
-1.64932e-14
-9.46219e-15
-1.02695e-14
-3.86273e-15
-8.79445e-15
-1.55182e-14
-1.80745e-14
-1.08223e-14
-4.17048e-15
9.57835e-14
9.70536e-14
1.04189e-13
1.06941e-13
1.04868e-13
1.01773e-13
9.35192e-14
9.20256e-14
9.50346e-14
8.53149e-14
8.06343e-14
7.97345e-14
7.11426e-14
6.57304e-14
7.01528e-14
6.36074e-14
5.70371e-14
5.43721e-14
5.44894e-14
4.96205e-14
3.57907e-14
2.48081e-14
1.82836e-14
1.41204e-14
7.21464e-15
1.00884e-14
1.08861e-14
1.72235e-15
6.47154e-15
2.32745e-15
-2.05683e-15
-1.48341e-14
-1.36199e-14
-1.25476e-14
-1.8952e-14
-1.85751e-14
-1.71784e-14
-2.12136e-14
-1.76391e-14
-2.6145e-14
-2.98647e-14
-2.84462e-14
-3.203e-14
-2.80061e-14
-2.52204e-14
-2.63631e-14
-3.83758e-14
-4.38476e-14
-5.04874e-14
-5.12751e-14
-6.58604e-14
-6.80152e-14
-6.93034e-14
-6.82971e-14
-6.22225e-14
-6.46537e-14
-5.84842e-14
-6.58142e-14
-6.00142e-14
-6.06751e-14
-5.3183e-14
-5.20735e-14
-5.06491e-14
-5.45796e-14
-5.68126e-14
-5.98596e-14
-5.69524e-14
-5.46581e-14
-4.61796e-14
-3.91738e-14
-3.71487e-14
-3.25677e-14
-3.56026e-14
-3.18837e-14
-2.63443e-14
-3.00261e-14
-2.55218e-14
-1.97688e-14
-1.60761e-14
-2.14457e-14
-1.83932e-14
-1.91522e-14
-2.73963e-14
-3.1069e-14
-2.24379e-14
-2.21251e-14
-1.90359e-14
-2.09633e-14
-1.36526e-14
-8.98263e-15
-1.02573e-14
-1.19711e-14
-9.50904e-15
-1.17054e-14
-8.50745e-15
-1.2736e-14
-1.3021e-14
-1.29591e-14
-1.36143e-14
-3.67226e-15
9.49528e-14
1.0164e-13
1.07658e-13
1.07604e-13
1.00598e-13
9.28231e-14
8.30717e-14
8.71647e-14
1.00326e-13
8.93587e-14
8.20195e-14
8.37681e-14
7.7289e-14
6.77429e-14
6.58168e-14
6.01112e-14
5.52579e-14
5.91196e-14
5.96401e-14
3.85534e-14
2.75133e-14
2.90389e-14
2.74845e-14
2.01521e-14
9.57972e-15
7.69615e-15
1.3356e-14
1.04304e-14
5.92191e-15
-3.04847e-15
-7.25088e-15
-8.17357e-15
-7.41827e-15
-9.47533e-15
-2.3687e-14
-1.878e-14
-1.97865e-14
-2.31204e-14
-1.76055e-14
-1.79494e-14
-2.8046e-14
-3.31073e-14
-3.0149e-14
-2.84726e-14
-2.71204e-14
-2.92111e-14
-3.35292e-14
-3.88234e-14
-4.83057e-14
-5.63442e-14
-6.72268e-14
-6.58604e-14
-6.87618e-14
-6.31758e-14
-6.18894e-14
-5.7544e-14
-5.70769e-14
-6.50725e-14
-6.2125e-14
-5.75958e-14
-5.34478e-14
-5.71655e-14
-5.1555e-14
-5.24235e-14
-5.52725e-14
-5.82015e-14
-5.66189e-14
-5.08212e-14
-4.57967e-14
-3.95547e-14
-3.49006e-14
-3.30041e-14
-3.22984e-14
-2.92606e-14
-2.75246e-14
-3.39602e-14
-2.71584e-14
-2.46195e-14
-1.93885e-14
-2.02181e-14
-2.00437e-14
-1.7878e-14
-2.5525e-14
-2.65587e-14
-2.56711e-14
-2.12783e-14
-1.89134e-14
-2.23093e-14
-1.91748e-14
-1.2619e-14
-9.97367e-15
-1.31451e-14
-7.42342e-15
-1.01026e-14
-1.1191e-14
-1.49713e-14
-1.19808e-14
-1.195e-14
-1.25749e-14
-5.61342e-15
9.43602e-14
9.30954e-14
9.43107e-14
1.03736e-13
1.06105e-13
9.98729e-14
9.20689e-14
9.0815e-14
8.91615e-14
8.6577e-14
8.15427e-14
8.61327e-14
7.91652e-14
6.41691e-14
7.0183e-14
7.09813e-14
6.21629e-14
5.53346e-14
4.74578e-14
4.2328e-14
3.25489e-14
2.69616e-14
2.34371e-14
1.76695e-14
1.1148e-14
1.196e-14
1.6042e-14
1.08683e-14
4.77191e-15
2.47313e-15
-2.91091e-16
-3.4548e-16
-1.36021e-14
-1.28569e-14
-1.99508e-14
-1.90834e-14
-2.19549e-14
-1.71737e-14
-1.84041e-14
-2.47684e-14
-2.87361e-14
-2.4912e-14
-2.66241e-14
-2.95318e-14
-2.67714e-14
-2.7497e-14
-3.47967e-14
-3.75652e-14
-4.84093e-14
-6.20854e-14
-6.37157e-14
-6.02228e-14
-6.71993e-14
-6.57719e-14
-6.77041e-14
-5.74428e-14
-5.7394e-14
-6.21971e-14
-6.24331e-14
-5.60354e-14
-4.97229e-14
-5.48942e-14
-5.4443e-14
-5.32449e-14
-4.95535e-14
-5.84562e-14
-6.15955e-14
-5.46175e-14
-4.31369e-14
-3.45374e-14
-3.18481e-14
-3.88444e-14
-3.02138e-14
-2.67867e-14
-2.86554e-14
-3.60094e-14
-2.5999e-14
-2.64114e-14
-2.62076e-14
-2.23523e-14
-2.00941e-14
-2.32131e-14
-3.03509e-14
-2.81923e-14
-2.13747e-14
-1.62407e-14
-1.95942e-14
-2.3429e-14
-1.21878e-14
-8.31731e-15
-1.14499e-14
-1.74092e-14
-1.69011e-14
-1.30632e-14
-8.08506e-15
-1.13258e-14
-1.18189e-14
-1.447e-14
-1.59798e-14
-5.97353e-15
9.44547e-14
9.51417e-14
1.03745e-13
9.94623e-14
1.00447e-13
9.82342e-14
9.04147e-14
9.32315e-14
9.40029e-14
9.25437e-14
8.20398e-14
8.13394e-14
7.57538e-14
6.97209e-14
6.98958e-14
6.83667e-14
6.54359e-14
6.31364e-14
5.2628e-14
4.14756e-14
2.49543e-14
2.34223e-14
2.18238e-14
1.90545e-14
9.72553e-15
1.46035e-14
1.3689e-14
1.67214e-14
6.48488e-15
-1.59704e-15
5.01991e-15
-4.42796e-16
-6.09703e-15
-1.09548e-14
-2.43044e-14
-2.46031e-14
-2.16467e-14
-1.20014e-14
-1.96198e-14
-1.92782e-14
-2.58661e-14
-2.49294e-14
-2.89194e-14
-2.94369e-14
-2.83107e-14
-3.50457e-14
-3.38945e-14
-3.62069e-14
-4.75891e-14
-5.80341e-14
-6.33898e-14
-6.15725e-14
-6.36772e-14
-6.12121e-14
-6.44756e-14
-6.23628e-14
-5.50845e-14
-5.79401e-14
-6.07895e-14
-5.56629e-14
-5.2519e-14
-4.91857e-14
-5.19403e-14
-5.51801e-14
-4.91939e-14
-5.32178e-14
-5.76586e-14
-5.31912e-14
-4.37749e-14
-3.15732e-14
-3.73772e-14
-3.48434e-14
-3.11058e-14
-2.83989e-14
-3.12881e-14
-3.38114e-14
-2.50863e-14
-2.53508e-14
-2.96455e-14
-2.59866e-14
-2.01604e-14
-2.16062e-14
-2.85325e-14
-2.78351e-14
-1.94982e-14
-1.85416e-14
-2.05617e-14
-2.26364e-14
-6.29193e-15
-8.81974e-15
-1.17696e-14
-2.03628e-14
-1.90189e-14
-1.57507e-14
-1.1336e-14
-6.68947e-15
-1.0836e-14
-1.83829e-14
-1.73563e-14
-3.48794e-15
9.41761e-14
9.46264e-14
9.76963e-14
1.01186e-13
1.00714e-13
1.00132e-13
9.29767e-14
9.03687e-14
9.17614e-14
8.80353e-14
8.09268e-14
8.02577e-14
7.8256e-14
7.30077e-14
7.21312e-14
7.38896e-14
6.66764e-14
5.74655e-14
5.2402e-14
5.33884e-14
3.02415e-14
2.48445e-14
2.35386e-14
2.01809e-14
9.84705e-15
1.5028e-14
1.63583e-14
1.12192e-14
2.8632e-15
1.3199e-15
1.60721e-15
-3.75903e-15
-4.12772e-15
-7.79043e-15
-1.72139e-14
-2.61637e-14
-2.2571e-14
-1.88603e-14
-1.80641e-14
-1.9866e-14
-2.2503e-14
-2.39924e-14
-2.83889e-14
-2.80163e-14
-2.60178e-14
-2.90396e-14
-3.54108e-14
-4.66942e-14
-5.4713e-14
-5.73302e-14
-5.97712e-14
-6.29186e-14
-6.21326e-14
-5.80132e-14
-5.90795e-14
-5.7806e-14
-5.9179e-14
-6.19948e-14
-5.8217e-14
-5.19365e-14
-5.02518e-14
-4.90246e-14
-5.0373e-14
-5.45272e-14
-5.89724e-14
-5.44345e-14
-5.31844e-14
-5.65129e-14
-4.47552e-14
-2.72221e-14
-2.50316e-14
-2.73356e-14
-3.25494e-14
-3.18605e-14
-3.41638e-14
-4.01433e-14
-2.81651e-14
-2.17543e-14
-2.86277e-14
-2.55257e-14
-2.28078e-14
-2.08165e-14
-2.22405e-14
-2.48621e-14
-2.33352e-14
-1.65012e-14
-2.42532e-14
-2.04611e-14
-1.15862e-14
-6.3126e-15
-1.30228e-14
-1.51719e-14
-1.50956e-14
-1.55373e-14
-8.81215e-15
-8.41513e-15
-1.73382e-14
-1.73929e-14
-9.71458e-15
-1.10958e-15
9.75242e-14
9.6277e-14
9.88198e-14
9.92545e-14
9.81142e-14
9.70945e-14
9.70813e-14
9.45729e-14
8.73381e-14
8.32028e-14
7.95159e-14
7.72044e-14
8.11306e-14
7.71763e-14
7.8654e-14
7.18115e-14
6.6364e-14
5.68552e-14
5.18441e-14
5.89468e-14
3.56892e-14
3.12926e-14
2.65629e-14
1.34458e-14
1.02635e-14
1.40193e-14
1.8584e-14
1.71402e-14
1.24305e-14
4.80601e-15
-1.0221e-15
-3.71354e-15
-6.85349e-15
-1.67681e-14
-2.53189e-14
-2.53908e-14
-1.84044e-14
-1.47046e-14
-1.67511e-14
-1.66899e-14
-2.1237e-14
-3.04414e-14
-3.14451e-14
-2.9377e-14
-3.14857e-14
-2.96469e-14
-3.18929e-14
-4.99697e-14
-5.8122e-14
-5.84418e-14
-5.60244e-14
-5.39634e-14
-5.57657e-14
-5.91709e-14
-6.10338e-14
-5.69468e-14
-5.90143e-14
-5.69806e-14
-5.63396e-14
-5.15713e-14
-4.88674e-14
-4.42551e-14
-4.84472e-14
-5.2933e-14
-5.08348e-14
-5.03753e-14
-5.17956e-14
-4.76078e-14
-4.55623e-14
-3.62605e-14
-3.14702e-14
-2.77625e-14
-2.69952e-14
-2.70476e-14
-3.13246e-14
-4.07436e-14
-3.05691e-14
-2.59205e-14
-2.22816e-14
-2.23617e-14
-2.53362e-14
-2.74467e-14
-2.03586e-14
-1.91121e-14
-1.58931e-14
-2.13027e-14
-2.38493e-14
-2.35817e-14
-1.13025e-14
-7.47345e-15
-1.11752e-14
-1.22314e-14
-1.74356e-14
-1.75938e-14
-1.09732e-14
-1.03366e-14
-1.52382e-14
-1.7118e-14
-1.08731e-14
8.74126e-16
9.3807e-14
9.91644e-14
9.92178e-14
9.86085e-14
1.01816e-13
1.01244e-13
1.00762e-13
9.53338e-14
8.90756e-14
8.20847e-14
7.10678e-14
6.77338e-14
8.14523e-14
8.08154e-14
7.82142e-14
7.23053e-14
6.29132e-14
6.22436e-14
6.00886e-14
6.06215e-14
4.65359e-14
3.57446e-14
2.059e-14
1.16784e-14
1.70919e-14
1.9735e-14
1.73732e-14
1.45262e-14
1.11307e-14
1.43216e-15
-3.39512e-15
-6.6968e-15
-8.40571e-15
-1.41283e-14
-1.44597e-14
-2.09158e-14
-2.62941e-14
-2.55866e-14
-1.77925e-14
-1.65868e-14
-2.11568e-14
-3.37278e-14
-2.9951e-14
-2.41995e-14
-2.38653e-14
-2.95594e-14
-3.96929e-14
-5.16429e-14
-5.64786e-14
-5.7478e-14
-5.54749e-14
-6.0328e-14
-5.66605e-14
-5.36923e-14
-5.77404e-14
-5.34691e-14
-5.44255e-14
-5.14483e-14
-5.67837e-14
-4.85268e-14
-4.59627e-14
-5.27623e-14
-5.98305e-14
-5.43812e-14
-4.58955e-14
-4.71327e-14
-4.91506e-14
-4.20384e-14
-3.90953e-14
-3.30225e-14
-3.39498e-14
-3.14266e-14
-3.35563e-14
-3.59501e-14
-3.13196e-14
-3.07864e-14
-2.43616e-14
-2.40895e-14
-2.52232e-14
-2.86497e-14
-2.19115e-14
-1.97918e-14
-1.4039e-14
-1.34797e-14
-2.07647e-14
-2.51301e-14
-2.08546e-14
-2.37917e-14
-1.49604e-14
-6.74006e-15
-1.18365e-14
-1.1085e-14
-1.7702e-14
-1.78644e-14
-1.39908e-14
-9.0151e-15
-1.10355e-14
-1.07979e-14
-6.65068e-15
-1.42348e-15
9.49217e-14
9.08345e-14
9.94161e-14
1.02097e-13
9.97926e-14
1.0319e-13
1.01714e-13
9.3153e-14
8.12531e-14
7.50552e-14
7.6433e-14
7.88409e-14
8.01742e-14
7.77278e-14
7.63486e-14
7.70803e-14
6.39645e-14
5.03528e-14
5.02038e-14
4.65556e-14
4.42362e-14
4.18404e-14
3.74268e-14
2.64394e-14
2.43285e-14
1.8667e-14
1.60023e-14
9.03978e-15
1.14304e-14
6.89507e-15
2.31543e-15
-1.29539e-14
-1.50616e-14
-1.68628e-14
-1.84576e-14
-1.73012e-14
-1.69625e-14
-2.46691e-14
-2.32101e-14
-2.46729e-14
-2.4492e-14
-2.67776e-14
-2.70504e-14
-2.78511e-14
-3.51465e-14
-3.54614e-14
-4.18597e-14
-4.86081e-14
-6.00201e-14
-5.06616e-14
-5.60231e-14
-5.70159e-14
-5.6131e-14
-5.01178e-14
-5.1328e-14
-4.92861e-14
-5.21662e-14
-5.56444e-14
-5.79884e-14
-4.41071e-14
-4.55092e-14
-5.05997e-14
-4.88607e-14
-4.50678e-14
-5.15006e-14
-4.82177e-14
-5.02076e-14
-3.78567e-14
-3.62657e-14
-3.50698e-14
-3.73727e-14
-3.44348e-14
-3.44879e-14
-2.8054e-14
-3.05135e-14
-2.88907e-14
-2.31298e-14
-2.75216e-14
-2.91266e-14
-2.70171e-14
-2.20029e-14
-1.81594e-14
-1.80452e-14
-2.21207e-14
-1.3655e-14
-1.87006e-14
-1.83708e-14
-1.69256e-14
-1.50308e-14
-1.13256e-14
-1.11125e-14
-1.14004e-14
-1.71429e-14
-1.33107e-14
-1.51894e-14
-1.05206e-14
-8.86072e-15
-1.07704e-14
-4.44228e-15
-2.42076e-15
9.82573e-14
9.28817e-14
9.58713e-14
1.00428e-13
1.01992e-13
1.0365e-13
1.01507e-13
9.82675e-14
8.25848e-14
7.74837e-14
7.39107e-14
7.90831e-14
7.71938e-14
7.62844e-14
7.01068e-14
7.03324e-14
6.31469e-14
4.98978e-14
6.43578e-14
5.736e-14
4.14283e-14
3.68169e-14
3.50416e-14
2.79378e-14
2.37741e-14
2.07795e-14
1.47069e-14
1.4081e-14
1.24289e-14
-1.9303e-15
-1.04726e-14
-7.39221e-15
-5.6827e-16
-1.15246e-14
-1.73232e-14
-2.33363e-14
-2.24112e-14
-2.51969e-14
-3.09929e-14
-2.42201e-14
-2.5349e-14
-2.5874e-14
-3.28833e-14
-2.68872e-14
-2.64967e-14
-3.10196e-14
-4.40486e-14
-5.20343e-14
-5.39207e-14
-5.26698e-14
-5.48653e-14
-5.62492e-14
-5.44144e-14
-5.24566e-14
-5.01787e-14
-5.18424e-14
-5.1496e-14
-5.23369e-14
-5.3438e-14
-4.58728e-14
-4.49233e-14
-4.87962e-14
-4.56066e-14
-4.61102e-14
-5.20864e-14
-4.74111e-14
-4.70711e-14
-4.26112e-14
-3.53056e-14
-3.27209e-14
-3.48247e-14
-3.05717e-14
-3.60541e-14
-3.67562e-14
-3.34218e-14
-2.61924e-14
-2.18629e-14
-2.18216e-14
-3.08204e-14
-3.02176e-14
-2.94111e-14
-1.58836e-14
-1.47348e-14
-1.56374e-14
-1.15252e-14
-1.85546e-14
-1.88806e-14
-1.60232e-14
-1.68126e-14
-1.44566e-14
-1.16738e-14
-1.24857e-14
-1.83751e-14
-1.39116e-14
-1.51256e-14
-1.21033e-14
-1.22503e-14
-1.08319e-14
-7.23745e-16
-1.06821e-15
9.67709e-14
9.02383e-14
9.5432e-14
1.00872e-13
9.78741e-14
1.05239e-13
9.73367e-14
9.43083e-14
8.37401e-14
8.00162e-14
8.1788e-14
7.98366e-14
7.56261e-14
7.39594e-14
6.55513e-14
6.57068e-14
7.03356e-14
5.14944e-14
5.18265e-14
4.87322e-14
4.08276e-14
4.19532e-14
3.65365e-14
2.60671e-14
2.25199e-14
2.67257e-14
1.73681e-14
1.00018e-14
5.97118e-15
3.65324e-15
1.39745e-15
-1.02248e-15
-4.33424e-15
-1.40307e-14
-1.9223e-14
-2.15514e-14
-2.05526e-14
-2.36062e-14
-2.86594e-14
-2.61271e-14
-2.45203e-14
-2.77441e-14
-3.20935e-14
-3.42722e-14
-3.14406e-14
-3.36718e-14
-4.21621e-14
-5.03113e-14
-5.30822e-14
-4.95132e-14
-5.24255e-14
-5.47768e-14
-5.50679e-14
-5.23254e-14
-5.00549e-14
-4.68443e-14
-4.52371e-14
-4.82855e-14
-4.99087e-14
-4.64271e-14
-4.86067e-14
-5.27534e-14
-5.04212e-14
-4.15946e-14
-4.3812e-14
-4.48725e-14
-4.40644e-14
-4.08537e-14
-3.13531e-14
-3.33639e-14
-3.63549e-14
-3.77819e-14
-3.68628e-14
-3.72205e-14
-2.77374e-14
-2.15275e-14
-2.3317e-14
-2.60153e-14
-3.33127e-14
-2.96731e-14
-2.67914e-14
-1.90373e-14
-2.11176e-14
-1.52993e-14
-1.25854e-14
-1.62281e-14
-1.6763e-14
-1.71312e-14
-1.94253e-14
-1.15756e-14
-1.09606e-14
-1.79777e-14
-2.03011e-14
-1.78669e-14
-1.57949e-14
-1.45504e-14
-6.40397e-15
-8.90136e-15
-3.86011e-15
-1.05784e-15
9.49626e-14
8.61092e-14
9.66213e-14
1.02213e-13
1.00744e-13
1.04658e-13
9.98147e-14
9.48588e-14
8.76283e-14
8.30967e-14
7.7387e-14
8.03945e-14
7.60816e-14
6.96903e-14
6.57605e-14
6.3338e-14
5.87761e-14
5.55589e-14
5.34329e-14
4.87259e-14
4.68567e-14
4.72248e-14
3.56126e-14
2.82717e-14
1.84924e-14
1.95512e-14
1.86407e-14
1.42308e-14
9.39475e-15
2.40572e-15
1.25923e-15
-3.58501e-15
-1.09194e-14
-1.41946e-14
-1.91711e-14
-1.62191e-14
-2.07276e-14
-2.29468e-14
-2.80838e-14
-2.77986e-14
-2.21957e-14
-2.66875e-14
-3.51926e-14
-3.62029e-14
-3.93642e-14
-3.4733e-14
-4.01911e-14
-4.96836e-14
-5.03382e-14
-5.32197e-14
-5.00015e-14
-5.63749e-14
-5.52938e-14
-5.17034e-14
-4.66091e-14
-4.25476e-14
-4.44209e-14
-4.96904e-14
-4.79226e-14
-4.76252e-14
-4.76347e-14
-5.09656e-14
-4.57955e-14
-4.01027e-14
-3.95643e-14
-4.62215e-14
-4.99396e-14
-3.8087e-14
-3.28979e-14
-3.45338e-14
-3.42012e-14
-3.7492e-14
-3.86635e-14
-3.96592e-14
-3.12487e-14
-2.76165e-14
-2.57554e-14
-2.73555e-14
-3.1018e-14
-2.60231e-14
-2.68081e-14
-1.81893e-14
-1.97429e-14
-2.09452e-14
-1.50585e-14
-1.85263e-14
-1.74227e-14
-1.95753e-14
-1.74162e-14
-1.44362e-14
-1.34213e-14
-1.70285e-14
-2.36438e-14
-2.00332e-14
-1.3925e-14
-1.24809e-14
-1.11974e-14
-6.54899e-15
-2.6807e-15
-6.69071e-16
9.40937e-14
8.7181e-14
9.26061e-14
1.05656e-13
1.04458e-13
1.04743e-13
9.94233e-14
9.48873e-14
8.81818e-14
8.92078e-14
7.80917e-14
6.75916e-14
7.1435e-14
6.65476e-14
7.00625e-14
6.09718e-14
6.2659e-14
5.49905e-14
4.80505e-14
3.94733e-14
4.14039e-14
4.26744e-14
3.69577e-14
2.81465e-14
1.96447e-14
2.62039e-14
2.40661e-14
1.74096e-14
7.63249e-15
-1.66756e-15
-1.84634e-15
-8.90703e-15
-1.28603e-14
-1.66872e-14
-1.68788e-14
-1.62412e-14
-1.85088e-14
-2.08529e-14
-2.55132e-14
-2.83755e-14
-2.63131e-14
-3.14229e-14
-4.05089e-14
-4.0027e-14
-3.54567e-14
-4.04487e-14
-4.99951e-14
-4.80435e-14
-4.73818e-14
-5.59886e-14
-5.34008e-14
-5.38569e-14
-4.75991e-14
-5.02088e-14
-4.3768e-14
-3.8267e-14
-4.60264e-14
-5.12731e-14
-5.00904e-14
-4.99978e-14
-4.71755e-14
-4.35459e-14
-4.04676e-14
-3.61916e-14
-3.61784e-14
-4.75191e-14
-5.28413e-14
-4.69035e-14
-3.63442e-14
-3.51202e-14
-3.11166e-14
-3.70907e-14
-3.98715e-14
-3.97713e-14
-2.57425e-14
-3.16172e-14
-2.69714e-14
-2.23355e-14
-3.19092e-14
-3.18669e-14
-3.27261e-14
-2.31423e-14
-1.73901e-14
-1.65937e-14
-1.86502e-14
-2.33241e-14
-2.17734e-14
-1.35996e-14
-1.19122e-14
-1.63803e-14
-1.68244e-14
-1.87585e-14
-2.35242e-14
-2.02294e-14
-1.72003e-14
-1.41591e-14
-1.64767e-14
-8.86631e-15
-7.88127e-15
-3.7803e-15
9.31095e-14
9.02462e-14
9.32146e-14
1.03393e-13
1.0456e-13
1.01957e-13
9.52175e-14
9.53184e-14
8.73693e-14
8.04481e-14
7.63019e-14
7.76427e-14
6.84412e-14
6.30515e-14
6.33833e-14
6.1117e-14
5.09512e-14
5.24253e-14
5.43753e-14
4.66745e-14
4.07291e-14
4.32832e-14
3.38203e-14
3.07432e-14
2.58171e-14
2.20064e-14
1.78657e-14
1.35648e-14
3.12586e-15
-1.48618e-15
1.1477e-15
-3.73514e-15
-1.52052e-14
-1.77365e-14
-2.17543e-14
-2.05258e-14
-1.75596e-14
-1.40136e-14
-2.44877e-14
-3.03658e-14
-2.36347e-14
-3.26498e-14
-4.31567e-14
-4.62013e-14
-4.01888e-14
-3.89472e-14
-4.32362e-14
-4.89576e-14
-4.78957e-14
-4.87009e-14
-5.67009e-14
-5.35113e-14
-4.85073e-14
-4.65365e-14
-4.57424e-14
-4.42011e-14
-4.65798e-14
-4.58273e-14
-4.40237e-14
-4.51343e-14
-4.38324e-14
-4.05807e-14
-4.62653e-14
-4.50201e-14
-4.2853e-14
-4.53892e-14
-4.34238e-14
-4.32261e-14
-3.83451e-14
-3.74046e-14
-3.78955e-14
-4.36566e-14
-4.07334e-14
-4.16872e-14
-3.31512e-14
-2.81475e-14
-2.59175e-14
-2.63862e-14
-2.87922e-14
-2.83868e-14
-3.28803e-14
-2.13118e-14
-2.23715e-14
-2.09068e-14
-2.00343e-14
-1.66039e-14
-1.8416e-14
-1.9006e-14
-1.4201e-14
-1.96142e-14
-2.0177e-14
-1.9087e-14
-2.03448e-14
-2.05729e-14
-1.76147e-14
-1.90117e-14
-1.84367e-14
-7.67272e-15
-7.19561e-15
-4.88218e-15
9.36811e-14
9.24602e-14
9.13491e-14
1.05478e-13
1.03878e-13
1.00761e-13
9.65169e-14
9.26148e-14
8.65737e-14
7.86589e-14
7.06415e-14
7.1057e-14
6.86654e-14
6.97404e-14
6.4495e-14
5.71322e-14
5.39676e-14
5.75032e-14
5.27817e-14
3.94977e-14
3.79195e-14
3.72806e-14
3.27717e-14
3.04544e-14
2.63962e-14
2.15946e-14
1.51325e-14
1.43693e-14
7.65123e-15
-2.671e-15
-5.43948e-15
-7.38001e-15
-1.37915e-14
-1.59715e-14
-1.39265e-14
-1.37489e-14
-1.55648e-14
-1.84009e-14
-2.252e-14
-3.03066e-14
-3.10412e-14
-3.25069e-14
-4.48548e-14
-4.53875e-14
-3.94609e-14
-3.97638e-14
-4.29161e-14
-4.6906e-14
-4.78928e-14
-5.41353e-14
-5.59096e-14
-5.0641e-14
-4.7919e-14
-4.22526e-14
-4.29873e-14
-4.19266e-14
-4.5387e-14
-4.69099e-14
-4.17966e-14
-4.58151e-14
-3.93123e-14
-3.98062e-14
-4.2734e-14
-4.62517e-14
-4.35658e-14
-4.78942e-14
-4.42302e-14
-3.98437e-14
-3.96942e-14
-4.22976e-14
-3.94664e-14
-4.36441e-14
-4.23265e-14
-4.15792e-14
-3.06266e-14
-2.71238e-14
-2.61971e-14
-3.02713e-14
-2.83951e-14
-3.10262e-14
-2.96788e-14
-2.09013e-14
-2.18135e-14
-2.03969e-14
-2.16483e-14
-1.65807e-14
-1.98299e-14
-2.1344e-14
-1.81838e-14
-1.82453e-14
-1.58828e-14
-1.9456e-14
-2.4652e-14
-2.5244e-14
-1.92084e-14
-1.64018e-14
-1.49524e-14
-9.67884e-15
-1.08796e-14
-2.26794e-15
9.49161e-14
9.00651e-14
9.49848e-14
1.06628e-13
1.06223e-13
1.03068e-13
9.70917e-14
9.21782e-14
8.64572e-14
8.05207e-14
7.09392e-14
7.60846e-14
6.92641e-14
6.35508e-14
6.05662e-14
5.74034e-14
5.47423e-14
5.35138e-14
5.1995e-14
4.19334e-14
3.63763e-14
3.5053e-14
2.96101e-14
3.24961e-14
3.20701e-14
2.08735e-14
1.54312e-14
1.05415e-14
5.66067e-15
4.18648e-15
1.21866e-15
-1.06995e-14
-2.16688e-14
-1.88546e-14
-1.42845e-14
-1.03766e-14
-1.4408e-14
-1.63e-14
-2.13945e-14
-2.44077e-14
-3.06873e-14
-3.63122e-14
-4.89749e-14
-4.79934e-14
-3.76551e-14
-3.81531e-14
-4.27603e-14
-4.70795e-14
-5.17196e-14
-5.6349e-14
-5.08965e-14
-5.03487e-14
-4.92601e-14
-4.35637e-14
-4.02921e-14
-4.62119e-14
-4.5881e-14
-4.64637e-14
-3.9133e-14
-4.10522e-14
-4.12507e-14
-4.50339e-14
-4.43095e-14
-4.64988e-14
-4.2057e-14
-4.9001e-14
-4.38157e-14
-3.78637e-14
-4.24261e-14
-4.49527e-14
-4.53017e-14
-4.93547e-14
-4.27051e-14
-3.67555e-14
-2.89728e-14
-2.52198e-14
-2.50332e-14
-2.97823e-14
-3.36271e-14
-3.29721e-14
-2.88277e-14
-1.60211e-14
-2.25409e-14
-2.3318e-14
-1.53213e-14
-1.68875e-14
-1.19331e-14
-2.07265e-14
-2.12897e-14
-2.05089e-14
-1.68265e-14
-2.19776e-14
-2.47041e-14
-2.04387e-14
-2.14625e-14
-1.95671e-14
-2.35257e-14
-1.4988e-14
-2.09332e-15
-1.29737e-15
)
;

boundaryField
{
    inlet
    {
        type            zeroGradient;
    }
    outlet
    {
        type            fixedValue;
        value           uniform 0;
    }
    down
    {
        type            empty;
    }
    up
    {
        type            empty;
    }
    sides
    {
        type            zeroGradient;
    }
}

