/*--------------------------------*- C++ -*----------------------------------*\
| =========                 |                                                 |
| \\      /  F ield         | OpenFOAM: The Open Source CFD Toolbox           |
|  \\    /   O peration     | Version:  v2012                                 |
|   \\  /    A nd           | Website:  www.openfoam.com                      |
|    \\/     M anipulation  |                                                 |
\*---------------------------------------------------------------------------*/
FoamFile
{
    version     2.0;
    format      ascii;
    class       volVectorField;
    location    "70";
    object      Usup;
}
// * * * * * * * * * * * * * * * * * * * * * * * * * * * * * * * * * * * * * //

dimensions      [0 1 -1 0 0 0 0];


internalField   nonuniform List<vector> 
4000
(
(0.00904621 0.00129844 0)
(0.0102947 -0.0107692 0)
(0.0040059 -0.0127728 0)
(0.00862517 -0.0142615 0)
(0.0161453 -0.00865984 0)
(0.0232205 -0.00397833 0)
(0.0228784 -0.0136006 0)
(0.0222277 -0.0198663 0)
(0.0127588 -0.0290785 0)
(-0.0107386 -0.0229861 0)
(-0.0246425 -0.0035805 0)
(-0.0183254 0.00698289 0)
(0.000297737 -0.00237874 0)
(-0.0107372 -0.0101663 0)
(-0.0438333 0.00386192 0)
(-0.038444 0.0220761 0)
(-0.0169016 0.0161549 0)
(-0.00230532 0.0156447 0)
(0.00742372 0.0216586 0)
(0.0107106 0.0284997 0)
(0.0110307 0.0165025 0)
(0.00937556 -0.000268633 0)
(-0.00222833 -0.00873985 0)
(-0.0218876 -0.0121514 0)
(-0.0198427 -0.000936297 0)
(-0.000377452 0.0106891 0)
(0.017256 0.0146196 0)
(0.03624 0.0194671 0)
(0.0457706 0.0142952 0)
(0.033188 0.00530052 0)
(0.0116065 -0.00679858 0)
(0.00118749 -0.00243697 0)
(0.0102552 -0.00294433 0)
(0.00841853 -0.0108025 0)
(-0.00304669 -0.00691742 0)
(-0.00642443 -0.00404208 0)
(-0.0194986 -0.0145222 0)
(-0.0341161 -0.0165415 0)
(-0.0307552 -0.0168858 0)
(-0.022533 -0.0121689 0)
(-0.0205249 -0.00856196 0)
(-0.0113653 -0.000869794 0)
(0.0081186 -0.0041188 0)
(0.0117633 -0.0125457 0)
(0.00978835 -0.0180802 0)
(0.0198546 -0.0159901 0)
(0.0270198 -0.00634322 0)
(0.021827 0.00286369 0)
(0.00940126 0.0055589 0)
(0.00426815 0.000572975 0)
(0.00498807 0.00220972 0)
(0.00355655 -0.00624117 0)
(0.00179499 -0.00606321 0)
(-0.00567035 -0.00403245 0)
(-0.0189548 -0.00132097 0)
(-0.0257981 -0.00836711 0)
(-0.02482 -0.00934001 0)
(-0.015402 -0.00324526 0)
(-0.0101516 -0.00751854 0)
(-0.0125167 0.00121292 0)
(-0.00889341 0.00832875 0)
(-0.00617232 0.00151727 0)
(-0.00774937 0.001636 0)
(-0.00322251 0.00302244 0)
(0.0132998 0.0126764 0)
(0.0277053 0.0119489 0)
(0.0335105 0.00312773 0)
(0.0293612 -0.00750228 0)
(0.0168141 -0.0108764 0)
(0.00573514 -0.0125085 0)
(-0.000668856 -0.0052661 0)
(-0.00401415 -0.0048823 0)
(0.00298541 0.000777105 0)
(0.0184396 -0.00484828 0)
(0.0115905 -0.021165 0)
(-0.00704635 -0.0244211 0)
(-0.0169068 -0.0160183 0)
(-0.0253432 -0.00694463 0)
(-0.0278274 0.00447348 0)
(-0.0132286 0.00956868 0)
(-0.00210188 0.00556446 0)
(-0.00798288 -0.00111336 0)
(-0.014999 0.00407743 0)
(-0.0215055 0.00973236 0)
(-0.0143291 0.00993454 0)
(0.00639159 0.00614028 0)
(0.01674 -0.00331954 0)
(0.00750324 -0.00915962 0)
(0.00277093 -0.000464827 0)
(0.0174017 -0.000519104 0)
(0.0325837 -0.00946023 0)
(0.0418744 -0.0106175 0)
(0.0402196 -0.0130907 0)
(0.0294062 -0.0102136 0)
(0.0225502 -0.00765665 0)
(0.0197338 -0.00738765 0)
(0.00792599 -0.0152194 0)
(-0.00930158 -0.0183786 0)
(-0.0220357 -0.0084778 0)
(-0.0132 -0.00382691 0)
(0.00915475 -0.000810326 0)
(0.0150918 -0.020775 0)
(0.0152866 -0.0305576 0)
(0.0308588 -0.0371 0)
(0.0514848 -0.0347089 0)
(0.0544893 -0.0343812 0)
(0.0459393 -0.049589 0)
(0.0406943 -0.0515178 0)
(0.0249973 -0.0663117 0)
(-0.0035283 -0.0640929 0)
(-0.0310492 -0.0276877 0)
(-0.0436474 0.0031075 0)
(-0.027861 0.00183613 0)
(-0.0340749 -0.00703396 0)
(-0.0748394 0.0224524 0)
(-0.0809551 0.0463936 0)
(-0.0511621 0.0436827 0)
(-0.00754874 0.0520129 0)
(0.0220727 0.063917 0)
(0.0189038 0.0720305 0)
(0.00302627 0.0475904 0)
(-0.000148058 0.0158089 0)
(-0.0154384 -0.0121638 0)
(-0.0374207 -0.0183945 0)
(-0.0210728 -0.00303062 0)
(0.0148887 0.0252101 0)
(0.0521634 0.0366552 0)
(0.0874991 0.0435202 0)
(0.0968118 0.0252935 0)
(0.0667262 0.00298829 0)
(0.0323412 -0.00900084 0)
(0.0168424 -0.00970374 0)
(0.0182334 -0.00729753 0)
(0.0144224 -0.0187177 0)
(-0.0023999 -0.0211771 0)
(-0.0268645 -0.0214162 0)
(-0.0601489 -0.0398147 0)
(-0.082467 -0.0382004 0)
(-0.0734294 -0.0346301 0)
(-0.0539498 -0.0270258 0)
(-0.042141 -0.0268741 0)
(-0.0234627 -0.0227758 0)
(0.00541887 -0.0281259 0)
(0.0171108 -0.0402612 0)
(0.0270552 -0.0402152 0)
(0.0588659 -0.0291119 0)
(0.0779816 -0.0143354 0)
(0.0623275 -0.0014287 0)
(0.0267634 0.00143915 0)
(0.0128239 0.00225844 0)
(0.00806059 0.00523967 0)
(0.00171199 -0.0154805 0)
(0.00200977 -0.0269227 0)
(-0.0148313 -0.0202101 0)
(-0.0500769 -0.0094473 0)
(-0.068644 -0.0139833 0)
(-0.0575698 -0.0138842 0)
(-0.0418797 -0.00673598 0)
(-0.0281181 -0.0176968 0)
(-0.0207622 -0.00609518 0)
(-0.0239192 0.0151277 0)
(-0.0218181 0.0150527 0)
(-0.0143208 0.0201803 0)
(0.00690191 0.0192092 0)
(0.0415658 0.0282782 0)
(0.0602978 0.0215319 0)
(0.0666922 0.00683608 0)
(0.0620183 -0.021472 0)
(0.0419845 -0.0269255 0)
(0.0243775 -0.0256839 0)
(0.00991569 -0.0109837 0)
(0.0017069 -0.00966047 0)
(0.0106231 -0.00384751 0)
(0.0204865 -0.0249566 0)
(0.00742698 -0.059596 0)
(-0.0130618 -0.0645331 0)
(-0.0291448 -0.0457917 0)
(-0.0461607 -0.0213499 0)
(-0.0532049 0.0092918 0)
(-0.0370278 0.0223662 0)
(-0.0238621 0.0110458 0)
(-0.0260544 0.000263092 0)
(-0.0302852 0.00986761 0)
(-0.0437962 0.0244501 0)
(-0.0332631 0.0278487 0)
(0.00199897 0.01869 0)
(0.0238904 -0.00303955 0)
(0.0253479 -0.0167145 0)
(0.0254683 -0.00714139 0)
(0.0432409 -0.0129744 0)
(0.0758882 -0.0254364 0)
(0.101129 -0.0220042 0)
(0.101054 -0.0352532 0)
(0.0823727 -0.0356285 0)
(0.0623305 -0.033993 0)
(0.0416039 -0.034333 0)
(0.00958856 -0.0397211 0)
(-0.0160843 -0.0414994 0)
(-0.0369963 -0.0251709 0)
(-0.0229106 -0.00820675 0)
(0.0106312 -0.00541106 0)
(0.0183258 -0.0244223 0)
(0.0219365 -0.0458465 0)
(0.0442149 -0.0624579 0)
(0.0699691 -0.0764057 0)
(0.0744795 -0.073794 0)
(0.0713104 -0.0882989 0)
(0.06065 -0.0774627 0)
(0.0274061 -0.0911527 0)
(-0.000433303 -0.0931544 0)
(-0.0216241 -0.057512 0)
(-0.0431361 -0.012628 0)
(-0.0419501 0.00409466 0)
(-0.0500936 -0.00112055 0)
(-0.0972179 0.0278279 0)
(-0.110791 0.0542418 0)
(-0.0666016 0.0690847 0)
(-0.00757776 0.0937299 0)
(0.0270465 0.105402 0)
(0.0162772 0.0941416 0)
(-0.0100725 0.0744469 0)
(-0.0211222 0.0454861 0)
(-0.0345632 0.0141855 0)
(-0.0460482 -0.00187921 0)
(-0.0122295 0.000633767 0)
(0.0395417 0.0269475 0)
(0.0824195 0.0468292 0)
(0.116971 0.0528863 0)
(0.120893 0.0294147 0)
(0.0942622 0.000866215 0)
(0.0534549 -0.0150854 0)
(0.0304645 -0.0188476 0)
(0.0290248 -0.00839992 0)
(0.0125002 -0.0199359 0)
(-0.0133843 -0.0256893 0)
(-0.0485345 -0.0410704 0)
(-0.0880107 -0.0496019 0)
(-0.110495 -0.0457289 0)
(-0.102822 -0.0410489 0)
(-0.0839773 -0.0379808 0)
(-0.0698798 -0.0527257 0)
(-0.0392663 -0.0575968 0)
(0.00290967 -0.0588 0)
(0.0291822 -0.0641307 0)
(0.0543494 -0.0397275 0)
(0.0924066 -0.0201041 0)
(0.111155 -0.021093 0)
(0.0889929 -0.0249304 0)
(0.0479215 -0.0218636 0)
(0.0288275 -0.00621247 0)
(0.00670802 0.00448145 0)
(-0.0135157 -0.0148477 0)
(-0.00647851 -0.0370094 0)
(-0.0172359 -0.042415 0)
(-0.0636629 -0.0269697 0)
(-0.0934218 -0.0095359 0)
(-0.0838682 -0.0072022 0)
(-0.0697033 -0.0142838 0)
(-0.0502866 -0.0195965 0)
(-0.0248274 -0.0110273 0)
(-0.0212393 0.0108001 0)
(-0.0214876 0.0276786 0)
(-0.0158186 0.0405868 0)
(0.00978315 0.0430048 0)
(0.05448 0.0381914 0)
(0.0807976 0.0198573 0)
(0.0840247 0.00566092 0)
(0.0798526 -0.0190477 0)
(0.0667683 -0.0287706 0)
(0.046946 -0.0310026 0)
(0.0242244 -0.0237552 0)
(0.00766879 -0.0171586 0)
(0.00631695 -0.0104196 0)
(0.00512525 -0.0388611 0)
(-0.00347691 -0.0803181 0)
(-0.0147648 -0.0898569 0)
(-0.0290336 -0.0735798 0)
(-0.0467616 -0.0424763 0)
(-0.0604549 -0.00359342 0)
(-0.0580831 0.017629 0)
(-0.0484229 0.0147296 0)
(-0.0420811 0.00906927 0)
(-0.0385915 0.0167738 0)
(-0.0524391 0.0341028 0)
(-0.044915 0.0445937 0)
(-0.00839438 0.0351882 0)
(0.0209189 0.00541144 0)
(0.0349599 -0.01227 0)
(0.0406268 -0.021104 0)
(0.0653362 -0.0222954 0)
(0.116796 -0.0294607 0)
(0.143482 -0.034471 0)
(0.136879 -0.0537037 0)
(0.118273 -0.0626471 0)
(0.0909718 -0.0678826 0)
(0.0623578 -0.0698718 0)
(0.0180911 -0.0614723 0)
(-0.0193072 -0.0550876 0)
(-0.0417218 -0.0391627 0)
(-0.0252999 -0.00748048 0)
(0.0101996 -0.0116994 0)
(0.0161476 -0.0350615 0)
(0.020634 -0.0620737 0)
(0.0467922 -0.0835701 0)
(0.088245 -0.113389 0)
(0.0950399 -0.1182 0)
(0.0897479 -0.120477 0)
(0.0746529 -0.115577 0)
(0.0293902 -0.118019 0)
(0.0106276 -0.10295 0)
(-0.00213544 -0.0738883 0)
(-0.0349452 -0.0297136 0)
(-0.0570285 -0.00746291 0)
(-0.0662961 -0.00402355 0)
(-0.100273 0.024363 0)
(-0.114007 0.0687607 0)
(-0.0662229 0.094594 0)
(-0.00258863 0.119929 0)
(0.0188284 0.129187 0)
(0.00327963 0.112667 0)
(-0.0223807 0.0994959 0)
(-0.0379007 0.0725783 0)
(-0.0540581 0.0452237 0)
(-0.0603843 0.0290385 0)
(-0.00662392 0.0234227 0)
(0.0641277 0.0313402 0)
(0.113595 0.047078 0)
(0.140526 0.0553793 0)
(0.134042 0.0397884 0)
(0.100059 0.00409457 0)
(0.0640964 -0.027786 0)
(0.0515011 -0.02869 0)
(0.0381635 -0.018177 0)
(0.0107443 -0.0257214 0)
(-0.0256406 -0.0289537 0)
(-0.0694042 -0.0408264 0)
(-0.107495 -0.0476472 0)
(-0.134665 -0.0506669 0)
(-0.128063 -0.0548839 0)
(-0.115067 -0.0587781 0)
(-0.0964196 -0.0696092 0)
(-0.0487439 -0.0810363 0)
(0.00240799 -0.079758 0)
(0.0492505 -0.0717673 0)
(0.0889228 -0.038776 0)
(0.113241 -0.0209809 0)
(0.120828 -0.0258937 0)
(0.103719 -0.0347396 0)
(0.0711926 -0.0323712 0)
(0.0523482 -0.0167665 0)
(0.0138049 -0.00280303 0)
(-0.0252868 -0.0157262 0)
(-0.0255887 -0.0365807 0)
(-0.0294659 -0.0572733 0)
(-0.0639421 -0.0451785 0)
(-0.102443 -0.0136528 0)
(-0.110646 0.00182594 0)
(-0.0943092 -0.0100832 0)
(-0.0617642 -0.0060719 0)
(-0.0287628 0.00346323 0)
(-0.0183999 0.0154787 0)
(-0.0144039 0.0354235 0)
(-0.00769471 0.0453668 0)
(0.0159651 0.053088 0)
(0.0568135 0.0439696 0)
(0.0877666 0.0234826 0)
(0.0986996 0.00126507 0)
(0.093993 -0.00560275 0)
(0.077504 -0.0178103 0)
(0.0571574 -0.0338736 0)
(0.0374193 -0.0319689 0)
(0.02311 -0.0274559 0)
(0.00754737 -0.0236098 0)
(-0.0161686 -0.0499398 0)
(-0.025554 -0.0823783 0)
(-0.0231483 -0.0993589 0)
(-0.0274814 -0.0951033 0)
(-0.040194 -0.0701216 0)
(-0.0570008 -0.027935 0)
(-0.0634138 0.000495314 0)
(-0.061791 0.0089616 0)
(-0.0553856 0.019089 0)
(-0.0442824 0.0317956 0)
(-0.0531765 0.0419727 0)
(-0.0491271 0.0547475 0)
(-0.0226186 0.0497012 0)
(0.00944035 0.0241644 0)
(0.0336763 -0.00338258 0)
(0.0547141 -0.0215932 0)
(0.0908871 -0.0239989 0)
(0.138953 -0.031858 0)
(0.166158 -0.0572944 0)
(0.161681 -0.0739049 0)
(0.14098 -0.0900977 0)
(0.10924 -0.0964881 0)
(0.0789111 -0.100543 0)
(0.0282926 -0.0926184 0)
(-0.0176003 -0.0685251 0)
(-0.0373436 -0.0459914 0)
(-0.0257573 -0.010803 0)
(0.0106554 -0.0130067 0)
(0.0158106 -0.044057 0)
(0.021577 -0.0752635 0)
(0.0437791 -0.100704 0)
(0.0842174 -0.143905 0)
(0.109435 -0.176409 0)
(0.109357 -0.165518 0)
(0.0890813 -0.16103 0)
(0.0481079 -0.132755 0)
(0.0252739 -0.0934548 0)
(0.0107681 -0.0711524 0)
(-0.0238207 -0.0441233 0)
(-0.0575782 -0.0228336 0)
(-0.0691329 -0.00452367 0)
(-0.0937102 0.0218077 0)
(-0.106916 0.0655904 0)
(-0.0649982 0.106224 0)
(-0.00323804 0.131144 0)
(0.0137645 0.139638 0)
(-0.00482864 0.135564 0)
(-0.0352453 0.115371 0)
(-0.057825 0.0965603 0)
(-0.067601 0.0655675 0)
(-0.0655651 0.0612233 0)
(-0.00811399 0.0645257 0)
(0.0739935 0.061876 0)
(0.135059 0.0719697 0)
(0.161657 0.0636681 0)
(0.139524 0.0389398 0)
(0.0959939 -0.00439726 0)
(0.06888 -0.0427009 0)
(0.0649315 -0.0348243 0)
(0.0487136 -0.0234932 0)
(0.0110753 -0.0276318 0)
(-0.0312647 -0.0401105 0)
(-0.0828722 -0.0457279 0)
(-0.129303 -0.05083 0)
(-0.159486 -0.0468824 0)
(-0.154387 -0.0546163 0)
(-0.135366 -0.0714346 0)
(-0.116925 -0.0797925 0)
(-0.063315 -0.0952884 0)
(0.00905433 -0.0960507 0)
(0.0719037 -0.0756641 0)
(0.11442 -0.0529799 0)
(0.132643 -0.0276899 0)
(0.135531 -0.0174432 0)
(0.116279 -0.0281315 0)
(0.0862298 -0.0310486 0)
(0.0677743 -0.0227366 0)
(0.0171725 -0.0168676 0)
(-0.0367012 -0.0213733 0)
(-0.0448159 -0.0383181 0)
(-0.0424628 -0.0580548 0)
(-0.0614926 -0.0491151 0)
(-0.0960626 -0.0157923 0)
(-0.120113 0.0110272 0)
(-0.111198 0.0131539 0)
(-0.0709528 0.0203838 0)
(-0.034177 0.0264847 0)
(-0.0162988 0.027898 0)
(-0.0102183 0.0435962 0)
(-0.00404035 0.0427342 0)
(0.0201131 0.0493206 0)
(0.0590213 0.0424007 0)
(0.0886552 0.0335832 0)
(0.108506 0.0124317 0)
(0.110308 0.00564606 0)
(0.0827493 -0.00536473 0)
(0.0633567 -0.0242522 0)
(0.0472056 -0.0285636 0)
(0.0267754 -0.034677 0)
(0.00065134 -0.0514071 0)
(-0.0297573 -0.0758874 0)
(-0.0397776 -0.0952077 0)
(-0.0371116 -0.102686 0)
(-0.033158 -0.109492 0)
(-0.0317569 -0.0918092 0)
(-0.0454937 -0.0463249 0)
(-0.0645823 -0.0148813 0)
(-0.0639448 0.00140193 0)
(-0.0524514 0.0229634 0)
(-0.0474384 0.0451074 0)
(-0.0568187 0.0485016 0)
(-0.0503629 0.061703 0)
(-0.0279373 0.0599032 0)
(-0.00263934 0.0476413 0)
(0.0257252 0.00976228 0)
(0.0590626 -0.0121327 0)
(0.103412 -0.0243263 0)
(0.149491 -0.0384358 0)
(0.176123 -0.0745231 0)
(0.174611 -0.0954225 0)
(0.154225 -0.117803 0)
(0.121786 -0.128363 0)
(0.0863289 -0.128611 0)
(0.0424022 -0.121295 0)
(-0.00465767 -0.0791576 0)
(-0.0342747 -0.0515722 0)
(-0.0252292 -0.0186563 0)
(0.00668239 -0.0158645 0)
(0.00827075 -0.0524115 0)
(0.0156321 -0.0888073 0)
(0.0322755 -0.128656 0)
(0.0679652 -0.165258 0)
(0.112622 -0.196776 0)
(0.129729 -0.20083 0)
(0.119021 -0.189433 0)
(0.0875734 -0.152382 0)
(0.0511558 -0.110938 0)
(0.0179226 -0.0774982 0)
(-0.0235406 -0.0496282 0)
(-0.0577359 -0.0282375 0)
(-0.0688751 -0.010511 0)
(-0.0879073 0.0116224 0)
(-0.0892193 0.0566454 0)
(-0.0476891 0.108274 0)
(0.00248557 0.132601 0)
(0.0121628 0.140435 0)
(-0.0175017 0.151512 0)
(-0.0502948 0.141616 0)
(-0.0729864 0.114333 0)
(-0.0792535 0.0807344 0)
(-0.0596564 0.0796884 0)
(0.00072753 0.0967048 0)
(0.0866728 0.10284 0)
(0.144004 0.108636 0)
(0.155245 0.0726202 0)
(0.127253 0.0297835 0)
(0.0805748 -0.0155921 0)
(0.0746622 -0.0531762 0)
(0.0894714 -0.037339 0)
(0.0583297 -0.0269539 0)
(0.00370944 -0.028951 0)
(-0.0445032 -0.0417147 0)
(-0.0937106 -0.0528907 0)
(-0.134625 -0.0470983 0)
(-0.170461 -0.0417265 0)
(-0.180761 -0.0526455 0)
(-0.164793 -0.0758324 0)
(-0.137743 -0.0878871 0)
(-0.0740475 -0.0981351 0)
(0.0151339 -0.0953491 0)
(0.08966 -0.0774293 0)
(0.14129 -0.059681 0)
(0.162551 -0.0298674 0)
(0.146424 -0.0215032 0)
(0.118289 -0.0266188 0)
(0.0951766 -0.0288047 0)
(0.0768217 -0.0225931 0)
(0.0224003 -0.0174753 0)
(-0.0405205 -0.0143581 0)
(-0.0599068 -0.033845 0)
(-0.0532683 -0.0483175 0)
(-0.0566387 -0.0379009 0)
(-0.0873439 -0.0196352 0)
(-0.120144 0.00242282 0)
(-0.11651 0.0210785 0)
(-0.0773816 0.0340427 0)
(-0.0439354 0.0441519 0)
(-0.0206603 0.0477617 0)
(-0.0113169 0.0574821 0)
(-0.00292965 0.0446659 0)
(0.0263141 0.0418197 0)
(0.0666718 0.038578 0)
(0.0962788 0.0379939 0)
(0.113597 0.0351304 0)
(0.115993 0.0252849 0)
(0.0859488 0.0103854 0)
(0.0638942 -0.00411444 0)
(0.0471879 -0.0346168 0)
(0.0188961 -0.0570701 0)
(-0.0136685 -0.0759034 0)
(-0.0433496 -0.0915276 0)
(-0.0471461 -0.10694 0)
(-0.0448094 -0.105723 0)
(-0.0396509 -0.116373 0)
(-0.0203674 -0.112271 0)
(-0.0295723 -0.0771381 0)
(-0.0563192 -0.027239 0)
(-0.0594214 0.00514417 0)
(-0.0464429 0.0258241 0)
(-0.0460338 0.0441073 0)
(-0.0567389 0.0490371 0)
(-0.0484809 0.0711171 0)
(-0.0304283 0.0750605 0)
(-0.0149857 0.0619777 0)
(0.0105851 0.026515 0)
(0.0586818 0.00242132 0)
(0.109258 -0.0169487 0)
(0.147173 -0.0410611 0)
(0.172889 -0.0844116 0)
(0.176318 -0.115369 0)
(0.155418 -0.141407 0)
(0.127848 -0.155933 0)
(0.0953809 -0.147587 0)
(0.0583841 -0.141734 0)
(0.00958999 -0.106553 0)
(-0.0321816 -0.070478 0)
(-0.0238989 -0.0224739 0)
(0.00570195 -0.0210382 0)
(0.00383372 -0.0636998 0)
(0.00320619 -0.0946483 0)
(0.0221094 -0.135313 0)
(0.0659131 -0.166606 0)
(0.111621 -0.191751 0)
(0.137923 -0.207324 0)
(0.140467 -0.20842 0)
(0.112198 -0.183837 0)
(0.0765563 -0.14976 0)
(0.04296 -0.0936513 0)
(-0.00751742 -0.0568048 0)
(-0.0540169 -0.0268591 0)
(-0.0691638 -0.0103842 0)
(-0.0757792 0.00774793 0)
(-0.0657392 0.0552086 0)
(-0.0338503 0.107529 0)
(0.00283185 0.137052 0)
(0.0171826 0.139308 0)
(-0.00879689 0.156273 0)
(-0.0637749 0.153796 0)
(-0.101909 0.118561 0)
(-0.0912668 0.0858747 0)
(-0.0498782 0.101142 0)
(0.0176163 0.128774 0)
(0.0988619 0.140593 0)
(0.137192 0.115513 0)
(0.134698 0.0672541 0)
(0.108601 0.0181735 0)
(0.067307 -0.0304082 0)
(0.0800325 -0.0477383 0)
(0.104434 -0.0435536 0)
(0.0675166 -0.0395649 0)
(0.00465042 -0.038022 0)
(-0.0531439 -0.041057 0)
(-0.0996393 -0.046087 0)
(-0.141295 -0.0416546 0)
(-0.188679 -0.0398256 0)
(-0.205896 -0.043402 0)
(-0.185312 -0.0686564 0)
(-0.151845 -0.0964077 0)
(-0.0795732 -0.113535 0)
(0.0221865 -0.101309 0)
(0.104147 -0.075145 0)
(0.162069 -0.0435382 0)
(0.178114 -0.0294481 0)
(0.157475 -0.0212622 0)
(0.129736 -0.00663324 0)
(0.104891 0.00140883 0)
(0.087247 -0.00703693 0)
(0.0290326 -0.0210914 0)
(-0.0488678 -0.0172998 0)
(-0.0763551 -0.0216186 0)
(-0.0586023 -0.0343734 0)
(-0.0594315 -0.0407453 0)
(-0.0894602 -0.039164 0)
(-0.114693 -0.0102832 0)
(-0.111488 0.0223369 0)
(-0.0747793 0.0428921 0)
(-0.0409085 0.0582595 0)
(-0.0182583 0.0640655 0)
(-0.0181717 0.0532219 0)
(-0.0141387 0.046734 0)
(0.0250307 0.0370875 0)
(0.0736801 0.0381807 0)
(0.110238 0.0399144 0)
(0.127002 0.0459076 0)
(0.120123 0.0433224 0)
(0.0862845 0.0199562 0)
(0.0508814 0.00024269 0)
(0.0240511 -0.0432458 0)
(0.00788522 -0.0779024 0)
(-0.0170808 -0.0915437 0)
(-0.04932 -0.103871 0)
(-0.0527571 -0.110906 0)
(-0.0535185 -0.115169 0)
(-0.0540716 -0.124014 0)
(-0.0238974 -0.119084 0)
(-0.00625908 -0.0929871 0)
(-0.0272118 -0.0361049 0)
(-0.0465026 -0.00468174 0)
(-0.0432493 0.0217808 0)
(-0.0468948 0.0384069 0)
(-0.0489998 0.0582898 0)
(-0.0367856 0.0866568 0)
(-0.0323536 0.0852986 0)
(-0.028118 0.0705115 0)
(-0.000625945 0.042913 0)
(0.0512994 0.0204316 0)
(0.101919 -0.0109512 0)
(0.135081 -0.0444239 0)
(0.15826 -0.0871231 0)
(0.166815 -0.126909 0)
(0.151483 -0.157353 0)
(0.133576 -0.169664 0)
(0.0994116 -0.164289 0)
(0.0594041 -0.158619 0)
(0.0178359 -0.139388 0)
(-0.0186957 -0.091927 0)
(-0.0183959 -0.0270281 0)
(0.000254132 -0.0241827 0)
(-0.000238495 -0.0762536 0)
(0.00126424 -0.102304 0)
(0.0122879 -0.125547 0)
(0.0550149 -0.152252 0)
(0.106825 -0.181404 0)
(0.136338 -0.20202 0)
(0.148609 -0.224535 0)
(0.135366 -0.207627 0)
(0.114113 -0.165109 0)
(0.0755821 -0.10167 0)
(0.008913 -0.0601786 0)
(-0.0448031 -0.0273602 0)
(-0.0678047 -0.00378186 0)
(-0.0653721 0.0168702 0)
(-0.0403135 0.0585636 0)
(-0.00829568 0.101708 0)
(0.0102059 0.132719 0)
(0.016013 0.137755 0)
(-0.0125033 0.14202 0)
(-0.0802197 0.131275 0)
(-0.122701 0.118767 0)
(-0.0897826 0.107444 0)
(-0.023143 0.127553 0)
(0.0388551 0.159459 0)
(0.0915674 0.154969 0)
(0.110549 0.109292 0)
(0.10873 0.0609248 0)
(0.0825154 0.00369045 0)
(0.0581018 -0.0509527 0)
(0.0872869 -0.0555849 0)
(0.112431 -0.0596705 0)
(0.0731217 -0.0533146 0)
(0.00655134 -0.0477304 0)
(-0.0535273 -0.039342 0)
(-0.103963 -0.0359259 0)
(-0.145485 -0.0373884 0)
(-0.190909 -0.0333299 0)
(-0.222191 -0.046888 0)
(-0.222309 -0.0813801 0)
(-0.185213 -0.116718 0)
(-0.0863514 -0.119848 0)
(0.0411844 -0.0867857 0)
(0.136212 -0.056059 0)
(0.184194 -0.0220247 0)
(0.191932 -0.0115737 0)
(0.177945 0.00356399 0)
(0.149329 0.0202736 0)
(0.107035 0.0296745 0)
(0.0689322 0.0161767 0)
(0.0191901 -0.0131546 0)
(-0.0414388 -0.0198411 0)
(-0.0781764 -0.017214 0)
(-0.0781744 -0.0321576 0)
(-0.0754531 -0.0586209 0)
(-0.0832994 -0.0565508 0)
(-0.0945005 -0.0240294 0)
(-0.0963705 0.0186261 0)
(-0.0678003 0.0525167 0)
(-0.0418976 0.067056 0)
(-0.0336036 0.0686887 0)
(-0.0281438 0.0433945 0)
(-0.0129932 0.0424138 0)
(0.0281593 0.0396805 0)
(0.0830339 0.0377279 0)
(0.121224 0.0462772 0)
(0.138261 0.0516031 0)
(0.119478 0.0424527 0)
(0.0750527 0.0141411 0)
(0.035011 -0.0133217 0)
(0.00357897 -0.0521756 0)
(-0.00651308 -0.0877566 0)
(-0.0263829 -0.110637 0)
(-0.0553139 -0.123095 0)
(-0.0580435 -0.127387 0)
(-0.0623977 -0.133055 0)
(-0.055502 -0.129599 0)
(-0.0143162 -0.111794 0)
(0.0126691 -0.0870063 0)
(-0.0104114 -0.0489332 0)
(-0.034862 -0.0171256 0)
(-0.030893 0.012619 0)
(-0.0325553 0.0438952 0)
(-0.030662 0.0717204 0)
(-0.0327462 0.0944798 0)
(-0.0402513 0.083523 0)
(-0.0377901 0.0697411 0)
(-0.011966 0.0549373 0)
(0.0386869 0.0356084 0)
(0.0856654 -0.00290933 0)
(0.118121 -0.0450995 0)
(0.139448 -0.0843545 0)
(0.148802 -0.127081 0)
(0.141501 -0.158551 0)
(0.130451 -0.181737 0)
(0.09866 -0.187532 0)
(0.0571198 -0.176561 0)
(0.0226955 -0.15314 0)
(-0.00330766 -0.105318 0)
(-0.0105462 -0.0314071 0)
(-0.00556118 -0.0290477 0)
(-0.00562361 -0.0734642 0)
(0.00478549 -0.0984819 0)
(0.0161463 -0.123111 0)
(0.050171 -0.139719 0)
(0.095438 -0.165607 0)
(0.121457 -0.19358 0)
(0.145814 -0.216058 0)
(0.159031 -0.212275 0)
(0.151162 -0.168445 0)
(0.110883 -0.114717 0)
(0.0329487 -0.0632842 0)
(-0.0304891 -0.0205089 0)
(-0.0570612 0.0107979 0)
(-0.0512606 0.0236173 0)
(-0.0237197 0.0573489 0)
(0.00301212 0.0911386 0)
(0.0154957 0.115085 0)
(0.0143372 0.126241 0)
(-0.019406 0.124284 0)
(-0.0835175 0.113204 0)
(-0.11946 0.128302 0)
(-0.0824077 0.151939 0)
(-0.00643078 0.148131 0)
(0.0465596 0.154021 0)
(0.0750044 0.137704 0)
(0.0852928 0.0947039 0)
(0.0775297 0.0484174 0)
(0.0482152 -0.0104997 0)
(0.0448038 -0.0548697 0)
(0.0919417 -0.0652099 0)
(0.120254 -0.0758753 0)
(0.0854083 -0.0679538 0)
(0.0185027 -0.0429273 0)
(-0.0465498 -0.0324222 0)
(-0.105604 -0.0298279 0)
(-0.151174 -0.0337174 0)
(-0.210306 -0.0422176 0)
(-0.256752 -0.0637333 0)
(-0.251 -0.0950196 0)
(-0.191474 -0.118221 0)
(-0.0646043 -0.0964765 0)
(0.0669693 -0.0600584 0)
(0.154444 -0.0311646 0)
(0.201531 -0.00333543 0)
(0.206586 0.0109725 0)
(0.191968 0.0216865 0)
(0.159839 0.0384615 0)
(0.111179 0.0461512 0)
(0.0623596 0.0394426 0)
(0.00570745 0.0172574 0)
(-0.0526168 -0.00653322 0)
(-0.0903097 -0.0264605 0)
(-0.0979474 -0.0471403 0)
(-0.0896777 -0.0626269 0)
(-0.0786854 -0.0574558 0)
(-0.0750549 -0.0319778 0)
(-0.0704058 0.00893773 0)
(-0.0526813 0.0460395 0)
(-0.0398007 0.0549698 0)
(-0.0428461 0.0571191 0)
(-0.0403791 0.0481548 0)
(-0.0149369 0.0476633 0)
(0.0285549 0.0498596 0)
(0.0902528 0.0442674 0)
(0.135973 0.0459722 0)
(0.142005 0.0575285 0)
(0.110884 0.024516 0)
(0.0624363 -0.00378582 0)
(0.0169731 -0.0310964 0)
(-0.0187626 -0.0647155 0)
(-0.026378 -0.100872 0)
(-0.037706 -0.131495 0)
(-0.0599437 -0.139711 0)
(-0.0624542 -0.143603 0)
(-0.0617615 -0.148452 0)
(-0.0489534 -0.135442 0)
(-0.00608235 -0.110399 0)
(0.0247496 -0.088457 0)
(0.0085675 -0.0640357 0)
(-0.0161395 -0.0251262 0)
(-0.011687 0.00665002 0)
(-0.0142967 0.0551209 0)
(-0.0192774 0.0802745 0)
(-0.0312862 0.0897716 0)
(-0.0488284 0.0864289 0)
(-0.0424149 0.0736074 0)
(-0.0143117 0.0641714 0)
(0.0242523 0.0404143 0)
(0.0611612 -0.001772 0)
(0.0953248 -0.0422587 0)
(0.117428 -0.0761007 0)
(0.128292 -0.122881 0)
(0.12099 -0.158846 0)
(0.112814 -0.185245 0)
(0.092072 -0.198712 0)
(0.0595933 -0.188701 0)
(0.0290415 -0.154094 0)
(0.0109545 -0.106385 0)
(-0.00115263 -0.0340146 0)
(-0.0046358 -0.0242074 0)
(-0.00334151 -0.0575858 0)
(0.000442514 -0.0871981 0)
(0.00968937 -0.116192 0)
(0.0455962 -0.134833 0)
(0.0840335 -0.163117 0)
(0.111202 -0.191531 0)
(0.141782 -0.194527 0)
(0.172048 -0.190315 0)
(0.182315 -0.16151 0)
(0.144597 -0.107826 0)
(0.065857 -0.050925 0)
(-0.0057104 -0.00838089 0)
(-0.0526769 0.0323413 0)
(-0.0491079 0.0434143 0)
(-0.00786614 0.0562921 0)
(0.0190044 0.0739349 0)
(0.023796 0.0931421 0)
(0.0138588 0.0963315 0)
(-0.0277803 0.0799136 0)
(-0.0800473 0.0828424 0)
(-0.0944035 0.121995 0)
(-0.0728898 0.16533 0)
(-0.0166038 0.155295 0)
(0.0392746 0.137144 0)
(0.0593747 0.125418 0)
(0.0594608 0.0853915 0)
(0.0482643 0.027733 0)
(0.0244312 -0.0242309 0)
(0.0351055 -0.0435633 0)
(0.0869464 -0.0539549 0)
(0.122233 -0.069509 0)
(0.105112 -0.0747261 0)
(0.0359618 -0.0572591 0)
(-0.0451648 -0.0478534 0)
(-0.110409 -0.0289636 0)
(-0.163538 -0.0344622 0)
(-0.22417 -0.0575014 0)
(-0.272956 -0.0635261 0)
(-0.2735 -0.0861512 0)
(-0.195211 -0.087477 0)
(-0.0493011 -0.0650203 0)
(0.0872052 -0.0362782 0)
(0.179592 -0.0145032 0)
(0.22001 0.0129451 0)
(0.217441 0.0349193 0)
(0.206422 0.0451133 0)
(0.175525 0.0546164 0)
(0.114789 0.0553609 0)
(0.0526438 0.0463483 0)
(-0.0123801 0.0231952 0)
(-0.0744711 0.00200256 0)
(-0.112191 -0.0259764 0)
(-0.112044 -0.0492619 0)
(-0.0929433 -0.0585389 0)
(-0.0724736 -0.0540385 0)
(-0.0581514 -0.0323069 0)
(-0.0511298 0.00235889 0)
(-0.0447099 0.0308212 0)
(-0.0422578 0.0378125 0)
(-0.0441408 0.0344179 0)
(-0.0370722 0.0439638 0)
(-0.00979476 0.054994 0)
(0.031618 0.07073 0)
(0.0898426 0.0662996 0)
(0.143599 0.0518696 0)
(0.136922 0.0373708 0)
(0.0893204 -0.00101546 0)
(0.0483325 -0.0285852 0)
(0.00266521 -0.0549804 0)
(-0.0376047 -0.0832894 0)
(-0.0481842 -0.121408 0)
(-0.0504431 -0.155785 0)
(-0.0628932 -0.158956 0)
(-0.0665338 -0.154413 0)
(-0.061868 -0.152802 0)
(-0.0360743 -0.137028 0)
(0.00929506 -0.110466 0)
(0.0343925 -0.0913382 0)
(0.023375 -0.0765503 0)
(0.00484551 -0.034277 0)
(0.0171679 0.00517653 0)
(0.0127194 0.0545545 0)
(-0.0112184 0.0816903 0)
(-0.0307808 0.0850708 0)
(-0.0508164 0.0987776 0)
(-0.0489033 0.0942795 0)
(-0.0274903 0.0797257 0)
(0.00208961 0.0305609 0)
(0.0387929 -0.0105998 0)
(0.0779716 -0.0448495 0)
(0.0933333 -0.0690273 0)
(0.0974822 -0.115451 0)
(0.0990321 -0.161679 0)
(0.0959045 -0.188044 0)
(0.079893 -0.202668 0)
(0.0604528 -0.181316 0)
(0.0382023 -0.141159 0)
(0.0215808 -0.0933911 0)
(0.00620067 -0.0352956 0)
(-0.00557027 -0.0158179 0)
(-0.00957461 -0.0467689 0)
(-0.00709662 -0.0775116 0)
(0.00468346 -0.0982712 0)
(0.0335191 -0.11629 0)
(0.0668713 -0.150272 0)
(0.107134 -0.16796 0)
(0.151188 -0.170661 0)
(0.183489 -0.151428 0)
(0.207823 -0.123226 0)
(0.184395 -0.0903512 0)
(0.0950653 -0.0426753 0)
(0.0173123 -0.0102475 0)
(-0.0338947 0.0200645 0)
(-0.049021 0.0495654 0)
(-0.0160157 0.0595851 0)
(0.0169826 0.0630718 0)
(0.0211612 0.0647915 0)
(-0.00350493 0.0607394 0)
(-0.0346953 0.0378718 0)
(-0.0553283 0.0492209 0)
(-0.0590981 0.08341 0)
(-0.0558091 0.125374 0)
(-0.0225519 0.140614 0)
(0.0318358 0.118318 0)
(0.0468685 0.0952615 0)
(0.0257791 0.0691393 0)
(0.0109528 0.0117086 0)
(0.0105006 -0.0243154 0)
(0.0371344 -0.0446084 0)
(0.0853756 -0.059623 0)
(0.114883 -0.0649228 0)
(0.101057 -0.0664128 0)
(0.0412877 -0.0719581 0)
(-0.0263801 -0.0627858 0)
(-0.0997669 -0.0438496 0)
(-0.178909 -0.046436 0)
(-0.240229 -0.0707127 0)
(-0.287023 -0.0689863 0)
(-0.277275 -0.0709713 0)
(-0.182997 -0.043175 0)
(-0.0316276 -0.017672 0)
(0.102247 -0.00143427 0)
(0.191578 0.0101983 0)
(0.241255 0.0284195 0)
(0.235409 0.0607769 0)
(0.212555 0.071601 0)
(0.173486 0.0648157 0)
(0.110347 0.0470776 0)
(0.0423631 0.041197 0)
(-0.0253745 0.0192991 0)
(-0.089706 -0.000384311 0)
(-0.131504 -0.0233192 0)
(-0.127816 -0.0408572 0)
(-0.10114 -0.057571 0)
(-0.0687272 -0.0562236 0)
(-0.0434875 -0.0340245 0)
(-0.0335936 0.00480314 0)
(-0.0350946 0.0231915 0)
(-0.0437859 0.0246995 0)
(-0.042498 0.028612 0)
(-0.0265175 0.0476343 0)
(0.00664843 0.0682116 0)
(0.0419671 0.0857578 0)
(0.0844006 0.078103 0)
(0.125031 0.0474468 0)
(0.114891 0.00110621 0)
(0.0746016 -0.0225276 0)
(0.0344516 -0.0523769 0)
(-0.0128633 -0.0707765 0)
(-0.0590923 -0.10639 0)
(-0.0734158 -0.148056 0)
(-0.0615501 -0.180154 0)
(-0.0578682 -0.174793 0)
(-0.0596742 -0.163696 0)
(-0.0534841 -0.148644 0)
(-0.0247959 -0.120548 0)
(0.0186242 -0.0951275 0)
(0.0396138 -0.0972936 0)
(0.0400636 -0.0890089 0)
(0.0338745 -0.0445588 0)
(0.0446342 0.00864261 0)
(0.0346966 0.040463 0)
(-0.00178961 0.0747156 0)
(-0.0208838 0.0814303 0)
(-0.0411617 0.104232 0)
(-0.0524788 0.119797 0)
(-0.0544758 0.0896508 0)
(-0.03334 0.0344295 0)
(0.0157361 -0.00858251 0)
(0.0622805 -0.045005 0)
(0.0736448 -0.0616701 0)
(0.0645242 -0.110822 0)
(0.0660362 -0.158659 0)
(0.0729436 -0.198002 0)
(0.0769329 -0.201691 0)
(0.0722132 -0.173967 0)
(0.0463667 -0.137667 0)
(0.0243833 -0.085921 0)
(0.00941274 -0.0336812 0)
(-0.00845524 -0.0108555 0)
(-0.0155013 -0.0341714 0)
(-0.0125861 -0.0563953 0)
(-0.000469738 -0.0752014 0)
(0.0207028 -0.0904524 0)
(0.0552672 -0.115911 0)
(0.101761 -0.130838 0)
(0.155981 -0.139829 0)
(0.205546 -0.123906 0)
(0.222572 -0.0868512 0)
(0.196204 -0.0702091 0)
(0.114647 -0.0509598 0)
(0.0284513 -0.0248032 0)
(-0.0217807 -0.00522916 0)
(-0.033417 0.022267 0)
(-0.0107416 0.0480016 0)
(0.0113489 0.0517187 0)
(0.0124963 0.0402699 0)
(-0.0132812 0.0264861 0)
(-0.0412346 0.0145008 0)
(-0.0492071 0.0273802 0)
(-0.0387789 0.0483711 0)
(-0.0289626 0.0878984 0)
(-0.0176765 0.106446 0)
(0.0123093 0.0859885 0)
(0.031773 0.0602113 0)
(0.00845341 0.0334565 0)
(-0.0087315 -0.00616005 0)
(-0.00477437 -0.030264 0)
(0.0209052 -0.0615184 0)
(0.0824304 -0.0824873 0)
(0.125572 -0.0736606 0)
(0.105646 -0.0658079 0)
(0.0414181 -0.069821 0)
(-0.0246571 -0.0629482 0)
(-0.101258 -0.0656425 0)
(-0.188363 -0.0645229 0)
(-0.247288 -0.0769889 0)
(-0.280262 -0.05983 0)
(-0.2613 -0.0376482 0)
(-0.161642 -0.00382321 0)
(-0.0224565 0.0267782 0)
(0.105961 0.0258037 0)
(0.201948 0.0288865 0)
(0.259488 0.0469977 0)
(0.252878 0.0785846 0)
(0.213833 0.0895315 0)
(0.161981 0.0780558 0)
(0.101277 0.0482442 0)
(0.0348588 0.0274289 0)
(-0.0419637 0.0110637 0)
(-0.106733 -0.00779743 0)
(-0.14487 -0.0171399 0)
(-0.142024 -0.0293467 0)
(-0.110587 -0.0472135 0)
(-0.0625495 -0.05176 0)
(-0.0210823 -0.0375472 0)
(-0.0165945 -0.000612125 0)
(-0.0366842 0.0186563 0)
(-0.0433529 0.0184774 0)
(-0.0303472 0.0268858 0)
(-0.00866017 0.0530115 0)
(0.0200863 0.0873158 0)
(0.0432825 0.093708 0)
(0.0683609 0.0729078 0)
(0.0954866 0.0295511 0)
(0.0951166 -0.0138394 0)
(0.0600155 -0.0460485 0)
(0.0224993 -0.0725882 0)
(-0.0284277 -0.0874421 0)
(-0.0873208 -0.125576 0)
(-0.0971815 -0.165698 0)
(-0.0669688 -0.190355 0)
(-0.0499222 -0.190055 0)
(-0.0487624 -0.161427 0)
(-0.0338431 -0.136202 0)
(-0.00241296 -0.122121 0)
(0.0191558 -0.0974376 0)
(0.030677 -0.0881221 0)
(0.053593 -0.0728228 0)
(0.0683762 -0.0439981 0)
(0.0722856 0.00664504 0)
(0.0553113 0.0301384 0)
(0.0147814 0.0754897 0)
(-0.0109871 0.0934449 0)
(-0.0221315 0.115738 0)
(-0.0568226 0.125586 0)
(-0.0854396 0.096856 0)
(-0.063879 0.0531351 0)
(-0.0127777 0.0101829 0)
(0.0451755 -0.0319858 0)
(0.0491039 -0.0621707 0)
(0.0265313 -0.113373 0)
(0.0295891 -0.162629 0)
(0.051222 -0.200124 0)
(0.0747903 -0.198979 0)
(0.0729786 -0.174049 0)
(0.0545921 -0.140275 0)
(0.0340052 -0.085656 0)
(0.0133202 -0.0325431 0)
(-0.0091818 -0.00887419 0)
(-0.0193639 -0.0202222 0)
(-0.0198114 -0.0358363 0)
(-0.00801217 -0.0518454 0)
(0.0119322 -0.0647921 0)
(0.0422668 -0.0735673 0)
(0.0917824 -0.0855679 0)
(0.155843 -0.0841393 0)
(0.219418 -0.0886377 0)
(0.241826 -0.0825815 0)
(0.203083 -0.0794177 0)
(0.118894 -0.0765516 0)
(0.0400141 -0.0470009 0)
(-0.010985 -0.0103196 0)
(-0.0217067 0.0165533 0)
(-0.00565054 0.0349395 0)
(0.00114068 0.0305015 0)
(-0.00594624 0.014451 0)
(-0.0290995 -0.00973334 0)
(-0.0386293 -0.022621 0)
(-0.032925 -0.0270088 0)
(-0.015032 0.00181315 0)
(-0.0115019 0.0527704 0)
(-0.0203418 0.0785379 0)
(0.00340473 0.0661314 0)
(0.0156046 0.0382128 0)
(-0.0141718 0.00130861 0)
(-0.0260528 -0.0185678 0)
(-0.0200085 -0.0472547 0)
(0.00855203 -0.0713034 0)
(0.0851796 -0.0940291 0)
(0.134194 -0.0903507 0)
(0.108806 -0.084729 0)
(0.0459573 -0.07692 0)
(-0.0231258 -0.0589135 0)
(-0.102933 -0.0782504 0)
(-0.191047 -0.0871242 0)
(-0.241783 -0.0723182 0)
(-0.263623 -0.0366734 0)
(-0.241435 -0.00881917 0)
(-0.140143 0.0210482 0)
(-0.013053 0.0481838 0)
(0.102171 0.0547255 0)
(0.207164 0.0753097 0)
(0.279251 0.0899154 0)
(0.26923 0.0919589 0)
(0.215323 0.0952147 0)
(0.146356 0.0855908 0)
(0.0758931 0.0516469 0)
(0.0168826 0.0127697 0)
(-0.0506789 -0.00162327 0)
(-0.111319 -0.0114573 0)
(-0.149757 -0.0174894 0)
(-0.15377 -0.0260971 0)
(-0.122635 -0.0413897 0)
(-0.0674127 -0.0424761 0)
(-0.0119567 -0.040241 0)
(0.00190583 -0.0219439 0)
(-0.0261072 0.00834562 0)
(-0.041533 0.0210596 0)
(-0.0192657 0.0306612 0)
(0.0176677 0.0583172 0)
(0.0383697 0.0841628 0)
(0.0351859 0.0862494 0)
(0.0428442 0.058225 0)
(0.0682832 0.018964 0)
(0.0672355 -0.0255692 0)
(0.0396347 -0.0609488 0)
(0.0119527 -0.0819177 0)
(-0.0447034 -0.111951 0)
(-0.110747 -0.139955 0)
(-0.116705 -0.157122 0)
(-0.0768745 -0.174375 0)
(-0.035896 -0.184166 0)
(-0.0212887 -0.152902 0)
(-0.0276221 -0.125381 0)
(-0.000938244 -0.114432 0)
(0.0377245 -0.0993699 0)
(0.051013 -0.0689661 0)
(0.0655112 -0.0490347 0)
(0.0855224 -0.0362399 0)
(0.0930552 -0.00595022 0)
(0.080351 0.0248556 0)
(0.0412754 0.0741606 0)
(0.00695987 0.113749 0)
(-0.017447 0.133048 0)
(-0.0645375 0.127546 0)
(-0.104484 0.113059 0)
(-0.092903 0.0754413 0)
(-0.0425684 0.0443192 0)
(0.0124368 -0.00603331 0)
(0.0149366 -0.082833 0)
(-0.0119434 -0.127138 0)
(-0.00577521 -0.166816 0)
(0.0309639 -0.191827 0)
(0.0717436 -0.197793 0)
(0.0799779 -0.179881 0)
(0.0630074 -0.140712 0)
(0.0405355 -0.0864465 0)
(0.0173569 -0.0304096 0)
(-0.00816698 -0.00301323 0)
(-0.0209012 -0.0028108 0)
(-0.026385 -0.0117438 0)
(-0.0160231 -0.0235199 0)
(0.00767659 -0.0306556 0)
(0.0407282 -0.0346281 0)
(0.0928098 -0.0331817 0)
(0.150743 -0.0340544 0)
(0.20195 -0.0553357 0)
(0.222913 -0.0848368 0)
(0.192654 -0.0965833 0)
(0.12921 -0.0918492 0)
(0.0669538 -0.0594593 0)
(0.014278 -0.0190015 0)
(-0.0107812 0.00673097 0)
(-0.0105857 0.00906715 0)
(-0.0128023 -0.0149568 0)
(-0.0247788 -0.032438 0)
(-0.0465699 -0.0429383 0)
(-0.0581565 -0.0457174 0)
(-0.033591 -0.0320893 0)
(0.0194018 -0.000282244 0)
(0.0288112 0.0166789 0)
(-0.00470987 0.0449742 0)
(-0.0125147 0.0422505 0)
(-0.00956005 0.00487192 0)
(-0.0257586 -0.0348788 0)
(-0.0361175 -0.0422062 0)
(-0.0349731 -0.0536122 0)
(-0.00523515 -0.0621372 0)
(0.07579 -0.0907052 0)
(0.138406 -0.103869 0)
(0.119795 -0.0942169 0)
(0.0627559 -0.0722674 0)
(-0.0252187 -0.0457074 0)
(-0.123368 -0.0791309 0)
(-0.186833 -0.106065 0)
(-0.214037 -0.0820753 0)
(-0.237895 -0.0396214 0)
(-0.223108 0.00810933 0)
(-0.123407 0.0511713 0)
(-0.000417078 0.0739746 0)
(0.124367 0.0873222 0)
(0.227517 0.119048 0)
(0.272541 0.126922 0)
(0.258442 0.10353 0)
(0.211314 0.0894065 0)
(0.132198 0.0687057 0)
(0.0496675 0.0525253 0)
(-0.00304769 0.0245658 0)
(-0.0594605 0.00194995 0)
(-0.119194 -0.0140665 0)
(-0.157587 -0.0316833 0)
(-0.162627 -0.0431345 0)
(-0.126531 -0.0473299 0)
(-0.0661691 -0.0406287 0)
(-0.0106285 -0.0503322 0)
(0.0147274 -0.0455579 0)
(-0.00881484 -0.00834209 0)
(-0.0296704 0.0231514 0)
(-0.00435139 0.043485 0)
(0.0308139 0.0657738 0)
(0.0423857 0.073681 0)
(0.0275581 0.0636917 0)
(0.0236415 0.0375854 0)
(0.0397261 0.011534 0)
(0.0428963 -0.0292999 0)
(0.0253423 -0.0523568 0)
(-0.00848945 -0.0796333 0)
(-0.0652565 -0.122777 0)
(-0.115702 -0.140236 0)
(-0.118933 -0.137426 0)
(-0.0847511 -0.152703 0)
(-0.0335833 -0.158473 0)
(-0.00655393 -0.140183 0)
(-0.0080548 -0.108922 0)
(0.0129188 -0.08088 0)
(0.047781 -0.076225 0)
(0.0622296 -0.0522185 0)
(0.0719449 -0.0373365 0)
(0.0944985 -0.0359813 0)
(0.112191 -0.0178441 0)
(0.11008 0.0181753 0)
(0.077164 0.0697522 0)
(0.0306657 0.127138 0)
(-0.0122497 0.145787 0)
(-0.0705072 0.137864 0)
(-0.121753 0.12323 0)
(-0.111926 0.0960656 0)
(-0.0703897 0.0697314 0)
(-0.0471424 0.00730373 0)
(-0.0410191 -0.0761154 0)
(-0.0398769 -0.126203 0)
(-0.0277086 -0.163999 0)
(0.0120014 -0.186069 0)
(0.0586675 -0.18813 0)
(0.0797375 -0.182884 0)
(0.0758852 -0.142558 0)
(0.0536684 -0.085247 0)
(0.0221242 -0.0265326 0)
(-0.00615494 0.000542768 0)
(-0.0218666 0.00404043 0)
(-0.0342669 0.00873235 0)
(-0.0232903 0.0193738 0)
(0.000992736 0.00735549 0)
(0.0366321 -0.00327364 0)
(0.087552 -0.00955694 0)
(0.13401 -0.0236744 0)
(0.175582 -0.0414786 0)
(0.204019 -0.0663578 0)
(0.189519 -0.0792403 0)
(0.137005 -0.0732673 0)
(0.0838615 -0.0539093 0)
(0.0277655 -0.0370228 0)
(-0.0108084 -0.0229659 0)
(-0.0307645 -0.0179216 0)
(-0.0376022 -0.0435187 0)
(-0.0334943 -0.0751631 0)
(-0.044361 -0.0761407 0)
(-0.034534 -0.059039 0)
(-0.00171933 -0.0154301 0)
(0.0203117 0.00939053 0)
(0.0229133 -0.00570378 0)
(0.00118176 -0.000431959 0)
(-0.021899 0.00244897 0)
(-0.0356522 -0.0266589 0)
(-0.0423368 -0.0528661 0)
(-0.0327477 -0.0571179 0)
(-0.027394 -0.0570046 0)
(-0.0117329 -0.0513279 0)
(0.06075 -0.0695814 0)
(0.136744 -0.0924553 0)
(0.135765 -0.0871969 0)
(0.0837795 -0.0687302 0)
(-0.0276076 -0.0615838 0)
(-0.148216 -0.079211 0)
(-0.195329 -0.0940836 0)
(-0.195904 -0.0858092 0)
(-0.20073 -0.0501923 0)
(-0.178107 0.0167946 0)
(-0.0947625 0.0721499 0)
(0.0111665 0.116941 0)
(0.133829 0.141582 0)
(0.23573 0.142508 0)
(0.268148 0.13183 0)
(0.242626 0.114516 0)
(0.191107 0.0852817 0)
(0.120731 0.0575501 0)
(0.0447268 0.056815 0)
(-0.0194924 0.0335702 0)
(-0.07896 0.00290646 0)
(-0.136741 -0.0236923 0)
(-0.172673 -0.0447511 0)
(-0.167604 -0.0593994 0)
(-0.12375 -0.0556836 0)
(-0.0729653 -0.0532287 0)
(-0.0190183 -0.0662101 0)
(0.0295748 -0.0602971 0)
(0.0217585 -0.0213584 0)
(-0.00524405 0.0135785 0)
(0.0113214 0.0473103 0)
(0.0403365 0.0713143 0)
(0.0385825 0.0661366 0)
(0.0116218 0.047674 0)
(0.00855067 0.0213239 0)
(0.0239919 -0.00141647 0)
(0.0256531 -0.0218611 0)
(0.00816323 -0.0299548 0)
(-0.0345132 -0.0584087 0)
(-0.0845086 -0.100049 0)
(-0.117601 -0.115211 0)
(-0.123006 -0.121311 0)
(-0.0906784 -0.132967 0)
(-0.0262874 -0.133826 0)
(0.01428 -0.116823 0)
(0.0139235 -0.0852873 0)
(0.0200059 -0.0577123 0)
(0.0548913 -0.0512089 0)
(0.0751724 -0.0382189 0)
(0.0728024 -0.0209823 0)
(0.0953145 -0.0261485 0)
(0.128746 -0.0204545 0)
(0.141305 0.0132862 0)
(0.118821 0.0646366 0)
(0.0612975 0.12287 0)
(-0.01011 0.143468 0)
(-0.0807673 0.135228 0)
(-0.134222 0.129672 0)
(-0.131035 0.118108 0)
(-0.107031 0.0736511 0)
(-0.0951964 0.00701957 0)
(-0.0857988 -0.0445683 0)
(-0.0824647 -0.0959566 0)
(-0.0603504 -0.150825 0)
(-0.00346898 -0.179979 0)
(0.0496314 -0.177953 0)
(0.0794843 -0.166258 0)
(0.0893292 -0.128933 0)
(0.0669183 -0.0815476 0)
(0.0253193 -0.0278617 0)
(-0.00831777 0.0019404 0)
(-0.0216064 0.0156905 0)
(-0.0235634 0.0306228 0)
(-0.0259226 0.0474388 0)
(-0.0176798 0.0394461 0)
(0.0199284 0.022012 0)
(0.0696893 0.0131624 0)
(0.119196 -0.0135002 0)
(0.162328 -0.0330531 0)
(0.186601 -0.0437592 0)
(0.178659 -0.0618962 0)
(0.138599 -0.0621468 0)
(0.0841879 -0.0592884 0)
(0.0276575 -0.0604426 0)
(-0.00578961 -0.0379093 0)
(-0.0341338 -0.0196349 0)
(-0.062423 -0.0350944 0)
(-0.0551459 -0.0868971 0)
(-0.0397556 -0.0980052 0)
(-0.0170975 -0.0613872 0)
(0.0146638 -0.0309468 0)
(0.0260193 -0.0125569 0)
(0.0225436 -0.0293407 0)
(0.00364733 -0.0403693 0)
(-0.0281589 -0.0367757 0)
(-0.0455042 -0.0506095 0)
(-0.0425941 -0.0554063 0)
(-0.0330883 -0.050221 0)
(-0.0245012 -0.0469232 0)
(-0.00851336 -0.042524 0)
(0.0509037 -0.0498356 0)
(0.129876 -0.0723116 0)
(0.140497 -0.0776594 0)
(0.0835494 -0.0708324 0)
(-0.0322793 -0.0789483 0)
(-0.147838 -0.0843044 0)
(-0.193279 -0.0718388 0)
(-0.1841 -0.0676274 0)
(-0.165201 -0.0419378 0)
(-0.135975 0.0261206 0)
(-0.0523581 0.0968917 0)
(0.0485322 0.163364 0)
(0.141706 0.184953 0)
(0.219589 0.165272 0)
(0.251862 0.132406 0)
(0.224652 0.104412 0)
(0.170208 0.0776369 0)
(0.112167 0.0611475 0)
(0.0328265 0.048253 0)
(-0.0422095 0.026123 0)
(-0.101563 0.00389783 0)
(-0.154806 -0.033396 0)
(-0.18501 -0.0548704 0)
(-0.17238 -0.0688079 0)
(-0.124135 -0.0673698 0)
(-0.0762948 -0.0667912 0)
(-0.0182314 -0.0642939 0)
(0.0455256 -0.0530052 0)
(0.0437897 -0.0264991 0)
(0.0197849 0.0146672 0)
(0.0379127 0.0464565 0)
(0.0454219 0.0554061 0)
(0.0267542 0.0481385 0)
(-0.00270427 0.0328791 0)
(-0.00895905 0.00693102 0)
(0.0120733 -0.0106523 0)
(0.0263625 -0.0135073 0)
(0.0029845 -0.0192151 0)
(-0.0557338 -0.0312766 0)
(-0.103207 -0.0542946 0)
(-0.128219 -0.0770583 0)
(-0.129735 -0.0893384 0)
(-0.092672 -0.0986007 0)
(-0.0214551 -0.0984333 0)
(0.0283779 -0.0865737 0)
(0.0337033 -0.057204 0)
(0.0354519 -0.0299315 0)
(0.0589512 -0.0165013 0)
(0.0808734 -0.0171835 0)
(0.0770628 -0.0167188 0)
(0.0911992 -0.0167368 0)
(0.137801 -0.012443 0)
(0.169761 0.00855381 0)
(0.155506 0.0576668 0)
(0.0871276 0.105968 0)
(-0.00393737 0.127208 0)
(-0.080808 0.126283 0)
(-0.134113 0.133843 0)
(-0.152875 0.124552 0)
(-0.152332 0.0757556 0)
(-0.1355 0.0176808 0)
(-0.120173 -0.0236282 0)
(-0.124438 -0.0700607 0)
(-0.10007 -0.129419 0)
(-0.023998 -0.150346 0)
(0.0457192 -0.158022 0)
(0.0840287 -0.139527 0)
(0.0957191 -0.112714 0)
(0.0725609 -0.0758479 0)
(0.0315736 -0.0274831 0)
(-0.00471599 0.0115257 0)
(-0.0189493 0.0358109 0)
(-0.0293006 0.0524296 0)
(-0.0335399 0.0511139 0)
(-0.0324256 0.0548271 0)
(0.00440445 0.0500345 0)
(0.0499586 0.0441446 0)
(0.08953 0.0225581 0)
(0.143434 -0.00582303 0)
(0.173224 -0.0282928 0)
(0.166551 -0.0527823 0)
(0.129556 -0.0579495 0)
(0.0758766 -0.0644279 0)
(0.0345067 -0.0641858 0)
(0.0106674 -0.0294408 0)
(-0.0365566 -0.0239553 0)
(-0.0940338 -0.052783 0)
(-0.0856433 -0.0831465 0)
(-0.0302581 -0.0872403 0)
(0.0114585 -0.0595533 0)
(0.0322596 -0.0403114 0)
(0.0209579 -0.0324877 0)
(0.00327536 -0.0444652 0)
(-0.00221329 -0.060308 0)
(-0.0262314 -0.0639142 0)
(-0.0452136 -0.0612859 0)
(-0.0372098 -0.0565694 0)
(-0.0212486 -0.0497698 0)
(-0.0163679 -0.0350546 0)
(-0.0087272 -0.031316 0)
(0.0434695 -0.0294398 0)
(0.120122 -0.0492844 0)
(0.139713 -0.0777167 0)
(0.0846064 -0.069951 0)
(-0.0368403 -0.0604722 0)
(-0.143342 -0.066411 0)
(-0.184291 -0.0479387 0)
(-0.175793 -0.0327074 0)
(-0.134064 -0.00806891 0)
(-0.0784141 0.0439407 0)
(0.00389035 0.115873 0)
(0.0739841 0.175885 0)
(0.133764 0.189814 0)
(0.196149 0.161293 0)
(0.222963 0.131548 0)
(0.202349 0.0885862 0)
(0.159587 0.0706496 0)
(0.0995548 0.0479292 0)
(0.0193764 0.0240588 0)
(-0.0518804 0.0167117 0)
(-0.122792 0.00029288 0)
(-0.180388 -0.0408309 0)
(-0.199531 -0.0652825 0)
(-0.177963 -0.0720967 0)
(-0.123692 -0.0681678 0)
(-0.0722524 -0.0616095 0)
(-0.0103889 -0.046252 0)
(0.0560781 -0.0365057 0)
(0.070625 -0.0240785 0)
(0.0480542 0.0146274 0)
(0.0415935 0.0370282 0)
(0.0426191 0.0297393 0)
(0.023802 0.0333351 0)
(-0.0162093 0.0337346 0)
(-0.0204167 0.0194117 0)
(0.0124134 0.00349467 0)
(0.023014 -0.00370968 0)
(-0.00125714 -0.0217831 0)
(-0.0568899 -0.0196981 0)
(-0.115179 -0.0186137 0)
(-0.140963 -0.0348398 0)
(-0.137147 -0.0466315 0)
(-0.0964489 -0.0552215 0)
(-0.0173383 -0.0540501 0)
(0.0439068 -0.0443809 0)
(0.0541507 -0.0214156 0)
(0.0478843 -0.00170103 0)
(0.0617264 0.00626306 0)
(0.0721525 0.00349888 0)
(0.0701301 -0.00469311 0)
(0.0954985 -0.00632656 0)
(0.144592 -0.00362627 0)
(0.190459 0.000879582 0)
(0.188508 0.0364537 0)
(0.110999 0.0812211 0)
(0.00388849 0.114464 0)
(-0.0764331 0.125803 0)
(-0.135836 0.136447 0)
(-0.174187 0.117967 0)
(-0.186571 0.0858353 0)
(-0.170294 0.0376448 0)
(-0.154081 -0.00918212 0)
(-0.166589 -0.0545285 0)
(-0.129271 -0.100014 0)
(-0.0390985 -0.112277 0)
(0.0369025 -0.122125 0)
(0.0843697 -0.107866 0)
(0.0979442 -0.0934897 0)
(0.0790766 -0.0659487 0)
(0.0353269 -0.0238403 0)
(-0.00777912 0.02052 0)
(-0.0246336 0.0398967 0)
(-0.0416139 0.0674325 0)
(-0.0489515 0.086743 0)
(-0.0391106 0.0858981 0)
(-0.00514969 0.0834574 0)
(0.0348773 0.0605164 0)
(0.0697411 0.0434212 0)
(0.113532 0.020263 0)
(0.141538 -0.00211903 0)
(0.146901 -0.0293416 0)
(0.120513 -0.044447 0)
(0.0704702 -0.0520445 0)
(0.0446949 -0.0510234 0)
(0.0156654 -0.0370006 0)
(-0.0587056 -0.0513691 0)
(-0.11247 -0.0760039 0)
(-0.0859683 -0.0704306 0)
(-0.0267317 -0.05142 0)
(0.0143311 -0.0458319 0)
(0.0327722 -0.0437087 0)
(0.0224515 -0.0513518 0)
(0.00280335 -0.0604778 0)
(-0.00880114 -0.0703784 0)
(-0.0260255 -0.0734327 0)
(-0.0364304 -0.063736 0)
(-0.0298527 -0.0497203 0)
(-0.0126485 -0.0467059 0)
(-0.00623958 -0.0317017 0)
(0.000104464 -0.0200424 0)
(0.0417213 -0.0122255 0)
(0.0977328 -0.0216741 0)
(0.127821 -0.0534238 0)
(0.0978261 -0.0568912 0)
(-0.029017 -0.0458488 0)
(-0.138842 -0.038701 0)
(-0.169471 -0.026131 0)
(-0.156338 0.0080778 0)
(-0.110769 0.0396417 0)
(-0.0469275 0.083304 0)
(0.0426156 0.124737 0)
(0.101065 0.151357 0)
(0.129468 0.161319 0)
(0.175625 0.143723 0)
(0.197675 0.120014 0)
(0.179497 0.0857813 0)
(0.140202 0.0571606 0)
(0.0779586 0.0172495 0)
(0.00996899 -0.00585226 0)
(-0.0596446 -0.00865943 0)
(-0.143973 -0.0274711 0)
(-0.203311 -0.0486853 0)
(-0.208491 -0.0679912 0)
(-0.17517 -0.0707579 0)
(-0.117205 -0.0644961 0)
(-0.0609803 -0.0449864 0)
(-0.000477171 -0.010237 0)
(0.0613434 0.000453887 0)
(0.0812369 -0.00148515 0)
(0.0650003 -0.000333312 0)
(0.0498123 0.0138321 0)
(0.0440293 0.0294493 0)
(0.0315375 0.0425966 0)
(-0.0106313 0.0485063 0)
(-0.0285179 0.0436226 0)
(-0.00201964 0.0183664 0)
(0.0107591 -0.00266187 0)
(-0.00587843 -0.0158178 0)
(-0.0507584 -0.0151448 0)
(-0.112083 -0.00688623 0)
(-0.14706 -0.0076728 0)
(-0.143536 -0.00356224 0)
(-0.0975578 -0.00120764 0)
(-0.0135384 1.07255e-05 0)
(0.051722 0.00326841 0)
(0.0638925 0.0141915 0)
(0.0541531 0.023223 0)
(0.0607714 0.0230827 0)
(0.0705817 0.0143264 0)
(0.0674966 0.0174108 0)
(0.0896606 0.00805157 0)
(0.140909 -0.00436927 0)
(0.197267 0.00488426 0)
(0.212907 0.0218134 0)
(0.143136 0.0479694 0)
(0.0277932 0.0778919 0)
(-0.06547 0.105342 0)
(-0.140624 0.121438 0)
(-0.190986 0.120549 0)
(-0.212753 0.0976237 0)
(-0.207608 0.0545612 0)
(-0.191598 0.0114531 0)
(-0.196937 -0.027338 0)
(-0.1511 -0.0515214 0)
(-0.052654 -0.0702801 0)
(0.0315287 -0.0818299 0)
(0.0810789 -0.077626 0)
(0.0939453 -0.0737095 0)
(0.0798819 -0.0621441 0)
(0.0391148 -0.024853 0)
(-0.0174616 0.0317387 0)
(-0.0339163 0.06083 0)
(-0.0354678 0.0849787 0)
(-0.0526172 0.122422 0)
(-0.0609948 0.128975 0)
(-0.0353731 0.110376 0)
(0.00317177 0.0706175 0)
(0.0453167 0.047808 0)
(0.0972692 0.0329449 0)
(0.125423 0.0323708 0)
(0.125054 0.00602248 0)
(0.103202 -0.0206791 0)
(0.0619838 -0.0410984 0)
(0.0371044 -0.0477857 0)
(0.00260456 -0.0558436 0)
(-0.0722822 -0.0712231 0)
(-0.114209 -0.0726898 0)
(-0.0727174 -0.0497513 0)
(-0.0162118 -0.0332747 0)
(0.0142649 -0.0284305 0)
(0.0265426 -0.030942 0)
(0.00816068 -0.046199 0)
(-0.010047 -0.0575947 0)
(-0.0100345 -0.0672178 0)
(-0.0187442 -0.0732694 0)
(-0.0244519 -0.0727061 0)
(-0.0208461 -0.0572712 0)
(-0.00387428 -0.0388312 0)
(0.0074038 -0.0281008 0)
(0.00956184 -0.0085201 0)
(0.0458223 0.00278426 0)
(0.0927852 -0.000780754 0)
(0.116045 -0.0207859 0)
(0.0916021 -0.0366943 0)
(-0.0228525 -0.0411558 0)
(-0.128997 -0.0090743 0)
(-0.150714 0.019655 0)
(-0.128775 0.0474008 0)
(-0.0804559 0.0661514 0)
(-0.0177373 0.110252 0)
(0.0520112 0.144807 0)
(0.0990791 0.136806 0)
(0.126567 0.124018 0)
(0.164477 0.116309 0)
(0.179364 0.0915513 0)
(0.155429 0.0671164 0)
(0.108739 0.0263992 0)
(0.0529511 -0.0166966 0)
(0.000171824 -0.0463497 0)
(-0.0678788 -0.0634467 0)
(-0.152326 -0.06845 0)
(-0.210318 -0.0628962 0)
(-0.215938 -0.0658831 0)
(-0.175595 -0.0533754 0)
(-0.10493 -0.0366754 0)
(-0.0324693 -0.0119824 0)
(0.0230551 0.0189377 0)
(0.0627645 0.0246048 0)
(0.070584 0.0201014 0)
(0.0601927 0.0162291 0)
(0.0647343 0.0175198 0)
(0.0653761 0.0428736 0)
(0.039753 0.0559356 0)
(-0.0132483 0.0477487 0)
(-0.0401944 0.0440164 0)
(-0.0191683 0.0230975 0)
(0.000276752 -0.000249452 0)
(-0.00820913 -0.00662581 0)
(-0.0483746 -0.00728238 0)
(-0.108103 0.00344751 0)
(-0.137363 0.0221001 0)
(-0.131699 0.0438198 0)
(-0.0935968 0.0604093 0)
(-0.0142756 0.0595831 0)
(0.0536881 0.043398 0)
(0.0678133 0.0450252 0)
(0.0531134 0.0497578 0)
(0.0536516 0.0395926 0)
(0.0663021 0.0272115 0)
(0.0637667 0.0227669 0)
(0.0777362 0.0236079 0)
(0.14058 0.0135537 0)
(0.208142 0.0173367 0)
(0.218768 0.00566866 0)
(0.150971 0.0108094 0)
(0.044954 0.0441392 0)
(-0.0454427 0.07859 0)
(-0.125687 0.0971167 0)
(-0.192879 0.118076 0)
(-0.23663 0.110069 0)
(-0.235832 0.0778403 0)
(-0.217483 0.0462879 0)
(-0.217549 0.0124087 0)
(-0.167568 -0.00770215 0)
(-0.0709289 -0.0280565 0)
(0.0181481 -0.0396314 0)
(0.0718512 -0.0493941 0)
(0.0838096 -0.0562003 0)
(0.0795089 -0.0507726 0)
(0.0485737 -0.0190436 0)
(-0.0237831 0.0448685 0)
(-0.0519243 0.0941994 0)
(-0.0477693 0.12026 0)
(-0.0563338 0.135361 0)
(-0.0788478 0.144415 0)
(-0.0723782 0.127935 0)
(-0.0306598 0.0906981 0)
(0.025954 0.0715766 0)
(0.0885425 0.0606875 0)
(0.109835 0.0508028 0)
(0.0972259 0.0211281 0)
(0.0761263 -0.0043252 0)
(0.0415609 -0.0237828 0)
(0.0255783 -0.0377129 0)
(-0.00911798 -0.0563297 0)
(-0.0778464 -0.0721772 0)
(-0.102543 -0.0670827 0)
(-0.0618569 -0.0372841 0)
(-0.0148503 -0.0208122 0)
(0.0133805 -0.013356 0)
(0.0181898 -0.0171686 0)
(0.00246305 -0.0342346 0)
(-0.0119798 -0.034889 0)
(-0.0186961 -0.0409036 0)
(-0.0276132 -0.0546871 0)
(-0.0215763 -0.0666686 0)
(-0.00141075 -0.0538055 0)
(0.0125616 -0.0315985 0)
(0.0198164 -0.0219292 0)
(0.0263789 -0.00715748 0)
(0.050585 0.0133827 0)
(0.0830297 0.0116929 0)
(0.103388 0.00493969 0)
(0.0841094 -0.0106098 0)
(-0.00816786 -0.0146604 0)
(-0.0942681 0.0211346 0)
(-0.128684 0.0630722 0)
(-0.123374 0.080225 0)
(-0.0661317 0.0825273 0)
(0.00911865 0.102779 0)
(0.060274 0.134698 0)
(0.0839532 0.130931 0)
(0.112705 0.110743 0)
(0.150261 0.089719 0)
(0.160249 0.0539403 0)
(0.130585 0.0209586 0)
(0.0778081 -0.0149572 0)
(0.0239149 -0.0499432 0)
(-0.0247734 -0.0849306 0)
(-0.0761089 -0.106969 0)
(-0.143655 -0.105543 0)
(-0.2014 -0.0797924 0)
(-0.201361 -0.0644551 0)
(-0.15345 -0.0337168 0)
(-0.0863931 0.000358441 0)
(-0.0195512 0.0211535 0)
(0.0271556 0.0403974 0)
(0.0631533 0.0414252 0)
(0.0762788 0.0311018 0)
(0.0645568 0.0406358 0)
(0.0711023 0.0493099 0)
(0.0741863 0.0573411 0)
(0.0371901 0.066766 0)
(-0.0172419 0.0534356 0)
(-0.0444907 0.0417722 0)
(-0.0325072 0.0177125 0)
(-0.00921702 0.00110101 0)
(-0.00943016 0.00705167 0)
(-0.0420519 0.0112894 0)
(-0.0895361 0.028759 0)
(-0.116804 0.0603217 0)
(-0.115159 0.0872159 0)
(-0.0860936 0.106107 0)
(-0.0264676 0.110742 0)
(0.040351 0.0820572 0)
(0.0677079 0.0698137 0)
(0.0491535 0.0772708 0)
(0.0430896 0.0652258 0)
(0.0570455 0.0411093 0)
(0.0636517 0.0189215 0)
(0.0816815 0.031412 0)
(0.135097 0.0466609 0)
(0.190281 0.0262857 0)
(0.206934 -0.00773757 0)
(0.17026 -0.0115503 0)
(0.076471 0.0184474 0)
(-0.0276957 0.0562017 0)
(-0.112825 0.0778724 0)
(-0.182815 0.1024 0)
(-0.243902 0.115504 0)
(-0.256419 0.11273 0)
(-0.242168 0.0763756 0)
(-0.239913 0.0535959 0)
(-0.185318 0.0399358 0)
(-0.0822895 0.0187751 0)
(0.0072865 0.00321475 0)
(0.056947 -0.0187353 0)
(0.0760834 -0.0342331 0)
(0.0829549 -0.0165219 0)
(0.0535769 -0.00218731 0)
(-0.028484 0.0526752 0)
(-0.0604709 0.114517 0)
(-0.0657023 0.144239 0)
(-0.0801209 0.142665 0)
(-0.100825 0.147275 0)
(-0.101437 0.141795 0)
(-0.0592566 0.114718 0)
(0.00622951 0.0925094 0)
(0.0677832 0.0792076 0)
(0.0841129 0.0495304 0)
(0.0737239 0.0273391 0)
(0.0604508 0.00904071 0)
(0.0285652 0.00434783 0)
(0.00507505 -0.0138786 0)
(-0.0300681 -0.0505769 0)
(-0.0867032 -0.0736189 0)
(-0.0941705 -0.060683 0)
(-0.0433314 -0.0262932 0)
(-0.00219904 -0.00499864 0)
(0.0144647 0.0105072 0)
(0.00982491 0.00954036 0)
(-0.00515057 -0.0102554 0)
(-0.0142196 -0.017094 0)
(-0.0229598 -0.0269605 0)
(-0.0353036 -0.0337482 0)
(-0.0208413 -0.0312138 0)
(0.00828277 -0.0235188 0)
(0.0230794 -0.0287628 0)
(0.028859 -0.0164812 0)
(0.0387886 -0.00640246 0)
(0.0625583 0.00663525 0)
(0.0889356 0.0230666 0)
(0.101398 0.0366199 0)
(0.0782906 0.0277624 0)
(0.000934741 0.0204361 0)
(-0.0720126 0.0324608 0)
(-0.107986 0.0648106 0)
(-0.115646 0.0950836 0)
(-0.0653951 0.103733 0)
(0.0188671 0.11108 0)
(0.0708327 0.123435 0)
(0.0795655 0.121709 0)
(0.0944285 0.101739 0)
(0.121008 0.0671759 0)
(0.127286 0.0178009 0)
(0.103467 -0.0210404 0)
(0.0555413 -0.0552753 0)
(0.00068426 -0.0837448 0)
(-0.0423222 -0.106946 0)
(-0.0833461 -0.126697 0)
(-0.132404 -0.135052 0)
(-0.17992 -0.0981317 0)
(-0.181626 -0.062243 0)
(-0.12726 -0.0240914 0)
(-0.0636591 0.0154145 0)
(-0.00185798 0.0443829 0)
(0.0393741 0.0691278 0)
(0.0575756 0.08402 0)
(0.0718632 0.0610885 0)
(0.0756214 0.0535021 0)
(0.079191 0.0569445 0)
(0.0804548 0.0579938 0)
(0.0391188 0.056443 0)
(-0.0294784 0.0570914 0)
(-0.0644887 0.0460949 0)
(-0.047354 0.0242654 0)
(-0.00615872 0.0130412 0)
(0.000328003 0.0185077 0)
(-0.0317411 0.0320824 0)
(-0.0717396 0.0598812 0)
(-0.0943976 0.100416 0)
(-0.098324 0.127479 0)
(-0.0767976 0.134929 0)
(-0.0325986 0.143358 0)
(0.0228787 0.125235 0)
(0.0635554 0.103075 0)
(0.0490146 0.0959884 0)
(0.0263677 0.0948597 0)
(0.0315903 0.0640981 0)
(0.0559844 0.0367004 0)
(0.0974639 0.0382458 0)
(0.136089 0.0482234 0)
(0.167334 0.0243522 0)
(0.190022 -0.000586433 0)
(0.169168 -0.0154333 0)
(0.0935818 -0.0145237 0)
(-0.00305779 0.0204349 0)
(-0.093123 0.0472831 0)
(-0.166681 0.0780089 0)
(-0.230546 0.107511 0)
(-0.266144 0.134853 0)
(-0.262553 0.102837 0)
(-0.24604 0.0878254 0)
(-0.195105 0.0849877 0)
(-0.100321 0.0736431 0)
(-0.0126435 0.0408591 0)
(0.0397219 0.0178898 0)
(0.0786118 0.00673189 0)
(0.092893 0.00968118 0)
(0.048118 0.00479871 0)
(-0.0322161 0.056352 0)
(-0.0768426 0.117261 0)
(-0.0932511 0.135996 0)
(-0.102554 0.136901 0)
(-0.115677 0.139903 0)
(-0.123927 0.143964 0)
(-0.0884761 0.133002 0)
(-0.0174862 0.104012 0)
(0.042599 0.0867441 0)
(0.0594616 0.0604633 0)
(0.0567265 0.0368595 0)
(0.0496129 0.0164192 0)
(0.0159958 0.0136772 0)
(-0.022727 0.00311079 0)
(-0.0601854 -0.0345008 0)
(-0.0915958 -0.0622448 0)
(-0.0731671 -0.0453995 0)
(-0.0253555 -0.016299 0)
(0.00881552 0.00446898 0)
(0.0217714 0.0333991 0)
(0.00172438 0.0469158 0)
(-0.0172551 0.0342999 0)
(-0.0234125 0.00923673 0)
(-0.0292287 -0.0205683 0)
(-0.0283221 -0.0292855 0)
(-0.0111146 -0.00947452 0)
(0.00365337 0.00634595 0)
(0.0211163 0.000614537 0)
(0.0395602 -0.00646115 0)
(0.0464252 -0.000629071 0)
(0.0749022 0.0151952 0)
(0.107215 0.0395661 0)
(0.108396 0.0439404 0)
(0.0731511 0.0329317 0)
(-0.00438078 0.0246407 0)
(-0.0618803 0.0388145 0)
(-0.08339 0.0680808 0)
(-0.0959395 0.109872 0)
(-0.0558999 0.127237 0)
(0.0218225 0.13468 0)
(0.0661459 0.118411 0)
(0.0659823 0.101851 0)
(0.0705935 0.0821281 0)
(0.0866032 0.0417438 0)
(0.0935836 -0.00688019 0)
(0.0752451 -0.0438033 0)
(0.0303369 -0.0886899 0)
(-0.0151578 -0.116036 0)
(-0.0571132 -0.118726 0)
(-0.0971799 -0.126091 0)
(-0.122682 -0.1326 0)
(-0.147511 -0.108053 0)
(-0.14618 -0.0646471 0)
(-0.0952318 -0.0134999 0)
(-0.0345671 0.0252343 0)
(0.0217533 0.0671078 0)
(0.0584049 0.084532 0)
(0.0595935 0.0950287 0)
(0.0563783 0.0784558 0)
(0.0641644 0.0690433 0)
(0.0770902 0.0712961 0)
(0.0764381 0.0537206 0)
(0.0389818 0.0314124 0)
(-0.0226603 0.0388564 0)
(-0.0667902 0.0433474 0)
(-0.0553963 0.0529183 0)
(-0.0124982 0.0432903 0)
(0.00505351 0.0375043 0)
(-0.0115887 0.0442324 0)
(-0.0396297 0.0807924 0)
(-0.0677321 0.137298 0)
(-0.0906059 0.15317 0)
(-0.0753252 0.169641 0)
(-0.0344854 0.170832 0)
(0.00994186 0.168507 0)
(0.0455694 0.14722 0)
(0.0426593 0.122388 0)
(0.019358 0.107011 0)
(0.014128 0.0730754 0)
(0.0445518 0.059085 0)
(0.0900424 0.0478074 0)
(0.124659 0.0311764 0)
(0.153978 0.0161767 0)
(0.177015 0.00476284 0)
(0.159064 -0.0212825 0)
(0.10162 -0.0353429 0)
(0.0162986 -0.0160066 0)
(-0.0720812 0.0138463 0)
(-0.140132 0.0542456 0)
(-0.203569 0.0916749 0)
(-0.261015 0.123971 0)
(-0.27743 0.119447 0)
(-0.253085 0.113589 0)
(-0.195028 0.118144 0)
(-0.113166 0.124162 0)
(-0.0312699 0.0842344 0)
(0.0350736 0.0622265 0)
(0.0738537 0.047968 0)
(0.0857922 0.0204041 0)
(0.0487055 0.00736582 0)
(-0.039892 0.0530332 0)
(-0.0973509 0.108667 0)
(-0.11861 0.115453 0)
(-0.125936 0.123828 0)
(-0.131649 0.125351 0)
(-0.133792 0.121228 0)
(-0.109834 0.122827 0)
(-0.0447416 0.108626 0)
(0.0217659 0.0949506 0)
(0.0355098 0.0725512 0)
(0.0308862 0.0457506 0)
(0.0340382 0.0186505 0)
(0.0102775 0.0165436 0)
(-0.0380843 0.0134739 0)
(-0.0850981 -0.00196775 0)
(-0.100881 -0.0242734 0)
(-0.0656577 -0.0289225 0)
(-0.0109519 -0.0266694 0)
(0.0311141 0.0132753 0)
(0.0435515 0.0585896 0)
(0.00947438 0.0755548 0)
(-0.0327994 0.0660815 0)
(-0.0535288 0.0399005 0)
(-0.0494063 0.0174004 0)
(-0.0245956 -0.00229273 0)
(0.00838409 0.0100379 0)
(0.0189929 0.0224181 0)
(0.0170125 0.0197383 0)
(0.0311604 0.00216965 0)
(0.0576274 0.00928292 0)
(0.0945957 0.0278029 0)
(0.112028 0.0298514 0)
(0.0978963 0.0272037 0)
(0.06488 0.0244966 0)
(0.00546003 0.028104 0)
(-0.0404125 0.0530628 0)
(-0.0565626 0.0730449 0)
(-0.0733909 0.116168 0)
(-0.0487405 0.139044 0)
(0.0105204 0.134704 0)
(0.0446395 0.100963 0)
(0.0507089 0.0756811 0)
(0.0480025 0.0558054 0)
(0.0533531 0.0216097 0)
(0.0622723 -0.0215147 0)
(0.0413751 -0.0579934 0)
(0.000741601 -0.0940333 0)
(-0.022763 -0.125413 0)
(-0.0506815 -0.130732 0)
(-0.094056 -0.114537 0)
(-0.119148 -0.100626 0)
(-0.129434 -0.0812381 0)
(-0.11105 -0.0415921 0)
(-0.0596028 0.0026775 0)
(-0.00234275 0.0300183 0)
(0.044213 0.0609107 0)
(0.0627269 0.0746908 0)
(0.0561984 0.0770539 0)
(0.0560157 0.0764024 0)
(0.0736731 0.0873758 0)
(0.0711743 0.0807672 0)
(0.0541825 0.0505185 0)
(0.0309174 0.0303476 0)
(-0.0184197 0.0244772 0)
(-0.0524087 0.0364152 0)
(-0.0462619 0.0616598 0)
(-0.0169859 0.0674398 0)
(0.000926819 0.0645523 0)
(-0.000532494 0.0606997 0)
(-0.00434276 0.0913903 0)
(-0.0424812 0.145084 0)
(-0.0759556 0.170175 0)
(-0.0651788 0.205074 0)
(-0.0346162 0.204842 0)
(0.00462376 0.209883 0)
(0.0291039 0.187996 0)
(0.019274 0.15459 0)
(-0.00973942 0.114875 0)
(-0.00325442 0.0763311 0)
(0.0379216 0.0650547 0)
(0.077437 0.0443475 0)
(0.113154 0.0196736 0)
(0.14793 0.0050561 0)
(0.162091 -0.0192718 0)
(0.138836 -0.0449758 0)
(0.0961768 -0.0508306 0)
(0.0314697 -0.0512266 0)
(-0.0433077 -0.0152155 0)
(-0.111269 0.0335813 0)
(-0.180785 0.0702977 0)
(-0.246591 0.101574 0)
(-0.270049 0.1275 0)
(-0.245468 0.147682 0)
(-0.184006 0.154836 0)
(-0.119728 0.158997 0)
(-0.050049 0.13365 0)
(0.0241966 0.11226 0)
(0.062371 0.0786042 0)
(0.0811601 0.0426414 0)
(0.0490149 0.0146267 0)
(-0.0445311 0.0462135 0)
(-0.12119 0.0925629 0)
(-0.145524 0.0897419 0)
(-0.14096 0.093708 0)
(-0.151307 0.109506 0)
(-0.151297 0.109555 0)
(-0.117577 0.109293 0)
(-0.0538788 0.108862 0)
(0.00290273 0.0881721 0)
(0.0119979 0.0518468 0)
(0.00712433 0.0477406 0)
(0.0191301 0.0362409 0)
(0.00394975 0.0274389 0)
(-0.0438838 0.0182788 0)
(-0.0947768 0.0107473 0)
(-0.117469 -0.00402011 0)
(-0.0800975 -0.00218492 0)
(0.00149672 -0.000163084 0)
(0.0684145 0.0412526 0)
(0.0656134 0.0773162 0)
(0.00642876 0.0792828 0)
(-0.0431758 0.0695606 0)
(-0.0579145 0.0667203 0)
(-0.0581157 0.0604593 0)
(-0.0309459 0.0429338 0)
(0.0102801 0.0309963 0)
(0.0142202 0.0147682 0)
(0.00965271 0.0187368 0)
(0.0350925 0.0152702 0)
(0.0681265 0.0173689 0)
(0.0923927 0.00265116 0)
(0.108578 0.00648097 0)
(0.105666 0.0244347 0)
(0.0744255 0.0283086 0)
(0.0166708 0.0371879 0)
(-0.0293066 0.0649848 0)
(-0.037922 0.077339 0)
(-0.0487467 0.106625 0)
(-0.043951 0.129687 0)
(-0.00814754 0.1179 0)
(0.0205448 0.0875117 0)
(0.0304033 0.0552205 0)
(0.0283527 0.0334043 0)
(0.0272356 0.00642027 0)
(0.0325917 -0.0402302 0)
(0.0196148 -0.0673547 0)
(-0.0212852 -0.0887349 0)
(-0.043821 -0.108782 0)
(-0.0503183 -0.123456 0)
(-0.0756769 -0.106511 0)
(-0.098192 -0.0778633 0)
(-0.103416 -0.0460215 0)
(-0.0831001 -0.00765571 0)
(-0.0405363 0.0107329 0)
(0.0108991 0.0274698 0)
(0.0577724 0.0509218 0)
(0.0738656 0.0666507 0)
(0.0647388 0.0685397 0)
(0.0680118 0.0812713 0)
(0.0714218 0.0931637 0)
(0.0538778 0.0767149 0)
(0.0429255 0.0598164 0)
(0.0229027 0.0392377 0)
(-0.0157674 0.0161811 0)
(-0.0377686 0.0267784 0)
(-0.0317164 0.046816 0)
(-0.0103216 0.0679072 0)
(-0.000609903 0.0778282 0)
(0.00680309 0.0868473 0)
(0.0206152 0.111219 0)
(-0.0118569 0.144728 0)
(-0.0485802 0.178701 0)
(-0.0517351 0.213271 0)
(-0.032482 0.229152 0)
(-0.00347345 0.23333 0)
(0.00446086 0.210402 0)
(-0.0109802 0.179041 0)
(-0.03755 0.131445 0)
(-0.0214931 0.0902717 0)
(0.0222385 0.0628875 0)
(0.0578565 0.0334871 0)
(0.0967108 0.00664342 0)
(0.125846 -0.018501 0)
(0.140145 -0.0535798 0)
(0.135116 -0.0734184 0)
(0.0956361 -0.0829223 0)
(0.040573 -0.0736411 0)
(-0.011934 -0.0449499 0)
(-0.0794353 -0.00274241 0)
(-0.155302 0.0359852 0)
(-0.219726 0.084256 0)
(-0.242776 0.13643 0)
(-0.230091 0.179239 0)
(-0.180996 0.197107 0)
(-0.119481 0.189627 0)
(-0.0520172 0.180966 0)
(0.0134661 0.150216 0)
(0.0477509 0.107905 0)
(0.0709606 0.0683854 0)
(0.0461504 0.0207704 0)
(-0.0514295 0.032991 0)
(-0.142746 0.0639313 0)
(-0.172348 0.0791458 0)
(-0.150966 0.077424 0)
(-0.149387 0.087034 0)
(-0.15633 0.0973148 0)
(-0.12787 0.0963053 0)
(-0.0744486 0.0894877 0)
(-0.0320488 0.0666213 0)
(-0.00456547 0.0341457 0)
(0.0101168 0.0479846 0)
(0.0105679 0.0425902 0)
(-0.0108683 0.0186906 0)
(-0.0577227 0.0122683 0)
(-0.108232 0.0119982 0)
(-0.11639 0.0114744 0)
(-0.0679468 0.0323622 0)
(0.0168755 0.051711 0)
(0.0851005 0.0686408 0)
(0.0697312 0.0763597 0)
(0.00320135 0.0769652 0)
(-0.041446 0.0860425 0)
(-0.0585875 0.0940483 0)
(-0.0643963 0.0785828 0)
(-0.0431131 0.0801717 0)
(-0.00877926 0.0595734 0)
(0.0136736 0.0200731 0)
(0.0209879 0.014901 0)
(0.0334668 0.00216276 0)
(0.051206 0.00263957 0)
(0.0888828 -0.0131668 0)
(0.129716 0.00238723 0)
(0.114984 0.0336658 0)
(0.0746867 0.038217 0)
(0.0322976 0.0445423 0)
(-0.0115201 0.0613815 0)
(-0.0270161 0.073463 0)
(-0.0363592 0.0954752 0)
(-0.0422537 0.115038 0)
(-0.0226017 0.096297 0)
(-0.00382883 0.0692226 0)
(0.00831819 0.0284002 0)
(0.00934545 0.00474943 0)
(-0.00365673 -0.0186881 0)
(0.00516552 -0.0547483 0)
(0.00297654 -0.0756342 0)
(-0.032187 -0.087313 0)
(-0.0503447 -0.0887382 0)
(-0.0505007 -0.0901196 0)
(-0.0613272 -0.0782698 0)
(-0.0746707 -0.0571672 0)
(-0.0769579 -0.0259211 0)
(-0.0676006 0.0036819 0)
(-0.0312284 0.0253635 0)
(0.0305046 0.0439844 0)
(0.0769552 0.0549467 0)
(0.0801089 0.0601243 0)
(0.0717093 0.0624064 0)
(0.0790348 0.079426 0)
(0.0751935 0.0826776 0)
(0.051275 0.0851319 0)
(0.0307841 0.0655188 0)
(0.00232348 0.0319147 0)
(-0.0249382 0.011155 0)
(-0.0282238 0.0145275 0)
(-0.0154146 0.0392228 0)
(0.00537938 0.0539634 0)
(0.0134683 0.0687912 0)
(0.0218647 0.098166 0)
(0.0355343 0.123146 0)
(0.00421273 0.135273 0)
(-0.0284265 0.168763 0)
(-0.0306137 0.208706 0)
(-0.0218189 0.235385 0)
(-0.0103642 0.234942 0)
(-0.011178 0.224234 0)
(-0.0383166 0.194226 0)
(-0.0738184 0.146475 0)
(-0.0519352 0.0964455 0)
(-0.00182319 0.0501506 0)
(0.0380722 0.0241956 0)
(0.0765969 -0.00323721 0)
(0.104721 -0.0381723 0)
(0.121977 -0.0701544 0)
(0.116609 -0.095057 0)
(0.0944577 -0.124499 0)
(0.0570839 -0.100097 0)
(0.00606451 -0.0765575 0)
(-0.0545301 -0.0406546 0)
(-0.119031 0.0117571 0)
(-0.173716 0.0737447 0)
(-0.199181 0.133987 0)
(-0.196958 0.181289 0)
(-0.168662 0.221367 0)
(-0.119031 0.226592 0)
(-0.0604078 0.215443 0)
(-0.00345457 0.169234 0)
(0.0373776 0.130323 0)
(0.0632721 0.0917606 0)
(0.0424583 0.0317536 0)
(-0.0551957 0.0165117 0)
(-0.14459 0.0414234 0)
(-0.177126 0.0656565 0)
(-0.165982 0.0680132 0)
(-0.160032 0.0609674 0)
(-0.162566 0.0628703 0)
(-0.137737 0.0635446 0)
(-0.0875901 0.0486893 0)
(-0.0480025 0.0341769 0)
(-0.0108446 0.03896 0)
(0.00487554 0.0443948 0)
(-0.0104082 0.0290578 0)
(-0.0259666 0.0102398 0)
(-0.0560191 0.00229291 0)
(-0.102059 0.00767611 0)
(-0.108516 0.0260848 0)
(-0.0556682 0.0566208 0)
(0.0240617 0.085924 0)
(0.0836242 0.0860127 0)
(0.0701117 0.0807279 0)
(0.0132409 0.0838077 0)
(-0.0296648 0.0992023 0)
(-0.0613298 0.112897 0)
(-0.0653365 0.100649 0)
(-0.0412864 0.0966097 0)
(-0.0299048 0.0817875 0)
(-0.014542 0.0351432 0)
(0.00038311 0.00498169 0)
(0.0295693 -0.0127614 0)
(0.0597765 -0.00970256 0)
(0.094459 -0.000252034 0)
(0.14456 0.00643374 0)
(0.132868 0.015859 0)
(0.0826447 0.021856 0)
(0.0333658 0.0382298 0)
(-0.00886121 0.0635397 0)
(-0.0140892 0.0879699 0)
(-0.0197818 0.0999469 0)
(-0.045292 0.0972096 0)
(-0.0441047 0.0691307 0)
(-0.0319587 0.040456 0)
(-0.0198684 0.00450442 0)
(-0.00937584 -0.0289869 0)
(-0.0197818 -0.050064 0)
(-0.0126033 -0.061226 0)
(-0.00756079 -0.0784063 0)
(-0.0338838 -0.0742269 0)
(-0.0483857 -0.0696231 0)
(-0.0444634 -0.067016 0)
(-0.0524542 -0.0517342 0)
(-0.0597354 -0.0290146 0)
(-0.0576581 -0.0099031 0)
(-0.0433081 0.0118066 0)
(-0.00780269 0.037772 0)
(0.0366625 0.0596003 0)
(0.0744138 0.0561173 0)
(0.084707 0.0517814 0)
(0.0846666 0.0633463 0)
(0.0888093 0.0743825 0)
(0.0814265 0.0698818 0)
(0.0467325 0.065126 0)
(0.00866615 0.0511244 0)
(-0.0130563 0.0226306 0)
(-0.025621 0.0099831 0)
(-0.015452 0.0139137 0)
(-0.00237785 0.0265004 0)
(0.0104457 0.0273158 0)
(0.029737 0.0481088 0)
(0.0436741 0.0785684 0)
(0.0441872 0.113507 0)
(0.0177314 0.125851 0)
(0.00160944 0.159483 0)
(-0.00603634 0.192026 0)
(-0.0156529 0.210305 0)
(-0.0130906 0.22026 0)
(-0.025744 0.221185 0)
(-0.0672904 0.189349 0)
(-0.107593 0.144185 0)
(-0.0897324 0.10294 0)
(-0.0279101 0.0524631 0)
(0.0215674 0.020348 0)
(0.0533998 -0.0127328 0)
(0.078399 -0.0515267 0)
(0.0989946 -0.0976214 0)
(0.0945934 -0.131303 0)
(0.0901274 -0.150114 0)
(0.0729643 -0.134463 0)
(0.0282306 -0.102353 0)
(-0.0181667 -0.0640922 0)
(-0.0742555 -0.00339069 0)
(-0.131458 0.0617188 0)
(-0.162857 0.131678 0)
(-0.161455 0.175225 0)
(-0.138553 0.224994 0)
(-0.108613 0.24147 0)
(-0.0713244 0.230615 0)
(-0.0167434 0.191148 0)
(0.0350246 0.15021 0)
(0.0576574 0.112778 0)
(0.0336163 0.0396839 0)
(-0.0512919 -0.00394175 0)
(-0.139136 0.0135428 0)
(-0.178501 0.0305889 0)
(-0.174749 0.04025 0)
(-0.169288 0.0360081 0)
(-0.16737 0.0397383 0)
(-0.148953 0.047212 0)
(-0.105177 0.0228531 0)
(-0.0474132 0.00259322 0)
(-0.00477197 0.016791 0)
(-0.00466629 0.0147128 0)
(-0.0219568 0.00405982 0)
(-0.037867 -0.000816914 0)
(-0.0667307 -0.00146604 0)
(-0.097485 0.00298181 0)
(-0.0865425 0.0264519 0)
(-0.0292332 0.0703048 0)
(0.0342971 0.0942757 0)
(0.0783836 0.0979973 0)
(0.0666362 0.104927 0)
(0.0167722 0.110728 0)
(-0.0186725 0.111527 0)
(-0.054905 0.110526 0)
(-0.0727672 0.110833 0)
(-0.0526989 0.09359 0)
(-0.0493548 0.0676441 0)
(-0.0381815 0.0454652 0)
(-0.00992188 0.0190988 0)
(0.0264321 0.00202423 0)
(0.063445 -0.0149021 0)
(0.102979 -0.0018162 0)
(0.142975 0.0133107 0)
(0.12697 0.00954167 0)
(0.091111 0.0120339 0)
(0.0623622 0.0309532 0)
(0.0240102 0.0703377 0)
(-0.00167082 0.097357 0)
(-0.0313293 0.079918 0)
(-0.0670062 0.0590391 0)
(-0.0667662 0.0351263 0)
(-0.0541378 0.0050067 0)
(-0.0458894 -0.0210291 0)
(-0.0342523 -0.0478202 0)
(-0.0310908 -0.0639863 0)
(-0.019536 -0.058983 0)
(-0.0104041 -0.0679763 0)
(-0.0292908 -0.064009 0)
(-0.0480962 -0.0556722 0)
(-0.0396359 -0.0487789 0)
(-0.034675 -0.0253141 0)
(-0.0440227 0.00146152 0)
(-0.0457679 0.0109528 0)
(-0.0300687 0.0195244 0)
(0.00762593 0.0303373 0)
(0.0488026 0.0593248 0)
(0.0769214 0.0672774 0)
(0.0918221 0.0659664 0)
(0.0951612 0.0740167 0)
(0.0908439 0.0703829 0)
(0.0752757 0.057231 0)
(0.0439499 0.0293395 0)
(0.00526236 0.0195345 0)
(-0.0232641 0.00914667 0)
(-0.0280337 0.00220998 0)
(-0.0143325 0.000935034 0)
(-0.0054913 -0.00309321 0)
(0.0196877 0.00490716 0)
(0.0481019 0.0232487 0)
(0.0657428 0.044488 0)
(0.0653573 0.071982 0)
(0.032827 0.0994419 0)
(0.0152956 0.137835 0)
(0.00254616 0.165639 0)
(-0.00414721 0.179329 0)
(-0.00405374 0.199108 0)
(-0.0340648 0.194861 0)
(-0.0935903 0.171585 0)
(-0.134698 0.124542 0)
(-0.115743 0.0955699 0)
(-0.0583914 0.0585689 0)
(-0.00570077 0.0171794 0)
(0.0273773 -0.0202793 0)
(0.0449005 -0.067047 0)
(0.0644936 -0.129551 0)
(0.0775373 -0.176756 0)
(0.0899859 -0.173359 0)
(0.0885892 -0.162291 0)
(0.0531815 -0.132286 0)
(0.0132811 -0.0914808 0)
(-0.0309162 -0.0255065 0)
(-0.077166 0.0385506 0)
(-0.115652 0.12193 0)
(-0.124116 0.186331 0)
(-0.110119 0.231747 0)
(-0.0978527 0.238437 0)
(-0.0713027 0.23062 0)
(-0.0251576 0.201073 0)
(0.0313944 0.167543 0)
(0.0519128 0.121785 0)
(0.0247039 0.0454722 0)
(-0.0440581 -0.0206528 0)
(-0.125233 -0.024789 0)
(-0.166588 -0.00560361 0)
(-0.171223 0.0149409 0)
(-0.16874 0.0167387 0)
(-0.161624 0.0237182 0)
(-0.156651 0.0247095 0)
(-0.126459 -0.000697209 0)
(-0.0584344 -0.0207208 0)
(-0.00808597 -0.0266733 0)
(-0.0109635 -0.0267028 0)
(-0.0286503 -0.0206989 0)
(-0.0371021 -0.00697017 0)
(-0.0603549 -0.0097825 0)
(-0.0884509 0.000449647 0)
(-0.0654116 0.0266349 0)
(-0.0113421 0.0723061 0)
(0.0400473 0.0993589 0)
(0.0885091 0.117161 0)
(0.0781281 0.117942 0)
(0.0184097 0.123984 0)
(-0.0279067 0.113412 0)
(-0.0585375 0.0945892 0)
(-0.0733929 0.10471 0)
(-0.0679288 0.0946678 0)
(-0.0598707 0.0648619 0)
(-0.0449163 0.0500854 0)
(-0.0266958 0.0326492 0)
(0.00869473 0.0061483 0)
(0.0601621 -0.0155766 0)
(0.117423 -0.0059756 0)
(0.154164 0.00284021 0)
(0.132317 0.00777676 0)
(0.0980596 0.020276 0)
(0.0753502 0.0381453 0)
(0.0386595 0.0560441 0)
(-0.00867829 0.0674476 0)
(-0.0498823 0.0460382 0)
(-0.0804598 0.0278699 0)
(-0.0864217 0.001374 0)
(-0.0762458 -0.0294321 0)
(-0.0621526 -0.0580451 0)
(-0.0448407 -0.0724238 0)
(-0.0322411 -0.0611084 0)
(-0.0200277 -0.0381476 0)
(-0.0157821 -0.0480947 0)
(-0.0291285 -0.0531863 0)
(-0.0409283 -0.0441791 0)
(-0.0249989 -0.0269755 0)
(-0.0171795 -0.00706422 0)
(-0.0333064 0.0180294 0)
(-0.0430494 0.0373228 0)
(-0.0261434 0.0530066 0)
(0.0258657 0.0626809 0)
(0.0695381 0.067062 0)
(0.08608 0.0648376 0)
(0.0972394 0.0630872 0)
(0.0959933 0.0698443 0)
(0.0847406 0.0607493 0)
(0.0593852 0.0347911 0)
(0.0266554 0.00223976 0)
(0.000574027 -0.0164425 0)
(-0.0203227 -0.0256297 0)
(-0.0278397 -0.0270535 0)
(-0.0174737 -0.0271435 0)
(0.000327799 -0.0225498 0)
(0.0275365 -0.00975825 0)
(0.054725 -0.0268917 0)
(0.0739608 -0.0112562 0)
(0.0781608 0.0240707 0)
(0.0594562 0.0648415 0)
(0.0439652 0.105645 0)
(0.0191332 0.132928 0)
(0.00509592 0.161267 0)
(-0.0036994 0.170749 0)
(-0.0460133 0.159777 0)
(-0.117067 0.14028 0)
(-0.159842 0.103798 0)
(-0.133314 0.0835862 0)
(-0.0799185 0.0560271 0)
(-0.0307507 0.0136888 0)
(-0.00354954 -0.0352488 0)
(0.00170448 -0.0943436 0)
(0.0201273 -0.15569 0)
(0.0620107 -0.198971 0)
(0.0981587 -0.196638 0)
(0.0985572 -0.19378 0)
(0.07422 -0.173005 0)
(0.0536259 -0.124019 0)
(0.0150668 -0.0459437 0)
(-0.0276221 0.0260512 0)
(-0.0556155 0.106129 0)
(-0.0774189 0.176753 0)
(-0.0905719 0.218282 0)
(-0.0915754 0.227164 0)
(-0.0706663 0.226234 0)
(-0.0222371 0.207915 0)
(0.0335826 0.185541 0)
(0.0452081 0.124555 0)
(0.0150647 0.0502825 0)
(-0.0422509 -0.0252897 0)
(-0.11142 -0.0421373 0)
(-0.143372 -0.0238752 0)
(-0.156989 -0.0101694 0)
(-0.163454 -0.00736041 0)
(-0.163038 -0.0148182 0)
(-0.16905 -0.0362089 0)
(-0.141381 -0.0395635 0)
(-0.0701082 -0.0395517 0)
(-0.0136772 -0.0503645 0)
(-0.00571606 -0.0414104 0)
(-0.0137349 -0.0185282 0)
(-0.0367703 -0.00482688 0)
(-0.0685532 -0.0231227 0)
(-0.0779687 -0.00757266 0)
(-0.0405387 0.0229114 0)
(0.018268 0.067276 0)
(0.0625751 0.102277 0)
(0.0889564 0.132284 0)
(0.0704071 0.127353 0)
(0.014126 0.126052 0)
(-0.03775 0.114178 0)
(-0.0571528 0.0805674 0)
(-0.0673169 0.0796813 0)
(-0.0758299 0.0794693 0)
(-0.075696 0.061755 0)
(-0.0556504 0.0439433 0)
(-0.036664 0.0249612 0)
(-0.00443953 0.00479494 0)
(0.0579499 -0.00782009 0)
(0.118716 0.00326362 0)
(0.154127 -0.00490447 0)
(0.139842 -0.00735041 0)
(0.112724 0.000107776 0)
(0.0874032 0.0132455 0)
(0.043941 0.0269569 0)
(-0.0108871 0.0298101 0)
(-0.0625073 0.0223728 0)
(-0.102191 0.00410067 0)
(-0.111608 -0.0273302 0)
(-0.101009 -0.0591 0)
(-0.081237 -0.0860949 0)
(-0.0408207 -0.0896608 0)
(-0.0107304 -0.0636222 0)
(-0.0151937 -0.0321388 0)
(-0.0268347 -0.024624 0)
(-0.0316013 -0.03203 0)
(-0.0334289 -0.0349831 0)
(-0.0159346 -0.0101435 0)
(-0.00375212 0.0103859 0)
(-0.0118207 0.0344176 0)
(-0.0185762 0.0614661 0)
(-0.00802361 0.0975581 0)
(0.0231576 0.102591 0)
(0.0571416 0.0773853 0)
(0.0820009 0.0557053 0)
(0.104422 0.0475092 0)
(0.102938 0.0484432 0)
(0.074796 0.0323839 0)
(0.0418396 0.000310082 0)
(0.0153066 -0.0209099 0)
(-0.0072247 -0.0350683 0)
(-0.0245816 -0.0517696 0)
(-0.0246627 -0.0595959 0)
(-0.00892661 -0.0618129 0)
(0.0067807 -0.0673216 0)
(0.0134002 -0.0649173 0)
(0.0416052 -0.0858194 0)
(0.0960402 -0.0648165 0)
(0.113054 -0.0141902 0)
(0.084262 0.0316877 0)
(0.0573382 0.065633 0)
(0.0367061 0.092171 0)
(0.01884 0.131424 0)
(-0.00760701 0.132964 0)
(-0.0563492 0.121041 0)
(-0.132103 0.104765 0)
(-0.171517 0.0971039 0)
(-0.14433 0.0798041 0)
(-0.102316 0.0414258 0)
(-0.0652808 -0.00324529 0)
(-0.0453689 -0.0618731 0)
(-0.0386671 -0.123108 0)
(-0.00983749 -0.169262 0)
(0.0471964 -0.204901 0)
(0.0906195 -0.220271 0)
(0.100077 -0.229162 0)
(0.0965049 -0.206384 0)
(0.0976392 -0.148894 0)
(0.0705527 -0.0783171 0)
(0.0274952 0.00452615 0)
(-0.00859102 0.0847406 0)
(-0.0402011 0.152078 0)
(-0.0645346 0.197369 0)
(-0.0744351 0.216736 0)
(-0.0566444 0.228885 0)
(-0.0124621 0.2235 0)
(0.0297538 0.192188 0)
(0.0335586 0.12549 0)
(0.00526477 0.0449336 0)
(-0.036389 -0.0248437 0)
(-0.093008 -0.0453466 0)
(-0.125478 -0.0393861 0)
(-0.148615 -0.0395983 0)
(-0.165631 -0.0438904 0)
(-0.178756 -0.0605574 0)
(-0.172617 -0.0811223 0)
(-0.128379 -0.0739701 0)
(-0.0675289 -0.0655626 0)
(-0.0122999 -0.0634391 0)
(0.00798885 -0.0498419 0)
(-0.00761137 -0.0252623 0)
(-0.047427 -0.0158746 0)
(-0.0699981 -0.0210442 0)
(-0.0624272 -0.00314577 0)
(-0.0178737 0.034499 0)
(0.0403943 0.0652994 0)
(0.0826319 0.0988426 0)
(0.103588 0.131129 0)
(0.072353 0.139835 0)
(0.00981848 0.135325 0)
(-0.0580549 0.108606 0)
(-0.0787017 0.0561064 0)
(-0.067559 0.0300251 0)
(-0.0736096 0.0412753 0)
(-0.0782641 0.0482353 0)
(-0.0646232 0.0394394 0)
(-0.0490378 0.00814067 0)
(-0.0102516 -0.00475942 0)
(0.0626983 -0.00666229 0)
(0.121703 -0.00191447 0)
(0.1471 -0.00411091 0)
(0.1356 -0.00990094 0)
(0.111979 -0.00980584 0)
(0.0933629 -0.0162997 0)
(0.0488576 -0.0126209 0)
(-0.0141443 -0.0205274 0)
(-0.0709841 -0.0252856 0)
(-0.119405 -0.0327237 0)
(-0.13566 -0.0558183 0)
(-0.122773 -0.0962837 0)
(-0.0886376 -0.106648 0)
(-0.0330945 -0.0933659 0)
(0.00454733 -0.0638908 0)
(0.00256063 -0.0337179 0)
(-0.0220953 -0.0125616 0)
(-0.0430453 -0.0109609 0)
(-0.0305338 -0.0202523 0)
(0.00382651 0.000488662 0)
(0.0127506 0.0331467 0)
(0.0035296 0.0634513 0)
(0.00499197 0.0884881 0)
(0.00805811 0.115353 0)
(0.0171585 0.113014 0)
(0.0430268 0.0860093 0)
(0.0735191 0.0612539 0)
(0.102347 0.0406863 0)
(0.0959758 0.0268675 0)
(0.0607342 -0.00331034 0)
(0.0314624 -0.034411 0)
(0.011315 -0.0473208 0)
(-0.0125881 -0.0628089 0)
(-0.0305958 -0.0817248 0)
(-0.0298603 -0.0936417 0)
(-0.0207218 -0.101386 0)
(-0.00276918 -0.134673 0)
(0.00987533 -0.143252 0)
(0.0478475 -0.126748 0)
(0.117454 -0.0929417 0)
(0.138613 -0.0656013 0)
(0.107319 -0.0284605 0)
(0.0783082 0.0121106 0)
(0.0590334 0.0488968 0)
(0.0290705 0.0824972 0)
(-0.0143306 0.0956172 0)
(-0.066448 0.0849989 0)
(-0.131129 0.0819325 0)
(-0.171807 0.0912503 0)
(-0.165701 0.0754209 0)
(-0.131203 0.028368 0)
(-0.0968002 -0.0303933 0)
(-0.0828226 -0.0954242 0)
(-0.0705488 -0.148774 0)
(-0.0363719 -0.177498 0)
(0.0244792 -0.218111 0)
(0.076427 -0.252052 0)
(0.101262 -0.256025 0)
(0.122846 -0.219291 0)
(0.13568 -0.152275 0)
(0.115587 -0.0938588 0)
(0.0816221 -0.0266962 0)
(0.0458347 0.0453459 0)
(0.00399489 0.126064 0)
(-0.0367309 0.171616 0)
(-0.0523075 0.201144 0)
(-0.0375868 0.225965 0)
(-0.00661848 0.224461 0)
(0.0215835 0.185071 0)
(0.0182735 0.120306 0)
(-0.00231488 0.0388827 0)
(-0.0337307 -0.0232869 0)
(-0.0831437 -0.0493509 0)
(-0.113335 -0.0615573 0)
(-0.142435 -0.0705986 0)
(-0.165995 -0.0791823 0)
(-0.181048 -0.089768 0)
(-0.172398 -0.0953548 0)
(-0.126062 -0.0950478 0)
(-0.0610731 -0.0914544 0)
(-0.00335131 -0.0724764 0)
(0.018774 -0.067218 0)
(0.00563588 -0.051715 0)
(-0.0408517 -0.0245505 0)
(-0.0674213 -0.007571 0)
(-0.0458007 0.00425489 0)
(0.00132835 0.0325194 0)
(0.0580252 0.0587527 0)
(0.105011 0.105976 0)
(0.115304 0.130124 0)
(0.0722882 0.131642 0)
(-0.00727801 0.0957996 0)
(-0.0917823 0.0558687 0)
(-0.108428 0.0377888 0)
(-0.0700157 0.0141848 0)
(-0.053266 0.0173324 0)
(-0.0676968 0.0237507 0)
(-0.0763691 0.0230786 0)
(-0.0616317 -0.00341053 0)
(-0.00948171 -0.0144533 0)
(0.0639656 -0.00719721 0)
(0.122602 -0.0130024 0)
(0.148562 -0.0161801 0)
(0.134629 -0.0318843 0)
(0.106117 -0.0335328 0)
(0.0830006 -0.0428067 0)
(0.0384119 -0.067064 0)
(-0.0225339 -0.0810035 0)
(-0.0737371 -0.0774211 0)
(-0.127002 -0.0626917 0)
(-0.161068 -0.0773659 0)
(-0.141756 -0.115881 0)
(-0.0833425 -0.10909 0)
(-0.0146361 -0.0888954 0)
(0.0268794 -0.0643749 0)
(0.0154573 -0.0390249 0)
(-0.0177271 -0.0169985 0)
(-0.0449366 -0.00443431 0)
(-0.0321021 0.011301 0)
(0.0175657 0.0263596 0)
(0.0388226 0.0521292 0)
(0.0277439 0.0886318 0)
(0.0213413 0.119211 0)
(0.0146398 0.123681 0)
(0.00881669 0.109244 0)
(0.028475 0.0865596 0)
(0.0597091 0.0603706 0)
(0.0913257 0.0297432 0)
(0.0835073 5.95359e-05 0)
(0.0430055 -0.0301856 0)
(0.0226791 -0.0561799 0)
(0.00704756 -0.0729647 0)
(-0.021128 -0.0997696 0)
(-0.0378683 -0.122127 0)
(-0.0325818 -0.14234 0)
(-0.036151 -0.165879 0)
(-0.0251166 -0.192732 0)
(0.0140161 -0.202941 0)
(0.069733 -0.166454 0)
(0.129347 -0.130203 0)
(0.147169 -0.116024 0)
(0.127738 -0.0835148 0)
(0.101468 -0.0393377 0)
(0.077819 -0.00275756 0)
(0.0456704 0.0300162 0)
(-0.0094465 0.0540527 0)
(-0.065896 0.0595465 0)
(-0.122865 0.0631305 0)
(-0.168018 0.0619963 0)
(-0.179492 0.0502986 0)
(-0.167429 0.0115054 0)
(-0.143393 -0.0447489 0)
(-0.120779 -0.109888 0)
(-0.090093 -0.156537 0)
(-0.0558075 -0.186383 0)
(-0.00732921 -0.232177 0)
(0.0580032 -0.280826 0)
(0.114651 -0.274268 0)
(0.159343 -0.219848 0)
(0.17388 -0.158004 0)
(0.146212 -0.105067 0)
(0.114643 -0.0476775 0)
(0.0922947 0.0158183 0)
(0.047283 0.0882823 0)
(-0.00638109 0.146075 0)
(-0.0210529 0.189161 0)
(-0.0134402 0.216058 0)
(-0.00154969 0.211728 0)
(0.0115918 0.172006 0)
(0.00477425 0.103181 0)
(-0.00945655 0.0327892 0)
(-0.0309693 -0.0203217 0)
(-0.0787208 -0.0468951 0)
(-0.109904 -0.0717117 0)
(-0.1379 -0.0915183 0)
(-0.161321 -0.106257 0)
(-0.176346 -0.12171 0)
(-0.165816 -0.113292 0)
(-0.118319 -0.101644 0)
(-0.0472291 -0.103029 0)
(0.00580583 -0.0793551 0)
(0.0203746 -0.064998 0)
(0.0181714 -0.0524518 0)
(-0.0226748 -0.0403948 0)
(-0.0579717 -0.020871 0)
(-0.0428239 0.000508649 0)
(0.0124017 0.0232136 0)
(0.0855529 0.0640126 0)
(0.128071 0.102934 0)
(0.118008 0.101763 0)
(0.045808 0.0915421 0)
(-0.0438193 0.0478786 0)
(-0.0953708 0.0270923 0)
(-0.101222 0.0394968 0)
(-0.0724303 0.0228413 0)
(-0.0552974 -6.56557e-06 0)
(-0.0626551 -0.0128061 0)
(-0.0740656 -0.010566 0)
(-0.0677654 -0.0236497 0)
(-0.00638194 -0.0271594 0)
(0.0679515 -0.020149 0)
(0.116869 -0.0225602 0)
(0.132893 -0.0465215 0)
(0.12095 -0.0652143 0)
(0.101131 -0.0673269 0)
(0.0655898 -0.0789695 0)
(0.0178223 -0.101617 0)
(-0.0243221 -0.120146 0)
(-0.0597494 -0.122166 0)
(-0.121538 -0.105734 0)
(-0.177292 -0.0939859 0)
(-0.149397 -0.0947339 0)
(-0.0732119 -0.089955 0)
(-0.00594714 -0.0945668 0)
(0.0341488 -0.0794891 0)
(0.0291395 -0.0508839 0)
(-0.00577343 -0.0115333 0)
(-0.0316403 0.015046 0)
(-0.0167714 0.0430256 0)
(0.0264733 0.0662727 0)
(0.0536391 0.0803492 0)
(0.0511715 0.112803 0)
(0.0326675 0.143742 0)
(0.00617814 0.123697 0)
(-0.00154421 0.0908031 0)
(0.0181953 0.0734859 0)
(0.0446729 0.0425386 0)
(0.0721637 0.0147417 0)
(0.0668606 -0.0227873 0)
(0.0347602 -0.0457452 0)
(0.0154258 -0.0715032 0)
(-0.00580904 -0.103318 0)
(-0.0350502 -0.140333 0)
(-0.0504318 -0.167579 0)
(-0.0539113 -0.184762 0)
(-0.0540574 -0.232819 0)
(-0.0314076 -0.245218 0)
(0.0225992 -0.24474 0)
(0.0900911 -0.207057 0)
(0.139788 -0.167741 0)
(0.156171 -0.150143 0)
(0.146518 -0.124185 0)
(0.121677 -0.08743 0)
(0.0966789 -0.0417601 0)
(0.0614302 -0.00645871 0)
(0.00283612 0.0144139 0)
(-0.0590012 0.0298684 0)
(-0.123318 0.0270919 0)
(-0.17059 0.023256 0)
(-0.188593 0.0180074 0)
(-0.184729 -0.0108658 0)
(-0.16933 -0.0508419 0)
(-0.149834 -0.11445 0)
(-0.115007 -0.163922 0)
(-0.0851653 -0.201816 0)
(-0.0441831 -0.2346 0)
(0.0397593 -0.265162 0)
(0.134124 -0.265304 0)
(0.19108 -0.221032 0)
(0.199214 -0.183243 0)
(0.174476 -0.127181 0)
(0.1495 -0.0570817 0)
(0.128729 0.0181362 0)
(0.0892438 0.0707526 0)
(0.0358723 0.13048 0)
(0.00872726 0.173713 0)
(0.0017859 0.189833 0)
(-0.00100945 0.187576 0)
(-0.00298801 0.158214 0)
(-0.00982232 0.097788 0)
(-0.00871261 0.0303294 0)
(-0.0292759 -0.0181569 0)
(-0.0778425 -0.0420287 0)
(-0.111567 -0.0725064 0)
(-0.139573 -0.0947544 0)
(-0.164886 -0.112969 0)
(-0.167246 -0.139099 0)
(-0.142858 -0.119538 0)
(-0.108013 -0.0911977 0)
(-0.0386065 -0.0868469 0)
(0.0262795 -0.0859577 0)
(0.036132 -0.073371 0)
(0.0178305 -0.0718244 0)
(-0.0262211 -0.0698961 0)
(-0.0478174 -0.0433296 0)
(-0.0248937 -0.00865904 0)
(0.0364236 0.0295659 0)
(0.106021 0.0617039 0)
(0.12424 0.0809709 0)
(0.101518 0.078282 0)
(0.0311304 0.0642244 0)
(-0.0520013 0.0505773 0)
(-0.0912277 0.040035 0)
(-0.101391 0.0317498 0)
(-0.0864222 0.0179866 0)
(-0.0655498 -0.0102508 0)
(-0.061521 -0.0338758 0)
(-0.0716089 -0.0514123 0)
(-0.0633223 -0.0551243 0)
(0.000697096 -0.0466982 0)
(0.0717709 -0.0432066 0)
(0.104574 -0.0568829 0)
(0.115962 -0.083481 0)
(0.116231 -0.090797 0)
(0.0919371 -0.0956077 0)
(0.0536338 -0.111507 0)
(0.00454229 -0.129461 0)
(-0.0404007 -0.149228 0)
(-0.0651845 -0.154853 0)
(-0.108046 -0.142634 0)
(-0.155067 -0.0993861 0)
(-0.141823 -0.065704 0)
(-0.0876923 -0.0657096 0)
(-0.0131338 -0.0958134 0)
(0.0510361 -0.0729852 0)
(0.0558267 -0.0404134 0)
(0.0198505 -0.0145363 0)
(-0.0163827 0.0254386 0)
(-0.00563098 0.0631616 0)
(0.0355065 0.092967 0)
(0.0665604 0.109776 0)
(0.0719218 0.131444 0)
(0.0314329 0.149364 0)
(-0.0177965 0.129084 0)
(-0.0178082 0.0903521 0)
(0.00617963 0.0533833 0)
(0.031667 0.0193229 0)
(0.0596762 -0.00895771 0)
(0.0562099 -0.0422435 0)
(0.0248896 -0.0710597 0)
(-0.00172469 -0.0995762 0)
(-0.0259206 -0.129817 0)
(-0.0518648 -0.168064 0)
(-0.0563772 -0.202282 0)
(-0.0702741 -0.226811 0)
(-0.0757308 -0.265454 0)
(-0.0354805 -0.277476 0)
(0.0337872 -0.277396 0)
(0.112124 -0.2385 0)
(0.15256 -0.191922 0)
(0.158085 -0.166186 0)
(0.152283 -0.159311 0)
(0.142002 -0.127536 0)
(0.120612 -0.0824769 0)
(0.0751743 -0.0458912 0)
(0.0116087 -0.0147569 0)
(-0.0554988 -0.00341734 0)
(-0.120023 -0.00609863 0)
(-0.161107 -0.000793317 0)
(-0.186399 -0.00735175 0)
(-0.197068 -0.0310867 0)
(-0.197974 -0.0754692 0)
(-0.184183 -0.123995 0)
(-0.138831 -0.168967 0)
(-0.0985571 -0.206017 0)
(-0.0523884 -0.225807 0)
(0.0285987 -0.23869 0)
(0.13214 -0.240682 0)
(0.197721 -0.229764 0)
(0.215943 -0.199912 0)
(0.209788 -0.126787 0)
(0.193222 -0.052868 0)
(0.162164 0.0234476 0)
(0.112895 0.0704287 0)
(0.0620492 0.112376 0)
(0.027211 0.14492 0)
(0.0151617 0.158297 0)
(0.00912979 0.166985 0)
(-0.00333103 0.152442 0)
(-0.0195805 0.105504 0)
(-0.0153064 0.0344206 0)
(-0.0256541 -0.0172522 0)
(-0.0761692 -0.0382775 0)
(-0.111898 -0.0676666 0)
(-0.135537 -0.0900315 0)
(-0.166048 -0.101967 0)
(-0.15761 -0.119958 0)
(-0.111655 -0.114067 0)
(-0.0803903 -0.0871825 0)
(-0.0349316 -0.0728681 0)
(0.0185911 -0.0938674 0)
(0.0284653 -0.10539 0)
(0.0141053 -0.111444 0)
(-0.0116363 -0.094773 0)
(-0.0251909 -0.0512791 0)
(-0.00287552 -0.0142803 0)
(0.0501618 0.03542 0)
(0.110358 0.0472976 0)
(0.129692 0.0496184 0)
(0.0989222 0.0558124 0)
(0.023492 0.049999 0)
(-0.0582671 0.0646202 0)
(-0.100788 0.0556627 0)
(-0.104715 0.0196698 0)
(-0.0875574 0.00972223 0)
(-0.0761633 -0.0153191 0)
(-0.0757634 -0.036882 0)
(-0.0741999 -0.0643498 0)
(-0.0517758 -0.0701042 0)
(0.0110882 -0.0674037 0)
(0.0650604 -0.0730457 0)
(0.0879646 -0.104423 0)
(0.105412 -0.120545 0)
(0.10724 -0.123887 0)
(0.0801174 -0.113541 0)
(0.035161 -0.116398 0)
(-0.0142951 -0.151173 0)
(-0.0458752 -0.162078 0)
(-0.0565225 -0.161579 0)
(-0.0817799 -0.146465 0)
(-0.12204 -0.0983062 0)
(-0.127126 -0.0580456 0)
(-0.099725 -0.0522396 0)
(-0.017921 -0.0671879 0)
(0.0659573 -0.059222 0)
(0.0610014 -0.0331905 0)
(0.0296175 -0.0166247 0)
(0.0112159 0.0248652 0)
(0.0186586 0.0799058 0)
(0.0483991 0.119452 0)
(0.0733359 0.131213 0)
(0.076842 0.137253 0)
(0.0332542 0.13576 0)
(-0.0293521 0.132255 0)
(-0.0447136 0.101287 0)
(-0.0182377 0.0442683 0)
(0.0166055 0.00305384 0)
(0.0457413 -0.0259349 0)
(0.0407535 -0.0593047 0)
(0.0128025 -0.0964151 0)
(-0.00705724 -0.120365 0)
(-0.0353504 -0.152557 0)
(-0.0683233 -0.185072 0)
(-0.0759456 -0.214462 0)
(-0.0870977 -0.252016 0)
(-0.0847002 -0.285629 0)
(-0.0418755 -0.303765 0)
(0.0408764 -0.294813 0)
(0.134907 -0.253507 0)
(0.169395 -0.210948 0)
(0.15361 -0.184095 0)
(0.147939 -0.166576 0)
(0.153053 -0.150069 0)
(0.135703 -0.117109 0)
(0.0963904 -0.0785779 0)
(0.0269882 -0.044324 0)
(-0.0511977 -0.0321777 0)
(-0.111587 -0.0227133 0)
(-0.154277 -0.021169 0)
(-0.187765 -0.0366382 0)
(-0.208013 -0.0595091 0)
(-0.209884 -0.104228 0)
(-0.192983 -0.132475 0)
(-0.154997 -0.163387 0)
(-0.114573 -0.19379 0)
(-0.0655997 -0.210073 0)
(0.0207687 -0.226865 0)
(0.122134 -0.230184 0)
(0.193301 -0.223236 0)
(0.240425 -0.18444 0)
(0.244744 -0.11698 0)
(0.222689 -0.0499655 0)
(0.186597 0.0198982 0)
(0.129776 0.0642961 0)
(0.0764879 0.0981404 0)
(0.0411419 0.130293 0)
(0.0311119 0.143599 0)
(0.0236515 0.147649 0)
(-0.00200279 0.13919 0)
(-0.0315671 0.0975535 0)
(-0.0246986 0.0309137 0)
(-0.0233248 -0.00988475 0)
(-0.0736825 -0.0305469 0)
(-0.111233 -0.0576962 0)
(-0.129057 -0.0860966 0)
(-0.1544 -0.0920165 0)
(-0.147811 -0.0839574 0)
(-0.0954393 -0.0958242 0)
(-0.0602241 -0.0934695 0)
(-0.0326442 -0.0886068 0)
(0.00624239 -0.109742 0)
(0.0205654 -0.123307 0)
(0.017736 -0.116292 0)
(0.00626348 -0.0955654 0)
(-0.00315312 -0.0509185 0)
(0.022479 -0.014723 0)
(0.0646385 0.0298068 0)
(0.100319 0.0305066 0)
(0.117153 0.0227295 0)
(0.0931056 0.027888 0)
(0.0350089 0.0339941 0)
(-0.0437189 0.0511749 0)
(-0.113713 0.0579917 0)
(-0.119214 0.0325516 0)
(-0.0924524 -0.000415814 0)
(-0.0783291 -0.0319153 0)
(-0.0763539 -0.0437041 0)
(-0.0770875 -0.058822 0)
(-0.0505701 -0.0704624 0)
(0.00850445 -0.0804479 0)
(0.0492057 -0.0977902 0)
(0.069361 -0.120905 0)
(0.0972598 -0.139568 0)
(0.114218 -0.1477 0)
(0.089269 -0.135387 0)
(0.0185562 -0.120642 0)
(-0.0344005 -0.133713 0)
(-0.0509277 -0.123967 0)
(-0.0545404 -0.134205 0)
(-0.0613303 -0.129041 0)
(-0.0901067 -0.0935776 0)
(-0.109521 -0.0576869 0)
(-0.0984875 -0.0456289 0)
(-0.0252916 -0.0365078 0)
(0.0660854 -0.0436082 0)
(0.0743706 -0.0269791 0)
(0.0470208 -0.00166561 0)
(0.0369117 0.0305735 0)
(0.0456854 0.083168 0)
(0.0570237 0.124734 0)
(0.0681796 0.144035 0)
(0.0705001 0.144932 0)
(0.030444 0.127421 0)
(-0.0334197 0.119245 0)
(-0.0670907 0.0959044 0)
(-0.0469352 0.0381806 0)
(0.000929065 -0.00939714 0)
(0.0353354 -0.0345435 0)
(0.0263599 -0.0592596 0)
(0.00275365 -0.0936192 0)
(-0.0192602 -0.129918 0)
(-0.0490148 -0.167611 0)
(-0.0730511 -0.192106 0)
(-0.0832602 -0.210576 0)
(-0.105141 -0.249357 0)
(-0.104542 -0.292147 0)
(-0.0437916 -0.320917 0)
(0.0577073 -0.293881 0)
(0.150807 -0.241413 0)
(0.17372 -0.209046 0)
(0.157388 -0.191373 0)
(0.143612 -0.165726 0)
(0.147003 -0.161645 0)
(0.146794 -0.132155 0)
(0.109973 -0.0923099 0)
(0.0368162 -0.0700201 0)
(-0.0377251 -0.055949 0)
(-0.0995245 -0.0434478 0)
(-0.149619 -0.039813 0)
(-0.185394 -0.0488868 0)
(-0.212663 -0.0730088 0)
(-0.215999 -0.113289 0)
(-0.194539 -0.144973 0)
(-0.157339 -0.169861 0)
(-0.116333 -0.186147 0)
(-0.0725332 -0.191657 0)
(0.00444698 -0.198973 0)
(0.11196 -0.204081 0)
(0.196481 -0.193972 0)
(0.250162 -0.156476 0)
(0.260029 -0.116322 0)
(0.245473 -0.0477841 0)
(0.20286 0.0186138 0)
(0.136214 0.0597569 0)
(0.0883981 0.0860852 0)
(0.0524241 0.110707 0)
(0.0349565 0.132087 0)
(0.029156 0.129316 0)
(0.000244259 0.110203 0)
(-0.0404356 0.0816056 0)
(-0.0297865 0.0269185 0)
(-0.0221734 -0.00873704 0)
(-0.0728465 -0.0234458 0)
(-0.112845 -0.0387737 0)
(-0.121091 -0.0624082 0)
(-0.126882 -0.0814206 0)
(-0.12685 -0.0709286 0)
(-0.0905117 -0.0718049 0)
(-0.0535548 -0.0869671 0)
(-0.0333777 -0.0984684 0)
(-0.00230943 -0.10797 0)
(0.019985 -0.113738 0)
(0.0245634 -0.101474 0)
(0.0222503 -0.0825681 0)
(0.0169629 -0.0556391 0)
(0.0367477 -0.0252238 0)
(0.0624022 0.00525675 0)
(0.0848504 0.0106301 0)
(0.110633 0.0163473 0)
(0.095815 0.0281764 0)
(0.0370297 0.0312378 0)
(-0.0355794 0.0208753 0)
(-0.1012 0.031856 0)
(-0.127575 0.0299943 0)
(-0.110266 -0.000468076 0)
(-0.0811685 -0.0144651 0)
(-0.0691841 -0.0363085 0)
(-0.0705547 -0.0559569 0)
(-0.0496218 -0.0663968 0)
(0.00238521 -0.0796776 0)
(0.0398232 -0.102254 0)
(0.0555117 -0.112758 0)
(0.0787544 -0.130732 0)
(0.099833 -0.150893 0)
(0.0884896 -0.160698 0)
(0.0264217 -0.134304 0)
(-0.0232949 -0.103454 0)
(-0.0488661 -0.0846412 0)
(-0.059754 -0.0929808 0)
(-0.0498054 -0.0996606 0)
(-0.0676788 -0.0832696 0)
(-0.0919816 -0.0477135 0)
(-0.0876791 -0.0294318 0)
(-0.0238697 -0.00563151 0)
(0.0619435 -0.00139453 0)
(0.0773565 -0.00322561 0)
(0.0536224 0.00402631 0)
(0.0516289 0.0238329 0)
(0.0642632 0.071341 0)
(0.0716212 0.105638 0)
(0.0727843 0.142938 0)
(0.0581338 0.145916 0)
(0.0176416 0.119612 0)
(-0.0402038 0.100031 0)
(-0.0849068 0.0903022 0)
(-0.07218 0.050483 0)
(-0.0122571 -0.00261043 0)
(0.0333463 -0.0448488 0)
(0.0215342 -0.0731736 0)
(-0.0139301 -0.0911946 0)
(-0.0345564 -0.127918 0)
(-0.052441 -0.152355 0)
(-0.0702632 -0.175813 0)
(-0.0894795 -0.195907 0)
(-0.123608 -0.238946 0)
(-0.124052 -0.274704 0)
(-0.0442098 -0.296842 0)
(0.082824 -0.270303 0)
(0.16771 -0.227935 0)
(0.168133 -0.196888 0)
(0.143694 -0.174108 0)
(0.127966 -0.161443 0)
(0.138675 -0.155433 0)
(0.153475 -0.136605 0)
(0.118316 -0.0999951 0)
(0.0424521 -0.0762938 0)
(-0.0291793 -0.0655114 0)
(-0.0840657 -0.0611314 0)
(-0.131055 -0.0545299 0)
(-0.175496 -0.0615927 0)
(-0.212131 -0.0837907 0)
(-0.217139 -0.113366 0)
(-0.191683 -0.137023 0)
(-0.150568 -0.156016 0)
(-0.108609 -0.168394 0)
(-0.0686579 -0.173654 0)
(0.000929774 -0.164386 0)
(0.0978817 -0.159743 0)
(0.184695 -0.154937 0)
(0.241879 -0.131957 0)
(0.262557 -0.105834 0)
(0.259783 -0.0458667 0)
(0.209644 0.00732464 0)
(0.134238 0.0507854 0)
(0.0827091 0.0753327 0)
(0.0592011 0.0926336 0)
(0.0452242 0.11451 0)
(0.0246428 0.108535 0)
(-0.00310692 0.0778443 0)
(-0.041875 0.0606195 0)
(-0.0356167 0.0274581 0)
(-0.0165787 -0.0107383 0)
(-0.0579604 -0.0227716 0)
(-0.0975904 -0.0235349 0)
(-0.115776 -0.0319463 0)
(-0.116915 -0.058347 0)
(-0.101205 -0.0618256 0)
(-0.0736325 -0.0552911 0)
(-0.0535095 -0.0691215 0)
(-0.0314419 -0.0991978 0)
(3.0259e-05 -0.101384 0)
(0.0195745 -0.0943696 0)
(0.0275776 -0.0702109 0)
(0.022744 -0.0634884 0)
(0.0185985 -0.0550567 0)
(0.043539 -0.0288246 0)
(0.064954 -0.00715993 0)
(0.0826836 0.0113454 0)
(0.107746 0.0160542 0)
(0.0888555 0.0115948 0)
(0.024626 0.0163052 0)
(-0.0370842 0.00597357 0)
(-0.0902339 0.0040813 0)
(-0.117573 0.0132237 0)
(-0.0941122 0.0135408 0)
(-0.0711172 0.00412165 0)
(-0.0739548 -0.0228955 0)
(-0.0703149 -0.0427802 0)
(-0.0461381 -0.0598807 0)
(-0.00492933 -0.0795081 0)
(0.02891 -0.0986617 0)
(0.044691 -0.0970685 0)
(0.0587854 -0.110854 0)
(0.0770461 -0.131964 0)
(0.0851944 -0.148327 0)
(0.0471127 -0.12935 0)
(-0.0059105 -0.0810048 0)
(-0.0451739 -0.0720553 0)
(-0.0629192 -0.0635831 0)
(-0.0491963 -0.0718343 0)
(-0.0470887 -0.0635799 0)
(-0.0678201 -0.0321744 0)
(-0.0702544 -0.0109469 0)
(-0.0126895 0.0219192 0)
(0.055703 0.030489 0)
(0.0623663 0.0150029 0)
(0.0457183 0.009508 0)
(0.0590949 0.0169837 0)
(0.0747795 0.0529369 0)
(0.0806362 0.0938138 0)
(0.0769599 0.123578 0)
(0.0446745 0.123156 0)
(0.000964601 0.097001 0)
(-0.0389874 0.0759476 0)
(-0.0784727 0.0796911 0)
(-0.0857987 0.0574075 0)
(-0.0400278 0.0152023 0)
(0.0103251 -0.0351058 0)
(0.0181824 -0.0741828 0)
(-0.0101793 -0.0893554 0)
(-0.0341807 -0.111249 0)
(-0.0510522 -0.127089 0)
(-0.0689589 -0.146823 0)
(-0.0927269 -0.18034 0)
(-0.130836 -0.219848 0)
(-0.127585 -0.234746 0)
(-0.0405019 -0.234262 0)
(0.0871018 -0.221841 0)
(0.166145 -0.209243 0)
(0.164495 -0.182227 0)
(0.131268 -0.152369 0)
(0.105845 -0.143026 0)
(0.11685 -0.127994 0)
(0.145586 -0.116804 0)
(0.123877 -0.100273 0)
(0.0478603 -0.0795375 0)
(-0.0231842 -0.0686463 0)
(-0.0716642 -0.0719391 0)
(-0.116097 -0.0691584 0)
(-0.16118 -0.0701326 0)
(-0.196122 -0.0821254 0)
(-0.196637 -0.0942448 0)
(-0.17031 -0.109751 0)
(-0.135129 -0.129797 0)
(-0.1003 -0.142272 0)
(-0.0602237 -0.143142 0)
(0.00271581 -0.12962 0)
(0.0850645 -0.125541 0)
(0.162597 -0.121274 0)
(0.215888 -0.105341 0)
(0.244269 -0.079245 0)
(0.249521 -0.0418434 0)
(0.202609 -0.00148368 0)
(0.128496 0.0336267 0)
(0.0780155 0.0619336 0)
(0.0575256 0.0826849 0)
(0.0402265 0.0818675 0)
(0.0129608 0.0712329 0)
(-0.0074738 0.0494455 0)
(-0.0349189 0.0324152 0)
(-0.0388752 0.0153806 0)
(-0.0134762 -0.00798932 0)
(-0.0435428 -0.0198342 0)
(-0.073752 -0.0153227 0)
(-0.0953415 -0.0158231 0)
(-0.0971471 -0.0356637 0)
(-0.0781597 -0.0411193 0)
(-0.0560888 -0.0388167 0)
(-0.0534329 -0.0462459 0)
(-0.0362711 -0.0679426 0)
(0.00619776 -0.0909674 0)
(0.0331575 -0.0854776 0)
(0.0293439 -0.0577812 0)
(0.012616 -0.0420957 0)
(0.0189732 -0.0323649 0)
(0.0437406 -0.0184621 0)
(0.0594593 -0.00524025 0)
(0.0688995 0.0091367 0)
(0.081369 0.00244278 0)
(0.0753283 -0.00420527 0)
(0.0259054 -0.00258441 0)
(-0.0369257 -0.00566833 0)
(-0.0745463 -0.000768102 0)
(-0.0882584 0.0165998 0)
(-0.0779224 0.0265406 0)
(-0.0659295 0.00650315 0)
(-0.0624067 -0.0187492 0)
(-0.0616506 -0.0282825 0)
(-0.0498995 -0.0512835 0)
(-0.0116788 -0.0667957 0)
(0.0298355 -0.0755476 0)
(0.0402484 -0.0801609 0)
(0.0381014 -0.0924887 0)
(0.0505531 -0.0988891 0)
(0.0672966 -0.105061 0)
(0.0573247 -0.105351 0)
(0.00902471 -0.0751889 0)
(-0.0365286 -0.0667293 0)
(-0.0535279 -0.0496446 0)
(-0.040567 -0.0395413 0)
(-0.0293989 -0.0347545 0)
(-0.0477984 -0.0232156 0)
(-0.0495382 -0.000847631 0)
(-0.00262642 0.0377186 0)
(0.0434125 0.0482736 0)
(0.0451729 0.0197199 0)
(0.0314841 0.00746123 0)
(0.0496178 0.00609058 0)
(0.0791524 0.0317183 0)
(0.0836939 0.0754724 0)
(0.0659475 0.0958626 0)
(0.0273167 0.0936586 0)
(-0.0111733 0.0733772 0)
(-0.0318514 0.0630863 0)
(-0.0653321 0.0585931 0)
(-0.0816239 0.0381584 0)
(-0.0455587 0.0117037 0)
(-0.00359737 -0.021867 0)
(0.00793172 -0.0493368 0)
(-0.0124755 -0.0697705 0)
(-0.0293258 -0.08855 0)
(-0.0407709 -0.105977 0)
(-0.065706 -0.114484 0)
(-0.0948277 -0.142924 0)
(-0.118265 -0.177578 0)
(-0.10521 -0.183511 0)
(-0.0325523 -0.170674 0)
(0.073046 -0.163125 0)
(0.145226 -0.163394 0)
(0.146736 -0.149179 0)
(0.107725 -0.126964 0)
(0.0834253 -0.116346 0)
(0.0983668 -0.0973505 0)
(0.120375 -0.0860161 0)
(0.106105 -0.0837209 0)
(0.0475051 -0.0786004 0)
(-0.0185807 -0.0706872 0)
(-0.0592751 -0.0795342 0)
(-0.0880325 -0.0776293 0)
(-0.128636 -0.063554 0)
(-0.161184 -0.0579979 0)
(-0.162427 -0.0595252 0)
(-0.145544 -0.0782807 0)
(-0.115407 -0.103009 0)
(-0.0805886 -0.113292 0)
(-0.0460938 -0.102185 0)
(0.000958829 -0.0940187 0)
(0.0634961 -0.0877524 0)
(0.132145 -0.0904187 0)
(0.183675 -0.0792808 0)
(0.208586 -0.0516481 0)
(0.216481 -0.0285616 0)
(0.175414 -0.00930935 0)
(0.108961 0.0154906 0)
(0.0672422 0.0392067 0)
(0.0423012 0.0542804 0)
(0.023583 0.0493682 0)
(0.00548848 0.0497716 0)
(-0.00968218 0.039784 0)
(-0.0316729 0.0197039 0)
(-0.0310311 0.00350796 0)
(-0.00876981 -0.00201135 0)
(-0.0246802 -0.0100117 0)
(-0.0443772 -0.00810896 0)
(-0.0698927 -0.00519253 0)
(-0.0728158 -0.0184642 0)
(-0.0494145 -0.0240281 0)
(-0.0310315 -0.0170694 0)
(-0.0341607 -0.0347216 0)
(-0.0369867 -0.0468793 0)
(-0.00858937 -0.0652586 0)
(0.0267219 -0.0586996 0)
(0.033827 -0.0393086 0)
(0.0170256 -0.0202113 0)
(0.0105474 -0.0127201 0)
(0.0304907 -0.0120001 0)
(0.0443361 -0.00652796 0)
(0.0458678 0.00752095 0)
(0.0585455 -0.000897907 0)
(0.0563738 -0.00167113 0)
(0.0140782 -0.0200034 0)
(-0.0261199 -0.0175727 0)
(-0.0465467 0.0072662 0)
(-0.0558109 0.0192089 0)
(-0.0524903 0.0229493 0)
(-0.051877 0.0143778 0)
(-0.0475205 -0.00582208 0)
(-0.0486469 -0.0227402 0)
(-0.0412884 -0.0303783 0)
(-0.00718992 -0.0354894 0)
(0.0196733 -0.0379344 0)
(0.023099 -0.0610448 0)
(0.0244145 -0.0762013 0)
(0.0366164 -0.0655265 0)
(0.0473088 -0.0554104 0)
(0.0431224 -0.0631319 0)
(0.0106199 -0.0607856 0)
(-0.023857 -0.0504397 0)
(-0.0316276 -0.0329434 0)
(-0.0229705 -0.0162145 0)
(-0.0197478 -0.0229711 0)
(-0.0321353 -0.0232949 0)
(-0.0257309 -0.000168217 0)
(0.0111934 0.0391225 0)
(0.0272583 0.0495572 0)
(0.0167638 0.0151501 0)
(0.0116261 -0.00364008 0)
(0.0349242 -0.00477076 0)
(0.0685894 0.0219394 0)
(0.0718608 0.0495223 0)
(0.051297 0.0657191 0)
(0.0142695 0.0637365 0)
(-0.0128812 0.0508791 0)
(-0.0220045 0.0523067 0)
(-0.0514348 0.0320495 0)
(-0.0694224 0.0157541 0)
(-0.042379 0.00120209 0)
(-0.00571081 -0.0154963 0)
(0.00699939 -0.0271887 0)
(-0.00988759 -0.0435094 0)
(-0.0251933 -0.0600804 0)
(-0.0281806 -0.0715778 0)
(-0.0441163 -0.0773259 0)
(-0.0752296 -0.0832128 0)
(-0.0952247 -0.108109 0)
(-0.0769871 -0.116223 0)
(-0.019546 -0.11303 0)
(0.0536696 -0.0997846 0)
(0.105444 -0.0999877 0)
(0.108251 -0.0983013 0)
(0.0759156 -0.0873168 0)
(0.053918 -0.0756254 0)
(0.066663 -0.0620247 0)
(0.086437 -0.0557193 0)
(0.0764881 -0.0499268 0)
(0.0343956 -0.0561144 0)
(-0.0155683 -0.0630246 0)
(-0.0442406 -0.0663349 0)
(-0.0538152 -0.0653376 0)
(-0.0783636 -0.0505216 0)
(-0.107191 -0.0315078 0)
(-0.115074 -0.0271337 0)
(-0.107639 -0.0422658 0)
(-0.0836465 -0.0663954 0)
(-0.0512189 -0.0761122 0)
(-0.0280147 -0.0630457 0)
(0.000248635 -0.0546438 0)
(0.0401268 -0.0485346 0)
(0.0855449 -0.0478828 0)
(0.131078 -0.0432856 0)
(0.152968 -0.0261144 0)
(0.153139 -0.0195607 0)
(0.123064 -0.0199584 0)
(0.0767047 -0.00423253 0)
(0.0448261 0.0156892 0)
(0.0264822 0.0267053 0)
(0.0171281 0.0300216 0)
(0.00485946 0.0435986 0)
(-0.010997 0.0403736 0)
(-0.0288972 0.0244387 0)
(-0.024777 0.00756625 0)
(-0.00433456 0.00132336 0)
(-0.0100346 -0.00228732 0)
(-0.0149692 -0.00423829 0)
(-0.0279084 -0.00158604 0)
(-0.0316499 -0.00401786 0)
(-0.0158186 -0.00648432 0)
(-0.0121467 -0.00222545 0)
(-0.0219959 -0.0174731 0)
(-0.0196603 -0.0271884 0)
(0.000271254 -0.0256883 0)
(0.020384 -0.0163468 0)
(0.0190682 -0.00605932 0)
(0.00536036 -0.00464135 0)
(0.00117548 -0.00325267 0)
(0.0107321 -0.00260994 0)
(0.0210375 -0.00310967 0)
(0.0186348 0.00638408 0)
(0.021216 0.00133865 0)
(0.019682 -0.00249567 0)
(0.00238433 -0.0148789 0)
(-0.00448285 -0.00966855 0)
(-0.0123934 0.00502854 0)
(-0.021926 0.00992507 0)
(-0.0203168 0.00857888 0)
(-0.0218442 0.00762786 0)
(-0.0237416 0.00037119 0)
(-0.0213687 -0.010249 0)
(-0.01686 -0.00718444 0)
(-0.00191569 -0.0096332 0)
(0.00646939 -0.00997879 0)
(0.00109306 -0.0220418 0)
(0.00813919 -0.0320987 0)
(0.0205412 -0.023985 0)
(0.0209835 -0.0173646 0)
(0.0163417 -0.0209979 0)
(0.00427658 -0.0240493 0)
(-0.0074521 -0.0192859 0)
(-0.0092192 -0.01035 0)
(-0.00978147 -0.00500743 0)
(-0.0105225 -0.0115211 0)
(-0.0115024 -0.01229 0)
(-0.00205639 -0.000505805 0)
(0.0138524 0.0180692 0)
(0.00742753 0.0206313 0)
(-0.00397865 0.00500344 0)
(-0.00257756 -0.00367219 0)
(0.0168959 -0.00394355 0)
(0.0373822 0.0103322 0)
(0.0354372 0.0194368 0)
(0.0222948 0.02561 0)
(0.00139331 0.0228111 0)
(-0.00641089 0.0182589 0)
(-0.0101281 0.0207392 0)
(-0.0281596 0.0075725 0)
(-0.0326836 0.00110846 0)
(-0.017578 3.32839e-05 0)
(6.34433e-05 -0.00335572 0)
(0.00379875 -0.00629044 0)
(-0.00785756 -0.0151144 0)
(-0.0116171 -0.022936 0)
(-0.00939867 -0.0237396 0)
(-0.0149153 -0.0275524 0)
(-0.0324337 -0.0264949 0)
(-0.0453331 -0.0354421 0)
(-0.0365984 -0.0380159 0)
(-0.00787524 -0.0410027 0)
(0.0264556 -0.0335596 0)
(0.0451715 -0.0323956 0)
(0.0447863 -0.0341529 0)
(0.0289989 -0.0316834 0)
(0.019575 -0.0275974 0)
(0.0264946 -0.0201126 0)
(0.0373933 -0.0185235 0)
(0.0324794 -0.0150966 0)
(0.0091524 -0.0199357 0)
(-0.0106361 -0.0278532 0)
(-0.0177097 -0.0270896 0)
(-0.0169394 -0.025574 0)
(-0.0232371 -0.0203066 0)
(-0.0368867 -0.00936114 0)
(-0.0457272 -0.00541505 0)
(-0.0489676 -0.0106588 0)
(-0.0387772 -0.0231273 0)
(-0.0180857 -0.0281577 0)
(-0.0071198 -0.0228487 0)
(0.000223522 -0.0172518 0)
(0.014471 -0.0161325 0)
(0.0337912 -0.0134826 0)
(0.05418 -0.010045 0)
(0.0606644 -0.00655578 0)
(0.058627 -0.00887001 0)
(0.0477295 -0.0112709 0)
(0.0314607 -0.00673074 0)
(0.0194923 0.00327764 0)
(0.00978275 0.00938204 0)
(0.00966234 0.0108066 0)
(0.00581549 0.0194168 0)
(-0.0055766 0.019392 0)
(-0.0171999 0.0140146 0)
(-0.0175448 0.00540804 0)
)
;

boundaryField
{
    inlet
    {
        type            fixedValue;
        value           uniform (0 0 0);
    }
    outlet
    {
        type            fixedValue;
        value           uniform (0 0 0);
    }
    down
    {
        type            empty;
    }
    up
    {
        type            empty;
    }
    sides
    {
        type            fixedValue;
        value           uniform (0 0 0);
    }
}

