/*--------------------------------*- C++ -*----------------------------------*\
| =========                 |                                                 |
| \\      /  F ield         | OpenFOAM: The Open Source CFD Toolbox           |
|  \\    /   O peration     | Version:  v2012                                 |
|   \\  /    A nd           | Website:  www.openfoam.com                      |
|    \\/     M anipulation  |                                                 |
\*---------------------------------------------------------------------------*/
FoamFile
{
    version     2.0;
    format      ascii;
    class       volScalarField;
    location    "0";
    object      p;
}
// * * * * * * * * * * * * * * * * * * * * * * * * * * * * * * * * * * * * * //

dimensions      [0 2 -2 0 0 0 0];


internalField   nonuniform List<scalar> 
4000
(
-1.7069e-13
-1.74239e-13
-1.70977e-13
-1.68655e-13
-1.68704e-13
-1.7013e-13
-1.77198e-13
-1.82623e-13
-1.83473e-13
-1.79306e-13
-1.69956e-13
-1.69714e-13
-1.74866e-13
-1.93432e-13
-1.92718e-13
-1.92399e-13
-1.91545e-13
-1.88756e-13
-1.97609e-13
-2.04728e-13
-2.11083e-13
-2.10422e-13
-2.14748e-13
-2.22711e-13
-2.20621e-13
-2.21853e-13
-2.14909e-13
-2.12458e-13
-2.12228e-13
-2.08416e-13
-2.15622e-13
-2.18935e-13
-2.07194e-13
-2.04188e-13
-2.03689e-13
-2.01041e-13
-2.03111e-13
-2.15639e-13
-2.23066e-13
-2.18612e-13
-2.17773e-13
-2.11388e-13
-2.08972e-13
-2.09652e-13
-2.00398e-13
-2.01109e-13
-2.03819e-13
-2.01858e-13
-1.89709e-13
-1.81616e-13
-1.83286e-13
-1.82923e-13
-1.80378e-13
-1.80079e-13
-1.80635e-13
-1.85315e-13
-1.86727e-13
-1.72782e-13
-1.65966e-13
-1.57331e-13
-1.53432e-13
-1.48568e-13
-1.54798e-13
-1.54741e-13
-1.4998e-13
-1.48436e-13
-1.46266e-13
-1.45226e-13
-1.44962e-13
-1.40295e-13
-1.37667e-13
-1.32842e-13
-1.26534e-13
-1.24305e-13
-1.21915e-13
-1.06647e-13
-9.45749e-14
-9.24939e-14
-8.2944e-14
-7.71064e-14
-8.2031e-14
-7.75373e-14
-6.82266e-14
-6.62217e-14
-6.83794e-14
-6.25288e-14
-7.19034e-14
-6.47845e-14
-4.86659e-14
-4.2324e-14
-3.9516e-14
-3.27747e-14
-2.47712e-14
-2.22314e-14
-1.63067e-14
-1.39908e-14
-8.96258e-15
-6.64627e-15
-6.77858e-15
-4.69267e-16
-1.76505e-13
-1.74409e-13
-1.70161e-13
-1.64853e-13
-1.65747e-13
-1.7376e-13
-1.79584e-13
-1.80873e-13
-1.75744e-13
-1.80152e-13
-1.77822e-13
-1.75687e-13
-1.7642e-13
-1.82419e-13
-1.933e-13
-1.92793e-13
-1.90271e-13
-1.89166e-13
-1.95918e-13
-2.01537e-13
-2.13417e-13
-2.10498e-13
-2.14495e-13
-2.22894e-13
-2.22582e-13
-2.23282e-13
-2.14807e-13
-2.11e-13
-2.15155e-13
-2.13486e-13
-2.11098e-13
-2.1558e-13
-2.11325e-13
-2.07734e-13
-2.04745e-13
-2.05635e-13
-2.03335e-13
-2.10988e-13
-2.16316e-13
-2.14309e-13
-2.16213e-13
-2.15224e-13
-2.14989e-13
-2.09463e-13
-1.99216e-13
-1.97457e-13
-2.03128e-13
-2.04107e-13
-1.93882e-13
-1.81359e-13
-1.82345e-13
-1.84644e-13
-1.80909e-13
-1.77394e-13
-1.7615e-13
-1.87291e-13
-1.8607e-13
-1.7571e-13
-1.67098e-13
-1.59115e-13
-1.51955e-13
-1.47617e-13
-1.47865e-13
-1.56432e-13
-1.49134e-13
-1.50855e-13
-1.48173e-13
-1.43924e-13
-1.43644e-13
-1.41674e-13
-1.38188e-13
-1.30816e-13
-1.25725e-13
-1.22126e-13
-1.20377e-13
-1.07831e-13
-9.55396e-14
-9.27234e-14
-8.5922e-14
-8.01308e-14
-8.02292e-14
-7.65162e-14
-6.6482e-14
-6.48534e-14
-6.70737e-14
-6.29745e-14
-6.84566e-14
-6.46982e-14
-5.42641e-14
-4.65354e-14
-3.68668e-14
-3.2265e-14
-2.19316e-14
-1.88448e-14
-1.70893e-14
-1.907e-14
-1.05709e-14
-7.27583e-15
-3.0638e-15
-1.41801e-15
-1.75715e-13
-1.75811e-13
-1.72705e-13
-1.65266e-13
-1.66725e-13
-1.7378e-13
-1.76675e-13
-1.79003e-13
-1.80376e-13
-1.82126e-13
-1.78986e-13
-1.77084e-13
-1.81227e-13
-1.88443e-13
-1.95551e-13
-1.92183e-13
-1.91554e-13
-1.88348e-13
-1.94189e-13
-2.00434e-13
-2.08977e-13
-2.12979e-13
-2.12298e-13
-2.22522e-13
-2.23326e-13
-2.2125e-13
-2.14764e-13
-2.08511e-13
-2.15033e-13
-2.12916e-13
-2.14868e-13
-2.15383e-13
-2.15633e-13
-2.09751e-13
-2.02628e-13
-2.04428e-13
-2.01326e-13
-2.12726e-13
-2.13727e-13
-2.13597e-13
-2.17921e-13
-2.18492e-13
-2.11956e-13
-2.02985e-13
-1.99298e-13
-1.9836e-13
-2.07709e-13
-2.05553e-13
-1.92965e-13
-1.82144e-13
-1.82598e-13
-1.84095e-13
-1.84959e-13
-1.83463e-13
-1.80036e-13
-1.81163e-13
-1.8526e-13
-1.76689e-13
-1.64276e-13
-1.57192e-13
-1.56911e-13
-1.5286e-13
-1.5502e-13
-1.50983e-13
-1.46905e-13
-1.48511e-13
-1.45022e-13
-1.43937e-13
-1.40526e-13
-1.42954e-13
-1.43905e-13
-1.3627e-13
-1.2651e-13
-1.18214e-13
-1.16239e-13
-1.07879e-13
-9.87297e-14
-9.39332e-14
-8.60757e-14
-8.04846e-14
-7.16027e-14
-7.06579e-14
-7.03289e-14
-6.99011e-14
-6.64601e-14
-6.07629e-14
-5.89376e-14
-5.98458e-14
-5.04677e-14
-4.64293e-14
-3.78136e-14
-2.97311e-14
-2.32096e-14
-1.95513e-14
-2.16621e-14
-2.00224e-14
-1.32318e-14
-6.95929e-15
1.73837e-15
-3.00611e-15
-1.74873e-13
-1.74145e-13
-1.7101e-13
-1.71144e-13
-1.6681e-13
-1.75727e-13
-1.75081e-13
-1.77366e-13
-1.77457e-13
-1.79114e-13
-1.80191e-13
-1.85536e-13
-1.87161e-13
-1.87018e-13
-1.90873e-13
-1.89008e-13
-1.92368e-13
-1.92778e-13
-2.0174e-13
-1.99175e-13
-2.03933e-13
-2.11909e-13
-2.15556e-13
-2.24467e-13
-2.26218e-13
-2.20858e-13
-2.15464e-13
-2.07446e-13
-2.12259e-13
-2.14764e-13
-2.14131e-13
-2.13464e-13
-2.16092e-13
-2.12837e-13
-2.15228e-13
-2.05963e-13
-2.0349e-13
-2.13141e-13
-2.07625e-13
-2.14926e-13
-2.13571e-13
-2.11809e-13
-2.11362e-13
-2.02188e-13
-2.05336e-13
-2.01166e-13
-2.05616e-13
-1.98075e-13
-1.93869e-13
-1.89041e-13
-1.89195e-13
-1.90925e-13
-1.8589e-13
-1.80492e-13
-1.78121e-13
-1.81423e-13
-1.82282e-13
-1.72605e-13
-1.64136e-13
-1.62429e-13
-1.59248e-13
-1.5452e-13
-1.51327e-13
-1.45211e-13
-1.4664e-13
-1.49645e-13
-1.44431e-13
-1.44313e-13
-1.3757e-13
-1.37959e-13
-1.36675e-13
-1.29465e-13
-1.2536e-13
-1.20741e-13
-1.14813e-13
-1.08662e-13
-9.85496e-14
-9.52908e-14
-8.4989e-14
-8.00703e-14
-7.36935e-14
-6.90618e-14
-6.81045e-14
-7.14733e-14
-6.61672e-14
-6.1321e-14
-5.74086e-14
-5.46447e-14
-4.96643e-14
-4.60539e-14
-3.48226e-14
-2.70777e-14
-2.04891e-14
-2.30844e-14
-2.40947e-14
-1.84629e-14
-1.43896e-14
-6.7405e-15
-4.9539e-16
-2.68349e-15
-1.70555e-13
-1.70656e-13
-1.68789e-13
-1.67483e-13
-1.71113e-13
-1.78998e-13
-1.76612e-13
-1.77853e-13
-1.76126e-13
-1.74354e-13
-1.81448e-13
-1.91435e-13
-1.83305e-13
-1.88612e-13
-1.91398e-13
-1.94395e-13
-1.94439e-13
-1.88126e-13
-1.93982e-13
-2.04683e-13
-2.14969e-13
-2.15336e-13
-2.19973e-13
-2.19513e-13
-2.15301e-13
-2.14029e-13
-2.11548e-13
-2.08431e-13
-2.14399e-13
-2.16461e-13
-2.14879e-13
-2.14783e-13
-2.12075e-13
-2.20342e-13
-2.15114e-13
-2.07157e-13
-2.099e-13
-2.09258e-13
-2.06459e-13
-2.1603e-13
-2.16429e-13
-2.08309e-13
-2.10689e-13
-2.02792e-13
-2.07551e-13
-2.02633e-13
-2.02523e-13
-1.95885e-13
-1.93091e-13
-1.92873e-13
-1.92261e-13
-1.85079e-13
-1.83221e-13
-1.83636e-13
-1.80883e-13
-1.79795e-13
-1.77082e-13
-1.71752e-13
-1.69866e-13
-1.65086e-13
-1.62066e-13
-1.59152e-13
-1.52155e-13
-1.46291e-13
-1.44456e-13
-1.43601e-13
-1.43159e-13
-1.44257e-13
-1.36348e-13
-1.38377e-13
-1.33486e-13
-1.26563e-13
-1.24307e-13
-1.21986e-13
-1.19531e-13
-1.10057e-13
-9.74662e-14
-9.53087e-14
-8.49693e-14
-7.72573e-14
-6.89805e-14
-6.93919e-14
-6.91625e-14
-7.0538e-14
-6.94474e-14
-6.3174e-14
-5.58169e-14
-4.75569e-14
-4.41199e-14
-4.54388e-14
-3.51642e-14
-2.68252e-14
-2.22123e-14
-2.59692e-14
-2.22862e-14
-1.7264e-14
-1.24021e-14
-6.53369e-15
-6.00691e-16
-6.45121e-15
-1.73926e-13
-1.68675e-13
-1.70938e-13
-1.8124e-13
-1.66749e-13
-1.66783e-13
-1.6608e-13
-1.72885e-13
-1.7601e-13
-1.87452e-13
-1.87259e-13
-1.89314e-13
-1.81418e-13
-1.91231e-13
-1.95394e-13
-1.86283e-13
-1.91616e-13
-1.92108e-13
-1.96815e-13
-2.03376e-13
-2.10022e-13
-2.1563e-13
-2.24207e-13
-2.24834e-13
-2.17187e-13
-2.08852e-13
-2.10421e-13
-2.09958e-13
-2.136e-13
-2.12622e-13
-2.13046e-13
-2.17768e-13
-2.19938e-13
-2.19814e-13
-2.09006e-13
-2.09714e-13
-2.08763e-13
-2.10592e-13
-2.11771e-13
-2.14398e-13
-2.14936e-13
-2.09482e-13
-2.06908e-13
-2.02053e-13
-2.02079e-13
-2.1054e-13
-2.03743e-13
-1.96948e-13
-1.95335e-13
-1.95825e-13
-1.91351e-13
-1.88259e-13
-1.86617e-13
-1.77795e-13
-1.85288e-13
-1.80705e-13
-1.74285e-13
-1.76318e-13
-1.73506e-13
-1.64097e-13
-1.61579e-13
-1.58213e-13
-1.51044e-13
-1.44697e-13
-1.45901e-13
-1.41934e-13
-1.38647e-13
-1.43823e-13
-1.32919e-13
-1.31008e-13
-1.28983e-13
-1.2883e-13
-1.25853e-13
-1.20299e-13
-1.15743e-13
-1.07045e-13
-9.48678e-14
-9.76005e-14
-9.17495e-14
-7.79724e-14
-6.68096e-14
-7.03991e-14
-7.15242e-14
-7.38281e-14
-6.90329e-14
-5.79159e-14
-5.72186e-14
-5.22915e-14
-4.15837e-14
-4.23224e-14
-3.14567e-14
-3.08044e-14
-2.59393e-14
-2.58344e-14
-2.42537e-14
-1.32951e-14
-1.19043e-14
-1.09601e-14
-5.40943e-15
-1.02637e-15
-1.68535e-13
-1.70267e-13
-1.7215e-13
-1.67774e-13
-1.73812e-13
-1.70298e-13
-1.70063e-13
-1.73431e-13
-1.76569e-13
-1.86355e-13
-1.86828e-13
-1.90232e-13
-1.87342e-13
-1.87118e-13
-1.94221e-13
-1.90353e-13
-1.88356e-13
-1.89716e-13
-2.04258e-13
-2.15111e-13
-2.24984e-13
-2.17074e-13
-2.11845e-13
-2.11785e-13
-2.07883e-13
-2.09119e-13
-2.08942e-13
-2.1109e-13
-2.12702e-13
-2.11724e-13
-2.09404e-13
-2.19718e-13
-2.2629e-13
-2.28462e-13
-2.14225e-13
-2.1018e-13
-2.0942e-13
-2.07899e-13
-2.02756e-13
-2.12358e-13
-2.18344e-13
-2.17104e-13
-2.12714e-13
-2.03836e-13
-2.03262e-13
-2.07222e-13
-2.02755e-13
-1.95117e-13
-1.9463e-13
-1.93192e-13
-1.97673e-13
-1.86969e-13
-1.81087e-13
-1.7877e-13
-1.90538e-13
-1.85303e-13
-1.74112e-13
-1.7742e-13
-1.75791e-13
-1.61125e-13
-1.60394e-13
-1.60063e-13
-1.48666e-13
-1.43431e-13
-1.47327e-13
-1.41594e-13
-1.44684e-13
-1.45075e-13
-1.35003e-13
-1.31425e-13
-1.2007e-13
-1.23374e-13
-1.25512e-13
-1.18759e-13
-1.15462e-13
-1.12892e-13
-9.6876e-14
-9.18672e-14
-8.99776e-14
-8.01981e-14
-7.17244e-14
-6.99498e-14
-7.27482e-14
-6.88164e-14
-6.56397e-14
-6.29238e-14
-6.1519e-14
-5.25938e-14
-3.94584e-14
-3.83053e-14
-3.2292e-14
-3.10013e-14
-2.70997e-14
-2.44409e-14
-1.9856e-14
-2.12466e-14
-1.13062e-14
-7.74493e-15
-4.03529e-15
-2.06898e-15
-1.69947e-13
-1.7066e-13
-1.77076e-13
-1.72156e-13
-1.69013e-13
-1.66939e-13
-1.66519e-13
-1.71542e-13
-1.76757e-13
-1.8574e-13
-1.87462e-13
-1.89526e-13
-1.86891e-13
-1.90068e-13
-1.94209e-13
-1.88051e-13
-1.87469e-13
-1.94655e-13
-2.09009e-13
-2.16222e-13
-2.13798e-13
-2.08581e-13
-2.112e-13
-2.17036e-13
-2.12881e-13
-2.14246e-13
-2.11629e-13
-2.10303e-13
-2.13968e-13
-2.1316e-13
-2.14064e-13
-2.19418e-13
-2.22388e-13
-2.19411e-13
-2.17392e-13
-2.09964e-13
-2.07487e-13
-2.15041e-13
-2.14054e-13
-2.20912e-13
-2.1457e-13
-2.07419e-13
-2.08791e-13
-1.97598e-13
-2.04461e-13
-2.08174e-13
-2.04186e-13
-2.06099e-13
-2.00213e-13
-1.89141e-13
-1.86158e-13
-1.8818e-13
-1.87855e-13
-1.83049e-13
-1.88671e-13
-1.80168e-13
-1.79327e-13
-1.81056e-13
-1.74879e-13
-1.66747e-13
-1.58473e-13
-1.54512e-13
-1.48207e-13
-1.42587e-13
-1.40978e-13
-1.42117e-13
-1.42873e-13
-1.38521e-13
-1.34734e-13
-1.30074e-13
-1.22967e-13
-1.22443e-13
-1.23787e-13
-1.22723e-13
-1.21318e-13
-1.11787e-13
-9.51967e-14
-9.24015e-14
-8.65384e-14
-7.88083e-14
-7.07119e-14
-7.06329e-14
-7.15539e-14
-7.32504e-14
-7.43733e-14
-6.70069e-14
-6.1277e-14
-5.20517e-14
-4.05034e-14
-3.70083e-14
-3.54344e-14
-3.29184e-14
-2.15822e-14
-2.06708e-14
-2.06251e-14
-2.46788e-14
-1.16517e-14
-5.11389e-15
-6.24526e-15
-4.28066e-15
-1.67099e-13
-1.67395e-13
-1.71929e-13
-1.74546e-13
-1.68434e-13
-1.70086e-13
-1.69727e-13
-1.70132e-13
-1.79426e-13
-1.78784e-13
-1.87183e-13
-1.90255e-13
-1.86841e-13
-1.91507e-13
-1.90196e-13
-1.89554e-13
-1.86996e-13
-1.97675e-13
-2.063e-13
-2.13811e-13
-2.12474e-13
-2.11671e-13
-2.04786e-13
-2.08967e-13
-2.12281e-13
-2.16822e-13
-2.14847e-13
-2.14082e-13
-2.14106e-13
-2.09104e-13
-2.12942e-13
-2.2e-13
-2.23748e-13
-2.24892e-13
-2.20212e-13
-2.15082e-13
-2.1246e-13
-2.18488e-13
-2.16568e-13
-2.09865e-13
-2.03351e-13
-2.11701e-13
-2.16393e-13
-2.15207e-13
-2.07493e-13
-2.09454e-13
-2.08702e-13
-1.99102e-13
-1.96872e-13
-1.94096e-13
-1.95556e-13
-1.89523e-13
-1.86915e-13
-1.86015e-13
-1.85738e-13
-1.81365e-13
-1.77403e-13
-1.77479e-13
-1.74315e-13
-1.67132e-13
-1.63997e-13
-1.56034e-13
-1.5051e-13
-1.40504e-13
-1.41751e-13
-1.45481e-13
-1.46284e-13
-1.36685e-13
-1.38616e-13
-1.34224e-13
-1.26131e-13
-1.201e-13
-1.19426e-13
-1.19302e-13
-1.17723e-13
-1.10953e-13
-9.94392e-14
-9.02487e-14
-8.31967e-14
-7.98578e-14
-7.35598e-14
-7.04978e-14
-7.36578e-14
-7.33845e-14
-7.52714e-14
-6.49449e-14
-6.39026e-14
-5.4024e-14
-4.03979e-14
-3.70916e-14
-3.53721e-14
-3.32828e-14
-2.56364e-14
-2.41318e-14
-2.14452e-14
-2.02078e-14
-1.38805e-14
-7.30151e-15
-6.69245e-15
-6.18457e-15
-1.67961e-13
-1.68339e-13
-1.68805e-13
-1.69495e-13
-1.67212e-13
-1.70267e-13
-1.69653e-13
-1.70229e-13
-1.75136e-13
-1.83084e-13
-1.89901e-13
-1.87952e-13
-1.84179e-13
-1.83387e-13
-1.8174e-13
-1.87308e-13
-1.92724e-13
-1.95858e-13
-1.9905e-13
-2.12663e-13
-2.17424e-13
-2.15663e-13
-2.09251e-13
-2.13794e-13
-2.13668e-13
-2.10596e-13
-2.10281e-13
-2.15166e-13
-2.10625e-13
-2.1578e-13
-2.1497e-13
-2.16633e-13
-2.20633e-13
-2.31928e-13
-2.25695e-13
-2.17795e-13
-2.13998e-13
-2.15956e-13
-2.18181e-13
-2.11349e-13
-2.10406e-13
-2.11446e-13
-2.13871e-13
-2.13971e-13
-2.15233e-13
-2.07068e-13
-2.0404e-13
-2.00606e-13
-1.98335e-13
-1.99145e-13
-2.01165e-13
-1.90749e-13
-1.8577e-13
-1.87e-13
-1.89807e-13
-1.83515e-13
-1.7997e-13
-1.78747e-13
-1.72699e-13
-1.62931e-13
-1.59074e-13
-1.48568e-13
-1.47093e-13
-1.40004e-13
-1.44429e-13
-1.49235e-13
-1.51489e-13
-1.41751e-13
-1.37876e-13
-1.32326e-13
-1.23048e-13
-1.19843e-13
-1.18347e-13
-1.15857e-13
-1.18291e-13
-1.12953e-13
-9.98058e-14
-9.05854e-14
-8.67087e-14
-8.50842e-14
-7.5075e-14
-7.01288e-14
-6.76912e-14
-7.67258e-14
-7.73366e-14
-6.77111e-14
-6.47905e-14
-5.49962e-14
-4.24073e-14
-3.94832e-14
-3.5875e-14
-3.44198e-14
-2.65876e-14
-2.41955e-14
-2.6444e-14
-2.13555e-14
-1.55297e-14
-8.82588e-15
-7.67602e-15
-2.89215e-15
-1.68618e-13
-1.66943e-13
-1.69132e-13
-1.65446e-13
-1.63699e-13
-1.68425e-13
-1.66757e-13
-1.74579e-13
-1.72116e-13
-1.72082e-13
-1.88442e-13
-1.90948e-13
-1.88488e-13
-1.8399e-13
-1.84748e-13
-1.82455e-13
-1.9078e-13
-1.93323e-13
-1.97667e-13
-2.04672e-13
-2.08882e-13
-2.20754e-13
-2.16808e-13
-2.12517e-13
-2.14335e-13
-2.13117e-13
-2.13717e-13
-2.11594e-13
-2.143e-13
-2.15407e-13
-2.16993e-13
-2.19003e-13
-2.24061e-13
-2.24523e-13
-2.2404e-13
-2.20252e-13
-2.23563e-13
-2.17845e-13
-2.16447e-13
-2.13407e-13
-2.15687e-13
-2.11505e-13
-2.16217e-13
-2.12527e-13
-2.13358e-13
-2.08284e-13
-2.06537e-13
-2.06319e-13
-2.02324e-13
-2.04027e-13
-1.96929e-13
-1.91037e-13
-1.91776e-13
-1.8875e-13
-1.94406e-13
-1.86017e-13
-1.75873e-13
-1.67383e-13
-1.71674e-13
-1.65075e-13
-1.59375e-13
-1.57706e-13
-1.5148e-13
-1.37821e-13
-1.39413e-13
-1.475e-13
-1.50562e-13
-1.45449e-13
-1.41685e-13
-1.28955e-13
-1.24324e-13
-1.19403e-13
-1.16911e-13
-1.15898e-13
-1.2212e-13
-1.16483e-13
-1.03896e-13
-8.94834e-14
-8.63663e-14
-8.22556e-14
-7.36582e-14
-6.72826e-14
-7.26131e-14
-8.06356e-14
-7.44443e-14
-7.13253e-14
-6.46844e-14
-5.5461e-14
-4.4244e-14
-4.18055e-14
-3.52881e-14
-2.90916e-14
-2.91977e-14
-2.53834e-14
-2.48191e-14
-1.33618e-14
-1.65849e-14
-2.39935e-14
-1.25462e-14
-1.2833e-16
-1.66314e-13
-1.64915e-13
-1.65592e-13
-1.64214e-13
-1.66344e-13
-1.6623e-13
-1.61742e-13
-1.72533e-13
-1.71297e-13
-1.77137e-13
-1.80805e-13
-1.8597e-13
-1.93247e-13
-1.87575e-13
-1.862e-13
-1.90883e-13
-1.83141e-13
-1.83031e-13
-1.97441e-13
-2.0529e-13
-2.12299e-13
-2.12168e-13
-2.11973e-13
-2.10193e-13
-2.14412e-13
-2.17199e-13
-2.13153e-13
-2.17664e-13
-2.18456e-13
-2.13159e-13
-2.09805e-13
-2.18037e-13
-2.31677e-13
-2.32144e-13
-2.27133e-13
-2.24336e-13
-2.22077e-13
-2.15482e-13
-2.15515e-13
-2.18259e-13
-2.17396e-13
-2.16239e-13
-2.16123e-13
-2.16361e-13
-2.14583e-13
-2.08799e-13
-2.07001e-13
-2.01703e-13
-2.02506e-13
-2.05736e-13
-2.07161e-13
-1.90566e-13
-1.95255e-13
-1.89873e-13
-1.88743e-13
-1.87991e-13
-1.79448e-13
-1.74555e-13
-1.71721e-13
-1.6037e-13
-1.56417e-13
-1.52446e-13
-1.48269e-13
-1.39914e-13
-1.50884e-13
-1.49073e-13
-1.45968e-13
-1.45379e-13
-1.46392e-13
-1.38022e-13
-1.26218e-13
-1.1516e-13
-1.04984e-13
-1.14041e-13
-1.25289e-13
-1.23274e-13
-1.13098e-13
-9.53661e-14
-8.46557e-14
-7.80186e-14
-7.39795e-14
-7.02443e-14
-7.4867e-14
-7.55065e-14
-6.16573e-14
-6.78185e-14
-7.46697e-14
-5.50756e-14
-4.1277e-14
-4.39937e-14
-4.11388e-14
-3.19515e-14
-2.82309e-14
-2.62574e-14
-2.54617e-14
-2.02959e-14
-1.49383e-14
-1.84055e-14
-1.28426e-14
1.50386e-15
-1.68641e-13
-1.66011e-13
-1.69188e-13
-1.61307e-13
-1.62099e-13
-1.62281e-13
-1.62474e-13
-1.67116e-13
-1.70711e-13
-1.75304e-13
-1.85679e-13
-1.85749e-13
-1.8081e-13
-1.81998e-13
-1.81022e-13
-1.87729e-13
-1.83431e-13
-1.81811e-13
-1.91722e-13
-2.03417e-13
-2.19559e-13
-2.20053e-13
-2.23345e-13
-2.13185e-13
-2.11525e-13
-2.1437e-13
-2.09412e-13
-2.17847e-13
-2.15834e-13
-2.08991e-13
-2.10955e-13
-2.23143e-13
-2.30114e-13
-2.23692e-13
-2.2236e-13
-2.27623e-13
-2.29419e-13
-2.19382e-13
-2.16812e-13
-2.19436e-13
-2.23209e-13
-2.18212e-13
-2.17049e-13
-2.09716e-13
-2.13315e-13
-2.14138e-13
-2.10573e-13
-2.04129e-13
-2.01391e-13
-2.03574e-13
-2.04929e-13
-1.95885e-13
-1.97648e-13
-2.00864e-13
-1.85601e-13
-1.76207e-13
-1.80503e-13
-1.78918e-13
-1.73555e-13
-1.64775e-13
-1.57163e-13
-1.52762e-13
-1.47968e-13
-1.43761e-13
-1.4825e-13
-1.48146e-13
-1.50271e-13
-1.45783e-13
-1.46717e-13
-1.42683e-13
-1.32421e-13
-1.20873e-13
-1.05478e-13
-1.10727e-13
-1.23715e-13
-1.23164e-13
-1.07854e-13
-9.33081e-14
-8.74295e-14
-8.66248e-14
-8.00645e-14
-6.98941e-14
-6.97306e-14
-7.11609e-14
-6.66731e-14
-6.60351e-14
-6.65351e-14
-5.22652e-14
-4.56521e-14
-4.19142e-14
-3.53341e-14
-3.84346e-14
-3.47045e-14
-2.91718e-14
-2.34371e-14
-2.03429e-14
-1.67365e-14
-1.63001e-14
-1.46276e-14
9.47674e-16
-1.68525e-13
-1.59385e-13
-1.61644e-13
-1.62183e-13
-1.62139e-13
-1.59335e-13
-1.60975e-13
-1.63766e-13
-1.67459e-13
-1.77256e-13
-1.79571e-13
-1.79387e-13
-1.81387e-13
-1.81448e-13
-1.80015e-13
-1.87e-13
-1.90207e-13
-1.9374e-13
-1.93685e-13
-1.99932e-13
-1.92885e-13
-1.97559e-13
-2.14115e-13
-2.22162e-13
-2.25463e-13
-2.23387e-13
-2.17043e-13
-2.17962e-13
-2.14836e-13
-2.08377e-13
-2.10078e-13
-2.20088e-13
-2.30406e-13
-2.28174e-13
-2.30619e-13
-2.27526e-13
-2.17394e-13
-2.23961e-13
-2.26401e-13
-2.14904e-13
-2.15996e-13
-2.2031e-13
-2.17427e-13
-2.18487e-13
-2.18787e-13
-2.12481e-13
-2.14468e-13
-2.08514e-13
-1.98162e-13
-1.99545e-13
-2.02079e-13
-2.03912e-13
-1.97845e-13
-1.99097e-13
-1.91655e-13
-1.81191e-13
-1.80639e-13
-1.75225e-13
-1.70343e-13
-1.6218e-13
-1.60612e-13
-1.5637e-13
-1.55122e-13
-1.46584e-13
-1.50936e-13
-1.46751e-13
-1.44308e-13
-1.44414e-13
-1.45214e-13
-1.41578e-13
-1.33964e-13
-1.24974e-13
-1.19257e-13
-1.14101e-13
-1.16942e-13
-1.18121e-13
-1.07804e-13
-1.03463e-13
-8.92803e-14
-8.29498e-14
-7.76845e-14
-7.61896e-14
-7.09662e-14
-7.14417e-14
-6.27616e-14
-6.41824e-14
-5.93597e-14
-5.53125e-14
-4.21399e-14
-4.95104e-14
-4.07045e-14
-3.04399e-14
-2.8221e-14
-2.85986e-14
-2.67821e-14
-2.5102e-14
-1.84639e-14
-1.44923e-14
-1.15524e-14
-1.73079e-15
-1.69504e-13
-1.62323e-13
-1.56003e-13
-1.57653e-13
-1.56239e-13
-1.56603e-13
-1.63999e-13
-1.71733e-13
-1.71086e-13
-1.62084e-13
-1.71506e-13
-1.74018e-13
-1.78452e-13
-1.77167e-13
-1.79213e-13
-1.86501e-13
-1.84982e-13
-1.87278e-13
-1.92118e-13
-2.01988e-13
-2.13696e-13
-2.21514e-13
-2.20386e-13
-2.23286e-13
-2.17053e-13
-2.11588e-13
-2.10697e-13
-2.13051e-13
-2.1398e-13
-2.12838e-13
-2.12714e-13
-2.18271e-13
-2.23278e-13
-2.30348e-13
-2.42963e-13
-2.28676e-13
-2.19012e-13
-2.18745e-13
-2.1707e-13
-2.21412e-13
-2.23497e-13
-2.19109e-13
-2.16667e-13
-2.16882e-13
-2.20967e-13
-2.16494e-13
-2.10097e-13
-2.04452e-13
-2.01176e-13
-2.02724e-13
-2.04463e-13
-2.07851e-13
-2.05011e-13
-2.02704e-13
-1.98436e-13
-1.86184e-13
-1.7808e-13
-1.73807e-13
-1.73208e-13
-1.70174e-13
-1.55697e-13
-1.54044e-13
-1.5246e-13
-1.51142e-13
-1.57296e-13
-1.49686e-13
-1.44035e-13
-1.46381e-13
-1.4542e-13
-1.39517e-13
-1.3607e-13
-1.2795e-13
-1.15403e-13
-1.16307e-13
-1.19398e-13
-1.18789e-13
-1.09205e-13
-9.88363e-14
-9.28674e-14
-8.45027e-14
-7.21219e-14
-6.92529e-14
-7.26429e-14
-7.30845e-14
-6.79636e-14
-6.44595e-14
-6.25406e-14
-5.37039e-14
-4.33597e-14
-4.68507e-14
-4.09791e-14
-3.12824e-14
-2.94824e-14
-3.07415e-14
-2.82785e-14
-2.721e-14
-2.15338e-14
-1.84513e-14
-1.36767e-14
-9.45422e-16
-1.66642e-13
-1.55631e-13
-1.54911e-13
-1.60732e-13
-1.54486e-13
-1.50024e-13
-1.53972e-13
-1.63154e-13
-1.7832e-13
-1.72481e-13
-1.70619e-13
-1.69566e-13
-1.77638e-13
-1.74725e-13
-1.7797e-13
-1.80877e-13
-1.86562e-13
-1.86647e-13
-1.96357e-13
-2.04274e-13
-2.07945e-13
-2.11623e-13
-2.24219e-13
-2.30104e-13
-2.20095e-13
-2.12374e-13
-2.10061e-13
-2.09845e-13
-2.1087e-13
-2.11721e-13
-2.15152e-13
-2.1913e-13
-2.21908e-13
-2.36093e-13
-2.39977e-13
-2.30413e-13
-2.2464e-13
-2.16966e-13
-2.15193e-13
-2.23724e-13
-2.20347e-13
-2.20222e-13
-2.17059e-13
-2.18114e-13
-2.16087e-13
-2.20414e-13
-2.1094e-13
-2.05856e-13
-2.05731e-13
-2.10801e-13
-2.05475e-13
-2.06873e-13
-2.04664e-13
-2.03712e-13
-1.9268e-13
-1.85367e-13
-1.8093e-13
-1.77906e-13
-1.72245e-13
-1.617e-13
-1.58864e-13
-1.57262e-13
-1.57932e-13
-1.54448e-13
-1.55755e-13
-1.49135e-13
-1.51761e-13
-1.47013e-13
-1.4776e-13
-1.38751e-13
-1.40314e-13
-1.25545e-13
-1.1358e-13
-1.162e-13
-1.19612e-13
-1.17512e-13
-1.04878e-13
-9.76051e-14
-9.41441e-14
-8.92337e-14
-7.90467e-14
-7.31711e-14
-6.90851e-14
-7.05871e-14
-6.54609e-14
-6.34963e-14
-6.19582e-14
-5.40492e-14
-4.92608e-14
-4.60947e-14
-4.73177e-14
-3.29771e-14
-3.55581e-14
-3.36001e-14
-2.58234e-14
-2.56174e-14
-2.10708e-14
-1.76528e-14
-1.63462e-14
-5.87429e-15
-1.5815e-13
-1.57996e-13
-1.54855e-13
-1.58649e-13
-1.57176e-13
-1.61264e-13
-1.62807e-13
-1.52601e-13
-1.62287e-13
-1.5978e-13
-1.64748e-13
-1.7019e-13
-1.75932e-13
-1.73575e-13
-1.78786e-13
-1.81138e-13
-1.87983e-13
-1.87225e-13
-1.95369e-13
-2.07144e-13
-2.12764e-13
-2.22218e-13
-2.19596e-13
-2.19765e-13
-2.18932e-13
-2.14132e-13
-2.11465e-13
-2.14037e-13
-2.15097e-13
-2.14615e-13
-2.12168e-13
-2.16448e-13
-2.29683e-13
-2.40765e-13
-2.35406e-13
-2.27872e-13
-2.16619e-13
-2.15477e-13
-2.12846e-13
-2.24065e-13
-2.22165e-13
-2.22317e-13
-2.16526e-13
-2.16175e-13
-2.1432e-13
-2.15599e-13
-2.19534e-13
-2.11393e-13
-2.11268e-13
-2.08803e-13
-2.06949e-13
-2.03821e-13
-2.02515e-13
-2.00833e-13
-1.98794e-13
-1.94648e-13
-1.84507e-13
-1.75591e-13
-1.70556e-13
-1.60462e-13
-1.58933e-13
-1.55618e-13
-1.55286e-13
-1.58255e-13
-1.50774e-13
-1.48916e-13
-1.53179e-13
-1.49734e-13
-1.49668e-13
-1.41911e-13
-1.422e-13
-1.28345e-13
-1.18741e-13
-1.14191e-13
-1.14681e-13
-1.15798e-13
-1.1062e-13
-1.06408e-13
-9.67407e-14
-8.24089e-14
-7.72506e-14
-6.77171e-14
-7.66566e-14
-7.68457e-14
-6.68196e-14
-6.25052e-14
-6.12414e-14
-5.72115e-14
-4.97333e-14
-4.63294e-14
-4.30325e-14
-3.93714e-14
-3.59866e-14
-3.06325e-14
-3.36338e-14
-2.76321e-14
-2.58305e-14
-1.36866e-14
-1.15162e-14
-7.5972e-15
-1.53613e-13
-1.54373e-13
-1.52606e-13
-1.52289e-13
-1.48448e-13
-1.50347e-13
-1.60167e-13
-1.63389e-13
-1.66093e-13
-1.6472e-13
-1.59203e-13
-1.59848e-13
-1.68273e-13
-1.75932e-13
-1.88087e-13
-1.85451e-13
-1.8346e-13
-1.88993e-13
-1.94268e-13
-2.00854e-13
-2.06722e-13
-2.21837e-13
-2.28252e-13
-2.24258e-13
-2.16383e-13
-2.12672e-13
-2.15501e-13
-2.13981e-13
-2.11139e-13
-2.11847e-13
-2.1217e-13
-2.1597e-13
-2.22458e-13
-2.37149e-13
-2.3914e-13
-2.31163e-13
-2.20912e-13
-2.13438e-13
-2.14196e-13
-2.13746e-13
-2.18859e-13
-2.24074e-13
-2.19933e-13
-2.17578e-13
-2.17065e-13
-2.09514e-13
-2.17897e-13
-2.14417e-13
-2.10634e-13
-2.06968e-13
-2.0634e-13
-2.00865e-13
-1.99741e-13
-2.00744e-13
-1.95365e-13
-1.89849e-13
-1.83803e-13
-1.799e-13
-1.74487e-13
-1.64573e-13
-1.58794e-13
-1.54276e-13
-1.56294e-13
-1.53714e-13
-1.52052e-13
-1.54803e-13
-1.51633e-13
-1.52411e-13
-1.54748e-13
-1.50921e-13
-1.44805e-13
-1.27944e-13
-1.16636e-13
-1.16154e-13
-1.19838e-13
-1.10528e-13
-1.04525e-13
-1.03342e-13
-9.42144e-14
-8.89407e-14
-7.93356e-14
-7.39869e-14
-7.35692e-14
-6.8208e-14
-7.23805e-14
-6.85648e-14
-6.53013e-14
-5.74236e-14
-4.82949e-14
-4.91124e-14
-4.32109e-14
-4.13734e-14
-3.73079e-14
-3.14752e-14
-3.44959e-14
-2.78431e-14
-2.32303e-14
-1.55653e-14
-1.54295e-14
-7.66757e-15
-1.56406e-13
-1.48484e-13
-1.46394e-13
-1.5426e-13
-1.49437e-13
-1.56457e-13
-1.58685e-13
-1.55872e-13
-1.52101e-13
-1.56198e-13
-1.62377e-13
-1.64109e-13
-1.68159e-13
-1.72438e-13
-1.85903e-13
-1.86833e-13
-1.82957e-13
-1.87722e-13
-1.95345e-13
-1.95911e-13
-2.11105e-13
-2.25364e-13
-2.21946e-13
-2.21324e-13
-2.23003e-13
-2.19568e-13
-2.13665e-13
-2.1155e-13
-2.07022e-13
-2.10045e-13
-2.1723e-13
-2.15548e-13
-2.24046e-13
-2.33832e-13
-2.3643e-13
-2.24675e-13
-2.12628e-13
-2.13705e-13
-2.16382e-13
-2.2139e-13
-2.19278e-13
-2.21604e-13
-2.18261e-13
-2.14255e-13
-2.17871e-13
-2.19869e-13
-2.10446e-13
-2.07683e-13
-2.13745e-13
-2.11788e-13
-2.06142e-13
-2.00767e-13
-1.97339e-13
-1.95499e-13
-1.88464e-13
-1.88005e-13
-1.82812e-13
-1.85572e-13
-1.80364e-13
-1.61307e-13
-1.56874e-13
-1.53132e-13
-1.60463e-13
-1.63387e-13
-1.56984e-13
-1.52861e-13
-1.53661e-13
-1.54327e-13
-1.59749e-13
-1.45612e-13
-1.39628e-13
-1.29825e-13
-1.16794e-13
-1.16038e-13
-1.16664e-13
-1.15359e-13
-1.07603e-13
-1.02591e-13
-1.00549e-13
-9.56285e-14
-8.00781e-14
-6.60028e-14
-7.84392e-14
-7.64702e-14
-7.06718e-14
-6.40799e-14
-5.99824e-14
-5.71621e-14
-5.44978e-14
-4.71965e-14
-4.37158e-14
-4.04811e-14
-3.68002e-14
-3.63374e-14
-3.15474e-14
-2.78883e-14
-2.7003e-14
-1.80892e-14
-1.77466e-14
-4.07392e-15
-1.48017e-13
-1.46237e-13
-1.41797e-13
-1.51218e-13
-1.54798e-13
-1.5698e-13
-1.54643e-13
-1.49058e-13
-1.47597e-13
-1.5806e-13
-1.61756e-13
-1.63852e-13
-1.6859e-13
-1.69619e-13
-1.79662e-13
-1.89583e-13
-1.90136e-13
-1.989e-13
-1.95794e-13
-1.91901e-13
-2.07626e-13
-2.23478e-13
-2.21597e-13
-2.17635e-13
-2.17827e-13
-2.1814e-13
-2.1571e-13
-2.12654e-13
-2.10416e-13
-2.1157e-13
-2.17622e-13
-2.18086e-13
-2.22602e-13
-2.30886e-13
-2.29204e-13
-2.25245e-13
-2.14803e-13
-2.16945e-13
-2.19227e-13
-2.23578e-13
-2.24235e-13
-2.19484e-13
-2.07727e-13
-2.12015e-13
-2.18737e-13
-2.20423e-13
-2.0958e-13
-2.07572e-13
-2.11779e-13
-2.06432e-13
-2.0515e-13
-2.01279e-13
-1.9564e-13
-1.93539e-13
-1.98937e-13
-1.92622e-13
-1.87582e-13
-1.79619e-13
-1.76244e-13
-1.70243e-13
-1.58876e-13
-1.56325e-13
-1.56399e-13
-1.64044e-13
-1.58473e-13
-1.56522e-13
-1.5352e-13
-1.57601e-13
-1.56285e-13
-1.46193e-13
-1.4005e-13
-1.29404e-13
-1.22346e-13
-1.2431e-13
-1.19706e-13
-1.11807e-13
-1.10312e-13
-1.02032e-13
-9.96792e-14
-9.2423e-14
-8.39899e-14
-7.19205e-14
-7.79138e-14
-6.74963e-14
-6.81007e-14
-6.98941e-14
-6.6425e-14
-5.75636e-14
-5.44508e-14
-4.84138e-14
-4.79782e-14
-4.24533e-14
-3.34019e-14
-3.43289e-14
-2.89484e-14
-2.91375e-14
-2.32329e-14
-2.34129e-14
-1.55853e-14
-5.19674e-15
-1.40595e-13
-1.42125e-13
-1.44973e-13
-1.4449e-13
-1.52426e-13
-1.50362e-13
-1.53647e-13
-1.4379e-13
-1.44503e-13
-1.58709e-13
-1.55735e-13
-1.62198e-13
-1.68031e-13
-1.73264e-13
-1.78035e-13
-1.87145e-13
-1.8801e-13
-1.92471e-13
-1.97166e-13
-2.01429e-13
-2.11848e-13
-2.21689e-13
-2.25716e-13
-2.20185e-13
-2.18024e-13
-2.08433e-13
-2.18327e-13
-2.16935e-13
-2.08999e-13
-2.07869e-13
-2.15058e-13
-2.13474e-13
-2.24013e-13
-2.29946e-13
-2.32087e-13
-2.31235e-13
-2.18812e-13
-2.14085e-13
-2.13667e-13
-2.15815e-13
-2.22068e-13
-2.20251e-13
-2.16415e-13
-2.14175e-13
-2.17421e-13
-2.18249e-13
-2.11777e-13
-2.10222e-13
-2.08576e-13
-2.04016e-13
-2.06151e-13
-2.08651e-13
-1.97785e-13
-1.91805e-13
-1.97041e-13
-1.85744e-13
-1.85249e-13
-1.84735e-13
-1.76012e-13
-1.68922e-13
-1.62309e-13
-1.63502e-13
-1.685e-13
-1.65063e-13
-1.63044e-13
-1.57459e-13
-1.55205e-13
-1.60763e-13
-1.58851e-13
-1.41496e-13
-1.39894e-13
-1.35368e-13
-1.25236e-13
-1.27036e-13
-1.2444e-13
-1.19234e-13
-1.09089e-13
-1.00072e-13
-1.00469e-13
-9.51785e-14
-8.57037e-14
-8.13072e-14
-8.13711e-14
-7.18237e-14
-6.69733e-14
-7.05852e-14
-6.55451e-14
-5.84122e-14
-5.19941e-14
-4.78618e-14
-4.13778e-14
-4.1324e-14
-3.99155e-14
-3.57617e-14
-3.39832e-14
-3.10931e-14
-2.45951e-14
-1.45957e-14
-1.64976e-14
-6.2955e-15
-1.40085e-13
-1.3883e-13
-1.36378e-13
-1.3768e-13
-1.46171e-13
-1.49175e-13
-1.48355e-13
-1.4231e-13
-1.42665e-13
-1.53257e-13
-1.52162e-13
-1.62944e-13
-1.67641e-13
-1.7533e-13
-1.81538e-13
-1.91272e-13
-1.91556e-13
-1.95563e-13
-1.95016e-13
-2.00407e-13
-2.14619e-13
-2.15183e-13
-2.20759e-13
-2.19183e-13
-2.14705e-13
-2.12305e-13
-2.16432e-13
-2.13658e-13
-2.15802e-13
-2.17239e-13
-2.12414e-13
-2.12276e-13
-2.19696e-13
-2.25925e-13
-2.34111e-13
-2.25696e-13
-2.21015e-13
-2.18957e-13
-2.18354e-13
-2.19115e-13
-2.21633e-13
-2.17862e-13
-2.17792e-13
-2.18019e-13
-2.16736e-13
-2.16788e-13
-2.08247e-13
-2.12373e-13
-2.11083e-13
-2.06021e-13
-2.00469e-13
-2.00147e-13
-1.96365e-13
-1.95398e-13
-1.9488e-13
-1.95995e-13
-1.97836e-13
-1.85047e-13
-1.80676e-13
-1.69681e-13
-1.60316e-13
-1.67136e-13
-1.70351e-13
-1.65828e-13
-1.62235e-13
-1.57134e-13
-1.55741e-13
-1.61887e-13
-1.54316e-13
-1.4425e-13
-1.45497e-13
-1.34026e-13
-1.23801e-13
-1.28497e-13
-1.3338e-13
-1.25087e-13
-1.04309e-13
-1.02752e-13
-1.08942e-13
-9.83368e-14
-8.74805e-14
-8.55369e-14
-8.24932e-14
-7.34797e-14
-6.48483e-14
-6.64209e-14
-6.58282e-14
-5.78529e-14
-5.17912e-14
-4.83383e-14
-5.03173e-14
-4.24656e-14
-3.77102e-14
-3.47736e-14
-3.30245e-14
-2.2343e-14
-2.89546e-14
-2.57211e-14
-2.20278e-14
-4.79034e-15
-1.40258e-13
-1.3393e-13
-1.29907e-13
-1.35027e-13
-1.43199e-13
-1.45718e-13
-1.48807e-13
-1.47062e-13
-1.40914e-13
-1.51663e-13
-1.49308e-13
-1.53512e-13
-1.63131e-13
-1.76952e-13
-1.83263e-13
-1.87827e-13
-1.86131e-13
-1.88393e-13
-1.93695e-13
-2.06614e-13
-2.20755e-13
-2.29159e-13
-2.22741e-13
-2.12333e-13
-2.07985e-13
-2.14923e-13
-2.20209e-13
-2.22213e-13
-2.13345e-13
-2.08118e-13
-2.09686e-13
-2.17662e-13
-2.2518e-13
-2.25661e-13
-2.3134e-13
-2.21236e-13
-2.18347e-13
-2.18035e-13
-2.15267e-13
-2.18896e-13
-2.23097e-13
-2.23867e-13
-2.24288e-13
-2.18819e-13
-2.10914e-13
-2.15331e-13
-2.09322e-13
-2.12303e-13
-2.09722e-13
-2.04125e-13
-2.02967e-13
-2.00613e-13
-1.93773e-13
-1.93098e-13
-1.93709e-13
-2.0147e-13
-2.03048e-13
-1.8541e-13
-1.77744e-13
-1.67459e-13
-1.74834e-13
-1.71488e-13
-1.67116e-13
-1.65741e-13
-1.66431e-13
-1.6285e-13
-1.62235e-13
-1.58957e-13
-1.50399e-13
-1.47759e-13
-1.46767e-13
-1.32158e-13
-1.23401e-13
-1.30379e-13
-1.33295e-13
-1.23023e-13
-1.1427e-13
-1.07805e-13
-1.02998e-13
-9.61721e-14
-9.44255e-14
-9.06548e-14
-8.16531e-14
-8.03607e-14
-7.40527e-14
-6.5177e-14
-6.23645e-14
-5.69741e-14
-5.43356e-14
-4.902e-14
-4.64954e-14
-4.46008e-14
-3.70143e-14
-3.21836e-14
-3.46663e-14
-3.3615e-14
-2.54042e-14
-2.14536e-14
-2.11137e-14
-6.83983e-15
-1.32254e-13
-1.37503e-13
-1.35371e-13
-1.43435e-13
-1.40069e-13
-1.33019e-13
-1.32767e-13
-1.37986e-13
-1.44505e-13
-1.56443e-13
-1.54618e-13
-1.52214e-13
-1.65411e-13
-1.79896e-13
-1.82975e-13
-1.85257e-13
-1.84284e-13
-1.86229e-13
-1.91779e-13
-2.12077e-13
-2.21611e-13
-2.24833e-13
-2.15837e-13
-2.19352e-13
-2.17191e-13
-2.15072e-13
-2.15088e-13
-2.17154e-13
-2.10305e-13
-2.17237e-13
-2.20646e-13
-2.12143e-13
-2.14994e-13
-2.25577e-13
-2.28399e-13
-2.2014e-13
-2.17023e-13
-2.17365e-13
-2.21253e-13
-2.19688e-13
-2.20313e-13
-2.20063e-13
-2.14471e-13
-2.20253e-13
-2.17954e-13
-2.19564e-13
-2.12399e-13
-2.09223e-13
-2.04649e-13
-2.03953e-13
-2.03408e-13
-2.00686e-13
-1.98527e-13
-2.00056e-13
-2.0105e-13
-1.94991e-13
-1.96272e-13
-1.86446e-13
-1.76702e-13
-1.7809e-13
-1.71597e-13
-1.67202e-13
-1.68935e-13
-1.68146e-13
-1.62022e-13
-1.64523e-13
-1.60809e-13
-1.5671e-13
-1.51475e-13
-1.42468e-13
-1.41304e-13
-1.41165e-13
-1.34198e-13
-1.34628e-13
-1.35231e-13
-1.26173e-13
-1.07759e-13
-1.12701e-13
-1.06218e-13
-9.94257e-14
-9.56919e-14
-9.29744e-14
-8.2495e-14
-7.75166e-14
-7.31601e-14
-6.8382e-14
-5.9853e-14
-5.61778e-14
-5.61975e-14
-5.25467e-14
-4.85951e-14
-4.36755e-14
-4.15685e-14
-3.11349e-14
-3.31241e-14
-2.84133e-14
-2.45497e-14
-2.4908e-14
-2.31972e-14
-8.53143e-15
-1.33012e-13
-1.34062e-13
-1.33432e-13
-1.33758e-13
-1.36152e-13
-1.39851e-13
-1.38297e-13
-1.41881e-13
-1.42437e-13
-1.41594e-13
-1.45276e-13
-1.56667e-13
-1.70476e-13
-1.76042e-13
-1.86206e-13
-1.83928e-13
-1.81935e-13
-1.81253e-13
-1.9213e-13
-2.12155e-13
-2.24355e-13
-2.2475e-13
-2.19063e-13
-2.18133e-13
-2.16412e-13
-2.13144e-13
-2.12886e-13
-2.23916e-13
-2.19582e-13
-2.1662e-13
-2.12183e-13
-2.1411e-13
-2.13126e-13
-2.19625e-13
-2.24699e-13
-2.21191e-13
-2.19215e-13
-2.17478e-13
-2.21692e-13
-2.20015e-13
-2.21204e-13
-2.25179e-13
-2.23504e-13
-2.1759e-13
-2.14591e-13
-2.15354e-13
-2.03219e-13
-2.10179e-13
-2.0736e-13
-2.04898e-13
-2.03841e-13
-2.03654e-13
-2.03132e-13
-1.99587e-13
-1.88674e-13
-1.9443e-13
-1.93988e-13
-1.85263e-13
-1.84365e-13
-1.78143e-13
-1.76287e-13
-1.75116e-13
-1.6935e-13
-1.69123e-13
-1.66436e-13
-1.67993e-13
-1.63783e-13
-1.61952e-13
-1.56647e-13
-1.44827e-13
-1.46742e-13
-1.40542e-13
-1.32702e-13
-1.29543e-13
-1.34641e-13
-1.27593e-13
-1.12026e-13
-1.11846e-13
-1.04788e-13
-1.0039e-13
-9.6424e-14
-9.03086e-14
-8.5096e-14
-8.00946e-14
-7.58291e-14
-7.28497e-14
-6.73701e-14
-5.85027e-14
-5.35052e-14
-4.75865e-14
-4.98804e-14
-4.57565e-14
-4.45669e-14
-3.72894e-14
-3.8803e-14
-3.23113e-14
-2.55788e-14
-2.66508e-14
-1.7557e-14
-7.61209e-15
-1.37072e-13
-1.32603e-13
-1.3073e-13
-1.28673e-13
-1.29011e-13
-1.33737e-13
-1.38395e-13
-1.38985e-13
-1.3744e-13
-1.39455e-13
-1.48642e-13
-1.65473e-13
-1.65946e-13
-1.76067e-13
-1.85345e-13
-1.8011e-13
-1.79146e-13
-1.82396e-13
-1.94901e-13
-2.12155e-13
-2.23991e-13
-2.2602e-13
-2.20828e-13
-2.19528e-13
-2.22934e-13
-2.17492e-13
-2.14471e-13
-2.16412e-13
-2.09545e-13
-2.13312e-13
-2.17988e-13
-2.22405e-13
-2.21385e-13
-2.19182e-13
-2.1839e-13
-2.1851e-13
-2.13231e-13
-2.11982e-13
-2.19579e-13
-2.18622e-13
-2.26072e-13
-2.24345e-13
-2.20552e-13
-2.16254e-13
-2.1493e-13
-2.10212e-13
-2.05988e-13
-2.11626e-13
-2.09411e-13
-2.05628e-13
-2.04642e-13
-2.03977e-13
-2.01413e-13
-2.02037e-13
-1.96512e-13
-1.95961e-13
-1.89852e-13
-1.85737e-13
-1.84507e-13
-1.86722e-13
-1.82958e-13
-1.73067e-13
-1.69374e-13
-1.66212e-13
-1.60979e-13
-1.67862e-13
-1.66258e-13
-1.576e-13
-1.58336e-13
-1.50725e-13
-1.46867e-13
-1.40001e-13
-1.37762e-13
-1.40816e-13
-1.31845e-13
-1.25124e-13
-1.16238e-13
-1.17508e-13
-1.0269e-13
-9.74924e-14
-9.81579e-14
-8.6382e-14
-8.89335e-14
-8.43436e-14
-7.71659e-14
-6.79084e-14
-6.32119e-14
-6.42973e-14
-5.64289e-14
-4.97851e-14
-5.07377e-14
-4.50202e-14
-4.45423e-14
-4.09328e-14
-3.89591e-14
-3.49577e-14
-2.32497e-14
-2.23816e-14
-1.4111e-14
-5.65219e-15
-1.35816e-13
-1.29327e-13
-1.28897e-13
-1.26608e-13
-1.32157e-13
-1.35281e-13
-1.39797e-13
-1.3443e-13
-1.31622e-13
-1.44427e-13
-1.49115e-13
-1.58209e-13
-1.69743e-13
-1.75276e-13
-1.82939e-13
-1.81972e-13
-1.83416e-13
-1.85698e-13
-1.93141e-13
-2.06485e-13
-2.21861e-13
-2.25908e-13
-2.22408e-13
-2.17073e-13
-2.18484e-13
-2.26828e-13
-2.17053e-13
-2.1299e-13
-2.11674e-13
-2.19738e-13
-2.18623e-13
-2.15375e-13
-2.08853e-13
-2.10132e-13
-2.18311e-13
-2.21573e-13
-2.25908e-13
-2.27531e-13
-2.21091e-13
-2.16664e-13
-2.27576e-13
-2.22357e-13
-2.18704e-13
-2.15716e-13
-2.09667e-13
-2.0643e-13
-2.04776e-13
-2.09622e-13
-2.10951e-13
-2.06994e-13
-2.11763e-13
-2.06672e-13
-2.02134e-13
-2.00737e-13
-1.92101e-13
-1.88608e-13
-1.85646e-13
-1.88324e-13
-1.89637e-13
-1.86467e-13
-1.83907e-13
-1.77101e-13
-1.75035e-13
-1.6766e-13
-1.65988e-13
-1.67518e-13
-1.59655e-13
-1.60563e-13
-1.55977e-13
-1.588e-13
-1.4987e-13
-1.41738e-13
-1.3831e-13
-1.37927e-13
-1.28876e-13
-1.22791e-13
-1.20859e-13
-1.18879e-13
-1.0832e-13
-1.03235e-13
-9.91449e-14
-8.6788e-14
-9.02353e-14
-8.42247e-14
-7.30494e-14
-6.92216e-14
-6.89127e-14
-6.63288e-14
-5.80995e-14
-4.92591e-14
-4.92755e-14
-5.16222e-14
-4.21083e-14
-4.1375e-14
-3.99421e-14
-3.67299e-14
-3.20877e-14
-2.08789e-14
-1.08395e-14
-5.20904e-15
-1.30344e-13
-1.30858e-13
-1.26706e-13
-1.2741e-13
-1.224e-13
-1.2692e-13
-1.36769e-13
-1.38972e-13
-1.40878e-13
-1.46979e-13
-1.45922e-13
-1.53639e-13
-1.63143e-13
-1.79385e-13
-1.78793e-13
-1.78564e-13
-1.78737e-13
-1.84441e-13
-1.95338e-13
-2.07415e-13
-2.19068e-13
-2.28371e-13
-2.26437e-13
-2.24467e-13
-2.23984e-13
-2.19576e-13
-2.199e-13
-2.14445e-13
-2.11405e-13
-2.12178e-13
-2.11508e-13
-2.18383e-13
-2.19416e-13
-2.14076e-13
-2.18038e-13
-2.19133e-13
-2.2474e-13
-2.18805e-13
-2.1785e-13
-2.2245e-13
-2.24479e-13
-2.20549e-13
-2.17509e-13
-2.11077e-13
-2.11734e-13
-2.09394e-13
-2.06239e-13
-2.0954e-13
-2.09393e-13
-2.13078e-13
-2.12305e-13
-2.06376e-13
-1.97127e-13
-1.94353e-13
-1.98331e-13
-1.98779e-13
-1.93716e-13
-1.91926e-13
-1.89112e-13
-1.9171e-13
-1.85234e-13
-1.75318e-13
-1.73507e-13
-1.6485e-13
-1.66181e-13
-1.68545e-13
-1.64043e-13
-1.68429e-13
-1.60281e-13
-1.50621e-13
-1.45438e-13
-1.40306e-13
-1.43713e-13
-1.37238e-13
-1.32719e-13
-1.28072e-13
-1.26841e-13
-1.15232e-13
-1.07104e-13
-1.04335e-13
-9.9671e-14
-9.14803e-14
-8.83487e-14
-8.07914e-14
-7.36845e-14
-6.96381e-14
-7.03848e-14
-6.74875e-14
-5.34366e-14
-5.16429e-14
-5.28378e-14
-5.94081e-14
-4.88927e-14
-4.20297e-14
-3.68739e-14
-3.39238e-14
-3.19522e-14
-2.29225e-14
-1.40011e-14
-7.33987e-15
-1.28463e-13
-1.24648e-13
-1.15863e-13
-1.24368e-13
-1.2897e-13
-1.36066e-13
-1.40656e-13
-1.38766e-13
-1.38907e-13
-1.35184e-13
-1.44405e-13
-1.53267e-13
-1.65845e-13
-1.78062e-13
-1.75374e-13
-1.81228e-13
-1.78164e-13
-1.81932e-13
-1.96059e-13
-2.07052e-13
-2.17116e-13
-2.25604e-13
-2.28753e-13
-2.30311e-13
-2.27141e-13
-2.16986e-13
-2.12989e-13
-2.08731e-13
-2.07134e-13
-2.14306e-13
-2.11478e-13
-2.12862e-13
-2.11886e-13
-2.1341e-13
-2.23027e-13
-2.25981e-13
-2.27893e-13
-2.21821e-13
-2.19008e-13
-2.21355e-13
-2.23194e-13
-2.18632e-13
-2.1606e-13
-2.11398e-13
-2.16378e-13
-2.0901e-13
-2.10891e-13
-2.1208e-13
-2.06213e-13
-2.12584e-13
-2.07519e-13
-2.05025e-13
-2.03318e-13
-2.00945e-13
-2.01578e-13
-1.91986e-13
-1.98391e-13
-1.92412e-13
-1.8985e-13
-1.9379e-13
-1.84708e-13
-1.75323e-13
-1.71471e-13
-1.66899e-13
-1.6796e-13
-1.7251e-13
-1.74257e-13
-1.63176e-13
-1.54078e-13
-1.5129e-13
-1.57325e-13
-1.4232e-13
-1.38449e-13
-1.39806e-13
-1.3518e-13
-1.34694e-13
-1.24013e-13
-1.11979e-13
-1.04861e-13
-1.05279e-13
-1.03647e-13
-8.75784e-14
-8.91443e-14
-8.31145e-14
-7.63821e-14
-7.77562e-14
-7.31308e-14
-6.33094e-14
-5.21222e-14
-5.40927e-14
-5.47415e-14
-6.47671e-14
-5.03054e-14
-4.68626e-14
-3.59034e-14
-2.76897e-14
-3.07622e-14
-2.27993e-14
-1.42224e-14
-6.05026e-15
-1.24784e-13
-1.23995e-13
-1.20505e-13
-1.21855e-13
-1.26646e-13
-1.34847e-13
-1.30562e-13
-1.36827e-13
-1.40066e-13
-1.43373e-13
-1.54175e-13
-1.56759e-13
-1.67651e-13
-1.65047e-13
-1.64164e-13
-1.71343e-13
-1.77629e-13
-1.83779e-13
-1.92874e-13
-2.07476e-13
-2.19781e-13
-2.34092e-13
-2.29127e-13
-2.30276e-13
-2.25972e-13
-2.20956e-13
-2.12521e-13
-2.11765e-13
-2.10116e-13
-2.1522e-13
-2.14993e-13
-2.0862e-13
-2.09534e-13
-2.06128e-13
-2.18289e-13
-2.2603e-13
-2.27432e-13
-2.23686e-13
-2.20486e-13
-2.22177e-13
-2.25094e-13
-2.2196e-13
-2.15757e-13
-2.02771e-13
-2.08997e-13
-2.12729e-13
-2.1168e-13
-2.14572e-13
-2.14306e-13
-2.13831e-13
-2.11291e-13
-1.97004e-13
-2.01505e-13
-2.03866e-13
-2.02336e-13
-1.94821e-13
-2.00187e-13
-1.9331e-13
-1.93738e-13
-1.89657e-13
-1.82186e-13
-1.82231e-13
-1.78114e-13
-1.73622e-13
-1.69885e-13
-1.65147e-13
-1.70736e-13
-1.63489e-13
-1.56616e-13
-1.48878e-13
-1.48249e-13
-1.4518e-13
-1.4587e-13
-1.40637e-13
-1.37496e-13
-1.33392e-13
-1.2499e-13
-1.10589e-13
-1.07525e-13
-1.02283e-13
-1.02678e-13
-9.13348e-14
-8.95703e-14
-8.43085e-14
-7.98038e-14
-7.98176e-14
-7.56092e-14
-6.17291e-14
-5.37814e-14
-5.07219e-14
-5.6448e-14
-6.36248e-14
-5.57629e-14
-4.56047e-14
-3.70958e-14
-2.73922e-14
-2.63464e-14
-2.31178e-14
-1.31858e-14
-2.99427e-15
-1.17662e-13
-1.19323e-13
-1.16585e-13
-1.22079e-13
-1.30231e-13
-1.34884e-13
-1.26627e-13
-1.34277e-13
-1.3838e-13
-1.44638e-13
-1.55802e-13
-1.55504e-13
-1.67276e-13
-1.60786e-13
-1.61264e-13
-1.72596e-13
-1.76963e-13
-1.80213e-13
-2.00601e-13
-2.07363e-13
-2.28811e-13
-2.33099e-13
-2.20448e-13
-2.21147e-13
-2.23991e-13
-2.242e-13
-2.13401e-13
-2.05753e-13
-1.95115e-13
-2.08742e-13
-2.13573e-13
-2.09548e-13
-2.19461e-13
-2.19775e-13
-2.2749e-13
-2.22975e-13
-2.26699e-13
-2.23066e-13
-2.20077e-13
-2.17743e-13
-2.21178e-13
-2.18441e-13
-2.14309e-13
-2.12459e-13
-2.13577e-13
-2.13771e-13
-2.16348e-13
-2.13372e-13
-2.10996e-13
-2.0948e-13
-2.09618e-13
-2.01357e-13
-2.00809e-13
-2.05374e-13
-2.08068e-13
-1.96573e-13
-1.93588e-13
-1.96167e-13
-1.92654e-13
-1.87862e-13
-1.79362e-13
-1.82657e-13
-1.78036e-13
-1.71402e-13
-1.72766e-13
-1.67751e-13
-1.67024e-13
-1.62881e-13
-1.53576e-13
-1.52194e-13
-1.50943e-13
-1.48948e-13
-1.4362e-13
-1.37571e-13
-1.32374e-13
-1.28518e-13
-1.25186e-13
-1.2149e-13
-1.11415e-13
-1.00167e-13
-9.82283e-14
-9.40405e-14
-8.86125e-14
-8.13062e-14
-7.9927e-14
-7.8783e-14
-7.77661e-14
-6.37317e-14
-6.22458e-14
-6.06775e-14
-5.86014e-14
-5.70519e-14
-5.25736e-14
-4.3241e-14
-4.09523e-14
-2.96924e-14
-2.08913e-14
-2.16103e-14
-1.33542e-14
-5.3783e-15
-1.17381e-13
-1.13998e-13
-1.18344e-13
-1.21945e-13
-1.25998e-13
-1.30559e-13
-1.27893e-13
-1.29786e-13
-1.39971e-13
-1.45291e-13
-1.57619e-13
-1.57191e-13
-1.69148e-13
-1.63061e-13
-1.6622e-13
-1.6238e-13
-1.66398e-13
-1.80744e-13
-1.99576e-13
-2.12385e-13
-2.13688e-13
-2.17415e-13
-2.25966e-13
-2.24423e-13
-2.22809e-13
-2.2058e-13
-2.16817e-13
-2.0909e-13
-2.02526e-13
-2.07338e-13
-2.15267e-13
-2.15252e-13
-2.13558e-13
-2.16781e-13
-2.14488e-13
-2.17645e-13
-2.25558e-13
-2.23849e-13
-2.27623e-13
-2.21915e-13
-2.15201e-13
-2.11057e-13
-2.15321e-13
-2.1547e-13
-2.09768e-13
-2.09246e-13
-2.16702e-13
-2.132e-13
-2.13925e-13
-2.08873e-13
-2.09055e-13
-2.08066e-13
-2.04996e-13
-1.99869e-13
-2.03129e-13
-2.00046e-13
-1.96957e-13
-1.97021e-13
-1.90456e-13
-1.8528e-13
-1.85465e-13
-1.84342e-13
-1.82733e-13
-1.78374e-13
-1.6474e-13
-1.59893e-13
-1.60201e-13
-1.56624e-13
-1.52034e-13
-1.50981e-13
-1.49687e-13
-1.50927e-13
-1.51565e-13
-1.39708e-13
-1.29835e-13
-1.24478e-13
-1.24659e-13
-1.2058e-13
-1.13828e-13
-1.03321e-13
-1.00536e-13
-9.32522e-14
-9.09178e-14
-8.97368e-14
-8.04134e-14
-7.57374e-14
-7.22718e-14
-7.34713e-14
-6.79847e-14
-6.09741e-14
-5.44969e-14
-5.16287e-14
-5.15285e-14
-4.73535e-14
-4.10044e-14
-3.08843e-14
-1.93777e-14
-1.75226e-14
-9.25327e-15
-1.50668e-15
-1.15066e-13
-1.16736e-13
-1.16501e-13
-1.21443e-13
-1.2472e-13
-1.22753e-13
-1.25873e-13
-1.27962e-13
-1.36136e-13
-1.44901e-13
-1.62831e-13
-1.66398e-13
-1.67719e-13
-1.60711e-13
-1.61697e-13
-1.53649e-13
-1.67516e-13
-1.92483e-13
-2.00905e-13
-2.07669e-13
-2.11143e-13
-2.12537e-13
-2.12523e-13
-2.18191e-13
-2.1529e-13
-2.16465e-13
-2.16677e-13
-2.11273e-13
-1.97693e-13
-2.03019e-13
-2.16465e-13
-2.16657e-13
-2.19552e-13
-2.22889e-13
-2.15783e-13
-2.22556e-13
-2.23179e-13
-2.22381e-13
-2.23417e-13
-2.1911e-13
-2.16305e-13
-2.13807e-13
-2.11517e-13
-2.11018e-13
-2.11197e-13
-2.09973e-13
-2.16661e-13
-2.16552e-13
-2.14635e-13
-2.09985e-13
-2.14403e-13
-2.1522e-13
-1.99858e-13
-1.94236e-13
-2.01664e-13
-1.98655e-13
-1.9558e-13
-1.94881e-13
-1.96717e-13
-1.90386e-13
-1.84173e-13
-1.81451e-13
-1.75662e-13
-1.74214e-13
-1.64512e-13
-1.60685e-13
-1.59054e-13
-1.53076e-13
-1.50686e-13
-1.51729e-13
-1.48345e-13
-1.50232e-13
-1.51299e-13
-1.39773e-13
-1.25986e-13
-1.22544e-13
-1.28367e-13
-1.22411e-13
-1.16519e-13
-1.08892e-13
-9.95008e-14
-9.1086e-14
-9.07586e-14
-8.41197e-14
-8.34193e-14
-7.48975e-14
-7.62163e-14
-8.15573e-14
-7.00711e-14
-6.37662e-14
-5.47047e-14
-5.86581e-14
-5.00909e-14
-4.45524e-14
-4.18845e-14
-2.7874e-14
-1.87022e-14
-1.43858e-14
-8.41709e-15
-2.7947e-15
-1.11843e-13
-1.14815e-13
-1.17182e-13
-1.2236e-13
-1.20763e-13
-1.17701e-13
-1.2247e-13
-1.27343e-13
-1.37418e-13
-1.50412e-13
-1.57588e-13
-1.57653e-13
-1.65054e-13
-1.59681e-13
-1.60691e-13
-1.59641e-13
-1.64956e-13
-1.84202e-13
-1.95112e-13
-2.03369e-13
-2.08461e-13
-2.10208e-13
-2.17795e-13
-2.18043e-13
-2.2177e-13
-2.11016e-13
-2.11543e-13
-2.08858e-13
-2.07068e-13
-2.10905e-13
-2.10392e-13
-2.1318e-13
-2.20537e-13
-2.15519e-13
-2.09311e-13
-2.19466e-13
-2.21933e-13
-2.19952e-13
-2.23815e-13
-2.18963e-13
-2.16904e-13
-2.15126e-13
-2.10251e-13
-2.08911e-13
-2.11872e-13
-2.06411e-13
-2.16855e-13
-2.18239e-13
-2.17722e-13
-2.14427e-13
-2.12258e-13
-2.17614e-13
-2.06034e-13
-1.95571e-13
-1.99443e-13
-1.94402e-13
-1.93072e-13
-1.95877e-13
-1.97053e-13
-1.88267e-13
-1.86783e-13
-1.78863e-13
-1.71102e-13
-1.66968e-13
-1.61975e-13
-1.57674e-13
-1.54796e-13
-1.48851e-13
-1.52724e-13
-1.5116e-13
-1.46291e-13
-1.45524e-13
-1.46302e-13
-1.42163e-13
-1.33344e-13
-1.28154e-13
-1.2027e-13
-1.18875e-13
-1.22105e-13
-1.12357e-13
-9.89553e-14
-9.24348e-14
-8.56596e-14
-8.06012e-14
-8.08169e-14
-8.22621e-14
-8.41492e-14
-7.99143e-14
-7.15433e-14
-6.4247e-14
-5.6366e-14
-5.6309e-14
-4.67591e-14
-4.16891e-14
-3.99059e-14
-2.43911e-14
-2.07581e-14
-1.68025e-14
-8.01477e-15
-4.05044e-15
-1.10877e-13
-1.15362e-13
-1.14971e-13
-1.25321e-13
-1.18505e-13
-1.13877e-13
-1.23476e-13
-1.30292e-13
-1.36898e-13
-1.4636e-13
-1.51917e-13
-1.57211e-13
-1.58257e-13
-1.58414e-13
-1.58967e-13
-1.60192e-13
-1.61531e-13
-1.76975e-13
-1.93682e-13
-2.01029e-13
-2.12203e-13
-2.12358e-13
-2.08589e-13
-2.18694e-13
-2.13956e-13
-2.11342e-13
-2.11952e-13
-2.12243e-13
-2.10328e-13
-2.08611e-13
-2.04155e-13
-2.05905e-13
-2.20789e-13
-2.22061e-13
-2.24763e-13
-2.19674e-13
-2.1723e-13
-2.17471e-13
-2.15786e-13
-2.14807e-13
-2.16911e-13
-2.14878e-13
-2.06918e-13
-2.06214e-13
-2.07343e-13
-2.10752e-13
-2.21651e-13
-2.20812e-13
-2.21738e-13
-2.13509e-13
-2.09336e-13
-2.20071e-13
-2.11964e-13
-2.03081e-13
-1.979e-13
-1.9127e-13
-1.92158e-13
-1.94892e-13
-1.91495e-13
-1.86164e-13
-1.86624e-13
-1.80007e-13
-1.71173e-13
-1.63568e-13
-1.56235e-13
-1.51819e-13
-1.5019e-13
-1.44815e-13
-1.49485e-13
-1.46771e-13
-1.51067e-13
-1.48424e-13
-1.49892e-13
-1.42076e-13
-1.36167e-13
-1.24711e-13
-1.22174e-13
-1.17982e-13
-1.19405e-13
-1.11473e-13
-9.68448e-14
-9.31811e-14
-9.04412e-14
-8.4616e-14
-8.04295e-14
-7.8849e-14
-8.0719e-14
-8.05097e-14
-7.48658e-14
-6.78753e-14
-6.20022e-14
-5.38488e-14
-4.71015e-14
-4.21511e-14
-3.76927e-14
-2.24143e-14
-1.61657e-14
-1.35696e-14
-7.608e-15
-3.66315e-15
-1.15216e-13
-1.21545e-13
-1.1454e-13
-1.11532e-13
-1.16626e-13
-1.225e-13
-1.23467e-13
-1.26161e-13
-1.36316e-13
-1.43163e-13
-1.51532e-13
-1.52856e-13
-1.54387e-13
-1.61978e-13
-1.64685e-13
-1.6035e-13
-1.61177e-13
-1.73669e-13
-1.93193e-13
-2.02064e-13
-2.09263e-13
-2.11915e-13
-2.13502e-13
-2.13007e-13
-2.11281e-13
-2.06879e-13
-2.12672e-13
-2.128e-13
-2.09206e-13
-2.0881e-13
-2.11023e-13
-2.10765e-13
-2.19615e-13
-2.14746e-13
-2.21047e-13
-2.13528e-13
-2.19153e-13
-2.20088e-13
-2.16012e-13
-2.1346e-13
-2.15348e-13
-2.1507e-13
-2.07358e-13
-2.0658e-13
-2.06735e-13
-2.11275e-13
-2.1703e-13
-2.19912e-13
-2.19616e-13
-2.17772e-13
-2.15177e-13
-2.18181e-13
-2.13573e-13
-2.01345e-13
-1.94877e-13
-1.89929e-13
-1.93046e-13
-1.98441e-13
-1.90392e-13
-1.85879e-13
-1.87248e-13
-1.81625e-13
-1.67668e-13
-1.61836e-13
-1.56279e-13
-1.5122e-13
-1.44139e-13
-1.48187e-13
-1.50641e-13
-1.45631e-13
-1.47009e-13
-1.47589e-13
-1.49135e-13
-1.45262e-13
-1.36597e-13
-1.25767e-13
-1.17551e-13
-1.2383e-13
-1.24436e-13
-1.08861e-13
-9.89051e-14
-8.76658e-14
-8.47668e-14
-8.47015e-14
-8.06032e-14
-8.00333e-14
-8.575e-14
-7.96611e-14
-7.69568e-14
-6.63122e-14
-6.06861e-14
-5.4591e-14
-4.94096e-14
-4.18702e-14
-2.78701e-14
-2.09541e-14
-1.89418e-14
-1.50747e-14
-1.00254e-14
-1.22463e-15
-1.19989e-13
-1.2523e-13
-1.19186e-13
-1.12881e-13
-1.15293e-13
-1.18393e-13
-1.21908e-13
-1.25219e-13
-1.34159e-13
-1.44174e-13
-1.52658e-13
-1.54881e-13
-1.58665e-13
-1.59605e-13
-1.56498e-13
-1.59387e-13
-1.60773e-13
-1.75139e-13
-1.96096e-13
-2.02511e-13
-2.07392e-13
-2.10388e-13
-2.09877e-13
-2.10293e-13
-2.12469e-13
-2.10807e-13
-2.0898e-13
-2.14706e-13
-2.13845e-13
-2.17619e-13
-2.12477e-13
-2.1118e-13
-2.15515e-13
-2.13011e-13
-2.18452e-13
-2.17302e-13
-2.18401e-13
-2.15813e-13
-2.14078e-13
-2.11546e-13
-2.14493e-13
-2.11238e-13
-2.07177e-13
-2.07666e-13
-2.08842e-13
-2.07277e-13
-2.16575e-13
-2.23102e-13
-2.21439e-13
-2.23148e-13
-2.18494e-13
-2.18965e-13
-2.07218e-13
-2.02472e-13
-2.00265e-13
-1.94013e-13
-1.89978e-13
-1.95123e-13
-1.89573e-13
-1.88051e-13
-1.84658e-13
-1.76818e-13
-1.68447e-13
-1.61152e-13
-1.53642e-13
-1.50851e-13
-1.49591e-13
-1.52573e-13
-1.52606e-13
-1.48647e-13
-1.45112e-13
-1.45257e-13
-1.4204e-13
-1.43333e-13
-1.38059e-13
-1.26925e-13
-1.18889e-13
-1.17168e-13
-1.17014e-13
-1.08914e-13
-1.04197e-13
-9.2456e-14
-8.35045e-14
-8.36672e-14
-8.20763e-14
-8.33402e-14
-8.64136e-14
-7.94237e-14
-7.52706e-14
-6.7033e-14
-6.01223e-14
-5.28787e-14
-4.89731e-14
-4.11573e-14
-2.93296e-14
-2.05583e-14
-2.1542e-14
-1.77141e-14
-1.32902e-14
-3.06811e-15
-1.21913e-13
-1.22595e-13
-1.17661e-13
-1.15467e-13
-1.16413e-13
-1.19049e-13
-1.16138e-13
-1.25698e-13
-1.35951e-13
-1.48142e-13
-1.5145e-13
-1.58651e-13
-1.56531e-13
-1.58507e-13
-1.6166e-13
-1.58394e-13
-1.7397e-13
-1.80719e-13
-1.83874e-13
-2.00998e-13
-2.03596e-13
-2.05707e-13
-2.0386e-13
-2.10104e-13
-2.07534e-13
-2.09082e-13
-2.14682e-13
-2.22552e-13
-2.14862e-13
-2.15651e-13
-2.11792e-13
-2.12341e-13
-2.12277e-13
-2.10931e-13
-2.15773e-13
-2.20398e-13
-2.19922e-13
-2.09861e-13
-2.11677e-13
-2.0815e-13
-2.12747e-13
-2.13443e-13
-2.06303e-13
-2.0913e-13
-2.14915e-13
-2.13302e-13
-2.11521e-13
-2.17412e-13
-2.19123e-13
-2.22762e-13
-2.2202e-13
-2.20589e-13
-2.08597e-13
-2.02303e-13
-1.98231e-13
-1.97823e-13
-1.94878e-13
-1.93211e-13
-1.90048e-13
-1.84704e-13
-1.79281e-13
-1.82134e-13
-1.72347e-13
-1.6739e-13
-1.56951e-13
-1.51286e-13
-1.44558e-13
-1.50658e-13
-1.51407e-13
-1.51548e-13
-1.50617e-13
-1.46804e-13
-1.405e-13
-1.42111e-13
-1.3789e-13
-1.29055e-13
-1.16693e-13
-1.11169e-13
-1.14866e-13
-1.09611e-13
-1.01613e-13
-9.1944e-14
-8.52977e-14
-8.56074e-14
-8.93349e-14
-8.13741e-14
-7.94213e-14
-7.86432e-14
-7.54943e-14
-6.63957e-14
-6.60965e-14
-5.36119e-14
-4.41324e-14
-4.23932e-14
-3.5568e-14
-2.29453e-14
-1.82559e-14
-1.1028e-14
-1.06147e-14
-2.67629e-15
-1.19596e-13
-1.22425e-13
-1.2221e-13
-1.16506e-13
-1.14196e-13
-1.14105e-13
-1.16142e-13
-1.30975e-13
-1.43007e-13
-1.43763e-13
-1.51005e-13
-1.57935e-13
-1.55661e-13
-1.58828e-13
-1.59938e-13
-1.62557e-13
-1.65754e-13
-1.76836e-13
-1.8922e-13
-2.00064e-13
-2.05812e-13
-2.05041e-13
-2.02871e-13
-2.10194e-13
-2.07488e-13
-2.07714e-13
-2.13643e-13
-2.14717e-13
-2.13234e-13
-2.15729e-13
-2.15661e-13
-2.1264e-13
-2.17088e-13
-2.13521e-13
-2.12208e-13
-2.18138e-13
-2.14786e-13
-2.11249e-13
-2.12445e-13
-2.10551e-13
-2.10845e-13
-2.10706e-13
-2.08625e-13
-2.12363e-13
-2.18166e-13
-2.1468e-13
-2.11802e-13
-2.14306e-13
-2.18732e-13
-2.23041e-13
-2.26861e-13
-2.22944e-13
-2.08891e-13
-2.04252e-13
-2.00511e-13
-1.93256e-13
-1.88601e-13
-1.91979e-13
-1.93582e-13
-1.88496e-13
-1.79683e-13
-1.8149e-13
-1.73137e-13
-1.68244e-13
-1.57638e-13
-1.52245e-13
-1.47997e-13
-1.47248e-13
-1.50655e-13
-1.47439e-13
-1.4675e-13
-1.43966e-13
-1.3831e-13
-1.41442e-13
-1.37262e-13
-1.28932e-13
-1.14977e-13
-1.09265e-13
-1.13949e-13
-1.11021e-13
-1.01051e-13
-9.64277e-14
-8.59716e-14
-8.76173e-14
-8.75788e-14
-7.99406e-14
-8.67945e-14
-7.92607e-14
-7.33918e-14
-6.40497e-14
-6.09864e-14
-5.32922e-14
-4.63725e-14
-4.09825e-14
-3.52889e-14
-2.4343e-14
-2.1283e-14
-1.59908e-14
-8.90047e-15
-8.66036e-16
-1.19613e-13
-1.26767e-13
-1.20653e-13
-1.18745e-13
-1.1389e-13
-1.15556e-13
-1.12816e-13
-1.32276e-13
-1.3288e-13
-1.43108e-13
-1.52126e-13
-1.63219e-13
-1.55733e-13
-1.62555e-13
-1.62095e-13
-1.65622e-13
-1.74819e-13
-1.79515e-13
-1.8208e-13
-1.92703e-13
-1.96803e-13
-2.05504e-13
-2.07974e-13
-2.05707e-13
-2.09318e-13
-2.09223e-13
-2.11919e-13
-2.11425e-13
-2.1193e-13
-2.17112e-13
-2.10674e-13
-2.09189e-13
-2.15498e-13
-2.18867e-13
-2.17947e-13
-2.13464e-13
-2.14514e-13
-2.07971e-13
-2.0954e-13
-2.05738e-13
-2.0721e-13
-2.0905e-13
-2.14914e-13
-2.18234e-13
-2.18235e-13
-2.11275e-13
-2.12195e-13
-2.1384e-13
-2.21713e-13
-2.20922e-13
-2.3039e-13
-2.25121e-13
-2.09704e-13
-2.02877e-13
-2.00594e-13
-1.98464e-13
-1.91789e-13
-1.91011e-13
-1.95531e-13
-1.82391e-13
-1.86314e-13
-1.81236e-13
-1.75688e-13
-1.67769e-13
-1.58971e-13
-1.5264e-13
-1.47039e-13
-1.46753e-13
-1.4555e-13
-1.49083e-13
-1.48567e-13
-1.44325e-13
-1.40746e-13
-1.4167e-13
-1.35927e-13
-1.20628e-13
-1.11234e-13
-1.09092e-13
-1.13718e-13
-1.17917e-13
-9.94313e-14
-9.21264e-14
-8.39547e-14
-8.62289e-14
-8.59355e-14
-8.26029e-14
-8.4194e-14
-8.09757e-14
-7.3841e-14
-6.75372e-14
-6.05952e-14
-5.29297e-14
-4.45939e-14
-4.00568e-14
-3.38078e-14
-3.19077e-14
-2.27339e-14
-1.62433e-14
-1.02196e-14
5.02851e-16
)
;

boundaryField
{
    inlet
    {
        type            zeroGradient;
    }
    outlet
    {
        type            fixedValue;
        value           uniform 0;
    }
    down
    {
        type            empty;
    }
    up
    {
        type            empty;
    }
    sides
    {
        type            zeroGradient;
    }
}

