%%MatrixMarket matrix array real general
201 1
0.96166418913223983278
0.99355170751394106254
0.99671044311843137731
0.99733109843297995667
0.99788892253092975615
0.99834316860487903877
0.99857502906064676829
0.99874237905868801235
0.99886991933385993470
0.99896731377512226757
0.99904067253026196394
0.99910106149352706506
0.99915008536157379204
0.99919782189075823098
0.99924157939256275096
0.99928216191236152177
0.99931903245202291508
0.99934877121632625929
0.99937777770025126856
0.99940495241039783991
0.99942924697232304876
0.99945243972823505363
0.99947441244578028030
0.99949460010888313555
0.99951207240716954949
0.99952896902962407033
0.99954380549159094205
0.99955778678118822889
0.99957020523210848850
0.99958250945684912203
0.99959407092598373534
0.99960535837978858886
0.99961598873279244870
0.99962644892504681771
0.99963677970765962844
0.99964642655941182703
0.99965518346394577343
0.99966364864318146832
0.99967185300006022874
0.99967954197214525802
0.99968690874114085609
0.99969408958015415489
0.99970100936362571442
0.99970763626708913918
0.99971405656790746086
0.99972015968029270816
0.99972600144640122455
0.99973164099894351597
0.99973722746695825592
0.99974251512935052855
0.99974751786628934802
0.99975242460153779245
0.99975725323839470526
0.99976194667869799915
0.99976657614128150442
0.99977109097397487414
0.99977554298472093297
0.99977965140409796874
0.99978369249555032461
0.99978759319864773936
0.99979142829845979445
0.99979520691371415175
0.99979889126942367295
0.99980250586162699999
0.99980604848901677428
0.99980953869591637773
0.99981296502795391490
0.99981627158507113684
0.99981954147134233235
0.99982276428662353318
0.99982582754977011863
0.99982885252900799422
0.99983179648866571387
0.99983472142416662809
0.99983755268218710288
0.99984032131844435831
0.99984301272441744590
0.99984567876626373462
0.99984827428965938889
0.99985086120408372956
0.99985340506961895013
0.99985587443883694458
0.99985829120802827141
0.99986067647173848538
0.99986302297595686106
0.99986533086652606972
0.99986759386796142390
0.99986981251460638198
0.99987202431627086874
0.99987419449924497261
0.99987633414495113993
0.99987842079856426025
0.99988045331077779476
0.99988246750664222517
0.99988445152751559419
0.99988641748117990105
0.99988832435852859071
0.99989018344100033531
0.99989203428386119743
0.99989385945908337838
0.99989566024967579949
0.99989744056656570947
0.99989918699724478213
0.99990091795349200776
0.99990263079766961152
0.99990433365885966754
0.99990600476923041651
0.99990764037492707583
0.99990926276333658151
0.99991085580909477848
0.99991243571226062770
0.99991400077422176729
0.99991554153027339957
0.99991707251593020533
0.99991858026146407390
0.99992008058933778969
0.99992154615623418668
0.99992298933881396117
0.99992442237911061120
0.99992582306844457474
0.99992721307272669495
0.99992858557817743126
0.99992993891048032040
0.99993127698082573396
0.99993261182538317744
0.99993394026216775305
0.99993523689637975327
0.99993652771500640686
0.99993779754894074330
0.99993905175165720411
0.99994028179728022820
0.99994150821900262827
0.99994273238829534112
0.99994394123806340513
0.99994514006269308304
0.99994632992287268980
0.99994748491531659784
0.99994863384093291003
0.99994977292289488613
0.99995087980136510009
0.99995198581792821280
0.99995307892957241425
0.99995415249064167895
0.99995522363140820765
0.99995628520438140097
0.99995733883842619072
0.99995838171297124486
0.99995942122680325781
0.99996044266508798959
0.99996144895452576673
0.99996244659724653481
0.99996343816654298386
0.99996441053227691498
0.99996537691143738691
0.99996633282692815037
0.99996727827046683057
0.99996821837600524674
0.99996914452293328424
0.99997005769796887265
0.99997096978375399345
0.99997186461516029965
0.99997275179859768102
0.99997363159421426282
0.99997450422447353713
0.99997535510346258203
0.99997619935169768102
0.99997704228458372810
0.99997787440802909931
0.99997869655427251701
0.99997951500972870331
0.99998032015030435815
0.99998111685932089543
0.99998190486336524518
0.99998269060566613575
0.99998346883130806440
0.99998423080861220669
0.99998499093519410685
0.99998573759270781292
0.99998647988115230145
0.99998721190525585722
0.99998794152682335401
0.99998865953036686349
0.99998936677140126683
0.99999005942961982640
0.99999074227226503186
0.99999141803622981772
0.99999209140893596803
0.99999276225662114825
0.99999342710465288775
0.99999407302553733334
0.99999471159299402334
0.99999534327402483935
0.99999596555576319989
0.99999657808805364478
0.99999717586605130215
0.99999776413700025568
0.99999833989435416015
0.99999890410776892669
0.99999945876373452780
0.99999999999999944489
0.99999999999999944489
