%%MatrixMarket matrix array real general
201 1
0.99999999999992617017
0.99999999999992883470
0.99999999999993027799
0.99999999999993138822
0.99999999999993227640
0.99999999999993305355
0.99999999999993371969
0.99999999999993427480
0.99999999999993482991
0.99999999999993527400
0.99999999999993571809
0.99999999999993616218
0.99999999999993660627
0.99999999999993705035
0.99999999999993749444
0.99999999999993793853
0.99999999999993838262
0.99999999999993871569
0.99999999999993904876
0.99999999999993938182
0.99999999999993971489
0.99999999999994004796
0.99999999999994038102
0.99999999999994071409
0.99999999999994104716
0.99999999999994138022
0.99999999999994171329
0.99999999999994204636
0.99999999999994237943
0.99999999999994271249
0.99999999999994304556
0.99999999999994337863
0.99999999999994371169
0.99999999999994404476
0.99999999999994437783
0.99999999999994471089
0.99999999999994504396
0.99999999999994537703
0.99999999999994571009
0.99999999999994604316
0.99999999999994637623
0.99999999999994670929
0.99999999999994704236
0.99999999999994737543
0.99999999999994770850
0.99999999999994804156
0.99999999999994837463
0.99999999999994870770
0.99999999999994904076
0.99999999999994937383
0.99999999999994970690
0.99999999999995003996
0.99999999999995037303
0.99999999999995070610
0.99999999999995103916
0.99999999999995137223
0.99999999999995170530
0.99999999999995203837
0.99999999999995237143
0.99999999999995270450
0.99999999999995303757
0.99999999999995337063
0.99999999999995370370
0.99999999999995403677
0.99999999999995436983
0.99999999999995470290
0.99999999999995503597
0.99999999999995536903
0.99999999999995570210
0.99999999999995603517
0.99999999999995636824
0.99999999999995670130
0.99999999999995703437
0.99999999999995736744
0.99999999999995770050
0.99999999999995803357
0.99999999999995836664
0.99999999999995869970
0.99999999999995903277
0.99999999999995936584
0.99999999999995969890
0.99999999999996003197
0.99999999999996036504
0.99999999999996069810
0.99999999999996103117
0.99999999999996136424
0.99999999999996169731
0.99999999999996203037
0.99999999999996236344
0.99999999999996269651
0.99999999999996302957
0.99999999999996336264
0.99999999999996369571
0.99999999999996402877
0.99999999999996436184
0.99999999999996469491
0.99999999999996502797
0.99999999999996536104
0.99999999999996569411
0.99999999999996602718
0.99999999999996636024
0.99999999999996669331
0.99999999999996702638
0.99999999999996735944
0.99999999999996769251
0.99999999999996802558
0.99999999999996835864
0.99999999999996869171
0.99999999999996902478
0.99999999999996935784
0.99999999999996969091
0.99999999999997002398
0.99999999999997035705
0.99999999999997069011
0.99999999999997102318
0.99999999999997135625
0.99999999999997168931
0.99999999999997202238
0.99999999999997235545
0.99999999999997268851
0.99999999999997302158
0.99999999999997335465
0.99999999999997368771
0.99999999999997402078
0.99999999999997435385
0.99999999999997468692
0.99999999999997501998
0.99999999999997535305
0.99999999999997568612
0.99999999999997601918
0.99999999999997635225
0.99999999999997668532
0.99999999999997701838
0.99999999999997735145
0.99999999999997768452
0.99999999999997801758
0.99999999999997835065
0.99999999999997868372
0.99999999999997901678
0.99999999999997934985
0.99999999999997968292
0.99999999999998001599
0.99999999999998034905
0.99999999999998068212
0.99999999999998101519
0.99999999999998134825
0.99999999999998168132
0.99999999999998201439
0.99999999999998234745
0.99999999999998268052
0.99999999999998301359
0.99999999999998334665
0.99999999999998367972
0.99999999999998401279
0.99999999999998434586
0.99999999999998467892
0.99999999999998501199
0.99999999999998534506
0.99999999999998567812
0.99999999999998601119
0.99999999999998634426
0.99999999999998667732
0.99999999999998701039
0.99999999999998734346
0.99999999999998767652
0.99999999999998800959
0.99999999999998834266
0.99999999999998867573
0.99999999999998900879
0.99999999999998934186
0.99999999999998967493
0.99999999999999000799
0.99999999999999034106
0.99999999999999067413
0.99999999999999100719
0.99999999999999134026
0.99999999999999167333
0.99999999999999200639
0.99999999999999233946
0.99999999999999267253
0.99999999999999300559
0.99999999999999333866
0.99999999999999367173
0.99999999999999400480
0.99999999999999433786
0.99999999999999467093
0.99999999999999500400
0.99999999999999533706
0.99999999999999567013
0.99999999999999600320
0.99999999999999633626
0.99999999999999666933
0.99999999999999700240
0.99999999999999733546
0.99999999999999766853
0.99999999999999800160
0.99999999999999833467
0.99999999999999866773
0.99999999999999900080
0.99999999999999933387
0.99999999999999955591
