/*--------------------------------*- C++ -*----------------------------------*\
| =========                 |                                                 |
| \\      /  F ield         | OpenFOAM: The Open Source CFD Toolbox           |
|  \\    /   O peration     | Version:  v2012                                 |
|   \\  /    A nd           | Website:  www.openfoam.com                      |
|    \\/     M anipulation  |                                                 |
\*---------------------------------------------------------------------------*/
FoamFile
{
    version     2.0;
    format      ascii;
    class       volScalarField;
    location    "0";
    object      p;
}
// * * * * * * * * * * * * * * * * * * * * * * * * * * * * * * * * * * * * * //

dimensions      [0 2 -2 0 0 0 0];


internalField   nonuniform List<scalar> 
4000
(
5.11806e-13
5.10051e-13
5.09798e-13
5.17637e-13
5.10601e-13
5.05611e-13
5.02231e-13
4.98525e-13
5.05629e-13
5.09502e-13
5.07754e-13
5.01731e-13
4.96674e-13
4.95952e-13
4.80028e-13
4.65783e-13
4.81153e-13
4.84351e-13
4.75593e-13
4.64991e-13
4.66578e-13
4.62522e-13
4.56458e-13
4.59658e-13
4.5383e-13
4.4523e-13
4.45502e-13
4.4706e-13
4.38247e-13
4.30015e-13
4.11323e-13
4.09308e-13
4.14642e-13
4.21072e-13
4.20919e-13
4.27014e-13
4.23101e-13
4.09944e-13
4.02642e-13
3.97362e-13
3.95173e-13
3.97477e-13
3.97575e-13
3.94039e-13
3.86443e-13
3.90318e-13
3.84026e-13
3.74805e-13
3.70549e-13
3.63328e-13
3.60055e-13
3.56471e-13
3.40983e-13
3.40869e-13
3.34727e-13
3.30639e-13
3.2493e-13
3.11655e-13
3.14037e-13
3.15609e-13
3.1408e-13
3.0657e-13
3.02683e-13
2.89862e-13
2.84679e-13
2.81933e-13
2.73866e-13
2.70698e-13
2.68448e-13
2.60232e-13
2.57786e-13
2.51833e-13
2.40485e-13
2.2662e-13
2.22859e-13
2.1958e-13
2.06457e-13
2.03025e-13
1.91402e-13
1.86998e-13
1.75865e-13
1.8012e-13
1.76126e-13
1.59307e-13
1.45402e-13
1.37811e-13
1.26197e-13
1.23167e-13
1.20494e-13
1.11482e-13
1.00687e-13
9.31944e-14
8.27944e-14
7.93878e-14
5.81351e-14
5.45621e-14
4.50901e-14
2.68041e-14
1.83709e-14
1.2485e-15
5.12761e-13
5.09791e-13
5.12317e-13
5.14579e-13
5.15699e-13
5.05693e-13
5.0235e-13
4.98014e-13
5.05946e-13
5.06093e-13
5.03433e-13
5.01078e-13
5.00322e-13
4.89608e-13
4.8508e-13
4.75849e-13
4.81478e-13
4.80123e-13
4.73011e-13
4.68531e-13
4.68002e-13
4.62377e-13
4.54057e-13
4.56681e-13
4.52152e-13
4.47228e-13
4.44861e-13
4.46074e-13
4.33811e-13
4.27133e-13
4.18518e-13
4.14722e-13
4.16393e-13
4.19216e-13
4.16509e-13
4.23988e-13
4.21753e-13
4.14327e-13
4.05176e-13
4.0077e-13
3.99023e-13
3.92201e-13
3.97153e-13
3.90585e-13
3.88086e-13
3.89904e-13
3.82681e-13
3.82127e-13
3.69936e-13
3.59886e-13
3.58001e-13
3.51905e-13
3.44289e-13
3.42255e-13
3.42197e-13
3.32056e-13
3.20133e-13
3.06204e-13
3.1203e-13
3.13317e-13
3.1712e-13
3.09018e-13
3.02421e-13
2.92707e-13
2.84752e-13
2.8188e-13
2.72529e-13
2.70394e-13
2.68114e-13
2.60852e-13
2.60266e-13
2.4985e-13
2.45397e-13
2.32542e-13
2.25982e-13
2.14356e-13
2.02922e-13
1.99799e-13
1.94437e-13
1.83362e-13
1.79762e-13
1.80753e-13
1.7407e-13
1.60053e-13
1.48579e-13
1.38719e-13
1.25366e-13
1.19006e-13
1.1806e-13
1.13843e-13
1.04676e-13
9.75468e-14
8.39016e-14
7.17583e-14
6.07511e-14
5.33123e-14
3.9604e-14
2.88954e-14
1.38911e-14
4.90335e-15
5.11457e-13
5.1185e-13
5.09002e-13
5.16581e-13
5.1207e-13
5.07038e-13
4.99762e-13
5.02661e-13
5.04579e-13
5.09231e-13
4.99962e-13
4.93545e-13
4.92729e-13
4.9279e-13
4.92101e-13
4.80632e-13
4.83924e-13
4.77206e-13
4.71066e-13
4.66915e-13
4.66334e-13
4.62845e-13
4.58378e-13
4.55741e-13
4.4828e-13
4.48333e-13
4.43319e-13
4.4666e-13
4.33729e-13
4.27379e-13
4.16863e-13
4.17024e-13
4.20665e-13
4.21849e-13
4.18874e-13
4.2435e-13
4.20445e-13
4.13692e-13
4.12814e-13
4.00905e-13
3.96276e-13
3.93994e-13
4.00788e-13
3.88123e-13
3.85066e-13
3.91383e-13
3.83037e-13
3.76984e-13
3.73702e-13
3.70835e-13
3.56724e-13
3.50463e-13
3.42419e-13
3.42934e-13
3.41045e-13
3.27993e-13
3.2282e-13
3.1497e-13
3.20413e-13
3.20361e-13
3.16914e-13
3.03835e-13
2.98073e-13
2.91004e-13
2.88618e-13
2.85893e-13
2.7709e-13
2.71584e-13
2.69811e-13
2.60733e-13
2.53761e-13
2.48776e-13
2.41221e-13
2.33338e-13
2.28355e-13
2.18064e-13
2.03555e-13
2.01109e-13
1.95959e-13
1.8449e-13
1.81895e-13
1.77792e-13
1.68034e-13
1.56061e-13
1.51781e-13
1.39174e-13
1.29415e-13
1.23273e-13
1.16155e-13
1.09321e-13
9.92265e-14
9.9866e-14
8.71241e-14
7.42681e-14
5.7357e-14
4.45623e-14
3.94419e-14
3.10351e-14
1.98063e-14
5.1089e-15
5.17683e-13
5.14607e-13
5.13666e-13
5.139e-13
5.07578e-13
4.9957e-13
5.00435e-13
5.08348e-13
5.05554e-13
5.11534e-13
4.95049e-13
4.9455e-13
4.92911e-13
4.94663e-13
4.96175e-13
4.83639e-13
4.80636e-13
4.75183e-13
4.74657e-13
4.66817e-13
4.66384e-13
4.6748e-13
4.62078e-13
4.47075e-13
4.45169e-13
4.41926e-13
4.42137e-13
4.42382e-13
4.33929e-13
4.31035e-13
4.25722e-13
4.22191e-13
4.25882e-13
4.24034e-13
4.18988e-13
4.25264e-13
4.18642e-13
4.12409e-13
4.1274e-13
4.05647e-13
3.98811e-13
3.99518e-13
4.0111e-13
3.86106e-13
3.85514e-13
3.89285e-13
3.87976e-13
3.81636e-13
3.7749e-13
3.66362e-13
3.54959e-13
3.50734e-13
3.49261e-13
3.47735e-13
3.41628e-13
3.29983e-13
3.26375e-13
3.17973e-13
3.16927e-13
3.24287e-13
3.13665e-13
3.08864e-13
3.05732e-13
2.96314e-13
2.85704e-13
2.90251e-13
2.76291e-13
2.70631e-13
2.69454e-13
2.65335e-13
2.61348e-13
2.51925e-13
2.42198e-13
2.33476e-13
2.26722e-13
2.15997e-13
2.08624e-13
2.01641e-13
1.9625e-13
1.85869e-13
1.82351e-13
1.78662e-13
1.67508e-13
1.54475e-13
1.49447e-13
1.43197e-13
1.3072e-13
1.23891e-13
1.12167e-13
1.07816e-13
9.99554e-14
9.89598e-14
8.44634e-14
7.368e-14
5.61244e-14
4.47323e-14
3.76586e-14
3.06262e-14
1.80041e-14
2.8548e-15
5.17838e-13
5.19392e-13
5.13747e-13
5.14561e-13
5.03431e-13
5.0387e-13
4.99208e-13
5.10708e-13
5.07149e-13
5.02289e-13
4.8937e-13
4.92221e-13
4.9405e-13
4.95959e-13
4.95674e-13
4.88747e-13
4.85518e-13
4.81544e-13
4.73633e-13
4.61116e-13
4.62804e-13
4.63228e-13
4.56366e-13
4.50735e-13
4.50554e-13
4.45932e-13
4.44546e-13
4.40825e-13
4.3276e-13
4.34518e-13
4.29582e-13
4.24206e-13
4.23591e-13
4.22548e-13
4.26869e-13
4.27406e-13
4.19123e-13
4.12217e-13
4.07791e-13
4.03787e-13
4.03022e-13
4.05353e-13
4.01126e-13
3.88965e-13
3.86068e-13
3.84449e-13
3.85996e-13
3.85555e-13
3.80244e-13
3.73373e-13
3.60815e-13
3.59955e-13
3.4915e-13
3.44551e-13
3.37974e-13
3.29755e-13
3.26819e-13
3.29144e-13
3.23046e-13
3.20448e-13
3.1547e-13
3.11284e-13
3.03635e-13
2.96959e-13
2.97587e-13
2.92687e-13
2.78654e-13
2.7258e-13
2.71453e-13
2.64121e-13
2.56956e-13
2.51761e-13
2.43597e-13
2.36854e-13
2.27839e-13
2.16677e-13
2.10162e-13
2.07169e-13
1.96768e-13
1.8894e-13
1.8066e-13
1.79043e-13
1.65139e-13
1.52443e-13
1.53673e-13
1.44937e-13
1.29609e-13
1.23627e-13
1.14783e-13
1.08667e-13
9.83089e-14
9.59603e-14
8.58599e-14
7.53683e-14
5.87066e-14
4.38642e-14
3.78132e-14
2.70403e-14
1.76299e-14
3.19675e-15
5.17148e-13
5.22926e-13
5.16512e-13
5.08001e-13
5.02866e-13
5.03018e-13
5.02218e-13
5.12092e-13
5.13538e-13
5.03064e-13
4.90364e-13
4.93318e-13
4.92655e-13
4.92065e-13
4.89682e-13
4.89992e-13
4.88334e-13
4.84522e-13
4.80279e-13
4.65573e-13
4.59358e-13
4.60537e-13
4.50449e-13
4.47315e-13
4.54528e-13
4.47442e-13
4.43837e-13
4.41806e-13
4.4003e-13
4.38057e-13
4.28889e-13
4.25448e-13
4.25528e-13
4.31504e-13
4.33188e-13
4.25238e-13
4.14184e-13
4.1191e-13
4.10911e-13
4.08625e-13
4.08337e-13
4.04492e-13
3.99544e-13
3.91007e-13
3.92161e-13
3.85766e-13
3.8488e-13
3.89117e-13
3.81096e-13
3.75438e-13
3.64919e-13
3.58496e-13
3.47547e-13
3.41204e-13
3.36998e-13
3.34391e-13
3.34725e-13
3.29918e-13
3.2838e-13
3.24652e-13
3.17611e-13
3.12687e-13
3.03292e-13
3.03995e-13
2.94448e-13
2.89672e-13
2.80172e-13
2.77679e-13
2.71222e-13
2.69034e-13
2.61982e-13
2.52872e-13
2.50788e-13
2.39892e-13
2.24812e-13
2.17107e-13
2.11577e-13
2.07187e-13
2.03226e-13
1.95412e-13
1.86462e-13
1.77406e-13
1.59725e-13
1.52927e-13
1.50243e-13
1.47063e-13
1.34986e-13
1.25056e-13
1.19268e-13
1.03929e-13
9.83072e-14
9.39121e-14
8.63738e-14
7.34622e-14
5.81195e-14
4.15199e-14
3.42285e-14
2.63949e-14
1.40258e-14
3.02422e-15
5.24933e-13
5.24707e-13
5.10683e-13
5.08811e-13
5.00541e-13
5.06711e-13
5.10578e-13
5.07182e-13
5.07739e-13
5.00548e-13
4.95562e-13
4.92707e-13
4.92326e-13
4.95164e-13
4.91401e-13
4.94162e-13
4.88727e-13
4.82538e-13
4.70728e-13
4.67492e-13
4.60177e-13
4.59553e-13
4.58157e-13
4.58757e-13
4.57309e-13
4.47438e-13
4.40895e-13
4.36719e-13
4.40144e-13
4.38912e-13
4.39959e-13
4.28768e-13
4.29915e-13
4.19836e-13
4.27002e-13
4.21745e-13
4.1782e-13
4.14887e-13
4.14496e-13
4.11372e-13
4.10871e-13
4.07108e-13
3.97045e-13
3.93708e-13
4.04794e-13
3.9084e-13
3.86748e-13
3.82715e-13
3.81539e-13
3.78846e-13
3.65947e-13
3.62864e-13
3.54525e-13
3.43736e-13
3.40345e-13
3.35077e-13
3.33201e-13
3.29747e-13
3.27241e-13
3.24157e-13
3.24905e-13
3.18492e-13
3.05754e-13
3.00766e-13
2.93519e-13
2.88879e-13
2.75921e-13
2.76664e-13
2.67212e-13
2.68914e-13
2.7143e-13
2.61064e-13
2.53204e-13
2.40342e-13
2.32299e-13
2.24372e-13
2.13073e-13
2.06839e-13
1.9795e-13
1.90221e-13
1.83714e-13
1.76271e-13
1.68881e-13
1.59277e-13
1.4475e-13
1.44544e-13
1.35295e-13
1.31261e-13
1.18932e-13
1.04453e-13
9.85959e-14
8.8897e-14
8.4088e-14
7.11004e-14
5.62432e-14
4.23786e-14
3.18645e-14
2.59422e-14
1.35164e-14
4.01475e-15
5.28969e-13
5.18223e-13
5.12509e-13
5.07747e-13
5.11416e-13
5.12661e-13
5.08241e-13
5.07313e-13
5.05446e-13
5.03528e-13
4.98817e-13
4.96107e-13
4.89403e-13
4.87988e-13
4.92117e-13
4.95103e-13
4.86887e-13
4.8157e-13
4.72516e-13
4.70644e-13
4.71878e-13
4.55757e-13
4.53879e-13
4.62278e-13
4.56881e-13
4.45196e-13
4.40865e-13
4.35755e-13
4.4406e-13
4.38224e-13
4.41181e-13
4.40353e-13
4.41663e-13
4.30866e-13
4.25521e-13
4.20047e-13
4.1656e-13
4.18789e-13
4.18537e-13
4.18217e-13
4.17988e-13
4.08497e-13
3.97426e-13
4.01175e-13
4.0628e-13
3.94686e-13
3.84285e-13
3.82171e-13
3.77609e-13
3.77623e-13
3.72795e-13
3.63878e-13
3.5193e-13
3.49385e-13
3.42298e-13
3.33202e-13
3.38347e-13
3.35564e-13
3.32325e-13
3.27437e-13
3.21596e-13
3.12451e-13
3.05488e-13
3.07404e-13
3.00012e-13
2.90632e-13
2.78243e-13
2.73787e-13
2.73275e-13
2.7204e-13
2.64429e-13
2.66489e-13
2.52122e-13
2.35055e-13
2.28311e-13
2.26088e-13
2.1897e-13
2.1277e-13
2.03067e-13
1.95301e-13
1.84957e-13
1.76789e-13
1.64197e-13
1.54662e-13
1.47709e-13
1.45388e-13
1.3761e-13
1.33053e-13
1.1748e-13
1.03879e-13
9.86935e-14
8.73929e-14
7.71626e-14
7.35921e-14
5.82118e-14
4.26944e-14
3.40536e-14
2.50728e-14
1.32222e-14
3.15693e-16
5.2723e-13
5.19496e-13
5.13562e-13
5.09739e-13
5.12756e-13
5.10135e-13
5.13613e-13
5.10893e-13
5.002e-13
5.04115e-13
5.00964e-13
4.9348e-13
4.87092e-13
4.90571e-13
4.91062e-13
5.00517e-13
4.90166e-13
4.78213e-13
4.7396e-13
4.77146e-13
4.70378e-13
4.59892e-13
4.56873e-13
4.55572e-13
4.53329e-13
4.45132e-13
4.44847e-13
4.46021e-13
4.50613e-13
4.43442e-13
4.39852e-13
4.37548e-13
4.36756e-13
4.27576e-13
4.2932e-13
4.24738e-13
4.19517e-13
4.18116e-13
4.19743e-13
4.24169e-13
4.1778e-13
4.10903e-13
3.97378e-13
3.97821e-13
4.03147e-13
4.00692e-13
3.90811e-13
3.87004e-13
3.86436e-13
3.74358e-13
3.68029e-13
3.60057e-13
3.58572e-13
3.54069e-13
3.47365e-13
3.41648e-13
3.37236e-13
3.35564e-13
3.29535e-13
3.29728e-13
3.24073e-13
3.16015e-13
3.10788e-13
3.04406e-13
2.95659e-13
2.91519e-13
2.80609e-13
2.71632e-13
2.72601e-13
2.7398e-13
2.69802e-13
2.64131e-13
2.56057e-13
2.45402e-13
2.31208e-13
2.26843e-13
2.25175e-13
2.12994e-13
2.06029e-13
1.95278e-13
1.88493e-13
1.76795e-13
1.62853e-13
1.5491e-13
1.47282e-13
1.43345e-13
1.40259e-13
1.35237e-13
1.20961e-13
1.0497e-13
9.76788e-14
8.54374e-14
7.63195e-14
7.13341e-14
5.9835e-14
4.59106e-14
3.425e-14
2.44085e-14
7.95111e-15
-2.31456e-15
5.1808e-13
5.22821e-13
5.22347e-13
5.17556e-13
5.07463e-13
5.08548e-13
5.08648e-13
5.11806e-13
5.01356e-13
4.95064e-13
4.97081e-13
4.98946e-13
4.91824e-13
4.94636e-13
4.92821e-13
4.91078e-13
4.89424e-13
4.86651e-13
4.8478e-13
4.79463e-13
4.64488e-13
4.58094e-13
4.60972e-13
4.60438e-13
4.53699e-13
4.46098e-13
4.46928e-13
4.5062e-13
4.43865e-13
4.45189e-13
4.41963e-13
4.35268e-13
4.34067e-13
4.38035e-13
4.31178e-13
4.24273e-13
4.25473e-13
4.19122e-13
4.18375e-13
4.26703e-13
4.11662e-13
4.08444e-13
4.01355e-13
3.98869e-13
4.07138e-13
4.03602e-13
3.97833e-13
3.9089e-13
3.86691e-13
3.72013e-13
3.64268e-13
3.64323e-13
3.61892e-13
3.59495e-13
3.46867e-13
3.40585e-13
3.34996e-13
3.34477e-13
3.35921e-13
3.35018e-13
3.28166e-13
3.21475e-13
3.18795e-13
3.04396e-13
2.94822e-13
2.82753e-13
2.7917e-13
2.73528e-13
2.72031e-13
2.7715e-13
2.76949e-13
2.65749e-13
2.56778e-13
2.51318e-13
2.36728e-13
2.25686e-13
2.22576e-13
2.16406e-13
2.03635e-13
1.9566e-13
1.85699e-13
1.78881e-13
1.66023e-13
1.60948e-13
1.55671e-13
1.38772e-13
1.3619e-13
1.3231e-13
1.1676e-13
1.0731e-13
9.94294e-14
8.29319e-14
7.15032e-14
7.15312e-14
5.71947e-14
4.40993e-14
3.22418e-14
1.94462e-14
4.91824e-15
2.45302e-15
5.21839e-13
5.23207e-13
5.20106e-13
5.19988e-13
5.11963e-13
5.04052e-13
5.08479e-13
5.12544e-13
5.0759e-13
5.03951e-13
4.99912e-13
4.95152e-13
4.96984e-13
4.99852e-13
4.9803e-13
4.93567e-13
4.90173e-13
4.90742e-13
4.86564e-13
4.75104e-13
4.63496e-13
4.56608e-13
4.59632e-13
4.55992e-13
4.42531e-13
4.50191e-13
4.5593e-13
4.54174e-13
4.48956e-13
4.47632e-13
4.37311e-13
4.36803e-13
4.38511e-13
4.35884e-13
4.30955e-13
4.24996e-13
4.22015e-13
4.20727e-13
4.21677e-13
4.21297e-13
4.11728e-13
4.09665e-13
4.01528e-13
4.04687e-13
4.07641e-13
4.0864e-13
4.0098e-13
3.83174e-13
3.77648e-13
3.73075e-13
3.73054e-13
3.7259e-13
3.64285e-13
3.56232e-13
3.52327e-13
3.48155e-13
3.40106e-13
3.36409e-13
3.35304e-13
3.32926e-13
3.30333e-13
3.20225e-13
3.13717e-13
3.08228e-13
3.05295e-13
2.92833e-13
2.75606e-13
2.7383e-13
2.72214e-13
2.79286e-13
2.73059e-13
2.69413e-13
2.62366e-13
2.51289e-13
2.39389e-13
2.26256e-13
2.22359e-13
2.15768e-13
2.05646e-13
2.04866e-13
1.93504e-13
1.80243e-13
1.67972e-13
1.57041e-13
1.51086e-13
1.35732e-13
1.36645e-13
1.33859e-13
1.18005e-13
1.07653e-13
9.79346e-14
8.51515e-14
7.13701e-14
6.99941e-14
5.97764e-14
4.54046e-14
2.889e-14
1.13716e-14
1.62011e-15
7.9534e-16
5.24854e-13
5.2314e-13
5.19255e-13
5.20095e-13
5.15876e-13
5.07844e-13
5.10057e-13
5.13365e-13
5.14722e-13
5.06745e-13
4.93345e-13
4.93465e-13
4.94742e-13
4.93771e-13
4.94165e-13
4.92644e-13
4.95027e-13
4.9482e-13
4.88147e-13
4.81453e-13
4.64697e-13
4.58771e-13
4.67305e-13
4.60245e-13
4.48258e-13
4.43769e-13
4.48624e-13
4.54058e-13
4.53874e-13
4.49744e-13
4.44012e-13
4.39512e-13
4.35758e-13
4.3512e-13
4.29432e-13
4.24636e-13
4.21956e-13
4.18659e-13
4.207e-13
4.18032e-13
4.1945e-13
4.12992e-13
4.00747e-13
4.07271e-13
4.07862e-13
4.07055e-13
4.02257e-13
3.90323e-13
3.86587e-13
3.77863e-13
3.72619e-13
3.68387e-13
3.6233e-13
3.58683e-13
3.57252e-13
3.52845e-13
3.43906e-13
3.39466e-13
3.37033e-13
3.35512e-13
3.36459e-13
3.32173e-13
3.19392e-13
3.10085e-13
2.96542e-13
2.81645e-13
2.78171e-13
2.7913e-13
2.74782e-13
2.75327e-13
2.79212e-13
2.77323e-13
2.67567e-13
2.56318e-13
2.36954e-13
2.19064e-13
2.20724e-13
2.18701e-13
2.10342e-13
2.01006e-13
1.90427e-13
1.79087e-13
1.69464e-13
1.6485e-13
1.48896e-13
1.39343e-13
1.36071e-13
1.29738e-13
1.18618e-13
1.07059e-13
1.00505e-13
8.40581e-14
6.99844e-14
6.35666e-14
5.53124e-14
4.08795e-14
2.55723e-14
1.54603e-14
5.90077e-15
-4.50367e-16
5.24929e-13
5.23406e-13
5.12837e-13
5.21547e-13
5.2105e-13
5.16249e-13
5.11042e-13
5.01978e-13
5.02282e-13
5.00888e-13
5.06264e-13
5.04718e-13
5.07375e-13
5.04088e-13
4.94918e-13
4.9768e-13
4.9617e-13
4.96067e-13
4.88618e-13
4.82238e-13
4.65841e-13
4.51623e-13
4.56414e-13
4.49845e-13
4.50404e-13
4.54417e-13
4.58302e-13
4.50258e-13
4.44377e-13
4.47879e-13
4.4403e-13
4.42544e-13
4.37594e-13
4.38316e-13
4.34682e-13
4.29625e-13
4.20874e-13
4.19988e-13
4.20483e-13
4.20514e-13
4.1984e-13
4.18637e-13
4.06794e-13
4.00197e-13
3.97469e-13
4.03616e-13
4.04542e-13
3.96712e-13
3.90602e-13
3.77824e-13
3.73019e-13
3.70806e-13
3.60093e-13
3.56809e-13
3.63689e-13
3.65887e-13
3.5213e-13
3.42518e-13
3.34597e-13
3.27697e-13
3.26417e-13
3.28418e-13
3.29444e-13
3.15695e-13
3.02002e-13
2.86e-13
2.79769e-13
2.81818e-13
2.7825e-13
2.75988e-13
2.79391e-13
2.73806e-13
2.68733e-13
2.56108e-13
2.45616e-13
2.20425e-13
2.18791e-13
2.18585e-13
2.13691e-13
1.99185e-13
1.92076e-13
1.8685e-13
1.73748e-13
1.5983e-13
1.51782e-13
1.43838e-13
1.3567e-13
1.31211e-13
1.22366e-13
1.04086e-13
9.47421e-14
8.53736e-14
6.86335e-14
6.21731e-14
4.82633e-14
3.96236e-14
2.74555e-14
1.79344e-14
5.58934e-15
-1.76386e-15
5.2196e-13
5.28345e-13
5.19514e-13
5.14001e-13
5.16249e-13
5.13898e-13
5.18427e-13
5.14194e-13
5.08978e-13
5.01225e-13
5.00756e-13
5.05155e-13
4.99877e-13
5.00743e-13
5.04964e-13
5.07991e-13
4.97808e-13
4.9516e-13
4.80036e-13
4.80509e-13
4.68088e-13
4.61797e-13
4.60803e-13
4.58773e-13
4.50037e-13
4.47363e-13
4.50239e-13
4.52505e-13
4.51221e-13
4.47021e-13
4.41244e-13
4.40568e-13
4.32934e-13
4.28867e-13
4.28481e-13
4.22266e-13
4.23513e-13
4.2488e-13
4.24998e-13
4.32357e-13
4.21609e-13
4.11642e-13
4.04135e-13
4.08414e-13
4.05786e-13
4.05612e-13
4.01748e-13
3.94848e-13
3.89514e-13
3.82963e-13
3.77872e-13
3.67142e-13
3.61512e-13
3.65097e-13
3.66459e-13
3.62696e-13
3.53252e-13
3.53787e-13
3.42802e-13
3.3381e-13
3.28043e-13
3.26689e-13
3.21984e-13
3.13941e-13
3.03333e-13
2.94619e-13
2.85788e-13
2.82662e-13
2.74686e-13
2.77587e-13
2.80538e-13
2.77374e-13
2.69137e-13
2.59246e-13
2.50887e-13
2.27006e-13
2.19508e-13
2.17416e-13
2.14093e-13
2.01002e-13
1.94652e-13
1.80991e-13
1.72958e-13
1.59797e-13
1.53636e-13
1.47263e-13
1.4296e-13
1.34229e-13
1.1984e-13
1.04075e-13
9.2368e-14
8.82462e-14
7.02359e-14
6.06386e-14
4.16596e-14
3.69542e-14
2.77469e-14
1.51273e-14
8.08812e-15
-1.24051e-15
5.19394e-13
5.24833e-13
5.21034e-13
5.12777e-13
5.1808e-13
5.23035e-13
5.14015e-13
5.04121e-13
5.08538e-13
5.02387e-13
5.03451e-13
5.0627e-13
5.11821e-13
5.12347e-13
5.18041e-13
5.07949e-13
4.90677e-13
4.93213e-13
4.86898e-13
4.83643e-13
4.70336e-13
4.58982e-13
4.50417e-13
4.46916e-13
4.54336e-13
4.56479e-13
4.51858e-13
4.49467e-13
4.42906e-13
4.46428e-13
4.38838e-13
4.40122e-13
4.39391e-13
4.31185e-13
4.30539e-13
4.30243e-13
4.26753e-13
4.26292e-13
4.26711e-13
4.29922e-13
4.25255e-13
4.13318e-13
3.99613e-13
4.04961e-13
4.08671e-13
4.09443e-13
4.04718e-13
3.94611e-13
3.94805e-13
3.88953e-13
3.82281e-13
3.69643e-13
3.63566e-13
3.65869e-13
3.61087e-13
3.60161e-13
3.53444e-13
3.51402e-13
3.42924e-13
3.39094e-13
3.31943e-13
3.33194e-13
3.27477e-13
3.14256e-13
2.97851e-13
2.90441e-13
2.8916e-13
2.87924e-13
2.80083e-13
2.79189e-13
2.75855e-13
2.72076e-13
2.73552e-13
2.63014e-13
2.52587e-13
2.31106e-13
2.20552e-13
2.14829e-13
2.17738e-13
2.05809e-13
1.96527e-13
1.88832e-13
1.76579e-13
1.56392e-13
1.57709e-13
1.51643e-13
1.40715e-13
1.30437e-13
1.21341e-13
1.05029e-13
9.23064e-14
8.20121e-14
7.30621e-14
6.12152e-14
4.77179e-14
3.58038e-14
2.57693e-14
1.83517e-14
4.65126e-15
6.12492e-16
5.17743e-13
5.23426e-13
5.19206e-13
5.18317e-13
5.23236e-13
5.27434e-13
5.27097e-13
5.09276e-13
4.99459e-13
4.97858e-13
5.0903e-13
5.14882e-13
5.15369e-13
5.075e-13
5.12955e-13
5.04838e-13
4.97169e-13
4.93275e-13
4.92128e-13
4.79401e-13
4.62795e-13
4.5579e-13
4.56927e-13
4.56483e-13
4.54404e-13
4.59406e-13
4.55977e-13
4.53047e-13
4.45936e-13
4.45554e-13
4.4004e-13
4.38826e-13
4.44234e-13
4.34441e-13
4.22379e-13
4.22978e-13
4.254e-13
4.23941e-13
4.25518e-13
4.31168e-13
4.25415e-13
4.12442e-13
4.12654e-13
4.12999e-13
4.13778e-13
4.09151e-13
4.00949e-13
3.93369e-13
3.95767e-13
3.88185e-13
3.80527e-13
3.79189e-13
3.70665e-13
3.66064e-13
3.69282e-13
3.63444e-13
3.57908e-13
3.58269e-13
3.48475e-13
3.36768e-13
3.32925e-13
3.34609e-13
3.24231e-13
3.16634e-13
3.06961e-13
2.95364e-13
2.88119e-13
2.87703e-13
2.82755e-13
2.84007e-13
2.75857e-13
2.75018e-13
2.79768e-13
2.65541e-13
2.48306e-13
2.35786e-13
2.20181e-13
2.17693e-13
2.16036e-13
2.08015e-13
1.99139e-13
1.91317e-13
1.76069e-13
1.59889e-13
1.57924e-13
1.58029e-13
1.4461e-13
1.28547e-13
1.1925e-13
1.0186e-13
9.04135e-14
7.85252e-14
7.42183e-14
5.57868e-14
4.5923e-14
3.99012e-14
2.68455e-14
1.76689e-14
4.09007e-15
9.33833e-16
5.24618e-13
5.24828e-13
5.17065e-13
5.1599e-13
5.23431e-13
5.172e-13
5.16775e-13
5.12605e-13
5.1634e-13
5.12844e-13
5.13807e-13
5.11628e-13
5.14398e-13
5.12871e-13
5.11466e-13
5.04559e-13
5.06462e-13
5.01295e-13
4.88521e-13
4.75613e-13
4.58832e-13
4.61309e-13
4.6297e-13
4.62809e-13
4.57236e-13
4.59853e-13
4.54965e-13
4.5191e-13
4.49327e-13
4.47947e-13
4.39688e-13
4.37846e-13
4.40728e-13
4.31946e-13
4.26466e-13
4.30767e-13
4.32975e-13
4.2837e-13
4.27648e-13
4.25718e-13
4.23471e-13
4.17723e-13
4.20903e-13
4.20304e-13
4.20224e-13
4.093e-13
3.98074e-13
3.91181e-13
3.92315e-13
3.898e-13
3.82946e-13
3.79919e-13
3.79517e-13
3.70857e-13
3.6234e-13
3.60112e-13
3.57336e-13
3.6011e-13
3.54174e-13
3.51179e-13
3.38513e-13
3.29425e-13
3.25858e-13
3.18471e-13
3.03007e-13
2.96866e-13
2.93141e-13
2.90415e-13
2.82098e-13
2.87328e-13
2.79727e-13
2.75311e-13
2.76846e-13
2.64608e-13
2.51463e-13
2.38978e-13
2.19955e-13
2.14305e-13
2.12591e-13
2.13611e-13
2.05937e-13
1.93611e-13
1.77783e-13
1.62199e-13
1.5895e-13
1.56055e-13
1.43131e-13
1.29135e-13
1.1271e-13
1.00797e-13
8.93542e-14
8.31245e-14
7.65578e-14
6.04533e-14
4.23733e-14
3.52344e-14
2.55757e-14
1.53793e-14
3.17083e-15
5.50392e-16
5.23637e-13
5.25521e-13
5.2352e-13
5.17299e-13
5.2444e-13
5.27935e-13
5.21791e-13
5.11516e-13
5.14293e-13
5.14156e-13
5.12868e-13
5.20037e-13
5.16401e-13
5.12029e-13
5.06653e-13
5.05861e-13
5.06668e-13
4.95665e-13
4.86427e-13
4.7569e-13
4.63112e-13
4.63861e-13
4.58901e-13
4.64988e-13
4.65521e-13
4.62935e-13
4.58782e-13
4.54141e-13
4.52321e-13
4.56645e-13
4.44504e-13
4.39122e-13
4.38224e-13
4.29115e-13
4.25163e-13
4.28939e-13
4.28978e-13
4.30573e-13
4.40075e-13
4.29844e-13
4.19598e-13
4.18171e-13
4.21143e-13
4.18714e-13
4.15097e-13
4.09511e-13
4.01186e-13
3.95529e-13
3.9479e-13
3.9191e-13
3.85683e-13
3.83971e-13
3.80395e-13
3.74182e-13
3.7028e-13
3.62661e-13
3.60636e-13
3.57768e-13
3.48456e-13
3.49276e-13
3.47466e-13
3.31229e-13
3.25209e-13
3.13402e-13
3.08647e-13
3.04596e-13
2.97435e-13
2.90729e-13
2.8463e-13
2.78654e-13
2.80183e-13
2.84133e-13
2.79441e-13
2.64601e-13
2.48208e-13
2.38935e-13
2.24882e-13
2.1695e-13
2.15058e-13
2.12181e-13
2.0518e-13
1.91742e-13
1.83293e-13
1.66988e-13
1.57003e-13
1.51519e-13
1.41421e-13
1.26059e-13
1.14644e-13
1.0159e-13
9.37817e-14
8.19696e-14
7.13907e-14
5.53191e-14
4.17865e-14
3.96214e-14
2.68019e-14
1.07754e-14
7.09518e-16
-6.61393e-16
5.21631e-13
5.24036e-13
5.23962e-13
5.25545e-13
5.24107e-13
5.26577e-13
5.26153e-13
5.15971e-13
5.19193e-13
5.18431e-13
5.17037e-13
5.16787e-13
5.15989e-13
5.1574e-13
5.08461e-13
5.04527e-13
5.04043e-13
4.92978e-13
4.88591e-13
4.78116e-13
4.68875e-13
4.68837e-13
4.63403e-13
4.65369e-13
4.58305e-13
4.66215e-13
4.63129e-13
4.59168e-13
4.53297e-13
4.49164e-13
4.39186e-13
4.38103e-13
4.37835e-13
4.28495e-13
4.28381e-13
4.36974e-13
4.37673e-13
4.38849e-13
4.40278e-13
4.2955e-13
4.2032e-13
4.23859e-13
4.22532e-13
4.14606e-13
4.12024e-13
4.10871e-13
4.07756e-13
4.01801e-13
3.93408e-13
3.87183e-13
3.82685e-13
3.87437e-13
3.82028e-13
3.74194e-13
3.7375e-13
3.66254e-13
3.66499e-13
3.68849e-13
3.55059e-13
3.47791e-13
3.4431e-13
3.27259e-13
3.26114e-13
3.16364e-13
3.1037e-13
3.0454e-13
2.99654e-13
2.94616e-13
2.88494e-13
2.8094e-13
2.76903e-13
2.8029e-13
2.79094e-13
2.66543e-13
2.51017e-13
2.40067e-13
2.25406e-13
2.23031e-13
2.17888e-13
2.07894e-13
2.06887e-13
1.98151e-13
1.82612e-13
1.72662e-13
1.64251e-13
1.47984e-13
1.3721e-13
1.26957e-13
1.15145e-13
1.00626e-13
9.01164e-14
7.74766e-14
7.44802e-14
6.05318e-14
4.73767e-14
3.82642e-14
2.1766e-14
8.68447e-15
-9.75176e-16
-3.33307e-15
5.29934e-13
5.27677e-13
5.21685e-13
5.21523e-13
5.20564e-13
5.21064e-13
5.30125e-13
5.24085e-13
5.24884e-13
5.21639e-13
5.18153e-13
5.16061e-13
5.16659e-13
5.19466e-13
5.15644e-13
5.05229e-13
4.99046e-13
4.94536e-13
4.87072e-13
4.84669e-13
4.73953e-13
4.69009e-13
4.65702e-13
4.66498e-13
4.6332e-13
4.66249e-13
4.63947e-13
4.60223e-13
4.54929e-13
4.50278e-13
4.51698e-13
4.4423e-13
4.30848e-13
4.28148e-13
4.30824e-13
4.38915e-13
4.34617e-13
4.33912e-13
4.45157e-13
4.33258e-13
4.1851e-13
4.24577e-13
4.24407e-13
4.16533e-13
4.16286e-13
4.13828e-13
4.08406e-13
4.03592e-13
3.98131e-13
3.90063e-13
3.8223e-13
3.85846e-13
3.87096e-13
3.76942e-13
3.72436e-13
3.66733e-13
3.64809e-13
3.64534e-13
3.55162e-13
3.47366e-13
3.45783e-13
3.34654e-13
3.26592e-13
3.17889e-13
3.07897e-13
3.02983e-13
2.96625e-13
2.94945e-13
2.92722e-13
2.84902e-13
2.80911e-13
2.80612e-13
2.80646e-13
2.62567e-13
2.48548e-13
2.38385e-13
2.28014e-13
2.2485e-13
2.17752e-13
2.17457e-13
2.11023e-13
2.02593e-13
1.87562e-13
1.70775e-13
1.64004e-13
1.4789e-13
1.35046e-13
1.22491e-13
1.17088e-13
1.0121e-13
8.64055e-14
7.94748e-14
8.21677e-14
6.08553e-14
4.79149e-14
3.46622e-14
2.23618e-14
1.12998e-14
1.66005e-15
7.18192e-16
5.35591e-13
5.28971e-13
5.22574e-13
5.24569e-13
5.18109e-13
5.20752e-13
5.29045e-13
5.27196e-13
5.31994e-13
5.1472e-13
5.11315e-13
5.1773e-13
5.22039e-13
5.2213e-13
5.17363e-13
5.17297e-13
5.05436e-13
4.92944e-13
4.86761e-13
4.82148e-13
4.75025e-13
4.70705e-13
4.70759e-13
4.66697e-13
4.67189e-13
4.63603e-13
4.62456e-13
4.6093e-13
4.57135e-13
4.55479e-13
4.53331e-13
4.51704e-13
4.35516e-13
4.29893e-13
4.32408e-13
4.35683e-13
4.40345e-13
4.47175e-13
4.41286e-13
4.29001e-13
4.2452e-13
4.27945e-13
4.25984e-13
4.18305e-13
4.17296e-13
4.11209e-13
4.14616e-13
4.05311e-13
3.96758e-13
3.8981e-13
3.82111e-13
3.83284e-13
3.86699e-13
3.78857e-13
3.78726e-13
3.71619e-13
3.72971e-13
3.61952e-13
3.52506e-13
3.55107e-13
3.48386e-13
3.37794e-13
3.23964e-13
3.14939e-13
3.06573e-13
3.06174e-13
2.98586e-13
2.94715e-13
2.885e-13
2.88725e-13
2.78554e-13
2.81227e-13
2.83989e-13
2.63642e-13
2.48748e-13
2.36307e-13
2.32006e-13
2.30111e-13
2.20333e-13
2.10491e-13
2.0906e-13
2.0737e-13
1.92614e-13
1.71935e-13
1.57633e-13
1.43785e-13
1.40266e-13
1.21974e-13
1.18863e-13
1.04538e-13
8.91182e-14
7.70146e-14
7.05869e-14
6.11322e-14
4.95137e-14
3.56251e-14
2.21847e-14
1.63708e-14
9.01525e-15
1.16511e-15
5.33231e-13
5.2891e-13
5.25507e-13
5.24131e-13
5.19616e-13
5.20589e-13
5.23977e-13
5.24792e-13
5.27684e-13
5.23108e-13
5.21009e-13
5.207e-13
5.16483e-13
5.20495e-13
5.14939e-13
5.06652e-13
5.04106e-13
4.98052e-13
4.90223e-13
4.87785e-13
4.77793e-13
4.68178e-13
4.73198e-13
4.69085e-13
4.75934e-13
4.72542e-13
4.61691e-13
4.52397e-13
4.52986e-13
4.56741e-13
4.51516e-13
4.52927e-13
4.4897e-13
4.42583e-13
4.36761e-13
4.32173e-13
4.2931e-13
4.40427e-13
4.38991e-13
4.31389e-13
4.32243e-13
4.31601e-13
4.30309e-13
4.18764e-13
4.19325e-13
4.14881e-13
4.14774e-13
4.09681e-13
3.9474e-13
3.87247e-13
3.82247e-13
3.82674e-13
3.88178e-13
3.78037e-13
3.75478e-13
3.69647e-13
3.6832e-13
3.67724e-13
3.63208e-13
3.60103e-13
3.51069e-13
3.32128e-13
3.26468e-13
3.19275e-13
3.06629e-13
3.05046e-13
3.02406e-13
2.94385e-13
2.85061e-13
2.84674e-13
2.79613e-13
2.898e-13
2.87108e-13
2.65642e-13
2.46981e-13
2.33438e-13
2.35515e-13
2.30474e-13
2.21487e-13
2.20895e-13
2.18065e-13
2.10753e-13
1.87801e-13
1.68864e-13
1.59007e-13
1.46772e-13
1.35117e-13
1.26519e-13
1.17721e-13
1.02705e-13
8.84663e-14
7.90981e-14
6.51493e-14
6.38975e-14
5.56251e-14
4.41829e-14
2.31834e-14
1.2568e-14
3.12674e-15
2.47677e-15
5.29348e-13
5.30386e-13
5.2909e-13
5.26369e-13
5.14249e-13
5.21193e-13
5.21608e-13
5.24089e-13
5.23296e-13
5.24159e-13
5.19231e-13
5.1665e-13
5.1893e-13
5.22967e-13
5.16546e-13
5.07116e-13
5.10204e-13
5.06607e-13
4.91514e-13
4.82691e-13
4.75982e-13
4.68934e-13
4.73021e-13
4.70832e-13
4.70558e-13
4.67354e-13
4.59182e-13
4.61224e-13
4.61498e-13
4.5407e-13
4.63197e-13
4.55661e-13
4.40917e-13
4.40937e-13
4.36944e-13
4.37844e-13
4.38076e-13
4.37543e-13
4.40119e-13
4.34138e-13
4.31898e-13
4.27218e-13
4.24673e-13
4.23187e-13
4.22579e-13
4.18736e-13
4.13724e-13
4.00059e-13
3.95872e-13
3.93676e-13
3.82647e-13
3.83108e-13
3.87806e-13
3.8317e-13
3.79718e-13
3.67492e-13
3.61439e-13
3.70852e-13
3.72197e-13
3.60215e-13
3.45576e-13
3.37872e-13
3.30489e-13
3.21701e-13
3.095e-13
2.96964e-13
2.98351e-13
2.92865e-13
2.89329e-13
2.89226e-13
2.88982e-13
2.88619e-13
2.77439e-13
2.61496e-13
2.52753e-13
2.43685e-13
2.33396e-13
2.3121e-13
2.31766e-13
2.20376e-13
2.1479e-13
2.06808e-13
1.89962e-13
1.74626e-13
1.57835e-13
1.42863e-13
1.34734e-13
1.30836e-13
1.15834e-13
1.02975e-13
9.17999e-14
7.90129e-14
6.76033e-14
6.47273e-14
5.66286e-14
4.488e-14
2.89417e-14
1.53478e-14
6.19561e-15
2.24421e-15
5.32643e-13
5.25653e-13
5.23865e-13
5.16183e-13
5.15339e-13
5.19736e-13
5.28193e-13
5.276e-13
5.22729e-13
5.27276e-13
5.25803e-13
5.17661e-13
5.1207e-13
5.22255e-13
5.18694e-13
5.17141e-13
5.06609e-13
5.04369e-13
4.90981e-13
4.80997e-13
4.78587e-13
4.72556e-13
4.74772e-13
4.73581e-13
4.71722e-13
4.73869e-13
4.76788e-13
4.63103e-13
4.5606e-13
4.54336e-13
4.59573e-13
4.54332e-13
4.46125e-13
4.47944e-13
4.32144e-13
4.3481e-13
4.3754e-13
4.39339e-13
4.38708e-13
4.30286e-13
4.30788e-13
4.29192e-13
4.30893e-13
4.24522e-13
4.16457e-13
4.1572e-13
4.16051e-13
4.02397e-13
3.95073e-13
3.94155e-13
3.86989e-13
3.85729e-13
3.82346e-13
3.77492e-13
3.76849e-13
3.75545e-13
3.68223e-13
3.75869e-13
3.68254e-13
3.54892e-13
3.44234e-13
3.3761e-13
3.29876e-13
3.22725e-13
3.16928e-13
3.05594e-13
3.01528e-13
2.8948e-13
2.81716e-13
2.84378e-13
2.93217e-13
2.90169e-13
2.788e-13
2.60943e-13
2.55369e-13
2.49064e-13
2.4067e-13
2.26196e-13
2.2276e-13
2.20297e-13
2.19136e-13
2.0318e-13
1.9072e-13
1.71304e-13
1.61502e-13
1.49125e-13
1.3846e-13
1.27549e-13
1.17988e-13
1.06746e-13
8.96509e-14
8.00494e-14
6.98713e-14
6.36539e-14
5.20227e-14
4.13627e-14
3.0763e-14
1.81714e-14
6.81172e-15
2.29185e-15
5.31993e-13
5.28808e-13
5.25192e-13
5.15739e-13
5.2244e-13
5.20468e-13
5.21786e-13
5.21526e-13
5.23973e-13
5.23945e-13
5.24243e-13
5.20606e-13
5.13568e-13
5.19092e-13
5.17419e-13
5.11681e-13
5.05988e-13
5.03565e-13
5.0084e-13
4.92707e-13
4.81984e-13
4.7771e-13
4.67497e-13
4.67256e-13
4.69805e-13
4.71189e-13
4.70728e-13
4.71368e-13
4.73007e-13
4.59133e-13
4.52646e-13
4.55077e-13
4.49024e-13
4.49254e-13
4.36615e-13
4.31431e-13
4.38682e-13
4.41793e-13
4.38308e-13
4.30373e-13
4.28555e-13
4.28525e-13
4.25949e-13
4.20183e-13
4.23474e-13
4.23519e-13
4.1614e-13
4.01978e-13
3.94096e-13
3.87011e-13
3.88368e-13
3.81999e-13
3.8228e-13
3.77918e-13
3.80535e-13
3.80208e-13
3.73898e-13
3.67229e-13
3.64307e-13
3.52042e-13
3.49981e-13
3.40502e-13
3.35258e-13
3.2449e-13
3.12915e-13
2.98954e-13
2.9491e-13
2.89305e-13
2.88541e-13
2.91334e-13
2.92801e-13
2.87524e-13
2.79752e-13
2.67221e-13
2.5507e-13
2.44731e-13
2.35324e-13
2.31799e-13
2.25067e-13
2.185e-13
2.17299e-13
2.05091e-13
1.93417e-13
1.74536e-13
1.61367e-13
1.46144e-13
1.34149e-13
1.30558e-13
1.2163e-13
1.03081e-13
8.68239e-14
7.77234e-14
7.05495e-14
6.75522e-14
5.81317e-14
4.11451e-14
2.96122e-14
1.46436e-14
6.39033e-15
2.36238e-15
5.25331e-13
5.26923e-13
5.2662e-13
5.22941e-13
5.23105e-13
5.19838e-13
5.19723e-13
5.23171e-13
5.23726e-13
5.22936e-13
5.2299e-13
5.18793e-13
5.09692e-13
5.13146e-13
5.1828e-13
5.1512e-13
5.11137e-13
5.05937e-13
5.02351e-13
4.92726e-13
4.80046e-13
4.76714e-13
4.67551e-13
4.67218e-13
4.70994e-13
4.70427e-13
4.73499e-13
4.73176e-13
4.73672e-13
4.63569e-13
4.56052e-13
4.498e-13
4.4791e-13
4.49266e-13
4.4389e-13
4.35406e-13
4.3783e-13
4.45983e-13
4.40845e-13
4.33239e-13
4.20839e-13
4.28723e-13
4.28905e-13
4.22536e-13
4.25271e-13
4.21135e-13
4.1503e-13
4.02005e-13
3.95791e-13
3.90284e-13
3.90141e-13
3.84088e-13
3.8318e-13
3.79519e-13
3.83325e-13
3.75925e-13
3.6905e-13
3.64567e-13
3.61797e-13
3.57963e-13
3.53565e-13
3.45875e-13
3.35972e-13
3.24331e-13
3.08709e-13
3.02489e-13
2.99634e-13
2.89876e-13
2.93598e-13
2.86702e-13
2.8489e-13
2.80931e-13
2.82038e-13
2.66434e-13
2.56185e-13
2.44337e-13
2.364e-13
2.318e-13
2.21901e-13
2.17433e-13
2.14593e-13
2.01157e-13
1.87884e-13
1.7604e-13
1.68501e-13
1.45886e-13
1.37073e-13
1.31334e-13
1.15379e-13
1.03424e-13
9.18227e-14
8.30603e-14
6.81211e-14
6.28637e-14
5.17886e-14
4.52844e-14
3.00685e-14
1.62766e-14
7.73269e-15
6.66858e-15
5.25546e-13
5.31285e-13
5.37902e-13
5.25331e-13
5.24309e-13
5.1202e-13
5.05207e-13
5.1881e-13
5.25134e-13
5.25738e-13
5.20279e-13
5.24822e-13
5.11599e-13
5.13171e-13
5.15479e-13
5.10616e-13
5.12069e-13
5.14036e-13
4.99053e-13
4.81876e-13
4.74655e-13
4.77945e-13
4.75222e-13
4.71957e-13
4.73908e-13
4.71576e-13
4.72744e-13
4.75116e-13
4.73307e-13
4.61406e-13
4.57867e-13
4.56287e-13
4.54713e-13
4.47813e-13
4.40142e-13
4.38064e-13
4.40551e-13
4.37833e-13
4.41634e-13
4.35801e-13
4.25636e-13
4.22463e-13
4.27898e-13
4.22966e-13
4.24011e-13
4.19823e-13
4.19507e-13
4.07222e-13
3.95568e-13
3.91544e-13
3.87572e-13
3.83048e-13
3.82092e-13
3.82247e-13
3.86552e-13
3.77085e-13
3.7221e-13
3.61608e-13
3.59628e-13
3.57044e-13
3.57571e-13
3.50575e-13
3.34137e-13
3.20587e-13
3.13419e-13
3.05447e-13
3.01548e-13
2.91891e-13
2.93747e-13
2.80742e-13
2.84831e-13
2.8115e-13
2.78024e-13
2.66912e-13
2.52197e-13
2.47675e-13
2.32351e-13
2.30276e-13
2.2252e-13
2.17534e-13
2.12307e-13
2.00328e-13
1.90568e-13
1.80958e-13
1.6297e-13
1.45594e-13
1.42198e-13
1.29481e-13
1.11995e-13
9.67005e-14
9.08852e-14
7.95982e-14
7.0425e-14
6.38519e-14
5.49861e-14
4.34059e-14
2.81774e-14
1.63634e-14
8.23271e-15
2.1304e-15
5.26514e-13
5.2967e-13
5.27316e-13
5.22473e-13
5.26451e-13
5.23618e-13
5.19101e-13
5.21747e-13
5.16251e-13
5.16952e-13
5.23388e-13
5.20658e-13
5.10846e-13
5.08676e-13
5.15065e-13
5.20416e-13
5.14599e-13
5.04969e-13
4.93169e-13
4.87355e-13
4.8204e-13
4.75613e-13
4.6856e-13
4.68633e-13
4.71938e-13
4.71585e-13
4.75114e-13
4.74074e-13
4.70102e-13
4.62431e-13
4.60353e-13
4.62909e-13
4.54588e-13
4.46871e-13
4.40038e-13
4.41814e-13
4.43817e-13
4.36034e-13
4.38757e-13
4.27944e-13
4.29294e-13
4.24465e-13
4.27773e-13
4.26094e-13
4.19695e-13
4.1846e-13
4.18593e-13
4.09946e-13
3.94147e-13
3.92123e-13
3.95186e-13
3.89898e-13
3.83916e-13
3.81637e-13
3.7991e-13
3.76675e-13
3.73931e-13
3.61623e-13
3.58686e-13
3.56185e-13
3.58672e-13
3.5056e-13
3.31836e-13
3.29935e-13
3.19213e-13
3.04993e-13
2.95648e-13
2.90299e-13
2.96713e-13
2.84845e-13
2.80875e-13
2.78026e-13
2.76099e-13
2.679e-13
2.52525e-13
2.43931e-13
2.33493e-13
2.3279e-13
2.24535e-13
2.15574e-13
2.05512e-13
1.96641e-13
1.87293e-13
1.76442e-13
1.63969e-13
1.48658e-13
1.42715e-13
1.30384e-13
1.14787e-13
1.03029e-13
8.30199e-14
7.66541e-14
6.70742e-14
6.10488e-14
5.73465e-14
4.41416e-14
2.21139e-14
1.40588e-14
2.75577e-15
4.50209e-16
5.25768e-13
5.32501e-13
5.37123e-13
5.24182e-13
5.23247e-13
5.18029e-13
5.11777e-13
5.22005e-13
5.24172e-13
5.18815e-13
5.21603e-13
5.16697e-13
5.15724e-13
5.08715e-13
5.1177e-13
5.10392e-13
5.17198e-13
5.11973e-13
4.92035e-13
4.85796e-13
4.77302e-13
4.71337e-13
4.67198e-13
4.67029e-13
4.68227e-13
4.73521e-13
4.78771e-13
4.73985e-13
4.65958e-13
4.61271e-13
4.66556e-13
4.66206e-13
4.61819e-13
4.48743e-13
4.39618e-13
4.33927e-13
4.36629e-13
4.38485e-13
4.36874e-13
4.30284e-13
4.31309e-13
4.27356e-13
4.30446e-13
4.22976e-13
4.1423e-13
4.16412e-13
4.15799e-13
4.14625e-13
4.01164e-13
3.94915e-13
3.90581e-13
3.89897e-13
3.86755e-13
3.85806e-13
3.79986e-13
3.75378e-13
3.70117e-13
3.64855e-13
3.62835e-13
3.58837e-13
3.60172e-13
3.52328e-13
3.33287e-13
3.27664e-13
3.25192e-13
3.07453e-13
2.9484e-13
2.89224e-13
2.97308e-13
2.85861e-13
2.80571e-13
2.76108e-13
2.7089e-13
2.61579e-13
2.47639e-13
2.41528e-13
2.38709e-13
2.34268e-13
2.25426e-13
2.17586e-13
2.09595e-13
1.96328e-13
1.84153e-13
1.74097e-13
1.62971e-13
1.50174e-13
1.36395e-13
1.28716e-13
1.204e-13
1.04511e-13
8.11232e-14
7.3029e-14
6.76372e-14
5.77905e-14
5.10857e-14
4.16529e-14
2.50143e-14
1.03618e-14
-2.28722e-16
-1.9956e-15
5.29105e-13
5.31809e-13
5.31936e-13
5.29223e-13
5.24894e-13
5.23664e-13
5.17801e-13
5.1846e-13
5.21789e-13
5.16944e-13
5.17404e-13
5.12095e-13
5.15537e-13
5.13989e-13
5.21239e-13
5.15749e-13
5.10854e-13
5.028e-13
4.93048e-13
4.90354e-13
4.82129e-13
4.71522e-13
4.65019e-13
4.69505e-13
4.72251e-13
4.70565e-13
4.74985e-13
4.68246e-13
4.62296e-13
4.62466e-13
4.64107e-13
4.69922e-13
4.64874e-13
4.51062e-13
4.41776e-13
4.32082e-13
4.32222e-13
4.36547e-13
4.3889e-13
4.34717e-13
4.29008e-13
4.30807e-13
4.26143e-13
4.21852e-13
4.17896e-13
4.22849e-13
4.16381e-13
4.0875e-13
3.93731e-13
3.92722e-13
3.89667e-13
3.94305e-13
3.90417e-13
3.87484e-13
3.82666e-13
3.76112e-13
3.67992e-13
3.62589e-13
3.65295e-13
3.63582e-13
3.60104e-13
3.49943e-13
3.39751e-13
3.2819e-13
3.16751e-13
3.06752e-13
2.9818e-13
2.89591e-13
2.94005e-13
2.93331e-13
2.90431e-13
2.79628e-13
2.67971e-13
2.55711e-13
2.44469e-13
2.36283e-13
2.33086e-13
2.34426e-13
2.33891e-13
2.16527e-13
2.05396e-13
1.95409e-13
1.85443e-13
1.7291e-13
1.59109e-13
1.49978e-13
1.38084e-13
1.27877e-13
1.17779e-13
1.04698e-13
8.51312e-14
7.15185e-14
6.92811e-14
6.12837e-14
5.4058e-14
3.96664e-14
2.14269e-14
9.6552e-15
3.28066e-15
1.79492e-16
5.34846e-13
5.35042e-13
5.34393e-13
5.28042e-13
5.22029e-13
5.21349e-13
5.23176e-13
5.23548e-13
5.1795e-13
5.13895e-13
5.13438e-13
5.15701e-13
5.17822e-13
5.18065e-13
5.21321e-13
5.1351e-13
5.083e-13
5.02374e-13
4.92911e-13
4.92119e-13
4.8013e-13
4.74795e-13
4.70487e-13
4.65905e-13
4.61113e-13
4.67376e-13
4.73184e-13
4.74473e-13
4.67951e-13
4.66435e-13
4.59855e-13
4.6566e-13
4.56175e-13
4.46965e-13
4.39542e-13
4.32668e-13
4.37221e-13
4.35799e-13
4.42793e-13
4.36609e-13
4.29781e-13
4.24903e-13
4.18592e-13
4.16466e-13
4.16758e-13
4.23756e-13
4.20957e-13
4.04953e-13
3.92434e-13
3.90226e-13
3.9283e-13
3.97247e-13
3.91326e-13
3.85345e-13
3.82405e-13
3.76827e-13
3.67228e-13
3.67264e-13
3.69605e-13
3.66041e-13
3.62819e-13
3.52981e-13
3.46359e-13
3.35232e-13
3.20098e-13
3.08411e-13
2.9811e-13
2.96549e-13
2.93023e-13
2.88427e-13
2.81389e-13
2.74634e-13
2.66804e-13
2.56134e-13
2.45738e-13
2.3919e-13
2.30595e-13
2.34038e-13
2.3244e-13
2.19008e-13
2.01727e-13
1.8897e-13
1.84963e-13
1.7832e-13
1.59542e-13
1.52024e-13
1.40478e-13
1.26884e-13
1.16334e-13
1.0234e-13
8.81535e-14
7.39058e-14
6.78709e-14
5.7735e-14
5.3161e-14
3.94111e-14
2.40171e-14
1.05847e-14
5.89764e-15
4.73333e-15
5.32736e-13
5.38167e-13
5.31376e-13
5.27913e-13
5.2834e-13
5.26069e-13
5.27103e-13
5.2661e-13
5.21468e-13
5.14135e-13
5.06599e-13
5.10034e-13
5.12428e-13
5.18905e-13
5.16545e-13
5.13075e-13
5.0709e-13
5.07683e-13
4.97425e-13
4.94901e-13
4.83669e-13
4.76453e-13
4.66941e-13
4.59388e-13
4.66213e-13
4.66256e-13
4.69576e-13
4.72041e-13
4.64221e-13
4.62096e-13
4.58187e-13
4.60714e-13
4.51684e-13
4.44784e-13
4.44992e-13
4.38351e-13
4.29806e-13
4.33918e-13
4.38576e-13
4.36273e-13
4.28423e-13
4.22392e-13
4.26185e-13
4.23121e-13
4.26272e-13
4.1699e-13
4.11301e-13
4.05093e-13
3.97302e-13
3.90604e-13
3.88329e-13
3.88169e-13
3.89728e-13
3.88337e-13
3.85682e-13
3.8072e-13
3.71356e-13
3.69379e-13
3.69612e-13
3.68351e-13
3.63378e-13
3.51128e-13
3.41419e-13
3.33053e-13
3.22686e-13
3.12961e-13
3.04591e-13
2.97472e-13
2.97755e-13
2.92373e-13
2.80498e-13
2.68546e-13
2.5297e-13
2.46309e-13
2.43854e-13
2.37051e-13
2.36967e-13
2.36046e-13
2.24316e-13
2.11286e-13
2.04798e-13
1.99908e-13
1.85391e-13
1.76636e-13
1.56128e-13
1.47667e-13
1.39755e-13
1.27416e-13
1.15063e-13
1.04445e-13
8.89375e-14
7.48377e-14
6.75343e-14
5.91426e-14
5.2736e-14
4.30638e-14
3.10537e-14
1.53817e-14
8.94999e-15
2.16503e-15
5.35419e-13
5.3023e-13
5.31329e-13
5.31099e-13
5.31206e-13
5.29731e-13
5.30973e-13
5.25803e-13
5.07506e-13
5.125e-13
5.10948e-13
5.19489e-13
5.1662e-13
5.13074e-13
5.16066e-13
5.15843e-13
5.10039e-13
4.97146e-13
4.86674e-13
4.83369e-13
4.78538e-13
4.75678e-13
4.76514e-13
4.7789e-13
4.66611e-13
4.6429e-13
4.66726e-13
4.68136e-13
4.69344e-13
4.66107e-13
4.61707e-13
4.50989e-13
4.44291e-13
4.4005e-13
4.43094e-13
4.44594e-13
4.35311e-13
4.3746e-13
4.33341e-13
4.34305e-13
4.27525e-13
4.27812e-13
4.25169e-13
4.19605e-13
4.16292e-13
4.1703e-13
4.10768e-13
4.04722e-13
3.99079e-13
3.91858e-13
3.8929e-13
3.86412e-13
3.88281e-13
3.87264e-13
3.86034e-13
3.84931e-13
3.75567e-13
3.69767e-13
3.69067e-13
3.68792e-13
3.6645e-13
3.58526e-13
3.52112e-13
3.45688e-13
3.21351e-13
3.11189e-13
2.99572e-13
3.0518e-13
2.99101e-13
2.89168e-13
2.77357e-13
2.61199e-13
2.54377e-13
2.49791e-13
2.44383e-13
2.36097e-13
2.33078e-13
2.27503e-13
2.19302e-13
2.11278e-13
2.07924e-13
1.99653e-13
1.8473e-13
1.6897e-13
1.56515e-13
1.52495e-13
1.39594e-13
1.28145e-13
1.1457e-13
1.01685e-13
9.01056e-14
7.49841e-14
6.44883e-14
5.95835e-14
5.35179e-14
4.19622e-14
3.22772e-14
1.45399e-14
8.41453e-15
2.12135e-15
5.40921e-13
5.31965e-13
5.30844e-13
5.33066e-13
5.31767e-13
5.30567e-13
5.36334e-13
5.33094e-13
5.15671e-13
5.13823e-13
5.09465e-13
5.1421e-13
5.13012e-13
5.12396e-13
5.13402e-13
5.1545e-13
5.0371e-13
4.9731e-13
5.01742e-13
4.92156e-13
4.77815e-13
4.67035e-13
4.71902e-13
4.71217e-13
4.64022e-13
4.63068e-13
4.6648e-13
4.67928e-13
4.687e-13
4.60962e-13
4.54541e-13
4.54555e-13
4.54553e-13
4.49007e-13
4.43807e-13
4.40689e-13
4.26111e-13
4.34444e-13
4.3283e-13
4.40651e-13
4.31819e-13
4.2286e-13
4.1614e-13
4.27683e-13
4.26103e-13
4.15698e-13
4.09148e-13
4.01754e-13
3.9877e-13
3.91519e-13
3.89687e-13
3.91235e-13
3.89992e-13
3.88985e-13
3.85035e-13
3.84118e-13
3.74955e-13
3.7388e-13
3.70503e-13
3.6592e-13
3.70849e-13
3.62134e-13
3.54357e-13
3.40734e-13
3.20673e-13
3.1526e-13
3.03955e-13
3.06593e-13
3.01009e-13
2.92066e-13
2.76641e-13
2.61822e-13
2.50674e-13
2.45931e-13
2.38624e-13
2.37778e-13
2.36705e-13
2.27454e-13
2.16013e-13
2.05395e-13
1.97688e-13
1.94425e-13
1.86826e-13
1.76941e-13
1.62127e-13
1.49882e-13
1.38336e-13
1.28235e-13
1.17278e-13
9.75931e-14
8.68305e-14
7.37756e-14
6.73739e-14
5.83776e-14
5.17317e-14
4.27631e-14
2.97273e-14
1.54676e-14
8.64272e-15
9.52889e-16
5.39675e-13
5.34143e-13
5.33172e-13
5.31884e-13
5.34275e-13
5.3208e-13
5.33527e-13
5.30131e-13
5.20849e-13
5.17095e-13
5.16677e-13
5.15038e-13
5.09828e-13
5.12082e-13
5.07694e-13
5.12994e-13
5.11119e-13
5.03327e-13
4.94717e-13
4.87498e-13
4.78923e-13
4.73355e-13
4.69368e-13
4.63514e-13
4.5947e-13
4.66699e-13
4.67859e-13
4.69156e-13
4.64289e-13
4.59464e-13
4.59468e-13
4.55803e-13
4.50549e-13
4.46665e-13
4.43379e-13
4.4228e-13
4.34224e-13
4.29594e-13
4.32612e-13
4.38921e-13
4.33097e-13
4.23961e-13
4.1856e-13
4.24248e-13
4.24745e-13
4.16254e-13
4.10782e-13
4.08559e-13
3.99632e-13
3.96771e-13
3.93329e-13
3.92159e-13
3.89232e-13
3.86882e-13
3.83123e-13
3.83381e-13
3.79872e-13
3.75514e-13
3.75753e-13
3.69679e-13
3.64905e-13
3.61077e-13
3.55371e-13
3.46018e-13
3.25014e-13
3.19857e-13
3.10327e-13
3.07636e-13
3.03651e-13
2.93979e-13
2.77023e-13
2.58029e-13
2.50858e-13
2.46251e-13
2.4251e-13
2.36758e-13
2.31194e-13
2.2233e-13
2.16297e-13
2.03506e-13
1.96923e-13
1.89953e-13
1.81012e-13
1.71389e-13
1.63027e-13
1.53026e-13
1.36605e-13
1.24691e-13
1.15808e-13
1.04974e-13
8.32906e-14
7.07331e-14
6.98522e-14
5.75634e-14
4.91773e-14
4.0965e-14
3.42361e-14
1.96388e-14
8.77767e-15
5.06789e-16
5.37564e-13
5.32785e-13
5.327e-13
5.33335e-13
5.3667e-13
5.33804e-13
5.3926e-13
5.38035e-13
5.28742e-13
5.17599e-13
5.12414e-13
5.15449e-13
5.12619e-13
5.08662e-13
5.09758e-13
5.07774e-13
5.09657e-13
5.01703e-13
4.96564e-13
4.85947e-13
4.82513e-13
4.82688e-13
4.78132e-13
4.61071e-13
4.56375e-13
4.62188e-13
4.64861e-13
4.66983e-13
4.61792e-13
4.622e-13
4.61264e-13
4.5182e-13
4.47981e-13
4.47219e-13
4.45982e-13
4.42967e-13
4.38878e-13
4.30235e-13
4.31169e-13
4.3535e-13
4.33282e-13
4.24323e-13
4.19814e-13
4.22302e-13
4.26823e-13
4.19019e-13
4.1451e-13
4.09685e-13
4.05468e-13
3.9682e-13
3.98043e-13
3.92116e-13
3.89131e-13
3.85489e-13
3.81923e-13
3.80139e-13
3.79175e-13
3.80301e-13
3.75897e-13
3.73903e-13
3.61436e-13
3.64058e-13
3.54128e-13
3.50211e-13
3.35346e-13
3.21557e-13
3.06951e-13
3.09232e-13
3.07803e-13
2.90804e-13
2.79707e-13
2.62687e-13
2.54081e-13
2.47481e-13
2.42005e-13
2.34736e-13
2.26277e-13
2.15497e-13
2.17787e-13
2.04985e-13
1.98243e-13
1.92636e-13
1.82258e-13
1.69465e-13
1.60607e-13
1.47931e-13
1.39069e-13
1.17064e-13
1.13198e-13
1.03639e-13
8.55262e-14
7.3602e-14
6.74383e-14
5.79341e-14
4.64886e-14
4.20935e-14
3.32014e-14
2.01194e-14
9.15334e-15
-1.49688e-17
5.38048e-13
5.31909e-13
5.31232e-13
5.38722e-13
5.39174e-13
5.37158e-13
5.38554e-13
5.36235e-13
5.37336e-13
5.28068e-13
5.15878e-13
5.0793e-13
5.06992e-13
5.07162e-13
5.15387e-13
5.11213e-13
5.07289e-13
5.03352e-13
4.96561e-13
4.84518e-13
4.80978e-13
4.7906e-13
4.76979e-13
4.64224e-13
4.60974e-13
4.65797e-13
4.70177e-13
4.65057e-13
4.59394e-13
4.57052e-13
4.60755e-13
4.53435e-13
4.44408e-13
4.43554e-13
4.44579e-13
4.4535e-13
4.40599e-13
4.32983e-13
4.31824e-13
4.28087e-13
4.29266e-13
4.24751e-13
4.21531e-13
4.24479e-13
4.34284e-13
4.20633e-13
4.11998e-13
4.11188e-13
4.06068e-13
3.99207e-13
3.9527e-13
3.93121e-13
3.9309e-13
3.88139e-13
3.84972e-13
3.77644e-13
3.76773e-13
3.78464e-13
3.78233e-13
3.75601e-13
3.59673e-13
3.63637e-13
3.5906e-13
3.55362e-13
3.39748e-13
3.21817e-13
3.0865e-13
3.02032e-13
3.0514e-13
2.9513e-13
2.85185e-13
2.68257e-13
2.5353e-13
2.46445e-13
2.44739e-13
2.325e-13
2.26702e-13
2.17228e-13
2.11552e-13
2.03492e-13
1.88949e-13
1.89962e-13
1.82025e-13
1.6897e-13
1.55734e-13
1.42159e-13
1.39332e-13
1.29336e-13
1.20227e-13
1.01023e-13
8.65172e-14
7.32971e-14
6.41806e-14
5.69432e-14
4.89423e-14
3.93513e-14
2.83664e-14
1.92412e-14
9.91862e-15
-1.66407e-15
5.37997e-13
5.35697e-13
5.33669e-13
5.36502e-13
5.42877e-13
5.41723e-13
5.3975e-13
5.39593e-13
5.34293e-13
5.26905e-13
5.16321e-13
5.17513e-13
5.08583e-13
5.08695e-13
5.09658e-13
5.11307e-13
5.05133e-13
5.01107e-13
4.98217e-13
4.92201e-13
4.84118e-13
4.76146e-13
4.75983e-13
4.74568e-13
4.66431e-13
4.63838e-13
4.6531e-13
4.59737e-13
4.58495e-13
4.52047e-13
4.61417e-13
4.59957e-13
4.43378e-13
4.40417e-13
4.40231e-13
4.41252e-13
4.39576e-13
4.372e-13
4.30745e-13
4.29881e-13
4.3211e-13
4.22187e-13
4.22521e-13
4.25427e-13
4.31241e-13
4.24234e-13
4.16935e-13
4.12734e-13
4.0758e-13
4.03551e-13
3.96943e-13
3.88478e-13
3.91293e-13
3.83987e-13
3.79192e-13
3.8077e-13
3.79726e-13
3.83857e-13
3.7932e-13
3.78122e-13
3.68929e-13
3.63114e-13
3.52525e-13
3.46577e-13
3.40081e-13
3.28227e-13
3.2139e-13
3.11651e-13
3.0357e-13
2.89088e-13
2.81569e-13
2.68542e-13
2.59116e-13
2.47227e-13
2.37621e-13
2.30687e-13
2.25354e-13
2.17551e-13
2.12322e-13
2.06056e-13
1.91816e-13
1.89131e-13
1.76337e-13
1.64417e-13
1.55113e-13
1.48252e-13
1.36372e-13
1.22812e-13
1.1984e-13
1.05979e-13
8.81671e-14
7.23337e-14
6.83439e-14
5.98427e-14
5.13405e-14
4.06952e-14
2.75958e-14
2.17363e-14
1.57318e-14
2.0331e-16
5.39196e-13
5.37517e-13
5.35533e-13
5.41209e-13
5.45239e-13
5.41514e-13
5.39569e-13
5.39083e-13
5.37027e-13
5.28395e-13
5.17628e-13
5.07485e-13
5.10328e-13
5.17995e-13
5.1421e-13
5.11358e-13
5.07573e-13
5.07828e-13
4.97939e-13
4.89763e-13
4.81217e-13
4.73878e-13
4.77066e-13
4.7442e-13
4.66209e-13
4.63258e-13
4.63028e-13
4.64371e-13
4.62694e-13
4.53408e-13
4.5465e-13
4.55493e-13
4.41758e-13
4.42037e-13
4.44409e-13
4.43566e-13
4.41136e-13
4.35687e-13
4.30754e-13
4.28164e-13
4.25673e-13
4.23762e-13
4.2617e-13
4.31349e-13
4.31584e-13
4.23228e-13
4.1434e-13
4.11124e-13
4.07426e-13
4.01749e-13
3.92662e-13
3.92467e-13
3.93492e-13
3.82888e-13
3.85075e-13
3.87651e-13
3.7974e-13
3.85437e-13
3.82343e-13
3.7962e-13
3.70512e-13
3.64152e-13
3.54115e-13
3.44554e-13
3.39912e-13
3.31335e-13
3.19753e-13
3.1282e-13
3.06988e-13
2.90664e-13
2.86988e-13
2.73412e-13
2.61825e-13
2.45545e-13
2.39142e-13
2.22969e-13
2.24886e-13
2.16873e-13
2.12267e-13
2.04921e-13
1.89519e-13
1.88588e-13
1.80861e-13
1.65905e-13
1.48327e-13
1.47519e-13
1.31221e-13
1.19008e-13
1.19889e-13
1.07661e-13
9.17395e-14
7.49422e-14
7.35903e-14
6.1429e-14
5.24543e-14
4.58252e-14
2.97951e-14
2.46022e-14
9.71382e-15
1.59367e-15
5.41306e-13
5.38067e-13
5.35859e-13
5.41341e-13
5.47069e-13
5.42007e-13
5.44944e-13
5.43645e-13
5.36606e-13
5.2879e-13
5.14615e-13
5.16133e-13
5.12382e-13
5.1243e-13
5.16364e-13
5.10103e-13
5.0861e-13
5.16123e-13
4.96447e-13
4.88187e-13
4.77013e-13
4.7224e-13
4.78614e-13
4.80762e-13
4.73374e-13
4.6506e-13
4.60079e-13
4.56731e-13
4.60518e-13
4.60279e-13
4.58573e-13
4.49947e-13
4.45242e-13
4.39892e-13
4.44751e-13
4.36065e-13
4.34771e-13
4.3588e-13
4.37346e-13
4.29737e-13
4.25039e-13
4.19168e-13
4.26066e-13
4.3277e-13
4.35016e-13
4.22345e-13
4.15129e-13
4.09373e-13
4.07468e-13
4.0564e-13
3.96833e-13
3.88652e-13
3.87591e-13
3.82706e-13
3.84571e-13
3.85504e-13
3.82467e-13
3.84476e-13
3.84707e-13
3.82221e-13
3.7037e-13
3.65346e-13
3.55441e-13
3.47988e-13
3.39799e-13
3.31398e-13
3.23114e-13
3.13958e-13
3.06904e-13
2.92609e-13
2.8191e-13
2.68907e-13
2.6175e-13
2.47365e-13
2.36347e-13
2.27246e-13
2.18968e-13
2.1392e-13
2.10499e-13
2.03809e-13
1.95061e-13
1.89474e-13
1.78436e-13
1.62914e-13
1.48951e-13
1.43231e-13
1.29579e-13
1.19976e-13
1.19253e-13
1.10263e-13
9.19113e-14
7.38769e-14
7.51363e-14
6.50791e-14
5.46843e-14
4.8414e-14
2.56674e-14
2.36391e-14
1.27414e-14
2.96346e-16
)
;

boundaryField
{
    inlet
    {
        type            zeroGradient;
    }
    outlet
    {
        type            fixedValue;
        value           uniform 0;
    }
    down
    {
        type            empty;
    }
    up
    {
        type            empty;
    }
    sides
    {
        type            zeroGradient;
    }
}

