/*--------------------------------*- C++ -*----------------------------------*\
| =========                 |                                                 |
| \\      /  F ield         | OpenFOAM: The Open Source CFD Toolbox           |
|  \\    /   O peration     | Version:  v2012                                 |
|   \\  /    A nd           | Website:  www.openfoam.com                      |
|    \\/     M anipulation  |                                                 |
\*---------------------------------------------------------------------------*/
FoamFile
{
    version     2.0;
    format      ascii;
    class       volVectorField;
    location    "0";
    object      U;
}
// * * * * * * * * * * * * * * * * * * * * * * * * * * * * * * * * * * * * * //

dimensions      [0 1 -1 0 0 0 0];


internalField   nonuniform List<vector> 
4000
(
(1 -5.16055e-16 0)
(1 2.67196e-15 0)
(1 -2.42177e-15 0)
(1 2.2244e-15 0)
(1 1.62982e-15 0)
(1 5.80657e-16 0)
(1 -1.86128e-15 0)
(1 4.14608e-16 0)
(1 7.7139e-16 0)
(1 -6.12743e-15 0)
(1 1.5657e-17 0)
(1 2.37002e-15 0)
(1 4.24692e-15 0)
(1 2.06467e-15 0)
(1 2.11686e-15 0)
(1 2.66959e-15 0)
(1 -4.30817e-16 0)
(1 -8.03681e-15 0)
(1 -2.08508e-15 0)
(1 -6.33348e-15 0)
(1 1.74096e-16 0)
(1 -1.52972e-14 0)
(1 1.73804e-15 0)
(1 -2.55847e-15 0)
(1 3.15454e-15 0)
(1 8.63837e-16 0)
(1 -2.99515e-15 0)
(1 2.19852e-15 0)
(1 5.21419e-15 0)
(1 9.9216e-15 0)
(1 4.56261e-15 0)
(1 -6.64499e-16 0)
(1 -8.14459e-16 0)
(1 3.75283e-15 0)
(1 -1.72038e-15 0)
(1 4.54759e-15 0)
(1 5.07422e-15 0)
(1 3.59821e-15 0)
(1 -2.43929e-15 0)
(1 -2.59087e-15 0)
(1 -1.48005e-15 0)
(1 2.69415e-16 0)
(1 -1.21138e-15 0)
(1 -4.11728e-16 0)
(1 -3.27986e-15 0)
(1 -2.70308e-15 0)
(1 1.43298e-15 0)
(1 2.64379e-15 0)
(1 -1.03313e-15 0)
(1 2.16659e-15 0)
(1 1.98845e-15 0)
(1 2.74612e-15 0)
(1 4.80168e-15 0)
(1 -1.5797e-15 0)
(1 -1.60044e-15 0)
(1 -4.34203e-15 0)
(1 -3.16232e-16 0)
(1 -1.53983e-15 0)
(1 -1.84565e-15 0)
(1 2.83642e-15 0)
(1 1.56617e-15 0)
(1 1.44657e-15 0)
(1 2.35214e-15 0)
(1 6.99463e-16 0)
(1 -4.54319e-15 0)
(1 -6.61096e-16 0)
(1 -1.23227e-15 0)
(1 2.98043e-15 0)
(1 1.41274e-15 0)
(1 1.8814e-15 0)
(1 -3.95808e-15 0)
(1 7.33968e-16 0)
(1 -4.70112e-15 0)
(1 -3.00301e-15 0)
(1 -4.35187e-15 0)
(1 -1.10839e-15 0)
(1 -1.86111e-15 0)
(1 -1.72367e-15 0)
(1 4.21385e-15 0)
(1 -4.30591e-17 0)
(1 5.1041e-16 0)
(1 1.90202e-15 0)
(1 -8.68215e-16 0)
(1 -3.856e-15 0)
(1 1.4197e-15 0)
(1 -5.80618e-16 0)
(1 -1.21976e-15 0)
(1 5.72539e-15 0)
(1 7.6831e-16 0)
(1 2.60502e-15 0)
(1 1.59964e-15 0)
(1 1.10008e-15 0)
(1 -3.13793e-15 0)
(1 -4.19674e-15 0)
(1 -2.56584e-15 0)
(1 -4.19279e-16 0)
(1 1.35468e-15 0)
(1 2.33611e-15 0)
(1 -2.2881e-15 0)
(1 -2.56644e-15 0)
(1 4.46429e-15 0)
(1 -3.16493e-15 0)
(1 2.07262e-16 0)
(1 5.43824e-15 0)
(1 4.07665e-15 0)
(1 -2.67885e-15 0)
(1 -2.24622e-15 0)
(1 -3.49314e-15 0)
(1 5.33175e-15 0)
(1 -6.99394e-15 0)
(1 -4.37211e-16 0)
(1 6.43648e-15 0)
(1 5.36202e-15 0)
(1 2.88825e-15 0)
(1 4.45004e-15 0)
(1 4.92305e-15 0)
(1 2.26862e-15 0)
(1 -1.24816e-14 0)
(1 -3.38577e-15 0)
(1 -8.70125e-15 0)
(1 2.09936e-15 0)
(1 -1.5261e-14 0)
(1 1.81052e-15 0)
(1 -6.31403e-15 0)
(1 6.04195e-15 0)
(1 -7.94758e-16 0)
(1 -6.08438e-15 0)
(1 2.03816e-16 0)
(1 1.04127e-15 0)
(1 7.44864e-15 0)
(1 4.33764e-15 0)
(1 -3.54122e-15 0)
(1 -3.80287e-16 0)
(1 8.46421e-15 0)
(1 1.88168e-15 0)
(1 6.41651e-15 0)
(1 2.17754e-15 0)
(1 4.37526e-15 0)
(1 -4.27415e-15 0)
(1 -5.10175e-15 0)
(1 -4.21161e-15 0)
(1 -2.7362e-15 0)
(1 -2.72024e-15 0)
(1 -1.81725e-15 0)
(1 -4.43116e-15 0)
(1 -1.83686e-15 0)
(1 -1.64724e-15 0)
(1 1.85697e-15 0)
(1 1.58577e-15 0)
(1 3.42009e-15 0)
(1 -1.42909e-15 0)
(1 1.71371e-15 0)
(1 5.51643e-16 0)
(1 3.1027e-15 0)
(1 4.82727e-17 0)
(1 -2.65354e-15 0)
(1 -3.44057e-15 0)
(1 1.34671e-15 0)
(1 -3.06282e-15 0)
(1 2.55843e-15 0)
(1 -1.19228e-15 0)
(1 9.73765e-16 0)
(1 7.30002e-15 0)
(1 3.36178e-15 0)
(1 -9.67406e-16 0)
(1 -2.07677e-15 0)
(1 -2.69075e-15 0)
(1 -1.45488e-15 0)
(1 8.24737e-16 0)
(1 2.91214e-16 0)
(1 5.82705e-16 0)
(1 7.94252e-16 0)
(1 1.52027e-15 0)
(1 -3.27499e-17 0)
(1 -2.34903e-15 0)
(1 2.49522e-15 0)
(1 3.38941e-15 0)
(1 -4.33663e-17 0)
(1 7.63561e-15 0)
(1 2.92194e-15 0)
(1 -2.29267e-15 0)
(1 3.51138e-15 0)
(1 -3.64953e-15 0)
(1 -2.64726e-15 0)
(1 2.73696e-15 0)
(1 2.42669e-15 0)
(1 -3.34418e-15 0)
(1 9.08954e-16 0)
(1 -4.84248e-15 0)
(1 -5.03916e-16 0)
(1 -1.81593e-16 0)
(1 1.19855e-15 0)
(1 -6.03785e-15 0)
(1 -2.54057e-15 0)
(1 -1.22319e-15 0)
(1 1.56952e-15 0)
(1 1.73372e-15 0)
(1 7.64493e-15 0)
(1 -4.2487e-15 0)
(1 -4.8156e-15 0)
(1 5.71707e-15 0)
(1 -8.03033e-15 0)
(1 -3.35331e-15 0)
(1 2.26175e-16 0)
(1 2.61673e-16 0)
(1 -1.12462e-15 0)
(1 6.04853e-16 0)
(1 -6.17487e-16 0)
(1 2.48213e-15 0)
(1 3.96179e-15 0)
(1 2.19647e-15 0)
(1 8.33393e-15 0)
(1 -1.90775e-15 0)
(1 1.13891e-14 0)
(1 4.20381e-15 0)
(1 -4.58041e-15 0)
(1 -1.33148e-15 0)
(1 -6.84549e-16 0)
(1 -4.73512e-15 0)
(1 7.38658e-16 0)
(1 2.99215e-15 0)
(1 5.49742e-15 0)
(1 -8.00605e-15 0)
(1 -6.93488e-15 0)
(1 -1.84034e-15 0)
(1 3.08634e-16 0)
(1 2.17194e-15 0)
(1 3.96869e-15 0)
(1 5.39111e-15 0)
(1 6.68141e-15 0)
(1 2.63703e-15 0)
(1 -8.84641e-16 0)
(1 2.4785e-15 0)
(1 8.49461e-15 0)
(1 9.63936e-15 0)
(1 5.74213e-15 0)
(1 3.6517e-15 0)
(1 2.07485e-15 0)
(1 -6.68869e-15 0)
(1 -5.07346e-15 0)
(1 -3.08009e-15 0)
(1 -6.52166e-15 0)
(1 -1.07807e-14 0)
(1 -8.30988e-15 0)
(1 -6.55201e-15 0)
(1 2.57525e-15 0)
(1 2.68837e-15 0)
(1 1.38168e-15 0)
(1 6.12458e-17 0)
(1 1.22515e-15 0)
(1 1.19414e-15 0)
(1 4.83922e-15 0)
(1 1.6414e-15 0)
(1 4.55427e-15 0)
(1 1.44982e-15 0)
(1 7.89952e-16 0)
(1 -3.07045e-15 0)
(1 2.36711e-16 0)
(1 -4.02351e-15 0)
(1 -6.71387e-15 0)
(1 -5.30304e-16 0)
(1 1.4452e-15 0)
(1 3.47804e-15 0)
(1 1.32444e-15 0)
(1 3.32925e-15 0)
(1 6.53045e-16 0)
(1 -1.49914e-15 0)
(1 -6.31768e-17 0)
(1 1.78123e-16 0)
(1 2.06964e-15 0)
(1 4.51138e-15 0)
(1 -1.53219e-15 0)
(1 -1.27496e-15 0)
(1 -2.75542e-15 0)
(1 -3.75637e-15 0)
(1 5.07506e-16 0)
(1 9.54483e-16 0)
(1 1.16831e-16 0)
(1 1.96484e-15 0)
(1 -1.56895e-15 0)
(1 1.46071e-15 0)
(1 -5.74447e-15 0)
(1 -3.90731e-15 0)
(1 -2.06779e-15 0)
(1 5.845e-15 0)
(1 4.67873e-15 0)
(1 -1.17036e-15 0)
(1 -4.13403e-17 0)
(1 -3.87897e-15 0)
(1 -1.1263e-16 0)
(1 -3.18758e-15 0)
(1 1.81168e-15 0)
(1 -2.79619e-15 0)
(1 -4.79938e-15 0)
(1 -1.89804e-15 0)
(1 6.81325e-16 0)
(1 -1.12576e-15 0)
(1 2.99401e-15 0)
(1 7.902e-18 0)
(1 -1.5416e-15 0)
(1 5.14827e-15 0)
(1 -7.40776e-15 0)
(1 -6.86575e-15 0)
(1 -3.12211e-15 0)
(1 6.73337e-15 0)
(1 6.17465e-16 0)
(1 5.87226e-16 0)
(1 2.93986e-15 0)
(1 2.14707e-16 0)
(1 -1.01055e-15 0)
(1 8.2854e-15 0)
(1 6.62242e-15 0)
(1 3.38919e-15 0)
(1 1.06834e-14 0)
(1 4.70561e-15 0)
(1 -5.92246e-15 0)
(1 -2.30988e-15 0)
(1 -4.66238e-16 0)
(1 -5.9946e-15 0)
(1 -4.99004e-15 0)
(1 2.75075e-15 0)
(1 8.04913e-15 0)
(1 -1.87353e-15 0)
(1 5.41119e-15 0)
(1 1.34312e-15 0)
(1 2.9103e-16 0)
(1 4.5971e-15 0)
(1 4.48194e-15 0)
(1 6.61131e-15 0)
(1 5.60481e-15 0)
(1 3.48819e-15 0)
(1 -3.27083e-16 0)
(1 -2.44959e-15 0)
(1 -1.03831e-15 0)
(1 5.40112e-15 0)
(1 2.52928e-15 0)
(1 6.73028e-15 0)
(1 -3.24483e-16 0)
(1 3.07774e-16 0)
(1 1.02565e-15 0)
(1 1.61696e-15 0)
(1 -3.00193e-15 0)
(1 -8.78787e-15 0)
(1 -6.13281e-15 0)
(1 -6.77295e-15 0)
(1 -9.94685e-16 0)
(1 9.62366e-15 0)
(1 6.7098e-15 0)
(1 2.1705e-15 0)
(1 1.95135e-15 0)
(1 4.12748e-15 0)
(1 3.88936e-15 0)
(1 3.36762e-16 0)
(1 -3.76351e-15 0)
(1 -5.52041e-15 0)
(1 3.71631e-16 0)
(1 -1.00785e-15 0)
(1 -6.54176e-15 0)
(1 -5.60595e-15 0)
(1 -6.32788e-15 0)
(1 5.24486e-17 0)
(1 3.55757e-15 0)
(1 4.14013e-15 0)
(1 4.90805e-15 0)
(1 2.23942e-15 0)
(1 -1.31299e-15 0)
(1 -2.42103e-15 0)
(1 1.9566e-16 0)
(1 -1.80237e-15 0)
(1 9.48571e-17 0)
(1 -1.25198e-15 0)
(1 5.21792e-16 0)
(1 -2.67057e-15 0)
(1 -7.06411e-15 0)
(1 -2.30468e-15 0)
(1 -1.1973e-15 0)
(1 5.97218e-16 0)
(1 1.6169e-15 0)
(1 1.47852e-15 0)
(1 1.9416e-15 0)
(1 5.4239e-15 0)
(1 -3.34236e-15 0)
(1 -2.52108e-15 0)
(1 -3.32017e-15 0)
(1 -1.65639e-15 0)
(1 4.82184e-15 0)
(1 5.22356e-15 0)
(1 6.40878e-15 0)
(1 5.32035e-15 0)
(1 3.18964e-15 0)
(1 1.61449e-15 0)
(1 -9.57834e-16 0)
(1 -1.59239e-15 0)
(1 -1.89467e-15 0)
(1 -4.35292e-15 0)
(1 -4.60557e-15 0)
(1 -2.90408e-15 0)
(1 -8.05198e-15 0)
(1 -4.70594e-15 0)
(1 -1.66448e-15 0)
(1 3.61525e-15 0)
(1 -1.3398e-15 0)
(1 -4.25776e-15 0)
(1 4.91223e-16 0)
(1 6.65193e-15 0)
(1 1.70121e-15 0)
(1 -6.94886e-15 0)
(1 -4.16755e-15 0)
(1 -4.17942e-15 0)
(1 -1.39437e-15 0)
(1 4.90956e-15 0)
(1 4.59019e-16 0)
(1 1.06652e-14 0)
(1 6.54516e-16 0)
(1 1.11968e-14 0)
(1 4.54456e-15 0)
(1 1.96132e-15 0)
(1 -8.25939e-15 0)
(1 -7.00389e-15 0)
(1 -1.06724e-14 0)
(1 -7.13225e-15 0)
(1 -6.97109e-15 0)
(1 1.52091e-14 0)
(1 1.10861e-14 0)
(1 1.47324e-14 0)
(1 3.63582e-15 0)
(1 7.35934e-16 0)
(1 7.63155e-15 0)
(1 5.40613e-15 0)
(1 4.68998e-15 0)
(1 5.51691e-15 0)
(1 -1.88892e-15 0)
(1 -2.60606e-17 0)
(1 -2.0442e-15 0)
(1 3.26315e-16 0)
(1 8.05123e-16 0)
(1 2.48448e-15 0)
(1 1.33175e-15 0)
(1 -1.43448e-15 0)
(1 -7.03054e-15 0)
(1 -6.61508e-15 0)
(1 -6.02311e-15 0)
(1 -4.50957e-15 0)
(1 -4.90401e-15 0)
(1 -5.34198e-15 0)
(1 -5.2341e-15 0)
(1 2.87882e-15 0)
(1 7.69746e-15 0)
(1 8.30081e-15 0)
(1 8.72522e-15 0)
(1 4.75137e-15 0)
(1 1.96754e-16 0)
(1 -4.12206e-15 0)
(1 -2.16836e-15 0)
(1 1.37708e-17 0)
(1 2.41912e-15 0)
(1 4.6787e-16 0)
(1 -4.20638e-15 0)
(1 2.50463e-15 0)
(1 5.12967e-15 0)
(1 -3.36593e-15 0)
(1 -3.58715e-15 0)
(1 3.37718e-15 0)
(1 2.14633e-15 0)
(1 4.46059e-15 0)
(1 -2.66863e-15 0)
(1 1.11154e-15 0)
(1 -1.50778e-15 0)
(1 1.11905e-15 0)
(1 1.26049e-16 0)
(1 5.13776e-15 0)
(1 6.17204e-16 0)
(1 1.11251e-15 0)
(1 -5.01488e-15 0)
(1 -2.40198e-15 0)
(1 -1.83746e-15 0)
(1 4.20493e-15 0)
(1 4.89445e-15 0)
(1 -1.97715e-15 0)
(1 7.70934e-15 0)
(1 3.59463e-15 0)
(1 3.96476e-15 0)
(1 -3.43635e-15 0)
(1 3.82855e-15 0)
(1 -3.26167e-16 0)
(1 3.53227e-15 0)
(1 5.60411e-15 0)
(1 -5.70778e-16 0)
(1 4.97877e-15 0)
(1 -2.20298e-15 0)
(1 4.63436e-15 0)
(1 -3.40305e-15 0)
(1 -3.71442e-15 0)
(1 5.09165e-15 0)
(1 -3.24829e-15 0)
(1 -8.99089e-15 0)
(1 -3.83926e-15 0)
(1 -6.52662e-15 0)
(1 -6.21009e-15 0)
(1 3.60774e-16 0)
(1 -3.59471e-15 0)
(1 4.6244e-15 0)
(1 -1.39859e-15 0)
(1 3.07869e-15 0)
(1 1.78816e-15 0)
(1 2.3137e-15 0)
(1 -8.29362e-15 0)
(1 -1.19229e-14 0)
(1 -8.26051e-15 0)
(1 1.49104e-15 0)
(1 3.77484e-15 0)
(1 1.68463e-15 0)
(1 9.29121e-15 0)
(1 4.38403e-15 0)
(1 1.33739e-15 0)
(1 6.29255e-15 0)
(1 6.64751e-15 0)
(1 -1.19015e-15 0)
(1 1.11781e-15 0)
(1 -1.79022e-15 0)
(1 -5.60708e-16 0)
(1 9.95916e-15 0)
(1 1.13619e-14 0)
(1 1.30443e-15 0)
(1 -1.64339e-15 0)
(1 -7.91564e-15 0)
(1 -5.98021e-15 0)
(1 5.04699e-15 0)
(1 5.02427e-15 0)
(1 8.15889e-15 0)
(1 5.7181e-15 0)
(1 8.89256e-15 0)
(1 3.33774e-15 0)
(1 4.68982e-15 0)
(1 2.68773e-15 0)
(1 8.89163e-15 0)
(1 9.92592e-15 0)
(1 3.99232e-15 0)
(1 -1.15857e-14 0)
(1 -1.7291e-14 0)
(1 -5.59644e-15 0)
(1 -4.64823e-15 0)
(1 4.33049e-15 0)
(1 7.77613e-16 0)
(1 3.29831e-15 0)
(1 -1.6441e-15 0)
(1 3.39514e-16 0)
(1 -3.87593e-15 0)
(1 4.45955e-17 0)
(1 7.21106e-16 0)
(1 3.83501e-15 0)
(1 3.24768e-15 0)
(1 -1.34682e-15 0)
(1 6.3984e-16 0)
(1 3.73031e-15 0)
(1 -8.80659e-17 0)
(1 -9.45834e-16 0)
(1 6.32183e-16 0)
(1 5.15675e-15 0)
(1 3.98167e-15 0)
(1 3.05344e-15 0)
(1 -1.99143e-15 0)
(1 -1.45437e-15 0)
(1 -5.76197e-15 0)
(1 1.04024e-16 0)
(1 5.0373e-15 0)
(1 8.87629e-15 0)
(1 9.30909e-15 0)
(1 1.04794e-14 0)
(1 1.72755e-14 0)
(1 1.02733e-14 0)
(1 1.76045e-15 0)
(1 -5.16963e-15 0)
(1 -2.97967e-15 0)
(1 -8.17084e-15 0)
(1 -7.76005e-15 0)
(1 -6.76481e-15 0)
(1 -9.33711e-16 0)
(1 1.35365e-15 0)
(1 1.37656e-14 0)
(1 9.59169e-15 0)
(1 6.87031e-15 0)
(1 3.14547e-16 0)
(1 4.41918e-16 0)
(1 -3.2787e-15 0)
(1 -2.51134e-15 0)
(1 7.92498e-16 0)
(1 2.22717e-15 0)
(1 3.98557e-15 0)
(1 8.28675e-16 0)
(1 -3.16346e-15 0)
(1 3.38853e-16 0)
(1 -1.30288e-15 0)
(1 -3.1341e-15 0)
(1 2.02962e-15 0)
(1 -3.82655e-15 0)
(1 1.18709e-15 0)
(1 2.4507e-15 0)
(1 1.85665e-15 0)
(1 3.57715e-15 0)
(1 -4.49047e-15 0)
(1 -1.52465e-16 0)
(1 1.39207e-15 0)
(1 3.65326e-16 0)
(1 5.68833e-15 0)
(1 2.71758e-15 0)
(1 1.87208e-15 0)
(1 -1.46122e-14 0)
(1 -2.96256e-15 0)
(1 -2.40115e-15 0)
(1 -2.60259e-15 0)
(1 2.30826e-15 0)
(1 6.56384e-15 0)
(1 8.03892e-15 0)
(1 1.17996e-15 0)
(1 3.06983e-15 0)
(1 7.18084e-15 0)
(1 6.10613e-15 0)
(1 4.18328e-15 0)
(1 8.10357e-15 0)
(1 8.11981e-16 0)
(1 1.16498e-14 0)
(1 -4.63302e-15 0)
(1 -2.49663e-15 0)
(1 -9.3834e-15 0)
(1 -9.69336e-15 0)
(1 3.33252e-16 0)
(1 4.9954e-15 0)
(1 9.08766e-15 0)
(1 4.00525e-15 0)
(1 6.66179e-15 0)
(1 5.14899e-15 0)
(1 4.14442e-15 0)
(1 -7.71836e-16 0)
(1 -1.65479e-16 0)
(1 -2.57793e-16 0)
(1 6.12371e-15 0)
(1 3.70577e-15 0)
(1 1.87736e-16 0)
(1 -4.36831e-15 0)
(1 1.12379e-15 0)
(1 1.372e-15 0)
(1 2.96068e-15 0)
(1 3.18769e-15 0)
(1 5.05376e-15 0)
(1 -1.23091e-15 0)
(1 -5.608e-15 0)
(1 -8.24929e-15 0)
(1 9.86699e-15 0)
(1 9.42298e-15 0)
(1 7.12655e-15 0)
(1 -9.87664e-16 0)
(1 -5.30781e-15 0)
(1 -4.59598e-16 0)
(1 -1.65301e-15 0)
(1 6.68976e-16 0)
(1 2.18949e-15 0)
(1 2.62666e-16 0)
(1 -2.04127e-15 0)
(1 -2.83821e-15 0)
(1 2.64037e-15 0)
(1 3.99917e-15 0)
(1 3.4172e-15 0)
(1 1.51126e-15 0)
(1 -1.01728e-15 0)
(1 5.42723e-16 0)
(1 6.24858e-15 0)
(1 4.33008e-15 0)
(1 4.43952e-15 0)
(1 7.20915e-15 0)
(1 1.18436e-17 0)
(1 -1.93911e-15 0)
(1 -2.77951e-15 0)
(1 4.19993e-15 0)
(1 6.65893e-15 0)
(1 5.82545e-16 0)
(1 -1.2239e-15 0)
(1 1.52913e-15 0)
(1 4.16099e-15 0)
(1 5.37055e-15 0)
(1 6.45736e-15 0)
(1 7.3376e-15 0)
(1 2.33149e-15 0)
(1 3.92614e-16 0)
(1 2.43483e-15 0)
(1 2.98511e-15 0)
(1 5.11674e-15 0)
(1 8.34579e-15 0)
(1 4.57283e-15 0)
(1 3.17018e-15 0)
(1 3.36994e-16 0)
(1 2.29206e-15 0)
(1 6.26796e-16 0)
(1 6.5456e-16 0)
(1 6.78533e-15 0)
(1 4.14442e-15 0)
(1 1.96428e-15 0)
(1 4.01098e-15 0)
(1 4.28851e-15 0)
(1 4.67015e-15 0)
(1 -1.58047e-15 0)
(1 -1.04213e-15 0)
(1 -3.96406e-15 0)
(1 3.43566e-15 0)
(1 4.71336e-15 0)
(1 5.69204e-16 0)
(1 5.14302e-15 0)
(1 -5.98926e-15 0)
(1 -3.37802e-15 0)
(1 -4.48837e-15 0)
(1 -1.37553e-14 0)
(1 -8.41498e-16 0)
(1 3.14943e-15 0)
(1 1.06029e-14 0)
(1 1.28689e-14 0)
(1 6.92486e-15 0)
(1 5.41197e-16 0)
(1 7.1317e-15 0)
(1 1.04078e-15 0)
(1 1.65758e-14 0)
(1 -4.79949e-15 0)
(1 7.78702e-16 0)
(1 -1.45299e-14 0)
(1 -9.55839e-15 0)
(1 -8.19856e-15 0)
(1 6.40938e-15 0)
(1 1.04952e-14 0)
(1 8.91613e-15 0)
(1 6.59912e-15 0)
(1 -4.09351e-15 0)
(1 -4.39248e-15 0)
(1 -3.23226e-15 0)
(1 2.44973e-15 0)
(1 5.11713e-15 0)
(1 3.86832e-15 0)
(1 -4.11215e-15 0)
(1 -1.71089e-15 0)
(1 1.16203e-14 0)
(1 5.3805e-15 0)
(1 -3.62152e-15 0)
(1 -1.20937e-14 0)
(1 6.08248e-16 0)
(1 -4.41596e-15 0)
(1 4.91162e-15 0)
(1 6.79419e-15 0)
(1 2.61673e-15 0)
(1 -1.91763e-15 0)
(1 -2.59896e-15 0)
(1 6.66526e-15 0)
(1 5.60727e-15 0)
(1 6.41751e-15 0)
(1 -2.32083e-15 0)
(1 7.56632e-15 0)
(1 6.91989e-15 0)
(1 5.04335e-15 0)
(1 -2.70548e-15 0)
(1 3.12806e-15 0)
(1 -5.27546e-15 0)
(1 -2.10372e-15 0)
(1 -2.06737e-15 0)
(1 -6.98349e-16 0)
(1 2.5645e-15 0)
(1 5.39317e-15 0)
(1 5.24029e-15 0)
(1 2.92075e-15 0)
(1 2.32067e-15 0)
(1 8.06955e-15 0)
(1 5.74703e-15 0)
(1 5.81893e-15 0)
(1 -3.48034e-16 0)
(1 2.60298e-15 0)
(1 8.73979e-15 0)
(1 6.11797e-15 0)
(1 3.1834e-15 0)
(1 4.87654e-15 0)
(1 1.78382e-15 0)
(1 2.99591e-15 0)
(1 4.68233e-15 0)
(1 -2.11411e-15 0)
(1 -2.07746e-15 0)
(1 3.01792e-15 0)
(1 1.30262e-15 0)
(1 2.13583e-15 0)
(1 -1.66033e-15 0)
(1 6.3259e-15 0)
(1 8.25994e-15 0)
(1 3.6267e-15 0)
(1 1.17305e-15 0)
(1 -2.06215e-16 0)
(1 -1.24086e-15 0)
(1 4.85978e-15 0)
(1 8.95958e-16 0)
(1 3.6162e-15 0)
(1 6.64689e-15 0)
(1 5.25514e-15 0)
(1 3.48786e-15 0)
(1 -5.81162e-17 0)
(1 4.07272e-15 0)
(1 4.49032e-15 0)
(1 1.10834e-14 0)
(1 1.37392e-15 0)
(1 -2.46909e-15 0)
(1 3.90409e-15 0)
(1 -2.60444e-15 0)
(1 1.98284e-16 0)
(1 -3.52965e-15 0)
(1 -3.35536e-15 0)
(1 6.67102e-15 0)
(1 -1.14169e-14 0)
(1 -7.22029e-15 0)
(1 -3.55397e-15 0)
(1 6.58912e-15 0)
(1 7.63518e-15 0)
(1 6.29068e-15 0)
(1 3.88367e-15 0)
(1 1.15753e-14 0)
(1 2.18121e-15 0)
(1 1.09913e-14 0)
(1 -3.03735e-15 0)
(1 1.11011e-15 0)
(1 4.90454e-15 0)
(1 5.72535e-17 0)
(1 -7.94248e-15 0)
(1 -3.16784e-15 0)
(1 1.77937e-15 0)
(1 9.65084e-15 0)
(1 4.36864e-15 0)
(1 3.98272e-15 0)
(1 -4.11568e-15 0)
(1 -5.26549e-15 0)
(1 -1.62677e-14 0)
(1 -9.44218e-15 0)
(1 -5.33825e-15 0)
(1 3.96976e-15 0)
(1 8.40354e-15 0)
(1 6.60419e-15 0)
(1 1.54744e-16 0)
(1 3.27502e-15 0)
(1 3.87513e-15 0)
(1 3.88273e-15 0)
(1 -5.13085e-15 0)
(1 3.9214e-15 0)
(1 2.95296e-15 0)
(1 1.08555e-14 0)
(1 4.36244e-15 0)
(1 7.07606e-15 0)
(1 7.33251e-15 0)
(1 3.89067e-15 0)
(1 -9.8381e-15 0)
(1 -5.30452e-15 0)
(1 2.4657e-15 0)
(1 4.60791e-15 0)
(1 1.16773e-14 0)
(1 5.72437e-15 0)
(1 2.25366e-15 0)
(1 -2.06596e-15 0)
(1 -4.9491e-15 0)
(1 4.48983e-15 0)
(1 -5.19927e-15 0)
(1 5.22008e-15 0)
(1 -2.8732e-15 0)
(1 4.52832e-15 0)
(1 -1.14376e-15 0)
(1 -6.56096e-15 0)
(1 -1.92211e-15 0)
(1 1.26365e-14 0)
(1 1.58987e-14 0)
(1 1.60335e-14 0)
(1 1.76653e-14 0)
(1 1.35757e-14 0)
(1 8.34535e-15 0)
(1 1.31409e-14 0)
(1 7.19026e-15 0)
(1 3.0496e-15 0)
(1 -6.83934e-15 0)
(1 -4.63272e-15 0)
(1 -1.19285e-15 0)
(1 1.32511e-15 0)
(1 -1.81292e-15 0)
(1 8.75416e-15 0)
(1 8.94133e-15 0)
(1 4.65628e-15 0)
(1 5.96985e-15 0)
(1 2.77241e-15 0)
(1 -3.32483e-15 0)
(1 -3.50111e-15 0)
(1 -5.30366e-15 0)
(1 3.56065e-17 0)
(1 4.344e-15 0)
(1 3.53942e-15 0)
(1 4.80373e-15 0)
(1 6.13169e-15 0)
(1 9.22949e-15 0)
(1 7.92563e-15 0)
(1 1.08419e-14 0)
(1 6.44892e-15 0)
(1 1.13653e-14 0)
(1 1.25311e-14 0)
(1 1.51673e-14 0)
(1 2.02743e-14 0)
(1 7.60338e-16 0)
(1 2.64617e-15 0)
(1 7.54735e-15 0)
(1 -6.40957e-16 0)
(1 -3.90372e-15 0)
(1 2.75719e-15 0)
(1 9.19505e-16 0)
(1 2.37166e-15 0)
(1 -6.08166e-15 0)
(1 -8.85685e-15 0)
(1 2.90988e-15 0)
(1 2.20436e-15 0)
(1 6.63279e-15 0)
(1 4.99066e-15 0)
(1 6.07456e-15 0)
(1 4.12039e-15 0)
(1 1.29756e-15 0)
(1 3.58909e-15 0)
(1 -2.33674e-16 0)
(1 -1.29559e-14 0)
(1 7.35676e-16 0)
(1 -9.96636e-15 0)
(1 1.38298e-16 0)
(1 2.71356e-15 0)
(1 3.73582e-15 0)
(1 1.06826e-14 0)
(1 6.68891e-15 0)
(1 3.93382e-16 0)
(1 3.21041e-15 0)
(1 5.53977e-16 0)
(1 -9.61064e-15 0)
(1 -1.00827e-14 0)
(1 -4.96095e-15 0)
(1 -4.02241e-15 0)
(1 -3.89639e-15 0)
(1 3.93093e-15 0)
(1 3.03353e-15 0)
(1 -3.00974e-16 0)
(1 4.32601e-15 0)
(1 9.50416e-15 0)
(1 6.50695e-15 0)
(1 2.24068e-15 0)
(1 6.99398e-15 0)
(1 2.67488e-15 0)
(1 -7.13641e-15 0)
(1 3.82371e-15 0)
(1 -1.40564e-15 0)
(1 2.57788e-15 0)
(1 -5.18899e-15 0)
(1 6.33299e-15 0)
(1 6.56089e-15 0)
(1 9.03824e-15 0)
(1 7.00094e-15 0)
(1 4.43568e-15 0)
(1 1.64807e-15 0)
(1 6.79109e-15 0)
(1 1.06871e-15 0)
(1 9.67571e-15 0)
(1 -2.42527e-15 0)
(1 2.13184e-15 0)
(1 3.48672e-15 0)
(1 4.12934e-15 0)
(1 7.76816e-15 0)
(1 4.21944e-15 0)
(1 4.28304e-15 0)
(1 8.7912e-15 0)
(1 1.04532e-14 0)
(1 1.00556e-14 0)
(1 1.40241e-14 0)
(1 8.07251e-15 0)
(1 2.91184e-15 0)
(1 2.26508e-15 0)
(1 1.26928e-15 0)
(1 6.5282e-15 0)
(1 1.17065e-15 0)
(1 4.38508e-15 0)
(1 4.21471e-15 0)
(1 5.13674e-15 0)
(1 6.31926e-15 0)
(1 5.06736e-15 0)
(1 2.05184e-15 0)
(1 3.25265e-16 0)
(1 2.91135e-15 0)
(1 -3.90924e-16 0)
(1 8.76526e-16 0)
(1 6.97687e-16 0)
(1 5.35433e-15 0)
(1 8.98046e-16 0)
(1 7.69246e-15 0)
(1 4.5375e-15 0)
(1 4.61751e-15 0)
(1 3.89372e-15 0)
(1 6.56298e-15 0)
(1 8.0526e-15 0)
(1 1.21878e-14 0)
(1 5.93715e-15 0)
(1 1.3196e-14 0)
(1 8.90032e-15 0)
(1 2.36215e-14 0)
(1 2.20019e-14 0)
(1 1.39426e-16 0)
(1 -8.57853e-16 0)
(1 1.52118e-15 0)
(1 4.75395e-15 0)
(1 -3.8541e-15 0)
(1 1.78614e-15 0)
(1 3.45604e-16 0)
(1 -9.09127e-15 0)
(1 3.00041e-15 0)
(1 -1.01144e-14 0)
(1 1.64177e-15 0)
(1 -1.13575e-14 0)
(1 3.5029e-15 0)
(1 8.34725e-15 0)
(1 9.34923e-15 0)
(1 8.49894e-15 0)
(1 3.48232e-15 0)
(1 -2.23075e-15 0)
(1 6.23539e-15 0)
(1 -4.89706e-15 0)
(1 -2.60214e-15 0)
(1 -8.84912e-15 0)
(1 -5.79112e-15 0)
(1 -5.64314e-15 0)
(1 -5.96747e-15 0)
(1 8.11211e-16 0)
(1 6.4101e-15 0)
(1 9.28196e-15 0)
(1 8.62478e-15 0)
(1 -3.93677e-17 0)
(1 -7.43626e-15 0)
(1 -6.9096e-15 0)
(1 -5.39461e-15 0)
(1 -4.48752e-15 0)
(1 -9.51369e-17 0)
(1 5.97051e-15 0)
(1 7.46981e-15 0)
(1 2.84021e-15 0)
(1 5.36807e-15 0)
(1 7.09474e-16 0)
(1 1.18387e-14 0)
(1 -1.48938e-16 0)
(1 1.1634e-14 0)
(1 -1.54547e-15 0)
(1 -1.85619e-15 0)
(1 -3.40475e-15 0)
(1 1.89722e-16 0)
(1 2.80485e-15 0)
(1 9.53089e-16 0)
(1 5.5857e-16 0)
(1 5.64821e-15 0)
(1 7.31227e-15 0)
(1 6.52035e-15 0)
(1 3.79877e-15 0)
(1 7.14613e-15 0)
(1 1.72475e-15 0)
(1 4.13233e-15 0)
(1 -3.41587e-15 0)
(1 8.41765e-15 0)
(1 -3.64033e-15 0)
(1 9.78661e-15 0)
(1 -5.33393e-15 0)
(1 7.38862e-15 0)
(1 6.67147e-15 0)
(1 1.18963e-14 0)
(1 3.12e-15 0)
(1 8.1245e-15 0)
(1 7.04513e-15 0)
(1 8.07992e-15 0)
(1 7.27625e-15 0)
(1 6.2699e-15 0)
(1 2.04806e-15 0)
(1 5.91502e-15 0)
(1 -1.40841e-15 0)
(1 -2.49517e-15 0)
(1 5.13938e-15 0)
(1 1.18419e-14 0)
(1 1.24365e-14 0)
(1 1.12023e-14 0)
(1 4.46038e-15 0)
(1 1.16054e-15 0)
(1 3.58162e-15 0)
(1 3.16372e-15 0)
(1 -4.30905e-15 0)
(1 -5.6012e-16 0)
(1 -1.5951e-15 0)
(1 5.64212e-15 0)
(1 2.63907e-15 0)
(1 6.17828e-15 0)
(1 7.26921e-15 0)
(1 5.76299e-15 0)
(1 3.43395e-15 0)
(1 3.0356e-15 0)
(1 1.41279e-15 0)
(1 5.56465e-15 0)
(1 8.35111e-15 0)
(1 1.18453e-14 0)
(1 1.16958e-14 0)
(1 1.4152e-14 0)
(1 1.19065e-14 0)
(1 3.3625e-15 0)
(1 -4.31605e-15 0)
(1 3.21802e-15 0)
(1 -9.85902e-16 0)
(1 9.31895e-16 0)
(1 -7.28044e-16 0)
(1 -3.20156e-15 0)
(1 -8.12415e-15 0)
(1 -4.30167e-15 0)
(1 4.26622e-15 0)
(1 6.64548e-15 0)
(1 7.1312e-15 0)
(1 2.48009e-15 0)
(1 -9.15267e-16 0)
(1 -2.55669e-16 0)
(1 4.48062e-15 0)
(1 8.55495e-15 0)
(1 -1.6458e-15 0)
(1 -1.81032e-15 0)
(1 -7.10679e-15 0)
(1 -1.14723e-14 0)
(1 -9.77993e-15 0)
(1 -1.50128e-15 0)
(1 6.72427e-15 0)
(1 1.08382e-14 0)
(1 4.31495e-15 0)
(1 7.00773e-15 0)
(1 4.31136e-15 0)
(1 5.40776e-15 0)
(1 3.4279e-15 0)
(1 -1.12892e-15 0)
(1 -7.97001e-15 0)
(1 -7.07876e-15 0)
(1 -7.56675e-15 0)
(1 2.28097e-15 0)
(1 9.10839e-16 0)
(1 1.003e-16 0)
(1 -6.90329e-15 0)
(1 4.6479e-15 0)
(1 1.61651e-15 0)
(1 1.01405e-14 0)
(1 -9.93311e-16 0)
(1 -1.13389e-15 0)
(1 -7.52049e-15 0)
(1 5.32481e-15 0)
(1 2.32253e-15 0)
(1 1.1854e-14 0)
(1 9.57307e-15 0)
(1 7.85312e-15 0)
(1 1.29892e-15 0)
(1 1.86514e-15 0)
(1 5.78077e-15 0)
(1 1.22036e-15 0)
(1 5.43701e-15 0)
(1 8.16424e-15 0)
(1 3.85191e-15 0)
(1 9.78725e-16 0)
(1 4.55147e-16 0)
(1 5.37865e-15 0)
(1 2.9175e-15 0)
(1 2.05004e-15 0)
(1 2.70549e-15 0)
(1 5.32487e-15 0)
(1 5.90108e-15 0)
(1 7.42137e-15 0)
(1 2.23137e-15 0)
(1 2.74754e-15 0)
(1 7.73437e-15 0)
(1 -9.44546e-16 0)
(1 5.5167e-15 0)
(1 5.09572e-15 0)
(1 1.15349e-15 0)
(1 9.83653e-15 0)
(1 3.75328e-15 0)
(1 4.11764e-15 0)
(1 3.11634e-15 0)
(1 7.38186e-15 0)
(1 2.00633e-15 0)
(1 5.94088e-15 0)
(1 8.31309e-15 0)
(1 7.89118e-15 0)
(1 1.17645e-14 0)
(1 7.9374e-15 0)
(1 4.4047e-15 0)
(1 1.43648e-15 0)
(1 -8.47604e-15 0)
(1 -1.60168e-15 0)
(1 3.87106e-15 0)
(1 3.70989e-15 0)
(1 8.96867e-15 0)
(1 4.60471e-15 0)
(1 8.75108e-15 0)
(1 3.31029e-15 0)
(1 7.81083e-15 0)
(1 4.45544e-15 0)
(1 1.12627e-14 0)
(1 8.45857e-15 0)
(1 1.68328e-14 0)
(1 4.78547e-15 0)
(1 3.86495e-15 0)
(1 3.91221e-15 0)
(1 4.10053e-15 0)
(1 -4.44214e-15 0)
(1 -2.2224e-15 0)
(1 -7.51358e-16 0)
(1 1.34221e-15 0)
(1 2.01196e-15 0)
(1 4.03637e-15 0)
(1 -3.56089e-15 0)
(1 1.32543e-14 0)
(1 5.01583e-15 0)
(1 1.13198e-14 0)
(1 2.76288e-15 0)
(1 -3.26278e-15 0)
(1 -9.07494e-15 0)
(1 -7.16449e-15 0)
(1 1.07797e-15 0)
(1 4.57649e-15 0)
(1 6.02505e-15 0)
(1 -2.12049e-15 0)
(1 -7.38395e-15 0)
(1 -5.34038e-15 0)
(1 -7.738e-15 0)
(1 -8.19651e-15 0)
(1 -5.23819e-15 0)
(1 1.81352e-15 0)
(1 1.0697e-14 0)
(1 -1.44537e-15 0)
(1 -3.04745e-15 0)
(1 -5.32492e-15 0)
(1 -2.28246e-16 0)
(1 -5.11802e-15 0)
(1 -6.39646e-15 0)
(1 4.04802e-15 0)
(1 2.31045e-15 0)
(1 5.84624e-15 0)
(1 3.48797e-15 0)
(1 6.01454e-15 0)
(1 5.93496e-15 0)
(1 2.755e-15 0)
(1 -8.98778e-15 0)
(1 -5.13037e-15 0)
(1 -9.48395e-15 0)
(1 -3.4703e-15 0)
(1 6.11884e-15 0)
(1 8.00319e-15 0)
(1 5.49649e-15 0)
(1 6.05949e-15 0)
(1 1.29449e-14 0)
(1 7.62191e-15 0)
(1 -1.60647e-15 0)
(1 5.14511e-16 0)
(1 7.47261e-16 0)
(1 3.81933e-15 0)
(1 3.53662e-15 0)
(1 4.12869e-15 0)
(1 1.90438e-15 0)
(1 4.15569e-15 0)
(1 -2.22759e-15 0)
(1 -1.42507e-15 0)
(1 -4.27934e-15 0)
(1 7.73882e-15 0)
(1 1.34678e-14 0)
(1 1.77301e-14 0)
(1 1.22461e-14 0)
(1 6.13491e-15 0)
(1 -1.01329e-15 0)
(1 8.33469e-16 0)
(1 -3.11387e-15 0)
(1 -5.44242e-16 0)
(1 2.52746e-15 0)
(1 6.37305e-15 0)
(1 5.60741e-15 0)
(1 8.46432e-15 0)
(1 1.10245e-14 0)
(1 5.51309e-15 0)
(1 -7.01151e-15 0)
(1 -1.85709e-15 0)
(1 6.16816e-15 0)
(1 5.38098e-15 0)
(1 4.12528e-15 0)
(1 7.10654e-15 0)
(1 5.66553e-15 0)
(1 4.54028e-15 0)
(1 2.15921e-15 0)
(1 6.16389e-15 0)
(1 2.20655e-15 0)
(1 2.56925e-15 0)
(1 1.69899e-15 0)
(1 4.72098e-15 0)
(1 2.25253e-15 0)
(1 3.23486e-15 0)
(1 -4.18976e-16 0)
(1 4.76573e-15 0)
(1 5.5031e-16 0)
(1 6.82553e-15 0)
(1 1.08165e-14 0)
(1 1.11685e-14 0)
(1 6.71175e-15 0)
(1 7.29905e-15 0)
(1 -3.45721e-15 0)
(1 8.57732e-15 0)
(1 -1.6461e-15 0)
(1 -2.84438e-15 0)
(1 -2.08616e-15 0)
(1 -1.13501e-15 0)
(1 -2.17993e-17 0)
(1 8.507e-15 0)
(1 1.30043e-14 0)
(1 1.2514e-14 0)
(1 -3.67155e-16 0)
(1 -2.21397e-15 0)
(1 -1.10663e-16 0)
(1 4.69167e-16 0)
(1 -2.77451e-15 0)
(1 -5.6341e-15 0)
(1 -2.43331e-15 0)
(1 1.00875e-15 0)
(1 2.94262e-15 0)
(1 -3.79791e-15 0)
(1 -7.12186e-15 0)
(1 -7.33339e-15 0)
(1 -5.69336e-15 0)
(1 -5.86529e-15 0)
(1 -1.7247e-15 0)
(1 1.00831e-15 0)
(1 -2.84291e-15 0)
(1 1.41595e-16 0)
(1 -2.50327e-15 0)
(1 -5.78535e-15 0)
(1 -4.06664e-15 0)
(1 -4.58524e-15 0)
(1 -4.30063e-15 0)
(1 -3.32835e-16 0)
(1 9.29149e-15 0)
(1 1.33451e-14 0)
(1 8.92433e-15 0)
(1 1.02406e-14 0)
(1 -1.88577e-15 0)
(1 4.50331e-15 0)
(1 -6.29929e-15 0)
(1 -4.37631e-15 0)
(1 -6.43635e-15 0)
(1 4.84246e-15 0)
(1 9.42388e-15 0)
(1 2.4609e-15 0)
(1 1.77682e-15 0)
(1 1.55639e-15 0)
(1 8.14494e-15 0)
(1 6.63952e-15 0)
(1 4.56777e-16 0)
(1 -6.15812e-15 0)
(1 -8.07475e-16 0)
(1 -6.66235e-15 0)
(1 4.85925e-15 0)
(1 7.28106e-15 0)
(1 8.74176e-15 0)
(1 4.01306e-15 0)
(1 7.8107e-15 0)
(1 5.37634e-15 0)
(1 2.80133e-15 0)
(1 -3.74608e-16 0)
(1 3.6922e-15 0)
(1 5.64513e-15 0)
(1 1.22489e-14 0)
(1 1.14512e-14 0)
(1 4.39455e-15 0)
(1 3.63575e-15 0)
(1 1.98291e-15 0)
(1 3.66101e-15 0)
(1 4.65166e-15 0)
(1 9.81055e-15 0)
(1 4.48828e-15 0)
(1 8.30166e-15 0)
(1 5.74059e-15 0)
(1 7.70517e-15 0)
(1 1.11025e-15 0)
(1 1.13702e-14 0)
(1 1.46236e-14 0)
(1 5.99152e-15 0)
(1 3.24208e-15 0)
(1 -3.1922e-16 0)
(1 2.18171e-15 0)
(1 5.34308e-16 0)
(1 2.77976e-15 0)
(1 9.72516e-15 0)
(1 2.60976e-15 0)
(1 2.7133e-15 0)
(1 6.14471e-15 0)
(1 8.10823e-15 0)
(1 7.08508e-16 0)
(1 1.78102e-15 0)
(1 -1.46487e-15 0)
(1 -4.41023e-16 0)
(1 5.0442e-16 0)
(1 4.91104e-15 0)
(1 1.73459e-14 0)
(1 1.14714e-14 0)
(1 1.47871e-14 0)
(1 1.33224e-14 0)
(1 1.25966e-16 0)
(1 4.70295e-15 0)
(1 3.23229e-15 0)
(1 -1.43238e-15 0)
(1 -1.97868e-16 0)
(1 2.75094e-15 0)
(1 -5.00341e-15 0)
(1 -7.07469e-15 0)
(1 3.86477e-15 0)
(1 7.24029e-15 0)
(1 4.06652e-15 0)
(1 5.77132e-15 0)
(1 -6.06351e-15 0)
(1 -1.7099e-15 0)
(1 2.9251e-15 0)
(1 -7.86101e-15 0)
(1 -5.27381e-15 0)
(1 -7.53439e-15 0)
(1 -5.11567e-15 0)
(1 -2.59551e-15 0)
(1 -1.10018e-14 0)
(1 1.09337e-15 0)
(1 1.00123e-14 0)
(1 1.69624e-14 0)
(1 1.37713e-14 0)
(1 8.19138e-15 0)
(1 -8.29194e-15 0)
(1 -1.03764e-14 0)
(1 -8.92087e-15 0)
(1 -2.74306e-15 0)
(1 -4.20543e-15 0)
(1 -7.6297e-16 0)
(1 1.49512e-16 0)
(1 -8.95419e-15 0)
(1 3.11969e-15 0)
(1 -5.44672e-16 0)
(1 6.90521e-15 0)
(1 6.2277e-15 0)
(1 -1.00664e-15 0)
(1 4.5786e-15 0)
(1 4.95099e-16 0)
(1 7.34394e-15 0)
(1 -1.64331e-15 0)
(1 1.68647e-15 0)
(1 1.40427e-15 0)
(1 7.54148e-16 0)
(1 2.37031e-15 0)
(1 -1.15128e-15 0)
(1 -5.35152e-16 0)
(1 9.05619e-15 0)
(1 7.4483e-15 0)
(1 4.33539e-15 0)
(1 -5.14022e-15 0)
(1 3.63555e-16 0)
(1 8.01635e-15 0)
(1 4.92004e-15 0)
(1 4.97376e-15 0)
(1 1.84066e-15 0)
(1 3.74342e-15 0)
(1 3.48465e-15 0)
(1 6.35642e-15 0)
(1 4.89014e-15 0)
(1 5.54704e-15 0)
(1 6.73292e-15 0)
(1 1.02898e-14 0)
(1 6.39966e-15 0)
(1 1.14484e-14 0)
(1 9.53891e-15 0)
(1 1.05955e-14 0)
(1 9.12584e-15 0)
(1 7.78459e-15 0)
(1 8.26522e-15 0)
(1 3.3094e-15 0)
(1 2.1217e-15 0)
(1 5.35884e-15 0)
(1 7.19878e-15 0)
(1 8.03879e-15 0)
(1 6.6816e-15 0)
(1 8.26518e-15 0)
(1 1.18131e-14 0)
(1 5.16767e-15 0)
(1 -1.18954e-15 0)
(1 3.57592e-15 0)
(1 3.86077e-15 0)
(1 5.40567e-15 0)
(1 -3.77849e-16 0)
(1 -1.00793e-15 0)
(1 -1.64897e-15 0)
(1 1.49985e-15 0)
(1 6.34513e-16 0)
(1 1.5642e-15 0)
(1 -2.86548e-16 0)
(1 6.909e-15 0)
(1 3.68194e-15 0)
(1 8.61984e-15 0)
(1 5.50012e-15 0)
(1 9.69251e-15 0)
(1 1.21019e-14 0)
(1 1.64664e-14 0)
(1 1.44954e-14 0)
(1 -8.81032e-16 0)
(1 6.11614e-16 0)
(1 -7.13449e-15 0)
(1 6.4429e-15 0)
(1 4.89904e-16 0)
(1 6.21965e-15 0)
(1 9.30206e-15 0)
(1 1.05953e-14 0)
(1 4.85826e-15 0)
(1 -4.21902e-16 0)
(1 -1.15444e-15 0)
(1 -1.00184e-14 0)
(1 -3.98246e-15 0)
(1 -2.91895e-15 0)
(1 1.93536e-15 0)
(1 7.19041e-17 0)
(1 -2.9693e-15 0)
(1 -4.19083e-15 0)
(1 -7.57465e-15 0)
(1 -7.15104e-15 0)
(1 -5.13636e-15 0)
(1 -3.78788e-15 0)
(1 1.31492e-15 0)
(1 -3.7411e-15 0)
(1 2.46165e-15 0)
(1 -9.529e-16 0)
(1 -1.85147e-15 0)
(1 -1.2614e-14 0)
(1 -1.37917e-14 0)
(1 -3.63152e-15 0)
(1 -5.19924e-15 0)
(1 4.85622e-15 0)
(1 8.29617e-16 0)
(1 1.02401e-14 0)
(1 4.60178e-15 0)
(1 4.82264e-15 0)
(1 8.34423e-15 0)
(1 1.53054e-15 0)
(1 1.34331e-15 0)
(1 -2.73523e-15 0)
(1 2.44827e-15 0)
(1 5.22205e-15 0)
(1 7.0172e-15 0)
(1 2.00387e-15 0)
(1 -5.93224e-15 0)
(1 -3.83698e-15 0)
(1 1.02419e-15 0)
(1 -7.698e-16 0)
(1 1.0004e-15 0)
(1 -1.99614e-15 0)
(1 9.19626e-15 0)
(1 6.12339e-15 0)
(1 9.63029e-16 0)
(1 1.10924e-15 0)
(1 1.66276e-15 0)
(1 4.26109e-16 0)
(1 7.58735e-15 0)
(1 4.76746e-15 0)
(1 2.0107e-15 0)
(1 -5.5909e-15 0)
(1 1.69913e-16 0)
(1 2.49492e-15 0)
(1 4.11076e-16 0)
(1 1.15392e-14 0)
(1 2.63142e-15 0)
(1 -6.02305e-15 0)
(1 6.08017e-15 0)
(1 3.5622e-15 0)
(1 1.58939e-14 0)
(1 6.30753e-15 0)
(1 7.78492e-15 0)
(1 6.45125e-15 0)
(1 8.3928e-15 0)
(1 1.92442e-15 0)
(1 8.22491e-15 0)
(1 1.27943e-15 0)
(1 5.86936e-15 0)
(1 9.78646e-15 0)
(1 5.68119e-15 0)
(1 1.31355e-14 0)
(1 -1.04851e-15 0)
(1 5.8941e-15 0)
(1 1.8732e-15 0)
(1 4.5271e-15 0)
(1 -5.4845e-16 0)
(1 -3.76401e-15 0)
(1 -1.20971e-15 0)
(1 -2.17616e-15 0)
(1 -1.72717e-15 0)
(1 8.34157e-16 0)
(1 7.09534e-15 0)
(1 1.47284e-15 0)
(1 6.41392e-15 0)
(1 4.23256e-15 0)
(1 4.29221e-15 0)
(1 1.12241e-14 0)
(1 5.83188e-15 0)
(1 1.20945e-14 0)
(1 1.31995e-14 0)
(1 1.09499e-14 0)
(1 -3.98991e-15 0)
(1 -6.01057e-16 0)
(1 1.41372e-15 0)
(1 8.84899e-15 0)
(1 2.72234e-16 0)
(1 -3.7119e-15 0)
(1 1.04506e-14 0)
(1 1.3773e-14 0)
(1 1.37282e-14 0)
(1 2.28425e-15 0)
(1 -3.84271e-15 0)
(1 -1.22559e-14 0)
(1 -3.95502e-15 0)
(1 -7.62369e-15 0)
(1 -2.30553e-15 0)
(1 4.22212e-15 0)
(1 -1.41278e-15 0)
(1 -1.59591e-15 0)
(1 -4.62064e-15 0)
(1 -7.67061e-16 0)
(1 6.25802e-15 0)
(1 -4.06279e-15 0)
(1 2.62485e-15 0)
(1 -2.32387e-15 0)
(1 -4.74405e-15 0)
(1 -9.99504e-15 0)
(1 -8.09781e-15 0)
(1 -8.04517e-15 0)
(1 -6.13797e-15 0)
(1 -3.36309e-15 0)
(1 -3.15327e-15 0)
(1 -1.7477e-15 0)
(1 -2.73731e-15 0)
(1 7.91727e-16 0)
(1 1.37632e-15 0)
(1 1.26846e-14 0)
(1 -4.60655e-15 0)
(1 1.34965e-16 0)
(1 2.05612e-15 0)
(1 -3.40815e-15 0)
(1 -5.09452e-15 0)
(1 -7.85978e-15 0)
(1 3.98826e-15 0)
(1 2.22316e-15 0)
(1 4.16853e-15 0)
(1 2.67082e-15 0)
(1 -1.19797e-15 0)
(1 7.821e-16 0)
(1 2.67587e-15 0)
(1 -5.03894e-15 0)
(1 -1.87385e-15 0)
(1 -5.18868e-15 0)
(1 1.25728e-15 0)
(1 3.04692e-15 0)
(1 -2.77506e-16 0)
(1 3.06408e-16 0)
(1 2.00458e-15 0)
(1 6.52835e-15 0)
(1 9.46196e-15 0)
(1 4.78121e-15 0)
(1 -2.20208e-16 0)
(1 4.26777e-15 0)
(1 -4.64167e-16 0)
(1 8.51385e-15 0)
(1 1.50952e-15 0)
(1 3.29819e-15 0)
(1 -1.41257e-15 0)
(1 4.58171e-15 0)
(1 5.8269e-15 0)
(1 4.61907e-15 0)
(1 1.09515e-14 0)
(1 1.27047e-14 0)
(1 1.3937e-14 0)
(1 1.66128e-14 0)
(1 1.00935e-14 0)
(1 4.98886e-15 0)
(1 7.74978e-15 0)
(1 8.14398e-15 0)
(1 8.54741e-15 0)
(1 2.22193e-15 0)
(1 3.64421e-15 0)
(1 9.27493e-15 0)
(1 5.39849e-15 0)
(1 -1.94517e-15 0)
(1 -2.59386e-15 0)
(1 -2.01571e-16 0)
(1 3.02834e-15 0)
(1 2.52899e-15 0)
(1 5.8285e-15 0)
(1 3.80982e-15 0)
(1 6.7808e-15 0)
(1 8.71428e-15 0)
(1 6.27542e-15 0)
(1 7.81026e-15 0)
(1 9.26682e-15 0)
(1 1.51394e-14 0)
(1 5.95538e-15 0)
(1 2.18131e-15 0)
(1 7.41322e-15 0)
(1 6.61272e-15 0)
(1 4.0448e-15 0)
(1 1.6393e-15 0)
(1 8.03305e-15 0)
(1 1.2256e-15 0)
(1 1.95237e-15 0)
(1 3.23512e-15 0)
(1 3.54205e-15 0)
(1 -1.29771e-15 0)
(1 5.66508e-17 0)
(1 -3.15545e-15 0)
(1 -1.25284e-15 0)
(1 -1.15557e-15 0)
(1 -7.94932e-15 0)
(1 -1.08537e-14 0)
(1 -1.00314e-14 0)
(1 1.18084e-15 0)
(1 -4.77479e-16 0)
(1 9.79331e-16 0)
(1 1.00901e-14 0)
(1 9.51442e-15 0)
(1 6.6625e-15 0)
(1 -3.61841e-15 0)
(1 -1.73324e-15 0)
(1 -6.51142e-16 0)
(1 -7.66716e-15 0)
(1 -7.66154e-15 0)
(1 -1.14726e-14 0)
(1 -5.94051e-15 0)
(1 -6.85487e-15 0)
(1 -8.28735e-15 0)
(1 2.54865e-15 0)
(1 9.72184e-16 0)
(1 6.88866e-15 0)
(1 -9.21527e-15 0)
(1 -1.51526e-15 0)
(1 3.99719e-15 0)
(1 -7.86764e-15 0)
(1 -4.34333e-15 0)
(1 -3.85479e-15 0)
(1 -5.02688e-15 0)
(1 -5.28875e-15 0)
(1 -7.59651e-15 0)
(1 -8.55902e-16 0)
(1 -3.4069e-16 0)
(1 7.792e-15 0)
(1 9.43248e-15 0)
(1 -1.23239e-15 0)
(1 2.49408e-15 0)
(1 -7.14587e-16 0)
(1 2.30087e-15 0)
(1 -1.19743e-15 0)
(1 -1.56664e-15 0)
(1 2.57849e-15 0)
(1 6.14749e-15 0)
(1 2.62143e-15 0)
(1 -4.4475e-15 0)
(1 -6.85571e-15 0)
(1 -1.00577e-15 0)
(1 -2.72532e-15 0)
(1 2.84138e-15 0)
(1 -3.85948e-15 0)
(1 3.83876e-16 0)
(1 5.10921e-15 0)
(1 2.08663e-16 0)
(1 3.8968e-15 0)
(1 1.18321e-14 0)
(1 5.11146e-15 0)
(1 4.43676e-15 0)
(1 1.67972e-15 0)
(1 2.701e-15 0)
(1 1.22583e-14 0)
(1 1.3673e-14 0)
(1 9.70062e-15 0)
(1 1.25665e-14 0)
(1 4.96382e-15 0)
(1 9.32305e-15 0)
(1 3.46058e-15 0)
(1 1.18984e-15 0)
(1 3.01861e-15 0)
(1 4.39442e-15 0)
(1 1.79016e-14 0)
(1 5.19209e-15 0)
(1 8.64787e-15 0)
(1 4.73188e-15 0)
(1 -7.79436e-16 0)
(1 -1.52825e-15 0)
(1 3.04014e-15 0)
(1 7.81162e-15 0)
(1 3.07392e-15 0)
(1 3.90675e-16 0)
(1 3.61228e-15 0)
(1 5.51032e-15 0)
(1 8.27617e-15 0)
(1 9.81772e-15 0)
(1 1.45604e-14 0)
(1 7.49336e-15 0)
(1 4.92826e-15 0)
(1 3.53553e-15 0)
(1 8.54968e-15 0)
(1 6.81965e-15 0)
(1 1.9467e-15 0)
(1 -2.48554e-15 0)
(1 5.90702e-15 0)
(1 -4.17569e-15 0)
(1 4.85499e-15 0)
(1 6.5287e-15 0)
(1 1.08455e-14 0)
(1 8.75273e-15 0)
(1 5.55305e-15 0)
(1 -4.94212e-15 0)
(1 -1.03566e-15 0)
(1 -1.50644e-15 0)
(1 -5.22382e-15 0)
(1 -6.0144e-15 0)
(1 -5.43415e-15 0)
(1 -4.18056e-15 0)
(1 2.81237e-15 0)
(1 5.24321e-15 0)
(1 1.08549e-14 0)
(1 4.03914e-15 0)
(1 2.4957e-16 0)
(1 -2.8339e-15 0)
(1 -1.2001e-14 0)
(1 -5.74647e-15 0)
(1 -6.09224e-15 0)
(1 -3.49148e-15 0)
(1 -7.13408e-15 0)
(1 -1.4798e-14 0)
(1 -9.77583e-15 0)
(1 -1.1347e-14 0)
(1 1.66564e-15 0)
(1 5.31206e-15 0)
(1 -8.89802e-17 0)
(1 2.514e-15 0)
(1 -2.50544e-15 0)
(1 -4.1406e-15 0)
(1 -3.30011e-16 0)
(1 -9.16268e-15 0)
(1 -8.26078e-15 0)
(1 -4.52413e-15 0)
(1 6.69091e-15 0)
(1 -4.63517e-15 0)
(1 2.0478e-15 0)
(1 5.14442e-15 0)
(1 1.5844e-15 0)
(1 -3.79072e-16 0)
(1 -1.39386e-15 0)
(1 6.52662e-15 0)
(1 -1.15283e-15 0)
(1 -5.79208e-15 0)
(1 1.12048e-15 0)
(1 -6.29599e-15 0)
(1 1.17425e-15 0)
(1 -3.20879e-15 0)
(1 -3.62141e-15 0)
(1 -2.21657e-16 0)
(1 5.14158e-15 0)
(1 4.69735e-15 0)
(1 -2.79165e-15 0)
(1 2.73389e-15 0)
(1 2.05382e-15 0)
(1 -9.65775e-16 0)
(1 7.65327e-17 0)
(1 -5.17665e-15 0)
(1 -1.9801e-15 0)
(1 3.22134e-15 0)
(1 5.56101e-15 0)
(1 2.3195e-15 0)
(1 1.03399e-15 0)
(1 1.43371e-15 0)
(1 4.87467e-15 0)
(1 8.16278e-15 0)
(1 6.9635e-15 0)
(1 7.95336e-15 0)
(1 5.17696e-15 0)
(1 5.44301e-15 0)
(1 3.89315e-15 0)
(1 7.74472e-15 0)
(1 6.5252e-15 0)
(1 8.289e-15 0)
(1 7.18666e-15 0)
(1 2.72587e-15 0)
(1 8.23748e-16 0)
(1 8.91226e-15 0)
(1 -5.87814e-15 0)
(1 -2.10761e-15 0)
(1 2.03055e-16 0)
(1 9.79076e-15 0)
(1 -1.51095e-15 0)
(1 6.24355e-15 0)
(1 3.10564e-15 0)
(1 7.66791e-15 0)
(1 7.06265e-15 0)
(1 8.01229e-15 0)
(1 5.29077e-15 0)
(1 5.74804e-15 0)
(1 7.6655e-16 0)
(1 9.1959e-15 0)
(1 9.43521e-15 0)
(1 3.01334e-15 0)
(1 -4.8613e-16 0)
(1 -9.28391e-15 0)
(1 3.87099e-15 0)
(1 -3.80041e-15 0)
(1 4.04963e-15 0)
(1 4.16164e-15 0)
(1 5.74056e-15 0)
(1 8.9333e-15 0)
(1 6.1938e-15 0)
(1 6.92643e-15 0)
(1 -5.10971e-15 0)
(1 3.03504e-15 0)
(1 -3.96279e-15 0)
(1 -4.13481e-15 0)
(1 -6.99507e-15 0)
(1 -2.60894e-15 0)
(1 -9.12413e-15 0)
(1 4.0675e-15 0)
(1 1.82464e-15 0)
(1 8.29613e-15 0)
(1 -3.39307e-16 0)
(1 1.24563e-15 0)
(1 -6.19201e-15 0)
(1 -4.3385e-15 -9.65209e-47)
(1 -1.35331e-15 0)
(1 -1.5111e-15 0)
(1 -1.10949e-14 0)
(1 -7.08595e-15 0)
(1 -9.16005e-15 0)
(1 -4.10516e-15 0)
(1 -6.16083e-15 0)
(1 -3.39876e-15 0)
(1 -9.29376e-15 0)
(1 -4.03362e-15 0)
(1 -1.07969e-14 0)
(1 -4.29737e-15 0)
(1 3.0763e-15 0)
(1 3.67943e-15 0)
(1 1.08404e-15 0)
(1 5.69324e-15 0)
(1 2.76874e-15 0)
(1 6.91984e-16 0)
(1 -9.92974e-16 0)
(1 1.78228e-15 0)
(1 -5.15631e-15 7.38667e-47)
(1 -2.13386e-15 0)
(1 -2.04775e-15 6.90624e-47)
(1 3.79884e-15 0)
(1 -3.25198e-16 0)
(1 -1.8585e-15 0)
(1 1.0211e-15 0)
(1 -1.17262e-15 0)
(1 -3.59876e-17 0)
(1 -7.13101e-16 0)
(1 -8.55437e-15 0)
(1 -1.22547e-15 0)
(1 2.54774e-15 0)
(1 6.89287e-16 0)
(1 2.72038e-15 0)
(1 -5.47388e-16 0)
(1 5.78388e-15 0)
(1 -3.96791e-15 0)
(1 -4.65569e-15 0)
(1 2.43166e-15 0)
(1 1.14307e-15 0)
(1 -8.82318e-18 0)
(1 2.45002e-15 0)
(1 2.20934e-15 0)
(1 -1.02139e-15 0)
(1 3.97567e-15 -2.53021e-47)
(1 -1.57125e-15 2.49061e-47)
(1 3.73383e-15 2.53654e-47)
(1 8.77294e-15 -2.40489e-47)
(1 8.76049e-15 -2.25909e-47)
(1 8.79592e-15 2.09837e-47)
(1 8.48538e-15 1.91114e-47)
(1 9.48801e-15 -1.92935e-47)
(1 5.37746e-15 -1.91475e-47)
(1 1.70393e-15 1.77569e-47)
(1 -4.3839e-16 1.81253e-47)
(1 3.87306e-16 0)
(1 5.71805e-15 0)
(1 8.82698e-15 3.32652e-47)
(1 7.40577e-15 0)
(1 6.8185e-15 2.93774e-47)
(1 3.29208e-15 -1.33156e-47)
(1 1.44308e-15 2.42201e-47)
(1 -6.85263e-16 0)
(1 6.82651e-15 2.10383e-47)
(1 3.98544e-15 -9.09344e-48)
(1 2.50243e-15 1.94805e-47)
(1 1.38459e-15 0)
(1 5.92465e-15 1.53402e-47)
(1 6.63921e-15 0)
(1 3.49201e-15 0)
(1 9.13654e-15 4.70659e-48)
(1 6.18167e-15 3.07742e-48)
(1 4.7756e-15 0)
(1 2.62106e-16 1.34332e-48)
(1 -1.29879e-15 5.72699e-49)
(1 -1.46837e-15 0)
(1 1.73476e-15 0)
(1 6.52726e-16 0)
(1 7.26864e-15 0)
(1 6.24098e-15 0)
(1 4.70623e-15 0)
(1 5.26953e-15 0)
(1 1.20686e-15 0)
(1 2.90506e-15 0)
(1 5.45939e-15 0)
(1 -4.43164e-15 0)
(1 -3.57168e-15 0)
(1 -7.57504e-15 0)
(1 -1.65319e-15 0)
(1 -3.75125e-15 0)
(1 1.67263e-15 0)
(1 -6.63241e-17 0)
(1 7.58246e-15 0)
(1 8.71229e-16 0)
(1 9.93236e-15 0)
(1 -2.57798e-15 0)
(1 -3.53191e-15 0)
(1 -1.63337e-15 0)
(1 -6.84802e-15 9.65209e-47)
(1 -5.73887e-15 0)
(1 -1.34306e-14 0)
(1 -1.70851e-14 0)
(1 -5.45249e-15 0)
(1 -6.93302e-16 0)
(1 7.37162e-15 0)
(1 -7.36408e-16 0)
(1 -2.65908e-15 0)
(1 -3.08796e-15 0)
(1 -8.63005e-15 0)
(1 -1.07757e-14 0)
(1 -7.51977e-15 0)
(1 -6.84828e-15 0)
(1 4.46563e-15 0)
(1 -8.08723e-16 0)
(1 9.57042e-15 0)
(1 -1.81082e-15 0)
(1 3.93079e-15 0)
(1 -4.94763e-15 0)
(1 -3.33202e-15 0)
(1 -1.61256e-15 -7.38667e-47)
(1 -5.73103e-18 0)
(1 4.53143e-15 -6.90624e-47)
(1 -7.83534e-15 0)
(1 -5.51448e-15 0)
(1 9.91111e-16 0)
(1 -2.59895e-15 0)
(1 4.71329e-15 0)
(1 1.12955e-16 0)
(1 6.21655e-16 0)
(1 -1.02813e-16 0)
(1 1.30539e-16 0)
(1 3.44332e-15 0)
(1 4.45814e-15 0)
(1 7.06609e-15 0)
(1 5.38856e-15 0)
(1 -5.00945e-15 0)
(1 -9.85787e-15 0)
(1 -2.96598e-15 0)
(1 -4.99478e-15 0)
(1 -3.76357e-16 0)
(1 -3.80468e-15 0)
(1 -2.19798e-15 0)
(1 -6.43443e-15 0)
(1 -6.18769e-16 0)
(1 -4.34578e-15 2.53021e-47)
(1 5.78301e-15 -2.49061e-47)
(1 4.58668e-15 -2.53654e-47)
(1 7.19648e-16 2.40489e-47)
(1 -1.51368e-16 2.25909e-47)
(1 2.85037e-16 -2.09837e-47)
(1 1.07481e-14 -1.91114e-47)
(1 7.31946e-15 1.92935e-47)
(1 -5.74737e-16 1.91475e-47)
(1 -2.7947e-16 -1.77569e-47)
(1 -4.02115e-16 -1.81253e-47)
(1 3.28119e-15 0)
(1 3.35675e-16 0)
(1 5.76172e-15 -3.32652e-47)
(1 1.65573e-15 0)
(1 1.10525e-14 -2.93774e-47)
(1 3.63589e-15 1.33156e-47)
(1 6.71694e-15 -2.42201e-47)
(1 -2.40638e-15 0)
(1 6.5771e-15 -2.10383e-47)
(1 1.08304e-15 9.09344e-48)
(1 -8.13802e-16 -1.94805e-47)
(1 7.32232e-16 0)
(1 6.66047e-15 -1.53402e-47)
(1 9.14824e-15 0)
(1 6.13687e-15 0)
(1 -1.86282e-15 -4.70659e-48)
(1 5.39551e-15 -3.07742e-48)
(1 -8.47816e-16 0)
(1 -4.36682e-16 -1.34332e-48)
(1 2.53534e-15 -5.72699e-49)
(1 1.2603e-15 0)
(1 6.54788e-15 0)
(1 1.83909e-15 0)
(1 3.54192e-15 0)
(1 3.89939e-15 0)
(1 4.10388e-16 0)
(1 9.65623e-16 0)
(1 -9.78047e-16 0)
(1 4.07705e-15 0)
(1 9.2863e-16 0)
(1 4.6606e-15 0)
(1 -7.90308e-15 0)
(1 -6.09454e-15 0)
(1 -3.01834e-15 0)
(1 5.4552e-15 0)
(1 -3.44702e-15 0)
(1 6.42902e-15 0)
(1 4.30933e-15 0)
(1 1.80394e-15 0)
(1 -3.87381e-15 0)
(1 -4.16108e-16 0)
(1 -1.25614e-15 0)
(1 -2.02447e-15 0)
(1 -1.6479e-15 0)
(1 -7.17636e-15 0)
(1 -1.04074e-14 0)
(1 -1.62186e-15 0)
(1 -5.51095e-17 0)
(1 1.85339e-16 0)
(1 2.36077e-15 0)
(1 -2.59215e-15 0)
(1 -6.15573e-15 0)
(1 -4.80082e-15 0)
(1 -2.93379e-15 0)
(1 -5.03973e-15 0)
(1 -1.23398e-14 0)
(1 -1.21067e-14 0)
(1 -2.39856e-15 0)
(1 1.52029e-15 0)
(1 2.76674e-15 0)
(1 -2.38939e-15 0)
(1 1.53093e-15 0)
(1 1.92384e-16 0)
(1 -7.56242e-18 0)
(1 -3.93731e-15 0)
(1 -2.97109e-15 0)
(1 -3.91366e-15 0)
(1 -4.16636e-15 0)
(1 3.00128e-15 0)
(1 -7.13059e-16 0)
(1 -1.66141e-15 0)
(1 1.33129e-15 0)
(1 -1.24807e-15 0)
(1 -5.18365e-15 0)
(1 -7.97751e-15 0)
(1 -5.27358e-15 0)
(1 6.73886e-15 0)
(1 1.62712e-14 0)
(1 1.19527e-14 0)
(1 8.85607e-15 0)
(1 -1.69278e-16 0)
(1 3.16545e-16 0)
(1 -6.01192e-16 0)
(1 -8.07558e-15 0)
(1 -7.41359e-15 0)
(1 -2.22305e-15 0)
(1 -5.43052e-15 0)
(1 1.08621e-15 0)
(1 -5.88809e-15 0)
(1 -1.69903e-15 0)
(1 6.06811e-16 0)
(1 -3.28278e-15 0)
(1 -6.46143e-15 0)
(1 7.94756e-16 0)
(1 5.9904e-15 0)
(1 3.21223e-15 0)
(1 3.82019e-15 0)
(1 6.71656e-15 0)
(1 -2.50575e-15 0)
(1 -1.52624e-15 0)
(1 -3.73999e-15 0)
(1 -1.01163e-15 0)
(1 -1.86426e-15 0)
(1 2.8302e-15 0)
(1 4.17998e-15 0)
(1 2.70437e-15 0)
(1 5.48587e-15 0)
(1 8.36538e-15 0)
(1 2.17027e-15 0)
(1 9.08068e-15 0)
(1 1.87804e-15 0)
(1 3.76867e-15 0)
(1 5.3746e-15 0)
(1 6.55317e-15 0)
(1 7.09469e-15 0)
(1 -2.8423e-15 0)
(1 -4.34883e-15 0)
(1 -8.50089e-15 0)
(1 1.05554e-15 0)
(1 2.96309e-15 0)
(1 -2.26597e-15 0)
(1 3.46962e-15 0)
(1 1.26322e-15 0)
(1 7.5996e-15 0)
(1 1.30755e-14 0)
(1 7.37343e-15 0)
(1 5.59838e-15 0)
(1 -5.35275e-15 0)
(1 -3.56107e-15 0)
(1 -8.38124e-15 0)
(1 5.98848e-15 0)
(1 3.17082e-15 0)
(1 -2.22058e-15 0)
(1 1.60727e-15 0)
(1 -8.3212e-16 0)
(1 -2.9636e-16 0)
(1 -9.6679e-15 0)
(1 -3.34323e-15 0)
(1 -3.89679e-15 0)
(1 -3.74235e-15 0)
(1 -9.64639e-16 0)
(1 6.74347e-15 0)
(1 2.71408e-15 0)
(1 -8.28385e-15 0)
(1 -4.54776e-15 0)
(1 8.95382e-16 0)
(1 5.64794e-15 0)
(1 3.33105e-15 0)
(1 -8.3867e-15 0)
(1 -1.12324e-14 0)
(1 -8.97412e-15 0)
(1 -9.26057e-15 0)
(1 -8.7168e-15 0)
(1 -5.82605e-15 0)
(1 -1.20363e-14 0)
(1 -1.06539e-14 0)
(1 -1.00214e-15 0)
(1 -7.85135e-15 0)
(1 4.59308e-15 0)
(1 -6.43217e-16 0)
(1 4.75e-15 0)
(1 3.34929e-15 0)
(1 2.96444e-15 0)
(1 -4.89516e-15 0)
(1 -5.922e-15 0)
(1 -1.71906e-15 0)
(1 -1.04167e-15 0)
(1 1.42777e-15 0)
(1 4.3927e-15 0)
(1 -3.22606e-15 0)
(1 -4.19275e-15 0)
(1 -9.23386e-16 0)
(1 1.09488e-15 0)
(1 -2.47619e-15 0)
(1 -9.97911e-16 0)
(1 1.88636e-15 0)
(1 -3.11687e-15 0)
(1 2.54967e-15 0)
(1 -5.68781e-15 0)
(1 -1.99519e-15 0)
(1 8.42374e-15 0)
(1 4.55701e-15 0)
(1 -7.10584e-15 0)
(1 9.11864e-16 0)
(1 -5.12208e-15 0)
(1 -6.99438e-16 0)
(1 -1.16921e-14 0)
(1 4.24833e-15 0)
(1 -5.62677e-15 0)
(1 -1.08174e-15 0)
(1 -1.7741e-14 0)
(1 -1.06576e-14 0)
(1 -5.53495e-15 0)
(1 3.75994e-15 0)
(1 9.71211e-15 0)
(1 -8.43865e-16 0)
(1 1.32426e-16 0)
(1 1.76526e-15 0)
(1 -2.90465e-15 0)
(1 1.36376e-15 0)
(1 -4.43758e-15 0)
(1 6.85283e-15 0)
(1 4.12786e-16 0)
(1 8.72186e-15 0)
(1 2.96977e-15 0)
(1 5.07553e-15 0)
(1 -2.42919e-15 0)
(1 5.27664e-15 0)
(1 7.63435e-15 0)
(1 3.75702e-15 0)
(1 -1.36332e-15 0)
(1 -4.43273e-15 0)
(1 1.59831e-15 0)
(1 1.48258e-15 0)
(1 3.4445e-16 0)
(1 1.62456e-15 0)
(1 -1.53078e-15 0)
(1 -4.4566e-15 0)
(1 -3.07332e-15 0)
(1 8.38113e-16 0)
(1 -1.68131e-15 0)
(1 -9.47467e-17 0)
(1 3.64978e-15 0)
(1 7.11562e-15 0)
(1 6.33145e-15 0)
(1 2.37301e-15 0)
(1 2.15078e-15 0)
(1 1.93628e-16 0)
(1 -4.58649e-15 0)
(1 -3.46348e-15 0)
(1 -8.82551e-15 0)
(1 6.46978e-15 0)
(1 5.91973e-15 0)
(1 1.74968e-15 0)
(1 5.69914e-16 0)
(1 4.39679e-15 0)
(1 9.15436e-16 0)
(1 2.79388e-15 0)
(1 2.62151e-15 0)
(1 3.024e-15 0)
(1 -1.45385e-15 0)
(1 4.03154e-15 0)
(1 -3.27893e-15 0)
(1 -1.48394e-15 0)
(1 1.42029e-15 0)
(1 -3.32965e-16 0)
(1 -4.0357e-15 0)
(1 -3.16509e-15 0)
(1 -5.29084e-15 0)
(1 -1.41702e-14 0)
(1 -7.40183e-15 0)
(1 -6.4623e-15 0)
(1 -1.0924e-14 0)
(1 -1.08538e-14 0)
(1 -1.701e-14 0)
(1 -7.92816e-15 0)
(1 -1.13951e-15 0)
(1 -5.31224e-15 0)
(1 -2.12999e-16 0)
(1 -2.20441e-15 0)
(1 2.61694e-15 0)
(1 3.33057e-15 0)
(1 4.22571e-16 0)
(1 -1.73994e-16 0)
(1 -8.00996e-16 0)
(1 1.73802e-15 0)
(1 1.85069e-15 0)
(1 -2.63699e-15 0)
(1 -8.93383e-15 0)
(1 2.51939e-16 0)
(1 -5.1098e-15 0)
(1 -6.26606e-15 0)
(1 2.0124e-16 0)
(1 -1.25167e-15 0)
(1 3.83612e-15 0)
(1 8.76715e-16 0)
(1 -1.37663e-14 0)
(1 -1.77121e-14 0)
(1 -8.89899e-15 0)
(1 -3.62079e-16 0)
(1 7.78198e-15 0)
(1 5.16089e-15 0)
(1 1.10435e-15 0)
(1 -5.1134e-16 0)
(1 1.46147e-15 0)
(1 -2.7123e-15 0)
(1 -1.71961e-15 0)
(1 -2.52195e-15 0)
(1 1.58751e-15 0)
(1 -1.57477e-15 0)
(1 -5.17578e-15 0)
(1 -4.09992e-15 0)
(1 -1.05176e-15 0)
(1 -3.5687e-15 0)
(1 -2.30378e-15 0)
(1 8.76624e-16 0)
(1 -1.78476e-15 0)
(1 -7.77113e-15 0)
(1 -3.21436e-15 0)
(1 -4.84306e-15 0)
(1 -5.05829e-16 0)
(1 1.70419e-15 0)
(1 1.34009e-15 0)
(1 4.33406e-15 0)
(1 8.04946e-16 0)
(1 -1.21033e-15 0)
(1 -2.19574e-15 0)
(1 3.03202e-15 0)
(1 1.06779e-14 0)
(1 -6.38069e-15 0)
(1 -5.24365e-15 0)
(1 2.02656e-16 0)
(1 6.40844e-15 0)
(1 -1.03391e-15 0)
(1 1.59089e-15 0)
(1 5.89364e-16 0)
(1 4.25214e-16 0)
(1 1.97319e-15 0)
(1 -4.9941e-16 0)
(1 5.50725e-15 0)
(1 7.46507e-15 0)
(1 3.94407e-15 0)
(1 6.08983e-15 0)
(1 1.82161e-15 0)
(1 -1.45861e-15 0)
(1 -4.29593e-15 0)
(1 -8.95524e-15 0)
(1 8.48672e-15 0)
(1 -5.46626e-15 0)
(1 1.94597e-15 0)
(1 -8.8634e-15 0)
(1 3.98693e-15 0)
(1 5.3405e-15 0)
(1 3.2457e-15 0)
(1 5.41197e-15 0)
(1 -4.10532e-15 0)
(1 4.57459e-15 0)
(1 -5.49387e-15 0)
(1 -3.53975e-15 0)
(1 -8.0174e-15 0)
(1 -4.89831e-15 0)
(1 -8.03525e-15 0)
(1 -4.8749e-16 0)
(1 5.68102e-15 0)
(1 2.45194e-15 0)
(1 8.36719e-15 0)
(1 4.43805e-15 0)
(1 8.72688e-15 0)
(1 -1.79616e-15 0)
(1 -9.91223e-15 0)
(1 -9.99998e-15 0)
(1 -1.14194e-14 0)
(1 -6.3376e-15 0)
(1 -4.55022e-15 0)
(1 -3.33527e-15 0)
(1 -7.2123e-15 0)
(1 -6.42221e-15 0)
(1 -8.73464e-15 0)
(1 -7.56774e-15 0)
(1 -9.59589e-15 0)
(1 5.45971e-16 0)
(1 2.45331e-17 0)
(1 -3.06931e-15 0)
(1 4.52458e-15 0)
(1 -3.42731e-15 0)
(1 -2.33895e-15 0)
(1 -1.09857e-14 0)
(1 -6.79923e-15 0)
(1 -9.39348e-15 0)
(1 -1.99691e-15 0)
(1 -2.504e-15 0)
(1 -2.20983e-15 0)
(1 1.19152e-15 0)
(1 1.40542e-16 0)
(1 -6.50539e-15 0)
(1 -8.19689e-15 0)
(1 -7.07637e-15 0)
(1 -1.06789e-14 0)
(1 4.23062e-15 0)
(1 -2.17356e-15 0)
(1 9.75527e-17 0)
(1 3.50224e-15 0)
(1 6.45847e-15 0)
(1 8.68752e-16 0)
(1 -9.6597e-17 0)
(1 -4.12699e-15 0)
(1 6.41459e-15 0)
(1 -3.49114e-16 0)
(1 -2.427e-15 0)
(1 1.23552e-15 0)
(1 6.15102e-15 0)
(1 1.00892e-15 0)
(1 1.44339e-15 0)
(1 -6.74448e-16 0)
(1 -2.61293e-15 0)
(1 -1.87493e-17 0)
(1 -6.1098e-15 0)
(1 4.28581e-15 0)
(1 -4.65744e-15 0)
(1 -4.49814e-15 0)
(1 -5.25817e-15 0)
(1 -3.83354e-16 0)
(1 2.42019e-15 0)
(1 3.6594e-15 0)
(1 2.52601e-15 0)
(1 2.34224e-15 0)
(1 -1.12974e-16 0)
(1 8.21596e-16 0)
(1 -5.38623e-17 0)
(1 1.52178e-15 0)
(1 -1.13654e-15 0)
(1 1.29882e-15 0)
(1 1.79152e-15 0)
(1 -1.01241e-15 0)
(1 -9.67277e-16 0)
(1 1.41986e-15 0)
(1 7.08578e-16 0)
(1 -1.26625e-15 0)
(1 -1.23983e-16 0)
(1 2.96853e-15 0)
(1 4.34719e-15 0)
(1 7.12918e-15 0)
(1 -6.51387e-16 0)
(1 1.05846e-15 0)
(1 2.21428e-15 0)
(1 -4.0731e-15 0)
(1 -2.79492e-15 0)
(1 3.14267e-15 0)
(1 -1.3135e-16 0)
(1 -8.63069e-16 0)
(1 8.83097e-15 0)
(1 1.88865e-16 0)
(1 -4.24455e-16 0)
(1 7.25815e-15 0)
(1 -2.24501e-15 0)
(1 -4.65945e-15 0)
(1 6.13681e-15 0)
(1 -8.89593e-17 0)
(1 -6.29381e-15 0)
(1 -1.2855e-15 0)
(1 9.75832e-16 0)
(1 4.92491e-15 0)
(1 2.19523e-15 0)
(1 -8.23464e-15 0)
(1 -1.21612e-14 0)
(1 -1.52353e-15 0)
(1 -7.30737e-17 0)
(1 -3.10767e-15 0)
(1 -1.0276e-14 0)
(1 -7.39009e-15 0)
(1 -5.17594e-15 0)
(1 -8.1415e-15 0)
(1 -4.13656e-15 0)
(1 -7.61939e-15 0)
(1 -2.11359e-15 0)
(1 -4.28085e-15 0)
(1 -1.29438e-15 0)
(1 -6.24964e-15 0)
(1 -1.07971e-15 0)
(1 -5.73995e-15 0)
(1 -3.97691e-15 0)
(1 -2.70394e-15 0)
(1 -7.56162e-16 0)
(1 -5.03985e-15 0)
(1 -3.32166e-16 0)
(1 -4.81562e-15 0)
(1 -6.32569e-15 0)
(1 -1.0834e-14 0)
(1 -5.16136e-15 0)
(1 -6.93496e-15 0)
(1 -2.04721e-15 0)
(1 5.31156e-16 0)
(1 -1.1528e-15 0)
(1 -2.14444e-15 0)
(1 -5.57166e-15 0)
(1 -7.16077e-15 0)
(1 -7.1831e-15 0)
(1 -7.0055e-15 0)
(1 -2.60834e-15 0)
(1 -3.12888e-15 0)
(1 -4.82084e-15 0)
(1 1.47063e-15 0)
(1 1.62527e-15 0)
(1 6.68673e-15 0)
(1 6.92364e-16 0)
(1 2.6032e-15 0)
(1 -3.05421e-15 0)
(1 -7.03544e-15 0)
(1 -7.44433e-15 0)
(1 -3.78313e-15 0)
(1 -2.49721e-15 0)
(1 -2.09096e-15 0)
(1 -4.53694e-15 0)
(1 2.20026e-15 0)
(1 -2.8079e-15 0)
(1 -6.95897e-15 0)
(1 -8.48922e-15 0)
(1 -1.05933e-15 0)
(1 -2.78792e-15 0)
(1 -1.93615e-15 0)
(1 -3.42474e-15 0)
(1 1.32499e-15 0)
(1 1.93768e-15 0)
(1 3.15226e-15 0)
(1 2.57611e-15 0)
(1 4.36347e-15 0)
(1 -2.92648e-15 0)
(1 6.5336e-16 0)
(1 -3.39084e-15 0)
(1 1.08321e-14 0)
(1 4.43342e-15 0)
(1 6.10467e-15 0)
(1 -2.12538e-15 0)
(1 -2.70196e-15 0)
(1 -6.29178e-15 0)
(1 3.54786e-15 0)
(1 2.43277e-15 0)
(1 -6.93823e-17 0)
(1 -1.89305e-15 0)
(1 -1.6876e-15 0)
(1 -3.08162e-15 0)
(1 1.61148e-15 0)
(1 -1.75208e-15 0)
(1 4.04558e-15 0)
(1 -1.65165e-15 0)
(1 6.18238e-16 0)
(1 2.21369e-15 0)
(1 1.19708e-15 0)
(1 5.11526e-15 0)
(1 -7.27153e-16 0)
(1 9.64681e-15 0)
(1 1.68047e-15 0)
(1 -2.01422e-15 0)
(1 -3.96969e-15 0)
(1 4.48564e-15 0)
(1 3.90759e-15 0)
(1 2.2765e-15 0)
(1 -2.05736e-16 0)
(1 -2.04367e-15 0)
(1 -2.55806e-15 0)
(1 -1.45241e-15 0)
(1 1.72504e-15 0)
(1 -5.79628e-15 0)
(1 -1.93299e-15 0)
(1 1.98273e-16 0)
(1 -6.63806e-15 0)
(1 -4.79409e-15 0)
(1 -1.43042e-14 0)
(1 -1.25406e-14 0)
(1 -6.25107e-15 0)
(1 -1.67932e-15 0)
(1 -8.74317e-16 0)
(1 -4.70184e-15 0)
(1 -5.57514e-15 0)
(1 -5.3803e-15 0)
(1 -2.81899e-15 0)
(1 -1.1436e-15 0)
(1 -5.4379e-16 0)
(1 -4.98425e-15 0)
(1 -5.36835e-15 0)
(1 -5.04602e-15 0)
(1 -4.71793e-15 0)
(1 5.85986e-15 0)
(1 -4.28739e-15 0)
(1 -1.31596e-15 0)
(1 -4.58721e-15 0)
(1 -9.67983e-16 0)
(1 -9.6408e-15 0)
(1 -8.02263e-15 0)
(1 1.89747e-16 0)
(1 1.2836e-15 0)
(1 3.24266e-15 0)
(1 -1.30169e-15 0)
(1 -9.18906e-15 0)
(1 -5.40181e-15 0)
(1 -2.78985e-15 0)
(1 -2.91488e-15 0)
(1 -4.63939e-15 0)
(1 -5.24903e-15 0)
(1 2.33728e-15 0)
(1 -2.5854e-15 0)
(1 -2.36305e-15 0)
(1 5.28258e-15 0)
(1 6.67593e-15 0)
(1 4.85437e-15 0)
(1 4.83461e-15 0)
(1 1.57152e-15 0)
(1 2.387e-15 0)
(1 4.98805e-15 0)
(1 2.08457e-15 0)
(1 -8.77629e-15 0)
(1 -1.00309e-14 0)
(1 -4.06825e-15 0)
(1 -2.07983e-15 0)
(1 2.58244e-16 0)
(1 -8.14679e-15 0)
(1 -2.48361e-15 0)
(1 -9.35526e-15 0)
(1 -2.90949e-15 0)
(1 -6.25031e-15 0)
(1 -5.84931e-17 0)
(1 -2.33877e-15 0)
(1 4.05297e-15 0)
(1 -1.17279e-15 0)
(1 -2.16756e-15 0)
(1 -2.30624e-16 0)
(1 -2.25484e-15 0)
(1 -3.21849e-15 0)
(1 -4.81989e-15 0)
(1 4.58259e-16 0)
(1 7.71536e-15 0)
(1 4.45792e-15 0)
(1 3.43291e-15 0)
(1 2.62416e-15 0)
(1 4.34916e-15 0)
(1 -2.4032e-16 0)
(1 2.0052e-15 0)
(1 5.29828e-15 0)
(1 6.73724e-15 0)
(1 3.61352e-15 0)
(1 -3.9674e-15 0)
(1 2.19577e-15 0)
(1 -2.65388e-15 0)
(1 -7.71555e-16 0)
(1 -4.74875e-16 0)
(1 3.43763e-15 0)
(1 7.66241e-15 0)
(1 8.04953e-15 0)
(1 -1.86422e-15 0)
(1 -6.68754e-16 0)
(1 -1.6912e-15 0)
(1 2.93639e-15 0)
(1 2.4895e-15 0)
(1 7.91523e-16 0)
(1 7.88222e-15 0)
(1 8.93371e-15 0)
(1 -1.10102e-14 0)
(1 -7.02508e-15 0)
(1 -3.76528e-15 0)
(1 -9.30996e-15 0)
(1 -8.01481e-15 0)
(1 -9.95957e-15 0)
(1 -1.70476e-15 0)
(1 4.0117e-15 0)
(1 8.43788e-15 0)
(1 9.29314e-16 0)
(1 4.62769e-16 0)
(1 -6.58317e-16 0)
(1 -3.80493e-15 0)
(1 -3.74542e-15 0)
(1 -2.58878e-15 0)
(1 -7.3144e-15 0)
(1 -8.32705e-15 0)
(1 -6.42747e-15 0)
(1 4.01712e-15 0)
(1 -4.20066e-15 0)
(1 -1.91918e-16 0)
(1 -7.53511e-16 0)
(1 -4.84839e-15 0)
(1 -4.72717e-15 0)
(1 -1.29737e-15 0)
(1 -3.38105e-15 0)
(1 -5.45823e-15 0)
(1 -4.94597e-15 0)
(1 9.95793e-16 0)
(1 -7.20307e-15 0)
(1 2.3639e-15 0)
(1 -2.55485e-15 0)
(1 -3.21791e-15 0)
(1 -3.81834e-15 0)
(1 -6.0066e-16 0)
(1 -4.89918e-15 0)
(1 -5.2076e-15 0)
(1 -3.98348e-15 0)
(1 -2.43594e-15 0)
(1 1.35954e-15 0)
(1 1.37261e-15 0)
(1 1.97878e-15 0)
(1 -5.02794e-15 0)
(1 2.37067e-15 0)
(1 1.00849e-15 0)
(1 -4.31253e-15 0)
(1 -2.38357e-15 0)
(1 -1.51399e-15 0)
(1 2.69354e-15 0)
(1 -1.49729e-15 0)
(1 1.19607e-15 0)
(1 -2.82053e-15 0)
(1 2.32521e-15 0)
(1 3.82971e-15 0)
(1 -3.35648e-15 0)
(1 2.58606e-15 0)
(1 3.36911e-15 0)
(1 -3.87444e-15 0)
(1 -2.84445e-15 0)
(1 -3.35623e-15 0)
(1 2.08075e-16 0)
(1 -4.9237e-15 0)
(1 -1.89379e-15 0)
(1 -2.60955e-15 0)
(1 -3.4941e-16 0)
(1 -4.6711e-15 0)
(1 -1.99038e-15 0)
(1 -7.85914e-15 0)
(1 -8.27466e-15 0)
(1 -2.24218e-15 0)
(1 2.0721e-15 0)
(1 -1.88822e-15 0)
(1 5.64328e-16 0)
(1 -2.12173e-15 0)
(1 2.30926e-15 0)
(1 -2.56625e-15 0)
(1 2.91806e-15 0)
(1 3.29649e-15 0)
(1 8.2158e-15 0)
(1 -4.4168e-15 0)
(1 -1.12177e-15 0)
(1 8.74643e-16 0)
(1 1.19437e-14 0)
(1 8.30259e-15 0)
(1 -1.90927e-15 0)
(1 2.0486e-15 0)
(1 -6.25489e-15 0)
(1 3.10944e-16 0)
(1 -4.75114e-15 0)
(1 7.55346e-15 0)
(1 7.94773e-16 0)
(1 7.43365e-15 0)
(1 -1.91902e-15 0)
(1 9.47127e-15 0)
(1 -2.64462e-15 0)
(1 8.97935e-15 0)
(1 9.56691e-15 0)
(1 2.72807e-15 0)
(1 -3.48973e-15 0)
(1 1.06769e-15 0)
(1 -7.23875e-15 0)
(1 -3.7313e-15 0)
(1 -6.56584e-15 0)
(1 -2.4828e-15 0)
(1 -6.9654e-15 0)
(1 -9.99892e-15 0)
(1 -5.53579e-15 0)
(1 -4.21772e-15 0)
(1 4.0564e-16 0)
(1 2.06191e-15 0)
(1 -4.22197e-15 0)
(1 -6.0859e-15 0)
(1 1.30956e-15 0)
(1 4.74571e-15 0)
(1 1.05045e-16 0)
(1 -6.485e-16 0)
(1 -4.79563e-15 0)
(1 -1.25964e-14 0)
(1 -8.74383e-15 0)
(1 -2.70599e-15 0)
(1 3.37938e-15 0)
(1 1.66007e-15 0)
(1 1.88277e-15 0)
(1 -2.2908e-15 0)
(1 -3.5193e-15 0)
(1 -5.96454e-16 0)
(1 -1.21221e-14 0)
(1 -4.99236e-15 0)
(1 2.31376e-15 0)
(1 -1.02736e-14 0)
(1 -7.03058e-15 0)
(1 -1.59999e-15 0)
(1 -2.58901e-15 0)
(1 -3.99426e-15 0)
(1 -3.06293e-16 0)
(1 -7.11322e-15 0)
(1 -4.09372e-15 0)
(1 7.17033e-16 0)
(1 9.43907e-16 0)
(1 -4.37444e-15 0)
(1 -5.67279e-15 0)
(1 -2.69681e-15 0)
(1 -2.28515e-15 0)
(1 -5.6839e-16 0)
(1 1.90477e-15 0)
(1 2.67347e-15 0)
(1 6.0863e-16 0)
(1 2.06436e-15 0)
(1 2.30766e-15 0)
(1 1.05537e-14 0)
(1 4.48289e-15 0)
(1 -7.57733e-15 0)
(1 6.47057e-15 0)
(1 9.2107e-16 0)
(1 -8.80209e-16 0)
(1 -2.53977e-15 0)
(1 -1.02261e-14 0)
(1 -1.50338e-14 0)
(1 -7.98061e-15 0)
(1 -1.23561e-15 0)
(1 1.58008e-15 0)
(1 7.52384e-16 0)
(1 -1.72268e-15 0)
(1 -5.72269e-15 0)
(1 -6.16182e-15 0)
(1 -8.83543e-15 0)
(1 -4.31289e-15 0)
(1 -4.88612e-15 0)
(1 -1.01394e-15 0)
(1 -1.46743e-15 0)
(1 8.26746e-15 0)
(1 5.57567e-15 0)
(1 2.73033e-15 0)
(1 3.46758e-16 0)
(1 1.86837e-15 0)
(1 2.01197e-15 0)
(1 -1.74006e-16 0)
(1 -1.63151e-15 0)
(1 1.33782e-16 0)
(1 -4.35299e-15 0)
(1 -1.76727e-15 0)
(1 -9.96886e-16 0)
(1 1.61267e-15 0)
(1 6.97934e-16 0)
(1 -1.15135e-15 0)
(1 -3.80185e-15 0)
(1 -1.38149e-15 0)
(1 -7.61345e-16 0)
(1 5.79007e-16 0)
(1 4.04564e-15 0)
(1 -5.03195e-15 0)
(1 -9.12888e-15 0)
(1 1.43126e-15 0)
(1 -1.46569e-16 0)
(1 6.34058e-15 0)
(1 1.17822e-14 0)
(1 1.2052e-14 0)
(1 2.96016e-15 0)
(1 -1.55204e-15 0)
(1 -7.98845e-15 0)
(1 1.68249e-15 0)
(1 -7.43057e-15 0)
(1 -5.4942e-15 0)
(1 9.10732e-15 0)
(1 3.16881e-15 0)
(1 -1.24173e-14 0)
(1 -1.12041e-14 0)
(1 -2.39242e-15 0)
(1 1.72569e-15 0)
(1 -2.58765e-15 0)
(1 -2.35379e-15 0)
(1 -6.84197e-15 0)
(1 -3.56825e-15 0)
(1 -6.7406e-15 0)
(1 -8.37347e-15 0)
(1 -2.906e-15 0)
(1 -2.15908e-15 0)
(1 -1.60654e-15 0)
(1 -8.16658e-15 0)
(1 4.95808e-15 0)
(1 2.69472e-15 0)
(1 8.06718e-15 0)
(1 3.81853e-15 0)
(1 1.74768e-15 0)
(1 -5.86408e-15 0)
(1 -2.13942e-15 0)
(1 -1.01493e-14 0)
(1 -3.84658e-15 0)
(1 -6.34867e-15 0)
(1 -4.55916e-15 0)
(1 -1.47904e-14 0)
(1 -6.43507e-15 0)
(1 -3.3165e-15 0)
(1 2.34725e-15 0)
(1 4.2616e-15 0)
(1 7.78419e-15 0)
(1 -1.40467e-15 0)
(1 -4.04122e-15 0)
(1 1.26562e-15 0)
(1 -2.21381e-15 0)
(1 -2.2705e-15 0)
(1 -2.11201e-15 0)
(1 1.83792e-15 0)
(1 -6.4724e-15 0)
(1 -2.14061e-15 0)
(1 3.33894e-15 0)
(1 3.54697e-15 0)
(1 -2.45951e-15 0)
(1 -1.12288e-15 0)
(1 5.05554e-15 0)
(1 1.80991e-16 0)
(1 -2.31802e-15 0)
(1 -6.23083e-15 0)
(1 -7.30475e-15 0)
(1 -2.03771e-15 0)
(1 -9.74435e-15 0)
(1 -1.15126e-14 0)
(1 -1.0311e-14 0)
(1 -4.34859e-15 0)
(1 -3.25274e-17 0)
(1 -4.65965e-15 0)
(1 3.30954e-15 0)
(1 -5.54931e-16 0)
(1 -9.40875e-15 0)
(1 -1.05034e-14 0)
(1 -4.26221e-15 0)
(1 -7.47064e-16 0)
(1 2.3196e-15 0)
(1 4.56007e-16 0)
(1 -3.39919e-16 0)
(1 -6.61709e-16 0)
(1 4.07111e-16 0)
(1 -3.16029e-15 0)
(1 2.52076e-16 0)
(1 6.03278e-15 0)
(1 3.40517e-16 0)
(1 -3.22307e-15 0)
(1 -9.80315e-16 0)
(1 -4.84457e-15 0)
(1 -8.79947e-16 0)
(1 2.33991e-15 0)
(1 -2.84415e-15 0)
(1 -7.48915e-15 0)
(1 -7.28714e-15 0)
(1 3.87451e-15 0)
(1 -6.41329e-15 0)
(1 5.12733e-16 0)
(1 -9.101e-15 0)
(1 2.58489e-15 0)
(1 -5.13199e-15 0)
(1 -7.308e-15 0)
(1 -9.62744e-15 0)
(1 -4.65104e-15 0)
(1 -7.78116e-15 0)
(1 -3.48656e-15 0)
(1 3.82637e-15 0)
(1 1.63772e-14 0)
(1 1.58237e-14 0)
(1 5.08232e-15 0)
(1 -3.46286e-15 0)
(1 4.54422e-15 0)
(1 -3.17947e-15 0)
(1 1.92619e-15 0)
(1 -8.51839e-16 0)
(1 1.88e-15 0)
(1 -6.28988e-15 0)
(1 -5.76915e-15 0)
(1 4.16927e-16 0)
(1 -2.85472e-15 0)
(1 -5.12664e-15 0)
(1 -7.50001e-15 0)
(1 -5.91931e-15 0)
(1 -1.41951e-14 0)
(1 -1.17562e-14 0)
(1 -6.27518e-15 0)
(1 -2.44154e-15 0)
(1 -2.10717e-15 0)
(1 1.06612e-14 0)
(1 1.12452e-14 0)
(1 6.03291e-15 0)
(1 -1.07724e-14 0)
(1 6.99707e-16 0)
(1 6.73897e-15 0)
(1 4.28657e-15 0)
(1 -5.7853e-15 0)
(1 -3.97791e-15 0)
(1 -4.51456e-15 0)
(1 -9.2655e-15 0)
(1 -6.5446e-15 0)
(1 -8.34868e-16 0)
(1 -6.57055e-15 0)
(1 -4.53872e-15 0)
(1 -1.37621e-15 0)
(1 -4.95557e-15 0)
(1 -3.22264e-15 0)
(1 2.99386e-15 0)
(1 -1.42929e-15 0)
(1 -9.63259e-16 0)
(1 -2.62962e-15 0)
(1 2.43715e-15 0)
(1 2.89392e-15 0)
(1 4.00924e-15 0)
(1 -7.46745e-16 0)
(1 -4.14712e-15 0)
(1 -6.16603e-15 0)
(1 -9.20339e-15 0)
(1 -2.8708e-15 0)
(1 2.74816e-15 0)
(1 9.38612e-15 0)
(1 2.00343e-15 0)
(1 -3.51876e-15 0)
(1 -1.67054e-15 0)
(1 -2.0677e-14 0)
(1 -1.92661e-14 0)
(1 -1.03515e-14 0)
(1 -7.89483e-15 0)
(1 1.26163e-15 0)
(1 5.72134e-15 0)
(1 8.56909e-17 0)
(1 -2.43623e-15 0)
(1 -7.04383e-15 0)
(1 -1.28053e-15 0)
(1 -6.73771e-16 0)
(1 1.58377e-15 0)
(1 -6.00754e-16 0)
(1 -9.92268e-16 0)
(1 -4.01842e-15 0)
(1 -7.18393e-15 0)
(1 -6.60273e-15 0)
(1 -1.83974e-15 0)
(1 -7.31936e-15 0)
(1 -1.78218e-15 0)
(1 6.67026e-15 0)
(1 6.61659e-15 0)
(1 1.35712e-15 0)
(1 1.97756e-16 0)
(1 -2.37058e-15 0)
(1 -4.23272e-16 0)
(1 -2.36711e-15 0)
(1 3.63659e-15 0)
(1 -3.18305e-15 0)
(1 -8.26089e-15 0)
(1 -1.05265e-14 0)
(1 -1.09488e-14 0)
(1 2.4644e-15 0)
(1 -4.11336e-15 0)
(1 5.78409e-15 0)
(1 -3.77555e-15 0)
(1 6.49643e-16 0)
(1 -2.45559e-15 0)
(1 -6.74429e-15 0)
(1 -8.0955e-15 0)
(1 -8.01045e-15 0)
(1 1.88155e-15 0)
(1 3.30205e-15 0)
(1 2.25247e-16 0)
(1 2.21194e-15 0)
(1 1.07913e-14 0)
(1 6.90124e-16 0)
(1 5.81825e-15 0)
(1 -6.4181e-15 0)
(1 2.0129e-16 0)
(1 2.47778e-15 0)
(1 2.78503e-15 0)
(1 9.53339e-15 0)
(1 1.20573e-14 0)
(1 2.566e-17 0)
(1 -4.69972e-15 0)
(1 -1.32437e-14 0)
(1 -1.17473e-14 0)
(1 -9.92358e-15 0)
(1 -5.05784e-15 0)
(1 -7.8648e-15 0)
(1 -1.32022e-14 0)
(1 -7.68471e-15 0)
(1 -4.6644e-16 0)
(1 6.43371e-15 0)
(1 8.18945e-15 0)
(1 6.50988e-15 0)
(1 -6.68756e-16 0)
(1 -7.90865e-15 0)
(1 -6.51565e-15 0)
(1 -1.19551e-15 0)
(1 -2.11297e-15 0)
(1 -4.45193e-15 0)
(1 -4.29957e-15 0)
(1 5.01512e-15 0)
(1 -8.70335e-15 0)
(1 -4.3855e-15 0)
(1 -3.43935e-15 0)
(1 -3.38113e-15 0)
(1 -3.67114e-15 0)
(1 -4.9907e-15 0)
(1 -1.90053e-15 0)
(1 -4.33917e-15 0)
(1 -4.75991e-15 0)
(1 8.86657e-16 0)
(1 2.43159e-15 0)
(1 -2.21427e-15 0)
(1 4.64681e-15 0)
(1 1.32013e-15 0)
(1 -1.93429e-15 0)
(1 -2.78708e-16 0)
(1 1.38512e-16 0)
(1 -2.22224e-15 0)
(1 -7.38063e-15 0)
(1 -1.17367e-15 0)
(1 1.01203e-14 0)
(1 8.12322e-15 0)
(1 -7.45003e-16 0)
(1 -3.02764e-15 0)
(1 -4.17405e-15 0)
(1 -6.65024e-15 0)
(1 -1.46113e-14 0)
(1 -1.09637e-14 0)
(1 -6.02082e-15 0)
(1 -2.92058e-16 0)
(1 1.41372e-15 0)
(1 -4.78322e-15 0)
(1 -7.48898e-15 0)
(1 -6.70222e-15 0)
(1 -6.90828e-15 0)
(1 -1.9363e-15 0)
(1 6.25566e-15 0)
(1 4.60077e-16 0)
(1 -4.40521e-15 0)
(1 -4.42876e-15 0)
(1 -9.03523e-15 0)
(1 -2.10965e-15 0)
(1 1.73079e-15 0)
(1 1.90754e-15 0)
(1 -2.06157e-15 0)
(1 -3.80236e-16 0)
(1 -2.12406e-15 0)
(1 -3.99107e-17 0)
(1 2.50123e-15 0)
(1 8.70672e-16 0)
(1 2.09289e-16 0)
(1 -8.38878e-16 0)
(1 -3.21835e-15 0)
(1 -9.59002e-15 0)
(1 -5.55967e-15 0)
(1 -1.25389e-14 0)
(1 -1.20027e-14 0)
(1 -1.95284e-15 0)
(1 -4.21926e-15 0)
(1 3.46953e-15 0)
(1 -1.49778e-15 0)
(1 1.28423e-15 0)
(1 -2.75649e-15 0)
(1 6.62367e-16 0)
(1 -1.40263e-14 0)
(1 -4.25022e-15 0)
(1 2.14088e-16 0)
(1 5.47616e-15 0)
(1 -3.31849e-15 0)
(1 -2.83283e-15 0)
(1 8.582e-16 0)
(1 4.2812e-15 0)
(1 1.04927e-14 0)
(1 -1.81781e-15 0)
(1 -3.93607e-15 0)
(1 6.56145e-15 0)
(1 -1.21141e-16 0)
(1 4.40532e-15 0)
(1 8.1646e-15 0)
(1 8.43726e-16 0)
(1 -7.32988e-15 0)
(1 -8.2838e-15 0)
(1 -7.92427e-15 0)
(1 -3.96579e-15 0)
(1 -7.88932e-15 0)
(1 -2.22984e-15 0)
(1 -9.73396e-15 0)
(1 -9.22423e-15 0)
(1 4.2461e-16 0)
(1 4.91879e-15 0)
(1 -1.12365e-15 0)
(1 -2.71964e-15 0)
(1 -9.42569e-15 0)
(1 3.78431e-15 0)
(1 1.20475e-15 0)
(1 -5.23068e-15 0)
(1 -4.14061e-15 0)
(1 -1.50594e-15 0)
(1 -3.71563e-16 0)
(1 -9.45131e-16 0)
(1 1.34886e-15 0)
(1 -2.49817e-15 0)
(1 9.91924e-16 0)
(1 -8.48664e-15 0)
(1 -4.85803e-15 0)
(1 2.79588e-16 0)
(1 2.74984e-16 0)
(1 -4.08445e-16 0)
(1 -2.05873e-15 0)
(1 -2.58516e-15 0)
(1 -4.39191e-15 0)
(1 4.74686e-16 0)
(1 5.26214e-15 0)
(1 -7.44953e-16 0)
(1 -3.81439e-15 0)
(1 3.76417e-15 0)
(1 6.37251e-15 0)
(1 7.78278e-15 0)
(1 4.43236e-15 0)
(1 -1.35704e-16 0)
(1 -1.94242e-15 0)
(1 -5.18008e-15 0)
(1 -5.5002e-15 0)
(1 -2.76971e-15 0)
(1 -8.71153e-15 0)
(1 -2.83182e-15 0)
(1 -1.54972e-15 0)
(1 9.59099e-16 0)
(1 -6.15752e-15 0)
(1 -1.10651e-15 0)
(1 2.42209e-15 0)
(1 -1.45832e-15 0)
(1 -2.55824e-15 0)
(1 -4.12422e-16 0)
(1 -7.36021e-15 0)
(1 -3.55242e-15 0)
(1 2.50435e-15 0)
(1 2.11519e-15 0)
(1 -7.52211e-16 0)
(1 9.44581e-16 0)
(1 -7.20335e-16 0)
(1 5.88414e-16 0)
(1 -3.26248e-15 0)
(1 3.17153e-15 0)
(1 2.76325e-15 0)
(1 -3.41999e-15 0)
(1 -2.38904e-15 0)
(1 -1.61837e-15 0)
(1 1.11203e-15 0)
(1 -7.44151e-16 0)
(1 1.42717e-15 0)
(1 -5.34572e-15 0)
(1 -6.52759e-15 0)
(1 -2.55477e-15 0)
(1 9.61706e-16 0)
(1 -2.87821e-15 0)
(1 -3.06879e-15 0)
(1 -1.54746e-15 0)
(1 -1.76044e-15 0)
(1 -2.66153e-15 0)
(1 5.84081e-15 0)
(1 -1.36648e-15 0)
(1 -4.07196e-15 0)
(1 -3.66879e-15 0)
(1 -2.33845e-15 0)
(1 1.2888e-15 0)
(1 3.25888e-15 0)
(1 -3.35309e-15 0)
(1 4.48444e-15 0)
(1 4.3734e-16 0)
(1 -1.21429e-16 0)
(1 2.1863e-15 0)
(1 3.05132e-15 0)
(1 7.88697e-16 0)
(1 -3.14959e-15 0)
(1 -7.04661e-15 0)
(1 -8.01566e-15 0)
(1 -8.626e-15 0)
(1 -3.30278e-15 0)
(1 1.30671e-15 0)
(1 -2.08815e-15 0)
(1 3.55805e-18 0)
(1 4.22828e-15 0)
(1 1.52722e-15 0)
(1 -2.3615e-15 0)
(1 1.52037e-15 0)
(1 1.99182e-15 0)
(1 1.11808e-15 0)
(1 2.04582e-15 0)
(1 -4.02468e-15 0)
(1 -2.59042e-15 0)
(1 -5.97569e-15 0)
(1 -1.36997e-14 0)
(1 -8.57696e-15 0)
(1 -7.24066e-15 0)
(1 -1.00021e-14 0)
(1 -5.92074e-15 0)
(1 -6.75712e-16 0)
(1 5.06578e-16 0)
(1 -1.49079e-15 0)
(1 5.29604e-15 0)
(1 -9.85026e-15 0)
(1 -5.21258e-15 0)
(1 -3.19956e-15 0)
(1 1.23237e-15 0)
(1 6.11697e-15 0)
(1 2.57552e-15 0)
(1 -3.22405e-15 0)
(1 -6.53839e-16 0)
(1 -2.90332e-15 0)
(1 -4.82366e-15 0)
(1 -1.58893e-17 0)
(1 1.44823e-15 0)
(1 3.70413e-15 0)
(1 4.20341e-15 0)
(1 -2.2704e-15 0)
(1 2.23725e-15 0)
(1 1.00062e-15 0)
(1 6.1587e-15 0)
(1 3.1943e-15 0)
(1 1.71091e-15 0)
(1 3.69959e-16 0)
(1 3.00431e-15 0)
(1 -1.38538e-15 0)
(1 -7.24705e-15 0)
(1 -4.66855e-15 0)
(1 -2.66605e-15 0)
(1 -1.06101e-15 0)
(1 -4.87568e-15 0)
(1 -5.28687e-16 0)
(1 1.65102e-15 0)
(1 1.66157e-15 0)
(1 -4.18643e-15 0)
(1 6.74741e-17 0)
(1 -4.17453e-15 0)
(1 -5.86435e-15 0)
(1 -3.12059e-15 0)
(1 -4.76527e-16 0)
(1 1.17642e-15 0)
(1 1.01096e-15 0)
(1 3.6762e-15 0)
(1 -1.02137e-15 0)
(1 -3.1049e-15 0)
(1 -1.01909e-15 0)
(1 4.98962e-15 0)
(1 7.17972e-16 0)
(1 1.42683e-15 0)
(1 6.89363e-16 0)
(1 4.50981e-15 0)
(1 9.57136e-16 0)
(1 4.05087e-15 0)
(1 -4.00399e-15 0)
(1 -4.18007e-15 0)
(1 6.5912e-16 0)
(1 8.82857e-16 0)
(1 3.19551e-15 0)
(1 2.06648e-17 0)
(1 -2.35912e-15 0)
(1 3.52525e-15 0)
(1 7.49398e-16 0)
(1 4.06223e-15 0)
(1 -2.06713e-15 0)
(1 1.53535e-15 0)
(1 -6.79268e-15 0)
(1 6.33895e-15 0)
(1 -4.13287e-16 0)
(1 4.7634e-15 0)
(1 -7.35844e-15 0)
(1 -2.1141e-15 0)
(1 -1.24479e-14 0)
(1 -3.97983e-15 0)
(1 3.74681e-15 0)
(1 1.56068e-16 0)
(1 5.95641e-15 0)
(1 5.94149e-15 0)
(1 -2.91434e-15 0)
(1 -2.66841e-15 0)
(1 -2.08828e-15 0)
(1 -4.43221e-15 0)
(1 -2.09513e-15 0)
(1 -2.57656e-15 0)
(1 -4.30262e-15 0)
(1 -9.9144e-16 0)
(1 2.30084e-15 0)
(1 1.17604e-15 0)
(1 -1.09689e-15 0)
(1 -5.59065e-16 0)
(1 -2.50192e-15 0)
(1 -9.59104e-15 0)
(1 -7.30501e-15 0)
(1 -6.90307e-15 0)
(1 -5.40716e-15 0)
(1 -1.87369e-15 0)
(1 -1.85946e-15 0)
(1 -6.91777e-15 0)
(1 -2.15633e-15 0)
(1 -3.13298e-15 0)
(1 -1.68254e-15 0)
(1 -4.15153e-15 0)
(1 -7.35496e-16 0)
(1 -2.05965e-15 0)
(1 -7.1028e-15 0)
(1 -5.95575e-15 0)
(1 2.33544e-15 0)
(1 3.35009e-16 0)
(1 1.08793e-15 0)
(1 1.28329e-15 0)
(1 3.7815e-15 0)
(1 2.5545e-15 0)
(1 4.4897e-16 0)
(1 -2.6241e-15 0)
(1 -1.62484e-15 0)
(1 -1.80014e-15 0)
(1 4.56839e-15 0)
(1 2.74534e-15 0)
(1 3.29731e-15 0)
(1 5.41493e-15 0)
(1 -3.95239e-15 0)
(1 7.65908e-15 0)
(1 3.90959e-15 0)
(1 1.69992e-15 0)
(1 -1.76472e-15 0)
(1 -5.6669e-15 0)
(1 -9.6121e-15 0)
(1 -7.24404e-16 0)
(1 -1.20811e-15 0)
(1 1.48113e-16 0)
(1 -4.89208e-15 0)
(1 4.8711e-15 0)
(1 2.3968e-15 0)
(1 -1.21067e-15 0)
(1 -4.10844e-15 0)
(1 -6.66742e-15 0)
(1 3.29739e-16 0)
(1 2.90524e-15 0)
(1 -1.4521e-15 0)
(1 -4.23845e-15 0)
(1 1.44488e-15 0)
(1 -5.87627e-16 0)
(1 -1.35244e-15 0)
(1 -1.73111e-15 0)
(1 -6.081e-16 0)
(1 3.27457e-15 0)
(1 -7.38977e-16 0)
(1 -2.67955e-15 0)
(1 -1.89139e-15 0)
(1 1.35124e-15 0)
(1 6.15816e-15 0)
(1 4.13147e-15 0)
(1 2.06304e-15 0)
(1 1.90681e-15 0)
(1 2.53336e-15 0)
(1 2.16913e-16 0)
(1 -8.29953e-16 0)
(1 -2.40451e-15 0)
(1 4.35518e-16 0)
(1 -4.62333e-16 0)
(1 3.9478e-16 0)
(1 1.65736e-15 0)
(1 3.22704e-15 0)
(1 3.17079e-15 0)
(1 -5.6771e-15 0)
(1 6.65716e-15 0)
(1 -3.92896e-15 0)
(1 -4.95959e-16 0)
(1 -3.54777e-15 0)
(1 -2.44132e-15 0)
(1 -6.62188e-15 0)
(1 -1.00885e-14 0)
(1 -1.01519e-14 0)
(1 5.54708e-16 0)
(1 1.04945e-16 0)
(1 -3.47374e-15 0)
(1 2.08917e-15 0)
(1 5.68075e-16 0)
(1 -1.08214e-15 0)
(1 5.00631e-15 0)
(1 3.27544e-15 0)
(1 -1.95121e-15 0)
(1 -1.43572e-15 0)
(1 -2.02094e-15 0)
(1 1.07974e-15 0)
(1 5.71191e-16 0)
(1 -4.14422e-15 0)
(1 -6.10201e-15 0)
(1 -6.06793e-15 0)
(1 -1.2536e-15 0)
(1 -4.74198e-15 0)
(1 -2.62141e-15 0)
(1 1.038e-15 0)
(1 -3.87437e-15 0)
(1 -6.12008e-15 0)
(1 -8.22694e-16 0)
(1 2.63982e-16 0)
(1 -3.60571e-15 0)
(1 -1.30884e-15 0)
(1 2.37468e-16 0)
(1 6.38106e-15 0)
(1 -1.15529e-15 0)
(1 1.38272e-15 0)
(1 5.4197e-16 0)
(1 -4.17952e-15 0)
(1 -4.59385e-15 0)
(1 -4.14851e-15 0)
(1 1.21493e-15 0)
(1 -4.16863e-16 0)
(1 -6.4455e-16 0)
(1 5.03724e-15 0)
(1 3.40365e-15 0)
(1 -1.74559e-15 0)
(1 7.7234e-16 0)
(1 -2.10046e-15 0)
(1 -4.45348e-15 0)
(1 -3.55867e-15 0)
(1 2.56466e-15 0)
(1 5.4937e-15 0)
(1 8.55399e-15 0)
(1 4.14328e-15 0)
(1 1.25321e-14 0)
(1 2.51308e-15 0)
(1 -2.33351e-15 0)
(1 -1.02008e-14 0)
(1 -1.18229e-14 0)
(1 -5.57644e-15 0)
(1 1.33317e-14 0)
(1 1.50092e-14 0)
(1 1.09526e-14 0)
(1 2.81189e-15 0)
(1 -6.62341e-16 0)
(1 -1.92618e-15 0)
(1 -5.30737e-15 0)
(1 -4.15588e-15 0)
(1 -5.23738e-15 0)
(1 2.98481e-15 0)
(1 3.64874e-15 0)
(1 -1.18472e-15 0)
(1 3.03412e-16 0)
(1 5.81399e-15 0)
(1 5.22517e-15 0)
(1 -2.23483e-15 0)
(1 -7.51145e-15 0)
(1 -4.95165e-15 0)
(1 3.84777e-15 0)
(1 4.74421e-15 0)
(1 -1.03446e-15 0)
(1 2.00309e-15 0)
(1 -6.11754e-16 0)
(1 6.29826e-15 0)
(1 1.97776e-15 0)
(1 2.35249e-15 0)
(1 -2.95875e-15 0)
(1 4.47222e-15 0)
(1 2.59373e-15 0)
(1 4.624e-15 0)
(1 2.54297e-15 0)
(1 7.12201e-15 0)
(1 8.6448e-15 0)
(1 2.78084e-15 0)
(1 -9.89089e-16 0)
(1 -1.4857e-15 0)
(1 -5.08025e-15 0)
(1 1.37091e-15 0)
(1 -1.28996e-15 0)
(1 9.14371e-16 0)
(1 -4.63583e-15 0)
(1 2.43355e-17 0)
(1 -4.31158e-15 0)
(1 -6.17538e-16 0)
(1 -9.5156e-15 0)
(1 9.45201e-15 0)
(1 -2.62407e-17 0)
(1 -3.60171e-15 0)
(1 -7.33879e-15 0)
(1 3.46529e-15 0)
(1 3.17586e-15 0)
(1 1.42481e-17 0)
(1 5.08006e-15 0)
(1 -9.85819e-16 0)
(1 -1.43458e-15 0)
(1 -1.54752e-15 0)
(1 -3.59395e-15 0)
(1 6.04349e-16 0)
(1 -5.38886e-15 0)
(1 -4.92678e-15 0)
(1 -4.97814e-15 0)
(1 -6.65028e-15 0)
(1 -7.28406e-15 0)
(1 -2.14546e-15 0)
(1 -5.08346e-15 0)
(1 -7.26958e-17 0)
(1 -1.65581e-15 0)
(1 -3.49083e-15 0)
(1 -1.12418e-15 0)
(1 -6.45283e-16 0)
(1 -2.03467e-15 0)
(1 -7.81068e-15 0)
(1 -4.95717e-15 0)
(1 -2.96996e-15 0)
(1 2.30659e-15 0)
(1 7.95502e-15 0)
(1 4.51664e-15 0)
(1 -7.5253e-16 0)
(1 -2.56348e-15 0)
(1 1.82451e-15 0)
(1 4.01474e-15 0)
(1 3.91297e-17 0)
(1 1.82419e-15 0)
(1 -3.37593e-15 0)
(1 -5.63658e-15 0)
(1 -2.36089e-15 0)
(1 -7.12724e-15 0)
(1 -7.59442e-16 0)
(1 6.72207e-16 0)
(1 8.90562e-15 0)
(1 5.91787e-15 0)
(1 6.22021e-15 0)
(1 -4.00062e-15 0)
(1 -3.80213e-16 0)
(1 -1.26221e-15 0)
(1 3.40284e-15 0)
(1 4.52434e-15 0)
(1 -2.52653e-16 0)
(1 2.96335e-15 0)
(1 1.8147e-15 0)
(1 -1.65055e-15 0)
(1 4.22251e-15 0)
(1 2.76891e-15 0)
(1 4.59309e-15 0)
(1 3.51868e-15 0)
(1 -1.69649e-16 0)
(1 -3.96451e-16 0)
(1 2.70138e-15 0)
(1 2.51556e-15 0)
(1 -8.07878e-16 0)
(1 -1.5383e-15 0)
(1 -1.1192e-15 0)
(1 -2.33599e-15 0)
(1 1.58664e-15 0)
(1 6.5036e-15 0)
(1 2.45148e-16 0)
(1 2.28575e-15 0)
(1 2.58526e-15 0)
(1 4.65272e-15 0)
(1 1.85142e-15 0)
(1 1.87265e-15 0)
(1 -3.01574e-15 0)
(1 -1.51773e-15 0)
(1 4.83049e-16 0)
(1 3.64558e-15 0)
(1 -3.11344e-15 0)
(1 -1.95384e-15 0)
(1 4.67362e-16 0)
(1 1.11439e-15 0)
(1 7.11379e-15 0)
(1 2.87382e-15 0)
(1 6.40495e-15 0)
(1 8.63507e-15 0)
(1 1.08042e-15 0)
(1 -2.07045e-15 0)
(1 -3.22278e-15 0)
(1 -3.71322e-15 0)
(1 3.83705e-16 0)
(1 -2.51259e-15 0)
(1 3.49314e-15 0)
(1 -2.33685e-15 0)
(1 1.4572e-15 0)
(1 -1.07243e-14 0)
(1 -7.28948e-15 0)
(1 -4.99308e-15 0)
(1 1.8751e-14 0)
(1 1.7141e-15 0)
(1 2.2395e-15 0)
(1 -1.41746e-15 0)
(1 6.59036e-15 0)
(1 4.3431e-17 0)
(1 5.91489e-15 0)
(1 -3.54604e-15 0)
(1 -6.74705e-15 0)
(1 -4.64567e-15 0)
(1 -2.611e-15 0)
(1 -4.0757e-16 0)
(1 3.18353e-16 0)
(1 -6.44913e-15 0)
(1 5.25474e-16 0)
(1 -1.76771e-16 0)
(1 -2.2647e-15 0)
(1 -4.03655e-15 0)
(1 -1.59384e-15 0)
(1 -3.95723e-15 0)
(1 -3.66758e-15 0)
(1 8.0864e-17 0)
(1 2.33527e-15 0)
(1 1.39645e-15 0)
(1 1.59708e-16 0)
(1 -8.64933e-16 0)
(1 -3.11615e-16 0)
(1 -4.70258e-15 0)
(1 -8.65768e-15 0)
(1 4.45912e-16 0)
(1 4.01898e-15 0)
(1 -3.44654e-15 0)
(1 5.7132e-15 0)
(1 -1.09357e-15 0)
(1 3.48075e-15 0)
(1 -3.60552e-16 0)
(1 -5.36636e-16 0)
(1 2.58052e-15 0)
(1 -2.2509e-15 0)
(1 -3.8047e-15 0)
(1 -1.00044e-15 0)
(1 -3.39482e-15 0)
(1 7.31831e-16 0)
(1 4.81247e-15 0)
(1 7.12219e-15 0)
(1 3.47168e-15 0)
(1 4.77054e-15 0)
(1 2.07311e-16 0)
(1 -2.69303e-15 0)
(1 -9.60698e-15 0)
(1 -2.40555e-15 0)
(1 3.04146e-15 0)
(1 5.99537e-15 0)
(1 7.2946e-15 0)
(1 3.54267e-15 0)
(1 -5.87196e-15 0)
(1 -6.29479e-15 0)
(1 -6.30505e-16 0)
(1 -1.94422e-15 0)
(1 4.53903e-15 0)
(1 4.25476e-17 0)
(1 4.13237e-15 0)
(1 6.29907e-16 0)
(1 3.65517e-15 0)
(1 -1.32951e-15 0)
(1 -2.77784e-15 0)
(1 3.19403e-15 0)
(1 -1.47097e-15 0)
(1 2.96717e-15 0)
(1 4.37416e-15 0)
(1 -1.20248e-15 0)
(1 -4.30586e-15 0)
(1 1.33064e-15 0)
(1 -6.70754e-16 0)
(1 3.07322e-16 0)
(1 4.55447e-15 0)
(1 4.01232e-16 0)
(1 5.10117e-15 0)
(1 4.71318e-16 0)
(1 3.245e-16 0)
(1 -6.23982e-15 0)
(1 -7.41767e-16 0)
(1 5.59347e-16 0)
(1 2.94346e-15 0)
(1 7.67262e-15 0)
(1 2.02628e-15 0)
(1 2.18448e-15 0)
(1 2.80989e-16 0)
(1 1.44931e-16 0)
(1 -3.50267e-15 0)
(1 -1.40833e-17 0)
(1 7.51172e-15 0)
(1 -1.80011e-15 0)
(1 2.12709e-15 0)
(1 2.53446e-15 0)
(1 -6.42413e-16 0)
(1 -1.96397e-15 0)
(1 -7.4424e-15 0)
(1 -9.82371e-15 0)
(1 9.61454e-16 0)
(1 5.48738e-15 0)
(1 6.11319e-15 0)
(1 1.48605e-15 0)
(1 5.3641e-15 0)
(1 6.33711e-16 0)
(1 -2.18635e-15 0)
(1 -1.92965e-16 0)
(1 -6.9208e-15 0)
(1 -2.2873e-15 0)
(1 -2.02432e-15 0)
(1 4.27011e-16 0)
(1 2.2557e-15 0)
(1 4.04892e-15 0)
(1 6.8269e-15 0)
(1 2.9612e-15 0)
(1 6.58421e-15 0)
(1 6.00293e-15 0)
(1 -1.80096e-15 0)
(1 -8.79005e-15 0)
(1 -2.41384e-15 0)
(1 -6.69242e-15 0)
(1 2.91496e-15 0)
(1 5.62825e-15 0)
(1 4.05678e-15 0)
(1 -1.72518e-15 0)
(1 -3.41798e-15 0)
(1 -4.11076e-15 0)
(1 -5.05387e-15 0)
(1 1.19346e-16 0)
(1 -2.67231e-15 0)
(1 1.43849e-15 0)
(1 -9.62645e-16 0)
(1 2.63283e-15 0)
(1 -1.30015e-15 0)
(1 4.96182e-16 0)
(1 -6.59105e-16 0)
(1 2.68899e-15 0)
(1 4.34645e-15 0)
(1 -2.12748e-15 0)
(1 -3.19503e-16 0)
(1 -5.1421e-15 0)
(1 3.94696e-15 0)
(1 2.71101e-15 0)
(1 5.81128e-15 0)
(1 -4.83751e-15 0)
(1 -2.8304e-15 0)
(1 -3.80614e-15 0)
(1 -1.26383e-15 0)
(1 1.4053e-16 0)
(1 -1.34263e-15 0)
(1 1.87687e-15 0)
(1 8.60513e-16 0)
(1 1.27393e-15 0)
(1 -1.11199e-15 0)
(1 6.08724e-17 0)
(1 2.51524e-15 0)
(1 -2.36049e-15 0)
(1 -3.44677e-15 0)
(1 -5.53327e-15 0)
(1 -8.21773e-16 0)
(1 2.3872e-15 0)
(1 2.13673e-15 0)
(1 -6.07317e-16 0)
(1 1.49313e-15 0)
(1 -4.33293e-15 0)
(1 -4.0262e-15 0)
(1 1.84361e-15 0)
(1 2.973e-15 0)
(1 7.45821e-15 0)
(1 3.85932e-15 0)
(1 -3.01641e-15 0)
(1 -6.90974e-15 0)
(1 -2.92221e-15 0)
(1 -1.97574e-15 0)
(1 2.68575e-15 0)
(1 2.58304e-15 0)
(1 2.25361e-15 0)
(1 2.59154e-15 0)
(1 -4.47852e-16 0)
(1 -4.21001e-15 0)
(1 -2.81842e-15 0)
(1 -3.49791e-15 0)
(1 -2.83274e-15 0)
(1 2.43953e-15 0)
(1 4.885e-15 0)
(1 5.61574e-15 0)
(1 6.61222e-15 0)
(1 9.45404e-16 0)
(1 -3.59148e-17 0)
(1 -1.72253e-15 0)
(1 2.80618e-16 0)
(1 3.48693e-15 0)
(1 2.26059e-15 0)
(1 3.19036e-16 0)
(1 2.6213e-16 0)
(1 -2.15196e-15 0)
(1 -4.4624e-15 0)
(1 -4.21532e-16 0)
(1 -4.19777e-15 0)
(1 1.31718e-16 0)
(1 -1.99473e-15 0)
(1 1.2275e-15 0)
(1 4.23832e-15 0)
(1 3.24795e-15 0)
(1 4.02378e-15 0)
(1 5.95369e-15 0)
(1 3.83948e-15 0)
(1 -7.8086e-15 0)
(1 -3.04283e-15 0)
(1 -2.34441e-15 0)
(1 1.2034e-16 0)
(1 -2.31828e-15 0)
(1 -1.98435e-15 0)
(1 4.0933e-15 0)
(1 1.09443e-15 0)
(1 2.16646e-15 0)
(1 3.31008e-15 0)
(1 -2.17362e-15 0)
(1 -6.79947e-15 0)
(1 -6.13867e-15 0)
(1 -7.02713e-15 0)
(1 -4.28788e-16 0)
(1 3.60871e-15 0)
(1 5.00461e-15 0)
(1 2.43663e-15 0)
(1 4.95149e-17 0)
(1 -3.57427e-15 0)
(1 -3.97202e-15 0)
(1 1.23705e-15 0)
(1 -1.71965e-15 0)
(1 1.64789e-15 0)
(1 4.11817e-15 0)
(1 1.1784e-15 0)
(1 1.2957e-15 0)
(1 -9.98665e-17 0)
(1 -7.74108e-16 0)
(1 2.15665e-16 0)
(1 -8.02257e-16 0)
(1 -5.98769e-15 0)
(1 -3.78137e-15 0)
(1 -4.70867e-15 0)
(1 -2.11987e-15 0)
(1 2.27507e-15 0)
(1 5.66491e-15 0)
(1 2.58232e-15 0)
(1 -4.10783e-16 0)
(1 4.77805e-16 0)
(1 -2.55592e-15 0)
(1 -2.17766e-15 0)
(1 -6.71069e-16 0)
(1 7.38115e-15 0)
(1 2.95603e-15 0)
(1 2.68101e-15 0)
(1 9.35218e-16 0)
(1 -3.78863e-16 0)
(1 2.01442e-16 0)
(1 -1.75078e-15 0)
(1 -5.62421e-15 0)
(1 -3.84675e-15 0)
(1 -6.18069e-16 0)
(1 2.87578e-15 0)
(1 2.59835e-15 0)
(1 2.55605e-15 0)
(1 4.30108e-15 0)
(1 -2.56629e-15 0)
(1 -1.49255e-15 0)
(1 8.04166e-16 0)
(1 2.57724e-15 0)
(1 4.99847e-15 0)
(1 5.58811e-16 0)
(1 -7.35732e-16 0)
(1 3.8795e-15 0)
(1 2.99754e-15 0)
(1 9.41248e-16 0)
(1 -9.9398e-16 0)
(1 -1.97807e-15 0)
(1 -2.29214e-15 0)
(1 -1.15877e-15 0)
(1 -3.03197e-15 0)
(1 -1.75177e-15 0)
(1 -1.4735e-15 0)
(1 -2.55907e-15 0)
(1 -5.33613e-15 0)
(1 2.87825e-16 0)
(1 2.11503e-16 0)
(1 3.34301e-15 0)
(1 4.27235e-15 0)
(1 1.61744e-15 0)
)
;

boundaryField
{
    inlet
    {
        type            fixedValue;
        value           uniform (1 0 0);
    }
    outlet
    {
        type            zeroGradient;
    }
    down
    {
        type            empty;
    }
    up
    {
        type            empty;
    }
    sides
    {
        type            slip;
    }
}

