/*--------------------------------*- C++ -*----------------------------------*\
| =========                 |                                                 |
| \\      /  F ield         | OpenFOAM: The Open Source CFD Toolbox           |
|  \\    /   O peration     | Version:  v2012                                 |
|   \\  /    A nd           | Website:  www.openfoam.com                      |
|    \\/     M anipulation  |                                                 |
\*---------------------------------------------------------------------------*/
FoamFile
{
    version     2.0;
    format      ascii;
    class       volVectorField;
    location    "0";
    object      U;
}
// * * * * * * * * * * * * * * * * * * * * * * * * * * * * * * * * * * * * * //

dimensions      [0 1 -1 0 0 0 0];


internalField   nonuniform List<vector> 
4000
(
(1 3.93862e-15 0)
(1 1.44892e-15 0)
(1 1.73559e-15 0)
(1 -1.02576e-16 0)
(1 -8.9864e-16 0)
(1 -5.64691e-15 0)
(1 2.88385e-17 0)
(1 6.9546e-15 0)
(1 4.3319e-15 0)
(1 -5.34632e-15 0)
(1 -3.22494e-15 0)
(1 1.74692e-15 0)
(1 4.01955e-15 0)
(1 3.17917e-15 0)
(1 -2.2075e-15 0)
(1 -8.18917e-15 0)
(1 5.20465e-16 0)
(1 3.97418e-15 0)
(1 -2.09636e-16 0)
(1 -4.99142e-16 0)
(1 -4.62247e-15 0)
(1 -2.78582e-15 0)
(1 -1.755e-15 0)
(1 -1.80074e-15 0)
(1 3.62371e-15 0)
(1 4.54293e-15 0)
(1 1.87089e-16 0)
(1 1.23401e-15 0)
(1 5.91573e-16 0)
(1 -3.35198e-16 0)
(1 -4.76059e-15 0)
(1 -7.45361e-15 0)
(1 -1.13094e-15 0)
(1 -2.50643e-15 0)
(1 -2.72231e-16 0)
(1 3.04658e-16 0)
(1 8.47477e-15 0)
(1 2.10145e-15 0)
(1 5.31971e-15 0)
(1 -2.43683e-15 0)
(1 -6.11559e-15 0)
(1 -5.94304e-15 0)
(1 3.39748e-15 0)
(1 3.51726e-15 0)
(1 2.3395e-15 0)
(1 -2.57035e-16 0)
(1 -4.1815e-15 0)
(1 6.35365e-16 0)
(1 1.905e-15 0)
(1 4.25078e-15 0)
(1 2.19451e-15 0)
(1 4.03281e-15 0)
(1 3.28794e-15 0)
(1 2.23843e-15 0)
(1 2.40929e-15 0)
(1 4.2389e-16 0)
(1 -3.96198e-15 0)
(1 2.86984e-15 0)
(1 -1.35271e-15 0)
(1 2.08788e-15 0)
(1 -4.17456e-16 0)
(1 1.99117e-15 0)
(1 1.16796e-15 0)
(1 -1.8237e-15 0)
(1 -7.72677e-16 0)
(1 -1.79161e-15 0)
(1 -7.78766e-16 0)
(1 4.0308e-15 0)
(1 -3.06069e-15 0)
(1 -1.24993e-15 0)
(1 -2.04757e-15 0)
(1 8.39933e-16 0)
(1 -3.54776e-15 0)
(1 -4.19529e-15 0)
(1 -6.07712e-15 0)
(1 -2.89615e-15 0)
(1 -2.03719e-15 0)
(1 -2.03975e-16 0)
(1 3.81913e-17 0)
(1 1.49426e-15 0)
(1 5.42414e-16 0)
(1 2.85353e-15 0)
(1 2.05976e-16 0)
(1 -7.6756e-15 0)
(1 -4.98815e-15 0)
(1 5.10218e-15 0)
(1 3.14186e-15 0)
(1 3.46284e-15 0)
(1 2.45724e-15 0)
(1 2.14289e-15 0)
(1 4.70382e-16 0)
(1 1.99027e-15 0)
(1 -8.24612e-16 0)
(1 -1.6312e-16 0)
(1 -1.38707e-15 0)
(1 4.62368e-15 0)
(1 -2.01162e-15 0)
(1 -1.80707e-15 0)
(1 -4.36764e-16 0)
(1 -2.15533e-15 0)
(1 2.57119e-15 0)
(1 3.02976e-15 0)
(1 2.12922e-15 0)
(1 1.59999e-15 0)
(1 -2.09905e-15 0)
(1 -7.29351e-15 0)
(1 -1.92603e-15 0)
(1 7.77418e-15 0)
(1 6.11733e-15 0)
(1 1.11974e-15 0)
(1 -5.64008e-15 0)
(1 -3.36274e-16 0)
(1 4.66287e-15 0)
(1 1.3551e-15 0)
(1 -3.13516e-15 0)
(1 -1.11313e-14 0)
(1 2.51167e-15 0)
(1 7.46597e-15 0)
(1 -6.20612e-16 0)
(1 6.72809e-16 0)
(1 -3.95837e-15 0)
(1 -5.39117e-16 0)
(1 3.68053e-15 0)
(1 7.46611e-16 0)
(1 3.14586e-16 0)
(1 -4.14927e-15 0)
(1 -7.16408e-15 0)
(1 -7.98575e-16 0)
(1 2.36946e-15 0)
(1 -7.69118e-16 0)
(1 1.47198e-15 0)
(1 -4.95471e-15 0)
(1 3.81822e-16 0)
(1 -1.81189e-16 0)
(1 -4.27611e-15 0)
(1 1.10103e-15 0)
(1 6.31553e-15 0)
(1 -1.25317e-15 0)
(1 -2.24732e-15 0)
(1 -4.30984e-15 0)
(1 -6.57884e-15 0)
(1 -1.17769e-15 0)
(1 5.48661e-15 0)
(1 7.97603e-15 0)
(1 4.8291e-15 0)
(1 -2.37862e-15 0)
(1 -3.40869e-15 0)
(1 -4.0504e-15 0)
(1 1.61386e-15 0)
(1 -2.47673e-15 0)
(1 -8.91656e-16 0)
(1 1.70219e-15 0)
(1 4.0933e-15 0)
(1 1.41693e-15 0)
(1 6.56189e-15 0)
(1 5.15336e-15 0)
(1 -1.33159e-15 0)
(1 4.62188e-16 0)
(1 -3.44112e-15 0)
(1 -1.51313e-15 0)
(1 -5.0053e-15 0)
(1 -3.63875e-15 0)
(1 5.97153e-15 0)
(1 4.12938e-15 0)
(1 -4.15401e-16 0)
(1 -7.42283e-15 0)
(1 -1.83895e-15 0)
(1 2.78672e-15 0)
(1 -3.33657e-15 0)
(1 -1.64239e-15 0)
(1 2.25453e-15 0)
(1 3.75911e-15 0)
(1 2.09668e-15 0)
(1 1.24449e-15 0)
(1 1.25567e-15 0)
(1 -4.46475e-15 0)
(1 1.13281e-15 0)
(1 2.34196e-15 0)
(1 5.32145e-15 0)
(1 5.45891e-15 0)
(1 5.86344e-16 0)
(1 -1.44518e-15 0)
(1 1.04073e-15 0)
(1 -7.39434e-15 0)
(1 -5.13187e-15 0)
(1 6.07936e-15 0)
(1 5.01202e-15 0)
(1 1.23223e-15 0)
(1 -6.02877e-16 0)
(1 -4.99942e-16 0)
(1 -3.82141e-15 0)
(1 2.25295e-16 0)
(1 -1.25274e-15 0)
(1 1.8596e-15 0)
(1 -2.0333e-15 0)
(1 6.32077e-15 0)
(1 -3.73996e-15 0)
(1 1.83143e-15 0)
(1 -4.52001e-15 0)
(1 -7.01263e-15 0)
(1 -4.36188e-15 0)
(1 4.42967e-15 0)
(1 -4.90625e-15 0)
(1 4.78262e-15 0)
(1 -4.30276e-15 0)
(1 3.64153e-16 0)
(1 2.58686e-15 0)
(1 3.5957e-15 0)
(1 3.78678e-15 0)
(1 3.39856e-15 0)
(1 -1.37509e-15 0)
(1 -1.32298e-15 0)
(1 1.11352e-14 0)
(1 2.31549e-15 0)
(1 -2.16369e-15 0)
(1 -6.88266e-15 0)
(1 -5.7481e-15 0)
(1 1.82662e-16 0)
(1 2.25826e-15 0)
(1 -3.17056e-15 0)
(1 -2.34536e-15 0)
(1 3.61246e-15 0)
(1 5.32602e-15 0)
(1 6.3013e-15 0)
(1 1.96055e-15 0)
(1 -2.06443e-15 0)
(1 -2.36641e-15 0)
(1 -2.71982e-16 0)
(1 5.98965e-15 0)
(1 4.36184e-16 0)
(1 6.51909e-15 0)
(1 -6.18969e-15 0)
(1 -1.76646e-15 0)
(1 -4.31038e-15 0)
(1 -1.20193e-15 0)
(1 7.5864e-16 0)
(1 -3.71597e-15 0)
(1 -6.16435e-15 0)
(1 -4.07351e-15 0)
(1 -5.3341e-16 0)
(1 -3.27935e-15 0)
(1 -6.9453e-16 0)
(1 1.94467e-15 0)
(1 5.9866e-15 0)
(1 7.71153e-15 0)
(1 1.68024e-15 0)
(1 7.48505e-15 0)
(1 -2.04141e-15 0)
(1 5.16432e-16 0)
(1 -1.29453e-15 0)
(1 2.66317e-15 0)
(1 4.85071e-16 0)
(1 2.71116e-15 0)
(1 1.67177e-15 0)
(1 7.64806e-15 0)
(1 7.06735e-15 0)
(1 2.20333e-15 0)
(1 -8.74391e-16 0)
(1 -3.50623e-15 0)
(1 -5.80067e-15 0)
(1 -2.76557e-15 0)
(1 -1.12416e-15 0)
(1 4.46524e-15 0)
(1 6.95045e-15 0)
(1 -2.75043e-15 0)
(1 -5.51148e-15 0)
(1 -7.17391e-16 0)
(1 -1.61139e-15 0)
(1 -2.98759e-15 0)
(1 -1.87469e-15 0)
(1 -1.92784e-15 0)
(1 -2.04926e-15 0)
(1 5.52381e-15 0)
(1 2.84049e-15 0)
(1 -2.64093e-15 0)
(1 -5.34053e-15 0)
(1 -2.20734e-15 0)
(1 -1.20037e-15 0)
(1 4.23975e-15 0)
(1 1.92841e-15 0)
(1 -7.15363e-16 0)
(1 -2.52292e-15 0)
(1 7.43118e-16 0)
(1 -2.7218e-15 0)
(1 -1.42326e-15 0)
(1 1.0958e-15 0)
(1 2.91968e-15 0)
(1 8.17122e-16 0)
(1 -2.0624e-15 0)
(1 -1.23238e-15 0)
(1 -1.23845e-15 0)
(1 7.45917e-16 0)
(1 8.35128e-16 0)
(1 9.07159e-15 0)
(1 -7.38046e-16 0)
(1 1.27735e-15 0)
(1 -2.75962e-15 0)
(1 -4.0439e-16 0)
(1 -6.23502e-15 0)
(1 -5.96274e-15 0)
(1 7.48381e-16 0)
(1 -6.18566e-15 0)
(1 -4.68757e-15 0)
(1 -4.05116e-15 0)
(1 1.83377e-15 0)
(1 9.06309e-15 0)
(1 8.2704e-15 0)
(1 -1.21996e-16 0)
(1 2.10691e-15 0)
(1 -4.06939e-15 0)
(1 4.92129e-15 0)
(1 -4.43702e-15 0)
(1 5.05401e-15 0)
(1 1.25296e-14 0)
(1 5.91465e-15 0)
(1 5.1134e-15 0)
(1 -6.61433e-15 0)
(1 -8.07726e-15 0)
(1 4.97581e-15 0)
(1 -4.87895e-15 0)
(1 -1.24622e-15 0)
(1 1.72022e-15 0)
(1 2.95565e-15 0)
(1 7.99602e-15 0)
(1 7.83655e-15 0)
(1 1.28205e-14 0)
(1 4.70828e-15 0)
(1 6.8717e-15 0)
(1 3.63166e-15 0)
(1 -2.55996e-15 0)
(1 1.40037e-15 0)
(1 -1.40587e-14 0)
(1 -4.17587e-15 0)
(1 -9.73679e-15 0)
(1 1.52497e-15 0)
(1 -5.50444e-15 0)
(1 -3.84506e-15 0)
(1 -1.29507e-15 0)
(1 1.82251e-15 0)
(1 -5.25574e-15 0)
(1 2.7092e-15 0)
(1 -2.19527e-15 0)
(1 3.74184e-15 0)
(1 -3.48302e-15 0)
(1 3.08338e-15 0)
(1 6.79569e-15 0)
(1 6.15462e-15 0)
(1 6.92468e-15 0)
(1 3.59044e-15 0)
(1 3.43012e-15 0)
(1 2.92216e-15 0)
(1 4.97252e-15 0)
(1 2.58576e-15 0)
(1 6.52827e-15 0)
(1 5.31778e-15 0)
(1 1.65654e-15 0)
(1 -1.26267e-15 0)
(1 -1.07262e-15 0)
(1 2.24422e-15 0)
(1 -3.79096e-15 0)
(1 1.47423e-15 0)
(1 1.06067e-15 0)
(1 1.80797e-15 0)
(1 -1.65433e-15 0)
(1 1.52288e-15 0)
(1 3.2757e-15 0)
(1 -2.20739e-15 0)
(1 -7.98109e-15 0)
(1 -7.2357e-15 0)
(1 -4.13716e-15 0)
(1 -2.54671e-15 0)
(1 -3.14143e-15 0)
(1 1.63636e-15 0)
(1 -5.30422e-16 0)
(1 -9.71395e-15 0)
(1 -3.80033e-15 0)
(1 1.95601e-15 0)
(1 1.08022e-15 0)
(1 7.80049e-16 0)
(1 -2.28358e-15 0)
(1 3.34206e-15 0)
(1 -1.47887e-16 0)
(1 1.02786e-16 0)
(1 -2.29658e-15 0)
(1 -1.33457e-15 0)
(1 3.68619e-15 0)
(1 4.52031e-15 0)
(1 6.6651e-15 0)
(1 6.46088e-15 0)
(1 2.47213e-15 0)
(1 4.33432e-15 0)
(1 9.16012e-16 0)
(1 3.43826e-15 0)
(1 3.99089e-15 0)
(1 -9.13702e-16 0)
(1 -3.04565e-15 0)
(1 -4.32417e-15 0)
(1 -9.70464e-15 0)
(1 -7.72149e-15 0)
(1 -7.81606e-16 0)
(1 4.94787e-15 0)
(1 -2.78153e-15 0)
(1 1.57391e-15 0)
(1 -2.54892e-15 0)
(1 4.96396e-15 0)
(1 7.62725e-16 0)
(1 -1.68259e-15 0)
(1 -3.99947e-15 0)
(1 -4.96965e-15 0)
(1 -5.18945e-15 0)
(1 1.42395e-14 0)
(1 3.89584e-15 0)
(1 1.74506e-15 0)
(1 1.55458e-15 0)
(1 5.40842e-15 0)
(1 4.39884e-15 0)
(1 -2.32892e-16 0)
(1 -6.08848e-15 0)
(1 -6.21233e-15 0)
(1 -4.91763e-15 0)
(1 4.85667e-15 0)
(1 -1.57609e-15 0)
(1 -4.00499e-15 0)
(1 3.76292e-15 0)
(1 7.85539e-15 0)
(1 7.46594e-15 0)
(1 1.98525e-15 0)
(1 8.84019e-15 0)
(1 4.43428e-15 0)
(1 2.79826e-15 0)
(1 2.26618e-15 0)
(1 -1.01366e-16 0)
(1 -2.92986e-15 0)
(1 -9.22238e-16 0)
(1 -8.45521e-15 0)
(1 -1.13435e-14 0)
(1 -1.01182e-14 0)
(1 -5.78594e-15 0)
(1 -3.14758e-15 0)
(1 -3.17494e-15 0)
(1 1.16103e-15 0)
(1 -3.49573e-15 0)
(1 2.88821e-15 0)
(1 1.83091e-15 0)
(1 4.63571e-16 0)
(1 1.9214e-15 0)
(1 -9.23911e-16 0)
(1 9.32647e-15 0)
(1 4.24493e-15 0)
(1 2.69181e-15 0)
(1 1.54715e-15 0)
(1 3.36608e-15 0)
(1 4.02219e-17 0)
(1 5.00863e-15 0)
(1 7.97821e-16 0)
(1 3.16133e-17 0)
(1 2.56656e-15 0)
(1 -5.76293e-16 0)
(1 2.44783e-15 0)
(1 1.95214e-16 0)
(1 -1.43202e-15 0)
(1 2.1308e-15 0)
(1 8.93227e-16 0)
(1 3.66568e-15 0)
(1 1.27342e-14 0)
(1 5.6582e-15 0)
(1 7.29521e-16 0)
(1 -6.73449e-15 0)
(1 -2.30088e-15 0)
(1 -5.41414e-15 0)
(1 -2.27934e-15 0)
(1 6.5138e-16 0)
(1 1.96163e-15 0)
(1 -7.40149e-16 0)
(1 -2.16356e-15 0)
(1 -1.42559e-15 0)
(1 8.3997e-17 0)
(1 -6.50504e-16 0)
(1 1.17921e-15 0)
(1 3.30041e-15 0)
(1 8.1069e-16 0)
(1 -2.00757e-15 0)
(1 -2.17526e-15 0)
(1 -6.08624e-16 0)
(1 5.94299e-15 0)
(1 2.88617e-15 0)
(1 3.84097e-15 0)
(1 3.2675e-15 0)
(1 4.32539e-15 0)
(1 1.69446e-15 0)
(1 6.60165e-15 0)
(1 -7.09794e-16 0)
(1 2.59307e-15 0)
(1 7.5042e-16 0)
(1 5.38615e-15 0)
(1 -2.25304e-15 0)
(1 -1.0419e-15 0)
(1 -5.06779e-15 0)
(1 -2.32592e-15 0)
(1 4.53496e-15 0)
(1 -1.04326e-15 0)
(1 3.58476e-15 0)
(1 4.01377e-15 0)
(1 3.93428e-15 0)
(1 -3.80231e-15 0)
(1 -9.97337e-15 0)
(1 -3.09967e-15 0)
(1 8.67447e-16 0)
(1 -6.67787e-16 0)
(1 -2.19832e-17 0)
(1 5.20539e-15 0)
(1 1.38722e-14 0)
(1 7.49251e-15 0)
(1 -3.99933e-15 0)
(1 3.46634e-15 0)
(1 -2.60573e-15 0)
(1 2.00555e-15 0)
(1 -3.09239e-15 0)
(1 -1.14407e-14 0)
(1 -4.90177e-15 0)
(1 2.96252e-15 0)
(1 1.04242e-14 0)
(1 5.55433e-15 0)
(1 4.69629e-15 0)
(1 5.20972e-15 0)
(1 3.17178e-15 0)
(1 4.47131e-15 0)
(1 4.20899e-15 0)
(1 4.55116e-15 0)
(1 8.33917e-15 0)
(1 -4.65595e-15 0)
(1 -5.22937e-16 0)
(1 -4.77064e-15 0)
(1 9.55217e-16 0)
(1 -3.78005e-15 0)
(1 1.08246e-15 0)
(1 -8.39194e-15 0)
(1 -3.96893e-15 0)
(1 -4.99373e-15 0)
(1 2.34943e-15 0)
(1 -6.20684e-15 0)
(1 3.31878e-15 0)
(1 1.6395e-15 0)
(1 1.06343e-14 0)
(1 3.79969e-15 0)
(1 -3.02499e-15 0)
(1 5.12058e-16 0)
(1 5.09421e-15 0)
(1 5.23656e-15 0)
(1 7.97403e-15 0)
(1 3.63981e-15 0)
(1 4.24174e-15 0)
(1 3.60553e-15 0)
(1 5.36885e-15 0)
(1 4.3069e-15 0)
(1 2.17612e-15 0)
(1 -3.71541e-15 0)
(1 -2.95884e-15 0)
(1 -8.18897e-16 0)
(1 6.94222e-15 0)
(1 5.53401e-15 0)
(1 3.69818e-15 0)
(1 -5.16368e-15 0)
(1 5.434e-15 0)
(1 7.24283e-15 0)
(1 5.57993e-15 0)
(1 6.84462e-15 0)
(1 6.27027e-15 0)
(1 1.07417e-14 0)
(1 1.11031e-14 0)
(1 9.34492e-15 0)
(1 2.37963e-16 0)
(1 2.47268e-16 0)
(1 -3.42707e-15 0)
(1 -4.56579e-15 0)
(1 -6.9913e-15 0)
(1 -6.01118e-15 0)
(1 -1.9047e-15 0)
(1 2.0251e-15 0)
(1 5.04028e-15 0)
(1 -4.52081e-16 0)
(1 4.18069e-15 0)
(1 -4.63121e-16 0)
(1 -1.43373e-15 0)
(1 -1.1653e-15 0)
(1 -4.02725e-15 0)
(1 -3.1044e-15 0)
(1 -1.64563e-17 0)
(1 -1.18846e-15 0)
(1 4.01207e-15 0)
(1 3.17274e-15 0)
(1 2.4698e-15 0)
(1 2.88192e-15 0)
(1 7.2397e-15 0)
(1 7.85569e-15 0)
(1 7.03036e-16 0)
(1 5.74463e-15 0)
(1 3.92935e-15 0)
(1 9.40491e-15 0)
(1 7.99364e-15 0)
(1 -1.79165e-15 0)
(1 4.8467e-16 0)
(1 5.12277e-15 0)
(1 5.23526e-15 0)
(1 -1.82087e-17 0)
(1 -4.34012e-15 0)
(1 7.67939e-16 0)
(1 5.14845e-15 0)
(1 1.34858e-15 0)
(1 3.92514e-15 0)
(1 -4.41315e-15 0)
(1 4.40297e-16 0)
(1 -2.53875e-15 0)
(1 4.37149e-15 0)
(1 8.15675e-16 0)
(1 -5.94503e-16 0)
(1 -3.1445e-17 0)
(1 -1.21889e-15 0)
(1 2.42474e-15 0)
(1 5.78016e-15 0)
(1 2.24686e-15 0)
(1 6.0638e-15 0)
(1 -1.55034e-16 0)
(1 -3.61932e-16 0)
(1 -9.25654e-15 0)
(1 -7.02159e-15 0)
(1 5.65255e-15 0)
(1 2.23972e-15 0)
(1 6.58691e-15 0)
(1 7.9713e-15 0)
(1 5.63494e-15 0)
(1 9.76811e-16 0)
(1 -1.11715e-15 0)
(1 -2.81269e-15 0)
(1 -2.65247e-15 0)
(1 -4.41659e-15 0)
(1 -3.73785e-15 0)
(1 1.47454e-15 0)
(1 -1.73826e-15 0)
(1 -7.84064e-16 0)
(1 7.1769e-16 0)
(1 1.72801e-14 0)
(1 1.03093e-14 0)
(1 7.06344e-15 0)
(1 -8.08082e-15 0)
(1 -5.99691e-15 0)
(1 -4.71654e-15 0)
(1 2.46367e-15 0)
(1 6.15535e-15 0)
(1 4.80259e-15 0)
(1 5.75937e-15 0)
(1 -1.2089e-15 0)
(1 3.69721e-15 0)
(1 -8.36041e-16 0)
(1 4.52356e-15 0)
(1 -5.72849e-17 0)
(1 2.75111e-15 0)
(1 -8.57383e-17 0)
(1 2.66521e-15 0)
(1 5.41972e-15 0)
(1 9.74939e-15 0)
(1 3.27201e-15 0)
(1 1.88689e-15 0)
(1 1.89707e-16 0)
(1 -1.0081e-15 0)
(1 1.94142e-15 0)
(1 1.48378e-15 0)
(1 4.07676e-15 0)
(1 2.42573e-15 0)
(1 9.35612e-15 0)
(1 8.62427e-15 0)
(1 -1.07998e-15 0)
(1 -4.79862e-15 0)
(1 -2.05625e-16 0)
(1 1.52573e-15 0)
(1 3.30339e-15 0)
(1 9.17032e-15 0)
(1 1.56668e-15 0)
(1 7.07232e-16 0)
(1 -2.5994e-15 0)
(1 5.06615e-15 0)
(1 4.37138e-15 0)
(1 1.37528e-15 0)
(1 1.86788e-15 0)
(1 -2.39586e-15 0)
(1 2.38675e-15 0)
(1 3.06908e-15 0)
(1 6.00023e-15 0)
(1 4.23094e-15 0)
(1 7.49885e-15 0)
(1 1.87124e-15 0)
(1 4.90108e-15 0)
(1 4.15127e-15 0)
(1 1.06735e-14 0)
(1 4.82564e-15 0)
(1 6.52397e-15 0)
(1 9.13109e-15 0)
(1 1.05275e-14 0)
(1 6.26209e-15 0)
(1 6.34672e-15 0)
(1 2.43075e-16 0)
(1 -1.68235e-15 0)
(1 -4.94553e-15 0)
(1 -2.46431e-15 0)
(1 3.27873e-15 0)
(1 4.6928e-15 0)
(1 1.52545e-15 0)
(1 5.12543e-15 0)
(1 -4.75222e-15 0)
(1 -6.1899e-16 0)
(1 -4.0389e-15 0)
(1 -2.94147e-15 0)
(1 3.23274e-15 0)
(1 1.40225e-14 0)
(1 2.01578e-15 0)
(1 8.4371e-15 0)
(1 1.96792e-15 0)
(1 5.55018e-15 0)
(1 7.14936e-15 0)
(1 1.08755e-15 0)
(1 1.20937e-15 0)
(1 -9.94344e-15 0)
(1 -1.25761e-14 0)
(1 -1.0109e-14 0)
(1 -9.7773e-15 0)
(1 -6.95119e-15 0)
(1 8.83804e-15 0)
(1 6.66876e-15 0)
(1 1.22712e-14 0)
(1 3.57315e-15 0)
(1 9.29471e-15 0)
(1 -1.17537e-15 0)
(1 -5.44659e-15 0)
(1 -2.50299e-15 0)
(1 2.31399e-15 0)
(1 -6.91484e-15 0)
(1 2.02276e-16 0)
(1 2.7043e-15 0)
(1 4.05468e-15 0)
(1 -2.15993e-15 0)
(1 5.67202e-15 0)
(1 -5.64608e-15 0)
(1 -2.60037e-15 0)
(1 -5.12531e-15 0)
(1 -3.30536e-16 0)
(1 4.33576e-15 0)
(1 3.76491e-15 0)
(1 6.13079e-15 0)
(1 8.32727e-15 0)
(1 3.00584e-15 0)
(1 8.43065e-15 0)
(1 2.7244e-15 0)
(1 7.60123e-15 0)
(1 2.53445e-15 0)
(1 5.93044e-15 0)
(1 4.23662e-15 0)
(1 5.72092e-15 0)
(1 -6.99546e-16 0)
(1 -1.96702e-15 0)
(1 -7.15252e-16 0)
(1 1.77051e-15 0)
(1 9.95528e-15 0)
(1 1.04949e-14 0)
(1 7.71025e-15 0)
(1 1.62529e-15 0)
(1 4.4845e-15 0)
(1 7.22776e-15 0)
(1 2.90848e-15 0)
(1 1.03972e-15 0)
(1 3.93493e-15 0)
(1 2.94759e-15 0)
(1 5.79022e-15 0)
(1 6.61767e-15 0)
(1 1.09852e-15 0)
(1 3.03e-15 0)
(1 5.51568e-15 0)
(1 5.06596e-15 0)
(1 -2.36756e-15 0)
(1 1.41633e-16 0)
(1 -4.71277e-15 0)
(1 -9.05107e-16 0)
(1 -4.17983e-16 0)
(1 -3.98856e-16 0)
(1 1.66337e-15 0)
(1 3.25414e-15 0)
(1 3.60195e-15 0)
(1 5.21093e-15 0)
(1 -1.3883e-15 0)
(1 1.37273e-15 0)
(1 5.54011e-15 0)
(1 3.44604e-15 0)
(1 4.26415e-15 0)
(1 8.24696e-16 0)
(1 4.58741e-15 0)
(1 8.86109e-15 0)
(1 1.1177e-14 0)
(1 1.08451e-14 0)
(1 1.43503e-14 0)
(1 6.65409e-15 0)
(1 1.08319e-14 0)
(1 -2.02266e-15 0)
(1 -4.74576e-15 0)
(1 -5.60714e-15 0)
(1 -9.84046e-15 0)
(1 7.5724e-16 0)
(1 8.17946e-15 0)
(1 7.66e-15 0)
(1 4.21816e-15 0)
(1 -3.97669e-15 0)
(1 -1.57579e-15 0)
(1 -5.57683e-15 0)
(1 -6.11644e-16 0)
(1 6.46668e-15 0)
(1 1.58342e-14 0)
(1 5.24097e-15 0)
(1 7.06346e-15 0)
(1 -2.37351e-15 0)
(1 6.87209e-15 0)
(1 9.74806e-16 0)
(1 -3.78715e-15 0)
(1 -9.57531e-15 0)
(1 -2.22698e-15 0)
(1 6.79759e-15 0)
(1 9.74092e-16 0)
(1 -8.06521e-15 0)
(1 -4.88857e-17 0)
(1 3.70151e-15 0)
(1 4.01526e-15 0)
(1 8.65472e-17 0)
(1 3.20933e-15 0)
(1 -4.27244e-15 0)
(1 -4.15411e-15 0)
(1 -1.24717e-14 0)
(1 -3.84081e-15 0)
(1 3.22365e-15 0)
(1 5.4608e-15 0)
(1 3.80905e-15 0)
(1 3.31621e-15 0)
(1 -2.49121e-15 0)
(1 -1.20868e-15 0)
(1 2.06471e-15 0)
(1 -4.9079e-15 0)
(1 -1.04088e-16 0)
(1 1.04833e-15 0)
(1 1.3345e-14 0)
(1 1.04683e-14 0)
(1 8.81753e-15 0)
(1 -2.20262e-15 0)
(1 6.71507e-15 0)
(1 1.03082e-15 0)
(1 6.03554e-15 0)
(1 7.97374e-15 0)
(1 6.74941e-15 0)
(1 1.07095e-14 0)
(1 5.92407e-15 0)
(1 9.48707e-15 0)
(1 -4.14304e-16 0)
(1 -5.02554e-15 0)
(1 6.31153e-15 0)
(1 1.31657e-18 0)
(1 3.47459e-15 0)
(1 -4.49326e-15 0)
(1 8.6431e-16 0)
(1 -2.71151e-15 0)
(1 2.13197e-15 0)
(1 2.04142e-15 0)
(1 1.00726e-14 0)
(1 2.08484e-14 0)
(1 1.10876e-14 0)
(1 1.73468e-14 0)
(1 1.21659e-14 0)
(1 1.15879e-14 0)
(1 1.00717e-14 0)
(1 1.51696e-15 0)
(1 1.19083e-15 0)
(1 4.29363e-16 0)
(1 8.39067e-16 0)
(1 5.47862e-15 0)
(1 7.73621e-15 0)
(1 -1.69006e-15 0)
(1 -3.866e-16 0)
(1 2.37596e-16 0)
(1 4.03493e-15 0)
(1 3.40556e-16 0)
(1 -2.27569e-15 0)
(1 -6.71816e-16 0)
(1 5.52432e-16 0)
(1 -3.13487e-15 0)
(1 1.95868e-15 0)
(1 1.87424e-15 0)
(1 1.79645e-15 0)
(1 4.11973e-15 0)
(1 4.37763e-15 0)
(1 7.87725e-15 0)
(1 1.27677e-14 0)
(1 1.76894e-14 0)
(1 1.90606e-14 0)
(1 2.07448e-14 0)
(1 2.18576e-14 0)
(1 2.09415e-14 0)
(1 -2.14933e-16 0)
(1 3.43666e-16 0)
(1 3.79357e-15 0)
(1 1.50318e-15 0)
(1 -3.47306e-16 0)
(1 -2.1296e-15 0)
(1 3.00634e-15 0)
(1 -2.33199e-15 0)
(1 5.04177e-15 0)
(1 1.36378e-15 0)
(1 4.74059e-15 0)
(1 -2.58434e-15 0)
(1 1.39544e-15 0)
(1 -2.26691e-15 0)
(1 1.96183e-15 0)
(1 -2.27992e-15 0)
(1 -3.69595e-15 0)
(1 3.47109e-15 0)
(1 -3.24038e-16 0)
(1 5.53704e-15 0)
(1 -7.68961e-15 0)
(1 -3.92304e-15 0)
(1 2.56909e-15 0)
(1 4.79096e-15 0)
(1 -6.72934e-16 0)
(1 6.5773e-15 0)
(1 4.11401e-15 0)
(1 4.85835e-15 0)
(1 -5.1264e-15 0)
(1 3.3257e-15 0)
(1 -2.64474e-15 0)
(1 8.0348e-15 0)
(1 -2.00332e-15 0)
(1 5.52329e-16 0)
(1 -9.64448e-15 0)
(1 -1.75151e-15 0)
(1 -3.49792e-15 0)
(1 -3.63717e-15 0)
(1 -4.16832e-15 0)
(1 6.8182e-15 0)
(1 -1.75352e-16 0)
(1 2.65214e-15 0)
(1 1.00682e-15 0)
(1 5.41168e-15 0)
(1 -3.40976e-15 0)
(1 -3.16669e-15 0)
(1 3.98633e-15 0)
(1 -1.94113e-16 0)
(1 5.29105e-15 0)
(1 7.62983e-15 0)
(1 9.13772e-15 0)
(1 5.6648e-15 0)
(1 6.8412e-15 0)
(1 4.7789e-15 0)
(1 3.02121e-15 0)
(1 5.58261e-15 0)
(1 2.1036e-15 0)
(1 1.4163e-15 0)
(1 1.16972e-14 0)
(1 9.66331e-15 0)
(1 5.51183e-15 0)
(1 -3.03013e-16 0)
(1 6.39084e-15 0)
(1 1.45384e-15 0)
(1 2.69549e-15 0)
(1 4.19663e-15 0)
(1 6.72241e-15 0)
(1 1.70948e-14 0)
(1 2.24035e-14 0)
(1 1.52641e-14 0)
(1 4.38298e-15 0)
(1 7.5348e-15 0)
(1 1.55621e-15 0)
(1 1.08244e-16 0)
(1 1.18119e-15 0)
(1 5.22869e-15 0)
(1 1.05611e-14 0)
(1 8.34056e-15 0)
(1 4.1459e-15 0)
(1 1.13179e-15 0)
(1 3.45487e-15 0)
(1 3.96175e-16 0)
(1 -2.71096e-15 0)
(1 -1.9893e-15 0)
(1 -8.13154e-16 0)
(1 2.31442e-15 0)
(1 4.03053e-15 0)
(1 7.32613e-15 0)
(1 3.80133e-15 0)
(1 1.85735e-15 0)
(1 3.62472e-15 0)
(1 5.29289e-15 0)
(1 8.33936e-15 0)
(1 1.19008e-14 0)
(1 1.79013e-14 0)
(1 1.13395e-14 0)
(1 1.63947e-14 0)
(1 1.20461e-14 0)
(1 2.63358e-14 0)
(1 2.53194e-14 0)
(1 -9.63429e-16 0)
(1 1.51556e-15 0)
(1 -3.89298e-15 0)
(1 -1.461e-17 0)
(1 -5.15237e-15 0)
(1 -2.52348e-15 0)
(1 -3.27609e-15 0)
(1 -4.13227e-15 0)
(1 5.09964e-15 0)
(1 5.58782e-15 0)
(1 6.62967e-15 0)
(1 1.7888e-15 0)
(1 9.34141e-16 0)
(1 -1.02321e-14 0)
(1 -1.5813e-15 0)
(1 -6.71517e-16 0)
(1 8.27895e-15 0)
(1 -1.8192e-16 0)
(1 3.82972e-15 0)
(1 4.36328e-15 0)
(1 4.266e-15 0)
(1 1.65664e-15 0)
(1 -6.90536e-15 0)
(1 -3.58707e-15 0)
(1 5.06055e-15 0)
(1 -3.0216e-16 0)
(1 -3.51479e-15 0)
(1 -6.37556e-15 0)
(1 -2.20702e-15 0)
(1 -4.12283e-15 0)
(1 -4.29619e-15 0)
(1 6.85378e-15 0)
(1 7.55061e-15 0)
(1 6.08951e-15 0)
(1 -8.5748e-15 0)
(1 -1.65507e-15 0)
(1 -2.49509e-16 0)
(1 -9.76556e-16 0)
(1 -4.89411e-16 0)
(1 -1.06385e-15 0)
(1 -3.57794e-15 0)
(1 -1.22039e-15 0)
(1 1.93601e-16 0)
(1 -1.42559e-15 0)
(1 -2.04561e-15 0)
(1 -5.72317e-15 0)
(1 6.52174e-15 0)
(1 5.19956e-15 0)
(1 5.48794e-15 0)
(1 1.36953e-14 0)
(1 1.76243e-14 0)
(1 1.25097e-14 0)
(1 1.11345e-14 0)
(1 1.13291e-15 0)
(1 8.41434e-16 0)
(1 -1.07051e-15 0)
(1 -7.41535e-16 0)
(1 1.84799e-15 0)
(1 8.38349e-17 0)
(1 8.85229e-15 0)
(1 7.89463e-15 0)
(1 7.63806e-15 0)
(1 6.84648e-15 0)
(1 2.55514e-15 0)
(1 1.79118e-15 0)
(1 9.32489e-15 0)
(1 7.42084e-15 0)
(1 -2.49056e-16 0)
(1 1.21464e-14 0)
(1 9.08618e-15 0)
(1 8.79232e-15 0)
(1 9.95248e-15 0)
(1 6.83494e-15 0)
(1 3.29333e-16 0)
(1 6.29747e-15 0)
(1 9.3062e-15 0)
(1 9.60813e-15 0)
(1 1.04367e-14 0)
(1 9.79875e-15 0)
(1 7.30923e-15 0)
(1 1.61752e-16 0)
(1 4.37454e-16 0)
(1 1.89044e-18 0)
(1 -1.06441e-15 0)
(1 2.50343e-15 0)
(1 -1.93581e-15 0)
(1 6.56392e-16 0)
(1 2.36712e-15 0)
(1 4.63305e-15 0)
(1 1.46991e-15 0)
(1 6.22896e-15 0)
(1 9.68593e-16 0)
(1 1.00271e-14 0)
(1 2.48e-15 0)
(1 1.50028e-14 0)
(1 6.34777e-15 0)
(1 1.06765e-14 0)
(1 9.64539e-15 0)
(1 2.00361e-14 0)
(1 2.25788e-14 0)
(1 1.64855e-15 0)
(1 -3.00567e-15 0)
(1 -1.65298e-15 0)
(1 2.33116e-15 0)
(1 -2.3205e-15 0)
(1 1.14031e-16 0)
(1 -7.56517e-15 0)
(1 6.14838e-15 0)
(1 -3.04326e-16 0)
(1 9.77528e-15 0)
(1 4.5665e-15 0)
(1 7.58364e-15 0)
(1 4.20015e-15 0)
(1 -4.88641e-15 0)
(1 -5.99045e-15 0)
(1 -2.68889e-15 0)
(1 2.69895e-15 0)
(1 -1.03319e-14 0)
(1 1.45655e-15 0)
(1 -1.22411e-14 0)
(1 1.98401e-15 0)
(1 5.10694e-15 0)
(1 1.24858e-14 0)
(1 9.22176e-15 0)
(1 7.61311e-15 0)
(1 -6.15664e-16 0)
(1 -5.32615e-15 0)
(1 3.04546e-15 0)
(1 2.85088e-15 0)
(1 4.40938e-16 0)
(1 -2.39677e-15 0)
(1 -4.90976e-15 0)
(1 1.40067e-15 0)
(1 9.65673e-16 0)
(1 -2.44966e-15 0)
(1 -9.33422e-15 0)
(1 3.61009e-15 0)
(1 -2.92491e-17 0)
(1 -2.74082e-15 0)
(1 -6.04761e-15 0)
(1 -2.12236e-15 0)
(1 6.46569e-15 0)
(1 2.01031e-15 0)
(1 -3.73761e-15 0)
(1 -4.96504e-15 0)
(1 2.46643e-15 0)
(1 -1.18941e-16 0)
(1 8.09103e-15 0)
(1 1.02745e-14 0)
(1 1.43938e-14 0)
(1 1.47374e-14 0)
(1 8.68789e-15 0)
(1 9.96057e-16 0)
(1 1.26592e-15 0)
(1 4.60462e-15 0)
(1 -2.9149e-15 0)
(1 -4.13333e-15 0)
(1 -3.22617e-15 0)
(1 2.3446e-15 0)
(1 1.13329e-14 0)
(1 2.03975e-14 0)
(1 7.32576e-15 0)
(1 5.42614e-15 0)
(1 1.55696e-15 0)
(1 1.24095e-14 0)
(1 3.16177e-15 0)
(1 6.56004e-15 0)
(1 6.33625e-15 0)
(1 -2.87851e-16 0)
(1 7.765e-15 0)
(1 1.33326e-14 0)
(1 1.21033e-14 0)
(1 5.22463e-15 0)
(1 -3.31198e-16 0)
(1 5.54431e-15 0)
(1 6.16421e-15 0)
(1 2.96535e-15 0)
(1 7.81706e-15 0)
(1 2.19175e-15 0)
(1 3.80551e-15 0)
(1 5.05659e-15 0)
(1 5.77182e-15 0)
(1 8.05189e-15 0)
(1 7.90228e-15 0)
(1 2.05379e-15 0)
(1 -5.53202e-15 0)
(1 8.23103e-16 0)
(1 1.88307e-15 0)
(1 8.80212e-15 0)
(1 9.64169e-16 0)
(1 8.04771e-15 0)
(1 3.44245e-15 0)
(1 7.51016e-15 0)
(1 3.94192e-15 0)
(1 9.58411e-15 0)
(1 1.53136e-14 0)
(1 1.08532e-14 0)
(1 1.08148e-14 0)
(1 1.13025e-14 0)
(1 1.67487e-14 0)
(1 3.33101e-15 0)
(1 -1.8504e-16 0)
(1 -5.46412e-15 0)
(1 -2.86798e-16 0)
(1 -1.54183e-15 0)
(1 -4.05877e-15 0)
(1 -5.46576e-15 0)
(1 1.48565e-15 0)
(1 -1.12492e-15 0)
(1 7.64699e-16 0)
(1 7.46958e-15 0)
(1 9.54638e-15 0)
(1 2.70438e-15 0)
(1 1.81577e-15 0)
(1 -6.86343e-15 0)
(1 6.21094e-16 0)
(1 -3.81619e-15 0)
(1 8.37085e-15 0)
(1 5.99724e-15 0)
(1 6.76139e-15 0)
(1 6.93938e-15 0)
(1 -5.51375e-15 0)
(1 -5.56333e-15 0)
(1 -6.03063e-15 0)
(1 1.05643e-15 0)
(1 -4.70939e-15 0)
(1 -6.18026e-15 0)
(1 4.60906e-15 0)
(1 -6.22111e-16 0)
(1 -3.35298e-15 0)
(1 -5.20411e-15 0)
(1 -1.05453e-14 0)
(1 -1.42933e-15 0)
(1 -2.37957e-15 0)
(1 7.11702e-15 0)
(1 5.5794e-15 0)
(1 5.19317e-15 0)
(1 -5.15727e-15 0)
(1 -1.35104e-15 0)
(1 2.03741e-16 0)
(1 -2.55023e-15 0)
(1 2.75039e-15 0)
(1 -5.69606e-15 0)
(1 -1.10287e-14 0)
(1 -3.4774e-15 0)
(1 9.30256e-15 0)
(1 2.30694e-15 0)
(1 1.85181e-14 0)
(1 1.64438e-14 0)
(1 1.44776e-14 0)
(1 4.09038e-15 0)
(1 6.97389e-15 0)
(1 -1.3941e-15 0)
(1 1.53984e-15 0)
(1 2.83228e-15 0)
(1 5.97897e-16 0)
(1 -4.54703e-15 0)
(1 -1.28122e-15 0)
(1 -2.00237e-15 0)
(1 6.67557e-16 0)
(1 -3.53523e-15 0)
(1 3.90331e-15 0)
(1 2.43431e-15 0)
(1 1.57933e-14 0)
(1 1.31462e-14 0)
(1 8.05261e-15 0)
(1 3.44772e-15 0)
(1 8.28634e-15 0)
(1 4.49366e-15 0)
(1 -5.31992e-16 0)
(1 4.36778e-15 0)
(1 -1.33132e-15 0)
(1 4.60371e-15 0)
(1 7.67515e-15 0)
(1 5.57146e-15 0)
(1 1.46929e-15 0)
(1 6.68574e-16 0)
(1 4.51437e-15 0)
(1 -2.4947e-15 0)
(1 7.0449e-15 0)
(1 6.15108e-15 0)
(1 1.14015e-14 0)
(1 7.18105e-15 0)
(1 8.01094e-15 0)
(1 1.84915e-15 0)
(1 4.05477e-15 0)
(1 3.64334e-15 0)
(1 8.95918e-15 0)
(1 6.05387e-15 0)
(1 4.76596e-15 0)
(1 7.41235e-15 0)
(1 6.40531e-15 0)
(1 -2.63405e-15 0)
(1 2.33718e-15 0)
(1 3.18007e-15 0)
(1 1.05614e-14 0)
(1 8.56857e-15 0)
(1 7.77385e-15 0)
(1 4.72781e-15 0)
(1 8.44551e-15 0)
(1 -6.08173e-16 0)
(1 4.36809e-15 0)
(1 -4.17469e-15 0)
(1 -6.76128e-15 0)
(1 -1.90055e-15 0)
(1 -3.47816e-15 0)
(1 -1.639e-15 0)
(1 -5.05656e-16 0)
(1 6.16754e-15 0)
(1 6.07271e-15 0)
(1 7.35251e-15 0)
(1 1.05822e-15 0)
(1 -5.19874e-15 0)
(1 6.00999e-17 0)
(1 -5.3212e-15 0)
(1 3.59752e-15 0)
(1 -7.38686e-16 0)
(1 3.97141e-15 0)
(1 -8.57183e-15 0)
(1 8.45664e-15 0)
(1 -4.28736e-15 0)
(1 2.84711e-15 0)
(1 -8.86753e-15 0)
(1 -6.87896e-16 0)
(1 7.8372e-15 0)
(1 6.16057e-15 0)
(1 -1.12677e-15 0)
(1 -4.16983e-16 0)
(1 -2.85627e-15 0)
(1 -3.87282e-16 0)
(1 -6.97278e-15 0)
(1 -6.16128e-15 0)
(1 -3.44692e-15 0)
(1 -6.09936e-15 0)
(1 8.23523e-15 0)
(1 1.2708e-14 0)
(1 6.19979e-15 0)
(1 -1.89431e-15 0)
(1 -4.80649e-15 0)
(1 -9.96154e-15 0)
(1 -7.07593e-15 0)
(1 -4.11054e-15 0)
(1 -2.21822e-15 0)
(1 -1.7969e-16 0)
(1 1.22124e-14 0)
(1 9.63703e-15 0)
(1 1.21716e-14 0)
(1 7.5361e-15 0)
(1 3.13305e-15 0)
(1 3.41929e-15 0)
(1 -6.01572e-15 0)
(1 5.97264e-15 0)
(1 1.12234e-15 0)
(1 7.32477e-15 0)
(1 1.38571e-15 0)
(1 5.88617e-15 0)
(1 8.23329e-15 0)
(1 1.4629e-14 0)
(1 -1.20552e-16 0)
(1 4.33601e-15 0)
(1 -7.38576e-15 0)
(1 2.73375e-15 0)
(1 -3.80859e-15 0)
(1 8.72129e-15 0)
(1 -3.9874e-15 0)
(1 1.11246e-14 0)
(1 7.92496e-15 0)
(1 1.39978e-14 0)
(1 3.59212e-15 0)
(1 -9.48106e-16 0)
(1 3.16965e-16 0)
(1 -5.95856e-16 0)
(1 6.89649e-15 0)
(1 1.91526e-14 0)
(1 5.39104e-15 0)
(1 4.63467e-15 0)
(1 5.75854e-15 0)
(1 1.04548e-14 0)
(1 1.25414e-14 0)
(1 9.98706e-15 0)
(1 3.0132e-15 0)
(1 6.09853e-15 0)
(1 7.6554e-15 0)
(1 1.28138e-15 0)
(1 9.77004e-16 0)
(1 1.10208e-14 0)
(1 4.7131e-15 0)
(1 1.00113e-14 0)
(1 4.95732e-15 0)
(1 1.03801e-14 0)
(1 1.08651e-14 0)
(1 6.35045e-15 0)
(1 2.36717e-15 0)
(1 1.44242e-15 0)
(1 -3.24665e-15 0)
(1 2.88968e-15 0)
(1 7.8223e-15 0)
(1 1.33204e-14 0)
(1 8.6084e-15 0)
(1 8.52666e-15 0)
(1 1.77511e-15 0)
(1 -9.89969e-16 0)
(1 2.41216e-15 0)
(1 -5.80183e-15 0)
(1 -1.83009e-16 0)
(1 -4.44863e-15 0)
(1 -2.37638e-16 0)
(1 -9.69734e-15 0)
(1 -1.89774e-17 0)
(1 5.11557e-15 0)
(1 1.50072e-15 0)
(1 1.58248e-15 0)
(1 5.41872e-15 0)
(1 -4.66517e-16 0)
(1 5.374e-15 0)
(1 -3.86986e-15 0)
(1 1.68109e-15 0)
(1 -1.14506e-14 0)
(1 -7.70468e-15 0)
(1 3.26321e-15 0)
(1 -4.60099e-15 0)
(1 3.09508e-15 0)
(1 6.64857e-15 0)
(1 7.20498e-15 0)
(1 7.87428e-15 0)
(1 7.45319e-15 0)
(1 5.97743e-15 0)
(1 -5.33067e-15 0)
(1 -7.61493e-15 0)
(1 -4.82866e-15 0)
(1 -2.81576e-15 0)
(1 7.73026e-17 0)
(1 2.31659e-15 0)
(1 -1.90767e-16 0)
(1 2.7525e-15 0)
(1 4.04904e-15 0)
(1 -2.00721e-15 0)
(1 1.5322e-15 0)
(1 -4.68952e-15 0)
(1 -1.043e-14 0)
(1 -4.63422e-15 0)
(1 -8.22327e-15 0)
(1 -7.2998e-16 0)
(1 1.19766e-14 0)
(1 5.88653e-15 0)
(1 7.12483e-15 0)
(1 1.02932e-14 0)
(1 -2.82119e-15 0)
(1 -5.96881e-15 0)
(1 -3.83369e-15 0)
(1 6.44845e-15 0)
(1 7.4114e-15 0)
(1 7.90224e-15 0)
(1 1.1088e-14 0)
(1 7.34515e-15 0)
(1 5.91069e-15 0)
(1 9.90808e-15 0)
(1 6.82629e-15 0)
(1 5.48384e-15 0)
(1 7.74725e-15 0)
(1 5.68978e-15 0)
(1 2.6246e-15 0)
(1 3.05761e-15 0)
(1 -1.59354e-15 0)
(1 4.27085e-15 0)
(1 1.81329e-15 0)
(1 9.90599e-15 0)
(1 1.55309e-14 0)
(1 1.42601e-14 0)
(1 7.90562e-15 0)
(1 5.39152e-15 0)
(1 3.52302e-15 0)
(1 3.66779e-15 0)
(1 1.28896e-14 0)
(1 7.70117e-15 0)
(1 1.02194e-14 0)
(1 7.04598e-15 0)
(1 4.46955e-15 0)
(1 7.82213e-15 0)
(1 7.19714e-15 0)
(1 9.91539e-15 0)
(1 6.0474e-15 0)
(1 2.84232e-15 0)
(1 3.84404e-15 0)
(1 2.42502e-15 0)
(1 4.60183e-19 0)
(1 1.48647e-15 0)
(1 2.85302e-15 0)
(1 1.31676e-15 0)
(1 8.53017e-15 0)
(1 4.62375e-15 0)
(1 5.53797e-15 0)
(1 7.442e-15 0)
(1 2.46265e-15 0)
(1 7.43248e-15 0)
(1 3.50863e-16 0)
(1 8.08083e-15 0)
(1 1.03994e-14 0)
(1 1.19819e-14 0)
(1 1.17878e-14 0)
(1 -2.32887e-15 0)
(1 -3.70801e-15 0)
(1 -1.14701e-15 0)
(1 -2.1625e-15 0)
(1 6.56683e-15 0)
(1 4.88262e-15 0)
(1 1.47165e-14 0)
(1 3.87796e-15 0)
(1 -1.61887e-15 0)
(1 -1.13215e-14 0)
(1 -1.13533e-14 0)
(1 -2.75918e-15 0)
(1 1.28878e-15 0)
(1 -5.30179e-15 0)
(1 3.34897e-15 0)
(1 -5.45841e-15 0)
(1 -2.63403e-15 0)
(1 -1.6548e-15 0)
(1 -4.41251e-15 0)
(1 -5.89836e-15 0)
(1 7.33347e-15 0)
(1 1.28498e-15 0)
(1 7.32896e-15 0)
(1 3.46187e-16 0)
(1 1.26044e-16 0)
(1 -3.60112e-15 0)
(1 -3.94711e-15 0)
(1 -9.17536e-15 0)
(1 -7.80954e-15 0)
(1 -8.76145e-15 0)
(1 2.63278e-16 0)
(1 4.16803e-15 0)
(1 7.75596e-15 0)
(1 4.537e-15 0)
(1 -1.31892e-15 0)
(1 5.11716e-15 0)
(1 -5.65567e-15 0)
(1 1.74045e-15 0)
(1 -1.86825e-15 0)
(1 1.59009e-15 0)
(1 -7.22339e-15 0)
(1 -6.59177e-15 0)
(1 9.70982e-15 0)
(1 7.04961e-15 0)
(1 6.60918e-15 0)
(1 -1.72586e-15 0)
(1 1.86423e-15 0)
(1 2.28985e-16 0)
(1 5.67812e-16 0)
(1 -7.58994e-16 0)
(1 1.01585e-14 0)
(1 8.12332e-15 0)
(1 1.02121e-14 0)
(1 3.00123e-15 0)
(1 1.8354e-15 0)
(1 5.44648e-16 0)
(1 5.39057e-15 0)
(1 -4.0614e-16 0)
(1 5.15481e-15 0)
(1 -1.43663e-15 0)
(1 7.03891e-16 0)
(1 2.93296e-16 0)
(1 4.74669e-15 0)
(1 -3.01346e-16 0)
(1 4.14238e-15 0)
(1 -3.38566e-15 0)
(1 -2.60974e-15 0)
(1 -3.22838e-15 0)
(1 8.97313e-15 0)
(1 4.802e-15 0)
(1 6.38224e-15 0)
(1 5.41256e-15 0)
(1 1.06152e-14 0)
(1 1.22044e-14 0)
(1 1.33868e-14 0)
(1 8.97752e-15 0)
(1 2.20795e-15 0)
(1 1.47852e-15 0)
(1 3.29363e-15 0)
(1 1.20438e-14 0)
(1 6.31069e-15 0)
(1 8.42958e-15 0)
(1 4.48855e-15 0)
(1 1.40899e-14 0)
(1 9.73843e-15 0)
(1 6.90232e-15 0)
(1 4.58319e-16 0)
(1 -4.40263e-15 0)
(1 -2.92075e-15 0)
(1 4.32807e-15 0)
(1 -2.72458e-15 0)
(1 7.54043e-16 0)
(1 3.51217e-15 0)
(1 3.93245e-15 0)
(1 8.61424e-15 0)
(1 8.61855e-15 0)
(1 5.48328e-15 0)
(1 8.594e-15 0)
(1 8.88484e-15 0)
(1 8.11338e-15 0)
(1 -4.09568e-15 0)
(1 -3.41067e-15 0)
(1 3.17759e-15 0)
(1 2.50472e-15 0)
(1 4.48222e-15 0)
(1 1.60153e-16 0)
(1 -2.02289e-15 0)
(1 1.23183e-14 0)
(1 4.49227e-15 0)
(1 6.97597e-16 0)
(1 -8.88821e-15 0)
(1 -8.96996e-15 0)
(1 -1.68289e-14 0)
(1 -6.5319e-15 0)
(1 -2.24713e-15 0)
(1 4.65625e-15 0)
(1 -7.63762e-16 0)
(1 -2.7597e-15 0)
(1 -9.52192e-15 0)
(1 -1.64065e-14 0)
(1 -5.07108e-15 0)
(1 8.07525e-16 0)
(1 1.45466e-14 0)
(1 1.47381e-14 0)
(1 6.31409e-15 0)
(1 2.02389e-15 0)
(1 -2.32533e-15 0)
(1 3.4587e-15 0)
(1 3.92765e-15 0)
(1 -8.83931e-16 0)
(1 -3.54174e-16 0)
(1 -1.37856e-15 0)
(1 -3.24936e-17 0)
(1 -2.82098e-15 0)
(1 -5.45589e-16 0)
(1 -3.02767e-15 0)
(1 -3.16095e-15 0)
(1 7.86115e-15 0)
(1 3.06594e-16 0)
(1 2.53247e-15 0)
(1 -9.85615e-15 0)
(1 -6.07584e-15 0)
(1 -8.29101e-15 0)
(1 -5.59927e-15 0)
(1 -3.26499e-15 0)
(1 -2.48312e-15 0)
(1 -3.65417e-15 0)
(1 4.22869e-15 0)
(1 6.03956e-15 0)
(1 8.72093e-15 0)
(1 1.20143e-15 0)
(1 4.76175e-15 0)
(1 8.12754e-15 0)
(1 1.97272e-15 0)
(1 9.33543e-17 0)
(1 -2.70923e-15 0)
(1 1.58628e-15 0)
(1 5.67085e-15 0)
(1 5.8827e-15 0)
(1 8.83003e-15 0)
(1 7.61293e-15 0)
(1 9.71905e-15 0)
(1 1.06433e-15 0)
(1 1.76509e-15 0)
(1 -8.43075e-15 0)
(1 -6.31948e-16 0)
(1 -2.05593e-15 0)
(1 -4.70653e-15 0)
(1 -1.41613e-15 0)
(1 8.98317e-15 0)
(1 4.34212e-15 0)
(1 1.67754e-14 0)
(1 1.62817e-14 0)
(1 1.60998e-14 0)
(1 1.21621e-14 0)
(1 1.18853e-14 0)
(1 5.28246e-15 0)
(1 7.08961e-15 0)
(1 7.36584e-15 0)
(1 6.68764e-15 0)
(1 1.35121e-15 0)
(1 -1.62907e-15 0)
(1 3.0717e-15 0)
(1 7.12464e-15 0)
(1 1.17284e-14 0)
(1 1.63022e-14 0)
(1 6.04229e-15 0)
(1 1.95866e-15 0)
(1 -1.98704e-16 0)
(1 5.63531e-15 0)
(1 -7.35695e-17 0)
(1 -7.86733e-16 0)
(1 5.1097e-15 0)
(1 4.76956e-15 0)
(1 3.86829e-15 0)
(1 1.17629e-14 0)
(1 3.26569e-15 0)
(1 5.22466e-15 0)
(1 8.89775e-15 0)
(1 7.48487e-15 0)
(1 9.51657e-16 0)
(1 2.02133e-15 0)
(1 2.34699e-15 0)
(1 2.64275e-15 0)
(1 -6.34433e-15 0)
(1 -6.14288e-16 0)
(1 -7.20241e-15 0)
(1 2.30809e-15 0)
(1 3.3063e-15 0)
(1 5.60457e-15 0)
(1 -4.43163e-15 0)
(1 -7.45895e-15 0)
(1 -1.37931e-14 0)
(1 -4.66444e-15 0)
(1 -4.06397e-15 0)
(1 1.67081e-15 0)
(1 -1.72387e-15 0)
(1 -4.80193e-15 0)
(1 2.15965e-15 0)
(1 8.4023e-15 0)
(1 -2.92658e-15 0)
(1 -1.12122e-15 0)
(1 8.5656e-16 0)
(1 -1.86065e-15 0)
(1 -7.75051e-15 0)
(1 -2.45549e-15 0)
(1 4.71048e-15 0)
(1 -4.27192e-16 0)
(1 1.00285e-15 0)
(1 -1.71704e-15 0)
(1 -4.73674e-15 0)
(1 -4.05051e-15 0)
(1 -3.1595e-15 0)
(1 4.45907e-15 0)
(1 4.87229e-15 0)
(1 1.35349e-15 0)
(1 1.69646e-15 0)
(1 -6.3582e-16 0)
(1 -5.30979e-16 0)
(1 -7.74589e-16 0)
(1 1.61974e-16 0)
(1 -3.27083e-15 0)
(1 -1.45337e-14 0)
(1 -3.98585e-15 0)
(1 -2.75448e-15 0)
(1 1.73664e-15 0)
(1 6.34512e-16 0)
(1 -2.35728e-15 0)
(1 -6.94042e-15 0)
(1 -1.66098e-15 0)
(1 1.74419e-16 0)
(1 4.14493e-15 0)
(1 -2.25497e-16 0)
(1 2.50179e-15 0)
(1 -3.18753e-15 0)
(1 -1.35391e-15 0)
(1 4.04846e-15 0)
(1 7.05233e-15 0)
(1 6.7648e-15 0)
(1 5.95297e-15 0)
(1 6.99732e-15 0)
(1 1.53209e-15 0)
(1 -1.946e-16 0)
(1 -6.7844e-15 0)
(1 -5.18558e-15 0)
(1 -1.97006e-15 0)
(1 2.29761e-15 0)
(1 4.08827e-16 0)
(1 1.07852e-15 0)
(1 9.62818e-15 0)
(1 3.13681e-15 0)
(1 1.32482e-14 0)
(1 1.1357e-14 0)
(1 1.24244e-14 0)
(1 1.16974e-14 0)
(1 1.6813e-14 0)
(1 8.80742e-15 0)
(1 6.52955e-15 0)
(1 2.33597e-15 0)
(1 4.08666e-15 0)
(1 1.48739e-14 0)
(1 4.34217e-16 0)
(1 5.26395e-15 0)
(1 -1.13262e-15 0)
(1 6.37837e-15 0)
(1 4.39542e-15 0)
(1 8.76319e-15 0)
(1 8.14478e-15 0)
(1 6.66792e-15 0)
(1 2.07437e-15 0)
(1 3.7795e-15 0)
(1 -7.75165e-17 0)
(1 4.41099e-15 0)
(1 5.8275e-15 0)
(1 3.30001e-15 0)
(1 -8.06363e-16 0)
(1 3.07798e-15 0)
(1 7.066e-15 0)
(1 1.35528e-14 0)
(1 9.43833e-15 0)
(1 5.9632e-16 0)
(1 -1.24946e-15 0)
(1 1.2261e-15 0)
(1 -2.84474e-15 0)
(1 -5.42506e-15 0)
(1 1.27478e-14 0)
(1 8.34957e-15 0)
(1 8.0919e-15 0)
(1 3.25904e-15 0)
(1 -3.90912e-15 0)
(1 -6.57981e-15 0)
(1 -6.16746e-15 0)
(1 -7.23187e-16 0)
(1 -1.35875e-14 0)
(1 -6.487e-15 0)
(1 -5.61161e-15 0)
(1 -2.13691e-15 0)
(1 1.69494e-15 0)
(1 6.33907e-15 0)
(1 -2.45543e-15 0)
(1 7.95213e-15 0)
(1 6.87109e-15 0)
(1 -1.70706e-15 0)
(1 -5.62027e-15 0)
(1 -5.57721e-15 0)
(1 1.88428e-15 0)
(1 -3.00662e-15 0)
(1 9.28144e-16 0)
(1 -7.00112e-15 0)
(1 5.04649e-17 0)
(1 -6.08349e-15 0)
(1 -2.60672e-15 0)
(1 -3.79355e-15 0)
(1 4.00108e-15 0)
(1 2.91785e-15 0)
(1 1.82695e-15 0)
(1 2.73935e-15 0)
(1 -7.94901e-15 0)
(1 -4.60734e-15 0)
(1 -3.2155e-15 0)
(1 -3.10626e-15 0)
(1 -1.41081e-15 0)
(1 6.71176e-15 0)
(1 1.78207e-15 0)
(1 -1.51542e-15 0)
(1 -3.00386e-15 0)
(1 -2.66282e-15 0)
(1 -2.28234e-15 0)
(1 -3.02074e-15 0)
(1 -2.49612e-15 0)
(1 -8.75864e-15 0)
(1 -7.98937e-15 0)
(1 -4.67786e-15 0)
(1 5.21847e-15 0)
(1 7.58816e-16 0)
(1 9.19735e-16 0)
(1 9.79655e-15 0)
(1 7.01771e-15 0)
(1 8.58553e-15 0)
(1 4.34914e-15 0)
(1 4.43899e-15 0)
(1 -4.11569e-15 0)
(1 -2.416e-15 0)
(1 -8.41346e-15 0)
(1 -4.74173e-15 0)
(1 -3.85021e-15 0)
(1 -2.49555e-15 0)
(1 -1.43339e-15 0)
(1 7.66971e-15 0)
(1 4.24626e-15 0)
(1 5.11947e-15 0)
(1 4.05152e-15 0)
(1 7.72492e-15 0)
(1 8.44749e-15 0)
(1 7.22378e-15 0)
(1 2.88783e-15 0)
(1 8.52586e-15 0)
(1 6.10318e-15 0)
(1 -9.10687e-16 0)
(1 2.88348e-15 0)
(1 9.99277e-15 0)
(1 1.38638e-14 0)
(1 8.99768e-15 0)
(1 8.036e-15 0)
(1 7.16285e-16 0)
(1 8.2731e-16 0)
(1 1.24026e-15 0)
(1 1.21807e-15 0)
(1 7.87289e-17 0)
(1 1.92926e-15 0)
(1 4.09698e-15 0)
(1 6.41134e-15 0)
(1 3.91288e-15 0)
(1 1.40651e-15 0)
(1 -2.96304e-15 0)
(1 -1.82655e-15 0)
(1 2.40201e-15 0)
(1 1.07472e-14 0)
(1 1.63822e-14 0)
(1 8.17249e-15 0)
(1 -2.07822e-15 0)
(1 -4.42091e-15 0)
(1 -1.02507e-15 0)
(1 -3.07302e-15 0)
(1 2.4063e-16 0)
(1 6.58088e-15 0)
(1 6.72461e-15 0)
(1 4.22963e-15 0)
(1 -3.45252e-15 0)
(1 -3.42637e-15 0)
(1 -1.06313e-15 0)
(1 3.18022e-15 0)
(1 1.8305e-15 0)
(1 -1.05851e-14 0)
(1 -1.55259e-14 0)
(1 -8.40472e-15 0)
(1 -6.92674e-15 0)
(1 3.96332e-16 0)
(1 5.85742e-15 0)
(1 -3.94965e-15 0)
(1 8.68146e-15 0)
(1 -5.70657e-16 0)
(1 4.22654e-16 0)
(1 -5.60991e-16 -3.49773e-47)
(1 4.97739e-15 0)
(1 -1.52798e-15 0)
(1 -7.27488e-15 0)
(1 -3.10037e-15 0)
(1 -2.04145e-15 0)
(1 -3.7249e-15 0)
(1 -8.56131e-17 0)
(1 8.24451e-16 0)
(1 -9.45052e-16 0)
(1 -1.6899e-15 0)
(1 -3.97726e-15 0)
(1 8.03371e-16 0)
(1 3.95263e-15 0)
(1 3.83156e-15 0)
(1 9.35396e-15 0)
(1 -2.06991e-15 0)
(1 -8.90817e-15 0)
(1 -6.43688e-15 0)
(1 -3.87693e-16 0)
(1 -4.69053e-15 0)
(1 -6.64221e-15 1.70173e-47)
(1 -2.79597e-15 0)
(1 -6.21686e-15 1.41441e-47)
(1 1.13954e-15 0)
(1 6.14745e-15 0)
(1 2.58232e-16 0)
(1 -6.77798e-15 0)
(1 -5.13927e-15 0)
(1 5.34519e-15 0)
(1 4.71716e-15 0)
(1 5.70107e-15 0)
(1 3.63134e-15 0)
(1 5.58808e-15 0)
(1 5.51012e-15 0)
(1 2.21978e-15 0)
(1 -4.54718e-15 0)
(1 -5.74792e-16 0)
(1 2.15333e-15 0)
(1 -4.87979e-15 0)
(1 -6.14436e-15 0)
(1 -7.00503e-15 0)
(1 -1.69743e-15 0)
(1 -4.92352e-15 0)
(1 2.39006e-15 0)
(1 4.77812e-15 0)
(1 3.56316e-15 -8.15537e-48)
(1 3.82524e-15 9.85561e-48)
(1 -3.32493e-15 9.93277e-48)
(1 2.18075e-15 -8.85125e-48)
(1 4.84494e-15 -8.8323e-48)
(1 1.25131e-14 8.68539e-48)
(1 4.8903e-15 7.58109e-48)
(1 1.10448e-14 -7.52674e-48)
(1 8.83977e-15 -6.78731e-48)
(1 5.30454e-15 7.13681e-48)
(1 1.5195e-15 6.72133e-48)
(1 -5.13311e-16 0)
(1 1.04341e-14 0)
(1 7.86531e-15 1.00342e-47)
(1 8.82156e-15 0)
(1 3.15253e-15 5.74389e-48)
(1 8.75175e-15 -2.77572e-48)
(1 5.31658e-15 5.81952e-48)
(1 5.74097e-15 0)
(1 3.15555e-15 4.93036e-48)
(1 3.88286e-15 -1.17352e-48)
(1 1.11328e-15 3.33451e-48)
(1 -1.38085e-15 0)
(1 -2.60999e-15 1.87357e-48)
(1 2.39947e-15 0)
(1 -2.17194e-15 0)
(1 1.01662e-15 -4.7498e-49)
(1 8.18919e-15 -1.16378e-48)
(1 6.13699e-15 0)
(1 4.73596e-15 -1.51225e-48)
(1 3.45876e-15 -7.35744e-49)
(1 -2.04248e-15 0)
(1 2.49375e-15 0)
(1 -7.86286e-16 0)
(1 4.81366e-15 0)
(1 -6.28748e-16 0)
(1 -3.41927e-15 0)
(1 6.25714e-15 0)
(1 4.11435e-15 0)
(1 1.70419e-15 0)
(1 1.70448e-15 0)
(1 -1.09475e-15 0)
(1 -1.33764e-15 0)
(1 -7.13443e-15 0)
(1 -3.21863e-15 0)
(1 -2.1581e-15 0)
(1 -2.63661e-15 0)
(1 -6.9573e-15 0)
(1 -8.03805e-15 0)
(1 -2.04147e-15 0)
(1 4.14682e-15 0)
(1 4.29655e-15 0)
(1 1.81116e-15 0)
(1 -5.29654e-16 0)
(1 -4.4483e-15 3.49773e-47)
(1 -4.58997e-15 0)
(1 2.4474e-15 0)
(1 3.08099e-15 0)
(1 -3.11997e-15 0)
(1 3.85936e-15 0)
(1 -2.27338e-15 0)
(1 1.76676e-15 0)
(1 -4.90081e-16 0)
(1 -7.96456e-15 0)
(1 -8.33441e-15 0)
(1 -1.0093e-14 0)
(1 -3.50752e-16 0)
(1 2.10333e-15 0)
(1 5.83923e-15 0)
(1 5.62632e-15 0)
(1 3.02576e-15 0)
(1 -4.78365e-15 0)
(1 -1.33244e-15 0)
(1 -1.01268e-14 0)
(1 7.22529e-16 0)
(1 2.53943e-15 -1.70173e-47)
(1 6.69676e-17 0)
(1 -2.95481e-15 -1.41441e-47)
(1 -7.46669e-15 0)
(1 -3.83235e-15 0)
(1 -5.4799e-15 0)
(1 2.45115e-15 0)
(1 3.41682e-15 0)
(1 9.51956e-16 0)
(1 -1.95038e-15 0)
(1 4.25453e-15 0)
(1 7.31758e-15 0)
(1 2.98409e-15 0)
(1 7.90844e-15 0)
(1 4.46049e-15 0)
(1 3.99243e-15 0)
(1 -3.74335e-15 0)
(1 -3.01355e-15 0)
(1 -8.52921e-15 0)
(1 -6.90305e-15 0)
(1 -6.07605e-15 0)
(1 -5.24397e-15 0)
(1 -1.19328e-15 0)
(1 -6.88731e-15 0)
(1 -5.03394e-15 0)
(1 5.6764e-16 8.15537e-48)
(1 -8.20092e-16 -9.85561e-48)
(1 4.73816e-15 -9.93277e-48)
(1 -1.14432e-15 8.85125e-48)
(1 -3.51818e-15 8.8323e-48)
(1 1.7163e-15 -8.68539e-48)
(1 3.18923e-15 -7.58109e-48)
(1 4.22532e-15 7.52674e-48)
(1 -1.10469e-15 6.78731e-48)
(1 5.61307e-15 -7.13681e-48)
(1 7.98295e-15 -6.72133e-48)
(1 5.29161e-15 0)
(1 -1.5966e-15 0)
(1 4.69867e-15 -1.00342e-47)
(1 1.92675e-15 0)
(1 1.9574e-15 -5.74389e-48)
(1 3.16412e-15 2.77572e-48)
(1 1.04047e-14 -5.81952e-48)
(1 5.51202e-15 0)
(1 9.68832e-15 -4.93036e-48)
(1 -3.21349e-15 1.17352e-48)
(1 1.40411e-15 -3.33451e-48)
(1 5.97412e-16 0)
(1 5.02e-15 -1.87357e-48)
(1 8.97944e-15 0)
(1 5.29324e-15 0)
(1 -3.03493e-16 4.7498e-49)
(1 9.77155e-16 1.16378e-48)
(1 6.69205e-15 0)
(1 -1.00758e-15 1.51225e-48)
(1 -1.8959e-15 7.35744e-49)
(1 2.89473e-16 0)
(1 9.1045e-15 0)
(1 -4.73683e-15 0)
(1 3.41844e-15 0)
(1 -1.44332e-15 0)
(1 1.20061e-15 0)
(1 1.2584e-15 0)
(1 -2.24175e-15 0)
(1 1.52808e-15 0)
(1 2.14339e-15 0)
(1 -1.19775e-15 0)
(1 -3.39498e-15 0)
(1 -1.23288e-15 0)
(1 6.9298e-16 0)
(1 8.57142e-15 0)
(1 -1.01193e-15 0)
(1 -1.20021e-14 0)
(1 -1.11888e-14 0)
(1 -1.12897e-14 0)
(1 -5.95469e-15 0)
(1 -6.67998e-15 0)
(1 9.41155e-15 0)
(1 2.9849e-15 0)
(1 3.6196e-15 0)
(1 -6.84102e-15 0)
(1 -3.32999e-15 0)
(1 -1.33911e-15 0)
(1 2.07748e-15 0)
(1 1.1145e-15 0)
(1 1.10818e-14 0)
(1 -1.5532e-15 0)
(1 6.71879e-15 0)
(1 -1.60791e-15 0)
(1 -1.74618e-15 0)
(1 -5.34191e-15 0)
(1 -1.20566e-15 0)
(1 -6.79707e-15 0)
(1 3.39079e-16 0)
(1 -3.15473e-15 0)
(1 4.1101e-15 0)
(1 -1.8815e-15 0)
(1 1.05996e-15 0)
(1 -1.18356e-14 0)
(1 -1.32481e-15 0)
(1 -7.60693e-16 0)
(1 -1.68744e-15 0)
(1 -7.43375e-15 0)
(1 -1.09332e-14 0)
(1 -4.1582e-15 0)
(1 1.67147e-15 0)
(1 2.27759e-15 0)
(1 -2.61897e-15 0)
(1 -6.95914e-15 0)
(1 -4.43875e-15 0)
(1 -1.09546e-15 0)
(1 -1.02595e-15 0)
(1 2.74465e-15 0)
(1 1.1019e-14 0)
(1 1.53436e-14 0)
(1 1.0577e-14 0)
(1 9.66203e-16 0)
(1 9.6777e-16 0)
(1 -6.08474e-15 0)
(1 4.43575e-16 0)
(1 -5.26051e-15 0)
(1 -8.5655e-15 0)
(1 -3.21497e-15 0)
(1 -5.62297e-15 0)
(1 1.44569e-16 0)
(1 -3.90226e-15 0)
(1 -1.18648e-15 0)
(1 1.40148e-15 0)
(1 2.53046e-15 0)
(1 2.94677e-16 0)
(1 -2.29431e-16 0)
(1 -9.9437e-16 0)
(1 6.41028e-17 0)
(1 6.55922e-16 0)
(1 4.33899e-15 0)
(1 6.49453e-16 0)
(1 -1.74887e-15 0)
(1 -5.01044e-15 0)
(1 2.53048e-15 0)
(1 6.17972e-15 0)
(1 1.31546e-14 0)
(1 2.12965e-15 0)
(1 9.9676e-16 0)
(1 -3.66533e-15 0)
(1 1.71374e-15 0)
(1 2.26907e-15 0)
(1 6.0846e-15 0)
(1 6.37684e-15 0)
(1 9.64592e-15 0)
(1 2.66482e-15 0)
(1 1.78001e-15 0)
(1 1.70963e-15 0)
(1 -4.56518e-16 0)
(1 3.97541e-15 0)
(1 -1.32189e-15 0)
(1 -5.23912e-15 0)
(1 -3.53483e-15 0)
(1 5.34584e-15 0)
(1 -1.97098e-15 0)
(1 5.45016e-15 0)
(1 4.10796e-15 0)
(1 1.80642e-15 0)
(1 3.48967e-15 0)
(1 -6.20906e-15 0)
(1 1.03187e-15 0)
(1 -4.19227e-15 0)
(1 -1.62185e-15 0)
(1 -4.59248e-15 0)
(1 4.63485e-15 0)
(1 1.89289e-15 0)
(1 -3.17101e-15 0)
(1 4.85597e-15 0)
(1 -4.00136e-15 0)
(1 -4.40029e-15 0)
(1 -5.24963e-15 0)
(1 6.28227e-16 0)
(1 5.25374e-16 0)
(1 1.68867e-15 0)
(1 -3.56916e-15 0)
(1 6.97528e-15 0)
(1 3.24998e-15 0)
(1 -6.29162e-15 0)
(1 -1.11615e-14 0)
(1 -3.91441e-15 0)
(1 -8.01712e-15 0)
(1 -4.2875e-15 0)
(1 -2.75512e-16 0)
(1 8.35606e-15 0)
(1 5.26951e-15 0)
(1 4.34732e-15 0)
(1 -2.09801e-15 0)
(1 -2.70249e-15 0)
(1 -8.57196e-15 0)
(1 -2.64032e-15 0)
(1 -4.33671e-15 0)
(1 1.03529e-16 0)
(1 5.01368e-15 0)
(1 -1.73112e-15 0)
(1 -4.18341e-16 0)
(1 -5.15138e-15 0)
(1 -2.6095e-15 0)
(1 -7.58499e-15 0)
(1 -4.97393e-15 0)
(1 -6.90647e-15 0)
(1 -9.71489e-15 0)
(1 -4.5064e-15 0)
(1 -3.49915e-15 0)
(1 -5.28736e-16 0)
(1 -3.25993e-15 0)
(1 4.74145e-15 0)
(1 7.45996e-15 0)
(1 4.76188e-15 0)
(1 -5.05824e-16 0)
(1 1.48602e-15 0)
(1 -6.97682e-16 0)
(1 -1.72849e-15 0)
(1 4.15957e-15 0)
(1 1.68034e-15 0)
(1 -5.11891e-15 0)
(1 -2.97986e-15 0)
(1 -9.5752e-15 0)
(1 -3.01221e-16 0)
(1 -2.11175e-15 0)
(1 3.67842e-15 0)
(1 -3.7635e-15 0)
(1 -1.63692e-14 0)
(1 -1.11998e-14 0)
(1 -1.02562e-14 0)
(1 -2.56177e-15 0)
(1 2.11409e-15 0)
(1 1.80269e-15 0)
(1 -5.33663e-16 0)
(1 -2.9225e-15 0)
(1 2.84274e-15 0)
(1 1.8413e-15 0)
(1 -2.01828e-15 0)
(1 -4.69958e-15 0)
(1 9.5612e-16 0)
(1 5.09552e-15 0)
(1 7.71231e-15 0)
(1 8.15174e-15 0)
(1 3.37075e-15 0)
(1 -1.10737e-15 0)
(1 -4.23544e-15 0)
(1 9.35748e-16 0)
(1 3.16178e-15 0)
(1 7.20889e-15 0)
(1 5.62458e-15 0)
(1 3.92045e-15 0)
(1 -7.09637e-16 0)
(1 -2.22942e-15 0)
(1 1.82282e-15 0)
(1 1.23904e-15 0)
(1 -2.72681e-15 0)
(1 -1.13752e-14 0)
(1 -8.74013e-15 0)
(1 -2.48195e-15 0)
(1 -7.98518e-16 0)
(1 3.00592e-15 0)
(1 -3.77669e-15 0)
(1 3.85804e-15 0)
(1 -3.95554e-15 0)
(1 7.28739e-15 0)
(1 -1.69002e-15 0)
(1 1.15242e-14 0)
(1 -2.46536e-16 0)
(1 3.92708e-15 0)
(1 -8.15994e-15 0)
(1 -1.50689e-16 0)
(1 -3.61711e-15 0)
(1 3.48581e-15 0)
(1 -6.2331e-15 0)
(1 8.01361e-15 0)
(1 -2.62183e-17 0)
(1 -2.57162e-15 0)
(1 1.09824e-15 0)
(1 3.57047e-15 0)
(1 -5.25744e-15 0)
(1 -1.39111e-14 0)
(1 -1.55572e-15 0)
(1 2.67908e-15 0)
(1 -1.64614e-15 0)
(1 -6.83757e-15 0)
(1 -1.14407e-14 0)
(1 -6.25757e-15 0)
(1 -6.39112e-15 0)
(1 8.91869e-15 0)
(1 3.00663e-15 0)
(1 1.1752e-16 0)
(1 -6.61405e-15 0)
(1 2.20165e-16 0)
(1 -4.98645e-15 0)
(1 -4.8531e-15 0)
(1 -1.07637e-15 0)
(1 -7.51446e-15 0)
(1 5.21003e-16 0)
(1 2.56503e-15 0)
(1 6.55314e-16 0)
(1 6.20771e-15 0)
(1 1.41392e-15 0)
(1 -5.59305e-15 0)
(1 -7.1777e-15 0)
(1 -9.20799e-15 0)
(1 -3.1781e-15 0)
(1 -5.15957e-15 0)
(1 -6.66353e-15 0)
(1 -2.47847e-15 0)
(1 1.49701e-15 0)
(1 -4.94355e-16 0)
(1 8.06913e-15 0)
(1 4.13211e-15 0)
(1 -8.67299e-15 0)
(1 -5.899e-15 0)
(1 -1.79782e-15 0)
(1 -9.02917e-15 0)
(1 -5.61094e-15 0)
(1 -4.52853e-15 0)
(1 -1.23916e-14 0)
(1 -2.24833e-15 0)
(1 -4.48408e-15 0)
(1 1.71233e-15 0)
(1 6.02293e-16 0)
(1 -1.73742e-15 0)
(1 -1.80801e-15 0)
(1 -2.15417e-15 0)
(1 -8.17497e-15 0)
(1 -6.41203e-15 0)
(1 3.09217e-17 0)
(1 -4.98301e-15 0)
(1 -6.52199e-15 0)
(1 -3.67283e-15 0)
(1 -6.50173e-16 0)
(1 -3.36144e-15 0)
(1 -1.24283e-15 0)
(1 -2.45216e-15 0)
(1 9.4502e-16 0)
(1 -4.59882e-15 0)
(1 3.38363e-15 0)
(1 6.98044e-15 0)
(1 9.12679e-16 0)
(1 -2.11402e-15 0)
(1 1.47419e-15 0)
(1 2.45058e-15 0)
(1 1.73947e-15 0)
(1 4.28756e-15 0)
(1 -3.0965e-15 0)
(1 -2.03691e-15 0)
(1 5.2035e-15 0)
(1 4.15141e-15 0)
(1 4.23152e-15 0)
(1 3.32838e-15 0)
(1 3.97008e-15 0)
(1 -5.25634e-16 0)
(1 -1.6073e-16 0)
(1 -5.01783e-15 0)
(1 -2.53904e-15 0)
(1 6.16023e-15 0)
(1 1.41761e-15 0)
(1 5.18365e-15 0)
(1 -5.95819e-15 0)
(1 -8.15976e-16 0)
(1 -3.47726e-15 0)
(1 -4.76282e-15 0)
(1 -2.32566e-15 0)
(1 -4.93313e-16 0)
(1 -1.75724e-15 0)
(1 3.02146e-15 0)
(1 4.96283e-15 0)
(1 -2.10457e-15 0)
(1 1.11068e-15 0)
(1 7.30409e-15 0)
(1 -9.11853e-15 0)
(1 1.26452e-15 0)
(1 1.97627e-15 0)
(1 -7.313e-15 0)
(1 -7.61596e-15 0)
(1 -8.82599e-15 0)
(1 -7.04702e-15 0)
(1 -6.98395e-15 0)
(1 -7.88216e-15 0)
(1 4.06365e-15 0)
(1 6.79589e-15 0)
(1 8.36795e-15 0)
(1 -7.18181e-15 0)
(1 -1.72812e-15 0)
(1 -5.56131e-15 0)
(1 9.50065e-15 0)
(1 3.60688e-15 0)
(1 7.65099e-15 0)
(1 5.77529e-15 0)
(1 9.81041e-15 0)
(1 -6.76781e-15 0)
(1 -3.51168e-15 0)
(1 -3.91087e-15 0)
(1 -5.85578e-15 0)
(1 -9.78614e-15 0)
(1 -4.36888e-15 0)
(1 -2.3955e-15 0)
(1 -1.97901e-15 0)
(1 9.23894e-16 0)
(1 -7.33918e-15 0)
(1 -2.52352e-15 0)
(1 -1.3775e-14 0)
(1 -8.92526e-15 0)
(1 -8.46084e-15 0)
(1 -3.63141e-15 0)
(1 -3.06062e-15 0)
(1 -5.67808e-15 0)
(1 4.4124e-16 0)
(1 -1.296e-15 0)
(1 -5.03227e-15 0)
(1 -1.10023e-14 0)
(1 -6.49716e-15 0)
(1 -3.46954e-15 0)
(1 -2.82068e-15 0)
(1 -4.84671e-15 0)
(1 -4.82478e-15 0)
(1 1.96765e-15 0)
(1 2.8559e-15 0)
(1 -1.14974e-15 0)
(1 -5.09663e-16 0)
(1 -5.44008e-15 0)
(1 -4.74338e-15 0)
(1 -6.8678e-15 0)
(1 2.57258e-15 0)
(1 1.0031e-15 0)
(1 2.74607e-15 0)
(1 -8.91383e-16 0)
(1 -1.00889e-15 0)
(1 -3.65764e-15 0)
(1 -6.18583e-16 0)
(1 3.64121e-15 0)
(1 1.63487e-15 0)
(1 5.69753e-15 0)
(1 -3.7033e-15 0)
(1 -6.17112e-15 0)
(1 -1.02719e-15 0)
(1 1.51943e-15 0)
(1 -2.38292e-15 0)
(1 7.52764e-15 0)
(1 1.4501e-15 0)
(1 2.19196e-15 0)
(1 1.48777e-15 0)
(1 1.15668e-15 0)
(1 -1.38065e-15 0)
(1 2.62935e-16 0)
(1 -4.38912e-15 0)
(1 1.93714e-15 0)
(1 -1.01246e-15 0)
(1 1.76878e-15 0)
(1 2.60517e-15 0)
(1 5.77835e-15 0)
(1 -6.689e-15 0)
(1 -6.81915e-15 0)
(1 -2.81461e-16 0)
(1 8.58538e-16 0)
(1 3.70417e-15 0)
(1 1.87249e-15 0)
(1 -1.20037e-15 0)
(1 2.43227e-15 0)
(1 -3.15285e-15 0)
(1 2.35309e-15 0)
(1 -6.36849e-15 0)
(1 9.6781e-16 0)
(1 -1.16171e-14 0)
(1 -1.41957e-14 0)
(1 -1.44849e-15 0)
(1 9.80511e-15 0)
(1 9.67103e-16 0)
(1 1.32848e-14 0)
(1 5.69156e-15 0)
(1 6.74729e-15 0)
(1 2.15384e-15 0)
(1 9.47512e-15 0)
(1 4.50155e-15 0)
(1 -6.23892e-15 0)
(1 -7.11801e-15 0)
(1 -1.59119e-14 0)
(1 -5.91242e-15 0)
(1 -1.14209e-14 0)
(1 -8.01558e-15 0)
(1 3.24013e-16 0)
(1 2.21998e-15 0)
(1 -6.02837e-15 0)
(1 -8.87359e-15 0)
(1 -1.03291e-14 0)
(1 1.57654e-15 0)
(1 5.99317e-15 0)
(1 6.45073e-15 0)
(1 -1.58316e-15 0)
(1 -8.2121e-15 0)
(1 -7.7701e-15 0)
(1 -6.26233e-16 0)
(1 -3.00892e-15 0)
(1 3.70493e-15 0)
(1 -6.89144e-15 0)
(1 3.77171e-15 0)
(1 1.18445e-15 0)
(1 8.04387e-15 0)
(1 -3.10267e-15 0)
(1 -4.36783e-15 0)
(1 -7.01376e-15 0)
(1 -1.08072e-14 0)
(1 -1.32335e-14 0)
(1 -1.35748e-14 0)
(1 8.18484e-16 0)
(1 -4.07927e-15 0)
(1 -6.80516e-15 0)
(1 -2.95692e-16 0)
(1 -2.01561e-15 0)
(1 -2.06191e-15 0)
(1 5.3081e-15 0)
(1 -5.41113e-15 0)
(1 -1.39602e-14 0)
(1 -6.18079e-15 0)
(1 -1.58614e-15 0)
(1 -8.14701e-15 0)
(1 1.75397e-15 0)
(1 -5.60028e-15 0)
(1 3.61628e-15 0)
(1 -3.36564e-15 0)
(1 5.99443e-15 0)
(1 -6.59331e-15 0)
(1 -1.16054e-14 0)
(1 -1.77567e-14 0)
(1 -9.68647e-15 0)
(1 1.11559e-15 0)
(1 -4.08381e-15 0)
(1 -1.79329e-15 0)
(1 -7.14907e-15 0)
(1 -2.30402e-15 0)
(1 -7.00776e-15 0)
(1 -2.67583e-15 0)
(1 -8.03245e-15 0)
(1 4.29654e-16 0)
(1 6.93552e-15 0)
(1 9.7983e-15 0)
(1 7.37948e-15 0)
(1 -2.50799e-15 0)
(1 2.53299e-15 0)
(1 -1.24851e-16 0)
(1 -2.20935e-15 0)
(1 -2.91041e-15 0)
(1 -2.92167e-16 0)
(1 1.93966e-15 0)
(1 6.93611e-15 0)
(1 8.21975e-15 0)
(1 8.93569e-15 0)
(1 5.67351e-15 0)
(1 -1.8154e-15 0)
(1 -7.96382e-16 0)
(1 1.41857e-15 0)
(1 -7.30538e-15 0)
(1 -4.67304e-15 0)
(1 -5.8124e-15 0)
(1 -5.58045e-15 0)
(1 1.94032e-16 0)
(1 -2.60648e-15 0)
(1 -8.88528e-16 0)
(1 -1.71024e-15 0)
(1 2.47057e-15 0)
(1 4.16587e-15 0)
(1 -2.87808e-15 0)
(1 1.20781e-15 0)
(1 -1.13889e-14 0)
(1 -5.05122e-15 0)
(1 -1.93914e-15 0)
(1 9.79274e-15 0)
(1 4.76664e-15 0)
(1 1.02304e-14 0)
(1 1.04981e-14 0)
(1 1.65237e-15 0)
(1 -3.06542e-15 0)
(1 -5.46593e-15 0)
(1 -2.84749e-15 0)
(1 -7.20763e-15 0)
(1 -9.69073e-15 0)
(1 -8.45502e-15 0)
(1 -1.42758e-15 0)
(1 -7.52417e-15 0)
(1 -1.01885e-14 0)
(1 -7.07653e-15 0)
(1 -1.74942e-15 0)
(1 -3.61112e-15 0)
(1 1.95348e-15 0)
(1 3.70002e-15 0)
(1 6.69735e-15 0)
(1 3.67462e-15 0)
(1 -3.60435e-15 0)
(1 -4.75529e-15 0)
(1 -1.3371e-15 0)
(1 -2.02374e-15 0)
(1 -2.8203e-16 0)
(1 -1.82132e-15 0)
(1 3.09186e-15 0)
(1 2.25291e-15 0)
(1 4.70267e-15 0)
(1 4.69776e-16 0)
(1 3.86095e-15 0)
(1 -7.46961e-15 0)
(1 -5.34729e-15 0)
(1 -9.78746e-15 0)
(1 -1.0835e-14 0)
(1 -1.17546e-14 0)
(1 -6.81086e-15 0)
(1 -2.36331e-15 0)
(1 -3.81352e-15 0)
(1 -1.97558e-15 0)
(1 2.35998e-15 0)
(1 -4.14301e-15 0)
(1 -1.25931e-14 0)
(1 -5.02605e-15 0)
(1 -1.81872e-16 0)
(1 -4.57215e-15 0)
(1 -2.45965e-15 0)
(1 5.91316e-15 0)
(1 -4.46556e-15 0)
(1 -6.16575e-15 0)
(1 -3.12064e-15 0)
(1 1.6355e-15 0)
(1 1.14185e-14 0)
(1 6.5256e-15 0)
(1 -2.16158e-15 0)
(1 5.24686e-16 0)
(1 -9.31486e-15 0)
(1 -4.8126e-15 0)
(1 -1.30525e-15 0)
(1 -3.23367e-15 0)
(1 -6.3549e-15 0)
(1 -7.88884e-15 0)
(1 -6.32865e-15 0)
(1 -1.00298e-14 0)
(1 -5.62458e-15 0)
(1 -8.0037e-15 0)
(1 -5.34119e-17 0)
(1 6.17336e-15 0)
(1 5.24077e-15 0)
(1 7.48849e-15 0)
(1 6.86943e-15 0)
(1 -6.8156e-16 0)
(1 -8.9757e-16 0)
(1 -2.35392e-15 0)
(1 -5.42987e-15 0)
(1 -1.51839e-15 0)
(1 -3.23818e-15 0)
(1 7.30702e-16 0)
(1 9.8553e-15 0)
(1 5.61681e-15 0)
(1 3.22614e-15 0)
(1 -1.02573e-15 0)
(1 1.82728e-15 0)
(1 -3.93352e-16 0)
(1 1.58547e-15 0)
(1 -8.89955e-17 0)
(1 1.23525e-15 0)
(1 2.68391e-15 0)
(1 1.71097e-15 0)
(1 -3.90446e-15 0)
(1 -1.01037e-15 0)
(1 -5.11475e-15 0)
(1 1.64852e-15 0)
(1 -5.89161e-15 0)
(1 -2.18306e-15 0)
(1 8.73575e-16 0)
(1 -1.52314e-15 0)
(1 4.39632e-15 0)
(1 -2.97471e-15 0)
(1 -3.77375e-15 0)
(1 -5.08519e-15 0)
(1 4.80388e-15 0)
(1 6.69472e-15 0)
(1 1.00725e-14 0)
(1 3.0603e-15 0)
(1 -7.40894e-15 0)
(1 -3.36254e-15 0)
(1 -5.46294e-15 0)
(1 -4.69648e-15 0)
(1 -3.59253e-15 0)
(1 -5.47908e-15 0)
(1 -1.05913e-14 0)
(1 1.12888e-15 0)
(1 -1.15768e-15 0)
(1 -2.35838e-15 0)
(1 2.5634e-15 0)
(1 3.86059e-16 0)
(1 6.56516e-15 0)
(1 -2.12285e-15 0)
(1 -1.26801e-14 0)
(1 -1.03621e-14 0)
(1 -4.2722e-16 0)
(1 6.47404e-15 0)
(1 3.12473e-15 0)
(1 4.37247e-15 0)
(1 -4.21382e-17 0)
(1 -4.38349e-15 0)
(1 1.10516e-15 0)
(1 1.87968e-15 0)
(1 3.20784e-15 0)
(1 -1.67548e-15 0)
(1 -6.65807e-15 0)
(1 -5.47704e-15 0)
(1 -6.2581e-15 0)
(1 -7.33674e-15 0)
(1 -9.08841e-15 0)
(1 -6.05284e-16 0)
(1 -6.25179e-15 0)
(1 -9.32536e-16 0)
(1 -4.90497e-15 0)
(1 3.31595e-16 0)
(1 -2.28671e-15 0)
(1 -3.66742e-16 0)
(1 1.11315e-15 0)
(1 -4.40811e-15 0)
(1 -6.43384e-15 0)
(1 -4.4461e-15 0)
(1 1.13881e-15 0)
(1 5.18339e-15 0)
(1 2.04224e-15 0)
(1 3.37467e-15 0)
(1 -8.7434e-15 0)
(1 8.01228e-16 0)
(1 -8.54046e-15 0)
(1 8.82328e-15 0)
(1 4.57413e-15 0)
(1 4.28176e-15 0)
(1 -9.16064e-16 0)
(1 -1.03197e-14 0)
(1 -8.5782e-15 0)
(1 -4.61037e-15 0)
(1 -3.67339e-15 0)
(1 -8.54989e-15 0)
(1 -2.31255e-16 0)
(1 3.17735e-15 0)
(1 3.23769e-15 0)
(1 -1.96784e-15 0)
(1 -8.5009e-15 0)
(1 4.54149e-15 0)
(1 4.94627e-15 0)
(1 1.27705e-15 0)
(1 1.76147e-15 0)
(1 -5.12148e-15 0)
(1 -9.42969e-15 0)
(1 -3.77893e-16 0)
(1 -1.33322e-15 0)
(1 -7.09939e-15 0)
(1 -3.93031e-15 0)
(1 -2.54e-15 0)
(1 9.11072e-16 0)
(1 2.81764e-15 0)
(1 7.53142e-15 0)
(1 4.84169e-15 0)
(1 6.72007e-16 0)
(1 -1.9554e-15 0)
(1 -3.77881e-15 0)
(1 5.06246e-15 0)
(1 5.64967e-15 0)
(1 -7.17192e-16 0)
(1 3.51816e-15 0)
(1 2.59939e-16 0)
(1 9.35139e-16 0)
(1 -3.91737e-15 0)
(1 -4.53982e-15 0)
(1 -5.6772e-15 0)
(1 -7.37821e-15 0)
(1 3.96402e-15 0)
(1 2.47226e-15 0)
(1 6.6534e-15 0)
(1 -2.16551e-16 0)
(1 1.23871e-14 0)
(1 5.42419e-15 0)
(1 -1.55851e-16 0)
(1 -8.21568e-16 0)
(1 -4.41863e-16 0)
(1 -5.6067e-15 0)
(1 -7.50146e-15 0)
(1 -5.2582e-15 0)
(1 -6.37171e-15 0)
(1 -9.1791e-15 0)
(1 -1.1206e-14 0)
(1 -5.76821e-15 0)
(1 -2.57478e-15 0)
(1 -3.72261e-15 0)
(1 -3.87354e-15 0)
(1 -1.06026e-15 0)
(1 6.35925e-15 0)
(1 1.29834e-14 0)
(1 9.96069e-16 0)
(1 -3.32569e-15 0)
(1 1.83744e-15 0)
(1 -9.74629e-15 0)
(1 -1.15011e-14 0)
(1 -6.10601e-15 0)
(1 3.32341e-15 0)
(1 2.07891e-15 0)
(1 1.73115e-15 0)
(1 2.0795e-15 0)
(1 2.11866e-15 0)
(1 -9.03064e-16 0)
(1 4.35279e-15 0)
(1 -4.32213e-15 0)
(1 8.7956e-17 0)
(1 -7.91505e-15 0)
(1 -1.76996e-15 0)
(1 -7.22469e-15 0)
(1 -6.28483e-15 0)
(1 -7.268e-15 0)
(1 -4.75623e-16 0)
(1 -3.21867e-15 0)
(1 -9.85295e-15 0)
(1 -7.44743e-15 0)
(1 -5.12544e-16 0)
(1 -5.49505e-15 0)
(1 -1.08273e-14 0)
(1 -7.16125e-15 0)
(1 2.76742e-15 0)
(1 -1.61722e-15 0)
(1 4.36968e-15 0)
(1 -6.84845e-16 0)
(1 1.96727e-15 0)
(1 2.23995e-15 0)
(1 -7.16984e-15 0)
(1 -3.3799e-15 0)
(1 6.91813e-15 0)
(1 2.60914e-15 0)
(1 1.60914e-16 0)
(1 -1.32537e-15 0)
(1 -3.51026e-15 0)
(1 -9.74141e-15 0)
(1 -5.50295e-15 0)
(1 -3.21354e-15 0)
(1 -2.06091e-15 0)
(1 -6.52427e-15 0)
(1 2.5807e-15 0)
(1 -3.4393e-15 0)
(1 -1.32906e-15 0)
(1 -2.16241e-15 0)
(1 -4.6918e-16 0)
(1 -3.39486e-15 0)
(1 -3.54647e-16 0)
(1 -8.13257e-16 0)
(1 -5.23972e-17 0)
(1 -3.84601e-15 0)
(1 5.28244e-15 0)
(1 4.38052e-15 0)
(1 2.33021e-15 0)
(1 1.29793e-15 0)
(1 -8.37626e-15 0)
(1 -4.66043e-15 0)
(1 3.51555e-15 0)
(1 5.53578e-15 0)
(1 9.797e-16 0)
(1 -6.76151e-15 0)
(1 -3.69652e-15 0)
(1 -1.23826e-15 0)
(1 -5.19742e-17 0)
(1 -2.56524e-15 0)
(1 -1.70204e-15 0)
(1 -1.36346e-15 0)
(1 2.76856e-15 0)
(1 -3.07869e-16 0)
(1 -8.10619e-16 0)
(1 -2.87519e-15 0)
(1 -9.88701e-15 0)
(1 -1.40309e-14 0)
(1 -6.79747e-16 0)
(1 -3.53941e-15 0)
(1 4.1842e-15 0)
(1 5.6914e-15 0)
(1 1.37907e-14 0)
(1 7.23285e-16 0)
(1 -2.15238e-15 0)
(1 -8.49082e-15 0)
(1 -4.86615e-15 0)
(1 -1.7999e-15 0)
(1 -7.18528e-15 0)
(1 -6.1385e-15 0)
(1 -5.40575e-15 0)
(1 7.06451e-15 0)
(1 8.94868e-15 0)
(1 4.89361e-15 0)
(1 -8.69196e-15 0)
(1 -5.99116e-15 0)
(1 -2.7342e-18 0)
(1 -1.94313e-15 0)
(1 5.35308e-15 0)
(1 -6.99633e-15 0)
(1 -9.91076e-15 0)
(1 -2.13002e-15 0)
(1 -2.36218e-15 0)
(1 -1.93705e-17 0)
(1 -3.65501e-15 0)
(1 1.66146e-15 0)
(1 9.19818e-15 0)
(1 3.9999e-15 0)
(1 5.58309e-15 0)
(1 1.33166e-15 0)
(1 -3.57624e-15 0)
(1 -3.83887e-15 0)
(1 -5.21617e-15 0)
(1 -1.11703e-15 0)
(1 -4.81871e-15 0)
(1 -3.70235e-15 0)
(1 4.80866e-15 0)
(1 1.5469e-15 0)
(1 1.02017e-16 0)
(1 -4.58961e-15 0)
(1 5.20338e-16 0)
(1 -3.13348e-15 0)
(1 -1.01167e-14 0)
(1 -1.0594e-14 0)
(1 -1.38958e-14 0)
(1 -1.14133e-14 0)
(1 -3.9201e-15 0)
(1 -2.66699e-15 0)
(1 5.21108e-15 0)
(1 -8.31422e-16 0)
(1 1.84236e-15 0)
(1 -2.30545e-15 0)
(1 1.05577e-15 0)
(1 3.40317e-15 0)
(1 9.97768e-16 0)
(1 3.77196e-15 0)
(1 -5.14836e-15 0)
(1 -2.46414e-15 0)
(1 -9.87369e-15 0)
(1 -4.20018e-15 0)
(1 2.80231e-15 0)
(1 -2.97796e-15 0)
(1 -7.34782e-15 0)
(1 4.66644e-15 0)
(1 3.11318e-15 0)
(1 -1.55574e-15 0)
(1 -5.39936e-15 0)
(1 -7.05981e-15 0)
(1 -2.74165e-15 0)
(1 -2.4523e-15 0)
(1 -4.19039e-15 0)
(1 -9.90564e-15 0)
(1 -7.90368e-15 0)
(1 -3.13201e-15 0)
(1 -8.7597e-17 0)
(1 8.65196e-16 0)
(1 6.18708e-16 0)
(1 -3.62518e-15 0)
(1 -6.07599e-16 0)
(1 1.98414e-15 0)
(1 9.4532e-16 0)
(1 7.74243e-16 0)
(1 4.78297e-15 0)
(1 2.6435e-16 0)
(1 -4.70218e-15 0)
(1 -5.18084e-15 0)
(1 -4.6583e-15 0)
(1 -5.55326e-15 0)
(1 -8.25103e-15 0)
(1 -9.85878e-15 0)
(1 6.17015e-15 0)
(1 1.05867e-16 0)
(1 -1.46197e-15 0)
(1 -6.65934e-15 0)
(1 -1.04544e-14 0)
(1 -9.72782e-15 0)
(1 -7.52449e-15 0)
(1 -6.26312e-15 0)
(1 -5.83392e-15 0)
(1 -4.06184e-15 0)
(1 -5.35543e-15 0)
(1 -1.01729e-14 0)
(1 -4.37785e-15 0)
(1 8.65055e-15 0)
(1 9.55855e-15 0)
(1 1.13904e-14 0)
(1 2.44371e-15 0)
(1 2.64092e-15 0)
(1 2.3702e-15 0)
(1 4.31352e-15 0)
(1 9.15735e-15 0)
(1 -4.44264e-16 0)
(1 -5.64691e-15 0)
(1 -7.43641e-15 0)
(1 -1.35678e-14 0)
(1 -1.08446e-14 0)
(1 -5.11853e-15 0)
(1 3.33426e-15 0)
(1 -3.02652e-15 0)
(1 -1.15331e-14 0)
(1 -1.23791e-14 0)
(1 -5.026e-15 0)
(1 5.22403e-15 0)
(1 6.73908e-15 0)
(1 3.17632e-15 0)
(1 9.37679e-15 0)
(1 7.78072e-15 0)
(1 -3.3167e-15 0)
(1 -3.99992e-15 0)
(1 -6.78597e-15 0)
(1 -3.27966e-15 0)
(1 -1.43058e-15 0)
(1 -5.58454e-15 0)
(1 -3.42256e-16 0)
(1 -3.49377e-15 0)
(1 6.14366e-16 0)
(1 1.27402e-15 0)
(1 5.42684e-15 0)
(1 2.27416e-15 0)
(1 -3.04836e-15 0)
(1 -4.65129e-15 0)
(1 -7.17714e-15 0)
(1 -3.67012e-15 0)
(1 -7.31417e-15 0)
(1 -6.04441e-15 0)
(1 -6.01534e-15 0)
(1 -2.07485e-15 0)
(1 -1.62602e-15 0)
(1 -7.09971e-15 0)
(1 -6.20108e-15 0)
(1 -1.98153e-15 0)
(1 -1.12535e-15 0)
(1 -4.24527e-16 0)
(1 1.88037e-15 0)
(1 1.03669e-14 0)
(1 3.38291e-15 0)
(1 -4.79955e-15 0)
(1 -8.87175e-15 0)
(1 -1.1087e-14 0)
(1 -1.30606e-14 0)
(1 -8.8247e-15 0)
(1 -5.16862e-15 0)
(1 -3.22614e-15 0)
(1 4.75664e-15 0)
(1 6.84391e-15 0)
(1 5.71452e-15 0)
(1 -6.96602e-15 0)
(1 -5.48735e-15 0)
(1 -1.04595e-14 0)
(1 -5.8259e-15 0)
(1 -1.96336e-15 0)
(1 -2.12587e-15 0)
(1 -2.6117e-17 0)
(1 -2.53647e-15 0)
(1 1.7544e-15 0)
(1 -1.90267e-15 0)
(1 -1.53983e-15 0)
(1 -4.0432e-15 0)
(1 4.3683e-15 0)
(1 4.47999e-15 0)
(1 5.00449e-15 0)
(1 5.04804e-15 0)
(1 6.59746e-16 0)
(1 -2.82716e-15 0)
(1 -6.23655e-15 0)
(1 6.16162e-16 0)
(1 -6.38064e-15 0)
(1 -1.11038e-14 0)
(1 -1.9177e-14 0)
(1 -1.82414e-14 0)
(1 2.73795e-15 0)
(1 -2.97219e-15 0)
(1 4.90537e-15 0)
(1 5.63619e-16 0)
(1 -1.33575e-15 0)
(1 -4.48602e-15 0)
(1 -1.02022e-14 0)
(1 -8.95555e-15 0)
(1 -8.74805e-15 0)
(1 -4.58818e-15 0)
(1 -7.90081e-16 0)
(1 -7.19552e-15 0)
(1 3.86904e-15 0)
(1 8.83991e-15 0)
(1 3.04189e-15 0)
(1 3.70416e-15 0)
(1 -8.98503e-16 0)
(1 4.09315e-15 0)
(1 6.05257e-15 0)
(1 6.43939e-15 0)
(1 3.78201e-16 0)
(1 -2.13176e-15 0)
(1 -8.39804e-15 0)
(1 5.01322e-15 0)
(1 -9.21329e-15 0)
(1 -1.04654e-14 0)
(1 -1.51625e-14 0)
(1 -4.10459e-16 0)
(1 -6.41768e-15 0)
(1 -2.53603e-15 0)
(1 2.80068e-15 0)
(1 -2.3572e-15 0)
(1 6.56005e-15 0)
(1 -8.85744e-15 0)
(1 1.42717e-15 0)
(1 9.08088e-16 0)
(1 -4.27837e-16 0)
(1 -8.65394e-16 0)
(1 4.64613e-16 0)
(1 -2.45854e-15 0)
(1 1.59315e-15 0)
(1 -5.56843e-15 0)
(1 1.78132e-15 0)
(1 -9.42443e-16 0)
(1 -8.64982e-16 0)
(1 -4.98662e-15 0)
(1 -1.92716e-15 0)
(1 -3.59121e-15 0)
(1 -4.32397e-15 0)
(1 -1.38218e-15 0)
(1 -7.71022e-15 0)
(1 -1.93626e-15 0)
(1 3.50093e-15 0)
(1 -8.43372e-15 0)
(1 -4.27e-15 0)
(1 -7.30555e-15 0)
(1 -2.96461e-15 0)
(1 -1.38977e-15 0)
(1 -4.93315e-15 0)
(1 -2.67857e-15 0)
(1 -7.86774e-16 0)
(1 4.64595e-15 0)
(1 1.10189e-15 0)
(1 1.21724e-15 0)
(1 1.19273e-15 0)
(1 1.2755e-15 0)
(1 2.0561e-15 0)
(1 -1.679e-15 0)
(1 -3.80797e-15 0)
(1 -1.47161e-14 0)
(1 -1.27966e-14 0)
(1 -8.66761e-15 0)
(1 5.45563e-16 0)
(1 1.11162e-15 0)
(1 7.56637e-16 0)
(1 -2.317e-15 0)
(1 -6.79891e-15 0)
(1 -4.2056e-15 0)
(1 -6.51232e-15 0)
(1 -3.296e-15 0)
(1 -2.62443e-15 0)
(1 -1.66512e-15 0)
(1 2.59371e-15 0)
(1 -4.84284e-15 0)
(1 -2.07052e-15 0)
(1 -7.9013e-16 0)
(1 4.68364e-16 0)
(1 5.27674e-15 0)
(1 7.11228e-15 0)
(1 5.07413e-15 0)
(1 1.13456e-16 0)
(1 -4.3077e-15 0)
(1 -5.28777e-15 0)
(1 -7.86647e-15 0)
(1 -2.32259e-15 0)
(1 -2.87467e-15 0)
(1 -7.76374e-15 0)
(1 -1.01415e-14 0)
(1 -1.77744e-14 0)
(1 -1.60286e-14 0)
(1 -6.93073e-15 0)
(1 -8.15777e-15 0)
(1 -6.53773e-16 0)
(1 5.37835e-15 0)
(1 8.45169e-15 0)
(1 4.19054e-15 0)
(1 -1.51388e-15 0)
(1 -5.40611e-15 0)
(1 -3.49981e-15 0)
(1 -1.30311e-14 0)
(1 -6.50248e-15 0)
(1 3.44951e-15 0)
(1 4.50765e-15 0)
(1 3.09276e-15 0)
(1 -7.57452e-16 0)
(1 -4.63214e-15 0)
(1 -9.83372e-16 0)
(1 6.51327e-15 0)
(1 -2.71138e-15 0)
(1 4.04802e-15 0)
(1 -6.44519e-16 0)
(1 5.17455e-15 0)
(1 2.39243e-16 0)
(1 7.98625e-16 0)
(1 -4.50203e-15 0)
(1 -8.36865e-15 0)
(1 -1.09799e-14 0)
(1 -1.15594e-14 0)
(1 -1.47409e-14 0)
(1 -7.82869e-15 0)
(1 -2.49793e-15 0)
(1 8.22972e-16 0)
(1 -3.47279e-15 0)
(1 -3.84781e-16 0)
(1 4.94104e-15 0)
(1 6.1429e-15 0)
(1 4.59019e-15 0)
(1 6.16987e-15 0)
(1 6.33122e-15 0)
(1 -2.00196e-15 0)
(1 -9.31897e-15 0)
(1 5.95626e-16 0)
(1 -3.48328e-15 0)
(1 3.8579e-15 0)
(1 -7.59931e-15 0)
(1 1.52622e-15 0)
(1 2.03299e-15 0)
(1 -1.87203e-15 0)
(1 1.77338e-16 0)
(1 -5.21169e-15 0)
(1 -1.69689e-15 0)
(1 -2.97757e-15 0)
(1 -4.64658e-15 0)
(1 -6.28041e-15 0)
(1 -4.96451e-15 0)
(1 -3.5052e-15 0)
(1 -2.6792e-15 0)
(1 -1.43026e-15 0)
(1 -1.02203e-15 0)
(1 2.61787e-15 0)
(1 3.51947e-15 0)
(1 3.58306e-15 0)
(1 -5.92619e-16 0)
(1 -2.19938e-15 0)
(1 -3.16072e-15 0)
(1 5.88815e-16 0)
(1 5.82641e-15 0)
(1 -4.34286e-16 0)
(1 -1.02149e-15 0)
(1 1.96361e-15 0)
(1 -8.88841e-15 0)
(1 -6.61034e-15 0)
(1 -8.3571e-16 0)
(1 -4.0139e-15 0)
(1 1.47287e-15 0)
(1 3.49975e-15 0)
(1 -4.49854e-16 0)
(1 -4.28455e-15 0)
(1 -6.0122e-16 0)
(1 2.15885e-15 0)
(1 3.68511e-16 0)
(1 2.39546e-15 0)
(1 -2.92242e-15 0)
(1 -3.37704e-15 0)
(1 -5.5343e-15 0)
(1 -2.51984e-15 0)
(1 -1.47769e-15 0)
(1 5.5572e-15 0)
(1 1.29412e-15 0)
(1 4.80937e-15 0)
(1 2.98613e-15 0)
(1 -1.99389e-15 0)
(1 -3.88828e-15 0)
(1 -5.03255e-16 0)
(1 -2.25162e-15 0)
(1 -5.00554e-15 0)
(1 -5.71487e-15 0)
(1 -4.27248e-15 0)
(1 -4.82289e-15 0)
(1 -3.60442e-15 0)
(1 -5.44636e-15 0)
(1 1.09489e-15 0)
(1 6.87866e-17 0)
(1 4.05344e-15 0)
(1 -3.70928e-15 0)
(1 2.33157e-15 0)
(1 -6.0202e-15 0)
(1 -9.02007e-16 0)
(1 -8.49933e-15 0)
(1 -2.26528e-15 0)
(1 -1.0394e-15 0)
(1 1.92345e-15 0)
(1 -3.29916e-15 0)
(1 -4.5079e-15 0)
(1 1.10613e-15 0)
(1 -5.02551e-17 0)
(1 7.83695e-15 0)
(1 -4.4017e-15 0)
(1 -2.51192e-15 0)
(1 2.18731e-15 0)
(1 -1.50479e-15 0)
(1 5.68402e-16 0)
(1 -5.30239e-15 0)
(1 -1.01515e-14 0)
(1 6.31453e-15 0)
(1 7.19467e-16 0)
(1 3.22543e-15 0)
(1 -1.33184e-14 0)
(1 -8.14181e-15 0)
(1 -5.35222e-15 0)
(1 -4.88278e-15 0)
(1 -1.99342e-15 0)
(1 -4.2931e-15 0)
(1 3.05865e-15 0)
(1 5.11566e-15 0)
(1 1.06108e-14 0)
(1 1.49756e-15 0)
(1 1.26434e-15 0)
(1 -1.57294e-15 0)
(1 -8.75086e-15 0)
(1 -9.39533e-15 0)
(1 -1.30946e-15 0)
(1 -1.48312e-15 0)
(1 6.05501e-17 0)
(1 -5.1815e-15 0)
(1 -2.38215e-15 0)
(1 -2.27931e-15 0)
(1 -2.25621e-15 0)
(1 -5.34789e-15 0)
(1 -6.92108e-15 0)
(1 -4.42513e-15 0)
(1 -1.65761e-15 0)
(1 -1.2142e-14 0)
(1 -4.37264e-16 0)
(1 7.28562e-17 0)
(1 2.58482e-15 0)
(1 8.26655e-16 0)
(1 3.6758e-15 0)
(1 -1.3715e-15 0)
(1 -4.1029e-15 0)
(1 -7.82555e-16 0)
(1 -1.07717e-15 0)
(1 9.04196e-16 0)
(1 4.24613e-15 0)
(1 6.51929e-15 0)
(1 5.61876e-15 0)
(1 4.41164e-15 0)
(1 -2.73848e-15 0)
(1 -3.86146e-15 0)
(1 -2.99959e-15 0)
(1 -5.43026e-15 0)
(1 -4.36214e-15 0)
(1 -7.96689e-16 0)
(1 -1.25211e-15 0)
(1 1.96787e-15 0)
(1 -1.48095e-15 0)
(1 -1.90969e-15 0)
(1 -2.96207e-15 0)
(1 -1.1455e-15 0)
(1 1.33412e-15 0)
(1 -3.26137e-15 0)
(1 1.07719e-15 0)
(1 4.59222e-16 0)
(1 3.70112e-15 0)
(1 1.51084e-15 0)
(1 1.86601e-15 0)
(1 -2.11095e-15 0)
(1 4.41418e-15 0)
(1 6.81242e-15 0)
(1 4.23401e-15 0)
(1 2.76401e-15 0)
(1 2.18426e-15 0)
(1 -8.41706e-15 0)
(1 -8.69168e-16 0)
(1 -6.66315e-15 0)
(1 -7.35068e-16 0)
(1 -5.96973e-15 0)
(1 -3.97821e-15 0)
(1 2.36483e-16 0)
(1 -2.83425e-15 0)
(1 -2.52689e-15 0)
(1 5.27495e-15 0)
(1 1.57377e-15 0)
(1 3.59837e-15 0)
(1 -3.17213e-15 0)
(1 1.49645e-15 0)
(1 -5.29589e-15 0)
(1 -8.92627e-15 0)
(1 -6.89049e-15 0)
(1 2.53085e-15 0)
(1 2.92698e-16 0)
(1 -7.5787e-15 0)
(1 -8.7687e-15 0)
(1 -5.80557e-15 0)
(1 -7.16272e-15 0)
(1 1.32726e-14 0)
(1 7.02056e-15 0)
(1 -3.87856e-15 0)
(1 1.15164e-14 0)
(1 -8.04099e-16 0)
(1 -3.79422e-15 0)
(1 -3.50763e-15 0)
(1 3.48845e-15 0)
(1 -3.08426e-17 0)
(1 -2.04468e-15 0)
(1 -1.73215e-15 0)
(1 2.34526e-16 0)
(1 -5.45791e-15 0)
(1 -2.66919e-15 0)
(1 -6.15008e-15 0)
(1 -2.53571e-15 0)
(1 -1.03239e-14 0)
(1 -7.28864e-15 0)
(1 -3.87538e-15 0)
(1 3.26851e-16 0)
(1 5.5898e-15 0)
(1 5.47166e-16 0)
(1 4.01125e-15 0)
(1 1.22284e-15 0)
(1 -2.44677e-15 0)
(1 -2.30286e-15 0)
(1 -8.04865e-15 0)
(1 -1.45781e-15 0)
(1 -4.95204e-15 0)
(1 -2.07514e-15 0)
(1 -5.90567e-15 0)
(1 -4.58148e-15 0)
(1 -4.60528e-15 0)
(1 -4.0161e-16 0)
(1 8.39219e-17 0)
(1 -4.54102e-15 0)
(1 -3.42917e-15 0)
(1 -3.37762e-15 0)
(1 4.06383e-15 0)
(1 -2.95566e-15 0)
(1 -2.01565e-15 0)
(1 -1.35694e-15 0)
(1 2.61498e-16 0)
(1 -3.08608e-15 0)
(1 -6.12213e-15 0)
(1 -6.19757e-16 0)
(1 2.55246e-15 0)
(1 3.92944e-15 0)
(1 6.09714e-15 0)
(1 6.57015e-15 0)
(1 6.14913e-15 0)
(1 4.57281e-17 0)
(1 -4.80302e-15 0)
(1 -6.25097e-15 0)
(1 -5.27719e-15 0)
(1 4.71385e-15 0)
(1 2.88802e-15 0)
(1 3.40947e-15 0)
(1 4.20583e-15 0)
(1 -5.74539e-15 0)
(1 -5.75223e-15 0)
(1 -3.65303e-15 0)
(1 1.41777e-15 0)
(1 7.26075e-15 0)
(1 2.59098e-15 0)
(1 -3.17222e-15 0)
(1 -7.09277e-15 0)
(1 -8.7831e-16 0)
(1 -1.95789e-16 0)
(1 1.66223e-15 0)
(1 4.9855e-15 0)
(1 -1.35961e-15 0)
(1 2.64539e-15 0)
(1 8.41726e-15 0)
(1 5.11514e-15 0)
(1 9.99004e-16 0)
(1 9.76013e-16 0)
(1 -3.26391e-16 0)
(1 -3.27494e-15 0)
(1 -5.4353e-15 0)
(1 -3.52849e-15 0)
(1 -3.81255e-15 0)
(1 -4.47892e-15 0)
(1 7.62111e-16 0)
(1 -2.65812e-15 0)
(1 1.68531e-15 0)
(1 1.81077e-15 0)
(1 2.98314e-15 0)
(1 8.53006e-15 0)
(1 -2.9632e-15 0)
(1 -3.05473e-15 0)
(1 1.87066e-15 0)
(1 -7.56714e-15 0)
(1 -5.15065e-15 0)
(1 -4.65611e-15 0)
(1 -7.206e-15 0)
(1 -6.60074e-15 0)
(1 -2.04552e-15 0)
(1 -1.0558e-15 0)
(1 -3.87227e-15 0)
(1 -5.18391e-15 0)
(1 -7.73795e-15 0)
(1 1.12426e-15 0)
(1 7.2757e-15 0)
(1 9.34319e-15 0)
(1 1.15337e-14 0)
(1 -2.23308e-15 0)
(1 2.85215e-15 0)
(1 -3.31027e-15 0)
(1 -1.41364e-14 0)
(1 -3.85476e-15 0)
(1 -6.54107e-15 0)
(1 -2.72363e-15 0)
(1 -9.77714e-16 0)
(1 -3.63934e-15 0)
(1 -5.6278e-16 0)
(1 -3.18191e-15 0)
(1 4.28626e-15 0)
(1 1.03247e-14 0)
(1 1.73385e-15 0)
(1 1.03412e-15 0)
(1 -3.88101e-15 0)
(1 4.04883e-16 0)
(1 -4.02025e-15 0)
(1 4.96211e-15 0)
(1 -3.57813e-15 0)
(1 -3.0586e-15 0)
(1 -6.91641e-15 0)
(1 -3.06119e-15 0)
(1 6.54378e-16 0)
(1 -4.30868e-16 0)
(1 -7.0873e-15 0)
(1 1.16014e-15 0)
(1 -8.66826e-16 0)
(1 -5.59682e-15 0)
(1 -1.88607e-15 0)
(1 -5.84722e-15 0)
(1 2.97622e-15 0)
(1 9.6598e-16 0)
(1 -4.8405e-16 0)
(1 1.09251e-15 0)
(1 9.41488e-17 0)
(1 7.19952e-16 0)
(1 -1.05646e-15 0)
(1 8.9752e-16 0)
(1 3.61273e-15 0)
(1 4.43546e-15 0)
(1 3.41306e-15 0)
(1 -5.0709e-16 0)
(1 2.31603e-15 0)
(1 -8.63239e-16 0)
(1 3.44254e-16 0)
(1 1.2854e-15 0)
(1 -1.55041e-15 0)
(1 8.80687e-15 0)
(1 2.34713e-15 0)
(1 -3.36142e-16 0)
(1 -6.63481e-16 0)
(1 6.10072e-16 0)
(1 -3.05802e-15 0)
(1 -2.71097e-15 0)
(1 2.45735e-15 0)
(1 -3.18278e-16 0)
(1 -5.51928e-16 0)
(1 1.2764e-15 0)
(1 1.33041e-15 0)
(1 2.71454e-15 0)
(1 4.60277e-15 0)
(1 -1.17566e-15 0)
(1 -1.72053e-15 0)
(1 3.33801e-15 0)
(1 5.55012e-15 0)
(1 5.84887e-15 0)
(1 9.08478e-15 0)
(1 4.85598e-15 0)
(1 1.56778e-16 0)
(1 -3.69967e-15 0)
(1 -3.61777e-15 0)
(1 -1.00699e-14 0)
(1 -2.45307e-15 0)
(1 -3.59511e-15 0)
(1 5.47162e-15 0)
(1 5.58493e-16 0)
(1 3.05281e-15 0)
(1 7.12455e-15 0)
(1 3.07013e-15 0)
(1 -3.49596e-15 0)
(1 -2.55439e-16 0)
(1 -7.84884e-16 0)
(1 5.95658e-15 0)
(1 -8.49765e-15 0)
(1 2.27966e-15 0)
(1 -2.83294e-15 0)
(1 -1.67311e-15 0)
(1 -5.8405e-15 0)
(1 -9.42433e-16 0)
(1 -6.26302e-15 0)
(1 -4.99838e-16 0)
(1 -8.24689e-15 0)
(1 -2.76264e-15 0)
(1 -9.30096e-15 0)
(1 4.41798e-15 0)
(1 5.82377e-15 0)
(1 3.07639e-15 0)
(1 7.43093e-15 0)
(1 1.02026e-14 0)
(1 -1.79086e-15 0)
(1 -2.57422e-15 0)
(1 -5.03073e-15 0)
(1 -8.7253e-15 0)
(1 -3.68447e-15 0)
(1 -4.05587e-15 0)
(1 3.36649e-15 0)
(1 -4.53926e-15 0)
(1 -6.60681e-18 0)
(1 -6.19768e-15 0)
(1 -6.23988e-15 0)
(1 -1.30504e-15 0)
(1 7.27313e-15 0)
(1 2.38515e-16 0)
(1 -2.01988e-15 0)
(1 -1.86045e-15 0)
(1 1.57642e-16 0)
(1 -4.8912e-15 0)
(1 2.0011e-15 0)
(1 -2.03886e-15 0)
(1 -4.69722e-15 0)
(1 -9.63952e-15 0)
(1 -3.55252e-15 0)
(1 -3.84586e-16 0)
(1 -2.09093e-15 0)
(1 -7.37324e-15 0)
(1 -1.12467e-15 0)
(1 -5.74408e-15 0)
(1 -4.40552e-15 0)
(1 -5.94143e-15 0)
(1 -1.03779e-15 0)
(1 3.51551e-15 0)
(1 3.21243e-16 0)
(1 -2.40306e-15 0)
(1 3.59105e-15 0)
(1 4.21774e-15 0)
(1 3.42573e-15 0)
(1 3.65569e-15 0)
(1 1.03295e-15 0)
(1 -2.28168e-15 0)
(1 6.96083e-16 0)
(1 1.09324e-14 0)
(1 1.15234e-15 0)
(1 1.54756e-15 0)
(1 -2.11191e-15 0)
(1 2.08432e-15 0)
(1 2.1922e-15 0)
(1 1.66396e-15 0)
(1 5.07668e-15 0)
(1 6.1839e-16 0)
(1 3.36416e-15 0)
(1 8.00266e-15 0)
(1 4.78227e-15 0)
(1 6.80177e-15 0)
(1 5.98721e-15 0)
(1 3.73872e-15 0)
(1 -3.01656e-15 0)
(1 -4.71979e-16 0)
(1 -2.21583e-15 0)
(1 4.40167e-15 0)
(1 4.27613e-15 0)
(1 4.78218e-15 0)
(1 6.29605e-16 0)
(1 3.64648e-15 0)
(1 2.39045e-15 0)
(1 4.43159e-15 0)
(1 7.03711e-16 0)
(1 2.23159e-15 0)
(1 -2.23554e-15 0)
(1 1.07677e-15 0)
(1 2.51549e-16 0)
(1 -4.90248e-15 0)
(1 -6.71433e-15 0)
(1 -1.87844e-15 0)
(1 4.69228e-15 0)
(1 6.4407e-15 0)
(1 5.25531e-15 0)
(1 2.83978e-15 0)
(1 2.73676e-15 0)
(1 2.8463e-15 0)
(1 -4.75886e-15 0)
(1 -3.67177e-15 0)
(1 -2.57466e-16 0)
(1 8.04619e-15 0)
(1 -4.8362e-15 0)
(1 2.08007e-16 0)
(1 -5.40847e-16 0)
(1 6.71213e-16 0)
(1 1.03032e-15 0)
(1 -5.02774e-15 0)
(1 1.73824e-15 0)
(1 -3.37946e-15 0)
(1 -4.89997e-15 0)
(1 1.04072e-15 0)
(1 2.54962e-15 0)
(1 8.22996e-15 0)
(1 1.28348e-15 0)
(1 -1.86562e-15 0)
(1 3.51961e-15 0)
(1 5.13967e-15 0)
(1 -6.22382e-16 0)
(1 -1.83408e-15 0)
(1 -8.44552e-15 0)
(1 -1.32806e-15 0)
(1 -2.71393e-15 0)
(1 4.2966e-16 0)
(1 4.15345e-16 0)
(1 -3.0484e-15 0)
(1 2.39808e-15 0)
(1 -1.11099e-14 0)
(1 -3.2557e-15 0)
(1 -3.41026e-15 0)
(1 3.12202e-15 0)
(1 7.24888e-16 0)
(1 -4.52551e-15 0)
(1 -1.33137e-15 0)
(1 6.53e-16 0)
(1 2.27542e-15 0)
(1 5.16953e-16 0)
(1 5.6389e-16 0)
(1 -5.58306e-15 0)
(1 -1.01845e-14 0)
(1 -6.00869e-15 0)
(1 -3.01119e-15 0)
(1 -9.09534e-16 0)
(1 5.02516e-15 0)
(1 1.19837e-15 0)
(1 -2.54024e-15 0)
(1 1.72937e-15 0)
(1 -3.66651e-15 0)
(1 -1.18414e-16 0)
(1 4.77192e-16 0)
(1 1.96868e-15 0)
(1 -2.24789e-15 0)
(1 -2.41548e-15 0)
(1 -6.97937e-16 0)
(1 -1.14861e-15 0)
(1 4.28418e-16 0)
(1 9.97914e-16 0)
(1 -9.43981e-16 0)
(1 1.76634e-15 0)
(1 2.09819e-15 0)
(1 3.17666e-15 0)
(1 -1.15542e-15 0)
(1 1.88944e-15 0)
(1 -6.72945e-16 0)
(1 2.81211e-15 0)
(1 4.19599e-15 0)
(1 6.2366e-16 0)
(1 2.41354e-16 0)
(1 2.31327e-17 0)
(1 -6.08692e-16 0)
(1 -2.57387e-15 0)
(1 4.49377e-15 0)
(1 6.78323e-15 0)
(1 -2.73435e-15 0)
(1 -2.76889e-15 0)
(1 2.1332e-15 0)
(1 1.66381e-15 0)
(1 2.83766e-15 0)
(1 2.28411e-15 0)
(1 1.64481e-15 0)
(1 -5.25587e-16 0)
(1 2.44614e-15 0)
(1 4.25651e-15 0)
(1 2.00527e-15 0)
(1 -8.65146e-17 0)
(1 -2.44915e-15 0)
(1 -1.5866e-15 0)
(1 5.67067e-16 0)
(1 1.7398e-15 0)
(1 -2.71213e-16 0)
(1 -5.74672e-16 0)
(1 -1.09548e-15 0)
(1 -1.22141e-15 0)
(1 2.274e-15 0)
(1 6.18814e-15 0)
(1 1.5277e-15 0)
(1 2.29425e-16 0)
(1 1.42088e-16 0)
(1 3.45182e-15 0)
(1 -1.7833e-15 0)
(1 8.14426e-15 0)
(1 -3.74436e-15 0)
(1 1.26254e-15 0)
(1 -3.03503e-15 0)
(1 2.39378e-15 0)
(1 -3.54189e-15 0)
(1 6.38059e-15 0)
(1 -8.79538e-15 0)
(1 3.74254e-15 0)
(1 -3.39043e-15 0)
(1 -2.53668e-16 0)
(1 2.21127e-15 0)
(1 -5.09364e-15 0)
(1 5.44281e-16 0)
(1 5.85965e-15 0)
(1 5.98888e-15 0)
(1 1.13522e-14 0)
(1 -1.16283e-15 0)
(1 2.40781e-15 0)
(1 -9.92595e-17 0)
(1 -1.08977e-14 0)
(1 1.74273e-16 0)
(1 1.21747e-16 0)
(1 -9.18936e-16 0)
(1 -2.24611e-15 0)
(1 7.04783e-15 0)
(1 -1.43157e-15 0)
(1 -8.15946e-15 0)
(1 -1.37851e-15 0)
(1 -3.15816e-15 0)
(1 -8.04942e-16 0)
(1 2.21279e-15 0)
(1 -2.92111e-16 0)
(1 -1.27476e-15 0)
(1 4.90273e-15 0)
(1 9.25737e-15 0)
(1 1.40448e-15 0)
(1 3.02137e-15 0)
(1 -1.9251e-15 0)
(1 -1.13917e-14 0)
(1 -9.0203e-15 0)
(1 -5.04224e-15 0)
(1 1.31333e-15 0)
(1 5.62587e-15 0)
(1 4.33489e-15 0)
(1 -1.22023e-15 0)
(1 -2.62423e-15 0)
(1 -5.0329e-15 0)
(1 -6.08746e-15 0)
(1 2.03502e-15 0)
(1 -1.27825e-16 0)
(1 4.58877e-15 0)
(1 -8.60947e-16 0)
(1 3.74457e-16 0)
(1 2.81399e-16 0)
(1 2.16126e-15 0)
(1 -4.24254e-16 0)
(1 1.22329e-15 0)
(1 4.8015e-16 0)
(1 -1.33272e-15 0)
(1 7.05498e-15 0)
(1 1.33309e-15 0)
(1 2.77976e-15 0)
(1 -4.22311e-15 0)
(1 1.41171e-15 0)
(1 -5.39093e-16 0)
(1 -2.22246e-15 0)
(1 -3.71617e-15 0)
(1 -4.75603e-16 0)
(1 -4.13056e-15 0)
(1 2.4187e-17 0)
(1 3.85643e-15 0)
(1 -9.4152e-16 0)
(1 -3.27797e-15 0)
(1 -9.25099e-18 0)
(1 -4.76982e-15 0)
(1 -3.28224e-15 0)
(1 8.09883e-16 0)
(1 3.10166e-15 0)
(1 3.07094e-15 0)
(1 4.04337e-16 0)
(1 -3.09457e-15 0)
(1 2.64948e-15 0)
(1 4.53119e-15 0)
(1 5.02198e-15 0)
(1 3.18182e-15 0)
(1 -4.2573e-16 0)
(1 1.82694e-15 0)
(1 -1.92606e-15 0)
(1 -2.68054e-15 0)
(1 -4.72739e-15 0)
(1 -3.10385e-16 0)
(1 -8.79369e-15 0)
(1 -2.30779e-16 0)
(1 1.71632e-16 0)
(1 5.18468e-15 0)
(1 2.77819e-15 0)
(1 -1.66461e-15 0)
(1 7.2077e-15 0)
(1 -3.12246e-15 0)
(1 1.26354e-15 0)
(1 -4.26114e-15 0)
(1 1.783e-15 0)
(1 -6.98694e-16 0)
(1 -8.91802e-16 0)
(1 -3.74514e-15 0)
(1 1.56209e-16 0)
(1 -5.16063e-15 0)
(1 -1.18839e-15 0)
(1 -9.83756e-16 0)
(1 8.33976e-16 0)
(1 2.55871e-15 0)
(1 1.9515e-15 0)
(1 4.73458e-15 0)
(1 1.06074e-14 0)
(1 8.11135e-15 0)
(1 8.53491e-15 0)
(1 -3.9151e-15 0)
(1 -2.0796e-15 0)
(1 -3.7194e-15 0)
(1 -8.38634e-15 0)
(1 -5.5153e-15 0)
(1 -4.21653e-15 0)
(1 -1.62955e-15 0)
(1 1.37778e-15 0)
(1 6.81361e-15 0)
(1 -3.64431e-15 0)
(1 -8.78133e-16 0)
(1 -2.5607e-15 0)
(1 -2.76521e-15 0)
(1 -2.17797e-15 0)
(1 1.09214e-16 0)
(1 7.62276e-16 0)
(1 2.54581e-15 0)
(1 4.52317e-15 0)
(1 6.01622e-15 0)
(1 -4.70847e-15 0)
(1 -2.37731e-15 0)
(1 -2.94534e-15 0)
(1 -7.5328e-15 0)
(1 -3.00594e-15 0)
(1 -2.80063e-15 0)
(1 3.46876e-15 0)
(1 -1.15149e-15 0)
(1 8.13786e-16 0)
(1 -2.23831e-15 0)
(1 -3.97065e-15 0)
(1 -4.3347e-15 0)
(1 -5.31327e-15 0)
(1 2.85621e-15 0)
(1 -1.63079e-15 0)
(1 2.59239e-17 0)
(1 -1.21953e-15 0)
(1 1.71721e-15 0)
(1 3.00513e-15 0)
(1 2.41292e-15 0)
(1 -4.85908e-17 0)
(1 2.36329e-16 0)
(1 -2.66079e-15 0)
(1 2.127e-15 0)
(1 6.58621e-15 0)
(1 4.17187e-15 0)
(1 1.58495e-15 0)
(1 -1.93235e-15 0)
(1 -3.05332e-15 0)
(1 -1.7738e-15 0)
(1 -8.15384e-16 0)
(1 -1.5523e-15 0)
(1 3.86722e-15 0)
(1 4.04159e-15 0)
(1 5.80572e-15 0)
(1 5.87119e-15 0)
(1 9.49314e-16 0)
(1 -4.32684e-16 0)
(1 1.93503e-15 0)
(1 -1.37433e-15 0)
(1 -4.1564e-15 0)
(1 4.19593e-16 0)
(1 -4.50929e-16 0)
(1 3.52158e-15 0)
(1 2.6203e-15 0)
(1 -2.89691e-16 0)
(1 -5.41002e-16 0)
(1 -7.37024e-16 0)
(1 -5.87126e-16 0)
(1 -8.28372e-16 0)
(1 -3.21684e-15 0)
(1 3.40532e-15 0)
(1 7.46104e-16 0)
(1 -4.09784e-16 0)
(1 -2.3283e-15 0)
(1 7.08205e-17 0)
(1 -4.39589e-15 0)
(1 -2.3398e-16 0)
(1 -1.56047e-15 0)
(1 5.54732e-15 0)
(1 5.77264e-17 0)
)
;

boundaryField
{
    inlet
    {
        type            fixedValue;
        value           uniform (1 0 0);
    }
    outlet
    {
        type            zeroGradient;
    }
    down
    {
        type            empty;
    }
    up
    {
        type            empty;
    }
    sides
    {
        type            slip;
    }
}

