/*--------------------------------*- C++ -*----------------------------------*\
| =========                 |                                                 |
| \\      /  F ield         | OpenFOAM: The Open Source CFD Toolbox           |
|  \\    /   O peration     | Version:  v2012                                 |
|   \\  /    A nd           | Website:  www.openfoam.com                      |
|    \\/     M anipulation  |                                                 |
\*---------------------------------------------------------------------------*/
FoamFile
{
    version     2.0;
    format      ascii;
    class       volVectorField;
    location    "0";
    object      U;
}
// * * * * * * * * * * * * * * * * * * * * * * * * * * * * * * * * * * * * * //

dimensions      [0 1 -1 0 0 0 0];


internalField   nonuniform List<vector> 
4000
(
(1 2.64186e-15 0)
(1 4.20594e-15 0)
(1 1.52402e-15 0)
(1 -4.28605e-15 0)
(1 -4.63717e-15 0)
(1 3.99676e-15 0)
(1 1.45803e-15 0)
(1 3.70971e-15 0)
(1 -4.96594e-15 0)
(1 -5.31711e-15 0)
(1 1.94553e-15 0)
(1 2.50973e-16 0)
(1 4.33493e-15 0)
(1 -1.42546e-15 0)
(1 7.32088e-16 0)
(1 -1.26208e-15 0)
(1 8.18471e-16 0)
(1 -3.07959e-15 0)
(1 -6.49602e-16 0)
(1 -2.36885e-15 0)
(1 9.64466e-16 0)
(1 -6.49845e-15 0)
(1 -1.48911e-15 0)
(1 -4.68184e-15 0)
(1 -9.9955e-16 0)
(1 -3.68612e-16 0)
(1 -2.84768e-15 0)
(1 2.76463e-15 0)
(1 -2.07663e-15 0)
(1 5.07843e-15 0)
(1 -5.25093e-16 0)
(1 -9.17855e-16 0)
(1 3.68779e-15 0)
(1 1.66775e-15 0)
(1 2.96113e-15 0)
(1 1.00935e-14 0)
(1 8.43972e-15 0)
(1 8.89248e-15 0)
(1 -2.52413e-15 0)
(1 -6.05688e-15 0)
(1 -6.63636e-15 0)
(1 -2.90182e-15 0)
(1 -4.89736e-15 0)
(1 2.23463e-15 0)
(1 -3.38444e-16 0)
(1 1.04388e-15 0)
(1 -4.4543e-15 0)
(1 -1.76723e-15 0)
(1 3.58232e-15 0)
(1 2.17881e-15 0)
(1 2.87337e-15 0)
(1 2.38396e-15 0)
(1 4.22703e-15 0)
(1 -1.52655e-15 0)
(1 2.63708e-15 0)
(1 1.60759e-15 0)
(1 -2.49627e-15 0)
(1 -1.57784e-16 0)
(1 -1.92625e-15 0)
(1 3.90819e-15 0)
(1 3.01236e-15 0)
(1 1.79657e-15 0)
(1 3.06221e-15 0)
(1 -2.21872e-15 0)
(1 -3.79163e-15 0)
(1 -6.70182e-16 0)
(1 -6.73634e-16 0)
(1 1.44545e-15 0)
(1 -1.468e-15 0)
(1 -5.86559e-16 0)
(1 -2.99411e-15 0)
(1 -3.39865e-15 0)
(1 -6.28961e-16 0)
(1 -9.70195e-16 0)
(1 -1.87097e-15 0)
(1 -1.59552e-15 0)
(1 -2.70336e-15 0)
(1 -3.79923e-15 0)
(1 2.24975e-15 0)
(1 4.014e-15 0)
(1 -3.65502e-16 0)
(1 -3.07246e-15 0)
(1 -1.25748e-15 0)
(1 5.35502e-17 0)
(1 -1.9727e-15 0)
(1 6.03265e-16 0)
(1 5.44115e-16 0)
(1 5.60188e-15 0)
(1 -4.4847e-16 0)
(1 7.53799e-15 0)
(1 2.64777e-15 0)
(1 1.94796e-15 0)
(1 -4.08786e-15 0)
(1 5.16599e-16 0)
(1 -2.53453e-15 0)
(1 -2.15938e-15 0)
(1 -1.51754e-16 0)
(1 1.41681e-15 0)
(1 8.18403e-16 0)
(1 -3.13126e-15 0)
(1 3.85798e-15 0)
(1 2.83498e-15 0)
(1 2.92036e-15 0)
(1 -4.89774e-15 0)
(1 -2.04346e-16 0)
(1 5.25777e-15 0)
(1 2.30159e-15 0)
(1 -3.5408e-16 0)
(1 -6.6195e-15 0)
(1 -5.52669e-15 0)
(1 2.25516e-15 0)
(1 2.75501e-15 0)
(1 4.34546e-15 0)
(1 4.30183e-15 0)
(1 4.2074e-15 0)
(1 -1.44778e-15 0)
(1 1.08319e-15 0)
(1 -5.65992e-15 0)
(1 -1.43e-16 0)
(1 -3.90958e-15 0)
(1 3.23885e-16 0)
(1 -2.4554e-15 0)
(1 -8.75078e-16 0)
(1 -2.12016e-15 0)
(1 -7.50773e-15 0)
(1 -2.24475e-15 0)
(1 -6.25626e-15 0)
(1 -4.35283e-16 0)
(1 -1.98199e-15 0)
(1 4.67503e-15 0)
(1 -1.06231e-15 0)
(1 1.90688e-15 0)
(1 4.53218e-15 0)
(1 3.157e-15 0)
(1 9.11451e-16 0)
(1 7.73254e-15 0)
(1 7.03219e-15 0)
(1 8.1041e-15 0)
(1 -7.99618e-15 0)
(1 -7.65858e-15 0)
(1 -4.19303e-15 0)
(1 7.28915e-16 0)
(1 -3.55696e-15 0)
(1 3.36445e-15 0)
(1 -6.94258e-16 0)
(1 -2.90172e-15 0)
(1 -1.0371e-14 0)
(1 -3.58474e-15 0)
(1 2.3763e-15 0)
(1 1.53526e-15 0)
(1 -1.00734e-15 0)
(1 4.36902e-16 0)
(1 2.94964e-15 0)
(1 1.83602e-15 0)
(1 4.71783e-15 0)
(1 3.1577e-15 0)
(1 -3.00969e-15 0)
(1 -1.08806e-15 0)
(1 -6.71154e-15 0)
(1 -4.15115e-15 0)
(1 -2.12414e-15 0)
(1 3.05666e-15 0)
(1 6.19286e-15 0)
(1 1.33635e-15 0)
(1 1.73418e-15 0)
(1 2.84637e-15 0)
(1 -8.2462e-16 0)
(1 2.6891e-17 0)
(1 -3.66287e-15 0)
(1 2.1147e-15 0)
(1 -1.10853e-15 0)
(1 1.81974e-16 0)
(1 4.57239e-15 0)
(1 2.79788e-15 0)
(1 -1.55487e-15 0)
(1 7.35145e-16 0)
(1 -1.40741e-15 0)
(1 -1.36013e-15 0)
(1 4.49793e-15 0)
(1 4.47649e-15 0)
(1 6.35281e-16 0)
(1 -6.44112e-15 0)
(1 -2.12457e-15 0)
(1 5.40229e-15 0)
(1 -7.84339e-16 0)
(1 4.13192e-15 0)
(1 -3.52125e-15 0)
(1 1.33935e-16 0)
(1 -4.47576e-15 0)
(1 2.63912e-15 0)
(1 2.54084e-15 0)
(1 5.81983e-16 0)
(1 -5.36965e-15 0)
(1 -1.13859e-15 0)
(1 -1.33643e-15 0)
(1 -7.6397e-16 0)
(1 2.20146e-15 0)
(1 4.06033e-15 0)
(1 -2.85275e-15 0)
(1 -3.54165e-15 0)
(1 -1.88668e-15 0)
(1 1.64382e-15 0)
(1 -5.06971e-15 0)
(1 2.03142e-15 0)
(1 -6.82487e-16 0)
(1 4.30573e-15 0)
(1 -3.37508e-15 0)
(1 -1.28177e-15 0)
(1 4.03632e-15 0)
(1 -1.00173e-16 0)
(1 -3.43339e-15 0)
(1 6.30716e-15 0)
(1 2.83865e-15 0)
(1 1.00088e-14 0)
(1 2.16031e-15 0)
(1 -2.48572e-15 0)
(1 -8.30189e-15 0)
(1 -2.00781e-15 0)
(1 1.47423e-15 0)
(1 6.0533e-16 0)
(1 -7.49286e-16 0)
(1 4.65925e-15 0)
(1 4.3915e-15 0)
(1 3.88197e-15 0)
(1 -1.52869e-16 0)
(1 -2.67173e-15 0)
(1 -1.73312e-16 0)
(1 4.13151e-15 0)
(1 2.06454e-15 0)
(1 7.38728e-16 0)
(1 -1.67364e-15 0)
(1 -4.03957e-15 0)
(1 -1.03248e-15 0)
(1 4.19525e-15 0)
(1 3.4015e-15 0)
(1 4.65422e-15 0)
(1 4.73641e-15 0)
(1 8.5433e-15 0)
(1 2.84783e-15 0)
(1 2.00422e-15 0)
(1 -3.27866e-15 0)
(1 1.96975e-15 0)
(1 -3.23311e-15 0)
(1 -3.7908e-15 0)
(1 7.70498e-16 0)
(1 -7.32916e-15 0)
(1 -2.12267e-15 0)
(1 -1.79585e-15 0)
(1 -6.34008e-15 0)
(1 -5.13678e-15 0)
(1 -3.83358e-15 0)
(1 3.49573e-15 0)
(1 7.57e-15 0)
(1 8.45299e-15 0)
(1 3.13121e-15 0)
(1 4.14538e-15 0)
(1 1.13744e-15 0)
(1 -8.57359e-16 0)
(1 -5.18767e-15 0)
(1 -7.44115e-15 0)
(1 -4.58339e-15 0)
(1 2.25111e-15 0)
(1 -9.49144e-16 0)
(1 2.83328e-16 0)
(1 3.59772e-15 0)
(1 5.41447e-15 0)
(1 1.74973e-15 0)
(1 -1.13667e-15 0)
(1 -3.03344e-15 0)
(1 6.73462e-16 0)
(1 -1.16303e-15 0)
(1 8.19866e-17 0)
(1 -3.35499e-16 0)
(1 1.72247e-16 0)
(1 -7.86423e-17 0)
(1 -3.45142e-15 0)
(1 1.94958e-15 0)
(1 -4.04224e-15 0)
(1 3.56841e-15 0)
(1 -2.1102e-15 0)
(1 -1.01917e-15 0)
(1 -2.01719e-15 0)
(1 -5.38989e-15 0)
(1 2.78643e-15 0)
(1 -1.84366e-16 0)
(1 4.47392e-15 0)
(1 1.26417e-15 0)
(1 -8.29411e-16 0)
(1 -2.07769e-15 0)
(1 -7.34446e-16 0)
(1 -1.0053e-15 0)
(1 -2.41145e-15 0)
(1 -1.80874e-17 0)
(1 -2.02764e-15 0)
(1 2.34922e-15 0)
(1 2.39837e-16 0)
(1 1.53278e-15 0)
(1 1.18742e-15 0)
(1 -5.61019e-15 0)
(1 -1.57484e-15 0)
(1 2.35793e-16 0)
(1 -3.24732e-15 0)
(1 -5.65821e-15 0)
(1 -6.00678e-15 0)
(1 2.44684e-15 0)
(1 6.7395e-15 0)
(1 -1.11217e-15 0)
(1 9.95885e-16 0)
(1 1.02721e-14 0)
(1 3.80087e-16 0)
(1 2.10497e-15 0)
(1 5.22215e-15 0)
(1 5.13917e-15 0)
(1 3.88985e-15 0)
(1 -3.28072e-15 0)
(1 -1.59293e-15 0)
(1 -5.21191e-15 0)
(1 2.31766e-15 0)
(1 -6.57182e-15 0)
(1 3.90772e-15 0)
(1 3.73066e-15 0)
(1 4.40587e-15 0)
(1 8.31912e-15 0)
(1 9.32495e-15 0)
(1 6.69437e-15 0)
(1 -2.6986e-15 0)
(1 6.94286e-16 0)
(1 2.18675e-15 0)
(1 2.77558e-15 0)
(1 -1.61976e-15 0)
(1 -2.57739e-15 0)
(1 -6.38011e-15 0)
(1 -3.71428e-15 0)
(1 1.28404e-15 0)
(1 1.9572e-15 0)
(1 5.55021e-15 0)
(1 1.14663e-14 0)
(1 4.2014e-15 0)
(1 3.41582e-15 0)
(1 1.98836e-15 0)
(1 -5.49684e-16 0)
(1 -8.14503e-16 0)
(1 4.23684e-17 0)
(1 -2.34574e-15 0)
(1 1.45024e-15 0)
(1 1.03639e-15 0)
(1 4.46024e-15 0)
(1 -5.65547e-15 0)
(1 -4.05481e-15 0)
(1 -4.63896e-15 0)
(1 -1.19029e-16 0)
(1 2.46068e-15 0)
(1 7.0003e-15 0)
(1 2.95718e-15 0)
(1 -2.48338e-17 0)
(1 1.12745e-15 0)
(1 -2.12958e-15 0)
(1 -4.47365e-15 0)
(1 -3.77124e-15 0)
(1 -1.60069e-15 0)
(1 -2.16764e-15 0)
(1 1.29326e-15 0)
(1 -1.61774e-15 0)
(1 3.50859e-15 0)
(1 7.27015e-16 0)
(1 -2.45743e-15 0)
(1 -1.79521e-15 0)
(1 -4.36252e-15 0)
(1 -2.05168e-15 0)
(1 -2.22059e-15 0)
(1 -1.18381e-15 0)
(1 -5.75743e-15 0)
(1 -6.54972e-15 0)
(1 -4.10246e-15 0)
(1 -1.75228e-16 0)
(1 5.03158e-15 0)
(1 4.12423e-15 0)
(1 -1.79352e-16 0)
(1 2.19814e-15 0)
(1 -6.34962e-16 0)
(1 -1.6371e-15 0)
(1 -9.09548e-16 0)
(1 -7.63807e-17 0)
(1 -9.93915e-16 0)
(1 4.21531e-15 0)
(1 2.96652e-15 0)
(1 9.14437e-15 0)
(1 3.25573e-15 0)
(1 2.3113e-15 0)
(1 5.87335e-16 0)
(1 -8.71398e-16 0)
(1 -1.21998e-15 0)
(1 8.67106e-16 0)
(1 2.40824e-15 0)
(1 -1.53447e-15 0)
(1 -2.33284e-15 0)
(1 -3.69471e-15 0)
(1 -5.63088e-15 0)
(1 -5.56301e-15 0)
(1 -2.96537e-15 0)
(1 4.67301e-15 0)
(1 -2.29102e-15 0)
(1 -3.77203e-15 0)
(1 -3.02979e-15 0)
(1 1.00355e-14 0)
(1 -6.92553e-16 0)
(1 9.11621e-16 0)
(1 -1.12175e-14 0)
(1 -5.67732e-15 0)
(1 1.47575e-15 0)
(1 6.25514e-15 0)
(1 3.95087e-15 0)
(1 3.22251e-15 0)
(1 -2.38067e-15 0)
(1 3.11095e-15 0)
(1 -2.24244e-15 0)
(1 5.47807e-15 0)
(1 -5.33116e-15 0)
(1 -1.74429e-15 0)
(1 -1.87295e-15 0)
(1 -1.23437e-15 0)
(1 -4.15838e-15 0)
(1 1.57137e-14 0)
(1 1.39476e-14 0)
(1 1.01672e-14 0)
(1 3.22208e-16 0)
(1 3.98593e-15 0)
(1 1.11519e-15 0)
(1 4.76752e-15 0)
(1 1.10104e-15 0)
(1 -5.10469e-15 0)
(1 -1.59095e-15 0)
(1 1.22879e-15 0)
(1 -5.14657e-16 0)
(1 1.90644e-15 0)
(1 1.91976e-15 0)
(1 4.93025e-15 0)
(1 -1.59256e-15 0)
(1 -2.22071e-15 0)
(1 -2.0167e-15 0)
(1 3.39031e-15 0)
(1 6.18839e-15 0)
(1 -1.68193e-15 0)
(1 -2.338e-15 0)
(1 -8.75671e-15 0)
(1 -1.69038e-15 0)
(1 -2.4838e-15 0)
(1 -3.22247e-15 0)
(1 1.95637e-15 0)
(1 -1.36446e-15 0)
(1 1.8023e-15 0)
(1 -1.4122e-15 0)
(1 1.49372e-15 0)
(1 1.8129e-15 0)
(1 6.87109e-15 0)
(1 2.5997e-15 0)
(1 -1.1176e-15 0)
(1 -1.45143e-15 0)
(1 3.34895e-15 0)
(1 -1.04576e-15 0)
(1 1.13246e-15 0)
(1 8.28182e-16 0)
(1 2.36133e-15 0)
(1 -2.03053e-15 0)
(1 2.16031e-15 0)
(1 -2.24253e-15 0)
(1 1.00081e-15 0)
(1 -3.69447e-15 0)
(1 4.87069e-16 0)
(1 -1.66905e-15 0)
(1 9.16976e-16 0)
(1 -5.57031e-16 0)
(1 1.88944e-16 0)
(1 8.71288e-16 0)
(1 -4.51138e-15 0)
(1 5.80301e-15 0)
(1 -2.16972e-15 0)
(1 3.96875e-15 0)
(1 1.38858e-15 0)
(1 3.04734e-15 0)
(1 6.86438e-16 0)
(1 5.05541e-16 0)
(1 2.93269e-15 0)
(1 7.39314e-16 0)
(1 4.12525e-15 0)
(1 3.12078e-15 0)
(1 5.74967e-15 0)
(1 7.06587e-16 0)
(1 4.81309e-16 0)
(1 -2.79357e-15 0)
(1 1.78085e-15 0)
(1 1.99435e-16 0)
(1 2.72516e-15 0)
(1 5.04846e-15 0)
(1 -2.30408e-15 0)
(1 -4.11975e-16 0)
(1 -3.26817e-15 0)
(1 -5.00999e-15 0)
(1 7.48647e-16 0)
(1 3.91704e-16 0)
(1 -1.80983e-15 0)
(1 2.88181e-15 0)
(1 -1.67667e-15 0)
(1 -1.76049e-15 0)
(1 -2.05297e-15 0)
(1 2.48713e-15 0)
(1 -3.40547e-15 0)
(1 -7.71913e-15 0)
(1 -9.12223e-15 0)
(1 3.8636e-15 0)
(1 5.66516e-15 0)
(1 8.33796e-15 0)
(1 6.67383e-15 0)
(1 -7.22988e-16 0)
(1 5.23187e-15 0)
(1 -5.44034e-15 0)
(1 2.0973e-15 0)
(1 -1.08412e-14 0)
(1 2.3901e-15 0)
(1 1.14332e-15 0)
(1 6.24679e-15 0)
(1 9.19991e-15 0)
(1 1.40728e-14 0)
(1 4.79174e-15 0)
(1 3.95807e-15 0)
(1 1.85853e-15 0)
(1 -2.65934e-16 0)
(1 2.70913e-15 0)
(1 2.80305e-16 0)
(1 6.26701e-16 0)
(1 -7.28686e-15 0)
(1 -5.55387e-15 0)
(1 5.72134e-16 0)
(1 3.56317e-15 0)
(1 1.34274e-14 0)
(1 6.97936e-15 0)
(1 6.08635e-15 0)
(1 6.77882e-15 0)
(1 4.31899e-15 0)
(1 -9.08881e-15 0)
(1 -3.90053e-15 0)
(1 5.11648e-16 0)
(1 6.82259e-15 0)
(1 3.90645e-15 0)
(1 5.90097e-17 0)
(1 -3.53466e-15 0)
(1 -3.50714e-15 0)
(1 -1.43863e-15 0)
(1 -4.20519e-15 0)
(1 -1.48625e-15 0)
(1 8.45026e-16 0)
(1 2.28039e-15 0)
(1 -2.86559e-16 0)
(1 9.77673e-17 0)
(1 7.17176e-15 0)
(1 3.50129e-15 0)
(1 3.91022e-15 0)
(1 1.96434e-15 0)
(1 6.15301e-15 0)
(1 3.31335e-15 0)
(1 3.82312e-15 0)
(1 1.90945e-15 0)
(1 -2.68267e-15 0)
(1 -6.27514e-15 0)
(1 -6.90587e-16 0)
(1 3.87577e-16 0)
(1 4.85322e-15 0)
(1 7.96405e-15 0)
(1 6.27249e-15 0)
(1 1.1993e-14 0)
(1 4.90912e-15 0)
(1 1.68391e-15 0)
(1 2.11124e-15 0)
(1 1.51387e-15 0)
(1 -3.35387e-15 0)
(1 -3.21843e-15 0)
(1 -3.82459e-15 0)
(1 3.1167e-15 0)
(1 -2.96153e-15 0)
(1 -3.18303e-15 0)
(1 3.37366e-15 0)
(1 6.1192e-15 0)
(1 4.88157e-15 0)
(1 4.28688e-15 0)
(1 -2.66901e-15 0)
(1 -4.59484e-15 0)
(1 1.07207e-15 0)
(1 2.68418e-15 0)
(1 8.19544e-16 0)
(1 -4.32874e-17 0)
(1 1.40587e-16 0)
(1 1.86682e-15 0)
(1 3.28789e-15 0)
(1 1.12962e-15 0)
(1 4.04756e-15 0)
(1 6.19063e-15 0)
(1 4.40655e-15 0)
(1 5.21245e-15 0)
(1 5.04807e-15 0)
(1 3.43615e-15 0)
(1 -7.49902e-16 0)
(1 -1.77517e-15 0)
(1 4.82858e-15 0)
(1 1.76342e-15 0)
(1 -2.71831e-15 0)
(1 -6.72292e-16 0)
(1 -1.69562e-15 0)
(1 -2.57497e-15 0)
(1 6.12419e-16 0)
(1 1.61102e-15 0)
(1 -1.68816e-16 0)
(1 5.68043e-15 0)
(1 2.23105e-15 0)
(1 4.91275e-15 0)
(1 4.75156e-16 0)
(1 -9.97669e-16 0)
(1 -1.81335e-15 0)
(1 2.20042e-16 0)
(1 1.62297e-15 0)
(1 1.60481e-14 0)
(1 1.61021e-14 0)
(1 1.64132e-14 0)
(1 -3.43568e-15 0)
(1 -7.90949e-15 0)
(1 -1.2254e-14 0)
(1 6.86605e-16 0)
(1 -7.31346e-16 0)
(1 -4.36603e-16 0)
(1 -1.62467e-15 0)
(1 1.51671e-15 0)
(1 8.1286e-16 0)
(1 6.42656e-15 0)
(1 -2.62714e-15 0)
(1 4.2077e-15 0)
(1 3.04468e-15 0)
(1 2.98016e-15 0)
(1 4.82563e-15 0)
(1 6.49292e-15 0)
(1 4.51236e-15 0)
(1 -3.84675e-15 0)
(1 8.51799e-15 0)
(1 1.51732e-15 0)
(1 1.46098e-14 0)
(1 7.57216e-16 0)
(1 2.08134e-15 0)
(1 -7.38582e-15 0)
(1 -1.06645e-14 0)
(1 -6.06586e-15 0)
(1 4.97809e-15 0)
(1 5.6308e-15 0)
(1 -4.51323e-15 0)
(1 -3.69917e-15 0)
(1 -2.74377e-15 0)
(1 -1.07073e-15 0)
(1 4.83711e-15 0)
(1 -6.92459e-16 0)
(1 9.74235e-16 0)
(1 5.80444e-15 0)
(1 2.1463e-15 0)
(1 7.71216e-15 0)
(1 7.05851e-15 0)
(1 1.74806e-15 0)
(1 -1.75013e-15 0)
(1 3.91743e-15 0)
(1 -5.24563e-15 0)
(1 -1.5188e-15 0)
(1 -4.0548e-15 0)
(1 3.81786e-15 0)
(1 4.35557e-15 0)
(1 3.95224e-15 0)
(1 -1.40377e-15 0)
(1 -2.53368e-15 0)
(1 -1.30734e-16 0)
(1 1.45359e-15 0)
(1 8.6887e-15 0)
(1 6.33868e-15 0)
(1 5.25017e-15 0)
(1 9.08781e-15 0)
(1 1.14658e-15 0)
(1 -4.15571e-16 0)
(1 8.57939e-16 0)
(1 3.5174e-15 0)
(1 5.09456e-15 0)
(1 3.5995e-15 0)
(1 1.30802e-16 0)
(1 -1.10084e-15 0)
(1 7.48532e-15 0)
(1 5.39523e-15 0)
(1 6.10177e-15 0)
(1 1.69249e-15 0)
(1 3.47274e-15 0)
(1 8.66894e-15 0)
(1 3.747e-15 0)
(1 2.01079e-15 0)
(1 6.16017e-15 0)
(1 1.08403e-14 0)
(1 1.05036e-14 0)
(1 7.56108e-15 0)
(1 3.68378e-15 0)
(1 4.63199e-15 0)
(1 1.69281e-15 0)
(1 -1.96259e-15 0)
(1 -2.70888e-15 0)
(1 9.20038e-16 0)
(1 2.32377e-16 0)
(1 -6.609e-15 0)
(1 4.13789e-15 0)
(1 -1.77039e-15 0)
(1 1.9161e-15 0)
(1 4.92354e-16 0)
(1 -5.37654e-15 0)
(1 7.7279e-16 0)
(1 -1.23402e-15 0)
(1 1.17282e-14 0)
(1 -5.35027e-16 0)
(1 7.78722e-15 0)
(1 -5.82728e-15 0)
(1 1.02243e-14 0)
(1 6.65599e-15 0)
(1 1.8443e-14 0)
(1 3.59033e-15 0)
(1 3.45105e-15 0)
(1 -1.18717e-14 0)
(1 -1.14796e-14 0)
(1 -7.94093e-15 0)
(1 1.37553e-15 0)
(1 4.8051e-15 0)
(1 7.23267e-15 0)
(1 7.81337e-16 0)
(1 -1.65635e-15 0)
(1 -1.7265e-15 0)
(1 7.26108e-15 0)
(1 -4.98308e-16 0)
(1 5.28619e-16 0)
(1 -8.82352e-15 0)
(1 -1.6875e-15 0)
(1 -6.73695e-15 0)
(1 5.57939e-15 0)
(1 1.70212e-14 0)
(1 1.51765e-14 0)
(1 3.5328e-15 0)
(1 -3.89958e-15 0)
(1 -6.05792e-16 0)
(1 2.35974e-15 0)
(1 3.19413e-15 0)
(1 -1.3975e-15 0)
(1 -1.08682e-15 0)
(1 -2.40538e-15 0)
(1 4.89066e-15 0)
(1 1.08316e-16 0)
(1 -6.32302e-15 0)
(1 -1.21382e-15 0)
(1 3.88092e-15 0)
(1 5.60858e-15 0)
(1 5.00026e-15 0)
(1 -5.90828e-18 0)
(1 9.30183e-16 0)
(1 5.67401e-15 0)
(1 4.15382e-15 0)
(1 6.04593e-15 0)
(1 1.00168e-14 0)
(1 3.09227e-16 0)
(1 1.32533e-15 0)
(1 -1.44903e-15 0)
(1 -2.97202e-15 0)
(1 8.44836e-17 0)
(1 1.08669e-15 0)
(1 4.75454e-16 0)
(1 4.23311e-15 0)
(1 -3.78607e-15 0)
(1 1.24583e-15 0)
(1 9.29879e-15 0)
(1 6.38463e-15 0)
(1 6.39808e-15 0)
(1 9.57286e-15 0)
(1 7.23859e-15 0)
(1 4.90615e-15 0)
(1 2.95977e-15 0)
(1 3.7405e-15 0)
(1 3.68343e-15 0)
(1 -4.70487e-15 0)
(1 -2.73788e-15 0)
(1 -6.14654e-16 0)
(1 -1.36199e-15 0)
(1 5.53374e-16 0)
(1 1.51126e-15 0)
(1 5.10097e-15 0)
(1 6.09814e-15 0)
(1 3.99135e-15 0)
(1 4.86363e-15 0)
(1 4.47719e-15 0)
(1 5.95805e-16 0)
(1 1.50008e-15 0)
(1 6.22858e-15 0)
(1 7.53171e-15 0)
(1 7.62257e-15 0)
(1 7.29574e-15 0)
(1 9.98184e-15 0)
(1 9.55649e-15 0)
(1 1.26025e-14 0)
(1 -1.70969e-15 0)
(1 1.33857e-15 0)
(1 -7.38352e-15 0)
(1 -6.55138e-15 0)
(1 -9.61877e-15 0)
(1 -1.9118e-15 0)
(1 3.87497e-15 0)
(1 4.74781e-15 0)
(1 -2.88503e-15 0)
(1 5.42256e-15 0)
(1 7.34448e-15 0)
(1 4.59588e-15 0)
(1 4.48041e-15 0)
(1 8.85192e-15 0)
(1 -4.00554e-15 0)
(1 -4.55468e-16 0)
(1 -1.30736e-15 0)
(1 1.05333e-14 0)
(1 4.11861e-15 0)
(1 6.2264e-15 0)
(1 5.66611e-15 0)
(1 3.11226e-15 0)
(1 -1.03439e-15 0)
(1 2.48223e-15 0)
(1 6.12862e-15 0)
(1 2.05608e-15 0)
(1 -7.87524e-15 0)
(1 -4.05011e-15 0)
(1 -1.90424e-15 0)
(1 -3.19472e-15 0)
(1 -2.46994e-15 0)
(1 -5.81425e-15 0)
(1 -4.2225e-15 0)
(1 3.71575e-15 0)
(1 -1.12842e-16 0)
(1 5.38629e-15 0)
(1 -1.16358e-15 0)
(1 2.22417e-15 0)
(1 2.93174e-15 0)
(1 7.03025e-15 0)
(1 -4.28592e-15 0)
(1 -2.54545e-15 0)
(1 1.58491e-16 0)
(1 1.04241e-14 0)
(1 1.45621e-14 0)
(1 1.21246e-14 0)
(1 3.58163e-15 0)
(1 -4.10649e-15 0)
(1 -8.55806e-15 0)
(1 -5.36281e-15 0)
(1 1.64055e-15 0)
(1 6.22591e-15 0)
(1 6.99995e-15 0)
(1 4.38893e-15 0)
(1 -4.09599e-16 0)
(1 9.47907e-16 0)
(1 8.07154e-15 0)
(1 4.5761e-15 0)
(1 6.76932e-15 0)
(1 6.14061e-16 0)
(1 1.83844e-15 0)
(1 -1.15759e-16 0)
(1 -2.37235e-15 0)
(1 -5.84868e-15 0)
(1 -2.04244e-15 0)
(1 -3.77079e-15 0)
(1 1.17551e-14 0)
(1 1.37852e-14 0)
(1 1.30631e-14 0)
(1 1.36207e-14 0)
(1 1.05622e-14 0)
(1 1.37641e-14 0)
(1 1.18874e-14 0)
(1 6.11125e-15 0)
(1 1.87676e-15 0)
(1 1.66214e-17 0)
(1 5.32034e-15 0)
(1 9.01001e-16 0)
(1 3.55706e-15 0)
(1 6.42287e-15 0)
(1 1.78864e-15 0)
(1 2.64759e-15 0)
(1 8.75906e-16 0)
(1 -1.12733e-15 0)
(1 -1.29565e-15 0)
(1 -3.71172e-15 0)
(1 -2.80411e-15 0)
(1 -1.01393e-15 0)
(1 8.86991e-16 0)
(1 5.57744e-15 0)
(1 -2.19922e-17 0)
(1 1.26212e-15 0)
(1 8.95225e-15 0)
(1 9.31627e-15 0)
(1 2.03345e-14 0)
(1 1.39267e-14 0)
(1 1.55699e-14 0)
(1 1.99873e-14 0)
(1 1.89004e-14 0)
(1 1.92948e-14 0)
(1 1.23114e-15 0)
(1 9.90879e-16 0)
(1 1.55541e-15 0)
(1 2.72277e-15 0)
(1 -7.98605e-15 0)
(1 -2.36974e-15 0)
(1 -1.57535e-15 0)
(1 7.1478e-15 0)
(1 3.19803e-15 0)
(1 -8.26699e-15 0)
(1 -8.25391e-16 0)
(1 1.32519e-15 0)
(1 6.38574e-15 0)
(1 2.62925e-15 0)
(1 5.43782e-15 0)
(1 2.58918e-15 0)
(1 8.32064e-15 0)
(1 7.80575e-15 0)
(1 5.01221e-15 0)
(1 -6.8057e-15 0)
(1 -4.06003e-15 0)
(1 -1.08006e-14 0)
(1 -1.57153e-15 0)
(1 3.65104e-15 0)
(1 7.30376e-15 0)
(1 3.59172e-15 0)
(1 1.06336e-15 0)
(1 -5.62889e-15 0)
(1 -1.63721e-15 0)
(1 1.0598e-15 0)
(1 2.50841e-15 0)
(1 -6.52049e-16 0)
(1 -2.21152e-16 0)
(1 -3.09762e-15 0)
(1 2.18203e-15 0)
(1 6.06408e-15 0)
(1 6.14396e-15 0)
(1 -5.79721e-15 0)
(1 -9.98566e-15 0)
(1 -8.89394e-16 0)
(1 4.48006e-15 0)
(1 1.01642e-14 0)
(1 7.00016e-15 0)
(1 9.20451e-15 0)
(1 3.75711e-15 0)
(1 9.84118e-16 0)
(1 -5.19824e-15 0)
(1 -4.91021e-15 0)
(1 -5.13047e-16 0)
(1 1.30175e-15 0)
(1 6.35104e-15 0)
(1 1.71602e-15 0)
(1 3.36923e-15 0)
(1 -2.44027e-15 0)
(1 2.13275e-15 0)
(1 1.04359e-14 0)
(1 1.06872e-14 0)
(1 5.29819e-15 0)
(1 1.50242e-15 0)
(1 3.85964e-15 0)
(1 1.7901e-15 0)
(1 9.41483e-15 0)
(1 5.31858e-15 0)
(1 3.50642e-15 0)
(1 4.21748e-15 0)
(1 -1.14958e-15 0)
(1 6.44564e-15 0)
(1 1.16877e-14 0)
(1 1.21504e-14 0)
(1 9.32307e-15 0)
(1 6.60991e-15 0)
(1 6.45954e-15 0)
(1 5.33902e-15 0)
(1 4.4083e-15 0)
(1 4.34438e-15 0)
(1 1.88447e-15 0)
(1 8.49194e-15 0)
(1 3.0137e-15 0)
(1 7.70334e-15 0)
(1 4.35912e-15 0)
(1 3.31706e-15 0)
(1 -2.72385e-15 0)
(1 -3.44415e-15 0)
(1 -3.20019e-15 0)
(1 -8.75217e-16 0)
(1 2.24681e-15 0)
(1 3.46217e-15 0)
(1 3.39656e-15 0)
(1 6.82187e-15 0)
(1 4.58296e-15 0)
(1 5.01327e-15 0)
(1 4.30644e-15 0)
(1 1.56018e-14 0)
(1 2.24871e-15 0)
(1 1.42153e-14 0)
(1 1.24295e-14 0)
(1 1.23143e-14 0)
(1 2.43584e-14 0)
(1 3.2124e-14 0)
(1 2.05899e-14 0)
(1 2.63258e-15 0)
(1 -4.00991e-15 0)
(1 1.8968e-15 0)
(1 -4.76905e-15 0)
(1 6.01872e-16 0)
(1 -6.32896e-15 0)
(1 -3.33662e-15 0)
(1 3.29499e-15 0)
(1 -5.43405e-16 0)
(1 -1.13284e-14 0)
(1 -4.78607e-15 0)
(1 -1.00134e-14 0)
(1 3.19294e-15 0)
(1 7.7584e-15 0)
(1 1.44519e-14 0)
(1 1.98432e-14 0)
(1 1.38021e-14 0)
(1 7.6665e-15 0)
(1 5.22629e-15 0)
(1 -2.31283e-15 0)
(1 -5.21187e-15 0)
(1 -8.98774e-15 0)
(1 -8.18139e-15 0)
(1 -1.43217e-14 0)
(1 -7.69736e-15 0)
(1 -5.62973e-15 0)
(1 6.34118e-15 0)
(1 2.2284e-15 0)
(1 2.58214e-15 0)
(1 1.92771e-16 0)
(1 -1.69583e-15 0)
(1 -6.97624e-15 0)
(1 1.15128e-15 0)
(1 -9.86237e-16 0)
(1 4.44618e-15 0)
(1 3.45376e-15 0)
(1 4.33209e-15 0)
(1 -4.81732e-15 0)
(1 -1.12324e-15 0)
(1 2.51807e-15 0)
(1 1.10305e-15 0)
(1 7.00777e-15 0)
(1 8.40123e-15 0)
(1 1.35685e-14 0)
(1 3.08194e-15 0)
(1 6.0176e-16 0)
(1 3.7631e-15 0)
(1 8.00712e-16 0)
(1 -2.02488e-15 0)
(1 -4.17996e-15 0)
(1 6.05803e-16 0)
(1 1.58024e-15 0)
(1 8.83028e-15 0)
(1 2.57061e-15 0)
(1 4.43315e-15 0)
(1 3.84998e-15 0)
(1 6.72587e-15 0)
(1 2.65982e-15 0)
(1 5.85735e-15 0)
(1 1.68561e-15 0)
(1 5.35609e-15 0)
(1 4.26183e-15 0)
(1 -6.37876e-16 0)
(1 2.67427e-15 0)
(1 1.12174e-14 0)
(1 9.56436e-15 0)
(1 3.46566e-15 0)
(1 7.48993e-15 0)
(1 9.33279e-15 0)
(1 9.77718e-15 0)
(1 1.18358e-14 0)
(1 1.06739e-14 0)
(1 -2.33831e-16 0)
(1 -3.05359e-15 0)
(1 -6.28811e-17 0)
(1 -1.3677e-16 0)
(1 1.10261e-14 0)
(1 1.61851e-14 0)
(1 1.10564e-14 0)
(1 8.54334e-16 0)
(1 6.58703e-15 0)
(1 -2.21381e-15 0)
(1 -1.61362e-15 0)
(1 -2.77647e-15 0)
(1 -4.73904e-15 0)
(1 -3.19172e-15 0)
(1 2.58366e-15 0)
(1 8.19168e-15 0)
(1 4.42279e-15 0)
(1 7.26596e-15 0)
(1 5.27165e-15 0)
(1 7.46196e-15 0)
(1 7.42585e-15 0)
(1 5.32423e-15 0)
(1 3.02371e-15 0)
(1 6.5781e-15 0)
(1 1.08894e-14 0)
(1 1.57059e-14 0)
(1 2.42355e-14 0)
(1 1.63556e-14 0)
(1 3.77078e-15 0)
(1 -6.63284e-15 0)
(1 2.20929e-15 0)
(1 -2.49089e-15 0)
(1 1.32429e-16 0)
(1 -2.60842e-15 0)
(1 -3.52107e-15 0)
(1 -2.66529e-15 0)
(1 -7.93032e-15 0)
(1 -3.63696e-15 0)
(1 7.37171e-15 0)
(1 4.5225e-15 0)
(1 3.3561e-15 0)
(1 3.52235e-15 0)
(1 4.69275e-15 0)
(1 1.02996e-14 0)
(1 8.43964e-15 0)
(1 3.24736e-15 0)
(1 -5.5168e-15 0)
(1 -6.71789e-15 0)
(1 4.26613e-15 0)
(1 2.2211e-15 0)
(1 -1.12745e-15 0)
(1 -1.73159e-15 0)
(1 -1.48666e-15 0)
(1 2.17279e-15 0)
(1 5.75785e-15 0)
(1 2.49444e-16 0)
(1 1.63866e-15 0)
(1 2.07158e-16 0)
(1 -5.40031e-15 0)
(1 -8.11132e-15 0)
(1 -1.75723e-15 0)
(1 4.25102e-15 0)
(1 -1.21829e-15 0)
(1 -4.95482e-15 0)
(1 -1.34513e-15 0)
(1 9.07303e-16 0)
(1 -2.25832e-15 0)
(1 6.02786e-15 0)
(1 4.76122e-15 0)
(1 7.80023e-15 0)
(1 7.9741e-15 0)
(1 1.07092e-15 0)
(1 2.21605e-15 0)
(1 8.93228e-15 0)
(1 6.59402e-15 0)
(1 7.4594e-15 0)
(1 -3.72311e-15 0)
(1 -3.94005e-15 0)
(1 -1.12618e-15 0)
(1 3.19359e-15 0)
(1 4.64276e-15 0)
(1 1.4021e-14 0)
(1 9.56655e-15 0)
(1 -4.75941e-15 0)
(1 -3.04923e-15 0)
(1 5.02504e-15 0)
(1 7.06513e-15 0)
(1 2.45772e-15 0)
(1 1.6797e-15 0)
(1 2.27001e-15 0)
(1 2.03836e-16 0)
(1 5.96957e-15 0)
(1 1.01803e-14 0)
(1 7.3252e-15 0)
(1 4.22864e-15 0)
(1 6.61416e-15 0)
(1 4.56678e-15 0)
(1 1.15479e-14 0)
(1 1.21623e-14 0)
(1 6.57571e-15 0)
(1 1.14256e-16 0)
(1 -1.62207e-15 0)
(1 -2.04321e-15 0)
(1 6.29618e-15 0)
(1 5.85404e-15 0)
(1 4.85207e-15 0)
(1 3.75449e-15 0)
(1 4.09665e-15 0)
(1 9.70317e-15 0)
(1 1.12507e-14 0)
(1 1.81928e-15 0)
(1 2.29422e-15 0)
(1 2.56707e-16 0)
(1 -3.47505e-15 0)
(1 -2.27142e-15 0)
(1 1.41792e-15 0)
(1 5.85878e-15 0)
(1 5.32219e-15 0)
(1 -3.15636e-15 0)
(1 7.29352e-15 0)
(1 9.96133e-15 0)
(1 1.25898e-14 0)
(1 9.16691e-15 0)
(1 9.20035e-15 0)
(1 2.36783e-14 0)
(1 1.26471e-14 0)
(1 9.14701e-15 0)
(1 1.10367e-14 0)
(1 4.09625e-15 0)
(1 -2.52646e-15 0)
(1 -2.7037e-15 0)
(1 -2.64557e-15 0)
(1 -3.61228e-15 0)
(1 2.4032e-15 0)
(1 -5.47544e-15 0)
(1 5.68135e-16 0)
(1 -2.70326e-15 0)
(1 3.93579e-15 0)
(1 4.03389e-15 0)
(1 1.26899e-14 0)
(1 8.28245e-15 0)
(1 5.95818e-15 0)
(1 -4.48164e-15 0)
(1 3.47123e-15 0)
(1 -2.76725e-15 0)
(1 7.95319e-15 0)
(1 2.1465e-15 0)
(1 2.47898e-15 0)
(1 -7.9511e-16 0)
(1 -1.38133e-14 0)
(1 -1.21152e-14 0)
(1 -6.19783e-15 0)
(1 -5.84821e-15 0)
(1 1.86595e-15 0)
(1 -7.70509e-16 0)
(1 8.60251e-15 0)
(1 1.22543e-15 0)
(1 -1.11208e-15 0)
(1 -4.93231e-15 0)
(1 -3.00396e-15 0)
(1 -4.19409e-15 0)
(1 -5.42064e-15 0)
(1 4.02116e-17 0)
(1 -7.77558e-16 0)
(1 -7.3628e-15 0)
(1 6.17608e-16 0)
(1 4.00537e-15 0)
(1 8.58414e-15 0)
(1 4.93985e-15 0)
(1 5.95395e-15 0)
(1 2.77046e-15 0)
(1 1.66687e-15 0)
(1 5.84402e-15 0)
(1 9.35483e-15 0)
(1 7.86118e-15 0)
(1 1.01602e-14 0)
(1 5.83611e-15 0)
(1 1.85889e-15 0)
(1 -5.09574e-15 0)
(1 -1.35028e-15 0)
(1 -4.41378e-15 0)
(1 3.33058e-15 0)
(1 1.79694e-15 0)
(1 2.82948e-15 0)
(1 -1.68831e-15 0)
(1 2.38892e-15 0)
(1 -3.87128e-15 0)
(1 3.54851e-15 0)
(1 -5.93248e-17 0)
(1 3.49795e-15 0)
(1 1.16347e-14 0)
(1 1.39956e-14 0)
(1 1.30243e-14 0)
(1 8.48363e-15 0)
(1 3.51979e-15 0)
(1 -3.50883e-16 0)
(1 -3.25041e-15 0)
(1 2.488e-15 0)
(1 3.84106e-15 0)
(1 -4.06769e-16 0)
(1 8.66014e-15 0)
(1 8.92996e-15 0)
(1 6.8268e-15 0)
(1 7.83721e-15 0)
(1 -2.78692e-15 0)
(1 -5.4084e-15 0)
(1 -2.71861e-16 0)
(1 7.33883e-15 0)
(1 2.02963e-15 0)
(1 8.33114e-15 0)
(1 3.44474e-15 0)
(1 7.41982e-15 0)
(1 5.68896e-15 0)
(1 7.88555e-15 0)
(1 -3.56837e-15 0)
(1 2.62109e-15 0)
(1 5.91039e-15 0)
(1 1.95256e-15 0)
(1 6.64809e-15 0)
(1 1.86127e-15 0)
(1 -1.88438e-17 0)
(1 4.01453e-15 0)
(1 3.36143e-15 0)
(1 7.70585e-15 0)
(1 1.39999e-14 0)
(1 1.23552e-14 0)
(1 6.33683e-15 0)
(1 9.79341e-15 0)
(1 -1.39324e-15 0)
(1 2.42632e-15 0)
(1 -1.90216e-15 0)
(1 -2.41981e-15 0)
(1 -1.91485e-15 0)
(1 -4.4898e-15 0)
(1 -5.04743e-15 0)
(1 3.50476e-15 0)
(1 1.28834e-14 0)
(1 1.11165e-14 0)
(1 1.745e-15 0)
(1 2.25313e-15 0)
(1 -9.84522e-16 0)
(1 4.83983e-15 0)
(1 -2.49537e-15 0)
(1 -2.91446e-15 0)
(1 -3.47568e-16 0)
(1 -3.80321e-16 0)
(1 7.39836e-17 0)
(1 -1.05949e-15 0)
(1 -4.6401e-15 0)
(1 2.72103e-15 0)
(1 -1.59182e-15 0)
(1 2.60585e-15 0)
(1 2.09189e-15 0)
(1 -2.45235e-16 0)
(1 -8.41531e-15 0)
(1 -4.1656e-15 0)
(1 -6.25554e-15 0)
(1 -5.73818e-15 0)
(1 1.74373e-15 0)
(1 -6.37371e-15 0)
(1 -1.3416e-14 0)
(1 -8.44207e-15 0)
(1 6.40185e-15 0)
(1 1.23566e-14 0)
(1 8.53466e-15 0)
(1 5.65942e-15 0)
(1 5.56045e-15 0)
(1 -2.06771e-16 0)
(1 2.54042e-15 0)
(1 -2.1969e-16 0)
(1 -3.81247e-15 0)
(1 1.66286e-15 0)
(1 9.39566e-15 0)
(1 7.86589e-15 0)
(1 4.80113e-15 0)
(1 4.10776e-15 0)
(1 4.09251e-15 0)
(1 1.87334e-15 0)
(1 -7.33706e-16 0)
(1 -7.32799e-15 0)
(1 3.69671e-16 0)
(1 -3.18662e-15 0)
(1 -3.58407e-15 0)
(1 1.02808e-14 0)
(1 9.30844e-15 0)
(1 6.46922e-15 0)
(1 2.01277e-15 0)
(1 5.69217e-15 0)
(1 6.41352e-15 0)
(1 2.27477e-15 0)
(1 2.44485e-15 0)
(1 4.63158e-15 0)
(1 7.81971e-15 0)
(1 1.94374e-14 0)
(1 8.71538e-15 0)
(1 5.46682e-15 0)
(1 -1.29757e-16 0)
(1 2.85994e-15 0)
(1 2.13049e-15 0)
(1 4.09529e-15 0)
(1 3.85607e-15 0)
(1 7.00192e-15 0)
(1 7.47854e-15 0)
(1 5.2603e-15 0)
(1 2.38804e-15 0)
(1 1.09082e-14 0)
(1 1.24937e-14 0)
(1 1.15776e-14 0)
(1 2.99347e-15 0)
(1 1.11682e-15 0)
(1 -4.86106e-16 0)
(1 2.77648e-15 0)
(1 -2.52831e-16 0)
(1 4.45335e-15 0)
(1 5.89407e-16 0)
(1 8.71116e-15 0)
(1 5.44239e-15 0)
(1 5.44619e-15 0)
(1 1.25416e-14 0)
(1 5.17897e-15 0)
(1 -3.58179e-15 0)
(1 2.91741e-15 0)
(1 2.77141e-15 0)
(1 6.95813e-15 0)
(1 1.03157e-14 0)
(1 8.66014e-15 0)
(1 8.62583e-15 0)
(1 1.1793e-14 0)
(1 -7.95256e-16 0)
(1 -4.24539e-16 0)
(1 3.3903e-15 0)
(1 -3.31908e-15 0)
(1 -1.9144e-15 0)
(1 -5.75263e-15 0)
(1 -2.69537e-15 0)
(1 -1.28828e-14 0)
(1 9.7773e-15 0)
(1 5.13661e-15 0)
(1 7.90172e-15 0)
(1 8.80525e-15 0)
(1 8.32851e-16 0)
(1 4.00653e-15 0)
(1 8.43722e-15 0)
(1 -7.50131e-15 0)
(1 -3.24347e-15 0)
(1 -1.5602e-14 0)
(1 -1.32703e-14 0)
(1 -7.04975e-15 0)
(1 -5.81973e-15 0)
(1 1.13851e-14 0)
(1 6.98092e-15 0)
(1 1.84087e-14 0)
(1 1.28186e-14 0)
(1 1.16353e-14 0)
(1 4.63774e-16 0)
(1 -1.04314e-14 0)
(1 -1.24278e-14 0)
(1 -6.5703e-15 0)
(1 -3.36651e-17 0)
(1 -6.95111e-15 0)
(1 -6.44043e-15 0)
(1 -6.82712e-15 0)
(1 -3.49513e-16 0)
(1 3.20245e-15 0)
(1 1.3884e-14 0)
(1 4.47906e-15 0)
(1 3.9831e-15 0)
(1 2.77541e-16 0)
(1 9.82138e-16 0)
(1 1.52722e-15 0)
(1 -3.3066e-15 0)
(1 -5.90318e-16 0)
(1 7.10892e-16 0)
(1 6.16479e-15 0)
(1 8.6772e-15 0)
(1 -2.44795e-15 0)
(1 -2.33588e-16 0)
(1 1.29729e-15 0)
(1 7.71504e-15 0)
(1 1.50826e-15 0)
(1 2.22967e-15 0)
(1 2.41943e-15 0)
(1 3.53254e-15 0)
(1 5.98158e-15 0)
(1 8.94327e-15 0)
(1 5.26732e-15 0)
(1 2.8944e-15 0)
(1 1.81274e-15 0)
(1 5.59319e-15 0)
(1 2.11762e-15 0)
(1 2.0369e-15 0)
(1 2.53063e-15 0)
(1 6.02026e-15 0)
(1 1.15895e-14 0)
(1 9.4949e-15 0)
(1 9.83827e-15 0)
(1 8.10582e-15 0)
(1 1.11857e-14 0)
(1 9.81605e-15 0)
(1 1.06583e-14 0)
(1 7.95396e-16 0)
(1 4.77781e-15 0)
(1 5.82604e-15 0)
(1 1.08573e-14 0)
(1 1.15125e-14 0)
(1 3.01928e-15 0)
(1 4.04035e-15 0)
(1 4.68515e-15 0)
(1 9.48913e-15 0)
(1 8.78713e-16 0)
(1 2.83737e-15 0)
(1 3.28261e-16 0)
(1 2.80797e-15 0)
(1 -1.93763e-15 0)
(1 -2.17015e-16 0)
(1 3.08434e-16 0)
(1 6.20338e-15 0)
(1 4.19379e-15 0)
(1 6.09927e-15 0)
(1 3.78612e-15 0)
(1 3.16388e-15 0)
(1 9.37837e-15 0)
(1 1.00119e-14 0)
(1 4.76863e-15 0)
(1 5.21591e-15 0)
(1 7.78452e-15 0)
(1 1.15635e-14 0)
(1 1.5365e-14 0)
(1 -3.88905e-15 0)
(1 -4.72347e-15 0)
(1 -1.46507e-15 0)
(1 -5.40764e-16 0)
(1 8.47406e-15 0)
(1 4.41284e-15 0)
(1 1.14766e-14 0)
(1 2.05667e-15 0)
(1 -3.52663e-15 0)
(1 -6.19446e-16 0)
(1 -3.34993e-15 0)
(1 -6.82371e-15 0)
(1 2.14408e-16 0)
(1 5.58123e-17 0)
(1 8.72048e-15 0)
(1 -6.65224e-15 0)
(1 6.87323e-15 0)
(1 -5.94138e-15 0)
(1 -5.05822e-15 0)
(1 -4.50531e-15 0)
(1 -2.6797e-15 0)
(1 -1.61067e-15 0)
(1 2.83653e-15 0)
(1 1.36992e-15 0)
(1 -6.37631e-15 0)
(1 -7.80864e-16 0)
(1 -6.70064e-15 0)
(1 -1.67082e-15 0)
(1 -1.21304e-14 0)
(1 -4.13201e-16 0)
(1 -1.13643e-14 0)
(1 -7.65364e-15 0)
(1 6.50822e-15 0)
(1 5.68142e-15 0)
(1 6.8156e-15 0)
(1 4.00898e-15 0)
(1 9.25313e-15 0)
(1 1.73707e-15 0)
(1 7.08579e-16 0)
(1 -4.006e-15 0)
(1 -4.10551e-15 0)
(1 5.9843e-16 0)
(1 3.49527e-15 0)
(1 1.50733e-16 0)
(1 4.31584e-16 0)
(1 -3.68469e-15 0)
(1 8.88273e-15 0)
(1 2.71538e-15 0)
(1 4.63391e-15 0)
(1 4.84327e-15 0)
(1 6.99283e-15 0)
(1 5.37368e-15 0)
(1 8.14295e-16 0)
(1 -4.86539e-15 0)
(1 1.70409e-15 0)
(1 1.12059e-15 0)
(1 9.39398e-15 0)
(1 4.97262e-15 0)
(1 6.98137e-15 0)
(1 -1.51353e-15 0)
(1 2.10925e-15 0)
(1 -4.01443e-16 0)
(1 8.34241e-16 0)
(1 6.8732e-15 0)
(1 3.44019e-15 0)
(1 -2.05048e-15 0)
(1 3.70385e-15 0)
(1 2.63721e-18 0)
(1 7.79526e-15 0)
(1 1.40899e-14 0)
(1 9.08849e-15 0)
(1 4.17127e-15 0)
(1 6.75138e-15 0)
(1 5.01829e-15 0)
(1 1.08839e-15 0)
(1 1.53909e-15 0)
(1 8.95542e-15 0)
(1 8.68267e-15 0)
(1 5.78647e-15 0)
(1 9.27461e-15 0)
(1 5.7325e-15 0)
(1 -1.12522e-15 0)
(1 2.31193e-15 0)
(1 5.52935e-15 0)
(1 5.55582e-15 0)
(1 -1.32367e-15 0)
(1 -2.19485e-15 0)
(1 -2.19259e-16 0)
(1 3.23684e-15 0)
(1 5.79752e-15 0)
(1 6.33294e-15 0)
(1 4.42533e-15 0)
(1 4.93441e-15 0)
(1 1.84127e-15 0)
(1 3.7997e-15 0)
(1 6.48183e-15 0)
(1 6.51584e-15 0)
(1 3.87748e-15 0)
(1 2.65149e-15 0)
(1 1.02055e-14 0)
(1 -5.15324e-15 0)
(1 -8.16525e-16 0)
(1 -5.93866e-16 0)
(1 6.37459e-15 0)
(1 1.53e-15 0)
(1 -1.76201e-15 0)
(1 -7.3514e-16 0)
(1 1.01867e-14 0)
(1 8.7759e-15 0)
(1 5.68598e-15 0)
(1 -2.6379e-15 0)
(1 -1.22445e-14 0)
(1 -1.06389e-14 0)
(1 -9.5341e-15 0)
(1 3.70041e-15 0)
(1 2.24354e-15 0)
(1 9.79979e-15 0)
(1 -3.38207e-16 0)
(1 1.8857e-15 0)
(1 -8.30214e-15 0)
(1 2.70061e-15 0)
(1 9.01317e-15 0)
(1 7.68938e-15 0)
(1 5.80855e-15 0)
(1 -4.74087e-15 0)
(1 -9.48193e-15 0)
(1 -5.23108e-15 0)
(1 -5.08333e-15 0)
(1 -7.83098e-15 0)
(1 -5.458e-15 0)
(1 -8.41347e-15 0)
(1 -3.57832e-15 0)
(1 1.32336e-16 0)
(1 -7.78616e-15 0)
(1 1.825e-15 0)
(1 2.25323e-15 0)
(1 1.31018e-14 0)
(1 3.25395e-15 0)
(1 2.63896e-15 0)
(1 -1.0503e-14 0)
(1 -9.96232e-15 0)
(1 -1.23941e-14 0)
(1 1.21323e-15 0)
(1 3.35632e-15 0)
(1 1.30243e-14 0)
(1 -4.71642e-16 0)
(1 -7.72929e-17 0)
(1 9.57188e-16 0)
(1 4.5596e-16 0)
(1 2.78124e-15 0)
(1 1.43582e-15 0)
(1 -1.74106e-15 0)
(1 -3.98128e-15 0)
(1 -2.45563e-15 0)
(1 -3.65687e-16 0)
(1 2.20125e-15 0)
(1 6.91104e-16 0)
(1 4.62925e-15 0)
(1 8.22402e-15 0)
(1 7.18108e-15 0)
(1 3.45901e-15 0)
(1 6.92847e-15 0)
(1 1.51511e-15 0)
(1 2.18685e-15 0)
(1 -3.04988e-16 0)
(1 2.23767e-15 0)
(1 1.56813e-15 0)
(1 -1.24652e-15 0)
(1 4.69342e-15 0)
(1 7.18885e-15 0)
(1 1.37353e-14 0)
(1 1.07457e-14 0)
(1 1.13705e-14 0)
(1 8.1736e-15 0)
(1 9.97326e-15 0)
(1 4.62102e-15 0)
(1 9.27356e-15 0)
(1 1.35633e-14 0)
(1 8.55218e-15 0)
(1 3.94569e-15 0)
(1 6.24389e-16 0)
(1 7.90237e-15 0)
(1 -2.87128e-15 0)
(1 -1.35234e-15 0)
(1 -8.01484e-15 0)
(1 -1.74567e-15 0)
(1 7.16706e-15 0)
(1 8.708e-15 0)
(1 2.18535e-15 0)
(1 9.92322e-15 0)
(1 1.35419e-14 0)
(1 5.28187e-15 0)
(1 8.60006e-15 0)
(1 -1.21726e-16 0)
(1 5.46025e-15 0)
(1 1.09879e-14 0)
(1 1.15242e-14 0)
(1 6.86289e-15 0)
(1 6.49049e-15 0)
(1 7.02323e-15 0)
(1 2.49821e-15 0)
(1 5.88016e-15 0)
(1 -1.95603e-15 0)
(1 2.20271e-15 0)
(1 -3.24999e-15 0)
(1 -2.16635e-16 0)
(1 -5.11699e-15 0)
(1 1.50035e-15 0)
(1 2.13544e-15 0)
(1 -9.35017e-17 0)
(1 -8.799e-16 0)
(1 -5.46565e-15 0)
(1 -8.46109e-15 0)
(1 -4.56285e-15 0)
(1 -2.2186e-15 0)
(1 6.99523e-15 0)
(1 -4.77823e-15 0)
(1 4.31928e-15 0)
(1 3.66977e-15 0)
(1 3.72027e-15 0)
(1 4.21252e-15 0)
(1 3.50046e-15 0)
(1 -1.34235e-15 0)
(1 -4.08664e-15 0)
(1 3.82662e-15 0)
(1 -2.64695e-15 0)
(1 7.98119e-15 0)
(1 -7.44154e-15 0)
(1 -4.65778e-15 0)
(1 -1.71144e-14 0)
(1 -1.35101e-15 0)
(1 -2.80483e-15 0)
(1 -1.02894e-15 0)
(1 -5.94408e-15 0)
(1 8.00641e-17 0)
(1 5.39976e-16 0)
(1 -7.14581e-15 0)
(1 -3.42921e-15 0)
(1 -6.70679e-15 0)
(1 -2.85369e-15 0)
(1 -2.83345e-16 0)
(1 -4.77114e-15 0)
(1 -2.47122e-15 0)
(1 2.52462e-15 0)
(1 3.03563e-15 0)
(1 5.89926e-15 0)
(1 1.46078e-15 0)
(1 2.31577e-15 0)
(1 -8.09138e-15 0)
(1 4.00614e-15 0)
(1 4.0938e-15 0)
(1 2.34865e-15 0)
(1 4.27114e-15 0)
(1 4.66056e-15 0)
(1 -2.52451e-15 0)
(1 -3.91824e-15 0)
(1 -7.11122e-15 0)
(1 -5.69017e-15 0)
(1 1.57861e-15 0)
(1 8.54615e-15 0)
(1 7.0198e-17 0)
(1 -1.94432e-15 0)
(1 1.98369e-15 0)
(1 -4.04534e-15 0)
(1 6.08777e-16 0)
(1 4.00963e-15 0)
(1 7.3055e-15 0)
(1 4.14469e-15 0)
(1 9.13566e-15 0)
(1 2.82996e-15 0)
(1 1.12301e-14 0)
(1 1.4166e-14 0)
(1 1.64554e-14 0)
(1 5.18135e-15 0)
(1 7.3037e-15 0)
(1 7.69749e-15 0)
(1 4.70942e-15 0)
(1 9.52363e-16 0)
(1 4.57444e-16 0)
(1 3.83955e-15 0)
(1 1.29213e-14 0)
(1 1.25555e-14 0)
(1 4.93581e-15 0)
(1 -1.90143e-15 0)
(1 3.36721e-15 0)
(1 5.49152e-15 0)
(1 7.45996e-15 0)
(1 4.81348e-15 0)
(1 1.58177e-16 0)
(1 -1.77987e-15 0)
(1 6.6672e-15 0)
(1 8.53046e-15 0)
(1 1.94496e-15 0)
(1 7.96847e-15 0)
(1 1.06134e-14 0)
(1 9.55927e-15 0)
(1 5.77019e-15 0)
(1 6.78476e-15 0)
(1 1.26251e-14 0)
(1 8.67026e-15 0)
(1 2.48167e-17 0)
(1 1.16306e-15 0)
(1 -4.30667e-15 0)
(1 -1.37182e-15 0)
(1 6.41854e-15 0)
(1 1.12945e-14 0)
(1 6.92897e-15 0)
(1 8.81435e-15 0)
(1 -3.43562e-15 0)
(1 -8.58381e-15 0)
(1 -4.99046e-15 0)
(1 -4.74111e-15 0)
(1 3.1183e-15 0)
(1 -2.72026e-15 0)
(1 -8.85336e-15 0)
(1 1.65083e-16 0)
(1 -3.60687e-15 0)
(1 1.21184e-14 0)
(1 6.37942e-15 0)
(1 4.74645e-15 0)
(1 5.00826e-15 0)
(1 5.05617e-15 0)
(1 -1.69692e-15 0)
(1 -7.45745e-15 0)
(1 -3.52806e-15 0)
(1 2.53823e-15 0)
(1 -3.30993e-15 0)
(1 -1.03465e-14 0)
(1 -1.15372e-14 0)
(1 -1.50722e-14 0)
(1 -5.99863e-15 0)
(1 2.79655e-15 0)
(1 -3.51943e-15 0)
(1 5.91712e-15 0)
(1 -4.87341e-15 0)
(1 -4.19667e-15 0)
(1 -1.46391e-14 0)
(1 2.52846e-17 0)
(1 -9.80758e-15 0)
(1 -6.28559e-16 0)
(1 1.26623e-14 0)
(1 8.91153e-15 0)
(1 -3.09299e-15 0)
(1 -3.44353e-15 0)
(1 -5.40757e-15 0)
(1 1.34747e-15 0)
(1 -2.03134e-15 0)
(1 5.62738e-15 0)
(1 6.77768e-16 0)
(1 2.17528e-16 0)
(1 1.98286e-15 0)
(1 4.61821e-16 0)
(1 8.97812e-16 0)
(1 -8.65245e-17 0)
(1 -2.7436e-15 0)
(1 4.35094e-16 0)
(1 -1.65048e-15 0)
(1 -5.9756e-15 0)
(1 -5.14519e-15 0)
(1 6.63391e-15 0)
(1 9.38798e-16 0)
(1 4.98746e-16 0)
(1 2.09421e-15 0)
(1 -1.3736e-15 0)
(1 -1.61985e-15 0)
(1 1.2625e-15 0)
(1 2.29065e-15 0)
(1 7.45262e-15 0)
(1 3.27702e-15 0)
(1 -1.81571e-15 0)
(1 -3.18718e-15 0)
(1 -3.93596e-16 0)
(1 6.58984e-15 0)
(1 1.03269e-14 0)
(1 8.05913e-15 0)
(1 5.20509e-15 0)
(1 5.34382e-16 0)
(1 7.07392e-15 0)
(1 5.51331e-15 0)
(1 9.13589e-15 0)
(1 1.09864e-14 0)
(1 4.72218e-15 0)
(1 6.64135e-15 0)
(1 7.81605e-16 0)
(1 -3.0022e-15 0)
(1 1.13239e-15 0)
(1 -3.06861e-15 0)
(1 2.76326e-15 0)
(1 5.1417e-15 0)
(1 4.97001e-16 0)
(1 5.09585e-15 0)
(1 1.26428e-14 0)
(1 1.92005e-15 0)
(1 4.24291e-15 0)
(1 1.43862e-15 0)
(1 5.91135e-15 0)
(1 6.25436e-15 0)
(1 7.05049e-15 0)
(1 8.54427e-15 0)
(1 4.43706e-15 0)
(1 -2.20325e-15 0)
(1 -8.25354e-15 0)
(1 2.24823e-16 0)
(1 -2.37661e-15 0)
(1 2.90983e-16 0)
(1 7.07548e-15 0)
(1 -5.61881e-17 0)
(1 7.83568e-15 0)
(1 -4.94052e-15 0)
(1 4.07119e-15 0)
(1 1.31399e-15 0)
(1 6.29669e-15 0)
(1 9.70086e-17 0)
(1 -4.0656e-15 0)
(1 -7.19008e-15 0)
(1 -1.58914e-15 0)
(1 -3.67685e-15 0)
(1 -1.87942e-15 0)
(1 -2.07447e-15 0)
(1 5.99864e-15 0)
(1 7.22463e-15 0)
(1 2.12453e-15 0)
(1 -2.6159e-15 0)
(1 2.50075e-15 -1.13674e-47)
(1 2.81115e-15 0)
(1 6.01367e-15 0)
(1 -7.36031e-15 0)
(1 -7.64515e-15 0)
(1 -6.9849e-15 0)
(1 -5.5764e-15 0)
(1 -8.00266e-15 0)
(1 -3.17437e-15 0)
(1 -5.38127e-15 0)
(1 -9.22257e-15 0)
(1 -1.15591e-14 0)
(1 -6.86521e-15 0)
(1 8.91084e-16 0)
(1 4.0191e-15 0)
(1 1.22607e-15 0)
(1 -3.01993e-15 0)
(1 -2.4612e-15 0)
(1 2.20775e-15 0)
(1 1.30763e-15 0)
(1 2.68976e-16 0)
(1 6.6977e-16 1.65352e-48)
(1 5.14103e-15 0)
(1 2.59705e-15 4.21749e-48)
(1 5.10164e-15 0)
(1 1.08849e-14 0)
(1 -5.76987e-15 0)
(1 -3.56988e-15 0)
(1 -2.2769e-15 0)
(1 -5.96317e-16 0)
(1 -2.04577e-15 0)
(1 1.67063e-15 0)
(1 -9.99091e-16 0)
(1 -3.81968e-15 0)
(1 -1.24474e-15 0)
(1 -5.18571e-15 0)
(1 -3.79211e-15 0)
(1 -4.0629e-15 0)
(1 -3.80128e-15 0)
(1 2.44354e-15 0)
(1 2.73461e-15 0)
(1 4.13515e-15 0)
(1 2.28151e-15 0)
(1 -8.11407e-16 0)
(1 5.88599e-15 0)
(1 1.9749e-15 0)
(1 -1.51463e-15 -6.5485e-48)
(1 -6.50723e-15 7.51917e-48)
(1 -1.92687e-15 7.73575e-48)
(1 3.25416e-15 -8.56567e-48)
(1 1.42495e-14 -9.12995e-48)
(1 1.42474e-14 8.82379e-48)
(1 7.71279e-15 8.15572e-48)
(1 1.11789e-14 -7.43265e-48)
(1 4.27174e-15 -6.83031e-48)
(1 5.9013e-16 6.81297e-48)
(1 -5.81962e-15 7.07747e-48)
(1 -3.17078e-15 0)
(1 8.88668e-15 0)
(1 1.24752e-14 1.2231e-47)
(1 3.95178e-15 0)
(1 -9.78335e-16 9.46157e-48)
(1 7.18841e-16 -2.39357e-48)
(1 8.38714e-15 3.06165e-48)
(1 7.11333e-15 0)
(1 3.10692e-15 4.19313e-48)
(1 7.97421e-15 -1.77282e-48)
(1 4.57323e-15 2.21241e-48)
(1 2.84661e-15 0)
(1 5.20596e-15 4.55836e-49)
(1 2.4904e-15 0)
(1 -1.4578e-16 0)
(1 6.36496e-15 -4.93828e-49)
(1 8.60121e-15 -7.55046e-49)
(1 6.10488e-15 0)
(1 3.27636e-15 -4.44448e-49)
(1 8.21939e-16 4.57723e-50)
(1 -1.61828e-15 0)
(1 -3.50061e-16 0)
(1 3.72382e-15 0)
(1 2.79691e-15 0)
(1 -3.65272e-15 0)
(1 8.17127e-15 0)
(1 2.21801e-15 0)
(1 4.50242e-15 0)
(1 -1.6946e-15 0)
(1 5.45045e-15 0)
(1 -7.3172e-15 0)
(1 -3.18462e-15 0)
(1 -1.28835e-15 0)
(1 -4.70811e-15 0)
(1 -3.30794e-15 0)
(1 4.70671e-15 0)
(1 2.46136e-15 0)
(1 -2.72592e-15 0)
(1 7.94197e-15 0)
(1 2.15267e-15 0)
(1 7.78089e-15 0)
(1 -7.20498e-15 0)
(1 -1.20877e-15 0)
(1 -5.78735e-15 1.13674e-47)
(1 7.26408e-16 0)
(1 -4.82775e-15 0)
(1 8.11511e-16 0)
(1 -8.73704e-15 0)
(1 -5.27976e-16 0)
(1 -4.69805e-16 0)
(1 5.00297e-16 0)
(1 -7.50491e-15 0)
(1 5.72558e-16 0)
(1 -1.06545e-14 0)
(1 -1.19899e-14 0)
(1 -9.48701e-15 0)
(1 -4.74087e-15 0)
(1 -2.19798e-15 0)
(1 1.96214e-18 0)
(1 -3.00136e-15 0)
(1 -1.11016e-14 0)
(1 -1.3785e-15 0)
(1 2.61594e-15 0)
(1 3.75715e-15 0)
(1 -1.49751e-15 -1.65352e-48)
(1 5.2164e-15 0)
(1 5.39695e-15 -4.21749e-48)
(1 6.46417e-15 0)
(1 -1.24749e-15 0)
(1 4.43351e-15 0)
(1 1.303e-15 0)
(1 3.99677e-15 0)
(1 1.95116e-15 0)
(1 -2.47187e-15 0)
(1 -4.04926e-15 0)
(1 -5.93247e-15 0)
(1 -2.08469e-15 0)
(1 4.66232e-15 0)
(1 5.589e-15 0)
(1 3.00568e-15 0)
(1 -3.751e-15 0)
(1 -7.82075e-15 0)
(1 -5.01121e-16 0)
(1 -1.45412e-15 0)
(1 5.6626e-16 0)
(1 -4.75057e-15 0)
(1 -3.08684e-15 0)
(1 -7.66261e-15 0)
(1 -3.14324e-15 0)
(1 -7.86226e-15 6.5485e-48)
(1 -3.5674e-15 -7.51917e-48)
(1 3.0138e-15 -7.73575e-48)
(1 3.91412e-15 8.56567e-48)
(1 5.97589e-15 9.12995e-48)
(1 6.27942e-15 -8.82379e-48)
(1 8.84658e-15 -8.15572e-48)
(1 5.8858e-15 7.43265e-48)
(1 -4.8812e-15 6.83031e-48)
(1 2.15332e-15 -6.81297e-48)
(1 -5.23882e-15 -7.07747e-48)
(1 -2.45415e-15 0)
(1 -3.84157e-16 0)
(1 6.74632e-15 -1.2231e-47)
(1 5.69593e-15 0)
(1 1.50476e-14 -9.46157e-48)
(1 1.08256e-14 2.39357e-48)
(1 8.61074e-15 -3.06165e-48)
(1 1.12734e-15 0)
(1 -4.38597e-15 -4.19313e-48)
(1 5.79213e-16 1.77282e-48)
(1 -3.02151e-16 -2.21241e-48)
(1 -2.26485e-15 0)
(1 2.63887e-15 -4.55836e-49)
(1 -1.4606e-15 0)
(1 7.53628e-15 0)
(1 -1.8754e-17 4.93828e-49)
(1 1.59008e-15 7.55046e-49)
(1 5.38966e-15 0)
(1 5.71784e-15 4.44448e-49)
(1 6.16311e-15 -4.57723e-50)
(1 6.56555e-16 0)
(1 9.36174e-15 0)
(1 -1.97975e-15 0)
(1 -2.32861e-16 0)
(1 -3.12024e-15 0)
(1 -4.82043e-16 0)
(1 4.83456e-15 0)
(1 -8.51888e-16 0)
(1 6.72987e-15 0)
(1 3.46684e-15 0)
(1 -1.60122e-15 0)
(1 -1.14156e-14 0)
(1 -3.48489e-15 0)
(1 -1.63889e-15 0)
(1 7.04095e-16 0)
(1 4.75709e-15 0)
(1 3.13368e-15 0)
(1 1.89507e-15 0)
(1 2.82996e-16 0)
(1 -2.38304e-15 0)
(1 -3.05358e-15 0)
(1 3.04975e-15 0)
(1 6.23439e-15 0)
(1 1.48798e-16 0)
(1 -4.05386e-15 0)
(1 -7.76757e-15 0)
(1 -2.21648e-16 0)
(1 1.72191e-15 0)
(1 3.38889e-15 0)
(1 3.67815e-15 0)
(1 -1.13012e-15 0)
(1 1.84576e-16 0)
(1 -1.54917e-15 0)
(1 4.4558e-15 0)
(1 -9.19116e-15 0)
(1 -1.198e-14 0)
(1 -1.80953e-14 0)
(1 -6.58536e-15 0)
(1 -6.95326e-15 0)
(1 -4.56385e-15 0)
(1 -9.38015e-15 0)
(1 -4.38534e-15 0)
(1 8.89733e-16 0)
(1 1.03389e-14 0)
(1 -4.91927e-16 0)
(1 -5.54521e-16 0)
(1 -2.06691e-15 0)
(1 -6.17586e-17 0)
(1 -3.9529e-15 0)
(1 2.12107e-15 0)
(1 3.3423e-17 0)
(1 4.43657e-15 0)
(1 -4.008e-15 0)
(1 -4.11135e-15 0)
(1 -1.10646e-14 0)
(1 -4.33685e-16 0)
(1 3.78118e-15 0)
(1 9.76922e-15 0)
(1 4.72566e-15 0)
(1 -4.9758e-16 0)
(1 4.00053e-15 0)
(1 1.03571e-14 0)
(1 -9.42773e-16 0)
(1 5.4295e-16 0)
(1 -4.08989e-15 0)
(1 -4.5358e-15 0)
(1 -3.0741e-15 0)
(1 -3.59158e-15 0)
(1 -5.18827e-15 0)
(1 -8.24772e-15 0)
(1 -3.08194e-15 0)
(1 -3.88519e-15 0)
(1 -1.32286e-15 0)
(1 2.06354e-15 0)
(1 6.4537e-15 0)
(1 2.58724e-15 0)
(1 -4.38487e-15 0)
(1 1.35035e-15 0)
(1 -8.03134e-16 0)
(1 -5.81562e-15 0)
(1 -1.75205e-15 0)
(1 -2.81824e-16 0)
(1 -2.39185e-15 0)
(1 4.65895e-15 0)
(1 1.10579e-14 0)
(1 1.1595e-14 0)
(1 2.90456e-15 0)
(1 1.8366e-15 0)
(1 -1.14811e-15 0)
(1 8.49985e-15 0)
(1 7.52225e-15 0)
(1 1.2625e-14 0)
(1 -2.77195e-16 0)
(1 -3.27872e-15 0)
(1 5.88081e-15 0)
(1 -5.16212e-15 0)
(1 -4.53504e-15 0)
(1 2.48801e-15 0)
(1 1.55698e-15 0)
(1 2.69734e-15 0)
(1 -1.73567e-15 0)
(1 1.9851e-15 0)
(1 1.1324e-15 0)
(1 4.52339e-15 0)
(1 1.55131e-14 0)
(1 -3.94081e-17 0)
(1 4.91203e-15 0)
(1 -7.92291e-15 0)
(1 -7.86774e-15 0)
(1 4.42407e-16 0)
(1 -3.66294e-16 0)
(1 -3.72611e-15 0)
(1 -7.78924e-15 0)
(1 6.09538e-15 0)
(1 8.1245e-15 0)
(1 -1.61178e-15 0)
(1 2.04482e-15 0)
(1 -2.99667e-16 0)
(1 -1.53543e-14 0)
(1 -3.19413e-16 0)
(1 -8.76913e-15 0)
(1 2.7411e-15 0)
(1 1.0885e-15 0)
(1 4.0602e-15 0)
(1 3.08158e-15 0)
(1 2.03895e-15 0)
(1 -2.21271e-15 0)
(1 7.88354e-15 0)
(1 1.81179e-15 0)
(1 -1.20087e-15 0)
(1 -1.15453e-15 0)
(1 -4.6781e-15 0)
(1 -6.21661e-16 0)
(1 2.37529e-15 0)
(1 -2.50716e-15 0)
(1 -9.85608e-15 0)
(1 -1.42528e-14 0)
(1 -1.58567e-14 0)
(1 -5.89326e-15 0)
(1 -2.74835e-15 0)
(1 -1.8132e-15 0)
(1 -7.39503e-15 0)
(1 -1.19696e-15 0)
(1 -4.42623e-15 0)
(1 2.39297e-15 0)
(1 -1.82819e-15 0)
(1 2.54398e-15 0)
(1 -3.31902e-15 0)
(1 3.02517e-16 0)
(1 -4.15725e-15 0)
(1 -3.65448e-15 0)
(1 1.68098e-16 0)
(1 1.92746e-16 0)
(1 4.3147e-15 0)
(1 2.21711e-15 0)
(1 6.60523e-15 0)
(1 -2.38957e-15 0)
(1 4.45653e-15 0)
(1 -6.62265e-15 0)
(1 -3.78233e-15 0)
(1 9.79673e-16 0)
(1 6.34333e-15 0)
(1 -5.82501e-15 0)
(1 -5.78508e-16 0)
(1 -6.1493e-15 0)
(1 -8.55315e-16 0)
(1 -4.9558e-16 0)
(1 -4.3977e-16 0)
(1 -5.78961e-15 0)
(1 -5.1064e-15 0)
(1 -1.10859e-14 0)
(1 -1.26646e-14 0)
(1 -5.36352e-15 0)
(1 4.21447e-15 0)
(1 3.62152e-15 0)
(1 4.66681e-15 0)
(1 -6.64548e-15 0)
(1 -2.75846e-15 0)
(1 -1.1234e-14 0)
(1 -2.12937e-15 0)
(1 8.78458e-16 0)
(1 6.80431e-15 0)
(1 2.76692e-16 0)
(1 7.41611e-15 0)
(1 7.78909e-15 0)
(1 3.72671e-15 0)
(1 3.47092e-15 0)
(1 -5.33986e-15 0)
(1 4.84413e-15 0)
(1 4.34472e-15 0)
(1 5.67512e-15 0)
(1 2.33963e-15 0)
(1 3.38942e-15 0)
(1 7.32229e-16 0)
(1 -5.80958e-15 0)
(1 -4.53989e-15 0)
(1 -4.446e-15 0)
(1 -2.2948e-15 0)
(1 -1.72014e-15 0)
(1 3.29658e-16 0)
(1 -2.11223e-15 0)
(1 1.3769e-15 0)
(1 1.22127e-15 0)
(1 6.24607e-15 0)
(1 5.12388e-15 0)
(1 1.4722e-15 0)
(1 2.21824e-15 0)
(1 -6.24728e-15 0)
(1 3.89167e-15 0)
(1 -6.60248e-15 0)
(1 -8.30208e-15 0)
(1 -9.97722e-15 0)
(1 1.10186e-15 0)
(1 5.01737e-15 0)
(1 6.69972e-15 0)
(1 -3.4737e-16 0)
(1 5.54998e-15 0)
(1 2.27176e-15 0)
(1 6.73393e-15 0)
(1 6.83782e-15 0)
(1 3.98172e-15 0)
(1 -1.06701e-14 0)
(1 -5.18849e-15 0)
(1 -7.41199e-15 0)
(1 3.00813e-16 0)
(1 2.77691e-16 0)
(1 -6.39329e-15 0)
(1 1.27069e-15 0)
(1 6.45725e-15 0)
(1 -1.35247e-15 0)
(1 4.25793e-15 0)
(1 -2.42789e-15 0)
(1 -5.65583e-15 0)
(1 -3.33802e-15 0)
(1 -1.03448e-14 0)
(1 -1.7717e-14 0)
(1 -1.09979e-14 0)
(1 -1.41908e-14 0)
(1 -4.60392e-15 0)
(1 6.45211e-16 0)
(1 2.58353e-16 0)
(1 -8.62946e-16 0)
(1 6.00256e-16 0)
(1 -4.51174e-15 0)
(1 1.4851e-15 0)
(1 2.66943e-15 0)
(1 9.48605e-16 0)
(1 -1.06121e-15 0)
(1 -2.1488e-15 0)
(1 -3.52613e-15 0)
(1 -6.77805e-15 0)
(1 2.9284e-16 0)
(1 3.01897e-15 0)
(1 8.45271e-15 0)
(1 1.33444e-15 0)
(1 -5.36998e-15 0)
(1 -1.11125e-14 0)
(1 -1.57557e-14 0)
(1 -7.8251e-15 0)
(1 3.27791e-16 0)
(1 -2.20351e-16 0)
(1 -4.65189e-15 0)
(1 -3.64579e-15 0)
(1 -6.94252e-15 0)
(1 -4.54577e-15 0)
(1 -2.71221e-15 0)
(1 -5.44916e-15 0)
(1 2.84795e-15 0)
(1 -6.32781e-16 0)
(1 -1.2701e-16 0)
(1 -1.57628e-15 0)
(1 -2.47912e-15 0)
(1 -9.27745e-16 0)
(1 1.85501e-15 0)
(1 -1.29459e-15 0)
(1 -5.73996e-16 0)
(1 -7.69471e-15 0)
(1 -7.93295e-15 0)
(1 -7.37412e-15 0)
(1 2.71017e-15 0)
(1 -7.3577e-16 0)
(1 2.63743e-15 0)
(1 2.8772e-16 0)
(1 3.83429e-16 0)
(1 -2.78036e-15 0)
(1 -1.22802e-15 0)
(1 4.51918e-15 0)
(1 -1.71079e-15 0)
(1 2.83338e-15 0)
(1 -4.53672e-15 0)
(1 -2.04786e-15 0)
(1 -2.93033e-15 0)
(1 7.82149e-16 0)
(1 4.36533e-15 0)
(1 -5.5756e-16 0)
(1 -5.31977e-16 0)
(1 1.67679e-15 0)
(1 4.49445e-15 0)
(1 7.21254e-15 0)
(1 6.84958e-15 0)
(1 7.36624e-15 0)
(1 6.34351e-15 0)
(1 9.2629e-16 0)
(1 1.27527e-15 0)
(1 -9.64277e-15 0)
(1 -1.61588e-15 0)
(1 -2.67742e-15 0)
(1 -6.42836e-16 0)
(1 1.07964e-14 0)
(1 -8.89135e-15 0)
(1 -6.46778e-15 0)
(1 -2.71322e-15 0)
(1 -8.1985e-16 0)
(1 -7.16356e-15 0)
(1 -1.34602e-16 0)
(1 2.61628e-15 0)
(1 1.4611e-15 0)
(1 -1.868e-15 0)
(1 7.40959e-15 0)
(1 2.36747e-15 0)
(1 -4.4094e-15 0)
(1 -7.87298e-15 0)
(1 -6.59252e-16 0)
(1 -1.06777e-15 0)
(1 -1.82026e-16 0)
(1 5.81085e-15 0)
(1 1.31298e-15 0)
(1 7.4955e-15 0)
(1 6.2126e-15 0)
(1 1.16915e-15 0)
(1 -7.25528e-15 0)
(1 -2.15682e-15 0)
(1 1.73067e-15 0)
(1 3.67879e-15 0)
(1 1.40746e-15 0)
(1 -4.76538e-15 0)
(1 -8.77038e-15 0)
(1 -1.21056e-14 0)
(1 -1.37926e-14 0)
(1 -1.43853e-14 0)
(1 -9.0025e-15 0)
(1 -6.45447e-15 0)
(1 1.68466e-15 0)
(1 3.91154e-15 0)
(1 -4.4537e-15 0)
(1 4.6405e-16 0)
(1 -7.45905e-15 0)
(1 -2.73023e-15 0)
(1 -2.89385e-15 0)
(1 -1.01006e-15 0)
(1 -8.24557e-15 0)
(1 -2.19175e-15 0)
(1 1.39006e-15 0)
(1 -1.50697e-16 0)
(1 -1.14881e-15 0)
(1 -1.0152e-14 0)
(1 -7.8686e-15 0)
(1 -1.39579e-14 0)
(1 2.13451e-16 0)
(1 -6.43667e-15 0)
(1 -3.47024e-17 0)
(1 2.41961e-15 0)
(1 1.80702e-15 0)
(1 -4.97763e-15 0)
(1 -2.82324e-15 0)
(1 -4.51728e-15 0)
(1 -5.31474e-15 0)
(1 2.28486e-15 0)
(1 -4.6674e-16 0)
(1 7.1493e-15 0)
(1 2.09582e-15 0)
(1 1.25851e-15 0)
(1 3.23184e-15 0)
(1 4.5171e-15 0)
(1 -1.27305e-15 0)
(1 -5.40965e-15 0)
(1 -5.03868e-15 0)
(1 1.10241e-15 0)
(1 1.48589e-15 0)
(1 -9.4174e-16 0)
(1 -6.04585e-15 0)
(1 -9.77959e-16 0)
(1 -1.4873e-15 0)
(1 -9.19757e-16 0)
(1 5.71341e-15 0)
(1 4.19642e-15 0)
(1 3.97976e-15 0)
(1 2.36514e-15 0)
(1 -1.25929e-15 0)
(1 -6.34694e-15 0)
(1 -1.87781e-15 0)
(1 -1.172e-15 0)
(1 -5.70361e-15 0)
(1 -1.65621e-15 0)
(1 4.92949e-15 0)
(1 3.95814e-15 0)
(1 4.68333e-15 0)
(1 2.35287e-15 0)
(1 -3.39033e-15 0)
(1 -1.70071e-15 0)
(1 5.46311e-15 0)
(1 5.93606e-16 0)
(1 5.24916e-15 0)
(1 6.89602e-16 0)
(1 -2.80967e-15 0)
(1 -1.07947e-15 0)
(1 -1.72912e-15 0)
(1 6.85185e-16 0)
(1 -1.06736e-14 0)
(1 -5.66459e-15 0)
(1 -2.53138e-16 0)
(1 6.65507e-15 0)
(1 -2.19375e-16 0)
(1 -2.7842e-15 0)
(1 -5.67203e-15 0)
(1 6.6138e-15 0)
(1 3.60825e-15 0)
(1 4.59444e-15 0)
(1 3.37037e-15 0)
(1 8.33662e-16 0)
(1 -3.83983e-15 0)
(1 -9.68351e-16 0)
(1 -3.59602e-15 0)
(1 -4.0123e-15 0)
(1 -1.17265e-14 0)
(1 -4.13454e-15 0)
(1 4.69431e-15 0)
(1 2.31471e-15 0)
(1 -2.49164e-15 0)
(1 -7.36329e-15 0)
(1 -2.88213e-15 0)
(1 2.19749e-15 0)
(1 -1.83384e-16 0)
(1 -9.97923e-15 0)
(1 -4.79143e-15 0)
(1 -5.92489e-15 0)
(1 -3.41674e-15 0)
(1 -4.56591e-15 0)
(1 4.44934e-16 0)
(1 -9.17527e-15 0)
(1 3.28545e-15 0)
(1 -1.0084e-15 0)
(1 -3.85997e-15 0)
(1 -5.38959e-15 0)
(1 -2.24251e-15 0)
(1 -8.74132e-15 0)
(1 -7.7495e-15 0)
(1 -7.48168e-15 0)
(1 -8.40771e-15 0)
(1 -8.07478e-15 0)
(1 6.79442e-17 0)
(1 1.04505e-15 0)
(1 3.07128e-15 0)
(1 8.11831e-16 0)
(1 2.72946e-15 0)
(1 -4.08064e-15 0)
(1 -1.0273e-14 0)
(1 -1.12405e-14 0)
(1 -2.41096e-15 0)
(1 -7.70831e-16 0)
(1 -7.41222e-15 0)
(1 -8.43212e-16 0)
(1 1.4394e-16 0)
(1 3.76692e-16 0)
(1 -5.63498e-15 0)
(1 2.58341e-16 0)
(1 -4.48543e-15 0)
(1 -7.58455e-15 0)
(1 -1.11672e-14 0)
(1 -1.67741e-15 0)
(1 7.71521e-17 0)
(1 8.42315e-16 0)
(1 -9.47837e-16 0)
(1 -5.7031e-17 0)
(1 -5.72204e-15 0)
(1 -9.77717e-15 0)
(1 -9.65131e-15 0)
(1 -3.34929e-15 0)
(1 3.41961e-15 0)
(1 -1.53413e-15 0)
(1 4.03682e-16 0)
(1 9.35668e-16 0)
(1 5.74643e-15 0)
(1 1.22056e-15 0)
(1 3.08531e-15 0)
(1 2.9524e-15 0)
(1 -3.37455e-15 0)
(1 -2.08699e-15 0)
(1 -1.02879e-15 0)
(1 1.86609e-16 0)
(1 3.58294e-16 0)
(1 3.10095e-15 0)
(1 3.24976e-16 0)
(1 -1.65913e-15 0)
(1 -4.65883e-15 0)
(1 4.97318e-15 0)
(1 6.00244e-15 0)
(1 -1.61684e-15 0)
(1 -8.30365e-15 0)
(1 -3.13356e-15 0)
(1 -3.90424e-15 0)
(1 -1.33262e-15 0)
(1 3.5997e-15 0)
(1 1.08071e-15 0)
(1 3.76541e-15 0)
(1 -8.60617e-15 0)
(1 1.53103e-15 0)
(1 -1.73229e-15 0)
(1 -3.54854e-15 0)
(1 4.30798e-15 0)
(1 6.12812e-15 0)
(1 -6.29588e-16 0)
(1 -3.78189e-15 0)
(1 -4.34326e-16 0)
(1 -4.6404e-16 0)
(1 -9.6358e-16 0)
(1 1.98982e-15 0)
(1 2.81954e-15 0)
(1 2.48165e-16 0)
(1 2.27161e-16 0)
(1 -2.13656e-16 0)
(1 1.71553e-16 0)
(1 -1.02889e-15 0)
(1 -2.04715e-15 0)
(1 -6.9461e-15 0)
(1 -1.0366e-14 0)
(1 -3.90615e-15 0)
(1 -5.74739e-15 0)
(1 5.08351e-15 0)
(1 -1.21821e-15 0)
(1 2.99038e-15 0)
(1 5.60944e-15 0)
(1 -7.41357e-15 0)
(1 -6.09385e-15 0)
(1 -1.08873e-14 0)
(1 -7.52835e-15 0)
(1 -1.4645e-16 0)
(1 3.68765e-16 0)
(1 -4.30608e-16 0)
(1 3.62101e-16 0)
(1 2.47465e-15 0)
(1 -2.42279e-15 0)
(1 -7.07543e-15 0)
(1 -7.04008e-15 0)
(1 -3.22854e-15 0)
(1 -9.6603e-15 0)
(1 -4.07816e-15 0)
(1 -4.92401e-15 0)
(1 -8.6682e-15 0)
(1 -4.04772e-15 0)
(1 8.95482e-15 0)
(1 7.79308e-15 0)
(1 5.72031e-15 0)
(1 -5.54447e-15 0)
(1 -8.81671e-15 0)
(1 -6.38688e-15 0)
(1 -6.53013e-15 0)
(1 -8.50023e-15 0)
(1 -4.46884e-16 0)
(1 -2.0518e-15 0)
(1 -2.61058e-15 0)
(1 -3.86768e-15 0)
(1 -3.72643e-15 0)
(1 9.58956e-16 0)
(1 -1.68838e-15 0)
(1 1.21847e-15 0)
(1 2.43494e-15 0)
(1 4.33001e-15 0)
(1 7.161e-15 0)
(1 3.02442e-15 0)
(1 -2.52983e-15 0)
(1 -1.43384e-15 0)
(1 -8.78469e-16 0)
(1 -1.2024e-14 0)
(1 -8.29808e-15 0)
(1 -1.27884e-14 0)
(1 -2.54109e-16 0)
(1 -5.59408e-15 0)
(1 -8.13527e-16 0)
(1 -9.22082e-16 0)
(1 7.20491e-16 0)
(1 -3.93205e-16 0)
(1 7.26605e-15 0)
(1 4.38062e-16 0)
(1 -2.77488e-15 0)
(1 -3.53655e-15 0)
(1 -5.53045e-15 0)
(1 -3.58355e-15 0)
(1 -3.67515e-15 0)
(1 -2.41939e-15 0)
(1 -5.03777e-15 0)
(1 1.7224e-15 0)
(1 3.06411e-15 0)
(1 8.11234e-15 0)
(1 6.13417e-15 0)
(1 2.98881e-15 0)
(1 5.78127e-15 0)
(1 -3.61484e-15 0)
(1 3.36535e-15 0)
(1 7.96466e-15 0)
(1 -4.0789e-15 0)
(1 3.04223e-15 0)
(1 -3.62166e-15 0)
(1 -5.99587e-15 0)
(1 -5.34088e-17 0)
(1 -7.37501e-15 0)
(1 3.94642e-15 0)
(1 2.68398e-15 0)
(1 9.25126e-15 0)
(1 6.26722e-15 0)
(1 -2.9866e-16 0)
(1 -5.14099e-15 0)
(1 -3.98207e-15 0)
(1 -6.17833e-15 0)
(1 3.75077e-15 0)
(1 -5.37392e-15 0)
(1 -7.25092e-15 0)
(1 -1.31682e-15 0)
(1 -4.28023e-16 0)
(1 1.25689e-15 0)
(1 -1.02058e-15 0)
(1 -2.36296e-15 0)
(1 3.2695e-15 0)
(1 1.10733e-15 0)
(1 6.04909e-15 0)
(1 2.75843e-16 0)
(1 -4.819e-15 0)
(1 -9.06324e-15 0)
(1 2.41133e-15 0)
(1 3.89668e-15 0)
(1 -5.11669e-15 0)
(1 -5.54996e-15 0)
(1 -6.39759e-15 0)
(1 -7.52725e-15 0)
(1 -1.57475e-15 0)
(1 6.4083e-15 0)
(1 6.59068e-15 0)
(1 -2.52021e-15 0)
(1 -2.02863e-15 0)
(1 2.2603e-15 0)
(1 -9.46302e-16 0)
(1 -4.30413e-15 0)
(1 -9.12025e-15 0)
(1 -9.90775e-15 0)
(1 -6.70069e-15 0)
(1 -6.06581e-15 0)
(1 -4.63278e-15 0)
(1 -1.66986e-15 0)
(1 -2.44164e-15 0)
(1 -2.84107e-15 0)
(1 1.13955e-15 0)
(1 2.56982e-15 0)
(1 -2.90487e-15 0)
(1 -3.51797e-15 0)
(1 -5.78653e-15 0)
(1 -4.22277e-15 0)
(1 -1.65044e-15 0)
(1 1.50156e-15 0)
(1 2.50406e-15 0)
(1 4.70518e-15 0)
(1 3.92899e-15 0)
(1 -3.06213e-15 0)
(1 -5.09296e-15 0)
(1 -6.76818e-15 0)
(1 -5.54173e-15 0)
(1 -6.0693e-15 0)
(1 8.62932e-15 0)
(1 4.92758e-15 0)
(1 9.59891e-16 0)
(1 1.27198e-15 0)
(1 -1.33535e-15 0)
(1 -6.59879e-15 0)
(1 -5.6398e-15 0)
(1 -7.67557e-15 0)
(1 -5.88081e-15 0)
(1 2.37929e-15 0)
(1 8.06918e-15 0)
(1 -1.62057e-15 0)
(1 -7.39599e-15 0)
(1 -1.96591e-15 0)
(1 1.53516e-15 0)
(1 -3.28229e-15 0)
(1 -2.40392e-16 0)
(1 1.44093e-15 0)
(1 -5.88414e-15 0)
(1 -9.9709e-15 0)
(1 -4.55386e-15 0)
(1 -8.59463e-15 0)
(1 -8.07777e-15 0)
(1 -9.5785e-15 0)
(1 -1.62597e-15 0)
(1 -4.31092e-15 0)
(1 8.92895e-15 0)
(1 7.85054e-15 0)
(1 1.32713e-14 0)
(1 2.84399e-15 0)
(1 -5.79538e-16 0)
(1 -1.7196e-15 0)
(1 6.49874e-15 0)
(1 6.05497e-15 0)
(1 -2.01827e-15 0)
(1 2.59799e-16 0)
(1 -3.05849e-15 0)
(1 -2.60673e-15 0)
(1 -8.49221e-15 0)
(1 3.02179e-15 0)
(1 -2.74895e-15 0)
(1 8.63871e-15 0)
(1 -3.58894e-16 0)
(1 2.86737e-15 0)
(1 2.94777e-15 0)
(1 1.21741e-14 0)
(1 6.31559e-15 0)
(1 -4.50416e-16 0)
(1 -5.2479e-15 0)
(1 -6.75254e-15 0)
(1 -1.0134e-14 0)
(1 -6.36366e-15 0)
(1 -2.72113e-15 0)
(1 2.22617e-15 0)
(1 -2.42728e-15 0)
(1 1.58632e-15 0)
(1 -1.00481e-15 0)
(1 -3.01186e-15 0)
(1 1.89343e-15 0)
(1 2.76803e-17 0)
(1 -2.70331e-15 0)
(1 -7.56369e-15 0)
(1 -4.82136e-16 0)
(1 2.30487e-15 0)
(1 4.26963e-15 0)
(1 -3.39672e-15 0)
(1 -1.74493e-15 0)
(1 -1.12942e-14 0)
(1 -1.21768e-14 0)
(1 -1.12677e-15 0)
(1 -1.1459e-15 0)
(1 3.02486e-15 0)
(1 5.03458e-15 0)
(1 2.17279e-15 0)
(1 2.78987e-15 0)
(1 2.10439e-16 0)
(1 -7.8421e-16 0)
(1 -8.21239e-15 0)
(1 -7.29464e-15 0)
(1 -1.27249e-14 0)
(1 -1.00855e-14 0)
(1 -8.12818e-15 0)
(1 -1.18687e-15 0)
(1 -6.23873e-15 0)
(1 1.39059e-15 0)
(1 -6.51835e-15 0)
(1 -7.79434e-15 0)
(1 1.55233e-15 0)
(1 -6.15023e-16 0)
(1 -3.35299e-15 0)
(1 -2.93718e-15 0)
(1 3.71608e-15 0)
(1 9.21197e-16 0)
(1 3.79539e-15 0)
(1 -2.24477e-15 0)
(1 -6.40432e-15 0)
(1 -4.05291e-17 0)
(1 -1.53488e-16 0)
(1 -1.27325e-15 0)
(1 -1.38519e-15 0)
(1 5.99819e-15 0)
(1 1.66072e-15 0)
(1 -5.09656e-15 0)
(1 -4.95657e-15 0)
(1 2.37001e-15 0)
(1 -3.79846e-15 0)
(1 -5.94471e-15 0)
(1 -6.7709e-15 0)
(1 -1.2779e-15 0)
(1 1.52552e-15 0)
(1 1.90492e-15 0)
(1 -1.04692e-15 0)
(1 -6.39543e-15 0)
(1 -6.60885e-15 0)
(1 -1.92209e-15 0)
(1 -4.52664e-15 0)
(1 -1.11874e-15 0)
(1 -1.41953e-15 0)
(1 -3.89509e-15 0)
(1 -4.34435e-15 0)
(1 1.12297e-15 0)
(1 2.31034e-15 0)
(1 -4.91223e-15 0)
(1 -6.25987e-15 0)
(1 -2.01707e-15 0)
(1 4.38127e-16 0)
(1 9.86987e-15 0)
(1 4.80541e-15 0)
(1 -3.20519e-16 0)
(1 -4.20365e-15 0)
(1 -3.60805e-15 0)
(1 2.90251e-15 0)
(1 1.98037e-16 0)
(1 -2.93489e-15 0)
(1 -1.41539e-15 0)
(1 -5.23026e-15 0)
(1 -8.34151e-16 0)
(1 -1.89002e-15 0)
(1 5.23487e-16 0)
(1 2.54336e-15 0)
(1 -6.77932e-15 0)
(1 -8.86429e-15 0)
(1 -1.09984e-14 0)
(1 -2.24653e-15 0)
(1 8.31444e-15 0)
(1 1.27343e-14 0)
(1 8.36095e-15 0)
(1 7.3707e-15 0)
(1 -2.12876e-15 0)
(1 -9.54515e-15 0)
(1 -1.41084e-15 0)
(1 -1.41724e-14 0)
(1 3.1816e-16 0)
(1 -5.00752e-15 0)
(1 5.57669e-15 0)
(1 1.19863e-14 0)
(1 3.9112e-15 0)
(1 -3.27959e-15 0)
(1 -4.71824e-15 0)
(1 -2.27055e-15 0)
(1 7.76232e-17 0)
(1 1.33917e-15 0)
(1 -4.79237e-15 0)
(1 -7.6175e-15 0)
(1 -8.32745e-15 0)
(1 -1.05318e-14 0)
(1 1.01047e-15 0)
(1 5.1966e-15 0)
(1 -7.39729e-16 0)
(1 -7.49538e-16 0)
(1 2.70797e-15 0)
(1 7.03394e-15 0)
(1 2.17861e-15 0)
(1 4.95369e-15 0)
(1 -2.52414e-15 0)
(1 -4.93781e-15 0)
(1 -5.98509e-15 0)
(1 -2.70295e-15 0)
(1 -6.50657e-15 0)
(1 -2.24351e-15 0)
(1 -5.85413e-15 0)
(1 -8.6366e-15 0)
(1 -4.28647e-15 0)
(1 -3.15386e-15 0)
(1 2.60245e-15 0)
(1 -6.28767e-15 0)
(1 -7.64666e-15 0)
(1 -2.57449e-15 0)
(1 3.79584e-15 0)
(1 -1.2487e-15 0)
(1 3.53378e-15 0)
(1 3.94369e-15 0)
(1 2.88644e-15 0)
(1 -5.12118e-15 0)
(1 -4.26735e-15 0)
(1 -3.21512e-15 0)
(1 1.11651e-15 0)
(1 -3.65524e-15 0)
(1 -3.17815e-15 0)
(1 1.56166e-15 0)
(1 -5.40929e-15 0)
(1 -3.38695e-15 0)
(1 -3.83239e-15 0)
(1 -8.27979e-15 0)
(1 -8.04545e-15 0)
(1 -1.99943e-15 0)
(1 -2.66261e-15 0)
(1 -5.00684e-15 0)
(1 -3.68585e-15 0)
(1 -3.36271e-15 0)
(1 -7.12216e-15 0)
(1 1.68376e-15 0)
(1 9.84079e-16 0)
(1 1.11343e-15 0)
(1 -5.83775e-15 0)
(1 -2.64454e-15 0)
(1 -3.82539e-15 0)
(1 -2.28996e-15 0)
(1 1.51145e-15 0)
(1 -2.57874e-15 0)
(1 -5.31973e-15 0)
(1 -4.84955e-15 0)
(1 -3.01698e-15 0)
(1 3.39649e-15 0)
(1 -1.36708e-15 0)
(1 1.31211e-15 0)
(1 -1.77955e-15 0)
(1 1.62601e-15 0)
(1 -9.00823e-15 0)
(1 -3.64591e-15 0)
(1 -4.00956e-15 0)
(1 -2.54814e-15 0)
(1 -4.26995e-15 0)
(1 -5.85489e-15 0)
(1 4.35569e-15 0)
(1 -7.52547e-15 0)
(1 -4.32019e-15 0)
(1 -7.9448e-15 0)
(1 1.00742e-15 0)
(1 -5.52331e-16 0)
(1 -3.03129e-15 0)
(1 -1.28407e-14 0)
(1 -1.15229e-14 0)
(1 -1.07481e-14 0)
(1 -3.57709e-15 0)
(1 -3.09467e-15 0)
(1 6.94529e-15 0)
(1 1.1305e-14 0)
(1 8.66556e-15 0)
(1 2.1155e-15 0)
(1 6.74277e-16 0)
(1 -6.31409e-16 0)
(1 4.55262e-15 0)
(1 9.66595e-15 0)
(1 1.03328e-14 0)
(1 1.03091e-15 0)
(1 8.54832e-16 0)
(1 -6.06254e-15 0)
(1 -8.34607e-15 0)
(1 -9.54897e-15 0)
(1 -5.57957e-15 0)
(1 -9.38074e-16 0)
(1 -1.44792e-14 0)
(1 -7.55257e-15 0)
(1 -1.15163e-14 0)
(1 -1.49366e-15 0)
(1 9.58615e-16 0)
(1 7.43572e-15 0)
(1 1.00742e-14 0)
(1 2.64895e-15 0)
(1 3.20515e-15 0)
(1 -1.20754e-16 0)
(1 1.01841e-15 0)
(1 9.92386e-15 0)
(1 -1.50451e-15 0)
(1 -7.71752e-15 0)
(1 -1.05495e-14 0)
(1 -2.19279e-15 0)
(1 -7.09172e-15 0)
(1 4.83752e-16 0)
(1 -1.36314e-15 0)
(1 1.12094e-16 0)
(1 -5.39269e-15 0)
(1 -7.91722e-15 0)
(1 -1.26815e-14 0)
(1 -8.15989e-15 0)
(1 -2.87492e-15 0)
(1 -7.9476e-15 0)
(1 4.23934e-15 0)
(1 1.06906e-15 0)
(1 6.27637e-15 0)
(1 2.17477e-15 0)
(1 2.13228e-15 0)
(1 -3.17532e-15 0)
(1 -3.58875e-15 0)
(1 3.76476e-16 0)
(1 -2.10729e-15 0)
(1 1.46247e-15 0)
(1 8.41454e-16 0)
(1 1.96767e-15 0)
(1 -6.35626e-15 0)
(1 -1.28306e-14 0)
(1 -1.54747e-14 0)
(1 -1.4869e-14 0)
(1 -1.26681e-14 0)
(1 -3.96924e-15 0)
(1 1.24486e-15 0)
(1 2.33021e-15 0)
(1 -2.95516e-15 0)
(1 1.31532e-15 0)
(1 -9.1416e-15 0)
(1 -6.89638e-15 0)
(1 -2.24434e-15 0)
(1 2.8328e-15 0)
(1 1.67613e-15 0)
(1 -3.16933e-16 0)
(1 -3.17694e-15 0)
(1 1.95267e-15 0)
(1 6.57914e-15 0)
(1 -5.83435e-16 0)
(1 -1.16297e-14 0)
(1 -1.09676e-14 0)
(1 3.88066e-15 0)
(1 1.01469e-14 0)
(1 3.14061e-15 0)
(1 1.13358e-15 0)
(1 -9.26202e-15 0)
(1 -5.0617e-15 0)
(1 -1.22066e-14 0)
(1 2.24956e-15 0)
(1 -3.05308e-15 0)
(1 -5.78367e-15 0)
(1 -9.0512e-15 0)
(1 -1.21603e-14 0)
(1 2.46357e-15 0)
(1 -2.03475e-15 0)
(1 -7.93054e-16 0)
(1 -1.06359e-15 0)
(1 2.39533e-16 0)
(1 -3.33784e-15 0)
(1 -4.90037e-15 0)
(1 -8.07516e-15 0)
(1 -1.15158e-14 0)
(1 -1.23113e-14 0)
(1 -9.52007e-15 0)
(1 1.07947e-14 0)
(1 6.4508e-15 0)
(1 1.04887e-14 0)
(1 9.83361e-15 0)
(1 6.61733e-15 0)
(1 -9.24692e-15 0)
(1 1.40215e-14 0)
(1 3.95639e-15 0)
(1 1.13004e-14 0)
(1 6.61331e-15 0)
(1 -3.95796e-15 0)
(1 1.01436e-15 0)
(1 -4.42776e-15 0)
(1 -1.50663e-14 0)
(1 -1.77792e-14 0)
(1 -1.64298e-14 0)
(1 -6.91668e-15 0)
(1 -4.75647e-15 0)
(1 -4.13562e-15 0)
(1 -7.8654e-16 0)
(1 4.25861e-15 0)
(1 2.53809e-15 0)
(1 8.93354e-15 0)
(1 1.13432e-14 0)
(1 2.97662e-15 0)
(1 -3.26619e-15 0)
(1 -2.50536e-15 0)
(1 -3.18287e-15 0)
(1 -2.92288e-15 0)
(1 -4.98506e-15 0)
(1 -4.03481e-15 0)
(1 -4.08412e-15 0)
(1 -9.99693e-15 0)
(1 -8.41407e-15 0)
(1 -8.20148e-15 0)
(1 1.92175e-15 0)
(1 -1.15333e-15 0)
(1 -4.12161e-15 0)
(1 -6.31623e-15 0)
(1 -7.0503e-15 0)
(1 1.1056e-16 0)
(1 2.99689e-15 0)
(1 -4.05275e-15 0)
(1 -5.43801e-15 0)
(1 -1.56216e-15 0)
(1 -3.0342e-15 0)
(1 2.37622e-15 0)
(1 5.86922e-15 0)
(1 2.28194e-15 0)
(1 2.49472e-15 0)
(1 3.50336e-15 0)
(1 -1.13936e-15 0)
(1 6.3181e-15 0)
(1 4.25226e-15 0)
(1 -2.55563e-15 0)
(1 -6.20401e-15 0)
(1 -7.75887e-15 0)
(1 -1.23966e-14 0)
(1 -1.10501e-14 0)
(1 -1.52933e-14 0)
(1 -8.03081e-15 0)
(1 1.82306e-15 0)
(1 3.30077e-15 0)
(1 4.1747e-16 0)
(1 -3.88509e-17 0)
(1 -2.90245e-15 0)
(1 -9.48638e-15 0)
(1 -5.85375e-15 0)
(1 -4.15526e-15 0)
(1 5.8055e-15 0)
(1 -3.39278e-15 0)
(1 -1.61719e-15 0)
(1 -3.89927e-15 0)
(1 1.056e-15 0)
(1 -1.40878e-15 0)
(1 -9.21699e-15 0)
(1 -2.75265e-15 0)
(1 6.06186e-15 0)
(1 2.897e-15 0)
(1 -7.56522e-16 0)
(1 -1.31931e-16 0)
(1 -8.32902e-16 0)
(1 -4.7411e-15 0)
(1 -5.64109e-15 0)
(1 -5.85923e-15 0)
(1 -9.28991e-15 0)
(1 -7.09952e-15 0)
(1 -9.4268e-15 0)
(1 -1.16525e-14 0)
(1 -1.44821e-15 0)
(1 -2.55274e-15 0)
(1 1.29012e-15 0)
(1 -3.05643e-16 0)
(1 1.46183e-15 0)
(1 -8.41822e-15 0)
(1 2.22515e-17 0)
(1 -1.18238e-14 0)
(1 -8.18072e-15 0)
(1 -9.47777e-15 0)
(1 -3.24191e-15 0)
(1 4.05383e-15 0)
(1 1.84876e-15 0)
(1 4.48611e-17 0)
(1 2.13725e-15 0)
(1 4.11251e-15 0)
(1 3.79485e-15 0)
(1 5.92727e-15 0)
(1 1.15726e-14 0)
(1 -1.24492e-15 0)
(1 2.8775e-15 0)
(1 7.03476e-15 0)
(1 4.5767e-16 0)
(1 -6.72711e-15 0)
(1 -7.80927e-15 0)
(1 -6.89464e-15 0)
(1 -8.01586e-15 0)
(1 -7.8212e-15 0)
(1 -5.84679e-15 0)
(1 -2.42285e-15 0)
(1 8.37197e-16 0)
(1 -2.13042e-15 0)
(1 -2.92362e-15 0)
(1 1.05717e-14 0)
(1 6.02669e-15 0)
(1 3.95175e-15 0)
(1 -8.67178e-16 0)
(1 2.98071e-15 0)
(1 -6.46703e-15 0)
(1 -8.99416e-15 0)
(1 -1.06447e-14 0)
(1 2.02371e-15 0)
(1 -4.3304e-15 0)
(1 -6.6358e-15 0)
(1 -5.13639e-15 0)
(1 -6.98868e-16 0)
(1 -5.9719e-15 0)
(1 -1.68029e-15 0)
(1 8.72572e-16 0)
(1 2.11375e-15 0)
(1 -3.20909e-15 0)
(1 -2.73246e-15 0)
(1 -1.76548e-15 0)
(1 -1.58101e-15 0)
(1 -3.49737e-15 0)
(1 -3.20744e-15 0)
(1 -1.64748e-15 0)
(1 2.65819e-15 0)
(1 6.87112e-15 0)
(1 6.34561e-16 0)
(1 5.61218e-15 0)
(1 3.85553e-15 0)
(1 -1.54563e-16 0)
(1 -5.55587e-15 0)
(1 -1.18872e-15 0)
(1 -5.58139e-15 0)
(1 -2.25882e-15 0)
(1 -2.35795e-15 0)
(1 -3.30995e-15 0)
(1 -2.63872e-15 0)
(1 -4.8144e-15 0)
(1 -2.2698e-15 0)
(1 -5.47321e-15 0)
(1 -4.13366e-15 0)
(1 1.76912e-15 0)
(1 3.99304e-15 0)
(1 8.34729e-16 0)
(1 -2.3406e-15 0)
(1 -2.87987e-15 0)
(1 -4.10975e-16 0)
(1 4.0385e-15 0)
(1 3.67616e-15 0)
(1 -1.94428e-15 0)
(1 -6.55861e-15 0)
(1 -7.16882e-15 0)
(1 -6.11054e-15 0)
(1 3.3177e-17 0)
(1 3.19579e-15 0)
(1 6.01098e-16 0)
(1 3.24752e-15 0)
(1 -4.77418e-16 0)
(1 2.89145e-15 0)
(1 4.33039e-15 0)
(1 -1.8016e-15 0)
(1 -4.67938e-15 0)
(1 -1.13442e-14 0)
(1 -8.76319e-15 0)
(1 -1.41329e-15 0)
(1 -1.0692e-15 0)
(1 -4.5107e-16 0)
(1 -2.33366e-15 0)
(1 7.31846e-16 0)
(1 -3.39873e-15 0)
(1 4.54622e-15 0)
(1 -1.61941e-15 0)
(1 2.12989e-16 0)
(1 -3.54835e-15 0)
(1 -2.11405e-15 0)
(1 -3.22179e-15 0)
(1 -3.02042e-15 0)
(1 -1.83647e-15 0)
(1 -8.34631e-16 0)
(1 -5.59471e-15 0)
(1 -5.62691e-16 0)
(1 -3.38928e-16 0)
(1 8.77752e-15 0)
(1 6.69951e-15 0)
(1 -5.04656e-15 0)
(1 -1.95807e-15 0)
(1 -4.41966e-15 0)
(1 -1.03544e-14 0)
(1 4.57259e-15 0)
(1 -8.7888e-15 0)
(1 -6.45979e-15 0)
(1 -5.38923e-15 0)
(1 -1.5762e-15 0)
(1 4.19711e-15 0)
(1 3.76163e-15 0)
(1 -1.89188e-15 0)
(1 8.39008e-15 0)
(1 6.49691e-15 0)
(1 1.71711e-15 0)
(1 -4.99696e-15 0)
(1 -6.90606e-16 0)
(1 8.6821e-15 0)
(1 6.39677e-15 0)
(1 -2.81375e-16 0)
(1 -5.39814e-15 0)
(1 -1.28646e-14 0)
(1 -1.03185e-14 0)
(1 -1.01503e-14 0)
(1 -1.04436e-14 0)
(1 -1.05881e-14 0)
(1 -4.79652e-15 0)
(1 -3.12151e-15 0)
(1 -3.52009e-15 0)
(1 -6.86224e-15 0)
(1 -1.57312e-15 0)
(1 4.12683e-15 0)
(1 1.01167e-14 0)
(1 -4.66782e-15 0)
(1 -1.19241e-14 0)
(1 -3.71603e-15 0)
(1 1.55167e-15 0)
(1 2.9843e-15 0)
(1 1.61882e-15 0)
(1 4.79873e-15 0)
(1 6.37784e-15 0)
(1 -2.05751e-15 0)
(1 -3.3575e-15 0)
(1 -2.79698e-15 0)
(1 1.40936e-15 0)
(1 3.44658e-15 0)
(1 4.94762e-16 0)
(1 4.04786e-15 0)
(1 -2.12699e-16 0)
(1 5.7734e-16 0)
(1 -8.15355e-15 0)
(1 -5.60263e-16 0)
(1 -7.38114e-15 0)
(1 -1.19388e-15 0)
(1 -6.39874e-16 0)
(1 -2.30694e-15 0)
(1 -2.52347e-15 0)
(1 4.76902e-15 0)
(1 1.49129e-15 0)
(1 2.52511e-15 0)
(1 -2.18169e-15 0)
(1 -3.78618e-15 0)
(1 -1.02813e-15 0)
(1 -1.14466e-15 0)
(1 3.39456e-16 0)
(1 -2.36522e-15 0)
(1 3.42803e-15 0)
(1 8.56626e-16 0)
(1 -6.55589e-16 0)
(1 2.15913e-15 0)
(1 -1.17057e-15 0)
(1 -2.08183e-15 0)
(1 2.35212e-15 0)
(1 3.59459e-15 0)
(1 1.82415e-15 0)
(1 -1.88902e-15 0)
(1 -9.27548e-16 0)
(1 -4.09825e-15 0)
(1 -1.96402e-15 0)
(1 -4.76744e-15 0)
(1 -2.74177e-16 0)
(1 1.91322e-15 0)
(1 3.34249e-16 0)
(1 -3.60492e-15 0)
(1 9.206e-15 0)
(1 -1.2473e-15 0)
(1 2.26195e-15 0)
(1 -1.29006e-14 0)
(1 5.05436e-15 0)
(1 -2.87573e-15 0)
(1 8.98191e-15 0)
(1 4.86e-15 0)
(1 -2.61603e-15 0)
(1 -7.34045e-15 0)
(1 -1.90812e-17 0)
(1 -1.24022e-14 0)
(1 -1.66246e-15 0)
(1 -1.84524e-15 0)
(1 7.58166e-15 0)
(1 2.24283e-15 0)
(1 1.1861e-15 0)
(1 -8.13081e-16 0)
(1 -2.05973e-15 0)
(1 -2.49136e-15 0)
(1 -6.1458e-16 0)
(1 -2.92551e-15 0)
(1 2.98322e-15 0)
(1 -9.02633e-15 0)
(1 -1.20829e-14 0)
(1 5.19978e-16 0)
(1 -1.12428e-15 0)
(1 2.85497e-15 0)
(1 -8.46779e-16 0)
(1 -1.89482e-15 0)
(1 -6.28873e-15 0)
(1 -8.15102e-16 0)
(1 -2.25747e-15 0)
(1 1.05812e-14 0)
(1 2.13654e-15 0)
(1 -1.95334e-16 0)
(1 -9.00258e-15 0)
(1 -4.99703e-15 0)
(1 -6.96547e-15 0)
(1 -6.09408e-15 0)
(1 -1.53232e-14 0)
(1 -6.4179e-15 0)
(1 -2.86341e-15 0)
(1 2.27492e-17 0)
(1 -4.05253e-15 0)
(1 2.77894e-15 0)
(1 -6.9574e-15 0)
(1 -1.21269e-15 0)
(1 4.04085e-15 0)
(1 2.40856e-15 0)
(1 1.1263e-15 0)
(1 -3.38118e-15 0)
(1 5.99064e-15 0)
(1 1.47917e-15 0)
(1 -9.38841e-16 0)
(1 -2.32856e-15 0)
(1 6.92669e-15 0)
(1 1.1198e-15 0)
(1 -4.70125e-16 0)
(1 -3.25648e-15 0)
(1 1.72428e-15 0)
(1 3.77944e-15 0)
(1 3.74831e-15 0)
(1 3.58574e-15 0)
(1 4.64225e-15 0)
(1 -5.21571e-15 0)
(1 -6.43011e-15 0)
(1 -2.82832e-15 0)
(1 -5.66123e-15 0)
(1 -1.46318e-15 0)
(1 -8.72515e-17 0)
(1 -3.21948e-15 0)
(1 -1.18251e-15 0)
(1 1.23303e-15 0)
(1 -2.44942e-15 0)
(1 -2.82445e-15 0)
(1 4.02882e-15 0)
(1 5.45945e-15 0)
(1 2.97448e-15 0)
(1 2.84951e-15 0)
(1 -1.71313e-15 0)
(1 -3.01848e-15 0)
(1 -2.95741e-15 0)
(1 -5.84317e-15 0)
(1 -1.00558e-15 0)
(1 1.68884e-15 0)
(1 -3.22489e-15 0)
(1 3.30961e-15 0)
(1 -5.05857e-16 0)
(1 2.92886e-15 0)
(1 -5.96414e-16 0)
(1 -1.85339e-15 0)
(1 1.98712e-15 0)
(1 -1.95255e-15 0)
(1 1.55535e-15 0)
(1 3.19707e-16 0)
(1 -2.2327e-15 0)
(1 6.12502e-16 0)
(1 -2.32403e-16 0)
(1 -3.15554e-16 0)
(1 5.05055e-15 0)
(1 7.22487e-15 0)
(1 -4.87315e-16 0)
(1 -3.58135e-15 0)
(1 -4.1918e-15 0)
(1 6.41943e-16 0)
(1 9.79565e-16 0)
(1 -1.10653e-15 0)
(1 -4.4528e-15 0)
(1 -8.01282e-15 0)
(1 -1.02488e-14 0)
(1 -5.36382e-15 0)
(1 -1.68612e-15 0)
(1 -4.84975e-15 0)
(1 -2.36986e-15 0)
(1 1.24182e-15 0)
(1 -1.12495e-15 0)
(1 3.85806e-16 0)
(1 1.96193e-16 0)
(1 1.79235e-15 0)
(1 -2.08028e-15 0)
(1 2.38593e-15 0)
(1 3.4945e-16 0)
(1 -1.29922e-15 0)
(1 -8.94359e-16 0)
(1 8.15087e-16 0)
(1 -5.85599e-15 0)
(1 -4.81602e-15 0)
(1 -1.22937e-15 0)
(1 1.14828e-15 0)
(1 1.61454e-15 0)
(1 5.34425e-15 0)
(1 4.58351e-15 0)
(1 -3.88476e-16 0)
(1 -2.05489e-15 0)
(1 -2.94567e-15 0)
(1 -2.64002e-15 0)
(1 -2.87977e-15 0)
(1 -7.40582e-15 0)
(1 -5.4755e-16 0)
(1 -7.36514e-15 0)
(1 -3.91566e-15 0)
(1 9.21055e-16 0)
(1 7.48873e-16 0)
(1 -6.63259e-16 0)
(1 -3.99275e-15 0)
(1 -1.8646e-15 0)
(1 -4.51958e-15 0)
(1 -4.58231e-17 0)
(1 2.53189e-15 0)
(1 8.61811e-15 0)
(1 -3.37467e-16 0)
(1 4.02245e-16 0)
(1 -3.02619e-15 0)
(1 6.62458e-16 0)
(1 -3.10906e-15 0)
(1 1.78684e-15 0)
(1 2.34284e-15 0)
(1 3.33503e-16 0)
(1 3.8809e-16 0)
(1 1.27753e-15 0)
(1 4.74131e-15 0)
(1 -1.76021e-15 0)
(1 -2.95906e-15 0)
(1 -2.35354e-15 0)
(1 -5.43119e-17 0)
(1 -2.71271e-16 0)
(1 8.66419e-15 0)
(1 7.97801e-15 0)
(1 7.68009e-15 0)
(1 -2.83184e-15 0)
(1 -3.14576e-15 0)
(1 -5.40947e-15 0)
(1 -4.14827e-16 0)
(1 1.92628e-15 0)
(1 -6.21577e-15 0)
(1 3.40879e-15 0)
(1 3.66664e-15 0)
(1 7.60079e-15 0)
(1 4.52169e-15 0)
(1 5.54934e-15 0)
(1 2.39336e-16 0)
(1 -5.63738e-15 0)
(1 -5.67192e-15 0)
(1 -1.35337e-15 0)
(1 4.82512e-15 0)
(1 1.90309e-15 0)
(1 5.35298e-15 0)
(1 -2.74469e-16 0)
(1 1.78432e-15 0)
(1 -3.52482e-15 0)
(1 -1.78366e-15 0)
(1 1.29372e-15 0)
(1 -3.1654e-15 0)
(1 -3.76072e-15 0)
(1 5.36167e-15 0)
(1 6.9935e-15 0)
(1 7.53838e-15 0)
(1 7.63793e-15 0)
(1 2.07355e-15 0)
(1 8.89264e-16 0)
(1 5.38231e-16 0)
(1 2.21853e-15 0)
(1 9.13971e-15 0)
(1 -9.54585e-15 0)
(1 -6.53956e-15 0)
(1 -3.73781e-15 0)
(1 -3.01272e-15 0)
(1 -6.98074e-15 0)
(1 2.08439e-15 0)
(1 -1.34672e-14 0)
(1 9.37796e-15 0)
(1 -4.70408e-15 0)
(1 2.1262e-15 0)
(1 -8.78522e-15 0)
(1 6.11174e-15 0)
(1 1.07501e-14 0)
(1 -1.71192e-15 0)
(1 -2.7875e-15 0)
(1 -1.4859e-16 0)
(1 -3.08395e-15 0)
(1 -3.79218e-16 0)
(1 -6.70549e-15 0)
(1 -7.1167e-15 0)
(1 -4.94823e-15 0)
(1 -2.91484e-15 0)
(1 -1.09443e-15 0)
(1 -3.23686e-15 0)
(1 -6.88519e-15 0)
(1 -1.58886e-15 0)
(1 1.67799e-16 0)
(1 5.08623e-15 0)
(1 -1.13561e-15 0)
(1 -2.70266e-15 0)
(1 -3.78455e-16 0)
(1 2.03536e-16 0)
(1 -3.45419e-15 0)
(1 -8.06085e-15 0)
(1 -1.08061e-14 0)
(1 -5.00417e-15 0)
(1 -1.93491e-15 0)
(1 -2.9165e-15 0)
(1 -8.43682e-16 0)
(1 1.5474e-15 0)
(1 4.55943e-15 0)
(1 -3.84309e-19 0)
(1 1.85141e-15 0)
(1 1.47795e-15 0)
(1 1.39232e-15 0)
(1 8.37904e-16 0)
(1 2.00284e-15 0)
(1 2.78705e-16 0)
(1 -3.5245e-15 0)
(1 -5.95712e-15 0)
(1 9.47111e-16 0)
(1 5.04485e-15 0)
(1 -1.05339e-15 0)
(1 -1.24799e-15 0)
(1 2.57968e-15 0)
(1 1.01618e-15 0)
(1 2.4092e-15 0)
(1 2.69166e-15 0)
(1 1.67794e-15 0)
(1 3.19697e-16 0)
(1 -1.5699e-15 0)
(1 2.91998e-15 0)
(1 -3.19099e-15 0)
(1 3.7034e-15 0)
(1 7.66442e-15 0)
(1 7.75748e-15 0)
(1 2.50682e-15 0)
(1 5.30404e-15 0)
(1 1.38881e-15 0)
(1 3.08341e-15 0)
(1 4.62561e-15 0)
(1 4.36162e-15 0)
(1 -3.24709e-15 0)
(1 -2.81324e-15 0)
(1 6.82314e-17 0)
(1 1.71532e-16 0)
(1 1.21283e-15 0)
(1 -2.90447e-15 0)
(1 -3.47502e-16 0)
(1 4.56377e-16 0)
(1 6.17138e-15 0)
(1 2.29393e-15 0)
(1 5.66672e-15 0)
(1 2.77516e-15 0)
(1 -3.84614e-16 0)
(1 -7.72925e-16 0)
(1 -2.75412e-16 0)
(1 -1.69622e-15 0)
(1 -4.89394e-15 0)
(1 3.9282e-15 0)
(1 2.57621e-15 0)
(1 8.53356e-15 0)
(1 3.71751e-15 0)
(1 -5.17053e-16 0)
(1 3.32409e-15 0)
(1 9.01678e-16 0)
(1 -1.11907e-15 0)
(1 -2.74058e-15 0)
(1 1.15998e-15 0)
(1 4.86893e-15 0)
(1 -6.80742e-15 0)
(1 -6.4988e-15 0)
(1 -4.71776e-15 0)
(1 3.54797e-15 0)
(1 -5.93735e-17 0)
(1 5.30203e-15 0)
(1 -4.49124e-15 0)
(1 4.38083e-15 0)
(1 -5.35994e-15 0)
(1 3.26378e-15 0)
(1 -4.9608e-16 0)
(1 5.27728e-15 0)
(1 8.71833e-15 0)
(1 -3.07069e-15 0)
(1 -3.62583e-15 0)
(1 2.88403e-16 0)
(1 -2.13467e-15 0)
(1 -4.40376e-15 0)
(1 -1.19434e-15 0)
(1 -3.01322e-15 0)
(1 -3.74174e-15 0)
(1 -1.02283e-15 0)
(1 3.70649e-15 0)
(1 -2.02029e-15 0)
(1 -6.34409e-15 0)
(1 -6.43576e-15 0)
(1 -1.37689e-15 0)
(1 6.31451e-15 0)
(1 2.83347e-15 0)
(1 2.19634e-16 0)
(1 4.22866e-16 0)
(1 6.25371e-17 0)
(1 -7.85855e-15 0)
(1 -7.25519e-15 0)
(1 -5.10963e-15 0)
(1 -5.76656e-15 0)
(1 2.46697e-15 0)
(1 3.70466e-16 0)
(1 -1.40322e-15 0)
(1 1.30003e-15 0)
(1 3.44183e-15 0)
(1 2.13832e-15 0)
(1 -1.36827e-15 0)
(1 -1.27515e-15 0)
(1 1.69282e-15 0)
(1 1.46006e-15 0)
(1 9.24565e-16 0)
(1 -5.70081e-16 0)
(1 2.7063e-16 0)
(1 -1.92864e-15 0)
(1 2.01184e-15 0)
(1 2.12141e-15 0)
(1 -3.85419e-15 0)
(1 -5.33935e-15 0)
(1 2.32612e-15 0)
(1 1.64455e-15 0)
(1 1.98347e-15 0)
(1 -8.32367e-16 0)
(1 3.7148e-15 0)
(1 -2.56993e-17 0)
(1 4.13986e-15 0)
(1 1.38996e-15 0)
(1 2.51305e-15 0)
(1 -5.37598e-15 0)
(1 2.70943e-15 0)
(1 -1.98963e-15 0)
(1 4.40269e-15 0)
(1 5.99859e-16 0)
(1 1.31832e-15 0)
(1 3.34651e-15 0)
(1 3.31438e-15 0)
(1 5.19856e-15 0)
(1 -5.76807e-15 0)
(1 -4.98922e-16 0)
(1 -5.78955e-15 0)
(1 -1.28734e-15 0)
(1 1.61377e-15 0)
(1 -1.72987e-15 0)
(1 -1.12248e-15 0)
(1 -1.68723e-15 0)
(1 4.54288e-15 0)
(1 4.19303e-15 0)
(1 5.8113e-15 0)
(1 4.56838e-15 0)
(1 1.75579e-15 0)
(1 3.03099e-17 0)
(1 3.17154e-15 0)
(1 -4.35666e-15 0)
(1 -4.96469e-15 0)
(1 4.98152e-15 0)
(1 3.91095e-15 0)
(1 4.77357e-15 0)
(1 -2.62524e-15 0)
(1 -2.59326e-15 0)
(1 -2.72073e-16 0)
(1 -6.36267e-16 0)
(1 -2.78766e-16 0)
(1 4.14614e-16 0)
(1 -5.34385e-16 0)
(1 6.05999e-15 0)
(1 2.91037e-15 0)
(1 -3.23306e-16 0)
(1 1.63806e-15 0)
(1 -3.43179e-15 0)
(1 9.0844e-16 0)
(1 -9.05421e-15 0)
(1 -6.81164e-17 0)
(1 -3.55853e-15 0)
(1 4.82166e-15 0)
(1 2.5562e-15 0)
(1 2.39385e-15 0)
(1 2.8376e-15 0)
(1 -6.36676e-16 0)
(1 2.20603e-15 0)
(1 -5.68935e-15 0)
(1 -8.25397e-15 0)
(1 -4.33982e-15 0)
(1 -3.96746e-15 0)
(1 -6.75822e-15 0)
(1 -7.68049e-17 0)
(1 1.06219e-14 0)
(1 7.23964e-15 0)
(1 6.68841e-15 0)
(1 2.89184e-15 0)
(1 5.99428e-16 0)
(1 -4.38381e-15 0)
(1 7.20924e-16 0)
(1 2.00851e-16 0)
(1 5.75855e-15 0)
(1 6.3238e-15 0)
(1 3.29573e-15 0)
(1 -1.89616e-15 0)
(1 -6.23179e-15 0)
(1 -8.41945e-15 0)
(1 5.19234e-16 0)
(1 -7.42539e-16 0)
(1 -1.21932e-15 0)
(1 -4.87528e-15 0)
(1 -4.38744e-15 0)
(1 7.69499e-16 0)
(1 -9.5023e-16 0)
(1 -2.05775e-15 0)
(1 -4.39887e-15 0)
(1 -1.10132e-15 0)
(1 5.7354e-15 0)
(1 4.26114e-15 0)
(1 2.3737e-15 0)
(1 9.93294e-16 0)
(1 5.58414e-15 0)
(1 6.54747e-17 0)
(1 4.55688e-15 0)
(1 4.65559e-16 0)
(1 -2.20419e-15 0)
(1 -4.33306e-15 0)
(1 -4.10967e-15 0)
(1 2.9548e-16 0)
(1 2.31138e-15 0)
(1 -1.00367e-15 0)
(1 3.47295e-17 0)
(1 -2.98994e-15 0)
(1 1.05649e-15 0)
(1 1.93725e-15 0)
(1 2.52623e-15 0)
(1 -3.21248e-15 0)
(1 -1.14369e-15 0)
(1 -5.07902e-15 0)
(1 -2.0149e-15 0)
(1 -8.05565e-16 0)
(1 -8.39421e-17 0)
(1 1.83362e-15 0)
(1 1.90331e-17 0)
(1 -3.04179e-15 0)
(1 -5.43471e-15 0)
(1 -2.1193e-15 0)
(1 -1.34366e-15 0)
(1 2.95311e-15 0)
(1 1.49807e-15 0)
(1 1.48072e-15 0)
(1 -2.8016e-15 0)
(1 -1.25423e-15 0)
(1 1.8233e-15 0)
(1 4.27013e-15 0)
(1 2.03631e-15 0)
(1 4.33038e-15 0)
(1 3.59372e-15 0)
(1 1.49512e-15 0)
(1 -2.82793e-15 0)
(1 -4.52769e-15 0)
(1 -5.29107e-15 0)
(1 -5.96135e-15 0)
(1 -1.00189e-15 0)
(1 2.13654e-15 0)
(1 2.83329e-15 0)
(1 7.00883e-15 0)
(1 5.20105e-15 0)
(1 -6.19313e-16 0)
(1 1.16281e-15 0)
(1 -9.40636e-16 0)
(1 -1.34288e-15 0)
(1 1.90181e-15 0)
(1 4.39863e-15 0)
(1 1.13508e-17 0)
(1 4.34432e-15 0)
(1 -5.13117e-15 0)
(1 -3.87636e-15 0)
(1 -8.3389e-15 0)
(1 -2.60259e-15 0)
(1 -2.41798e-16 0)
(1 2.22567e-15 0)
(1 4.42307e-15 0)
(1 -4.21375e-16 0)
(1 7.57868e-15 0)
(1 7.24806e-15 0)
(1 1.22322e-14 0)
(1 -2.82257e-15 0)
(1 -7.33836e-15 0)
(1 -4.62924e-15 0)
(1 -1.29747e-15 0)
(1 -7.06954e-15 0)
(1 -4.54006e-15 0)
(1 2.12014e-15 0)
(1 2.14844e-15 0)
(1 2.54326e-16 0)
(1 4.08265e-15 0)
(1 -1.46579e-15 0)
(1 -1.9123e-15 0)
(1 -3.48464e-15 0)
(1 -2.73297e-15 0)
(1 3.8517e-16 0)
(1 3.11499e-15 0)
(1 7.25967e-16 0)
(1 -1.56112e-15 0)
(1 -2.54505e-15 0)
(1 -4.33405e-15 0)
(1 1.0385e-16 0)
(1 -2.02824e-15 0)
(1 -3.58377e-15 0)
(1 -3.4307e-15 0)
(1 -1.72994e-15 0)
(1 1.97902e-15 0)
(1 2.25291e-16 0)
(1 -6.55079e-16 0)
(1 -4.29883e-15 0)
(1 2.03199e-15 0)
(1 4.45735e-15 0)
(1 1.19837e-15 0)
(1 -1.36109e-15 0)
(1 -4.82795e-16 0)
(1 2.2725e-16 0)
(1 -1.80464e-15 0)
(1 9.20316e-17 0)
(1 5.34672e-15 0)
(1 4.18652e-15 0)
(1 2.7379e-15 0)
(1 -4.38853e-15 0)
(1 1.03726e-15 0)
(1 4.08943e-15 0)
(1 -2.12391e-15 0)
(1 3.72694e-16 0)
(1 5.62371e-16 0)
(1 2.22181e-15 0)
(1 1.63127e-15 0)
(1 -2.31348e-15 0)
(1 -3.67134e-15 0)
(1 -2.05311e-15 0)
(1 -9.58261e-16 0)
(1 1.34607e-15 0)
(1 2.35108e-15 0)
(1 2.12589e-15 0)
(1 3.76198e-15 0)
(1 1.59069e-15 0)
(1 -9.40187e-17 0)
(1 -1.22054e-16 0)
(1 4.07071e-16 0)
(1 2.15946e-15 0)
(1 3.63196e-15 0)
(1 -1.60712e-15 0)
(1 -1.14419e-15 0)
(1 -4.06646e-15 0)
(1 -1.81409e-15 0)
(1 2.59612e-15 0)
(1 -4.44888e-17 0)
(1 2.81155e-16 0)
(1 3.313e-15 0)
(1 1.04718e-15 0)
(1 5.36037e-16 0)
(1 -3.38274e-15 0)
(1 -8.11605e-16 0)
(1 -4.97486e-15 0)
(1 -7.07012e-15 0)
(1 -1.78392e-15 0)
(1 3.26145e-15 0)
(1 2.76616e-15 0)
(1 2.28107e-15 0)
(1 2.78517e-15 0)
)
;

boundaryField
{
    inlet
    {
        type            fixedValue;
        value           uniform (1 0 0);
    }
    outlet
    {
        type            zeroGradient;
    }
    down
    {
        type            empty;
    }
    up
    {
        type            empty;
    }
    sides
    {
        type            slip;
    }
}

