/*--------------------------------*- C++ -*----------------------------------*\
| =========                 |                                                 |
| \\      /  F ield         | OpenFOAM: The Open Source CFD Toolbox           |
|  \\    /   O peration     | Version:  v2012                                 |
|   \\  /    A nd           | Website:  www.openfoam.com                      |
|    \\/     M anipulation  |                                                 |
\*---------------------------------------------------------------------------*/
FoamFile
{
    version     2.0;
    format      ascii;
    class       volScalarField;
    location    "0";
    object      pRec;
}
// * * * * * * * * * * * * * * * * * * * * * * * * * * * * * * * * * * * * * //

dimensions      [0 2 -2 0 0 0 0];


internalField   nonuniform List<scalar> 
4000
(
-6.80401e-13
-6.7614e-13
-6.76704e-13
-6.78391e-13
-6.77896e-13
-6.77694e-13
-6.76373e-13
-6.72686e-13
-6.65144e-13
-6.60227e-13
-6.60225e-13
-6.55845e-13
-6.49134e-13
-6.39741e-13
-6.28291e-13
-6.23912e-13
-6.20635e-13
-6.17818e-13
-6.1087e-13
-6.01877e-13
-5.92887e-13
-5.8598e-13
-5.80281e-13
-5.71489e-13
-5.61586e-13
-5.51661e-13
-5.46378e-13
-5.4192e-13
-5.35259e-13
-5.24759e-13
-5.128e-13
-5.0459e-13
-4.99564e-13
-4.94065e-13
-4.87068e-13
-4.81008e-13
-4.70957e-13
-4.57276e-13
-4.42126e-13
-4.36348e-13
-4.32932e-13
-4.28128e-13
-4.24889e-13
-4.18029e-13
-4.09568e-13
-4.00602e-13
-3.91313e-13
-3.82384e-13
-3.73876e-13
-3.66075e-13
-3.57513e-13
-3.50415e-13
-3.43388e-13
-3.35515e-13
-3.28192e-13
-3.17368e-13
-3.09809e-13
-3.07827e-13
-3.04471e-13
-3.00569e-13
-2.92394e-13
-2.85389e-13
-2.77122e-13
-2.67465e-13
-2.60758e-13
-2.53659e-13
-2.48252e-13
-2.40514e-13
-2.31774e-13
-2.25406e-13
-2.18333e-13
-2.10081e-13
-1.97995e-13
-1.91141e-13
-1.88826e-13
-1.84039e-13
-1.77037e-13
-1.70206e-13
-1.61215e-13
-1.48761e-13
-1.37504e-13
-1.30918e-13
-1.22942e-13
-1.17223e-13
-1.10768e-13
-1.03963e-13
-9.5761e-14
-8.78376e-14
-8.33896e-14
-7.81894e-14
-7.19765e-14
-6.47241e-14
-5.81985e-14
-5.22377e-14
-4.32807e-14
-3.38648e-14
-2.61328e-14
-1.75947e-14
-9.63511e-15
-2.37526e-15
-6.78016e-13
-6.76735e-13
-6.78399e-13
-6.78541e-13
-6.7947e-13
-6.77141e-13
-6.74865e-13
-6.7299e-13
-6.6786e-13
-6.62752e-13
-6.57851e-13
-6.5423e-13
-6.47885e-13
-6.3917e-13
-6.30766e-13
-6.25971e-13
-6.22051e-13
-6.16748e-13
-6.10096e-13
-6.0432e-13
-5.94312e-13
-5.84177e-13
-5.78018e-13
-5.69912e-13
-5.60067e-13
-5.53785e-13
-5.48328e-13
-5.42393e-13
-5.34737e-13
-5.22593e-13
-5.13873e-13
-5.06589e-13
-4.99503e-13
-4.91768e-13
-4.8496e-13
-4.78612e-13
-4.70373e-13
-4.58757e-13
-4.46855e-13
-4.38623e-13
-4.32795e-13
-4.28271e-13
-4.23084e-13
-4.17217e-13
-4.10097e-13
-4.00381e-13
-3.90591e-13
-3.8195e-13
-3.73471e-13
-3.64399e-13
-3.57029e-13
-3.49681e-13
-3.43722e-13
-3.36632e-13
-3.29002e-13
-3.19214e-13
-3.09967e-13
-3.06474e-13
-3.0334e-13
-2.99076e-13
-2.93926e-13
-2.85334e-13
-2.7721e-13
-2.68773e-13
-2.62407e-13
-2.54079e-13
-2.46586e-13
-2.39765e-13
-2.33347e-13
-2.26343e-13
-2.18228e-13
-2.10433e-13
-2.01374e-13
-1.93672e-13
-1.88569e-13
-1.80786e-13
-1.76311e-13
-1.688e-13
-1.58852e-13
-1.48061e-13
-1.38521e-13
-1.31841e-13
-1.25857e-13
-1.18636e-13
-1.0953e-13
-1.02518e-13
-9.42004e-14
-8.66446e-14
-8.25103e-14
-7.68882e-14
-7.26268e-14
-6.67528e-14
-6.08866e-14
-5.07318e-14
-4.18032e-14
-3.4121e-14
-2.56172e-14
-1.78424e-14
-1.04645e-14
-3.77921e-15
-6.77176e-13
-6.76509e-13
-6.78228e-13
-6.8009e-13
-6.81143e-13
-6.78139e-13
-6.73868e-13
-6.72017e-13
-6.65993e-13
-6.62659e-13
-6.58924e-13
-6.53782e-13
-6.47577e-13
-6.40642e-13
-6.32146e-13
-6.26577e-13
-6.2072e-13
-6.15809e-13
-6.1113e-13
-6.02725e-13
-5.93948e-13
-5.86022e-13
-5.78394e-13
-5.70826e-13
-5.61792e-13
-5.55781e-13
-5.4911e-13
-5.40901e-13
-5.32902e-13
-5.21983e-13
-5.14189e-13
-5.06218e-13
-4.98574e-13
-4.93379e-13
-4.8703e-13
-4.79815e-13
-4.69321e-13
-4.59196e-13
-4.48959e-13
-4.38816e-13
-4.32186e-13
-4.25837e-13
-4.23397e-13
-4.18061e-13
-4.10217e-13
-3.9987e-13
-3.89076e-13
-3.80522e-13
-3.74596e-13
-3.68641e-13
-3.57978e-13
-3.50485e-13
-3.42029e-13
-3.34213e-13
-3.27108e-13
-3.20027e-13
-3.10575e-13
-3.07916e-13
-3.06055e-13
-3.00527e-13
-2.91961e-13
-2.82168e-13
-2.75451e-13
-2.69824e-13
-2.64146e-13
-2.56305e-13
-2.48301e-13
-2.39371e-13
-2.3235e-13
-2.23807e-13
-2.1622e-13
-2.08529e-13
-1.99457e-13
-1.93534e-13
-1.8802e-13
-1.81694e-13
-1.76058e-13
-1.68667e-13
-1.58508e-13
-1.49005e-13
-1.42237e-13
-1.33394e-13
-1.22668e-13
-1.16039e-13
-1.09604e-13
-1.04204e-13
-9.73176e-14
-8.92488e-14
-8.25023e-14
-7.58771e-14
-7.09728e-14
-6.61918e-14
-5.9359e-14
-5.12107e-14
-4.19635e-14
-3.27064e-14
-2.65864e-14
-1.83961e-14
-1.25934e-14
-4.24268e-15
-6.77755e-13
-6.78614e-13
-6.78391e-13
-6.75993e-13
-6.80217e-13
-6.76025e-13
-6.73862e-13
-6.72009e-13
-6.69491e-13
-6.64221e-13
-6.5825e-13
-6.50672e-13
-6.44725e-13
-6.40203e-13
-6.38073e-13
-6.30675e-13
-6.19726e-13
-6.1387e-13
-6.09993e-13
-6.02309e-13
-5.94053e-13
-5.86849e-13
-5.78434e-13
-5.67052e-13
-5.59145e-13
-5.54677e-13
-5.49225e-13
-5.43179e-13
-5.33538e-13
-5.24665e-13
-5.1658e-13
-5.07291e-13
-4.99166e-13
-4.91958e-13
-4.83406e-13
-4.79589e-13
-4.70501e-13
-4.586e-13
-4.49835e-13
-4.40183e-13
-4.34148e-13
-4.28905e-13
-4.23069e-13
-4.16171e-13
-4.06911e-13
-3.97824e-13
-3.89335e-13
-3.8287e-13
-3.7433e-13
-3.64415e-13
-3.55778e-13
-3.4958e-13
-3.43055e-13
-3.3736e-13
-3.26906e-13
-3.20691e-13
-3.1242e-13
-3.06845e-13
-3.05188e-13
-2.99023e-13
-2.91231e-13
-2.83937e-13
-2.7814e-13
-2.71679e-13
-2.64163e-13
-2.55349e-13
-2.47908e-13
-2.39499e-13
-2.32643e-13
-2.25513e-13
-2.18756e-13
-2.10687e-13
-2.01685e-13
-1.94416e-13
-1.87766e-13
-1.8066e-13
-1.75378e-13
-1.68526e-13
-1.58383e-13
-1.49416e-13
-1.41812e-13
-1.33788e-13
-1.24203e-13
-1.15555e-13
-1.09281e-13
-1.02878e-13
-9.60612e-14
-8.83855e-14
-8.08768e-14
-7.61589e-14
-7.25246e-14
-6.72882e-14
-6.03558e-14
-4.99752e-14
-4.13113e-14
-3.47498e-14
-2.78862e-14
-1.85e-14
-1.11452e-14
-4.09809e-15
-6.77917e-13
-6.81044e-13
-6.78368e-13
-6.75784e-13
-6.7404e-13
-6.76144e-13
-6.75851e-13
-6.737e-13
-6.68553e-13
-6.62834e-13
-6.56179e-13
-6.52105e-13
-6.44245e-13
-6.3958e-13
-6.37376e-13
-6.32075e-13
-6.24534e-13
-6.16545e-13
-6.07892e-13
-5.99452e-13
-5.9427e-13
-5.86464e-13
-5.7487e-13
-5.66691e-13
-5.62069e-13
-5.55736e-13
-5.49935e-13
-5.42057e-13
-5.35541e-13
-5.2666e-13
-5.17066e-13
-5.07842e-13
-4.98777e-13
-4.92155e-13
-4.8513e-13
-4.79486e-13
-4.69097e-13
-4.58634e-13
-4.48936e-13
-4.40915e-13
-4.34287e-13
-4.30174e-13
-4.23108e-13
-4.1491e-13
-4.05806e-13
-3.95316e-13
-3.88369e-13
-3.81992e-13
-3.73935e-13
-3.67297e-13
-3.58259e-13
-3.50698e-13
-3.43049e-13
-3.37442e-13
-3.26855e-13
-3.19869e-13
-3.13487e-13
-3.07575e-13
-3.04374e-13
-2.98421e-13
-2.91909e-13
-2.84312e-13
-2.76907e-13
-2.71422e-13
-2.65326e-13
-2.58468e-13
-2.50933e-13
-2.4022e-13
-2.32509e-13
-2.2342e-13
-2.16188e-13
-2.09179e-13
-2.02095e-13
-1.94457e-13
-1.85314e-13
-1.78362e-13
-1.74801e-13
-1.68026e-13
-1.60382e-13
-1.5083e-13
-1.43214e-13
-1.35392e-13
-1.23581e-13
-1.14495e-13
-1.06962e-13
-1.00733e-13
-9.65685e-14
-9.04167e-14
-8.24902e-14
-7.7197e-14
-7.1707e-14
-6.69414e-14
-5.89953e-14
-5.22229e-14
-4.39892e-14
-3.47834e-14
-2.7396e-14
-2.01438e-14
-1.06754e-14
-2.01904e-15
-6.75446e-13
-6.82014e-13
-6.7929e-13
-6.73371e-13
-6.77282e-13
-6.79111e-13
-6.76811e-13
-6.73133e-13
-6.66575e-13
-6.57445e-13
-6.54476e-13
-6.51942e-13
-6.48243e-13
-6.40368e-13
-6.35289e-13
-6.33131e-13
-6.24922e-13
-6.18266e-13
-6.11848e-13
-6.02311e-13
-5.9225e-13
-5.82349e-13
-5.68393e-13
-5.64267e-13
-5.62544e-13
-5.58605e-13
-5.50447e-13
-5.42269e-13
-5.35065e-13
-5.28259e-13
-5.17662e-13
-5.08433e-13
-5.00026e-13
-4.9373e-13
-4.88243e-13
-4.78357e-13
-4.68096e-13
-4.58936e-13
-4.48424e-13
-4.42336e-13
-4.35961e-13
-4.3058e-13
-4.219e-13
-4.14994e-13
-4.05878e-13
-3.94756e-13
-3.86658e-13
-3.79713e-13
-3.74287e-13
-3.67132e-13
-3.59068e-13
-3.5037e-13
-3.42482e-13
-3.35681e-13
-3.26268e-13
-3.20854e-13
-3.15026e-13
-3.08206e-13
-3.03528e-13
-2.98577e-13
-2.9396e-13
-2.85555e-13
-2.77317e-13
-2.70909e-13
-2.63012e-13
-2.57159e-13
-2.51286e-13
-2.4127e-13
-2.33508e-13
-2.25408e-13
-2.16869e-13
-2.09116e-13
-2.03266e-13
-1.95276e-13
-1.86739e-13
-1.8026e-13
-1.74377e-13
-1.65699e-13
-1.59766e-13
-1.52072e-13
-1.44876e-13
-1.34884e-13
-1.22073e-13
-1.13331e-13
-1.08065e-13
-1.02282e-13
-9.71914e-14
-8.89595e-14
-8.15848e-14
-7.65644e-14
-7.1608e-14
-6.72548e-14
-5.77165e-14
-5.08989e-14
-4.31096e-14
-3.66065e-14
-2.80325e-14
-1.98254e-14
-9.541e-15
-1.59091e-15
-6.78789e-13
-6.78984e-13
-6.79098e-13
-6.76542e-13
-6.74918e-13
-6.77368e-13
-6.75552e-13
-6.71441e-13
-6.6518e-13
-6.58117e-13
-6.51719e-13
-6.51238e-13
-6.49586e-13
-6.41192e-13
-6.3611e-13
-6.31969e-13
-6.29269e-13
-6.22528e-13
-6.09855e-13
-5.9687e-13
-5.83866e-13
-5.78424e-13
-5.75826e-13
-5.72272e-13
-5.65069e-13
-5.57861e-13
-5.49501e-13
-5.41663e-13
-5.35705e-13
-5.30001e-13
-5.19561e-13
-5.0724e-13
-5.00149e-13
-4.91487e-13
-4.84726e-13
-4.76613e-13
-4.69329e-13
-4.62314e-13
-4.51905e-13
-4.4156e-13
-4.33337e-13
-4.2703e-13
-4.21032e-13
-4.15522e-13
-4.07617e-13
-3.97853e-13
-3.87655e-13
-3.78981e-13
-3.71949e-13
-3.6744e-13
-3.60155e-13
-3.53282e-13
-3.44623e-13
-3.35731e-13
-3.27858e-13
-3.21504e-13
-3.14401e-13
-3.04967e-13
-3.01158e-13
-2.98501e-13
-2.97451e-13
-2.89355e-13
-2.79141e-13
-2.6938e-13
-2.61002e-13
-2.54139e-13
-2.47021e-13
-2.38521e-13
-2.30652e-13
-2.25137e-13
-2.22071e-13
-2.13239e-13
-2.04053e-13
-1.97422e-13
-1.88643e-13
-1.79148e-13
-1.71146e-13
-1.62674e-13
-1.57039e-13
-1.51433e-13
-1.4454e-13
-1.34544e-13
-1.25276e-13
-1.16973e-13
-1.10015e-13
-1.00792e-13
-9.54892e-14
-8.94862e-14
-8.24988e-14
-7.77664e-14
-7.11954e-14
-6.35301e-14
-5.74075e-14
-5.00071e-14
-4.22578e-14
-3.51471e-14
-2.81011e-14
-1.86026e-14
-1.00523e-14
-3.07022e-15
-6.77236e-13
-6.76528e-13
-6.75713e-13
-6.78051e-13
-6.79249e-13
-6.78501e-13
-6.74549e-13
-6.69795e-13
-6.63276e-13
-6.58706e-13
-6.54705e-13
-6.50468e-13
-6.46879e-13
-6.39704e-13
-6.36342e-13
-6.32603e-13
-6.29187e-13
-6.22557e-13
-6.07142e-13
-5.98677e-13
-5.93161e-13
-5.85831e-13
-5.75405e-13
-5.666e-13
-5.63123e-13
-5.55785e-13
-5.47348e-13
-5.41412e-13
-5.34626e-13
-5.27685e-13
-5.20445e-13
-5.10749e-13
-5.03965e-13
-4.96054e-13
-4.85859e-13
-4.76471e-13
-4.67776e-13
-4.59007e-13
-4.51296e-13
-4.41696e-13
-4.33851e-13
-4.2857e-13
-4.2154e-13
-4.1755e-13
-4.111e-13
-3.98394e-13
-3.84791e-13
-3.73788e-13
-3.71565e-13
-3.68175e-13
-3.63114e-13
-3.56144e-13
-3.45025e-13
-3.36048e-13
-3.26047e-13
-3.19905e-13
-3.14704e-13
-3.09141e-13
-3.02416e-13
-2.97422e-13
-2.95027e-13
-2.87753e-13
-2.80011e-13
-2.71835e-13
-2.64267e-13
-2.55962e-13
-2.4822e-13
-2.39752e-13
-2.33612e-13
-2.26651e-13
-2.19536e-13
-2.13494e-13
-2.02725e-13
-1.9165e-13
-1.8508e-13
-1.79151e-13
-1.73634e-13
-1.65699e-13
-1.59749e-13
-1.53646e-13
-1.45182e-13
-1.346e-13
-1.23112e-13
-1.13209e-13
-1.05459e-13
-1.00616e-13
-9.64351e-14
-9.06868e-14
-8.35798e-14
-7.6791e-14
-6.94373e-14
-6.28093e-14
-5.74238e-14
-5.11778e-14
-4.13719e-14
-3.39071e-14
-2.72202e-14
-1.97557e-14
-1.11748e-14
-2.12848e-15
-6.78655e-13
-6.79564e-13
-6.76589e-13
-6.73542e-13
-6.74932e-13
-6.76385e-13
-6.75416e-13
-6.69465e-13
-6.61221e-13
-6.59667e-13
-6.55455e-13
-6.48351e-13
-6.43079e-13
-6.40477e-13
-6.38408e-13
-6.34414e-13
-6.28959e-13
-6.21065e-13
-6.10905e-13
-5.99789e-13
-5.9121e-13
-5.83299e-13
-5.77915e-13
-5.71975e-13
-5.64481e-13
-5.55009e-13
-5.46029e-13
-5.41025e-13
-5.36899e-13
-5.28025e-13
-5.21437e-13
-5.12357e-13
-5.02163e-13
-4.91924e-13
-4.85446e-13
-4.77275e-13
-4.674e-13
-4.5891e-13
-4.51308e-13
-4.44519e-13
-4.39022e-13
-4.30987e-13
-4.18947e-13
-4.11868e-13
-4.05733e-13
-3.98435e-13
-3.8789e-13
-3.79969e-13
-3.73763e-13
-3.66885e-13
-3.60677e-13
-3.53696e-13
-3.44749e-13
-3.36813e-13
-3.2884e-13
-3.23216e-13
-3.16574e-13
-3.09786e-13
-3.03213e-13
-2.98793e-13
-2.93064e-13
-2.85517e-13
-2.78866e-13
-2.71571e-13
-2.6256e-13
-2.53499e-13
-2.47752e-13
-2.40768e-13
-2.33513e-13
-2.26014e-13
-2.18247e-13
-2.13769e-13
-2.05639e-13
-1.96348e-13
-1.85985e-13
-1.79465e-13
-1.74666e-13
-1.6668e-13
-1.60192e-13
-1.52086e-13
-1.44967e-13
-1.35114e-13
-1.23752e-13
-1.14538e-13
-1.07325e-13
-1.00589e-13
-9.65732e-14
-9.02926e-14
-8.34689e-14
-7.6607e-14
-6.87676e-14
-6.24055e-14
-5.50529e-14
-4.88455e-14
-4.08475e-14
-3.33869e-14
-2.63886e-14
-1.74768e-14
-8.88083e-15
-4.72674e-16
-6.781e-13
-6.78109e-13
-6.78591e-13
-6.75473e-13
-6.73466e-13
-6.74167e-13
-6.74025e-13
-6.71176e-13
-6.65916e-13
-6.57366e-13
-6.51118e-13
-6.45979e-13
-6.4343e-13
-6.4229e-13
-6.39309e-13
-6.33654e-13
-6.26432e-13
-6.22544e-13
-6.16124e-13
-6.02817e-13
-5.91262e-13
-5.80767e-13
-5.75038e-13
-5.68961e-13
-5.6476e-13
-5.58785e-13
-5.49994e-13
-5.43045e-13
-5.36387e-13
-5.28734e-13
-5.21026e-13
-5.12307e-13
-5.02632e-13
-4.91443e-13
-4.83332e-13
-4.76036e-13
-4.6959e-13
-4.59327e-13
-4.53059e-13
-4.4539e-13
-4.36308e-13
-4.26769e-13
-4.17878e-13
-4.12041e-13
-4.07736e-13
-4.02199e-13
-3.9099e-13
-3.81188e-13
-3.73859e-13
-3.65579e-13
-3.59076e-13
-3.53414e-13
-3.4581e-13
-3.37998e-13
-3.2929e-13
-3.22596e-13
-3.16759e-13
-3.09574e-13
-3.03034e-13
-2.99852e-13
-2.95664e-13
-2.8989e-13
-2.83313e-13
-2.72708e-13
-2.60942e-13
-2.49038e-13
-2.41548e-13
-2.36997e-13
-2.32486e-13
-2.29999e-13
-2.24047e-13
-2.14933e-13
-2.0708e-13
-1.97474e-13
-1.86169e-13
-1.78143e-13
-1.72918e-13
-1.65546e-13
-1.60295e-13
-1.51617e-13
-1.44089e-13
-1.35435e-13
-1.25055e-13
-1.16778e-13
-1.0736e-13
-9.93065e-14
-9.48775e-14
-8.84711e-14
-8.28684e-14
-7.56874e-14
-6.76315e-14
-5.89278e-14
-5.22988e-14
-4.72097e-14
-3.81931e-14
-3.02605e-14
-2.33703e-14
-1.62633e-14
-7.36642e-15
-5.77064e-16
-6.76754e-13
-6.76242e-13
-6.75505e-13
-6.76641e-13
-6.76614e-13
-6.72769e-13
-6.71041e-13
-6.68366e-13
-6.64199e-13
-6.60724e-13
-6.52387e-13
-6.45247e-13
-6.44039e-13
-6.44499e-13
-6.39991e-13
-6.35248e-13
-6.26149e-13
-6.20147e-13
-6.14334e-13
-6.039e-13
-5.94444e-13
-5.81595e-13
-5.72919e-13
-5.68331e-13
-5.63607e-13
-5.57558e-13
-5.51346e-13
-5.44284e-13
-5.37768e-13
-5.29185e-13
-5.2049e-13
-5.11367e-13
-5.01892e-13
-4.92649e-13
-4.86251e-13
-4.77929e-13
-4.69024e-13
-4.59206e-13
-4.52846e-13
-4.43949e-13
-4.36852e-13
-4.27095e-13
-4.19037e-13
-4.14307e-13
-4.09075e-13
-4.00997e-13
-3.89121e-13
-3.78547e-13
-3.72099e-13
-3.64953e-13
-3.61129e-13
-3.55216e-13
-3.45036e-13
-3.37781e-13
-3.29352e-13
-3.25219e-13
-3.18743e-13
-3.11598e-13
-3.03358e-13
-2.9575e-13
-2.92097e-13
-2.84502e-13
-2.79978e-13
-2.74445e-13
-2.62773e-13
-2.50968e-13
-2.42911e-13
-2.36551e-13
-2.3247e-13
-2.31887e-13
-2.24659e-13
-2.16602e-13
-2.07323e-13
-1.97296e-13
-1.85092e-13
-1.75299e-13
-1.72636e-13
-1.67598e-13
-1.62601e-13
-1.53748e-13
-1.46165e-13
-1.37706e-13
-1.24658e-13
-1.1465e-13
-1.04224e-13
-9.49525e-14
-9.45635e-14
-9.04397e-14
-8.26567e-14
-7.51047e-14
-6.57756e-14
-5.79548e-14
-5.15712e-14
-4.51081e-14
-3.91785e-14
-3.20123e-14
-2.10395e-14
-1.05316e-14
-1.89791e-15
-1.16654e-15
-6.78128e-13
-6.76789e-13
-6.75482e-13
-6.76132e-13
-6.75386e-13
-6.71508e-13
-6.71775e-13
-6.68984e-13
-6.63595e-13
-6.58771e-13
-6.53241e-13
-6.47399e-13
-6.41158e-13
-6.39099e-13
-6.37595e-13
-6.32343e-13
-6.28303e-13
-6.23716e-13
-6.16108e-13
-6.04326e-13
-5.93595e-13
-5.86591e-13
-5.77669e-13
-5.68991e-13
-5.63525e-13
-5.54198e-13
-5.49262e-13
-5.4457e-13
-5.38715e-13
-5.3066e-13
-5.21366e-13
-5.1145e-13
-5.00905e-13
-4.90799e-13
-4.8469e-13
-4.76717e-13
-4.70173e-13
-4.6155e-13
-4.54821e-13
-4.43737e-13
-4.35469e-13
-4.24871e-13
-4.19027e-13
-4.15755e-13
-4.08325e-13
-4.00792e-13
-3.90118e-13
-3.80486e-13
-3.72889e-13
-3.64302e-13
-3.58776e-13
-3.54073e-13
-3.45789e-13
-3.39872e-13
-3.32586e-13
-3.2437e-13
-3.18048e-13
-3.10794e-13
-3.02767e-13
-2.97035e-13
-2.93728e-13
-2.91657e-13
-2.82847e-13
-2.7259e-13
-2.58289e-13
-2.49808e-13
-2.43414e-13
-2.38315e-13
-2.32087e-13
-2.28187e-13
-2.22054e-13
-2.18662e-13
-2.11907e-13
-2.00474e-13
-1.85052e-13
-1.7174e-13
-1.67537e-13
-1.67462e-13
-1.6339e-13
-1.53878e-13
-1.45271e-13
-1.3615e-13
-1.25639e-13
-1.16559e-13
-1.06487e-13
-9.69816e-14
-9.03797e-14
-8.78779e-14
-8.14071e-14
-7.34422e-14
-6.38367e-14
-5.73152e-14
-5.11227e-14
-4.38111e-14
-3.63293e-14
-3.01113e-14
-1.97187e-14
-1.0477e-14
-3.41116e-15
-9.05663e-16
-6.76434e-13
-6.75655e-13
-6.70398e-13
-6.76686e-13
-6.76365e-13
-6.74349e-13
-6.69106e-13
-6.64706e-13
-6.61273e-13
-6.55679e-13
-6.52311e-13
-6.48725e-13
-6.46789e-13
-6.41896e-13
-6.38645e-13
-6.35018e-13
-6.29785e-13
-6.23913e-13
-6.16425e-13
-6.04424e-13
-5.90061e-13
-5.79232e-13
-5.72588e-13
-5.68892e-13
-5.62722e-13
-5.57289e-13
-5.49989e-13
-5.44537e-13
-5.3939e-13
-5.32643e-13
-5.23347e-13
-5.11443e-13
-5.02229e-13
-4.93897e-13
-4.87645e-13
-4.78087e-13
-4.68172e-13
-4.61578e-13
-4.53902e-13
-4.43483e-13
-4.33683e-13
-4.28015e-13
-4.2169e-13
-4.14937e-13
-4.05679e-13
-3.9595e-13
-3.88028e-13
-3.80419e-13
-3.73699e-13
-3.67169e-13
-3.6042e-13
-3.5451e-13
-3.44577e-13
-3.36549e-13
-3.34559e-13
-3.32501e-13
-3.20047e-13
-3.07506e-13
-2.98938e-13
-2.92867e-13
-2.89745e-13
-2.85941e-13
-2.83249e-13
-2.74993e-13
-2.61573e-13
-2.53745e-13
-2.42077e-13
-2.38945e-13
-2.32591e-13
-2.26956e-13
-2.21418e-13
-2.18936e-13
-2.11902e-13
-1.99474e-13
-1.86279e-13
-1.74411e-13
-1.69146e-13
-1.68918e-13
-1.60176e-13
-1.50767e-13
-1.44066e-13
-1.36242e-13
-1.27559e-13
-1.173e-13
-1.07162e-13
-9.67507e-14
-8.96139e-14
-8.7115e-14
-7.94079e-14
-7.13092e-14
-6.35949e-14
-5.64594e-14
-4.87979e-14
-4.25999e-14
-3.69582e-14
-2.92296e-14
-1.92993e-14
-1.11594e-14
-2.39321e-15
-1.27066e-16
-6.73526e-13
-6.80175e-13
-6.7592e-13
-6.72941e-13
-6.73478e-13
-6.72802e-13
-6.68628e-13
-6.67955e-13
-6.61327e-13
-6.52467e-13
-6.48756e-13
-6.48289e-13
-6.46023e-13
-6.43817e-13
-6.40303e-13
-6.33018e-13
-6.24138e-13
-6.18647e-13
-6.14371e-13
-6.05842e-13
-5.99085e-13
-5.91797e-13
-5.82952e-13
-5.68852e-13
-5.57135e-13
-5.50369e-13
-5.4972e-13
-5.45059e-13
-5.38928e-13
-5.33462e-13
-5.24104e-13
-5.13091e-13
-5.00302e-13
-4.89225e-13
-4.81832e-13
-4.76038e-13
-4.72971e-13
-4.6577e-13
-4.53767e-13
-4.45625e-13
-4.35359e-13
-4.26325e-13
-4.20788e-13
-4.13441e-13
-4.04235e-13
-3.95303e-13
-3.86127e-13
-3.81023e-13
-3.7547e-13
-3.68572e-13
-3.61132e-13
-3.52837e-13
-3.46232e-13
-3.39076e-13
-3.33529e-13
-3.2789e-13
-3.2226e-13
-3.1351e-13
-3.05984e-13
-2.96727e-13
-2.8881e-13
-2.82381e-13
-2.77009e-13
-2.71903e-13
-2.63183e-13
-2.55347e-13
-2.46429e-13
-2.39571e-13
-2.33255e-13
-2.27684e-13
-2.23179e-13
-2.15583e-13
-2.07966e-13
-1.99371e-13
-1.8804e-13
-1.7804e-13
-1.68899e-13
-1.64786e-13
-1.59252e-13
-1.51535e-13
-1.45128e-13
-1.34844e-13
-1.25773e-13
-1.15846e-13
-1.05977e-13
-9.71346e-14
-9.14895e-14
-8.54803e-14
-7.94255e-14
-7.0958e-14
-6.35647e-14
-5.7916e-14
-5.05466e-14
-4.214e-14
-3.39247e-14
-2.54223e-14
-1.82286e-14
-1.2214e-14
-4.51495e-15
-5.79408e-16
-6.72513e-13
-6.75769e-13
-6.76471e-13
-6.73276e-13
-6.73184e-13
-6.7409e-13
-6.66616e-13
-6.59531e-13
-6.56062e-13
-6.54973e-13
-6.53591e-13
-6.51299e-13
-6.48292e-13
-6.4407e-13
-6.39667e-13
-6.33807e-13
-6.28376e-13
-6.24986e-13
-6.17736e-13
-6.04662e-13
-5.90807e-13
-5.78999e-13
-5.73568e-13
-5.66086e-13
-5.62723e-13
-5.58458e-13
-5.52485e-13
-5.43855e-13
-5.37508e-13
-5.33606e-13
-5.26226e-13
-5.15847e-13
-5.03509e-13
-4.89405e-13
-4.79539e-13
-4.75596e-13
-4.73287e-13
-4.66324e-13
-4.57788e-13
-4.46684e-13
-4.34439e-13
-4.24413e-13
-4.15779e-13
-4.10935e-13
-4.04401e-13
-3.9687e-13
-3.89344e-13
-3.81256e-13
-3.75068e-13
-3.73502e-13
-3.66589e-13
-3.52695e-13
-3.4318e-13
-3.35801e-13
-3.30389e-13
-3.26953e-13
-3.22594e-13
-3.13567e-13
-3.02408e-13
-2.94923e-13
-2.90602e-13
-2.85626e-13
-2.79507e-13
-2.72094e-13
-2.60293e-13
-2.51576e-13
-2.44971e-13
-2.41382e-13
-2.35162e-13
-2.27686e-13
-2.21492e-13
-2.15544e-13
-2.08012e-13
-1.97865e-13
-1.88188e-13
-1.75677e-13
-1.67208e-13
-1.64019e-13
-1.61367e-13
-1.55336e-13
-1.47285e-13
-1.36629e-13
-1.24875e-13
-1.13767e-13
-1.0514e-13
-9.70137e-14
-9.10413e-14
-8.41861e-14
-7.70038e-14
-6.98104e-14
-6.33081e-14
-5.71721e-14
-5.067e-14
-4.18075e-14
-3.28578e-14
-2.38712e-14
-1.58186e-14
-9.59313e-15
-3.78421e-15
-7.24741e-16
-6.71278e-13
-6.76565e-13
-6.76838e-13
-6.74299e-13
-6.7186e-13
-6.74899e-13
-6.72631e-13
-6.63616e-13
-6.51209e-13
-6.49247e-13
-6.48869e-13
-6.498e-13
-6.4851e-13
-6.47323e-13
-6.41867e-13
-6.34339e-13
-6.26665e-13
-6.21102e-13
-6.11181e-13
-6.0364e-13
-5.97566e-13
-5.86291e-13
-5.7555e-13
-5.64529e-13
-5.62477e-13
-5.58899e-13
-5.54146e-13
-5.46885e-13
-5.38931e-13
-5.32477e-13
-5.23846e-13
-5.12791e-13
-5.02628e-13
-4.89373e-13
-4.78323e-13
-4.7492e-13
-4.72772e-13
-4.66807e-13
-4.57638e-13
-4.47484e-13
-4.32841e-13
-4.22451e-13
-4.18102e-13
-4.12873e-13
-4.0514e-13
-3.96149e-13
-3.91044e-13
-3.84876e-13
-3.76011e-13
-3.66156e-13
-3.59894e-13
-3.54039e-13
-3.46294e-13
-3.3532e-13
-3.33755e-13
-3.297e-13
-3.2116e-13
-3.14856e-13
-3.0807e-13
-2.97343e-13
-2.8958e-13
-2.83864e-13
-2.76075e-13
-2.69507e-13
-2.60187e-13
-2.5301e-13
-2.44175e-13
-2.39435e-13
-2.32419e-13
-2.29363e-13
-2.23124e-13
-2.17445e-13
-2.10345e-13
-1.98007e-13
-1.85702e-13
-1.75069e-13
-1.69142e-13
-1.63207e-13
-1.58707e-13
-1.52949e-13
-1.46314e-13
-1.37312e-13
-1.25404e-13
-1.13677e-13
-1.06507e-13
-9.78472e-14
-9.07345e-14
-8.46002e-14
-7.78579e-14
-6.85842e-14
-6.14424e-14
-5.48951e-14
-4.73434e-14
-3.91175e-14
-3.2168e-14
-2.70122e-14
-1.51328e-14
-6.83838e-15
-1.3126e-15
-3.52542e-16
-6.75286e-13
-6.74784e-13
-6.71799e-13
-6.68684e-13
-6.70527e-13
-6.67127e-13
-6.645e-13
-6.64983e-13
-6.62914e-13
-6.57432e-13
-6.54891e-13
-6.49012e-13
-6.44416e-13
-6.43513e-13
-6.40352e-13
-6.35682e-13
-6.28691e-13
-6.25031e-13
-6.167e-13
-6.03554e-13
-5.88738e-13
-5.79097e-13
-5.72834e-13
-5.69886e-13
-5.63141e-13
-5.58844e-13
-5.54213e-13
-5.46461e-13
-5.39403e-13
-5.31827e-13
-5.24255e-13
-5.12662e-13
-5.01388e-13
-4.89452e-13
-4.80738e-13
-4.76847e-13
-4.74924e-13
-4.66796e-13
-4.5605e-13
-4.46738e-13
-4.33619e-13
-4.21482e-13
-4.16898e-13
-4.11996e-13
-4.07251e-13
-3.969e-13
-3.87903e-13
-3.8407e-13
-3.78366e-13
-3.6862e-13
-3.59608e-13
-3.54328e-13
-3.47861e-13
-3.37756e-13
-3.30689e-13
-3.26661e-13
-3.19534e-13
-3.14058e-13
-3.08789e-13
-3.00796e-13
-2.90801e-13
-2.84365e-13
-2.76263e-13
-2.69529e-13
-2.62756e-13
-2.53868e-13
-2.44139e-13
-2.35121e-13
-2.3028e-13
-2.30073e-13
-2.22177e-13
-2.16234e-13
-2.09277e-13
-1.98435e-13
-1.87933e-13
-1.77427e-13
-1.66909e-13
-1.60112e-13
-1.58183e-13
-1.55501e-13
-1.48565e-13
-1.35407e-13
-1.24397e-13
-1.11724e-13
-1.05811e-13
-9.93982e-14
-9.26177e-14
-8.32714e-14
-7.46535e-14
-6.78724e-14
-6.10249e-14
-5.34957e-14
-4.79851e-14
-3.97964e-14
-3.20103e-14
-2.38408e-14
-1.53594e-14
-7.86599e-15
-1.08377e-15
9.29312e-16
-6.74459e-13
-6.73919e-13
-6.71415e-13
-6.69677e-13
-6.74502e-13
-6.72338e-13
-6.64575e-13
-6.59703e-13
-6.56848e-13
-6.55181e-13
-6.54281e-13
-6.5382e-13
-6.45556e-13
-6.39558e-13
-6.37464e-13
-6.3329e-13
-6.3038e-13
-6.2422e-13
-6.15348e-13
-6.02151e-13
-5.91009e-13
-5.80391e-13
-5.72005e-13
-5.70077e-13
-5.67728e-13
-5.5881e-13
-5.52002e-13
-5.46459e-13
-5.42408e-13
-5.33608e-13
-5.25581e-13
-5.13187e-13
-5.00787e-13
-4.89002e-13
-4.78468e-13
-4.75491e-13
-4.71087e-13
-4.66733e-13
-4.59273e-13
-4.48912e-13
-4.3572e-13
-4.25301e-13
-4.1728e-13
-4.0778e-13
-4.05122e-13
-3.97845e-13
-3.90611e-13
-3.81193e-13
-3.74537e-13
-3.69329e-13
-3.60386e-13
-3.54097e-13
-3.47555e-13
-3.38897e-13
-3.34927e-13
-3.29609e-13
-3.18826e-13
-3.10047e-13
-3.06614e-13
-2.99801e-13
-2.92054e-13
-2.83755e-13
-2.78014e-13
-2.71793e-13
-2.63103e-13
-2.52143e-13
-2.45127e-13
-2.35652e-13
-2.277e-13
-2.25884e-13
-2.22101e-13
-2.16615e-13
-2.10368e-13
-1.98739e-13
-1.8756e-13
-1.773e-13
-1.68161e-13
-1.61084e-13
-1.59291e-13
-1.5462e-13
-1.46727e-13
-1.35958e-13
-1.25021e-13
-1.12886e-13
-1.04599e-13
-9.5199e-14
-8.90397e-14
-8.46622e-14
-7.7855e-14
-6.78356e-14
-5.9959e-14
-5.21859e-14
-4.56233e-14
-3.84327e-14
-3.06843e-14
-2.42931e-14
-1.64005e-14
-6.91399e-15
-6.56805e-16
-7.15364e-16
-6.70586e-13
-6.72677e-13
-6.72652e-13
-6.71246e-13
-6.70462e-13
-6.66117e-13
-6.63598e-13
-6.61442e-13
-6.60342e-13
-6.58418e-13
-6.55017e-13
-6.52489e-13
-6.47682e-13
-6.41215e-13
-6.3648e-13
-6.3119e-13
-6.2876e-13
-6.22673e-13
-6.13169e-13
-6.03763e-13
-5.91586e-13
-5.80848e-13
-5.75408e-13
-5.70293e-13
-5.62635e-13
-5.57401e-13
-5.54404e-13
-5.4932e-13
-5.41731e-13
-5.31493e-13
-5.22498e-13
-5.1232e-13
-5.00537e-13
-4.90268e-13
-4.80952e-13
-4.78722e-13
-4.75695e-13
-4.67021e-13
-4.55948e-13
-4.43405e-13
-4.33938e-13
-4.27676e-13
-4.1878e-13
-4.08796e-13
-4.0325e-13
-3.94911e-13
-3.91729e-13
-3.88968e-13
-3.79107e-13
-3.66783e-13
-3.58321e-13
-3.55028e-13
-3.48639e-13
-3.38347e-13
-3.3326e-13
-3.28169e-13
-3.21434e-13
-3.12326e-13
-3.05485e-13
-2.98109e-13
-2.94486e-13
-2.86651e-13
-2.78232e-13
-2.70722e-13
-2.60437e-13
-2.51771e-13
-2.43791e-13
-2.36946e-13
-2.29002e-13
-2.23987e-13
-2.19119e-13
-2.17465e-13
-2.11517e-13
-1.9894e-13
-1.87557e-13
-1.77142e-13
-1.69676e-13
-1.63271e-13
-1.56014e-13
-1.47791e-13
-1.47311e-13
-1.40638e-13
-1.25559e-13
-1.13077e-13
-1.03305e-13
-9.3571e-14
-8.73441e-14
-8.33943e-14
-7.71169e-14
-6.76358e-14
-5.91637e-14
-5.31521e-14
-4.55556e-14
-3.7412e-14
-3.20649e-14
-2.28985e-14
-1.42064e-14
-5.91097e-15
6.35345e-17
-1.25923e-15
-6.74732e-13
-6.7315e-13
-6.71658e-13
-6.69537e-13
-6.6606e-13
-6.64547e-13
-6.62371e-13
-6.62342e-13
-6.61139e-13
-6.58766e-13
-6.53801e-13
-6.51493e-13
-6.47655e-13
-6.42886e-13
-6.37354e-13
-6.30294e-13
-6.23045e-13
-6.1771e-13
-6.13156e-13
-6.06644e-13
-5.93705e-13
-5.83693e-13
-5.7622e-13
-5.68791e-13
-5.63442e-13
-5.58796e-13
-5.54632e-13
-5.50209e-13
-5.40362e-13
-5.32831e-13
-5.23336e-13
-5.11399e-13
-5.00135e-13
-4.88507e-13
-4.82837e-13
-4.78434e-13
-4.73515e-13
-4.66018e-13
-4.55535e-13
-4.44995e-13
-4.34447e-13
-4.25059e-13
-4.19121e-13
-4.1204e-13
-4.05991e-13
-3.98575e-13
-3.8973e-13
-3.82438e-13
-3.77816e-13
-3.70025e-13
-3.63267e-13
-3.55086e-13
-3.46937e-13
-3.39002e-13
-3.32784e-13
-3.24934e-13
-3.21002e-13
-3.14185e-13
-3.06263e-13
-2.98896e-13
-2.94917e-13
-2.8815e-13
-2.78598e-13
-2.69411e-13
-2.61241e-13
-2.52811e-13
-2.4353e-13
-2.35674e-13
-2.29146e-13
-2.24074e-13
-2.20353e-13
-2.18182e-13
-2.10677e-13
-1.97362e-13
-1.87061e-13
-1.77168e-13
-1.68929e-13
-1.61851e-13
-1.57466e-13
-1.51627e-13
-1.44237e-13
-1.36424e-13
-1.25655e-13
-1.14939e-13
-1.06514e-13
-9.46983e-14
-8.66211e-14
-8.09189e-14
-7.62237e-14
-6.53325e-14
-5.71898e-14
-5.24844e-14
-4.78258e-14
-3.77876e-14
-2.8582e-14
-2.21217e-14
-1.50609e-14
-4.65245e-15
-1.15093e-15
-1.58973e-15
-6.76239e-13
-6.7224e-13
-6.68182e-13
-6.68315e-13
-6.63157e-13
-6.63617e-13
-6.6253e-13
-6.63203e-13
-6.62963e-13
-6.57095e-13
-6.53448e-13
-6.52192e-13
-6.50431e-13
-6.44163e-13
-6.37108e-13
-6.31814e-13
-6.26254e-13
-6.18143e-13
-6.11362e-13
-6.01397e-13
-5.93859e-13
-5.8442e-13
-5.7387e-13
-5.67079e-13
-5.6242e-13
-5.61523e-13
-5.55127e-13
-5.48988e-13
-5.39936e-13
-5.32455e-13
-5.23431e-13
-5.13057e-13
-4.99998e-13
-4.90462e-13
-4.81446e-13
-4.76051e-13
-4.72437e-13
-4.6594e-13
-4.55849e-13
-4.45104e-13
-4.36884e-13
-4.26991e-13
-4.17691e-13
-4.10667e-13
-4.04577e-13
-3.97718e-13
-3.9034e-13
-3.84787e-13
-3.7954e-13
-3.71156e-13
-3.61157e-13
-3.52091e-13
-3.46529e-13
-3.40731e-13
-3.3466e-13
-3.28712e-13
-3.21363e-13
-3.13234e-13
-3.08106e-13
-3.02387e-13
-2.96261e-13
-2.87231e-13
-2.7604e-13
-2.68373e-13
-2.60091e-13
-2.51728e-13
-2.42724e-13
-2.36548e-13
-2.29196e-13
-2.26625e-13
-2.21534e-13
-2.15224e-13
-2.0588e-13
-1.95947e-13
-1.86022e-13
-1.75846e-13
-1.71198e-13
-1.66654e-13
-1.57906e-13
-1.49342e-13
-1.42164e-13
-1.34477e-13
-1.247e-13
-1.14031e-13
-1.03175e-13
-9.19678e-14
-8.68692e-14
-8.22603e-14
-7.48727e-14
-6.88116e-14
-6.22727e-14
-5.19405e-14
-4.37731e-14
-3.62604e-14
-2.84452e-14
-2.01915e-14
-1.30326e-14
-7.91641e-15
-3.82665e-15
-2.16691e-15
-6.74408e-13
-6.70724e-13
-6.69264e-13
-6.67253e-13
-6.65731e-13
-6.63302e-13
-6.60093e-13
-6.62533e-13
-6.62534e-13
-6.59405e-13
-6.54591e-13
-6.50618e-13
-6.50095e-13
-6.42859e-13
-6.35006e-13
-6.27929e-13
-6.21779e-13
-6.17789e-13
-6.11819e-13
-6.03261e-13
-5.95105e-13
-5.85928e-13
-5.7594e-13
-5.69681e-13
-5.65496e-13
-5.59321e-13
-5.52898e-13
-5.45418e-13
-5.37237e-13
-5.32091e-13
-5.23693e-13
-5.16724e-13
-5.05841e-13
-4.9486e-13
-4.80268e-13
-4.73821e-13
-4.6989e-13
-4.6405e-13
-4.54614e-13
-4.44646e-13
-4.37984e-13
-4.2728e-13
-4.19506e-13
-4.09561e-13
-4.04994e-13
-3.98316e-13
-3.93345e-13
-3.85673e-13
-3.76602e-13
-3.66146e-13
-3.60354e-13
-3.56641e-13
-3.49007e-13
-3.37939e-13
-3.31432e-13
-3.25234e-13
-3.18263e-13
-3.15713e-13
-3.08474e-13
-3.0466e-13
-3.02469e-13
-2.85927e-13
-2.74727e-13
-2.69373e-13
-2.62525e-13
-2.5308e-13
-2.44425e-13
-2.3767e-13
-2.27621e-13
-2.22816e-13
-2.188e-13
-2.16543e-13
-2.09054e-13
-1.97606e-13
-1.8413e-13
-1.7301e-13
-1.70473e-13
-1.65517e-13
-1.57321e-13
-1.50723e-13
-1.43116e-13
-1.34634e-13
-1.23498e-13
-1.13187e-13
-1.04151e-13
-9.33497e-14
-8.60377e-14
-8.15708e-14
-7.52572e-14
-6.50987e-14
-5.81773e-14
-5.16354e-14
-4.3994e-14
-3.63038e-14
-3.06634e-14
-2.4131e-14
-1.32852e-14
-5.95371e-15
-5.85387e-16
-9.70996e-16
-6.70271e-13
-6.71871e-13
-6.71783e-13
-6.66779e-13
-6.63554e-13
-6.63927e-13
-6.62876e-13
-6.59625e-13
-6.60792e-13
-6.58396e-13
-6.56123e-13
-6.53494e-13
-6.48462e-13
-6.41601e-13
-6.35577e-13
-6.3019e-13
-6.27041e-13
-6.2205e-13
-6.13515e-13
-6.01938e-13
-5.89152e-13
-5.78461e-13
-5.73576e-13
-5.71773e-13
-5.67027e-13
-5.5914e-13
-5.5046e-13
-5.45052e-13
-5.36754e-13
-5.32742e-13
-5.26081e-13
-5.14609e-13
-5.02865e-13
-4.93943e-13
-4.85043e-13
-4.78046e-13
-4.71112e-13
-4.62935e-13
-4.54656e-13
-4.45852e-13
-4.36183e-13
-4.26719e-13
-4.16927e-13
-4.11272e-13
-4.08399e-13
-3.99857e-13
-3.91593e-13
-3.81779e-13
-3.77696e-13
-3.70841e-13
-3.60238e-13
-3.55398e-13
-3.48136e-13
-3.39915e-13
-3.33816e-13
-3.23293e-13
-3.1417e-13
-3.14375e-13
-3.14295e-13
-3.05832e-13
-2.9688e-13
-2.87402e-13
-2.77408e-13
-2.70665e-13
-2.61137e-13
-2.50903e-13
-2.42688e-13
-2.36104e-13
-2.31322e-13
-2.25352e-13
-2.18763e-13
-2.11939e-13
-2.05303e-13
-1.94227e-13
-1.84787e-13
-1.75649e-13
-1.6869e-13
-1.65949e-13
-1.61729e-13
-1.51088e-13
-1.40814e-13
-1.30326e-13
-1.21553e-13
-1.09834e-13
-1.01683e-13
-9.53549e-14
-8.58063e-14
-8.04051e-14
-7.30729e-14
-6.46965e-14
-6.05922e-14
-5.33533e-14
-4.54727e-14
-3.80555e-14
-3.03183e-14
-2.24956e-14
-1.55123e-14
-6.22107e-15
-1.63476e-15
-7.03161e-16
-6.74286e-13
-6.6837e-13
-6.66169e-13
-6.6217e-13
-6.64565e-13
-6.65769e-13
-6.67117e-13
-6.65988e-13
-6.62323e-13
-6.56665e-13
-6.52739e-13
-6.49861e-13
-6.45397e-13
-6.42589e-13
-6.38634e-13
-6.30009e-13
-6.22842e-13
-6.14127e-13
-6.08295e-13
-6.03257e-13
-5.95195e-13
-5.83816e-13
-5.76671e-13
-5.70622e-13
-5.64836e-13
-5.60703e-13
-5.5559e-13
-5.46706e-13
-5.3765e-13
-5.30895e-13
-5.22642e-13
-5.15426e-13
-5.04699e-13
-4.95008e-13
-4.84538e-13
-4.76744e-13
-4.70701e-13
-4.61199e-13
-4.52504e-13
-4.4356e-13
-4.36605e-13
-4.28334e-13
-4.20815e-13
-4.11212e-13
-4.06425e-13
-3.98113e-13
-3.90555e-13
-3.8648e-13
-3.7868e-13
-3.70016e-13
-3.58985e-13
-3.5308e-13
-3.45873e-13
-3.37188e-13
-3.31244e-13
-3.27547e-13
-3.20565e-13
-3.17211e-13
-3.11029e-13
-3.01607e-13
-2.9982e-13
-2.89934e-13
-2.79525e-13
-2.70522e-13
-2.60938e-13
-2.50449e-13
-2.44645e-13
-2.38487e-13
-2.32736e-13
-2.27213e-13
-2.19316e-13
-2.09127e-13
-2.0232e-13
-1.93161e-13
-1.85828e-13
-1.75851e-13
-1.69474e-13
-1.6337e-13
-1.57247e-13
-1.50977e-13
-1.40036e-13
-1.30334e-13
-1.2068e-13
-1.11242e-13
-1.03794e-13
-9.5786e-14
-8.70733e-14
-7.80978e-14
-7.14163e-14
-6.54404e-14
-5.84695e-14
-5.18997e-14
-4.53756e-14
-3.98565e-14
-3.17985e-14
-2.3659e-14
-1.59437e-14
-7.11839e-15
-1.1095e-15
-2.06877e-16
-6.72247e-13
-6.68586e-13
-6.6821e-13
-6.6448e-13
-6.63714e-13
-6.64655e-13
-6.62928e-13
-6.59744e-13
-6.60226e-13
-6.60785e-13
-6.56907e-13
-6.50906e-13
-6.44415e-13
-6.44649e-13
-6.35851e-13
-6.30152e-13
-6.22828e-13
-6.16809e-13
-6.11736e-13
-6.05497e-13
-5.92303e-13
-5.81739e-13
-5.74677e-13
-5.6962e-13
-5.64147e-13
-5.60665e-13
-5.54148e-13
-5.45217e-13
-5.3621e-13
-5.29915e-13
-5.23911e-13
-5.1632e-13
-5.06593e-13
-4.96031e-13
-4.86082e-13
-4.77612e-13
-4.69577e-13
-4.60992e-13
-4.51731e-13
-4.42743e-13
-4.37165e-13
-4.27828e-13
-4.20925e-13
-4.11722e-13
-4.05756e-13
-4.00614e-13
-3.92195e-13
-3.83118e-13
-3.77515e-13
-3.69442e-13
-3.58798e-13
-3.53036e-13
-3.45353e-13
-3.40201e-13
-3.37562e-13
-3.28585e-13
-3.18628e-13
-3.14268e-13
-3.09658e-13
-3.02165e-13
-2.98312e-13
-2.89992e-13
-2.78422e-13
-2.69466e-13
-2.59712e-13
-2.52455e-13
-2.42368e-13
-2.3486e-13
-2.3011e-13
-2.27385e-13
-2.19736e-13
-2.10832e-13
-2.03382e-13
-1.9327e-13
-1.83833e-13
-1.74961e-13
-1.70541e-13
-1.65264e-13
-1.56975e-13
-1.49779e-13
-1.39226e-13
-1.29322e-13
-1.18509e-13
-1.11158e-13
-1.02742e-13
-9.17554e-14
-8.39252e-14
-7.96339e-14
-7.63912e-14
-6.62549e-14
-5.59775e-14
-4.90191e-14
-4.52267e-14
-3.67543e-14
-3.28502e-14
-2.5647e-14
-1.36484e-14
-5.45895e-15
-2.73638e-16
-2.1439e-16
-6.66958e-13
-6.68542e-13
-6.66726e-13
-6.66828e-13
-6.6826e-13
-6.66177e-13
-6.62469e-13
-6.63074e-13
-6.62066e-13
-6.58478e-13
-6.5269e-13
-6.4705e-13
-6.42507e-13
-6.40889e-13
-6.39615e-13
-6.32332e-13
-6.23533e-13
-6.18426e-13
-6.09141e-13
-6.01483e-13
-5.93639e-13
-5.84613e-13
-5.75261e-13
-5.67792e-13
-5.61667e-13
-5.58258e-13
-5.52885e-13
-5.47367e-13
-5.40988e-13
-5.34582e-13
-5.22667e-13
-5.10513e-13
-5.02862e-13
-4.9543e-13
-4.89835e-13
-4.80972e-13
-4.73382e-13
-4.63836e-13
-4.53564e-13
-4.42543e-13
-4.34165e-13
-4.26566e-13
-4.18394e-13
-4.1284e-13
-4.06487e-13
-3.99648e-13
-3.93124e-13
-3.84988e-13
-3.77078e-13
-3.68962e-13
-3.60393e-13
-3.49847e-13
-3.45405e-13
-3.40305e-13
-3.36861e-13
-3.28407e-13
-3.18939e-13
-3.14317e-13
-3.0918e-13
-3.02358e-13
-2.95262e-13
-2.894e-13
-2.80718e-13
-2.72052e-13
-2.63557e-13
-2.51627e-13
-2.41894e-13
-2.35514e-13
-2.29302e-13
-2.25015e-13
-2.18939e-13
-2.11152e-13
-2.01558e-13
-1.93386e-13
-1.84455e-13
-1.75745e-13
-1.66647e-13
-1.61133e-13
-1.59755e-13
-1.51021e-13
-1.39318e-13
-1.29958e-13
-1.15762e-13
-1.10286e-13
-1.05358e-13
-9.46704e-14
-8.69755e-14
-7.90425e-14
-7.26227e-14
-6.4099e-14
-5.61632e-14
-5.05106e-14
-4.54611e-14
-3.79427e-14
-3.16078e-14
-2.39621e-14
-1.66655e-14
-7.99278e-15
-1.55465e-15
-7.76681e-17
-6.66959e-13
-6.69585e-13
-6.69355e-13
-6.68255e-13
-6.65727e-13
-6.61576e-13
-6.58732e-13
-6.62194e-13
-6.64722e-13
-6.58716e-13
-6.53734e-13
-6.47902e-13
-6.44049e-13
-6.41393e-13
-6.37037e-13
-6.29688e-13
-6.21764e-13
-6.19615e-13
-6.12668e-13
-6.02973e-13
-5.94157e-13
-5.84962e-13
-5.77227e-13
-5.69138e-13
-5.62864e-13
-5.5782e-13
-5.51814e-13
-5.46052e-13
-5.40351e-13
-5.3041e-13
-5.20645e-13
-5.15137e-13
-5.08978e-13
-4.97301e-13
-4.86712e-13
-4.76983e-13
-4.70591e-13
-4.62055e-13
-4.53359e-13
-4.4389e-13
-4.32286e-13
-4.2615e-13
-4.20342e-13
-4.1523e-13
-4.08513e-13
-4.00438e-13
-3.93265e-13
-3.85496e-13
-3.74631e-13
-3.66706e-13
-3.59767e-13
-3.51759e-13
-3.45495e-13
-3.40979e-13
-3.3769e-13
-3.30891e-13
-3.21788e-13
-3.13346e-13
-3.06114e-13
-3.02901e-13
-2.96054e-13
-2.87418e-13
-2.77107e-13
-2.69618e-13
-2.63205e-13
-2.5495e-13
-2.47129e-13
-2.37513e-13
-2.29727e-13
-2.21056e-13
-2.16412e-13
-2.1219e-13
-2.03498e-13
-1.93411e-13
-1.84705e-13
-1.77616e-13
-1.67872e-13
-1.60422e-13
-1.54181e-13
-1.46631e-13
-1.38047e-13
-1.28478e-13
-1.18727e-13
-1.11233e-13
-1.04368e-13
-9.57329e-14
-8.59637e-14
-7.56443e-14
-6.99826e-14
-6.28888e-14
-5.63024e-14
-4.98324e-14
-4.58602e-14
-4.00239e-14
-3.15001e-14
-2.3105e-14
-1.58304e-14
-8.99691e-15
-3.26286e-15
2.91956e-16
-6.67903e-13
-6.66759e-13
-6.65768e-13
-6.67388e-13
-6.68972e-13
-6.65416e-13
-6.6325e-13
-6.62296e-13
-6.60153e-13
-6.56898e-13
-6.52908e-13
-6.48971e-13
-6.43783e-13
-6.38308e-13
-6.3612e-13
-6.35496e-13
-6.28984e-13
-6.19178e-13
-6.10141e-13
-6.02294e-13
-5.92083e-13
-5.81824e-13
-5.74827e-13
-5.67311e-13
-5.62436e-13
-5.5702e-13
-5.52364e-13
-5.47344e-13
-5.40008e-13
-5.30625e-13
-5.21452e-13
-5.16874e-13
-5.05546e-13
-4.95969e-13
-4.87917e-13
-4.79485e-13
-4.72892e-13
-4.63171e-13
-4.53134e-13
-4.42141e-13
-4.33858e-13
-4.27452e-13
-4.21506e-13
-4.16218e-13
-4.07442e-13
-3.99808e-13
-3.93918e-13
-3.8539e-13
-3.73945e-13
-3.65401e-13
-3.57858e-13
-3.51169e-13
-3.47869e-13
-3.42721e-13
-3.35983e-13
-3.28512e-13
-3.21555e-13
-3.13496e-13
-3.06165e-13
-3.00988e-13
-2.9633e-13
-2.87171e-13
-2.77623e-13
-2.69234e-13
-2.62119e-13
-2.53805e-13
-2.43644e-13
-2.36007e-13
-2.30547e-13
-2.24735e-13
-2.20531e-13
-2.1294e-13
-2.03403e-13
-1.93146e-13
-1.8297e-13
-1.73611e-13
-1.66232e-13
-1.61198e-13
-1.53948e-13
-1.47239e-13
-1.38242e-13
-1.28469e-13
-1.18918e-13
-1.12508e-13
-1.06317e-13
-9.70878e-14
-8.72117e-14
-7.74717e-14
-7.04558e-14
-6.17118e-14
-5.32989e-14
-4.73111e-14
-4.24486e-14
-3.93003e-14
-3.35833e-14
-2.62065e-14
-1.56872e-14
-5.35905e-15
-1.47659e-16
4.1662e-16
-6.6668e-13
-6.68849e-13
-6.72148e-13
-6.6709e-13
-6.6489e-13
-6.61847e-13
-6.58874e-13
-6.6024e-13
-6.60934e-13
-6.622e-13
-6.57361e-13
-6.49641e-13
-6.42359e-13
-6.36668e-13
-6.32063e-13
-6.30495e-13
-6.31119e-13
-6.22938e-13
-6.12031e-13
-6.03169e-13
-5.91642e-13
-5.80974e-13
-5.7399e-13
-5.66582e-13
-5.61317e-13
-5.58429e-13
-5.54486e-13
-5.48067e-13
-5.40902e-13
-5.32026e-13
-5.24907e-13
-5.18049e-13
-5.0677e-13
-4.93859e-13
-4.83483e-13
-4.7614e-13
-4.70038e-13
-4.61718e-13
-4.53205e-13
-4.43118e-13
-4.34932e-13
-4.29161e-13
-4.22685e-13
-4.15721e-13
-4.08116e-13
-3.99867e-13
-3.91574e-13
-3.83341e-13
-3.76188e-13
-3.66631e-13
-3.5896e-13
-3.52756e-13
-3.44114e-13
-3.37846e-13
-3.34148e-13
-3.3053e-13
-3.2258e-13
-3.14986e-13
-3.0628e-13
-2.99406e-13
-2.9677e-13
-2.88349e-13
-2.78742e-13
-2.71017e-13
-2.62666e-13
-2.52024e-13
-2.43276e-13
-2.38344e-13
-2.30227e-13
-2.23839e-13
-2.19159e-13
-2.11383e-13
-2.05431e-13
-1.95174e-13
-1.80625e-13
-1.68847e-13
-1.65157e-13
-1.62327e-13
-1.56383e-13
-1.46376e-13
-1.36955e-13
-1.30272e-13
-1.20972e-13
-1.13636e-13
-1.06909e-13
-9.38285e-14
-8.30231e-14
-7.78144e-14
-7.0562e-14
-6.2693e-14
-5.33563e-14
-4.57106e-14
-3.98493e-14
-3.60275e-14
-3.3482e-14
-2.86104e-14
-1.75979e-14
-5.01502e-15
1.478e-15
5.30608e-16
-6.66768e-13
-6.66575e-13
-6.68753e-13
-6.68482e-13
-6.67163e-13
-6.63158e-13
-6.62243e-13
-6.61311e-13
-6.60794e-13
-6.54848e-13
-6.49983e-13
-6.46442e-13
-6.45356e-13
-6.41625e-13
-6.3885e-13
-6.35725e-13
-6.29053e-13
-6.19476e-13
-6.12157e-13
-6.01631e-13
-5.90457e-13
-5.79401e-13
-5.73245e-13
-5.6868e-13
-5.62066e-13
-5.55565e-13
-5.53568e-13
-5.46253e-13
-5.35956e-13
-5.29552e-13
-5.26557e-13
-5.19075e-13
-5.10989e-13
-4.99058e-13
-4.84296e-13
-4.73462e-13
-4.67862e-13
-4.61472e-13
-4.53028e-13
-4.44026e-13
-4.36349e-13
-4.28399e-13
-4.22519e-13
-4.17301e-13
-4.10502e-13
-4.03511e-13
-3.9226e-13
-3.8113e-13
-3.73024e-13
-3.63787e-13
-3.57149e-13
-3.53509e-13
-3.4654e-13
-3.3968e-13
-3.34312e-13
-3.28963e-13
-3.19528e-13
-3.12939e-13
-3.058e-13
-2.99806e-13
-2.96398e-13
-2.87503e-13
-2.77699e-13
-2.7083e-13
-2.61895e-13
-2.51255e-13
-2.43735e-13
-2.36124e-13
-2.28599e-13
-2.27371e-13
-2.23993e-13
-2.13893e-13
-2.0506e-13
-1.93093e-13
-1.79609e-13
-1.68243e-13
-1.63173e-13
-1.62681e-13
-1.54966e-13
-1.46386e-13
-1.38307e-13
-1.30026e-13
-1.20056e-13
-1.12041e-13
-1.05914e-13
-9.52083e-14
-8.24965e-14
-7.70537e-14
-7.1335e-14
-6.37349e-14
-5.45271e-14
-4.48103e-14
-3.97656e-14
-3.75896e-14
-3.58917e-14
-2.87555e-14
-1.53596e-14
-5.89241e-15
-2.21238e-16
7.05136e-16
-6.6867e-13
-6.68439e-13
-6.69647e-13
-6.65823e-13
-6.6357e-13
-6.64141e-13
-6.63602e-13
-6.61792e-13
-6.59124e-13
-6.54937e-13
-6.49457e-13
-6.4687e-13
-6.44135e-13
-6.41713e-13
-6.39354e-13
-6.3378e-13
-6.28141e-13
-6.20268e-13
-6.10993e-13
-6.01987e-13
-5.87599e-13
-5.79493e-13
-5.76424e-13
-5.69328e-13
-5.63669e-13
-5.57705e-13
-5.52533e-13
-5.48665e-13
-5.4225e-13
-5.33976e-13
-5.25916e-13
-5.16806e-13
-5.06715e-13
-4.93549e-13
-4.81309e-13
-4.72668e-13
-4.68593e-13
-4.62326e-13
-4.55308e-13
-4.45726e-13
-4.36163e-13
-4.31649e-13
-4.23863e-13
-4.1512e-13
-4.08674e-13
-4.00926e-13
-3.91512e-13
-3.80217e-13
-3.73014e-13
-3.6628e-13
-3.58505e-13
-3.53197e-13
-3.48267e-13
-3.38808e-13
-3.32826e-13
-3.28222e-13
-3.19564e-13
-3.12358e-13
-3.05617e-13
-3.00057e-13
-2.94593e-13
-2.87466e-13
-2.78691e-13
-2.72345e-13
-2.62801e-13
-2.52252e-13
-2.45031e-13
-2.39437e-13
-2.30833e-13
-2.21348e-13
-2.17326e-13
-2.11214e-13
-2.03577e-13
-1.92082e-13
-1.80092e-13
-1.69621e-13
-1.65664e-13
-1.6161e-13
-1.54453e-13
-1.47176e-13
-1.38519e-13
-1.28756e-13
-1.19565e-13
-1.12058e-13
-1.06251e-13
-9.53563e-14
-8.32859e-14
-7.76233e-14
-6.90286e-14
-6.01577e-14
-5.39665e-14
-4.72852e-14
-4.16883e-14
-3.78395e-14
-3.43828e-14
-2.66142e-14
-1.76209e-14
-8.09631e-15
-1.50623e-15
9.1662e-17
-6.6305e-13
-6.7057e-13
-6.70536e-13
-6.69091e-13
-6.66758e-13
-6.64877e-13
-6.64647e-13
-6.62147e-13
-6.59139e-13
-6.54386e-13
-6.46276e-13
-6.41566e-13
-6.40464e-13
-6.39128e-13
-6.38209e-13
-6.34096e-13
-6.29913e-13
-6.21654e-13
-6.10307e-13
-6.01501e-13
-5.92572e-13
-5.83608e-13
-5.76192e-13
-5.6843e-13
-5.62387e-13
-5.56279e-13
-5.51971e-13
-5.46888e-13
-5.4161e-13
-5.3238e-13
-5.22631e-13
-5.13935e-13
-5.05015e-13
-4.95578e-13
-4.86699e-13
-4.77305e-13
-4.69519e-13
-4.62222e-13
-4.54398e-13
-4.44684e-13
-4.36812e-13
-4.32656e-13
-4.2411e-13
-4.15681e-13
-4.0906e-13
-4.00395e-13
-3.90287e-13
-3.8191e-13
-3.74289e-13
-3.66761e-13
-3.57977e-13
-3.51287e-13
-3.47322e-13
-3.39952e-13
-3.34378e-13
-3.26575e-13
-3.17308e-13
-3.13396e-13
-3.0651e-13
-2.99725e-13
-2.93523e-13
-2.85175e-13
-2.75412e-13
-2.6801e-13
-2.61584e-13
-2.56036e-13
-2.49235e-13
-2.41515e-13
-2.33034e-13
-2.24917e-13
-2.15896e-13
-2.0786e-13
-1.98453e-13
-1.88954e-13
-1.80001e-13
-1.72822e-13
-1.6794e-13
-1.60019e-13
-1.52212e-13
-1.44965e-13
-1.3849e-13
-1.29021e-13
-1.19235e-13
-1.11414e-13
-1.03704e-13
-9.37146e-14
-8.57574e-14
-7.5544e-14
-6.79032e-14
-6.24741e-14
-5.53122e-14
-4.82496e-14
-4.38605e-14
-3.85487e-14
-3.38556e-14
-2.83374e-14
-2.15194e-14
-1.13198e-14
-4.73031e-15
-1.23739e-15
-6.66989e-13
-6.67472e-13
-6.67401e-13
-6.67707e-13
-6.66354e-13
-6.67202e-13
-6.66299e-13
-6.63407e-13
-6.559e-13
-6.51914e-13
-6.45382e-13
-6.42079e-13
-6.39989e-13
-6.40898e-13
-6.40349e-13
-6.35142e-13
-6.29179e-13
-6.16388e-13
-6.08884e-13
-5.99845e-13
-5.89283e-13
-5.84879e-13
-5.80256e-13
-5.73148e-13
-5.65698e-13
-5.58301e-13
-5.52642e-13
-5.45917e-13
-5.41212e-13
-5.32505e-13
-5.2249e-13
-5.11549e-13
-5.03756e-13
-4.9595e-13
-4.85237e-13
-4.76688e-13
-4.68447e-13
-4.61975e-13
-4.53917e-13
-4.45586e-13
-4.38466e-13
-4.31998e-13
-4.2298e-13
-4.16138e-13
-4.07968e-13
-4.00613e-13
-3.91271e-13
-3.83083e-13
-3.7418e-13
-3.66482e-13
-3.58131e-13
-3.50798e-13
-3.47049e-13
-3.40832e-13
-3.35326e-13
-3.26661e-13
-3.18309e-13
-3.13012e-13
-3.04875e-13
-2.96788e-13
-2.92254e-13
-2.85786e-13
-2.78023e-13
-2.71955e-13
-2.61959e-13
-2.55227e-13
-2.48113e-13
-2.42023e-13
-2.33773e-13
-2.24181e-13
-2.13306e-13
-2.04237e-13
-1.96775e-13
-1.90529e-13
-1.82781e-13
-1.74438e-13
-1.66923e-13
-1.56443e-13
-1.51649e-13
-1.45527e-13
-1.39355e-13
-1.31731e-13
-1.19976e-13
-1.10172e-13
-1.0177e-13
-9.26819e-14
-8.34345e-14
-7.6799e-14
-6.94822e-14
-6.27185e-14
-5.53707e-14
-4.87749e-14
-4.28573e-14
-3.9809e-14
-3.48895e-14
-2.94654e-14
-2.13026e-14
-1.09895e-14
-5.93906e-15
-8.50799e-16
-6.69033e-13
-6.67852e-13
-6.65385e-13
-6.6722e-13
-6.67144e-13
-6.66125e-13
-6.67253e-13
-6.66017e-13
-6.58293e-13
-6.52135e-13
-6.43684e-13
-6.394e-13
-6.39248e-13
-6.39223e-13
-6.37175e-13
-6.32495e-13
-6.26993e-13
-6.19193e-13
-6.09989e-13
-6.03218e-13
-5.92245e-13
-5.85067e-13
-5.80435e-13
-5.71864e-13
-5.63862e-13
-5.57895e-13
-5.53231e-13
-5.46718e-13
-5.38778e-13
-5.31393e-13
-5.21147e-13
-5.10314e-13
-5.0412e-13
-4.96019e-13
-4.8865e-13
-4.76379e-13
-4.67775e-13
-4.6238e-13
-4.55685e-13
-4.46724e-13
-4.39174e-13
-4.29997e-13
-4.22209e-13
-4.14736e-13
-4.0792e-13
-3.99914e-13
-3.92635e-13
-3.83212e-13
-3.75976e-13
-3.6649e-13
-3.59468e-13
-3.52673e-13
-3.46206e-13
-3.38947e-13
-3.33123e-13
-3.25293e-13
-3.18372e-13
-3.11228e-13
-3.02638e-13
-2.97407e-13
-2.93638e-13
-2.88777e-13
-2.77195e-13
-2.69178e-13
-2.61513e-13
-2.56153e-13
-2.48186e-13
-2.39733e-13
-2.32082e-13
-2.25087e-13
-2.16952e-13
-2.06916e-13
-1.95893e-13
-1.864e-13
-1.79928e-13
-1.73087e-13
-1.67965e-13
-1.60451e-13
-1.51853e-13
-1.43019e-13
-1.34788e-13
-1.29688e-13
-1.22054e-13
-1.12041e-13
-1.03086e-13
-9.19235e-14
-8.18534e-14
-7.5435e-14
-6.84761e-14
-6.34192e-14
-5.66981e-14
-5.06321e-14
-4.56406e-14
-4.07402e-14
-3.51119e-14
-2.70804e-14
-1.84508e-14
-1.1041e-14
-6.34207e-15
-6.3665e-16
-6.68441e-13
-6.66691e-13
-6.66428e-13
-6.64556e-13
-6.67836e-13
-6.69958e-13
-6.65377e-13
-6.6155e-13
-6.57051e-13
-6.50694e-13
-6.45252e-13
-6.42162e-13
-6.41178e-13
-6.39563e-13
-6.36141e-13
-6.32979e-13
-6.2817e-13
-6.20241e-13
-6.10168e-13
-6.02874e-13
-5.92168e-13
-5.83673e-13
-5.79153e-13
-5.7087e-13
-5.65052e-13
-5.60784e-13
-5.53864e-13
-5.4482e-13
-5.38478e-13
-5.32622e-13
-5.2324e-13
-5.1305e-13
-5.02638e-13
-4.91964e-13
-4.84718e-13
-4.76288e-13
-4.68613e-13
-4.63281e-13
-4.5527e-13
-4.46422e-13
-4.38127e-13
-4.30508e-13
-4.21261e-13
-4.15771e-13
-4.10208e-13
-4.01025e-13
-3.90942e-13
-3.82186e-13
-3.74675e-13
-3.66863e-13
-3.59199e-13
-3.5165e-13
-3.45451e-13
-3.38626e-13
-3.31475e-13
-3.24437e-13
-3.18741e-13
-3.12773e-13
-3.0657e-13
-3.00005e-13
-2.91549e-13
-2.82761e-13
-2.74086e-13
-2.68778e-13
-2.64225e-13
-2.58656e-13
-2.50655e-13
-2.41757e-13
-2.3293e-13
-2.23927e-13
-2.13125e-13
-2.03431e-13
-1.93939e-13
-1.87505e-13
-1.82294e-13
-1.75943e-13
-1.67555e-13
-1.58682e-13
-1.51276e-13
-1.43029e-13
-1.36134e-13
-1.29043e-13
-1.17735e-13
-1.08627e-13
-1.01987e-13
-9.40109e-14
-8.27515e-14
-7.47477e-14
-6.8901e-14
-6.41531e-14
-5.68205e-14
-5.08713e-14
-4.52035e-14
-4.12561e-14
-3.51177e-14
-2.76211e-14
-2.02471e-14
-1.19881e-14
-6.83674e-15
-2.01875e-15
-6.67547e-13
-6.64625e-13
-6.67788e-13
-6.69188e-13
-6.68446e-13
-6.6742e-13
-6.67491e-13
-6.62171e-13
-6.57399e-13
-6.52821e-13
-6.46668e-13
-6.4197e-13
-6.37521e-13
-6.35697e-13
-6.33412e-13
-6.31636e-13
-6.27224e-13
-6.19903e-13
-6.10752e-13
-6.02018e-13
-5.9268e-13
-5.87471e-13
-5.81168e-13
-5.74132e-13
-5.66147e-13
-5.59653e-13
-5.54251e-13
-5.43637e-13
-5.37193e-13
-5.31547e-13
-5.20906e-13
-5.12518e-13
-5.02419e-13
-4.92279e-13
-4.83502e-13
-4.76763e-13
-4.67631e-13
-4.6191e-13
-4.56101e-13
-4.48755e-13
-4.38017e-13
-4.29625e-13
-4.21196e-13
-4.14607e-13
-4.09036e-13
-4.01334e-13
-3.92873e-13
-3.83265e-13
-3.73658e-13
-3.65719e-13
-3.5872e-13
-3.52883e-13
-3.45399e-13
-3.37964e-13
-3.30853e-13
-3.23649e-13
-3.18089e-13
-3.12007e-13
-3.06298e-13
-2.9989e-13
-2.90792e-13
-2.83812e-13
-2.76147e-13
-2.6915e-13
-2.63529e-13
-2.57035e-13
-2.48482e-13
-2.41511e-13
-2.32889e-13
-2.22546e-13
-2.14178e-13
-2.04884e-13
-1.95818e-13
-1.8907e-13
-1.8142e-13
-1.73783e-13
-1.65825e-13
-1.56675e-13
-1.49984e-13
-1.43098e-13
-1.36526e-13
-1.29698e-13
-1.19579e-13
-1.10145e-13
-1.00247e-13
-9.16151e-14
-8.26463e-14
-7.414e-14
-6.87683e-14
-6.4849e-14
-5.87044e-14
-5.22943e-14
-4.44865e-14
-4.15298e-14
-3.48971e-14
-2.74682e-14
-1.95469e-14
-1.19982e-14
-7.29794e-15
-2.52126e-15
-6.67069e-13
-6.64168e-13
-6.66148e-13
-6.71166e-13
-6.705e-13
-6.68625e-13
-6.66504e-13
-6.6269e-13
-6.58589e-13
-6.53029e-13
-6.45382e-13
-6.40713e-13
-6.38174e-13
-6.37824e-13
-6.37436e-13
-6.32757e-13
-6.26023e-13
-6.17332e-13
-6.07664e-13
-6.00097e-13
-5.93253e-13
-5.8754e-13
-5.8025e-13
-5.73073e-13
-5.66491e-13
-5.61434e-13
-5.54208e-13
-5.46505e-13
-5.37053e-13
-5.28499e-13
-5.20626e-13
-5.09194e-13
-4.97474e-13
-4.90997e-13
-4.85702e-13
-4.77952e-13
-4.69366e-13
-4.61944e-13
-4.53644e-13
-4.45037e-13
-4.38202e-13
-4.29813e-13
-4.21538e-13
-4.1636e-13
-4.10856e-13
-4.01202e-13
-3.927e-13
-3.82708e-13
-3.73384e-13
-3.6523e-13
-3.56496e-13
-3.51086e-13
-3.47441e-13
-3.3882e-13
-3.31185e-13
-3.23587e-13
-3.16938e-13
-3.12129e-13
-3.06231e-13
-2.98355e-13
-2.90595e-13
-2.84072e-13
-2.7997e-13
-2.72474e-13
-2.63634e-13
-2.54328e-13
-2.44041e-13
-2.36822e-13
-2.30071e-13
-2.23942e-13
-2.17066e-13
-2.08809e-13
-1.99176e-13
-1.88407e-13
-1.79195e-13
-1.73009e-13
-1.66101e-13
-1.58755e-13
-1.50328e-13
-1.4068e-13
-1.33176e-13
-1.27793e-13
-1.21305e-13
-1.11328e-13
-9.95021e-14
-8.94153e-14
-8.147e-14
-7.35326e-14
-6.85252e-14
-6.67697e-14
-6.19891e-14
-5.40461e-14
-4.59596e-14
-4.08709e-14
-3.31796e-14
-2.67001e-14
-1.74975e-14
-1.01494e-14
-4.57628e-15
-1.62243e-15
-6.67161e-13
-6.66407e-13
-6.68515e-13
-6.69581e-13
-6.70749e-13
-6.71191e-13
-6.68145e-13
-6.62293e-13
-6.55896e-13
-6.51103e-13
-6.44814e-13
-6.43026e-13
-6.40706e-13
-6.37732e-13
-6.33856e-13
-6.30019e-13
-6.20352e-13
-6.17359e-13
-6.11925e-13
-6.04701e-13
-5.95777e-13
-5.87374e-13
-5.81507e-13
-5.75166e-13
-5.69199e-13
-5.61707e-13
-5.51965e-13
-5.44335e-13
-5.35753e-13
-5.27284e-13
-5.22284e-13
-5.10896e-13
-4.98366e-13
-4.90638e-13
-4.81604e-13
-4.75035e-13
-4.68748e-13
-4.63496e-13
-4.55598e-13
-4.47267e-13
-4.38931e-13
-4.27011e-13
-4.20324e-13
-4.15188e-13
-4.10353e-13
-4.01541e-13
-3.93876e-13
-3.82951e-13
-3.7437e-13
-3.65798e-13
-3.58266e-13
-3.50853e-13
-3.46792e-13
-3.39044e-13
-3.31176e-13
-3.21694e-13
-3.14626e-13
-3.11121e-13
-3.06302e-13
-3.02136e-13
-2.92694e-13
-2.84006e-13
-2.76095e-13
-2.69678e-13
-2.624e-13
-2.55496e-13
-2.48352e-13
-2.38087e-13
-2.29494e-13
-2.21565e-13
-2.14676e-13
-2.06403e-13
-1.96908e-13
-1.8744e-13
-1.79058e-13
-1.7396e-13
-1.67651e-13
-1.59104e-13
-1.50216e-13
-1.41438e-13
-1.34545e-13
-1.27831e-13
-1.18327e-13
-1.08096e-13
-9.97755e-14
-9.25591e-14
-8.45348e-14
-7.65637e-14
-7.0332e-14
-6.52305e-14
-5.89785e-14
-5.35926e-14
-4.73415e-14
-3.96842e-14
-3.22204e-14
-2.46689e-14
-1.79536e-14
-1.13164e-14
-6.19859e-15
-2.23727e-15
-6.67652e-13
-6.66292e-13
-6.66273e-13
-6.71228e-13
-6.71548e-13
-6.71003e-13
-6.67478e-13
-6.62272e-13
-6.56967e-13
-6.51411e-13
-6.45233e-13
-6.41033e-13
-6.39352e-13
-6.38692e-13
-6.35826e-13
-6.30678e-13
-6.24846e-13
-6.18179e-13
-6.10615e-13
-6.02266e-13
-5.94131e-13
-5.86994e-13
-5.80175e-13
-5.73866e-13
-5.68102e-13
-5.61723e-13
-5.53581e-13
-5.46592e-13
-5.38488e-13
-5.26315e-13
-5.19025e-13
-5.08852e-13
-4.98654e-13
-4.91219e-13
-4.83465e-13
-4.76026e-13
-4.69711e-13
-4.61239e-13
-4.53174e-13
-4.44544e-13
-4.392e-13
-4.28861e-13
-4.2193e-13
-4.16478e-13
-4.09444e-13
-4.00448e-13
-3.9165e-13
-3.83632e-13
-3.73936e-13
-3.64434e-13
-3.58071e-13
-3.52031e-13
-3.47428e-13
-3.37839e-13
-3.32062e-13
-3.26305e-13
-3.17899e-13
-3.09753e-13
-3.04816e-13
-2.99458e-13
-2.93432e-13
-2.86629e-13
-2.77287e-13
-2.69483e-13
-2.60714e-13
-2.53162e-13
-2.45984e-13
-2.37244e-13
-2.29922e-13
-2.2284e-13
-2.16323e-13
-2.07651e-13
-1.9817e-13
-1.88738e-13
-1.80058e-13
-1.73227e-13
-1.6817e-13
-1.58494e-13
-1.4893e-13
-1.39845e-13
-1.33041e-13
-1.27687e-13
-1.21551e-13
-1.09736e-13
-1.00602e-13
-8.98503e-14
-8.12707e-14
-7.49802e-14
-7.03451e-14
-6.65301e-14
-6.12163e-14
-5.39873e-14
-4.79324e-14
-4.04424e-14
-3.24627e-14
-2.42652e-14
-1.64823e-14
-1.03695e-14
-6.19651e-15
-3.3763e-15
-6.65893e-13
-6.65865e-13
-6.68025e-13
-6.71469e-13
-6.72622e-13
-6.70316e-13
-6.69527e-13
-6.63803e-13
-6.57355e-13
-6.5244e-13
-6.44948e-13
-6.38303e-13
-6.39277e-13
-6.36954e-13
-6.34578e-13
-6.29189e-13
-6.20881e-13
-6.17644e-13
-6.13322e-13
-6.07159e-13
-5.9611e-13
-5.87681e-13
-5.82575e-13
-5.76639e-13
-5.66377e-13
-5.59203e-13
-5.51807e-13
-5.45471e-13
-5.37397e-13
-5.30137e-13
-5.2185e-13
-5.08873e-13
-4.98802e-13
-4.89215e-13
-4.81415e-13
-4.75033e-13
-4.68151e-13
-4.62424e-13
-4.55587e-13
-4.46566e-13
-4.38658e-13
-4.29056e-13
-4.22088e-13
-4.14362e-13
-4.08475e-13
-4.01192e-13
-3.93563e-13
-3.83815e-13
-3.739e-13
-3.66471e-13
-3.59507e-13
-3.51336e-13
-3.46241e-13
-3.3774e-13
-3.30068e-13
-3.24064e-13
-3.17382e-13
-3.11557e-13
-3.05821e-13
-2.9998e-13
-2.93139e-13
-2.85573e-13
-2.75875e-13
-2.69367e-13
-2.61887e-13
-2.54758e-13
-2.47702e-13
-2.38092e-13
-2.29451e-13
-2.22388e-13
-2.14445e-13
-2.04332e-13
-1.963e-13
-1.88334e-13
-1.81837e-13
-1.74779e-13
-1.68309e-13
-1.59638e-13
-1.48713e-13
-1.38547e-13
-1.32944e-13
-1.28341e-13
-1.22049e-13
-1.10246e-13
-9.96224e-14
-8.98062e-14
-8.34747e-14
-7.5902e-14
-7.12472e-14
-6.57538e-14
-6.08589e-14
-5.61211e-14
-4.84957e-14
-4.07718e-14
-3.19975e-14
-2.26428e-14
-1.56092e-14
-9.40705e-15
-4.56864e-15
-5.11311e-15
)
;

boundaryField
{
    inlet
    {
        type            calculated;
        value           nonuniform List<scalar> 
40
(
-6.80401e-13
-6.78016e-13
-6.77176e-13
-6.77755e-13
-6.77917e-13
-6.75446e-13
-6.78789e-13
-6.77236e-13
-6.78655e-13
-6.781e-13
-6.76754e-13
-6.78128e-13
-6.76434e-13
-6.73526e-13
-6.72513e-13
-6.71278e-13
-6.75286e-13
-6.74459e-13
-6.70586e-13
-6.74732e-13
-6.76239e-13
-6.74408e-13
-6.70271e-13
-6.74286e-13
-6.72247e-13
-6.66958e-13
-6.66959e-13
-6.67903e-13
-6.6668e-13
-6.66768e-13
-6.6867e-13
-6.6305e-13
-6.66989e-13
-6.69033e-13
-6.68441e-13
-6.67547e-13
-6.67069e-13
-6.67161e-13
-6.67652e-13
-6.65893e-13
)
;
    }
    outlet
    {
        type            calculated;
        value           uniform 0;
    }
    down
    {
        type            empty;
    }
    up
    {
        type            empty;
    }
    sides
    {
        type            calculated;
        value           nonuniform List<scalar> 
200
(
-6.80401e-13
-6.7614e-13
-6.76704e-13
-6.78391e-13
-6.77896e-13
-6.77694e-13
-6.76373e-13
-6.72686e-13
-6.65144e-13
-6.60227e-13
-6.60225e-13
-6.55845e-13
-6.49134e-13
-6.39741e-13
-6.28291e-13
-6.23912e-13
-6.20635e-13
-6.17818e-13
-6.1087e-13
-6.01877e-13
-5.92887e-13
-5.8598e-13
-5.80281e-13
-5.71489e-13
-5.61586e-13
-5.51661e-13
-5.46378e-13
-5.4192e-13
-5.35259e-13
-5.24759e-13
-5.128e-13
-5.0459e-13
-4.99564e-13
-4.94065e-13
-4.87068e-13
-4.81008e-13
-4.70957e-13
-4.57276e-13
-4.42126e-13
-4.36348e-13
-4.32932e-13
-4.28128e-13
-4.24889e-13
-4.18029e-13
-4.09568e-13
-4.00602e-13
-3.91313e-13
-3.82384e-13
-3.73876e-13
-3.66075e-13
-3.57513e-13
-3.50415e-13
-3.43388e-13
-3.35515e-13
-3.28192e-13
-3.17368e-13
-3.09809e-13
-3.07827e-13
-3.04471e-13
-3.00569e-13
-2.92394e-13
-2.85389e-13
-2.77122e-13
-2.67465e-13
-2.60758e-13
-2.53659e-13
-2.48252e-13
-2.40514e-13
-2.31774e-13
-2.25406e-13
-2.18333e-13
-2.10081e-13
-1.97995e-13
-1.91141e-13
-1.88826e-13
-1.84039e-13
-1.77037e-13
-1.70206e-13
-1.61215e-13
-1.48761e-13
-1.37504e-13
-1.30918e-13
-1.22942e-13
-1.17223e-13
-1.10768e-13
-1.03963e-13
-9.5761e-14
-8.78376e-14
-8.33896e-14
-7.81894e-14
-7.19765e-14
-6.47241e-14
-5.81985e-14
-5.22377e-14
-4.32807e-14
-3.38648e-14
-2.61328e-14
-1.75947e-14
-9.63511e-15
-2.37526e-15
-6.65893e-13
-6.65865e-13
-6.68025e-13
-6.71469e-13
-6.72622e-13
-6.70316e-13
-6.69527e-13
-6.63803e-13
-6.57355e-13
-6.5244e-13
-6.44948e-13
-6.38303e-13
-6.39277e-13
-6.36954e-13
-6.34578e-13
-6.29189e-13
-6.20881e-13
-6.17644e-13
-6.13322e-13
-6.07159e-13
-5.9611e-13
-5.87681e-13
-5.82575e-13
-5.76639e-13
-5.66377e-13
-5.59203e-13
-5.51807e-13
-5.45471e-13
-5.37397e-13
-5.30137e-13
-5.2185e-13
-5.08873e-13
-4.98802e-13
-4.89215e-13
-4.81415e-13
-4.75033e-13
-4.68151e-13
-4.62424e-13
-4.55587e-13
-4.46566e-13
-4.38658e-13
-4.29056e-13
-4.22088e-13
-4.14362e-13
-4.08475e-13
-4.01192e-13
-3.93563e-13
-3.83815e-13
-3.739e-13
-3.66471e-13
-3.59507e-13
-3.51336e-13
-3.46241e-13
-3.3774e-13
-3.30068e-13
-3.24064e-13
-3.17382e-13
-3.11557e-13
-3.05821e-13
-2.9998e-13
-2.93139e-13
-2.85573e-13
-2.75875e-13
-2.69367e-13
-2.61887e-13
-2.54758e-13
-2.47702e-13
-2.38092e-13
-2.29451e-13
-2.22388e-13
-2.14445e-13
-2.04332e-13
-1.963e-13
-1.88334e-13
-1.81837e-13
-1.74779e-13
-1.68309e-13
-1.59638e-13
-1.48713e-13
-1.38547e-13
-1.32944e-13
-1.28341e-13
-1.22049e-13
-1.10246e-13
-9.96224e-14
-8.98062e-14
-8.34747e-14
-7.5902e-14
-7.12472e-14
-6.57538e-14
-6.08589e-14
-5.61211e-14
-4.84957e-14
-4.07718e-14
-3.19975e-14
-2.26428e-14
-1.56092e-14
-9.40705e-15
-4.56864e-15
-5.11311e-15
)
;
    }
}

