/*--------------------------------*- C++ -*----------------------------------*\
| =========                 |                                                 |
| \\      /  F ield         | OpenFOAM: The Open Source CFD Toolbox           |
|  \\    /   O peration     | Version:  v2012                                 |
|   \\  /    A nd           | Website:  www.openfoam.com                      |
|    \\/     M anipulation  |                                                 |
\*---------------------------------------------------------------------------*/
FoamFile
{
    version     2.0;
    format      ascii;
    class       volScalarField;
    location    "0";
    object      pRec;
}
// * * * * * * * * * * * * * * * * * * * * * * * * * * * * * * * * * * * * * //

dimensions      [0 2 -2 0 0 0 0];


internalField   nonuniform List<scalar> 
4000
(
-6.865e-13
-6.80792e-13
-6.81904e-13
-6.84348e-13
-6.82888e-13
-6.8373e-13
-6.81443e-13
-6.76249e-13
-6.66869e-13
-6.62098e-13
-6.62976e-13
-6.57672e-13
-6.49098e-13
-6.36348e-13
-6.22075e-13
-6.16465e-13
-6.13053e-13
-6.10457e-13
-6.02521e-13
-5.90604e-13
-5.79797e-13
-5.72264e-13
-5.66983e-13
-5.57796e-13
-5.46835e-13
-5.35701e-13
-5.32827e-13
-5.27928e-13
-5.2127e-13
-5.09341e-13
-4.94584e-13
-4.86973e-13
-4.84557e-13
-4.81358e-13
-4.75838e-13
-4.71549e-13
-4.60597e-13
-4.4308e-13
-4.25821e-13
-4.21326e-13
-4.20476e-13
-4.18518e-13
-4.18008e-13
-4.12185e-13
-4.0295e-13
-3.93984e-13
-3.85018e-13
-3.75808e-13
-3.67786e-13
-3.60697e-13
-3.53221e-13
-3.46185e-13
-3.39657e-13
-3.31833e-13
-3.24521e-13
-3.12703e-13
-3.05609e-13
-3.04e-13
-3.02393e-13
-3.0016e-13
-2.92473e-13
-2.85802e-13
-2.76417e-13
-2.65414e-13
-2.58081e-13
-2.51383e-13
-2.47004e-13
-2.38655e-13
-2.28255e-13
-2.21579e-13
-2.14396e-13
-2.06398e-13
-1.92996e-13
-1.85648e-13
-1.8384e-13
-1.80053e-13
-1.74902e-13
-1.68242e-13
-1.58381e-13
-1.44226e-13
-1.31732e-13
-1.25453e-13
-1.16934e-13
-1.1167e-13
-1.05752e-13
-9.96034e-14
-9.07021e-14
-8.26852e-14
-7.9265e-14
-7.47721e-14
-6.88791e-14
-6.20292e-14
-5.592e-14
-5.11669e-14
-4.1695e-14
-3.28687e-14
-2.54279e-14
-1.75855e-14
-9.28271e-15
-2.1421e-15
-6.83045e-13
-6.81496e-13
-6.84311e-13
-6.84534e-13
-6.85554e-13
-6.82404e-13
-6.78918e-13
-6.76605e-13
-6.7092e-13
-6.65027e-13
-6.59483e-13
-6.5496e-13
-6.47307e-13
-6.3634e-13
-6.25639e-13
-6.195e-13
-6.15075e-13
-6.08981e-13
-6.00794e-13
-5.93776e-13
-5.82615e-13
-5.70422e-13
-5.63371e-13
-5.55065e-13
-5.44701e-13
-5.38524e-13
-5.34358e-13
-5.28587e-13
-5.19977e-13
-5.06283e-13
-4.97322e-13
-4.90256e-13
-4.83896e-13
-4.77966e-13
-4.73057e-13
-4.67755e-13
-4.59268e-13
-4.46124e-13
-4.32419e-13
-4.25132e-13
-4.20517e-13
-4.1835e-13
-4.14924e-13
-4.10704e-13
-4.03846e-13
-3.94021e-13
-3.83814e-13
-3.75612e-13
-3.6742e-13
-3.58454e-13
-3.52227e-13
-3.45194e-13
-3.40063e-13
-3.33254e-13
-3.25957e-13
-3.15294e-13
-3.05222e-13
-3.02137e-13
-3.00659e-13
-2.98488e-13
-2.94586e-13
-2.86e-13
-2.77159e-13
-2.67375e-13
-2.60048e-13
-2.51642e-13
-2.4446e-13
-2.37535e-13
-2.30694e-13
-2.23167e-13
-2.14337e-13
-2.06539e-13
-1.97533e-13
-1.89039e-13
-1.83775e-13
-1.76168e-13
-1.73676e-13
-1.66055e-13
-1.55343e-13
-1.43065e-13
-1.32843e-13
-1.26746e-13
-1.20737e-13
-1.13634e-13
-1.04275e-13
-9.76327e-14
-8.86176e-14
-8.06783e-14
-7.75879e-14
-7.34269e-14
-7.01745e-14
-6.46644e-14
-5.94402e-14
-4.91503e-14
-4.02375e-14
-3.33362e-14
-2.47785e-14
-1.77142e-14
-1.06427e-14
-3.97323e-15
-6.82282e-13
-6.8141e-13
-6.83535e-13
-6.86646e-13
-6.87643e-13
-6.83586e-13
-6.77875e-13
-6.75367e-13
-6.68556e-13
-6.64878e-13
-6.60596e-13
-6.54233e-13
-6.4666e-13
-6.37859e-13
-6.27642e-13
-6.20656e-13
-6.13833e-13
-6.0759e-13
-6.01503e-13
-5.92417e-13
-5.8177e-13
-5.72358e-13
-5.64075e-13
-5.56018e-13
-5.46704e-13
-5.40964e-13
-5.35259e-13
-5.26751e-13
-5.17546e-13
-5.04802e-13
-4.97452e-13
-4.90238e-13
-4.83416e-13
-4.80074e-13
-4.75205e-13
-4.68738e-13
-4.57867e-13
-4.47261e-13
-4.36097e-13
-4.25087e-13
-4.1966e-13
-4.15083e-13
-4.15185e-13
-4.11377e-13
-4.04462e-13
-3.93953e-13
-3.82004e-13
-3.73005e-13
-3.68811e-13
-3.64274e-13
-3.53613e-13
-3.45897e-13
-3.37632e-13
-3.29919e-13
-3.23533e-13
-3.16068e-13
-3.06059e-13
-3.04701e-13
-3.04933e-13
-3.00482e-13
-2.92077e-13
-2.81254e-13
-2.73948e-13
-2.68527e-13
-2.62563e-13
-2.54961e-13
-2.47087e-13
-2.37031e-13
-2.29386e-13
-2.19711e-13
-2.11316e-13
-2.03972e-13
-1.94441e-13
-1.88569e-13
-1.8365e-13
-1.78078e-13
-1.72989e-13
-1.65899e-13
-1.54916e-13
-1.44482e-13
-1.37832e-13
-1.28549e-13
-1.16506e-13
-1.10242e-13
-1.04197e-13
-9.98548e-14
-9.32765e-14
-8.44919e-14
-7.77001e-14
-7.1556e-14
-6.75375e-14
-6.43491e-14
-5.77775e-14
-4.96762e-14
-3.98468e-14
-3.11432e-14
-2.56062e-14
-1.85602e-14
-1.41423e-14
-4.61415e-15
-6.83274e-13
-6.84207e-13
-6.84759e-13
-6.81132e-13
-6.86094e-13
-6.80789e-13
-6.77897e-13
-6.75571e-13
-6.72935e-13
-6.67096e-13
-6.58956e-13
-6.49896e-13
-6.42771e-13
-6.3794e-13
-6.35861e-13
-6.25986e-13
-6.12151e-13
-6.04636e-13
-6.00119e-13
-5.91425e-13
-5.82006e-13
-5.73838e-13
-5.64422e-13
-5.50489e-13
-5.42801e-13
-5.38944e-13
-5.34397e-13
-5.28807e-13
-5.18314e-13
-5.08703e-13
-5.01497e-13
-4.92333e-13
-4.84107e-13
-4.78099e-13
-4.70458e-13
-4.68243e-13
-4.58691e-13
-4.46214e-13
-4.37125e-13
-4.27406e-13
-4.2289e-13
-4.19731e-13
-4.14825e-13
-4.08559e-13
-3.995e-13
-3.90547e-13
-3.82248e-13
-3.76728e-13
-3.69043e-13
-3.58429e-13
-3.49955e-13
-3.44675e-13
-3.39436e-13
-3.33942e-13
-3.23112e-13
-3.17171e-13
-3.08407e-13
-3.03655e-13
-3.03925e-13
-2.9851e-13
-2.90602e-13
-2.83279e-13
-2.77898e-13
-2.70828e-13
-2.62418e-13
-2.53562e-13
-2.45998e-13
-2.37199e-13
-2.29835e-13
-2.22186e-13
-2.15096e-13
-2.07158e-13
-1.97452e-13
-1.89985e-13
-1.83299e-13
-1.76671e-13
-1.72753e-13
-1.65466e-13
-1.54928e-13
-1.4487e-13
-1.36899e-13
-1.28977e-13
-1.18716e-13
-1.09258e-13
-1.03414e-13
-9.82263e-14
-9.12828e-14
-8.35233e-14
-7.58757e-14
-7.2e-14
-6.96819e-14
-6.51109e-14
-5.93636e-14
-4.84316e-14
-3.93701e-14
-3.355e-14
-2.72331e-14
-1.81651e-14
-1.15296e-14
-4.37554e-15
-6.83931e-13
-6.88113e-13
-6.84454e-13
-6.80638e-13
-6.77583e-13
-6.81041e-13
-6.80578e-13
-6.78217e-13
-6.71813e-13
-6.64398e-13
-6.56243e-13
-6.51493e-13
-6.41973e-13
-6.36667e-13
-6.3501e-13
-6.28438e-13
-6.18674e-13
-6.08694e-13
-5.97236e-13
-5.86299e-13
-5.81403e-13
-5.72948e-13
-5.58926e-13
-5.50096e-13
-5.46443e-13
-5.41357e-13
-5.35893e-13
-5.27573e-13
-5.20679e-13
-5.1135e-13
-5.02085e-13
-4.93188e-13
-4.84202e-13
-4.78251e-13
-4.72011e-13
-4.67681e-13
-4.57046e-13
-4.46116e-13
-4.35465e-13
-4.28017e-13
-4.23135e-13
-4.2152e-13
-4.15026e-13
-4.07107e-13
-3.97687e-13
-3.87385e-13
-3.80965e-13
-3.75538e-13
-3.68495e-13
-3.62246e-13
-3.53618e-13
-3.46808e-13
-3.39607e-13
-3.33464e-13
-3.22971e-13
-3.15722e-13
-3.09678e-13
-3.05046e-13
-3.0334e-13
-2.977e-13
-2.90983e-13
-2.83354e-13
-2.75616e-13
-2.7002e-13
-2.64828e-13
-2.58415e-13
-2.50294e-13
-2.38267e-13
-2.29562e-13
-2.19382e-13
-2.11577e-13
-2.04826e-13
-1.97842e-13
-1.89971e-13
-1.8002e-13
-1.73861e-13
-1.71736e-13
-1.65137e-13
-1.57384e-13
-1.47018e-13
-1.38254e-13
-1.3099e-13
-1.18231e-13
-1.07977e-13
-1.00273e-13
-9.50641e-14
-9.17603e-14
-8.62402e-14
-7.82271e-14
-7.3374e-14
-6.86315e-14
-6.48668e-14
-5.72928e-14
-5.15839e-14
-4.34754e-14
-3.38992e-14
-2.69264e-14
-2.00059e-14
-1.09745e-14
-1.56433e-15
-6.80452e-13
-6.89532e-13
-6.85708e-13
-6.77335e-13
-6.81996e-13
-6.84981e-13
-6.82378e-13
-6.77994e-13
-6.69819e-13
-6.57395e-13
-6.53884e-13
-6.50805e-13
-6.46908e-13
-6.37903e-13
-6.31391e-13
-6.3002e-13
-6.20025e-13
-6.11186e-13
-6.02561e-13
-5.89722e-13
-5.78495e-13
-5.67146e-13
-5.5026e-13
-5.46593e-13
-5.46961e-13
-5.44608e-13
-5.36065e-13
-5.27586e-13
-5.20011e-13
-5.13901e-13
-5.03061e-13
-4.93324e-13
-4.85305e-13
-4.81002e-13
-4.76938e-13
-4.66451e-13
-4.55167e-13
-4.46122e-13
-4.35139e-13
-4.30385e-13
-4.25711e-13
-4.21829e-13
-4.13396e-13
-4.07168e-13
-3.98006e-13
-3.86037e-13
-3.77914e-13
-3.72335e-13
-3.68751e-13
-3.62007e-13
-3.54901e-13
-3.46347e-13
-3.38787e-13
-3.3107e-13
-3.21825e-13
-3.16912e-13
-3.12075e-13
-3.05942e-13
-3.02023e-13
-2.98139e-13
-2.93438e-13
-2.84534e-13
-2.76069e-13
-2.69711e-13
-2.61513e-13
-2.56433e-13
-2.50799e-13
-2.39617e-13
-2.30628e-13
-2.22633e-13
-2.13014e-13
-2.0504e-13
-1.99351e-13
-1.91463e-13
-1.81902e-13
-1.76439e-13
-1.70848e-13
-1.61821e-13
-1.56526e-13
-1.48913e-13
-1.41197e-13
-1.30194e-13
-1.15921e-13
-1.06234e-13
-1.01353e-13
-9.72337e-14
-9.29079e-14
-8.44395e-14
-7.72326e-14
-7.24951e-14
-6.852e-14
-6.52677e-14
-5.55332e-14
-5.01986e-14
-4.28798e-14
-3.64016e-14
-2.72886e-14
-1.88892e-14
-8.98831e-15
-5.90746e-16
-6.85258e-13
-6.8565e-13
-6.85035e-13
-6.82081e-13
-6.79139e-13
-6.8276e-13
-6.81647e-13
-6.75664e-13
-6.67435e-13
-6.58188e-13
-6.50437e-13
-6.49962e-13
-6.48848e-13
-6.39145e-13
-6.32724e-13
-6.28044e-13
-6.24732e-13
-6.16227e-13
-5.99453e-13
-5.82152e-13
-5.66801e-13
-5.61824e-13
-5.60553e-13
-5.57732e-13
-5.51094e-13
-5.44096e-13
-5.34211e-13
-5.25677e-13
-5.20803e-13
-5.16001e-13
-5.05929e-13
-4.92206e-13
-4.85675e-13
-4.76911e-13
-4.71519e-13
-4.64207e-13
-4.57267e-13
-4.50907e-13
-4.39934e-13
-4.29039e-13
-4.21886e-13
-4.1651e-13
-4.11736e-13
-4.07721e-13
-4.00847e-13
-3.90782e-13
-3.79787e-13
-3.71134e-13
-3.65462e-13
-3.62065e-13
-3.55389e-13
-3.50031e-13
-3.41706e-13
-3.31492e-13
-3.23416e-13
-3.17684e-13
-3.11248e-13
-3.01165e-13
-2.98193e-13
-2.97747e-13
-2.9805e-13
-2.89731e-13
-2.78525e-13
-2.6759e-13
-2.58558e-13
-2.5266e-13
-2.4516e-13
-2.35257e-13
-2.26602e-13
-2.22314e-13
-2.2117e-13
-2.10984e-13
-2.00481e-13
-1.94398e-13
-1.85016e-13
-1.75044e-13
-1.66444e-13
-1.58007e-13
-1.52737e-13
-1.47659e-13
-1.40303e-13
-1.29871e-13
-1.20908e-13
-1.11777e-13
-1.04206e-13
-9.44726e-14
-9.0117e-14
-8.54828e-14
-7.83048e-14
-7.4249e-14
-6.81102e-14
-6.06537e-14
-5.53474e-14
-4.9032e-14
-4.2282e-14
-3.41326e-14
-2.69059e-14
-1.73501e-14
-9.3285e-15
-2.71381e-15
-6.83604e-13
-6.82671e-13
-6.80828e-13
-6.83166e-13
-6.85435e-13
-6.85015e-13
-6.8078e-13
-6.73729e-13
-6.65257e-13
-6.59042e-13
-6.54415e-13
-6.49285e-13
-6.45002e-13
-6.36672e-13
-6.32766e-13
-6.28602e-13
-6.24426e-13
-6.16176e-13
-5.95111e-13
-5.84488e-13
-5.79288e-13
-5.71626e-13
-5.60383e-13
-5.50647e-13
-5.47703e-13
-5.40215e-13
-5.30467e-13
-5.25064e-13
-5.18936e-13
-5.1291e-13
-5.06198e-13
-4.97486e-13
-4.91457e-13
-4.83854e-13
-4.725e-13
-4.63704e-13
-4.55431e-13
-4.46246e-13
-4.3845e-13
-4.29218e-13
-4.22506e-13
-4.18865e-13
-4.12531e-13
-4.11236e-13
-4.05927e-13
-3.91511e-13
-3.75732e-13
-3.6363e-13
-3.63932e-13
-3.63377e-13
-3.59762e-13
-3.53518e-13
-3.41624e-13
-3.31348e-13
-3.20861e-13
-3.15049e-13
-3.11894e-13
-3.06875e-13
-3.00114e-13
-2.95478e-13
-2.94067e-13
-2.87103e-13
-2.79656e-13
-2.71457e-13
-2.63633e-13
-2.54944e-13
-2.46586e-13
-2.37365e-13
-2.31189e-13
-2.24367e-13
-2.17162e-13
-2.11161e-13
-1.99052e-13
-1.86575e-13
-1.79708e-13
-1.74877e-13
-1.70153e-13
-1.62061e-13
-1.56899e-13
-1.50398e-13
-1.41248e-13
-1.3022e-13
-1.17425e-13
-1.06436e-13
-9.81715e-14
-9.40563e-14
-9.12075e-14
-8.6907e-14
-7.98111e-14
-7.28849e-14
-6.58443e-14
-6.01761e-14
-5.54842e-14
-5.05084e-14
-4.09012e-14
-3.23242e-14
-2.62377e-14
-1.89407e-14
-1.06941e-14
-1.31211e-15
-6.85695e-13
-6.8674e-13
-6.8239e-13
-6.77432e-13
-6.80225e-13
-6.82589e-13
-6.82053e-13
-6.74173e-13
-6.62941e-13
-6.60779e-13
-6.5511e-13
-6.45824e-13
-6.39255e-13
-6.36987e-13
-6.35084e-13
-6.30866e-13
-6.24401e-13
-6.14158e-13
-5.99493e-13
-5.86327e-13
-5.77607e-13
-5.68575e-13
-5.63503e-13
-5.56948e-13
-5.485e-13
-5.38167e-13
-5.29263e-13
-5.24693e-13
-5.22273e-13
-5.13818e-13
-5.07404e-13
-4.99126e-13
-4.8815e-13
-4.77287e-13
-4.72216e-13
-4.64774e-13
-4.55111e-13
-4.46018e-13
-4.397e-13
-4.33575e-13
-4.28817e-13
-4.21118e-13
-4.08936e-13
-4.02708e-13
-3.98477e-13
-3.92166e-13
-3.80677e-13
-3.72285e-13
-3.67022e-13
-3.61352e-13
-3.55783e-13
-3.49321e-13
-3.40396e-13
-3.32524e-13
-3.25062e-13
-3.20207e-13
-3.13747e-13
-3.07438e-13
-3.00624e-13
-2.96593e-13
-2.9114e-13
-2.84469e-13
-2.78255e-13
-2.70964e-13
-2.60952e-13
-2.51367e-13
-2.45683e-13
-2.38449e-13
-2.30562e-13
-2.2351e-13
-2.15562e-13
-2.11508e-13
-2.03297e-13
-1.93191e-13
-1.81429e-13
-1.75126e-13
-1.71111e-13
-1.63539e-13
-1.5733e-13
-1.48429e-13
-1.41192e-13
-1.30925e-13
-1.18175e-13
-1.08014e-13
-1.00432e-13
-9.46043e-14
-9.18331e-14
-8.62942e-14
-7.94639e-14
-7.26103e-14
-6.51977e-14
-5.95014e-14
-5.22727e-14
-4.71027e-14
-4.02943e-14
-3.25381e-14
-2.50702e-14
-1.56926e-14
-7.28144e-15
1.26141e-15
-6.85066e-13
-6.84463e-13
-6.85051e-13
-6.8127e-13
-6.78251e-13
-6.79988e-13
-6.79409e-13
-6.76539e-13
-6.69233e-13
-6.56777e-13
-6.49287e-13
-6.43012e-13
-6.40047e-13
-6.39366e-13
-6.36308e-13
-6.29836e-13
-6.20598e-13
-6.1533e-13
-6.07319e-13
-5.91094e-13
-5.77251e-13
-5.64447e-13
-5.59143e-13
-5.5304e-13
-5.49254e-13
-5.4293e-13
-5.33693e-13
-5.27081e-13
-5.20866e-13
-5.14391e-13
-5.07814e-13
-4.98857e-13
-4.88808e-13
-4.76814e-13
-4.69265e-13
-4.63108e-13
-4.57641e-13
-4.47063e-13
-4.41167e-13
-4.34426e-13
-4.24696e-13
-4.15268e-13
-4.0807e-13
-4.02857e-13
-4.01073e-13
-3.96944e-13
-3.85389e-13
-3.74244e-13
-3.67244e-13
-3.59349e-13
-3.53106e-13
-3.48876e-13
-3.4188e-13
-3.33757e-13
-3.25388e-13
-3.18842e-13
-3.13166e-13
-3.06762e-13
-3.00728e-13
-2.98521e-13
-2.94757e-13
-2.90739e-13
-2.84332e-13
-2.71693e-13
-2.58025e-13
-2.44465e-13
-2.37504e-13
-2.33402e-13
-2.29847e-13
-2.29342e-13
-2.23385e-13
-2.13259e-13
-2.05655e-13
-1.95e-13
-1.82285e-13
-1.72784e-13
-1.68381e-13
-1.61975e-13
-1.56909e-13
-1.47682e-13
-1.39991e-13
-1.3116e-13
-1.20469e-13
-1.1144e-13
-1.01434e-13
-9.31431e-14
-8.8943e-14
-8.35086e-14
-7.84679e-14
-7.19293e-14
-6.37203e-14
-5.48637e-14
-4.87576e-14
-4.43566e-14
-3.64861e-14
-2.8344e-14
-2.08343e-14
-1.40845e-14
-5.43399e-15
5.51935e-16
-6.83024e-13
-6.82337e-13
-6.81278e-13
-6.82956e-13
-6.83233e-13
-6.778e-13
-6.75964e-13
-6.72566e-13
-6.6728e-13
-6.6183e-13
-6.50315e-13
-6.41588e-13
-6.40631e-13
-6.41694e-13
-6.36678e-13
-6.32032e-13
-6.20004e-13
-6.13094e-13
-6.05929e-13
-5.92539e-13
-5.81337e-13
-5.6535e-13
-5.5562e-13
-5.51704e-13
-5.46385e-13
-5.4055e-13
-5.35873e-13
-5.29149e-13
-5.22685e-13
-5.15742e-13
-5.07036e-13
-4.97545e-13
-4.87487e-13
-4.78869e-13
-4.73309e-13
-4.65097e-13
-4.55991e-13
-4.46919e-13
-4.41752e-13
-4.32465e-13
-4.25102e-13
-4.15493e-13
-4.08806e-13
-4.06332e-13
-4.03396e-13
-3.95315e-13
-3.82867e-13
-3.70551e-13
-3.64387e-13
-3.57951e-13
-3.55845e-13
-3.51098e-13
-3.41213e-13
-3.33291e-13
-3.24761e-13
-3.22289e-13
-3.16307e-13
-3.09366e-13
-3.00634e-13
-2.92683e-13
-2.90564e-13
-2.83162e-13
-2.79073e-13
-2.74324e-13
-2.61305e-13
-2.47612e-13
-2.38439e-13
-2.32449e-13
-2.30257e-13
-2.32098e-13
-2.23756e-13
-2.15833e-13
-2.06248e-13
-1.94667e-13
-1.80535e-13
-1.69049e-13
-1.68221e-13
-1.64987e-13
-1.60123e-13
-1.51103e-13
-1.43788e-13
-1.34735e-13
-1.19854e-13
-1.08219e-13
-9.71677e-14
-8.74947e-14
-8.93378e-14
-8.68306e-14
-7.85476e-14
-7.06637e-14
-6.14641e-14
-5.43733e-14
-4.80763e-14
-4.22083e-14
-3.80637e-14
-3.13924e-14
-1.75529e-14
-5.47976e-15
2.19837e-15
-5.08738e-16
-6.85333e-13
-6.83564e-13
-6.81546e-13
-6.8272e-13
-6.81741e-13
-6.7668e-13
-6.77222e-13
-6.73615e-13
-6.66759e-13
-6.59286e-13
-6.51395e-13
-6.44293e-13
-6.36782e-13
-6.34656e-13
-6.32499e-13
-6.27214e-13
-6.23106e-13
-6.18129e-13
-6.08038e-13
-5.93598e-13
-5.80305e-13
-5.72219e-13
-5.62041e-13
-5.52758e-13
-5.46636e-13
-5.35556e-13
-5.32102e-13
-5.28734e-13
-5.23869e-13
-5.17745e-13
-5.09124e-13
-4.98263e-13
-4.86302e-13
-4.76005e-13
-4.70397e-13
-4.63164e-13
-4.57552e-13
-4.49878e-13
-4.43858e-13
-4.31636e-13
-4.23487e-13
-4.12673e-13
-4.08563e-13
-4.08263e-13
-4.02064e-13
-3.94702e-13
-3.838e-13
-3.73652e-13
-3.65418e-13
-3.57534e-13
-3.52457e-13
-3.49546e-13
-3.41881e-13
-3.36375e-13
-3.29455e-13
-3.21214e-13
-3.15012e-13
-3.07766e-13
-3.00164e-13
-2.9487e-13
-2.92867e-13
-2.93179e-13
-2.83495e-13
-2.7143e-13
-2.5424e-13
-2.45024e-13
-2.38947e-13
-2.3495e-13
-2.29671e-13
-2.2685e-13
-2.20998e-13
-2.19355e-13
-2.12741e-13
-1.99518e-13
-1.79754e-13
-1.63593e-13
-1.61398e-13
-1.65e-13
-1.61489e-13
-1.51412e-13
-1.42617e-13
-1.32071e-13
-1.21284e-13
-1.12058e-13
-1.00979e-13
-9.04389e-14
-8.40342e-14
-8.29016e-14
-7.70489e-14
-6.93323e-14
-5.93173e-14
-5.32597e-14
-4.75004e-14
-4.0707e-14
-3.38302e-14
-2.81368e-14
-1.60744e-14
-6.37875e-15
-4.41181e-16
-4.00946e-16
-6.83164e-13
-6.82453e-13
-6.7485e-13
-6.83681e-13
-6.83363e-13
-6.80564e-13
-6.74139e-13
-6.67971e-13
-6.62469e-13
-6.54569e-13
-6.5038e-13
-6.46305e-13
-6.45117e-13
-6.39438e-13
-6.34152e-13
-6.30365e-13
-6.25372e-13
-6.18921e-13
-6.08718e-13
-5.94018e-13
-5.74849e-13
-5.61263e-13
-5.53308e-13
-5.51313e-13
-5.46077e-13
-5.40598e-13
-5.34358e-13
-5.2839e-13
-5.2447e-13
-5.20469e-13
-5.11803e-13
-4.98446e-13
-4.88321e-13
-4.80107e-13
-4.75385e-13
-4.6499e-13
-4.54386e-13
-4.48828e-13
-4.42033e-13
-4.3115e-13
-4.21291e-13
-4.17288e-13
-4.12719e-13
-4.07001e-13
-3.97284e-13
-3.87641e-13
-3.8129e-13
-3.73916e-13
-3.67449e-13
-3.61402e-13
-3.55217e-13
-3.50251e-13
-3.39918e-13
-3.31096e-13
-3.32321e-13
-3.32415e-13
-3.18245e-13
-3.03675e-13
-2.94989e-13
-2.88909e-13
-2.87471e-13
-2.84974e-13
-2.84062e-13
-2.7485e-13
-2.59223e-13
-2.50638e-13
-2.37516e-13
-2.35719e-13
-2.30104e-13
-2.24986e-13
-2.20306e-13
-2.19418e-13
-2.13347e-13
-1.97983e-13
-1.81684e-13
-1.67757e-13
-1.63797e-13
-1.66184e-13
-1.57822e-13
-1.4772e-13
-1.40937e-13
-1.3298e-13
-1.24179e-13
-1.12925e-13
-1.02156e-13
-9.03074e-14
-8.348e-14
-8.23443e-14
-7.5007e-14
-6.70753e-14
-5.92319e-14
-5.20504e-14
-4.46805e-14
-3.93114e-14
-3.41456e-14
-2.65859e-14
-1.61482e-14
-7.58545e-15
4.08656e-16
1.0778e-15
-6.79601e-13
-6.89032e-13
-6.83165e-13
-6.78548e-13
-6.79389e-13
-6.78446e-13
-6.73506e-13
-6.72941e-13
-6.63613e-13
-6.50359e-13
-6.46013e-13
-6.45686e-13
-6.43536e-13
-6.41363e-13
-6.37073e-13
-6.27976e-13
-6.17361e-13
-6.10631e-13
-6.05475e-13
-5.95822e-13
-5.88275e-13
-5.79863e-13
-5.68082e-13
-5.5156e-13
-5.37717e-13
-5.30926e-13
-5.32552e-13
-5.29723e-13
-5.2523e-13
-5.21686e-13
-5.12342e-13
-5.0009e-13
-4.85083e-13
-4.73036e-13
-4.66457e-13
-4.6152e-13
-4.60907e-13
-4.54578e-13
-4.42212e-13
-4.35038e-13
-4.23585e-13
-4.14294e-13
-4.11375e-13
-4.04538e-13
-3.95702e-13
-3.87347e-13
-3.78553e-13
-3.74106e-13
-3.70274e-13
-3.64e-13
-3.56424e-13
-3.48199e-13
-3.4198e-13
-3.3518e-13
-3.30704e-13
-3.25552e-13
-3.20383e-13
-3.12312e-13
-3.0462e-13
-2.94381e-13
-2.86239e-13
-2.80136e-13
-2.75224e-13
-2.7021e-13
-2.61055e-13
-2.53021e-13
-2.43734e-13
-2.36892e-13
-2.30842e-13
-2.26383e-13
-2.22845e-13
-2.15e-13
-2.07308e-13
-1.98048e-13
-1.84368e-13
-1.73136e-13
-1.63773e-13
-1.60754e-13
-1.56914e-13
-1.489e-13
-1.42005e-13
-1.3096e-13
-1.22045e-13
-1.11596e-13
-1.00732e-13
-9.12996e-14
-8.59901e-14
-8.058e-14
-7.54644e-14
-6.66858e-14
-5.94073e-14
-5.47613e-14
-4.71753e-14
-3.87588e-14
-2.97481e-14
-2.13881e-14
-1.47365e-14
-9.32949e-15
-2.24787e-15
6.37453e-16
-6.78308e-13
-6.82957e-13
-6.84103e-13
-6.79672e-13
-6.79424e-13
-6.8073e-13
-6.70405e-13
-6.60419e-13
-6.56311e-13
-6.54443e-13
-6.5257e-13
-6.50104e-13
-6.47143e-13
-6.42342e-13
-6.3725e-13
-6.2901e-13
-6.22439e-13
-6.18923e-13
-6.10197e-13
-5.95103e-13
-5.76783e-13
-5.6202e-13
-5.54618e-13
-5.46128e-13
-5.44961e-13
-5.42641e-13
-5.37194e-13
-5.28458e-13
-5.23145e-13
-5.21138e-13
-5.14576e-13
-5.03541e-13
-4.90077e-13
-4.73089e-13
-4.62356e-13
-4.61368e-13
-4.61574e-13
-4.55747e-13
-4.47938e-13
-4.35953e-13
-4.21831e-13
-4.1226e-13
-4.04215e-13
-4.00614e-13
-3.95735e-13
-3.89628e-13
-3.83152e-13
-3.75245e-13
-3.70139e-13
-3.70404e-13
-3.63054e-13
-3.46912e-13
-3.37585e-13
-3.30598e-13
-3.25762e-13
-3.2393e-13
-3.20558e-13
-3.11702e-13
-3.00139e-13
-2.92317e-13
-2.89306e-13
-2.85182e-13
-2.78607e-13
-2.70264e-13
-2.56838e-13
-2.47271e-13
-2.41993e-13
-2.3953e-13
-2.34077e-13
-2.26242e-13
-2.2005e-13
-2.14901e-13
-2.07491e-13
-1.96446e-13
-1.85315e-13
-1.69852e-13
-1.61783e-13
-1.60018e-13
-1.59397e-13
-1.54061e-13
-1.45221e-13
-1.34066e-13
-1.21487e-13
-1.08905e-13
-9.94232e-14
-9.14058e-14
-8.5738e-14
-7.90207e-14
-7.29587e-14
-6.57712e-14
-5.9435e-14
-5.35738e-14
-4.73572e-14
-3.88723e-14
-2.91164e-14
-1.90451e-14
-1.15396e-14
-6.4425e-15
-9.36794e-16
1.83908e-16
-6.76789e-13
-6.84945e-13
-6.85024e-13
-6.80925e-13
-6.77916e-13
-6.82902e-13
-6.79726e-13
-6.66679e-13
-6.49502e-13
-6.46538e-13
-6.46287e-13
-6.48337e-13
-6.47506e-13
-6.45693e-13
-6.40122e-13
-6.29992e-13
-6.20407e-13
-6.13574e-13
-6.01327e-13
-5.92659e-13
-5.84913e-13
-5.71072e-13
-5.58972e-13
-5.45777e-13
-5.44539e-13
-5.42419e-13
-5.39109e-13
-5.32927e-13
-5.24524e-13
-5.19797e-13
-5.11319e-13
-4.99115e-13
-4.88955e-13
-4.73578e-13
-4.60879e-13
-4.59137e-13
-4.59902e-13
-4.56431e-13
-4.4761e-13
-4.36982e-13
-4.19932e-13
-4.10205e-13
-4.07798e-13
-4.03212e-13
-3.96042e-13
-3.8872e-13
-3.85585e-13
-3.79694e-13
-3.7087e-13
-3.60765e-13
-3.54698e-13
-3.49332e-13
-3.4163e-13
-3.29481e-13
-3.30258e-13
-3.27338e-13
-3.1919e-13
-3.13892e-13
-3.07395e-13
-2.9473e-13
-2.87562e-13
-2.8235e-13
-2.7402e-13
-2.67041e-13
-2.57202e-13
-2.4964e-13
-2.40248e-13
-2.36967e-13
-2.30648e-13
-2.29107e-13
-2.22397e-13
-2.17484e-13
-2.10711e-13
-1.96677e-13
-1.82008e-13
-1.69849e-13
-1.65114e-13
-1.60409e-13
-1.55873e-13
-1.50198e-13
-1.44127e-13
-1.34844e-13
-1.22075e-13
-1.09613e-13
-1.0247e-13
-9.36192e-14
-8.5869e-14
-7.94732e-14
-7.33243e-14
-6.41756e-14
-5.70388e-14
-5.11732e-14
-4.34956e-14
-3.5249e-14
-2.84552e-14
-2.3302e-14
-1.07568e-14
-3.07752e-15
2.11584e-15
9.52641e-16
-6.8299e-13
-6.82371e-13
-6.78253e-13
-6.74092e-13
-6.76351e-13
-6.7123e-13
-6.67587e-13
-6.69167e-13
-6.661e-13
-6.59177e-13
-6.54853e-13
-6.4722e-13
-6.41815e-13
-6.4074e-13
-6.38255e-13
-6.31832e-13
-6.23244e-13
-6.19743e-13
-6.08718e-13
-5.92115e-13
-5.72932e-13
-5.61144e-13
-5.55433e-13
-5.53273e-13
-5.4597e-13
-5.43154e-13
-5.39112e-13
-5.31315e-13
-5.25062e-13
-5.18625e-13
-5.11327e-13
-4.98476e-13
-4.86211e-13
-4.73286e-13
-4.64115e-13
-4.62188e-13
-4.63469e-13
-4.56391e-13
-4.46036e-13
-4.35933e-13
-4.20989e-13
-4.08233e-13
-4.06012e-13
-4.03308e-13
-3.9969e-13
-3.89616e-13
-3.80698e-13
-3.78404e-13
-3.74062e-13
-3.63722e-13
-3.54199e-13
-3.49694e-13
-3.43674e-13
-3.32747e-13
-3.25646e-13
-3.22785e-13
-3.16847e-13
-3.12947e-13
-3.08329e-13
-3.0011e-13
-2.89688e-13
-2.82785e-13
-2.73729e-13
-2.66962e-13
-2.60726e-13
-2.51064e-13
-2.40578e-13
-2.31838e-13
-2.27881e-13
-2.29672e-13
-2.21203e-13
-2.15755e-13
-2.09039e-13
-1.97349e-13
-1.8581e-13
-1.73317e-13
-1.6196e-13
-1.55911e-13
-1.55258e-13
-1.55226e-13
-1.48238e-13
-1.3297e-13
-1.20742e-13
-1.07133e-13
-1.01887e-13
-9.60594e-14
-8.86469e-14
-7.79999e-14
-6.88813e-14
-6.29661e-14
-5.7139e-14
-4.99194e-14
-4.47401e-14
-3.69502e-14
-2.75381e-14
-1.90619e-14
-1.13112e-14
-4.33142e-15
1.92708e-15
2.31107e-15
-6.82146e-13
-6.81067e-13
-6.78198e-13
-6.75514e-13
-6.82138e-13
-6.79717e-13
-6.67952e-13
-6.6165e-13
-6.57951e-13
-6.55895e-13
-6.55203e-13
-6.54489e-13
-6.4368e-13
-6.36007e-13
-6.33476e-13
-6.28854e-13
-6.25282e-13
-6.18184e-13
-6.06476e-13
-5.90154e-13
-5.76657e-13
-5.62902e-13
-5.53591e-13
-5.53471e-13
-5.52744e-13
-5.43084e-13
-5.35893e-13
-5.31733e-13
-5.29035e-13
-5.21347e-13
-5.13236e-13
-4.99563e-13
-4.85693e-13
-4.72347e-13
-4.60752e-13
-4.60269e-13
-4.57988e-13
-4.55469e-13
-4.49953e-13
-4.39093e-13
-4.24192e-13
-4.12902e-13
-4.06403e-13
-3.97627e-13
-3.96433e-13
-3.90819e-13
-3.84089e-13
-3.75152e-13
-3.69539e-13
-3.64229e-13
-3.5522e-13
-3.49611e-13
-3.4322e-13
-3.34051e-13
-3.31772e-13
-3.27178e-13
-3.15666e-13
-3.07138e-13
-3.04801e-13
-2.98089e-13
-2.91457e-13
-2.82399e-13
-2.75681e-13
-2.69406e-13
-2.60832e-13
-2.49211e-13
-2.42401e-13
-2.32621e-13
-2.24452e-13
-2.23337e-13
-2.20721e-13
-2.16579e-13
-2.10824e-13
-1.97766e-13
-1.84908e-13
-1.73603e-13
-1.65009e-13
-1.57898e-13
-1.57622e-13
-1.53757e-13
-1.45526e-13
-1.34165e-13
-1.22164e-13
-1.0924e-13
-1.00434e-13
-9.10342e-14
-8.42668e-14
-7.9944e-14
-7.34008e-14
-6.3038e-14
-5.61344e-14
-4.85177e-14
-4.16655e-14
-3.45233e-14
-2.60276e-14
-2.03e-14
-1.28669e-14
-3.19097e-15
2.50707e-15
5.73457e-16
-6.7695e-13
-6.79635e-13
-6.79729e-13
-6.78091e-13
-6.76786e-13
-6.71291e-13
-6.67119e-13
-6.64322e-13
-6.63792e-13
-6.611e-13
-6.56491e-13
-6.52694e-13
-6.46535e-13
-6.38255e-13
-6.32344e-13
-6.25725e-13
-6.23109e-13
-6.16255e-13
-6.04191e-13
-5.9228e-13
-5.77125e-13
-5.64023e-13
-5.58833e-13
-5.54195e-13
-5.45519e-13
-5.40924e-13
-5.39695e-13
-5.3571e-13
-5.28318e-13
-5.176e-13
-5.08713e-13
-4.98192e-13
-4.85021e-13
-4.73324e-13
-4.63835e-13
-4.65187e-13
-4.6495e-13
-4.56828e-13
-4.45265e-13
-4.31495e-13
-4.2147e-13
-4.16253e-13
-4.07969e-13
-3.98486e-13
-3.93672e-13
-3.87323e-13
-3.8617e-13
-3.85002e-13
-3.74475e-13
-3.60526e-13
-3.52463e-13
-3.5068e-13
-3.44142e-13
-3.33616e-13
-3.29862e-13
-3.2605e-13
-3.19274e-13
-3.10061e-13
-3.03004e-13
-2.9632e-13
-2.94177e-13
-2.85878e-13
-2.76536e-13
-2.68164e-13
-2.5724e-13
-2.48739e-13
-2.4033e-13
-2.34047e-13
-2.26035e-13
-2.21321e-13
-2.16885e-13
-2.17039e-13
-2.12038e-13
-1.9811e-13
-1.85072e-13
-1.73815e-13
-1.67147e-13
-1.61059e-13
-1.53061e-13
-1.44708e-13
-1.47244e-13
-1.40711e-13
-1.23428e-13
-1.10205e-13
-9.99848e-14
-8.93093e-14
-8.23975e-14
-7.91577e-14
-7.28534e-14
-6.32396e-14
-5.50374e-14
-4.94411e-14
-4.21034e-14
-3.32463e-14
-2.83456e-14
-1.89078e-14
-9.61194e-15
-1.824e-15
3.42321e-15
2.78152e-17
-6.83333e-13
-6.80531e-13
-6.78455e-13
-6.7554e-13
-6.70962e-13
-6.68988e-13
-6.66332e-13
-6.66546e-13
-6.65114e-13
-6.61852e-13
-6.55348e-13
-6.51765e-13
-6.4676e-13
-6.41083e-13
-6.33882e-13
-6.24362e-13
-6.14677e-13
-6.08695e-13
-6.04152e-13
-5.96731e-13
-5.80092e-13
-5.68109e-13
-5.59455e-13
-5.51973e-13
-5.47423e-13
-5.43305e-13
-5.40246e-13
-5.36626e-13
-5.26604e-13
-5.19777e-13
-5.10013e-13
-4.97407e-13
-4.838e-13
-4.71019e-13
-4.66309e-13
-4.64924e-13
-4.61834e-13
-4.55208e-13
-4.44564e-13
-4.33154e-13
-4.21808e-13
-4.13354e-13
-4.09138e-13
-4.0315e-13
-3.97934e-13
-3.91662e-13
-3.82702e-13
-3.76553e-13
-3.72799e-13
-3.64857e-13
-3.59152e-13
-3.50542e-13
-3.42002e-13
-3.34797e-13
-3.28839e-13
-3.21302e-13
-3.18253e-13
-3.12116e-13
-3.0355e-13
-2.97135e-13
-2.94868e-13
-2.88525e-13
-2.77713e-13
-2.66732e-13
-2.5817e-13
-2.49248e-13
-2.39905e-13
-2.32604e-13
-2.26226e-13
-2.21568e-13
-2.19119e-13
-2.18028e-13
-2.10755e-13
-1.95523e-13
-1.8419e-13
-1.74145e-13
-1.66398e-13
-1.59793e-13
-1.56078e-13
-1.5066e-13
-1.43733e-13
-1.35299e-13
-1.24473e-13
-1.13189e-13
-1.05028e-13
-9.04866e-14
-8.12166e-14
-7.61214e-14
-7.21249e-14
-6.02741e-14
-5.25173e-14
-4.87513e-14
-4.60562e-14
-3.45139e-14
-2.39763e-14
-1.79709e-14
-1.07182e-14
3.53509e-16
1.77837e-15
-1.08604e-15
-6.85698e-13
-6.79646e-13
-6.74104e-13
-6.74345e-13
-6.67199e-13
-6.68382e-13
-6.6664e-13
-6.67896e-13
-6.68074e-13
-6.5974e-13
-6.54659e-13
-6.52912e-13
-6.51267e-13
-6.42812e-13
-6.33946e-13
-6.26878e-13
-6.19451e-13
-6.0891e-13
-6.02048e-13
-5.89804e-13
-5.80165e-13
-5.68475e-13
-5.56648e-13
-5.50076e-13
-5.46223e-13
-5.47107e-13
-5.41101e-13
-5.35286e-13
-5.26403e-13
-5.18892e-13
-5.10493e-13
-4.99496e-13
-4.83962e-13
-4.7323e-13
-4.64623e-13
-4.61095e-13
-4.6032e-13
-4.55463e-13
-4.45358e-13
-4.3381e-13
-4.25235e-13
-4.16022e-13
-4.07865e-13
-4.01747e-13
-3.96083e-13
-3.90041e-13
-3.83247e-13
-3.79022e-13
-3.7495e-13
-3.66132e-13
-3.56118e-13
-3.46597e-13
-3.41614e-13
-3.37055e-13
-3.31913e-13
-3.26282e-13
-3.19223e-13
-3.10878e-13
-3.06022e-13
-3.01545e-13
-2.96733e-13
-2.87611e-13
-2.74065e-13
-2.64826e-13
-2.56552e-13
-2.48106e-13
-2.38708e-13
-2.33307e-13
-2.26239e-13
-2.25028e-13
-2.20506e-13
-2.14247e-13
-2.0466e-13
-1.93385e-13
-1.82936e-13
-1.72473e-13
-1.69999e-13
-1.67016e-13
-1.57322e-13
-1.47758e-13
-1.40742e-13
-1.33214e-13
-1.23442e-13
-1.12011e-13
-1.0027e-13
-8.75953e-14
-8.24473e-14
-7.84176e-14
-7.10919e-14
-6.57563e-14
-5.97856e-14
-4.86621e-14
-3.97028e-14
-3.26919e-14
-2.38751e-14
-1.51525e-14
-8.53403e-15
-4.90664e-15
-1.61026e-15
-1.35212e-15
-6.83238e-13
-6.77919e-13
-6.75814e-13
-6.738e-13
-6.71146e-13
-6.67823e-13
-6.63742e-13
-6.66723e-13
-6.67151e-13
-6.63497e-13
-6.57596e-13
-6.51816e-13
-6.5023e-13
-6.41294e-13
-6.30965e-13
-6.2136e-13
-6.13386e-13
-6.0909e-13
-6.02891e-13
-5.9272e-13
-5.81557e-13
-5.70175e-13
-5.59538e-13
-5.53761e-13
-5.51136e-13
-5.44833e-13
-5.38018e-13
-5.29947e-13
-5.2244e-13
-5.18771e-13
-5.1129e-13
-5.04168e-13
-4.923e-13
-4.79896e-13
-4.63032e-13
-4.5759e-13
-4.56052e-13
-4.51902e-13
-4.4421e-13
-4.3367e-13
-4.2704e-13
-4.16377e-13
-4.10292e-13
-4.00395e-13
-3.96779e-13
-3.91057e-13
-3.87406e-13
-3.80395e-13
-3.71076e-13
-3.59373e-13
-3.55162e-13
-3.52312e-13
-3.45393e-13
-3.33698e-13
-3.27425e-13
-3.21497e-13
-3.14647e-13
-3.13802e-13
-3.07113e-13
-3.05726e-13
-3.05715e-13
-2.85164e-13
-2.72489e-13
-2.66861e-13
-2.59677e-13
-2.50444e-13
-2.41114e-13
-2.34714e-13
-2.23802e-13
-2.19427e-13
-2.16184e-13
-2.16937e-13
-2.09481e-13
-1.96587e-13
-1.80817e-13
-1.68298e-13
-1.69577e-13
-1.65492e-13
-1.56809e-13
-1.50747e-13
-1.43142e-13
-1.33878e-13
-1.2178e-13
-1.10607e-13
-1.0135e-13
-8.91785e-14
-8.17274e-14
-7.84359e-14
-7.20333e-14
-6.15762e-14
-5.39552e-14
-4.83466e-14
-4.03324e-14
-3.24473e-14
-2.74208e-14
-2.10419e-14
-8.76379e-15
-1.75405e-15
3.17729e-15
4.82806e-17
-6.77779e-13
-6.79916e-13
-6.79666e-13
-6.73479e-13
-6.68428e-13
-6.68636e-13
-6.67393e-13
-6.63743e-13
-6.65009e-13
-6.62186e-13
-6.59269e-13
-6.55568e-13
-6.48627e-13
-6.39783e-13
-6.31767e-13
-6.24941e-13
-6.20856e-13
-6.16001e-13
-6.05254e-13
-5.90345e-13
-5.73266e-13
-5.60039e-13
-5.56322e-13
-5.56325e-13
-5.52592e-13
-5.44315e-13
-5.35e-13
-5.29943e-13
-5.22471e-13
-5.20222e-13
-5.15118e-13
-5.00603e-13
-4.87282e-13
-4.78021e-13
-4.69482e-13
-4.63535e-13
-4.58157e-13
-4.50593e-13
-4.43618e-13
-4.35249e-13
-4.25138e-13
-4.15698e-13
-4.06761e-13
-4.02419e-13
-4.01781e-13
-3.92777e-13
-3.85271e-13
-3.74397e-13
-3.72351e-13
-3.65795e-13
-3.54835e-13
-3.50866e-13
-3.44878e-13
-3.3699e-13
-3.30682e-13
-3.18322e-13
-3.08063e-13
-3.1186e-13
-3.15404e-13
-3.07479e-13
-2.97837e-13
-2.87294e-13
-2.76332e-13
-2.69039e-13
-2.58571e-13
-2.46878e-13
-2.37871e-13
-2.32481e-13
-2.29162e-13
-2.23263e-13
-2.1697e-13
-2.10801e-13
-2.04048e-13
-1.91679e-13
-1.82344e-13
-1.73243e-13
-1.66424e-13
-1.65758e-13
-1.63303e-13
-1.52175e-13
-1.40536e-13
-1.28686e-13
-1.18965e-13
-1.06396e-13
-9.79357e-14
-9.19051e-14
-8.18978e-14
-7.72512e-14
-6.96591e-14
-6.14771e-14
-5.81201e-14
-5.02633e-14
-4.23379e-14
-3.43561e-14
-2.68285e-14
-1.88852e-14
-1.18936e-14
-2.61946e-15
1.84174e-15
-4.94722e-17
-6.8357e-13
-6.74919e-13
-6.72194e-13
-6.66695e-13
-6.701e-13
-6.71833e-13
-6.73988e-13
-6.72281e-13
-6.66755e-13
-6.60617e-13
-6.54842e-13
-6.50843e-13
-6.44601e-13
-6.4109e-13
-6.35531e-13
-6.24901e-13
-6.14991e-13
-6.05632e-13
-5.98512e-13
-5.91439e-13
-5.8136e-13
-5.67161e-13
-5.60211e-13
-5.54683e-13
-5.49974e-13
-5.46325e-13
-5.42527e-13
-5.32824e-13
-5.23371e-13
-5.17156e-13
-5.09583e-13
-5.02066e-13
-4.90695e-13
-4.79971e-13
-4.68461e-13
-4.61243e-13
-4.57411e-13
-4.481e-13
-4.40044e-13
-4.3216e-13
-4.25729e-13
-4.18604e-13
-4.12392e-13
-4.02864e-13
-3.98692e-13
-3.90074e-13
-3.83605e-13
-3.81113e-13
-3.74001e-13
-3.64395e-13
-3.53373e-13
-3.4824e-13
-3.41499e-13
-3.32386e-13
-3.26841e-13
-3.24165e-13
-3.17978e-13
-3.16896e-13
-3.10917e-13
-3.01405e-13
-3.01045e-13
-2.90726e-13
-2.78724e-13
-2.69073e-13
-2.58827e-13
-2.47164e-13
-2.41606e-13
-2.35261e-13
-2.30082e-13
-2.25465e-13
-2.17787e-13
-2.07634e-13
-2.00595e-13
-1.90384e-13
-1.84301e-13
-1.73663e-13
-1.68313e-13
-1.62525e-13
-1.57222e-13
-1.5165e-13
-1.39794e-13
-1.28802e-13
-1.18223e-13
-1.08077e-13
-1.00647e-13
-9.25583e-14
-8.43498e-14
-7.47423e-14
-6.79089e-14
-6.3068e-14
-5.55074e-14
-4.83957e-14
-4.22618e-14
-3.7251e-14
-2.87243e-14
-2.04075e-14
-1.25729e-14
-3.53991e-15
2.29691e-15
1.31043e-15
-6.80771e-13
-6.75779e-13
-6.75575e-13
-6.70259e-13
-6.69304e-13
-6.70301e-13
-6.68125e-13
-6.63754e-13
-6.64317e-13
-6.66022e-13
-6.60815e-13
-6.51863e-13
-6.43363e-13
-6.43378e-13
-6.32098e-13
-6.24294e-13
-6.15352e-13
-6.09207e-13
-6.0284e-13
-5.94547e-13
-5.7802e-13
-5.65038e-13
-5.56968e-13
-5.52904e-13
-5.4911e-13
-5.46674e-13
-5.40845e-13
-5.31234e-13
-5.22172e-13
-5.16442e-13
-5.10974e-13
-5.02867e-13
-4.92821e-13
-4.81708e-13
-4.70223e-13
-4.62171e-13
-4.557e-13
-4.47708e-13
-4.39139e-13
-4.31055e-13
-4.26196e-13
-4.17249e-13
-4.11529e-13
-4.03565e-13
-3.98469e-13
-3.9423e-13
-3.86453e-13
-3.76856e-13
-3.71814e-13
-3.63382e-13
-3.53388e-13
-3.4803e-13
-3.40591e-13
-3.36818e-13
-3.36025e-13
-3.26084e-13
-3.15971e-13
-3.1238e-13
-3.09139e-13
-3.02017e-13
-2.98676e-13
-2.90319e-13
-2.77516e-13
-2.68342e-13
-2.57693e-13
-2.49364e-13
-2.37733e-13
-2.30368e-13
-2.27531e-13
-2.2664e-13
-2.18584e-13
-2.09824e-13
-2.02247e-13
-1.91375e-13
-1.81382e-13
-1.72457e-13
-1.69488e-13
-1.6526e-13
-1.57702e-13
-1.50043e-13
-1.38888e-13
-1.28403e-13
-1.15327e-13
-1.07929e-13
-9.95266e-14
-8.75025e-14
-7.95277e-14
-7.67928e-14
-7.46741e-14
-6.47701e-14
-5.25378e-14
-4.51831e-14
-4.20622e-14
-3.39009e-14
-2.99677e-14
-2.27399e-14
-9.5166e-15
-5.90853e-16
3.34171e-15
9.88711e-16
-6.72949e-13
-6.75592e-13
-6.74172e-13
-6.73642e-13
-6.75423e-13
-6.73073e-13
-6.67897e-13
-6.67883e-13
-6.67033e-13
-6.62724e-13
-6.54841e-13
-6.46823e-13
-6.41061e-13
-6.38154e-13
-6.36598e-13
-6.28098e-13
-6.17011e-13
-6.10736e-13
-5.99135e-13
-5.89783e-13
-5.7963e-13
-5.68149e-13
-5.57604e-13
-5.50873e-13
-5.4556e-13
-5.43469e-13
-5.391e-13
-5.34105e-13
-5.29002e-13
-5.22609e-13
-5.09711e-13
-4.94798e-13
-4.87044e-13
-4.8014e-13
-4.75363e-13
-4.67221e-13
-4.60315e-13
-4.5137e-13
-4.41038e-13
-4.3052e-13
-4.22027e-13
-4.15989e-13
-4.08935e-13
-4.05031e-13
-3.99681e-13
-3.93806e-13
-3.87868e-13
-3.78812e-13
-3.71168e-13
-3.63416e-13
-3.54831e-13
-3.43767e-13
-3.40385e-13
-3.3656e-13
-3.34744e-13
-3.25872e-13
-3.16229e-13
-3.12507e-13
-3.08612e-13
-3.02214e-13
-2.94997e-13
-2.89523e-13
-2.81171e-13
-2.72259e-13
-2.62249e-13
-2.48587e-13
-2.37464e-13
-2.31689e-13
-2.26761e-13
-2.23649e-13
-2.17517e-13
-2.10061e-13
-2.00143e-13
-1.91687e-13
-1.82696e-13
-1.73661e-13
-1.64395e-13
-1.60327e-13
-1.61442e-13
-1.51813e-13
-1.38899e-13
-1.29002e-13
-1.12009e-13
-1.06254e-13
-1.03156e-13
-9.15507e-14
-8.41523e-14
-7.6258e-14
-7.01552e-14
-6.20152e-14
-5.30588e-14
-4.78097e-14
-4.26068e-14
-3.50907e-14
-2.81438e-14
-2.07913e-14
-1.36805e-14
-4.16544e-15
1.60738e-15
1.01037e-15
-6.73213e-13
-6.7744e-13
-6.78131e-13
-6.758e-13
-6.71959e-13
-6.66215e-13
-6.62189e-13
-6.66803e-13
-6.71219e-13
-6.63098e-13
-6.55493e-13
-6.49011e-13
-6.43021e-13
-6.38995e-13
-6.32974e-13
-6.23819e-13
-6.14689e-13
-6.12934e-13
-6.03985e-13
-5.90604e-13
-5.80131e-13
-5.69437e-13
-5.60795e-13
-5.53613e-13
-5.47121e-13
-5.42468e-13
-5.37716e-13
-5.32796e-13
-5.27881e-13
-5.16985e-13
-5.05742e-13
-5.00464e-13
-4.95978e-13
-4.83063e-13
-4.70517e-13
-4.6107e-13
-4.55876e-13
-4.48346e-13
-4.41192e-13
-4.32658e-13
-4.20123e-13
-4.14906e-13
-4.1113e-13
-4.07888e-13
-4.03063e-13
-3.9549e-13
-3.88102e-13
-3.79755e-13
-3.68416e-13
-3.60524e-13
-3.53737e-13
-3.45719e-13
-3.40403e-13
-3.37563e-13
-3.35734e-13
-3.29135e-13
-3.20212e-13
-3.1157e-13
-3.04677e-13
-3.03068e-13
-2.96301e-13
-2.87208e-13
-2.76506e-13
-2.68756e-13
-2.6163e-13
-2.53206e-13
-2.45371e-13
-2.34753e-13
-2.27064e-13
-2.18013e-13
-2.14824e-13
-2.11595e-13
-2.03026e-13
-1.92528e-13
-1.83572e-13
-1.76222e-13
-1.65772e-13
-1.59552e-13
-1.53719e-13
-1.46465e-13
-1.37275e-13
-1.27039e-13
-1.16045e-13
-1.08413e-13
-1.01621e-13
-9.28275e-14
-8.28494e-14
-7.20811e-14
-6.66073e-14
-6.01404e-14
-5.35987e-14
-4.70957e-14
-4.37542e-14
-3.76833e-14
-2.848e-14
-1.97082e-14
-1.25176e-14
-5.67226e-15
-7.66178e-16
1.66426e-15
-6.74889e-13
-6.73322e-13
-6.72243e-13
-6.74878e-13
-6.76582e-13
-6.72228e-13
-6.69128e-13
-6.676e-13
-6.64284e-13
-6.59572e-13
-6.54521e-13
-6.5004e-13
-6.42926e-13
-6.34181e-13
-6.31843e-13
-6.32498e-13
-6.24322e-13
-6.11787e-13
-5.99812e-13
-5.90208e-13
-5.77931e-13
-5.65406e-13
-5.57426e-13
-5.50651e-13
-5.46665e-13
-5.41762e-13
-5.37917e-13
-5.34099e-13
-5.26727e-13
-5.16818e-13
-5.07341e-13
-5.03381e-13
-4.90554e-13
-4.79983e-13
-4.72185e-13
-4.64442e-13
-4.5913e-13
-4.5019e-13
-4.41183e-13
-4.29774e-13
-4.21989e-13
-4.17089e-13
-4.12851e-13
-4.0934e-13
-4.0157e-13
-3.94627e-13
-3.89311e-13
-3.80018e-13
-3.67394e-13
-3.58454e-13
-3.5173e-13
-3.45109e-13
-3.43991e-13
-3.39637e-13
-3.32725e-13
-3.25689e-13
-3.19593e-13
-3.11623e-13
-3.04856e-13
-3.00789e-13
-2.97354e-13
-2.87409e-13
-2.77124e-13
-2.68703e-13
-2.60866e-13
-2.51563e-13
-2.40066e-13
-2.32585e-13
-2.28542e-13
-2.2366e-13
-2.20253e-13
-2.12514e-13
-2.03424e-13
-1.92598e-13
-1.81647e-13
-1.71284e-13
-1.64067e-13
-1.60631e-13
-1.53892e-13
-1.4687e-13
-1.37411e-13
-1.2695e-13
-1.16246e-13
-1.09973e-13
-1.04461e-13
-9.54624e-14
-8.50356e-14
-7.47352e-14
-6.75975e-14
-5.84132e-14
-4.9783e-14
-4.34612e-14
-3.92764e-14
-3.64704e-14
-3.1592e-14
-2.42426e-14
-1.25419e-14
-1.0468e-15
3.97269e-15
1.96125e-15
-6.73247e-13
-6.76621e-13
-6.81856e-13
-6.74486e-13
-6.71061e-13
-6.66703e-13
-6.62091e-13
-6.64932e-13
-6.65771e-13
-6.6712e-13
-6.60865e-13
-6.50257e-13
-6.40747e-13
-6.3221e-13
-6.26277e-13
-6.2553e-13
-6.27483e-13
-6.16972e-13
-6.0238e-13
-5.91137e-13
-5.77067e-13
-5.64056e-13
-5.56172e-13
-5.49284e-13
-5.44633e-13
-5.43145e-13
-5.40375e-13
-5.34995e-13
-5.27842e-13
-5.18622e-13
-5.12063e-13
-5.04935e-13
-4.92935e-13
-4.77211e-13
-4.65572e-13
-4.5915e-13
-4.54641e-13
-4.48415e-13
-4.41483e-13
-4.31525e-13
-4.23615e-13
-4.19027e-13
-4.14783e-13
-4.09024e-13
-4.0233e-13
-3.94343e-13
-3.85981e-13
-3.7809e-13
-3.7089e-13
-3.60777e-13
-3.53383e-13
-3.47146e-13
-3.39061e-13
-3.33721e-13
-3.30751e-13
-3.2824e-13
-3.20752e-13
-3.13575e-13
-3.05088e-13
-2.98877e-13
-2.97749e-13
-2.89241e-13
-2.79068e-13
-2.71e-13
-2.61807e-13
-2.49572e-13
-2.39374e-13
-2.35949e-13
-2.2862e-13
-2.22513e-13
-2.17582e-13
-2.11004e-13
-2.06064e-13
-1.95132e-13
-1.78462e-13
-1.65635e-13
-1.63679e-13
-1.62832e-13
-1.56762e-13
-1.45762e-13
-1.35508e-13
-1.2925e-13
-1.18939e-13
-1.11566e-13
-1.05279e-13
-9.10125e-14
-7.93136e-14
-7.51748e-14
-6.83235e-14
-6.00868e-14
-4.9848e-14
-4.1484e-14
-3.57897e-14
-3.24852e-14
-3.19387e-14
-2.81128e-14
-1.48115e-14
-3.84797e-16
5.86256e-15
1.88545e-15
-6.7354e-13
-6.7356e-13
-6.76808e-13
-6.7644e-13
-6.74509e-13
-6.68877e-13
-6.66865e-13
-6.65741e-13
-6.65184e-13
-6.57226e-13
-6.50879e-13
-6.45773e-13
-6.44081e-13
-6.39711e-13
-6.35998e-13
-6.33129e-13
-6.2447e-13
-6.11912e-13
-6.02399e-13
-5.89492e-13
-5.76002e-13
-5.61697e-13
-5.55163e-13
-5.51545e-13
-5.45482e-13
-5.39001e-13
-5.39108e-13
-5.31962e-13
-5.2031e-13
-5.14902e-13
-5.13258e-13
-5.06252e-13
-4.98412e-13
-4.85426e-13
-4.66692e-13
-4.55596e-13
-4.51902e-13
-4.47466e-13
-4.41491e-13
-4.32716e-13
-4.25284e-13
-4.18282e-13
-4.14721e-13
-4.11274e-13
-4.05412e-13
-3.99984e-13
-3.87219e-13
-3.74918e-13
-3.66551e-13
-3.56864e-13
-3.51193e-13
-3.49079e-13
-3.42742e-13
-3.35713e-13
-3.31055e-13
-3.26336e-13
-3.16707e-13
-3.1067e-13
-3.04445e-13
-2.99542e-13
-2.97508e-13
-2.87873e-13
-2.77545e-13
-2.70312e-13
-2.60095e-13
-2.48442e-13
-2.40841e-13
-2.33128e-13
-2.26849e-13
-2.28184e-13
-2.24571e-13
-2.15033e-13
-2.05338e-13
-1.91953e-13
-1.77072e-13
-1.6504e-13
-1.61267e-13
-1.62996e-13
-1.55873e-13
-1.46485e-13
-1.37419e-13
-1.28828e-13
-1.18063e-13
-1.09329e-13
-1.03769e-13
-9.24367e-14
-7.90114e-14
-7.38126e-14
-6.96148e-14
-6.17383e-14
-5.13278e-14
-4.03569e-14
-3.59342e-14
-3.48004e-14
-3.52822e-14
-2.83085e-14
-1.21479e-14
-2.462e-15
3.32951e-15
2.03269e-15
-6.76665e-13
-6.7653e-13
-6.7843e-13
-6.72928e-13
-6.69402e-13
-6.69846e-13
-6.6931e-13
-6.66321e-13
-6.62432e-13
-6.57233e-13
-6.49536e-13
-6.45935e-13
-6.42547e-13
-6.39998e-13
-6.36923e-13
-6.30235e-13
-6.23193e-13
-6.12828e-13
-6.00639e-13
-5.90285e-13
-5.71615e-13
-5.61969e-13
-5.59143e-13
-5.52445e-13
-5.46842e-13
-5.41052e-13
-5.37533e-13
-5.35715e-13
-5.29546e-13
-5.20612e-13
-5.1209e-13
-5.0244e-13
-4.91659e-13
-4.76892e-13
-4.62377e-13
-4.5425e-13
-4.53094e-13
-4.49036e-13
-4.44518e-13
-4.35431e-13
-4.25769e-13
-4.21898e-13
-4.15993e-13
-4.07782e-13
-4.02832e-13
-3.96252e-13
-3.86789e-13
-3.73735e-13
-3.66515e-13
-3.60024e-13
-3.53187e-13
-3.49831e-13
-3.45288e-13
-3.34185e-13
-3.28991e-13
-3.25184e-13
-3.1666e-13
-3.10471e-13
-3.0451e-13
-3.00338e-13
-2.95849e-13
-2.88399e-13
-2.79135e-13
-2.7274e-13
-2.61647e-13
-2.50063e-13
-2.42821e-13
-2.38051e-13
-2.29678e-13
-2.19544e-13
-2.1609e-13
-2.11264e-13
-2.03515e-13
-1.9145e-13
-1.78249e-13
-1.67528e-13
-1.64733e-13
-1.61399e-13
-1.55274e-13
-1.47844e-13
-1.38205e-13
-1.27013e-13
-1.17353e-13
-1.10079e-13
-1.04747e-13
-9.27682e-14
-7.9946e-14
-7.47132e-14
-6.5986e-14
-5.68047e-14
-5.11815e-14
-4.38937e-14
-3.81499e-14
-3.54609e-14
-3.36616e-14
-2.55177e-14
-1.55345e-14
-5.43267e-15
1.12222e-15
9.79947e-16
-6.69058e-13
-6.79832e-13
-6.79866e-13
-6.77367e-13
-6.73697e-13
-6.70946e-13
-6.70901e-13
-6.66883e-13
-6.626e-13
-6.5574e-13
-6.45112e-13
-6.38249e-13
-6.37146e-13
-6.371e-13
-6.35487e-13
-6.30327e-13
-6.25393e-13
-6.14961e-13
-6.00403e-13
-5.89571e-13
-5.78989e-13
-5.68109e-13
-5.59098e-13
-5.50453e-13
-5.45213e-13
-5.39355e-13
-5.36516e-13
-5.32824e-13
-5.27909e-13
-5.17704e-13
-5.06945e-13
-4.98084e-13
-4.8896e-13
-4.8009e-13
-4.71129e-13
-4.61264e-13
-4.53968e-13
-4.47824e-13
-4.42707e-13
-4.34337e-13
-4.26801e-13
-4.23185e-13
-4.16093e-13
-4.09255e-13
-4.04403e-13
-3.95792e-13
-3.84606e-13
-3.75626e-13
-3.68559e-13
-3.61129e-13
-3.52566e-13
-3.46433e-13
-3.43491e-13
-3.35893e-13
-3.31156e-13
-3.23624e-13
-3.14314e-13
-3.11985e-13
-3.06109e-13
-3.00442e-13
-2.94261e-13
-2.84851e-13
-2.74268e-13
-2.66626e-13
-2.60753e-13
-2.55591e-13
-2.48769e-13
-2.41255e-13
-2.33396e-13
-2.24723e-13
-2.15027e-13
-2.06387e-13
-1.96044e-13
-1.86891e-13
-1.78502e-13
-1.72226e-13
-1.67893e-13
-1.60461e-13
-1.52064e-13
-1.45045e-13
-1.38741e-13
-1.28066e-13
-1.17526e-13
-1.09539e-13
-1.01681e-13
-9.13478e-14
-8.23972e-14
-7.13928e-14
-6.40896e-14
-6.03471e-14
-5.3237e-14
-4.55824e-14
-4.12772e-14
-3.72379e-14
-3.2479e-14
-2.78333e-14
-2.10698e-14
-1.01788e-14
-3.77709e-15
-5.60015e-16
-6.74768e-13
-6.75084e-13
-6.7551e-13
-6.75501e-13
-6.73601e-13
-6.74535e-13
-6.72779e-13
-6.68525e-13
-6.5784e-13
-6.51935e-13
-6.43971e-13
-6.39507e-13
-6.36357e-13
-6.389e-13
-6.38726e-13
-6.32759e-13
-6.24341e-13
-6.07047e-13
-5.9785e-13
-5.86465e-13
-5.74526e-13
-5.69796e-13
-5.65165e-13
-5.5777e-13
-5.50035e-13
-5.42365e-13
-5.37308e-13
-5.3107e-13
-5.27618e-13
-5.18395e-13
-5.06661e-13
-4.94136e-13
-4.86671e-13
-4.79634e-13
-4.68732e-13
-4.6053e-13
-4.53361e-13
-4.47815e-13
-4.42331e-13
-4.34934e-13
-4.28781e-13
-4.23388e-13
-4.15368e-13
-4.09576e-13
-4.0195e-13
-3.95445e-13
-3.85664e-13
-3.77272e-13
-3.68589e-13
-3.61028e-13
-3.52506e-13
-3.45391e-13
-3.4302e-13
-3.37455e-13
-3.32482e-13
-3.24494e-13
-3.15975e-13
-3.11089e-13
-3.03849e-13
-2.96871e-13
-2.93152e-13
-2.86511e-13
-2.7858e-13
-2.72357e-13
-2.61205e-13
-2.54352e-13
-2.4738e-13
-2.42146e-13
-2.34655e-13
-2.23915e-13
-2.11702e-13
-2.01597e-13
-1.94544e-13
-1.89898e-13
-1.8238e-13
-1.74183e-13
-1.66677e-13
-1.55591e-13
-1.51185e-13
-1.45491e-13
-1.40427e-13
-1.31838e-13
-1.18546e-13
-1.08194e-13
-9.94657e-14
-9.05362e-14
-8.03005e-14
-7.32895e-14
-6.6008e-14
-6.02198e-14
-5.35579e-14
-4.62127e-14
-4.04413e-14
-3.88149e-14
-3.37716e-14
-2.95576e-14
-2.10635e-14
-1.02814e-14
-5.12254e-15
2.18975e-17
-6.77624e-13
-6.75785e-13
-6.72773e-13
-6.74925e-13
-6.74534e-13
-6.73219e-13
-6.74649e-13
-6.72686e-13
-6.60702e-13
-6.52089e-13
-6.40568e-13
-6.35771e-13
-6.35647e-13
-6.36328e-13
-6.34104e-13
-6.29464e-13
-6.21624e-13
-6.10924e-13
-6.00597e-13
-5.91713e-13
-5.78113e-13
-5.69573e-13
-5.6468e-13
-5.56026e-13
-5.47364e-13
-5.41564e-13
-5.38342e-13
-5.32692e-13
-5.24473e-13
-5.15455e-13
-5.032e-13
-4.92701e-13
-4.87912e-13
-4.80781e-13
-4.73874e-13
-4.60222e-13
-4.52077e-13
-4.48443e-13
-4.43724e-13
-4.36449e-13
-4.29916e-13
-4.2102e-13
-4.13958e-13
-4.0792e-13
-4.02728e-13
-3.95258e-13
-3.8727e-13
-3.76839e-13
-3.70927e-13
-3.61073e-13
-3.54071e-13
-3.48412e-13
-3.42058e-13
-3.35143e-13
-3.29276e-13
-3.2282e-13
-3.16145e-13
-3.09131e-13
-3.00903e-13
-2.97571e-13
-2.95602e-13
-2.90301e-13
-2.77689e-13
-2.68935e-13
-2.60387e-13
-2.55872e-13
-2.48221e-13
-2.39249e-13
-2.32146e-13
-2.25246e-13
-2.16408e-13
-2.05879e-13
-1.93835e-13
-1.84293e-13
-1.77682e-13
-1.72543e-13
-1.6886e-13
-1.61149e-13
-1.51151e-13
-1.42037e-13
-1.34569e-13
-1.2949e-13
-1.21839e-13
-1.11605e-13
-1.022e-13
-8.93339e-14
-7.76716e-14
-7.17599e-14
-6.5061e-14
-6.1145e-14
-5.50915e-14
-4.87077e-14
-4.38123e-14
-4.00483e-14
-3.47046e-14
-2.63475e-14
-1.74616e-14
-9.92112e-15
-5.68529e-15
-8.03979e-17
-6.76925e-13
-6.7425e-13
-6.74234e-13
-6.7146e-13
-6.7555e-13
-6.78563e-13
-6.71996e-13
-6.66475e-13
-6.59534e-13
-6.50584e-13
-6.43054e-13
-6.38924e-13
-6.38056e-13
-6.366e-13
-6.32487e-13
-6.2919e-13
-6.23941e-13
-6.12832e-13
-5.99971e-13
-5.90913e-13
-5.77815e-13
-5.68405e-13
-5.63591e-13
-5.54113e-13
-5.48395e-13
-5.45578e-13
-5.38877e-13
-5.29211e-13
-5.2312e-13
-5.17073e-13
-5.07296e-13
-4.97134e-13
-4.86066e-13
-4.74694e-13
-4.68291e-13
-4.60716e-13
-4.53657e-13
-4.49924e-13
-4.44069e-13
-4.36307e-13
-4.29027e-13
-4.21314e-13
-4.13157e-13
-4.08905e-13
-4.05248e-13
-3.95846e-13
-3.84712e-13
-3.75937e-13
-3.69109e-13
-3.62159e-13
-3.54401e-13
-3.46785e-13
-3.4077e-13
-3.34548e-13
-3.27369e-13
-3.22104e-13
-3.17186e-13
-3.11573e-13
-3.06647e-13
-3.00656e-13
-2.92252e-13
-2.8259e-13
-2.73528e-13
-2.68929e-13
-2.64477e-13
-2.59684e-13
-2.52287e-13
-2.42282e-13
-2.33451e-13
-2.23922e-13
-2.11394e-13
-2.0093e-13
-1.91254e-13
-1.85983e-13
-1.81532e-13
-1.7613e-13
-1.68137e-13
-1.58721e-13
-1.50621e-13
-1.42546e-13
-1.36879e-13
-1.2915e-13
-1.1634e-13
-1.07035e-13
-1.01233e-13
-9.26894e-14
-7.9775e-14
-7.05971e-14
-6.56509e-14
-6.24519e-14
-5.52658e-14
-4.88668e-14
-4.3541e-14
-4.01325e-14
-3.4472e-14
-2.70132e-14
-2.04543e-14
-1.11037e-14
-6.39703e-15
-1.9778e-15
-6.75365e-13
-6.70991e-13
-6.76256e-13
-6.77771e-13
-6.7616e-13
-6.75081e-13
-6.75002e-13
-6.67884e-13
-6.60506e-13
-6.53182e-13
-6.44828e-13
-6.38427e-13
-6.33265e-13
-6.31056e-13
-6.28525e-13
-6.26666e-13
-6.21653e-13
-6.12836e-13
-6.01615e-13
-5.90275e-13
-5.79647e-13
-5.73676e-13
-5.6646e-13
-5.58281e-13
-5.49545e-13
-5.43391e-13
-5.38663e-13
-5.27631e-13
-5.2133e-13
-5.15465e-13
-5.0463e-13
-4.95878e-13
-4.8534e-13
-4.75395e-13
-4.67698e-13
-4.61672e-13
-4.5276e-13
-4.48668e-13
-4.44699e-13
-4.39175e-13
-4.2926e-13
-4.206e-13
-4.12914e-13
-4.07322e-13
-4.03126e-13
-3.95903e-13
-3.87321e-13
-3.77757e-13
-3.68164e-13
-3.60438e-13
-3.53985e-13
-3.47821e-13
-3.40343e-13
-3.33833e-13
-3.27214e-13
-3.21371e-13
-3.16341e-13
-3.10354e-13
-3.05821e-13
-3.00697e-13
-2.91272e-13
-2.84317e-13
-2.76756e-13
-2.69363e-13
-2.64258e-13
-2.57886e-13
-2.49218e-13
-2.41915e-13
-2.33579e-13
-2.22011e-13
-2.12966e-13
-2.03121e-13
-1.93874e-13
-1.87679e-13
-1.80744e-13
-1.73171e-13
-1.65362e-13
-1.55649e-13
-1.49489e-13
-1.43286e-13
-1.37649e-13
-1.30679e-13
-1.19477e-13
-1.09302e-13
-9.90118e-14
-9.00676e-14
-7.99871e-14
-6.99488e-14
-6.52351e-14
-6.29258e-14
-5.79531e-14
-5.05446e-14
-4.24606e-14
-4.0188e-14
-3.44871e-14
-2.72076e-14
-1.8954e-14
-1.1243e-14
-7.0512e-15
-2.4186e-15
-6.74524e-13
-6.70181e-13
-6.73237e-13
-6.80097e-13
-6.79423e-13
-6.76953e-13
-6.73854e-13
-6.68139e-13
-6.62169e-13
-6.53896e-13
-6.43335e-13
-6.36055e-13
-6.33534e-13
-6.33898e-13
-6.34403e-13
-6.27847e-13
-6.20591e-13
-6.09971e-13
-5.97019e-13
-5.87735e-13
-5.80733e-13
-5.74033e-13
-5.65455e-13
-5.57326e-13
-5.49881e-13
-5.45667e-13
-5.39151e-13
-5.30715e-13
-5.20391e-13
-5.11676e-13
-5.0399e-13
-4.91943e-13
-4.79517e-13
-4.74063e-13
-4.70427e-13
-4.63524e-13
-4.55672e-13
-4.49113e-13
-4.42229e-13
-4.34148e-13
-4.28904e-13
-4.21082e-13
-4.13695e-13
-4.09927e-13
-4.05509e-13
-3.95898e-13
-3.86591e-13
-3.77353e-13
-3.68303e-13
-3.59609e-13
-3.50554e-13
-3.45037e-13
-3.43154e-13
-3.35547e-13
-3.27303e-13
-3.20931e-13
-3.15131e-13
-3.10767e-13
-3.05863e-13
-2.98478e-13
-2.90709e-13
-2.84731e-13
-2.81815e-13
-2.7412e-13
-2.65052e-13
-2.54212e-13
-2.43217e-13
-2.35876e-13
-2.29709e-13
-2.23912e-13
-2.17088e-13
-2.08008e-13
-1.97829e-13
-1.8724e-13
-1.782e-13
-1.71997e-13
-1.65836e-13
-1.58665e-13
-1.50199e-13
-1.40258e-13
-1.32829e-13
-1.28272e-13
-1.22376e-13
-1.109e-13
-9.74399e-14
-8.67529e-14
-7.87616e-14
-7.02261e-14
-6.54032e-14
-6.51326e-14
-6.14666e-14
-5.31082e-14
-4.40202e-14
-3.9156e-14
-3.1847e-14
-2.60303e-14
-1.63299e-14
-8.92985e-15
-3.18652e-15
-6.25126e-16
-6.7433e-13
-6.73336e-13
-6.76514e-13
-6.77619e-13
-6.79712e-13
-6.80055e-13
-6.75922e-13
-6.67725e-13
-6.58541e-13
-6.51215e-13
-6.42506e-13
-6.39676e-13
-6.36612e-13
-6.33509e-13
-6.28503e-13
-6.23964e-13
-6.12135e-13
-6.09852e-13
-6.03838e-13
-5.9505e-13
-5.84502e-13
-5.7418e-13
-5.67331e-13
-5.60405e-13
-5.53853e-13
-5.4536e-13
-5.3513e-13
-5.27408e-13
-5.18691e-13
-5.10421e-13
-5.06808e-13
-4.9438e-13
-4.80612e-13
-4.73574e-13
-4.6523e-13
-4.59852e-13
-4.55124e-13
-4.51677e-13
-4.45204e-13
-4.37421e-13
-4.30083e-13
-4.17766e-13
-4.11323e-13
-4.0764e-13
-4.04386e-13
-3.96618e-13
-3.89052e-13
-3.78068e-13
-3.69629e-13
-3.60486e-13
-3.52159e-13
-3.44849e-13
-3.41633e-13
-3.35283e-13
-3.27531e-13
-3.17963e-13
-3.11158e-13
-3.09991e-13
-3.0655e-13
-3.0343e-13
-2.93564e-13
-2.84283e-13
-2.76539e-13
-2.69983e-13
-2.62861e-13
-2.56309e-13
-2.49503e-13
-2.3878e-13
-2.28992e-13
-2.2061e-13
-2.1328e-13
-2.04396e-13
-1.94572e-13
-1.85657e-13
-1.77583e-13
-1.73282e-13
-1.67922e-13
-1.59393e-13
-1.50343e-13
-1.4117e-13
-1.34586e-13
-1.28593e-13
-1.17905e-13
-1.0697e-13
-9.80033e-14
-9.09782e-14
-8.28637e-14
-7.38733e-14
-6.77451e-14
-6.29279e-14
-5.7116e-14
-5.26849e-14
-4.60677e-14
-3.73641e-14
-3.05837e-14
-2.33467e-14
-1.67203e-14
-1.08965e-14
-6.04971e-15
-1.76364e-15
-6.75132e-13
-6.73415e-13
-6.73047e-13
-6.79588e-13
-6.80731e-13
-6.80102e-13
-6.75183e-13
-6.67313e-13
-6.5985e-13
-6.51762e-13
-6.425e-13
-6.36568e-13
-6.35589e-13
-6.35469e-13
-6.31026e-13
-6.24876e-13
-6.18424e-13
-6.11749e-13
-6.01907e-13
-5.91651e-13
-5.81913e-13
-5.73561e-13
-5.65978e-13
-5.58444e-13
-5.51509e-13
-5.45155e-13
-5.36916e-13
-5.30896e-13
-5.22602e-13
-5.09785e-13
-5.01861e-13
-4.9124e-13
-4.80777e-13
-4.74215e-13
-4.68108e-13
-4.61775e-13
-4.56535e-13
-4.48899e-13
-4.42219e-13
-4.34243e-13
-4.29905e-13
-4.19878e-13
-4.14057e-13
-4.09519e-13
-4.03036e-13
-3.94858e-13
-3.86525e-13
-3.79332e-13
-3.68935e-13
-3.57932e-13
-3.5135e-13
-3.46174e-13
-3.42662e-13
-3.3405e-13
-3.28881e-13
-3.2383e-13
-3.15266e-13
-3.08395e-13
-3.0446e-13
-2.99815e-13
-2.94413e-13
-2.87475e-13
-2.78272e-13
-2.69763e-13
-2.6071e-13
-2.53329e-13
-2.46346e-13
-2.37869e-13
-2.30092e-13
-2.22292e-13
-2.1544e-13
-2.06413e-13
-1.9651e-13
-1.86917e-13
-1.78327e-13
-1.72027e-13
-1.68319e-13
-1.58952e-13
-1.48773e-13
-1.39164e-13
-1.32174e-13
-1.28456e-13
-1.22384e-13
-1.08847e-13
-9.83777e-14
-8.75814e-14
-7.82689e-14
-7.17004e-14
-6.76632e-14
-6.44104e-14
-6.02147e-14
-5.312e-14
-4.69308e-14
-3.8267e-14
-3.06233e-14
-2.30888e-14
-1.5066e-14
-9.38748e-15
-5.64231e-15
-3.14833e-15
-6.72981e-13
-6.72779e-13
-6.75713e-13
-6.79711e-13
-6.81702e-13
-6.7922e-13
-6.77599e-13
-6.70206e-13
-6.6102e-13
-6.52993e-13
-6.41601e-13
-6.33515e-13
-6.3554e-13
-6.32415e-13
-6.29371e-13
-6.23072e-13
-6.13189e-13
-6.10558e-13
-6.05719e-13
-5.98724e-13
-5.84845e-13
-5.74415e-13
-5.68799e-13
-5.61665e-13
-5.49674e-13
-5.41577e-13
-5.3468e-13
-5.28679e-13
-5.21447e-13
-5.15437e-13
-5.06159e-13
-4.91119e-13
-4.80275e-13
-4.71509e-13
-4.65342e-13
-4.59896e-13
-4.5423e-13
-4.5002e-13
-4.45982e-13
-4.37598e-13
-4.29872e-13
-4.20116e-13
-4.13507e-13
-4.06627e-13
-4.01935e-13
-3.95731e-13
-3.88985e-13
-3.79657e-13
-3.6898e-13
-3.60663e-13
-3.53404e-13
-3.45057e-13
-3.41055e-13
-3.33618e-13
-3.26623e-13
-3.20843e-13
-3.14257e-13
-3.10064e-13
-3.06002e-13
-3.00959e-13
-2.93114e-13
-2.85522e-13
-2.76918e-13
-2.69471e-13
-2.6219e-13
-2.55103e-13
-2.48867e-13
-2.39022e-13
-2.29807e-13
-2.22161e-13
-2.1292e-13
-2.0185e-13
-1.93372e-13
-1.86135e-13
-1.80191e-13
-1.74103e-13
-1.68513e-13
-1.59883e-13
-1.48617e-13
-1.37859e-13
-1.32547e-13
-1.29078e-13
-1.22698e-13
-1.09502e-13
-9.71762e-14
-8.72648e-14
-8.10693e-14
-7.31425e-14
-6.85292e-14
-6.33336e-14
-5.94124e-14
-5.54545e-14
-4.80249e-14
-3.91461e-14
-2.974e-14
-2.06728e-14
-1.34344e-14
-7.93228e-15
-4.21446e-15
-5.10385e-15
)
;

boundaryField
{
    inlet
    {
        type            calculated;
        value           nonuniform List<scalar> 
40
(
-6.865e-13
-6.83045e-13
-6.82282e-13
-6.83274e-13
-6.83931e-13
-6.80452e-13
-6.85258e-13
-6.83604e-13
-6.85695e-13
-6.85066e-13
-6.83024e-13
-6.85333e-13
-6.83164e-13
-6.79601e-13
-6.78308e-13
-6.76789e-13
-6.8299e-13
-6.82146e-13
-6.7695e-13
-6.83333e-13
-6.85698e-13
-6.83238e-13
-6.77779e-13
-6.8357e-13
-6.80771e-13
-6.72949e-13
-6.73213e-13
-6.74889e-13
-6.73247e-13
-6.7354e-13
-6.76665e-13
-6.69058e-13
-6.74768e-13
-6.77624e-13
-6.76925e-13
-6.75365e-13
-6.74524e-13
-6.7433e-13
-6.75132e-13
-6.72981e-13
)
;
    }
    outlet
    {
        type            calculated;
        value           uniform 0;
    }
    down
    {
        type            empty;
    }
    up
    {
        type            empty;
    }
    sides
    {
        type            calculated;
        value           nonuniform List<scalar> 
200
(
-6.865e-13
-6.80792e-13
-6.81904e-13
-6.84348e-13
-6.82888e-13
-6.8373e-13
-6.81443e-13
-6.76249e-13
-6.66869e-13
-6.62098e-13
-6.62976e-13
-6.57672e-13
-6.49098e-13
-6.36348e-13
-6.22075e-13
-6.16465e-13
-6.13053e-13
-6.10457e-13
-6.02521e-13
-5.90604e-13
-5.79797e-13
-5.72264e-13
-5.66983e-13
-5.57796e-13
-5.46835e-13
-5.35701e-13
-5.32827e-13
-5.27928e-13
-5.2127e-13
-5.09341e-13
-4.94584e-13
-4.86973e-13
-4.84557e-13
-4.81358e-13
-4.75838e-13
-4.71549e-13
-4.60597e-13
-4.4308e-13
-4.25821e-13
-4.21326e-13
-4.20476e-13
-4.18518e-13
-4.18008e-13
-4.12185e-13
-4.0295e-13
-3.93984e-13
-3.85018e-13
-3.75808e-13
-3.67786e-13
-3.60697e-13
-3.53221e-13
-3.46185e-13
-3.39657e-13
-3.31833e-13
-3.24521e-13
-3.12703e-13
-3.05609e-13
-3.04e-13
-3.02393e-13
-3.0016e-13
-2.92473e-13
-2.85802e-13
-2.76417e-13
-2.65414e-13
-2.58081e-13
-2.51383e-13
-2.47004e-13
-2.38655e-13
-2.28255e-13
-2.21579e-13
-2.14396e-13
-2.06398e-13
-1.92996e-13
-1.85648e-13
-1.8384e-13
-1.80053e-13
-1.74902e-13
-1.68242e-13
-1.58381e-13
-1.44226e-13
-1.31732e-13
-1.25453e-13
-1.16934e-13
-1.1167e-13
-1.05752e-13
-9.96034e-14
-9.07021e-14
-8.26852e-14
-7.9265e-14
-7.47721e-14
-6.88791e-14
-6.20292e-14
-5.592e-14
-5.11669e-14
-4.1695e-14
-3.28687e-14
-2.54279e-14
-1.75855e-14
-9.28271e-15
-2.1421e-15
-6.72981e-13
-6.72779e-13
-6.75713e-13
-6.79711e-13
-6.81702e-13
-6.7922e-13
-6.77599e-13
-6.70206e-13
-6.6102e-13
-6.52993e-13
-6.41601e-13
-6.33515e-13
-6.3554e-13
-6.32415e-13
-6.29371e-13
-6.23072e-13
-6.13189e-13
-6.10558e-13
-6.05719e-13
-5.98724e-13
-5.84845e-13
-5.74415e-13
-5.68799e-13
-5.61665e-13
-5.49674e-13
-5.41577e-13
-5.3468e-13
-5.28679e-13
-5.21447e-13
-5.15437e-13
-5.06159e-13
-4.91119e-13
-4.80275e-13
-4.71509e-13
-4.65342e-13
-4.59896e-13
-4.5423e-13
-4.5002e-13
-4.45982e-13
-4.37598e-13
-4.29872e-13
-4.20116e-13
-4.13507e-13
-4.06627e-13
-4.01935e-13
-3.95731e-13
-3.88985e-13
-3.79657e-13
-3.6898e-13
-3.60663e-13
-3.53404e-13
-3.45057e-13
-3.41055e-13
-3.33618e-13
-3.26623e-13
-3.20843e-13
-3.14257e-13
-3.10064e-13
-3.06002e-13
-3.00959e-13
-2.93114e-13
-2.85522e-13
-2.76918e-13
-2.69471e-13
-2.6219e-13
-2.55103e-13
-2.48867e-13
-2.39022e-13
-2.29807e-13
-2.22161e-13
-2.1292e-13
-2.0185e-13
-1.93372e-13
-1.86135e-13
-1.80191e-13
-1.74103e-13
-1.68513e-13
-1.59883e-13
-1.48617e-13
-1.37859e-13
-1.32547e-13
-1.29078e-13
-1.22698e-13
-1.09502e-13
-9.71762e-14
-8.72648e-14
-8.10693e-14
-7.31425e-14
-6.85292e-14
-6.33336e-14
-5.94124e-14
-5.54545e-14
-4.80249e-14
-3.91461e-14
-2.974e-14
-2.06728e-14
-1.34344e-14
-7.93228e-15
-4.21446e-15
-5.10385e-15
)
;
    }
}

