/*--------------------------------*- C++ -*----------------------------------*\
| =========                 |                                                 |
| \\      /  F ield         | OpenFOAM: The Open Source CFD Toolbox           |
|  \\    /   O peration     | Version:  v2012                                 |
|   \\  /    A nd           | Website:  www.openfoam.com                      |
|    \\/     M anipulation  |                                                 |
\*---------------------------------------------------------------------------*/
FoamFile
{
    version     2.0;
    format      ascii;
    class       volScalarField;
    location    "0";
    object      pRec;
}
// * * * * * * * * * * * * * * * * * * * * * * * * * * * * * * * * * * * * * //

dimensions      [0 2 -2 0 0 0 0];


internalField   nonuniform List<scalar> 
4000
(
-7.07494e-13
-7.01583e-13
-7.02935e-13
-7.06347e-13
-7.03969e-13
-7.04445e-13
-7.03183e-13
-6.97935e-13
-6.87044e-13
-6.83323e-13
-6.84903e-13
-6.79135e-13
-6.66882e-13
-6.51799e-13
-6.37899e-13
-6.31012e-13
-6.25971e-13
-6.23289e-13
-6.15729e-13
-6.00965e-13
-5.89571e-13
-5.82394e-13
-5.76826e-13
-5.69907e-13
-5.59167e-13
-5.48165e-13
-5.46656e-13
-5.4067e-13
-5.34107e-13
-5.231e-13
-5.0599e-13
-4.99119e-13
-4.9755e-13
-4.96173e-13
-4.91365e-13
-4.89051e-13
-4.80015e-13
-4.60402e-13
-4.42139e-13
-4.38854e-13
-4.40206e-13
-4.38877e-13
-4.39647e-13
-4.33069e-13
-4.20916e-13
-4.11874e-13
-4.03067e-13
-3.93558e-13
-3.83774e-13
-3.7572e-13
-3.66159e-13
-3.57706e-13
-3.49967e-13
-3.40597e-13
-3.31925e-13
-3.18764e-13
-3.12037e-13
-3.09049e-13
-3.06535e-13
-3.03627e-13
-2.95353e-13
-2.87916e-13
-2.77484e-13
-2.65013e-13
-2.56751e-13
-2.49365e-13
-2.45244e-13
-2.3731e-13
-2.26485e-13
-2.18741e-13
-2.11373e-13
-2.05086e-13
-1.9202e-13
-1.85107e-13
-1.84543e-13
-1.80346e-13
-1.77315e-13
-1.71205e-13
-1.62467e-13
-1.49433e-13
-1.36348e-13
-1.30841e-13
-1.2231e-13
-1.18311e-13
-1.14563e-13
-1.08834e-13
-9.90614e-14
-9.09402e-14
-8.73072e-14
-8.35125e-14
-7.71807e-14
-7.07324e-14
-6.3191e-14
-5.68848e-14
-4.78389e-14
-3.84356e-14
-2.98655e-14
-2.13604e-14
-1.22451e-14
-3.06756e-15
-7.03828e-13
-7.02661e-13
-7.06088e-13
-7.05993e-13
-7.0651e-13
-7.02967e-13
-7.00102e-13
-6.97548e-13
-6.92067e-13
-6.87131e-13
-6.81083e-13
-6.75205e-13
-6.64951e-13
-6.52793e-13
-6.41212e-13
-6.34375e-13
-6.29251e-13
-6.21795e-13
-6.12133e-13
-6.04399e-13
-5.93634e-13
-5.81192e-13
-5.72729e-13
-5.66383e-13
-5.56919e-13
-5.50705e-13
-5.47778e-13
-5.41534e-13
-5.32806e-13
-5.19026e-13
-5.09445e-13
-5.02754e-13
-4.96919e-13
-4.92831e-13
-4.88659e-13
-4.85131e-13
-4.77782e-13
-4.64524e-13
-4.49603e-13
-4.43312e-13
-4.40015e-13
-4.37924e-13
-4.361e-13
-4.30905e-13
-4.22889e-13
-4.12157e-13
-4.01491e-13
-3.93393e-13
-3.84182e-13
-3.73068e-13
-3.65005e-13
-3.56794e-13
-3.49855e-13
-3.41693e-13
-3.33069e-13
-3.21691e-13
-3.11952e-13
-3.07177e-13
-3.04743e-13
-3.02103e-13
-2.97692e-13
-2.87928e-13
-2.78784e-13
-2.66864e-13
-2.58388e-13
-2.48995e-13
-2.42679e-13
-2.36458e-13
-2.28616e-13
-2.20266e-13
-2.11853e-13
-2.05016e-13
-1.97341e-13
-1.88264e-13
-1.84211e-13
-1.76968e-13
-1.75868e-13
-1.68875e-13
-1.59322e-13
-1.47367e-13
-1.37508e-13
-1.3241e-13
-1.26349e-13
-1.20985e-13
-1.12271e-13
-1.06314e-13
-9.71884e-14
-8.88325e-14
-8.5546e-14
-8.19855e-14
-7.89392e-14
-7.33828e-14
-6.71892e-14
-5.5028e-14
-4.62396e-14
-3.91716e-14
-2.94888e-14
-2.15518e-14
-1.40792e-14
-4.95592e-15
-7.03482e-13
-7.02471e-13
-7.04759e-13
-7.08255e-13
-7.0931e-13
-7.04452e-13
-6.99217e-13
-6.96423e-13
-6.9043e-13
-6.86788e-13
-6.8128e-13
-6.74447e-13
-6.64658e-13
-6.54084e-13
-6.43156e-13
-6.3485e-13
-6.28895e-13
-6.21351e-13
-6.12585e-13
-6.03309e-13
-5.92238e-13
-5.82923e-13
-5.73813e-13
-5.67232e-13
-5.58852e-13
-5.53208e-13
-5.4873e-13
-5.40663e-13
-5.30464e-13
-5.16892e-13
-5.10134e-13
-5.03137e-13
-4.97075e-13
-4.94297e-13
-4.90541e-13
-4.86526e-13
-4.76571e-13
-4.66328e-13
-4.5489e-13
-4.43564e-13
-4.39117e-13
-4.34405e-13
-4.35257e-13
-4.31578e-13
-4.24222e-13
-4.12618e-13
-4.00356e-13
-3.90519e-13
-3.84615e-13
-3.79272e-13
-3.67418e-13
-3.56991e-13
-3.47438e-13
-3.385e-13
-3.31344e-13
-3.22862e-13
-3.12037e-13
-3.09439e-13
-3.09884e-13
-3.03349e-13
-2.95267e-13
-2.82696e-13
-2.74028e-13
-2.68306e-13
-2.61398e-13
-2.5292e-13
-2.45676e-13
-2.35138e-13
-2.27271e-13
-2.1719e-13
-2.08684e-13
-2.02114e-13
-1.9351e-13
-1.87811e-13
-1.83708e-13
-1.79629e-13
-1.74465e-13
-1.68954e-13
-1.58674e-13
-1.48014e-13
-1.4311e-13
-1.34722e-13
-1.22324e-13
-1.17008e-13
-1.11758e-13
-1.08665e-13
-1.02326e-13
-9.22869e-14
-8.5439e-14
-7.97877e-14
-7.64184e-14
-7.26305e-14
-6.52655e-14
-5.64134e-14
-4.54227e-14
-3.63017e-14
-3.00194e-14
-2.26543e-14
-1.79733e-14
-5.68434e-15
-7.04605e-13
-7.05932e-13
-7.06854e-13
-7.02861e-13
-7.07473e-13
-7.01254e-13
-6.992e-13
-6.96692e-13
-6.94712e-13
-6.89317e-13
-6.7933e-13
-6.69424e-13
-6.61111e-13
-6.55119e-13
-6.52484e-13
-6.4173e-13
-6.26838e-13
-6.1765e-13
-6.11749e-13
-6.02147e-13
-5.92932e-13
-5.85099e-13
-5.74703e-13
-5.60885e-13
-5.53788e-13
-5.50733e-13
-5.47944e-13
-5.42564e-13
-5.30199e-13
-5.21246e-13
-5.14443e-13
-5.06673e-13
-4.97891e-13
-4.92076e-13
-4.85982e-13
-4.85905e-13
-4.76654e-13
-4.6476e-13
-4.56083e-13
-4.46513e-13
-4.42715e-13
-4.40013e-13
-4.35133e-13
-4.28555e-13
-4.1887e-13
-4.08514e-13
-4.00039e-13
-3.9478e-13
-3.86396e-13
-3.72386e-13
-3.62326e-13
-3.56003e-13
-3.49736e-13
-3.42821e-13
-3.30711e-13
-3.23775e-13
-3.14266e-13
-3.09353e-13
-3.08744e-13
-3.02224e-13
-2.93427e-13
-2.83894e-13
-2.78482e-13
-2.70875e-13
-2.60695e-13
-2.52072e-13
-2.44371e-13
-2.35145e-13
-2.28057e-13
-2.19709e-13
-2.12776e-13
-2.05661e-13
-1.96749e-13
-1.89312e-13
-1.83148e-13
-1.78083e-13
-1.75018e-13
-1.68026e-13
-1.58524e-13
-1.48794e-13
-1.41635e-13
-1.35648e-13
-1.24601e-13
-1.15004e-13
-1.10855e-13
-1.06111e-13
-9.96479e-14
-9.18995e-14
-8.44805e-14
-8.03188e-14
-7.85446e-14
-7.28301e-14
-6.72143e-14
-5.49126e-14
-4.56623e-14
-3.89697e-14
-3.16473e-14
-2.1687e-14
-1.4423e-14
-5.18864e-15
-7.05935e-13
-7.10578e-13
-7.06947e-13
-7.01955e-13
-6.98066e-13
-7.01838e-13
-7.02174e-13
-7.00613e-13
-6.93922e-13
-6.86042e-13
-6.77054e-13
-6.71204e-13
-6.60976e-13
-6.52497e-13
-6.51176e-13
-6.45267e-13
-6.33979e-13
-6.22742e-13
-6.09382e-13
-5.96585e-13
-5.91466e-13
-5.84056e-13
-5.69215e-13
-5.59625e-13
-5.57119e-13
-5.54227e-13
-5.49783e-13
-5.41302e-13
-5.32568e-13
-5.23671e-13
-5.15124e-13
-5.08109e-13
-4.99019e-13
-4.92709e-13
-4.86932e-13
-4.84976e-13
-4.7568e-13
-4.6466e-13
-4.53262e-13
-4.45739e-13
-4.42687e-13
-4.42355e-13
-4.35444e-13
-4.26982e-13
-4.16297e-13
-4.06425e-13
-3.98564e-13
-3.92965e-13
-3.85071e-13
-3.76239e-13
-3.66151e-13
-3.59192e-13
-3.50885e-13
-3.42036e-13
-3.31579e-13
-3.22252e-13
-3.15592e-13
-3.10986e-13
-3.07612e-13
-3.00547e-13
-2.92998e-13
-2.84433e-13
-2.75981e-13
-2.69813e-13
-2.64406e-13
-2.57807e-13
-2.49764e-13
-2.36692e-13
-2.27665e-13
-2.17231e-13
-2.08847e-13
-2.026e-13
-1.96344e-13
-1.89562e-13
-1.79663e-13
-1.74857e-13
-1.73042e-13
-1.67758e-13
-1.60895e-13
-1.50788e-13
-1.43102e-13
-1.3794e-13
-1.24987e-13
-1.14279e-13
-1.07345e-13
-1.0259e-13
-9.90345e-14
-9.49133e-14
-8.69625e-14
-8.19403e-14
-7.7376e-14
-7.24793e-14
-6.4848e-14
-5.90192e-14
-5.07225e-14
-3.95459e-14
-3.18792e-14
-2.41367e-14
-1.39649e-14
-2.73615e-15
-7.02327e-13
-7.12381e-13
-7.08786e-13
-6.99034e-13
-7.02936e-13
-7.07103e-13
-7.0531e-13
-7.00919e-13
-6.92109e-13
-6.78003e-13
-6.74128e-13
-6.69869e-13
-6.65697e-13
-6.54904e-13
-6.47908e-13
-6.47284e-13
-6.36007e-13
-6.25433e-13
-6.1424e-13
-5.99919e-13
-5.89131e-13
-5.77373e-13
-5.59525e-13
-5.56106e-13
-5.57636e-13
-5.5769e-13
-5.49706e-13
-5.39883e-13
-5.31481e-13
-5.27093e-13
-5.17011e-13
-5.07359e-13
-4.9862e-13
-4.96054e-13
-4.93039e-13
-4.83776e-13
-4.73253e-13
-4.64272e-13
-4.53468e-13
-4.48377e-13
-4.45682e-13
-4.42914e-13
-4.33726e-13
-4.27524e-13
-4.16623e-13
-4.04236e-13
-3.94247e-13
-3.88982e-13
-3.85192e-13
-3.76099e-13
-3.68717e-13
-3.58527e-13
-3.49162e-13
-3.39718e-13
-3.29975e-13
-3.2405e-13
-3.18473e-13
-3.12478e-13
-3.05817e-13
-3.01487e-13
-2.95071e-13
-2.8533e-13
-2.77112e-13
-2.69811e-13
-2.60479e-13
-2.5596e-13
-2.50723e-13
-2.37924e-13
-2.28736e-13
-2.20534e-13
-2.10512e-13
-2.0293e-13
-1.97815e-13
-1.91662e-13
-1.81754e-13
-1.77497e-13
-1.71646e-13
-1.64354e-13
-1.59597e-13
-1.53379e-13
-1.45951e-13
-1.37014e-13
-1.22609e-13
-1.11821e-13
-1.07892e-13
-1.05186e-13
-1.01495e-13
-9.26802e-14
-8.60305e-14
-8.1585e-14
-7.69154e-14
-7.26365e-14
-6.30282e-14
-5.83877e-14
-5.10859e-14
-4.32587e-14
-3.1976e-14
-2.28152e-14
-1.18146e-14
-1.51354e-15
-7.0798e-13
-7.09027e-13
-7.08356e-13
-7.04668e-13
-7.01995e-13
-7.05631e-13
-7.04969e-13
-6.98468e-13
-6.90129e-13
-6.78497e-13
-6.69916e-13
-6.68888e-13
-6.67953e-13
-6.56367e-13
-6.4925e-13
-6.4403e-13
-6.3988e-13
-6.31083e-13
-6.11297e-13
-5.92442e-13
-5.75789e-13
-5.72237e-13
-5.70368e-13
-5.68111e-13
-5.6357e-13
-5.57217e-13
-5.46092e-13
-5.37084e-13
-5.33533e-13
-5.29085e-13
-5.20226e-13
-5.06447e-13
-4.99931e-13
-4.91694e-13
-4.86816e-13
-4.81162e-13
-4.7518e-13
-4.70033e-13
-4.59108e-13
-4.47032e-13
-4.40276e-13
-4.36064e-13
-4.31445e-13
-4.27379e-13
-4.20679e-13
-4.09863e-13
-3.97892e-13
-3.88177e-13
-3.81799e-13
-3.7561e-13
-3.68008e-13
-3.61843e-13
-3.526e-13
-3.40211e-13
-3.31546e-13
-3.25238e-13
-3.18346e-13
-3.06519e-13
-3.01658e-13
-3.00655e-13
-2.99525e-13
-2.9131e-13
-2.7967e-13
-2.67144e-13
-2.57385e-13
-2.52502e-13
-2.44994e-13
-2.33277e-13
-2.23928e-13
-2.19668e-13
-2.19414e-13
-2.09771e-13
-1.99249e-13
-1.94622e-13
-1.84737e-13
-1.75369e-13
-1.67538e-13
-1.60601e-13
-1.55164e-13
-1.51251e-13
-1.44945e-13
-1.36092e-13
-1.28006e-13
-1.18669e-13
-1.12103e-13
-1.01383e-13
-9.82171e-14
-9.48061e-14
-8.64047e-14
-8.33959e-14
-7.6395e-14
-6.78244e-14
-6.3452e-14
-5.80293e-14
-5.16043e-14
-4.0617e-14
-3.17456e-14
-2.13831e-14
-1.17329e-14
-3.8699e-15
-7.07558e-13
-7.07354e-13
-7.05032e-13
-7.05534e-13
-7.08509e-13
-7.08189e-13
-7.04973e-13
-6.97927e-13
-6.88573e-13
-6.80121e-13
-6.7364e-13
-6.67665e-13
-6.64092e-13
-6.54205e-13
-6.50051e-13
-6.43797e-13
-6.40035e-13
-6.30172e-13
-6.05966e-13
-5.93695e-13
-5.89399e-13
-5.82494e-13
-5.71816e-13
-5.6183e-13
-5.58878e-13
-5.52742e-13
-5.41221e-13
-5.34855e-13
-5.30498e-13
-5.26401e-13
-5.19893e-13
-5.12415e-13
-5.06253e-13
-4.99858e-13
-4.879e-13
-4.8001e-13
-4.7383e-13
-4.64798e-13
-4.56465e-13
-4.4718e-13
-4.41747e-13
-4.40326e-13
-4.33051e-13
-4.3154e-13
-4.25497e-13
-4.09999e-13
-3.94103e-13
-3.79628e-13
-3.7844e-13
-3.7773e-13
-3.73641e-13
-3.6553e-13
-3.52303e-13
-3.40275e-13
-3.28885e-13
-3.22245e-13
-3.18774e-13
-3.13028e-13
-3.03953e-13
-2.9742e-13
-2.94683e-13
-2.87891e-13
-2.80608e-13
-2.72049e-13
-2.6349e-13
-2.54745e-13
-2.45629e-13
-2.35147e-13
-2.29276e-13
-2.22275e-13
-2.14924e-13
-2.097e-13
-1.9829e-13
-1.85666e-13
-1.78373e-13
-1.76062e-13
-1.71781e-13
-1.64575e-13
-1.60416e-13
-1.54542e-13
-1.45562e-13
-1.36266e-13
-1.24078e-13
-1.13061e-13
-1.04362e-13
-1.00799e-13
-9.92619e-14
-9.63998e-14
-8.87896e-14
-8.17894e-14
-7.38377e-14
-6.83796e-14
-6.39531e-14
-5.92613e-14
-4.99059e-14
-3.89523e-14
-3.18814e-14
-2.28669e-14
-1.311e-14
-2.14857e-15
-7.10163e-13
-7.12332e-13
-7.06793e-13
-6.99691e-13
-7.04299e-13
-7.07498e-13
-7.07368e-13
-6.99437e-13
-6.85773e-13
-6.81967e-13
-6.74647e-13
-6.64069e-13
-6.57934e-13
-6.53927e-13
-6.50834e-13
-6.46515e-13
-6.39605e-13
-6.27828e-13
-6.09721e-13
-5.96157e-13
-5.88396e-13
-5.80088e-13
-5.76152e-13
-5.68461e-13
-5.58578e-13
-5.48565e-13
-5.40358e-13
-5.35125e-13
-5.33885e-13
-5.27643e-13
-5.2085e-13
-5.13591e-13
-5.02871e-13
-4.9238e-13
-4.88461e-13
-4.8115e-13
-4.72631e-13
-4.6356e-13
-4.59097e-13
-4.53992e-13
-4.48435e-13
-4.41565e-13
-4.29799e-13
-4.2115e-13
-4.17934e-13
-4.10668e-13
-3.99899e-13
-3.88842e-13
-3.82118e-13
-3.74885e-13
-3.67897e-13
-3.60683e-13
-3.50707e-13
-3.41673e-13
-3.33494e-13
-3.28384e-13
-3.19749e-13
-3.12673e-13
-3.04677e-13
-2.98255e-13
-2.91657e-13
-2.85115e-13
-2.79067e-13
-2.71316e-13
-2.60545e-13
-2.50187e-13
-2.43913e-13
-2.35862e-13
-2.28127e-13
-2.20956e-13
-2.13512e-13
-2.10196e-13
-2.02634e-13
-1.92361e-13
-1.81048e-13
-1.76522e-13
-1.72655e-13
-1.66131e-13
-1.60908e-13
-1.51709e-13
-1.46169e-13
-1.37131e-13
-1.24266e-13
-1.14643e-13
-1.0674e-13
-1.01647e-13
-1.00189e-13
-9.55619e-14
-8.8048e-14
-8.17745e-14
-7.35775e-14
-6.74264e-14
-6.08177e-14
-5.631e-14
-4.95271e-14
-4.02835e-14
-3.03124e-14
-1.87039e-14
-8.73185e-15
8.3452e-16
-7.10374e-13
-7.09663e-13
-7.09409e-13
-7.06335e-13
-7.02725e-13
-7.05417e-13
-7.03621e-13
-7.02331e-13
-6.93719e-13
-6.77948e-13
-6.69063e-13
-6.61119e-13
-6.59222e-13
-6.57384e-13
-6.52856e-13
-6.45804e-13
-6.35199e-13
-6.27815e-13
-6.17114e-13
-6.01075e-13
-5.8859e-13
-5.75541e-13
-5.70312e-13
-5.62923e-13
-5.60377e-13
-5.54157e-13
-5.43593e-13
-5.37846e-13
-5.32304e-13
-5.27297e-13
-5.22155e-13
-5.13598e-13
-5.02918e-13
-4.91183e-13
-4.84838e-13
-4.79539e-13
-4.75395e-13
-4.65244e-13
-4.59589e-13
-4.54568e-13
-4.45019e-13
-4.35647e-13
-4.29127e-13
-4.21784e-13
-4.20796e-13
-4.15185e-13
-4.04215e-13
-3.91234e-13
-3.82244e-13
-3.72061e-13
-3.64593e-13
-3.60577e-13
-3.52453e-13
-3.42975e-13
-3.34128e-13
-3.26274e-13
-3.19039e-13
-3.11479e-13
-3.04428e-13
-3.0065e-13
-2.95653e-13
-2.91974e-13
-2.84475e-13
-2.71861e-13
-2.57099e-13
-2.42605e-13
-2.35595e-13
-2.30803e-13
-2.27374e-13
-2.27538e-13
-2.21536e-13
-2.12941e-13
-2.05676e-13
-1.9511e-13
-1.82385e-13
-1.73526e-13
-1.69136e-13
-1.63757e-13
-1.59942e-13
-1.51639e-13
-1.45602e-13
-1.3745e-13
-1.26056e-13
-1.1829e-13
-1.09334e-13
-1.00713e-13
-9.64694e-14
-9.06503e-14
-8.72206e-14
-8.2737e-14
-7.20624e-14
-6.3094e-14
-5.79617e-14
-5.3361e-14
-4.45686e-14
-3.54778e-14
-2.66648e-14
-1.66624e-14
-6.45128e-15
-2.11104e-16
-7.0869e-13
-7.08038e-13
-7.07224e-13
-7.08605e-13
-7.08817e-13
-7.03222e-13
-7.01108e-13
-6.98443e-13
-6.91864e-13
-6.83684e-13
-6.69813e-13
-6.59554e-13
-6.58716e-13
-6.58389e-13
-6.53038e-13
-6.48608e-13
-6.35394e-13
-6.26218e-13
-6.17113e-13
-6.02596e-13
-5.93082e-13
-5.76881e-13
-5.6626e-13
-5.61723e-13
-5.5537e-13
-5.50443e-13
-5.46126e-13
-5.39492e-13
-5.34261e-13
-5.29568e-13
-5.21186e-13
-5.12164e-13
-5.01846e-13
-4.93623e-13
-4.89172e-13
-4.8093e-13
-4.7247e-13
-4.65604e-13
-4.61627e-13
-4.53007e-13
-4.44665e-13
-4.35268e-13
-4.2901e-13
-4.27001e-13
-4.24487e-13
-4.13691e-13
-4.00681e-13
-3.87354e-13
-3.7876e-13
-3.70534e-13
-3.67805e-13
-3.62563e-13
-3.5201e-13
-3.42456e-13
-3.32482e-13
-3.29169e-13
-3.22006e-13
-3.13964e-13
-3.03448e-13
-2.94118e-13
-2.92442e-13
-2.84495e-13
-2.78879e-13
-2.74721e-13
-2.60172e-13
-2.45497e-13
-2.35413e-13
-2.30113e-13
-2.27842e-13
-2.30933e-13
-2.23117e-13
-2.15663e-13
-2.06446e-13
-1.94093e-13
-1.80113e-13
-1.69466e-13
-1.68795e-13
-1.67862e-13
-1.64069e-13
-1.55632e-13
-1.49826e-13
-1.41277e-13
-1.25794e-13
-1.14533e-13
-1.03816e-13
-9.49102e-14
-9.74678e-14
-9.58848e-14
-8.79375e-14
-8.10766e-14
-7.04661e-14
-6.43112e-14
-5.75417e-14
-5.13314e-14
-4.64032e-14
-3.8947e-14
-2.26584e-14
-7.39981e-15
1.40981e-15
-1.72685e-15
-7.12284e-13
-7.10278e-13
-7.07989e-13
-7.09803e-13
-7.08139e-13
-7.02814e-13
-7.02821e-13
-6.99358e-13
-6.91322e-13
-6.80549e-13
-6.71696e-13
-6.63312e-13
-6.55027e-13
-6.51582e-13
-6.4794e-13
-6.4177e-13
-6.38826e-13
-6.32161e-13
-6.19638e-13
-6.04231e-13
-5.92365e-13
-5.84333e-13
-5.72771e-13
-5.62476e-13
-5.55316e-13
-5.4468e-13
-5.4125e-13
-5.38632e-13
-5.35666e-13
-5.32337e-13
-5.2368e-13
-5.13006e-13
-5.00545e-13
-4.91176e-13
-4.85444e-13
-4.78496e-13
-4.7479e-13
-4.68624e-13
-4.64189e-13
-4.51359e-13
-4.43254e-13
-4.3228e-13
-4.28697e-13
-4.29535e-13
-4.22659e-13
-4.13758e-13
-4.01663e-13
-3.91236e-13
-3.8018e-13
-3.70437e-13
-3.63337e-13
-3.60491e-13
-3.51833e-13
-3.45537e-13
-3.38013e-13
-3.28157e-13
-3.19975e-13
-3.11368e-13
-3.03169e-13
-2.97284e-13
-2.95138e-13
-2.95147e-13
-2.83853e-13
-2.7128e-13
-2.51903e-13
-2.41685e-13
-2.35239e-13
-2.32423e-13
-2.27988e-13
-2.26232e-13
-2.20035e-13
-2.19302e-13
-2.13329e-13
-2.0038e-13
-1.78737e-13
-1.61881e-13
-1.6147e-13
-1.6909e-13
-1.66668e-13
-1.55781e-13
-1.48838e-13
-1.38265e-13
-1.28174e-13
-1.19532e-13
-1.0914e-13
-9.81016e-14
-9.19961e-14
-9.14135e-14
-8.6272e-14
-7.95998e-14
-6.83402e-14
-6.36188e-14
-5.75993e-14
-5.01062e-14
-4.17508e-14
-3.46787e-14
-2.15432e-14
-9.38431e-15
-2.74869e-15
-1.94495e-15
-7.09788e-13
-7.09635e-13
-7.01602e-13
-7.11195e-13
-7.10746e-13
-7.07513e-13
-7.01118e-13
-6.93852e-13
-6.86129e-13
-6.7525e-13
-6.70005e-13
-6.64561e-13
-6.63711e-13
-6.57184e-13
-6.50214e-13
-6.4583e-13
-6.40903e-13
-6.33745e-13
-6.2071e-13
-6.05574e-13
-5.85415e-13
-5.70938e-13
-5.6124e-13
-5.59983e-13
-5.55623e-13
-5.51354e-13
-5.44584e-13
-5.38235e-13
-5.36572e-13
-5.34511e-13
-5.2712e-13
-5.13879e-13
-5.03617e-13
-4.95459e-13
-4.91118e-13
-4.80636e-13
-4.71253e-13
-4.66911e-13
-4.61389e-13
-4.51256e-13
-4.41944e-13
-4.38075e-13
-4.33791e-13
-4.2811e-13
-4.16505e-13
-4.07277e-13
-3.99715e-13
-3.9174e-13
-3.82469e-13
-3.74465e-13
-3.6755e-13
-3.60863e-13
-3.49046e-13
-3.38509e-13
-3.40438e-13
-3.39749e-13
-3.23523e-13
-3.08135e-13
-2.99353e-13
-2.90851e-13
-2.88493e-13
-2.85754e-13
-2.84824e-13
-2.74533e-13
-2.56999e-13
-2.47517e-13
-2.34229e-13
-2.33193e-13
-2.28211e-13
-2.23182e-13
-2.19736e-13
-2.20195e-13
-2.14326e-13
-1.9804e-13
-1.80272e-13
-1.67174e-13
-1.651e-13
-1.69565e-13
-1.62954e-13
-1.53463e-13
-1.46823e-13
-1.39177e-13
-1.31143e-13
-1.21432e-13
-1.10519e-13
-9.75263e-14
-9.20525e-14
-9.2019e-14
-8.52278e-14
-7.80007e-14
-6.90356e-14
-6.20134e-14
-5.39538e-14
-4.79344e-14
-4.23267e-14
-3.35156e-14
-2.19028e-14
-1.13751e-14
-1.73694e-15
2.79234e-16
-7.06419e-13
-7.17001e-13
-7.11662e-13
-7.0644e-13
-7.06876e-13
-7.05199e-13
-7.00295e-13
-6.98641e-13
-6.86843e-13
-6.71411e-13
-6.67302e-13
-6.65064e-13
-6.62147e-13
-6.57823e-13
-6.53003e-13
-6.4269e-13
-6.31655e-13
-6.23265e-13
-6.17335e-13
-6.08343e-13
-6.01415e-13
-5.92421e-13
-5.78786e-13
-5.59789e-13
-5.4531e-13
-5.39203e-13
-5.41962e-13
-5.40328e-13
-5.38381e-13
-5.36933e-13
-5.28099e-13
-5.15093e-13
-4.99159e-13
-4.86576e-13
-4.81542e-13
-4.77396e-13
-4.77888e-13
-4.7411e-13
-4.62419e-13
-4.56251e-13
-4.45017e-13
-4.34406e-13
-4.32331e-13
-4.25063e-13
-4.15951e-13
-4.0677e-13
-3.96814e-13
-3.91753e-13
-3.86759e-13
-3.77206e-13
-3.68886e-13
-3.58661e-13
-3.50731e-13
-3.43124e-13
-3.38143e-13
-3.32439e-13
-3.25549e-13
-3.18401e-13
-3.09432e-13
-2.97071e-13
-2.87188e-13
-2.80337e-13
-2.74643e-13
-2.68857e-13
-2.58387e-13
-2.49887e-13
-2.41106e-13
-2.34447e-13
-2.28814e-13
-2.26244e-13
-2.2237e-13
-2.14581e-13
-2.07094e-13
-1.99168e-13
-1.83735e-13
-1.72636e-13
-1.65793e-13
-1.64243e-13
-1.62689e-13
-1.54363e-13
-1.4766e-13
-1.37004e-13
-1.29922e-13
-1.20362e-13
-1.09201e-13
-9.95403e-14
-9.47532e-14
-9.05434e-14
-8.64929e-14
-7.75625e-14
-6.93512e-14
-6.53733e-14
-5.68297e-14
-4.75938e-14
-3.71002e-14
-2.82308e-14
-2.04529e-14
-1.29061e-14
-4.7376e-15
-1.81221e-16
-7.06009e-13
-7.10323e-13
-7.12819e-13
-7.08518e-13
-7.07421e-13
-7.08564e-13
-6.97096e-13
-6.84694e-13
-6.78923e-13
-6.76531e-13
-6.73711e-13
-6.69237e-13
-6.65815e-13
-6.59599e-13
-6.53408e-13
-6.44209e-13
-6.37264e-13
-6.32899e-13
-6.22862e-13
-6.07936e-13
-5.86923e-13
-5.72934e-13
-5.6291e-13
-5.52399e-13
-5.53571e-13
-5.52455e-13
-5.47791e-13
-5.40714e-13
-5.36585e-13
-5.35851e-13
-5.30158e-13
-5.1876e-13
-5.05277e-13
-4.87053e-13
-4.7628e-13
-4.78015e-13
-4.79692e-13
-4.75741e-13
-4.68893e-13
-4.57577e-13
-4.42404e-13
-4.3328e-13
-4.25723e-13
-4.20558e-13
-4.15261e-13
-4.09883e-13
-4.02612e-13
-3.93275e-13
-3.86446e-13
-3.84615e-13
-3.75319e-13
-3.56339e-13
-3.45056e-13
-3.37642e-13
-3.31752e-13
-3.30463e-13
-3.26624e-13
-3.17578e-13
-3.04442e-13
-2.93753e-13
-2.9049e-13
-2.85878e-13
-2.78377e-13
-2.6879e-13
-2.53977e-13
-2.43201e-13
-2.39268e-13
-2.37322e-13
-2.32811e-13
-2.26074e-13
-2.19058e-13
-2.14693e-13
-2.07752e-13
-1.97752e-13
-1.85316e-13
-1.69236e-13
-1.64612e-13
-1.6324e-13
-1.64781e-13
-1.60226e-13
-1.51452e-13
-1.41001e-13
-1.29793e-13
-1.17459e-13
-1.0727e-13
-1.00151e-13
-9.57683e-14
-9.01366e-14
-8.38356e-14
-7.67241e-14
-6.98068e-14
-6.40828e-14
-5.76846e-14
-4.7693e-14
-3.62627e-14
-2.53202e-14
-1.61778e-14
-9.99061e-15
-2.77516e-15
-1.05285e-15
-7.0455e-13
-7.14332e-13
-7.15258e-13
-7.09491e-13
-7.06e-13
-7.11976e-13
-7.07613e-13
-6.91896e-13
-6.71909e-13
-6.67075e-13
-6.66012e-13
-6.67306e-13
-6.66195e-13
-6.62782e-13
-6.57182e-13
-6.45551e-13
-6.35415e-13
-6.26676e-13
-6.13069e-13
-6.03981e-13
-5.95191e-13
-5.81539e-13
-5.68761e-13
-5.5367e-13
-5.52776e-13
-5.51132e-13
-5.49839e-13
-5.45341e-13
-5.3736e-13
-5.35089e-13
-5.26505e-13
-5.14043e-13
-5.04069e-13
-4.88225e-13
-4.75734e-13
-4.75356e-13
-4.77706e-13
-4.76689e-13
-4.68346e-13
-4.58319e-13
-4.4181e-13
-4.3226e-13
-4.29583e-13
-4.23501e-13
-4.15536e-13
-4.07716e-13
-4.05176e-13
-3.9793e-13
-3.8632e-13
-3.74115e-13
-3.65512e-13
-3.59407e-13
-3.4938e-13
-3.35814e-13
-3.36937e-13
-3.34483e-13
-3.26284e-13
-3.19611e-13
-3.11556e-13
-2.96307e-13
-2.88676e-13
-2.81541e-13
-2.73199e-13
-2.65365e-13
-2.53511e-13
-2.45928e-13
-2.36688e-13
-2.34164e-13
-2.29319e-13
-2.2952e-13
-2.21848e-13
-2.18277e-13
-2.11513e-13
-1.97219e-13
-1.82303e-13
-1.7018e-13
-1.67984e-13
-1.65724e-13
-1.60579e-13
-1.55836e-13
-1.50154e-13
-1.41379e-13
-1.30756e-13
-1.18026e-13
-1.1089e-13
-1.0414e-13
-9.64751e-14
-8.94282e-14
-8.36943e-14
-7.57145e-14
-6.84251e-14
-6.19304e-14
-5.34153e-14
-4.38946e-14
-3.59219e-14
-2.90042e-14
-1.42663e-14
-6.83744e-15
1.31707e-16
2.18462e-16
-7.12293e-13
-7.11244e-13
-7.07577e-13
-7.03351e-13
-7.04822e-13
-6.99198e-13
-6.94015e-13
-6.95433e-13
-6.90042e-13
-6.81409e-13
-6.75567e-13
-6.6578e-13
-6.59161e-13
-6.5791e-13
-6.55695e-13
-6.47431e-13
-6.3775e-13
-6.34639e-13
-6.22056e-13
-6.03914e-13
-5.82868e-13
-5.68882e-13
-5.63112e-13
-5.61502e-13
-5.54581e-13
-5.54107e-13
-5.50105e-13
-5.43322e-13
-5.37964e-13
-5.3329e-13
-5.2624e-13
-5.13703e-13
-5.00939e-13
-4.87624e-13
-4.7925e-13
-4.78657e-13
-4.83044e-13
-4.76847e-13
-4.67661e-13
-4.56399e-13
-4.42467e-13
-4.29294e-13
-4.27128e-13
-4.24501e-13
-4.20687e-13
-4.09191e-13
-3.99689e-13
-3.95679e-13
-3.90159e-13
-3.7769e-13
-3.64632e-13
-3.58953e-13
-3.51038e-13
-3.40031e-13
-3.3141e-13
-3.29206e-13
-3.23736e-13
-3.18694e-13
-3.12438e-13
-3.02011e-13
-2.90759e-13
-2.82109e-13
-2.72531e-13
-2.64567e-13
-2.5793e-13
-2.47238e-13
-2.37118e-13
-2.28693e-13
-2.26246e-13
-2.29399e-13
-2.21296e-13
-2.16462e-13
-2.09423e-13
-1.9796e-13
-1.86822e-13
-1.74056e-13
-1.63984e-13
-1.60255e-13
-1.59868e-13
-1.61726e-13
-1.55712e-13
-1.40202e-13
-1.2955e-13
-1.16425e-13
-1.11591e-13
-1.06571e-13
-9.90189e-14
-8.85137e-14
-7.91327e-14
-7.46017e-14
-6.8621e-14
-6.14761e-14
-5.53382e-14
-4.63232e-14
-3.48541e-14
-2.40819e-14
-1.45713e-14
-8.24275e-15
-4.10457e-16
1.6361e-15
-7.11906e-13
-7.10515e-13
-7.08017e-13
-7.05664e-13
-7.1181e-13
-7.08723e-13
-6.94342e-13
-6.87126e-13
-6.81506e-13
-6.77832e-13
-6.76605e-13
-6.73821e-13
-6.61205e-13
-6.53572e-13
-6.5006e-13
-6.44586e-13
-6.39562e-13
-6.31921e-13
-6.18424e-13
-6.01166e-13
-5.86107e-13
-5.70688e-13
-5.61018e-13
-5.61926e-13
-5.6239e-13
-5.53759e-13
-5.46e-13
-5.43668e-13
-5.41431e-13
-5.3613e-13
-5.28781e-13
-5.15779e-13
-5.01228e-13
-4.86818e-13
-4.7582e-13
-4.77237e-13
-4.7669e-13
-4.74535e-13
-4.71627e-13
-4.61608e-13
-4.46573e-13
-4.33597e-13
-4.26642e-13
-4.1862e-13
-4.16449e-13
-4.1095e-13
-4.0223e-13
-3.92393e-13
-3.85301e-13
-3.77861e-13
-3.6545e-13
-3.59729e-13
-3.51479e-13
-3.41347e-13
-3.38055e-13
-3.33646e-13
-3.21804e-13
-3.12339e-13
-3.07319e-13
-2.98822e-13
-2.92992e-13
-2.82387e-13
-2.73572e-13
-2.65974e-13
-2.56841e-13
-2.45884e-13
-2.39342e-13
-2.29051e-13
-2.23194e-13
-2.21178e-13
-2.20024e-13
-2.17505e-13
-2.11372e-13
-1.98014e-13
-1.85381e-13
-1.75345e-13
-1.69313e-13
-1.62836e-13
-1.62306e-13
-1.59491e-13
-1.52547e-13
-1.42353e-13
-1.31134e-13
-1.19746e-13
-1.10496e-13
-1.01165e-13
-9.4468e-14
-9.01591e-14
-8.42574e-14
-7.4965e-14
-6.77245e-14
-6.03443e-14
-5.2178e-14
-4.33554e-14
-3.32486e-14
-2.61479e-14
-1.64584e-14
-6.02207e-15
-8.97753e-17
-6.00196e-17
-7.06536e-13
-7.09777e-13
-7.0986e-13
-7.08198e-13
-7.06321e-13
-6.99458e-13
-6.94193e-13
-6.90388e-13
-6.88956e-13
-6.83789e-13
-6.77674e-13
-6.7257e-13
-6.64119e-13
-6.54951e-13
-6.48524e-13
-6.40484e-13
-6.37553e-13
-6.30464e-13
-6.16838e-13
-6.03615e-13
-5.85638e-13
-5.71591e-13
-5.66871e-13
-5.63289e-13
-5.5462e-13
-5.50607e-13
-5.50724e-13
-5.4841e-13
-5.40951e-13
-5.31184e-13
-5.23205e-13
-5.143e-13
-5.00913e-13
-4.88148e-13
-4.78254e-13
-4.83286e-13
-4.85157e-13
-4.77082e-13
-4.66424e-13
-4.53885e-13
-4.42851e-13
-4.36374e-13
-4.28761e-13
-4.18687e-13
-4.13377e-13
-4.06552e-13
-4.04962e-13
-4.03226e-13
-3.884e-13
-3.74382e-13
-3.63571e-13
-3.61012e-13
-3.51776e-13
-3.40695e-13
-3.36855e-13
-3.33715e-13
-3.25292e-13
-3.13672e-13
-3.04809e-13
-2.98197e-13
-2.95454e-13
-2.86009e-13
-2.74762e-13
-2.6459e-13
-2.52687e-13
-2.45289e-13
-2.3596e-13
-2.30631e-13
-2.24e-13
-2.19645e-13
-2.1579e-13
-2.17083e-13
-2.1198e-13
-1.97979e-13
-1.8551e-13
-1.75305e-13
-1.71378e-13
-1.65922e-13
-1.57882e-13
-1.50578e-13
-1.55497e-13
-1.50311e-13
-1.3299e-13
-1.20209e-13
-1.10815e-13
-1.00349e-13
-9.26563e-14
-8.96751e-14
-8.38688e-14
-7.52142e-14
-6.71748e-14
-6.03105e-14
-5.32102e-14
-4.19315e-14
-3.58512e-14
-2.48681e-14
-1.36411e-14
-4.20694e-15
9.2358e-16
-4.57986e-16
-7.14518e-13
-7.11171e-13
-7.09125e-13
-7.05738e-13
-7.00309e-13
-6.97318e-13
-6.93897e-13
-6.93779e-13
-6.90416e-13
-6.84146e-13
-6.76939e-13
-6.72251e-13
-6.65553e-13
-6.59343e-13
-6.50805e-13
-6.38707e-13
-6.27804e-13
-6.21357e-13
-6.16556e-13
-6.07717e-13
-5.88242e-13
-5.76056e-13
-5.67017e-13
-5.60046e-13
-5.57001e-13
-5.53368e-13
-5.52084e-13
-5.48743e-13
-5.39146e-13
-5.34398e-13
-5.24618e-13
-5.13471e-13
-4.99018e-13
-4.86123e-13
-4.80905e-13
-4.82647e-13
-4.81291e-13
-4.75518e-13
-4.66472e-13
-4.55094e-13
-4.43179e-13
-4.338e-13
-4.29476e-13
-4.23406e-13
-4.18481e-13
-4.11246e-13
-4.00471e-13
-3.92979e-13
-3.87574e-13
-3.79069e-13
-3.71574e-13
-3.60818e-13
-3.50397e-13
-3.41589e-13
-3.35162e-13
-3.27913e-13
-3.23298e-13
-3.15694e-13
-3.04232e-13
-2.98256e-13
-2.96403e-13
-2.88101e-13
-2.76104e-13
-2.62667e-13
-2.5398e-13
-2.45372e-13
-2.35862e-13
-2.28761e-13
-2.23697e-13
-2.19755e-13
-2.17509e-13
-2.17099e-13
-2.1071e-13
-1.9456e-13
-1.84391e-13
-1.75662e-13
-1.70808e-13
-1.65673e-13
-1.61792e-13
-1.57701e-13
-1.51866e-13
-1.43726e-13
-1.34313e-13
-1.24565e-13
-1.16273e-13
-1.00084e-13
-9.13643e-14
-8.65426e-14
-8.37698e-14
-7.17414e-14
-6.41627e-14
-5.9224e-14
-5.75103e-14
-4.39789e-14
-3.18296e-14
-2.39862e-14
-1.5373e-14
-1.44596e-15
8.6162e-17
-1.81333e-15
-7.17404e-13
-7.10645e-13
-7.04438e-13
-7.05144e-13
-6.96672e-13
-6.97722e-13
-6.94307e-13
-6.95012e-13
-6.94078e-13
-6.82983e-13
-6.76167e-13
-6.72786e-13
-6.70837e-13
-6.60737e-13
-6.5102e-13
-6.42158e-13
-6.32914e-13
-6.2207e-13
-6.15777e-13
-6.00772e-13
-5.88139e-13
-5.75401e-13
-5.63836e-13
-5.58367e-13
-5.54961e-13
-5.57269e-13
-5.53393e-13
-5.47576e-13
-5.40102e-13
-5.32306e-13
-5.24976e-13
-5.15472e-13
-4.99484e-13
-4.89273e-13
-4.79576e-13
-4.77729e-13
-4.79356e-13
-4.75865e-13
-4.67099e-13
-4.56183e-13
-4.46624e-13
-4.37523e-13
-4.29122e-13
-4.22633e-13
-4.16595e-13
-4.09346e-13
-4.00104e-13
-3.95368e-13
-3.90709e-13
-3.79377e-13
-3.68058e-13
-3.56525e-13
-3.49894e-13
-3.44713e-13
-3.38765e-13
-3.32144e-13
-3.24765e-13
-3.14131e-13
-3.07075e-13
-3.02278e-13
-2.97236e-13
-2.86669e-13
-2.71693e-13
-2.61093e-13
-2.51978e-13
-2.42961e-13
-2.3368e-13
-2.29838e-13
-2.23158e-13
-2.23785e-13
-2.18593e-13
-2.13045e-13
-2.03615e-13
-1.91767e-13
-1.82629e-13
-1.73874e-13
-1.74458e-13
-1.73242e-13
-1.63827e-13
-1.55147e-13
-1.48913e-13
-1.41084e-13
-1.32885e-13
-1.23364e-13
-1.10719e-13
-9.78935e-14
-9.28009e-14
-8.94794e-14
-8.28145e-14
-7.80346e-14
-7.19151e-14
-5.99976e-14
-4.95844e-14
-4.11658e-14
-3.20526e-14
-2.14802e-14
-1.36325e-14
-8.40876e-15
-2.66415e-15
-1.53951e-15
-7.15358e-13
-7.08877e-13
-7.07345e-13
-7.05424e-13
-7.01493e-13
-6.97685e-13
-6.91456e-13
-6.94e-13
-6.93354e-13
-6.87007e-13
-6.80218e-13
-6.72267e-13
-6.69269e-13
-6.58624e-13
-6.47942e-13
-6.37233e-13
-6.264e-13
-6.22006e-13
-6.16417e-13
-6.03424e-13
-5.89936e-13
-5.77079e-13
-5.65809e-13
-5.62209e-13
-5.61656e-13
-5.54805e-13
-5.48668e-13
-5.41457e-13
-5.34863e-13
-5.33056e-13
-5.27418e-13
-5.20223e-13
-5.07727e-13
-4.96424e-13
-4.77327e-13
-4.7388e-13
-4.7414e-13
-4.72246e-13
-4.67226e-13
-4.56163e-13
-4.48681e-13
-4.37728e-13
-4.32056e-13
-4.20896e-13
-4.16926e-13
-4.11066e-13
-4.06186e-13
-3.97442e-13
-3.86734e-13
-3.71648e-13
-3.67615e-13
-3.62047e-13
-3.54506e-13
-3.40565e-13
-3.3303e-13
-3.26287e-13
-3.18715e-13
-3.16524e-13
-3.08049e-13
-3.06725e-13
-3.07456e-13
-2.83845e-13
-2.69614e-13
-2.63185e-13
-2.54649e-13
-2.46891e-13
-2.36798e-13
-2.29831e-13
-2.19993e-13
-2.17524e-13
-2.13018e-13
-2.16147e-13
-2.09539e-13
-1.96756e-13
-1.80567e-13
-1.69116e-13
-1.74613e-13
-1.71851e-13
-1.64109e-13
-1.57782e-13
-1.5091e-13
-1.41587e-13
-1.31978e-13
-1.21148e-13
-1.11301e-13
-9.94357e-14
-9.19786e-14
-9.02055e-14
-8.44793e-14
-7.36699e-14
-6.5096e-14
-5.94452e-14
-5.07992e-14
-4.04745e-14
-3.67199e-14
-2.88525e-14
-1.4083e-14
-4.13858e-15
2.53325e-15
-5.48688e-16
-7.09514e-13
-7.11734e-13
-7.11357e-13
-7.05052e-13
-6.98878e-13
-6.99225e-13
-6.96695e-13
-6.9265e-13
-6.91043e-13
-6.85801e-13
-6.81943e-13
-6.76484e-13
-6.67359e-13
-6.57264e-13
-6.48898e-13
-6.4082e-13
-6.34709e-13
-6.29823e-13
-6.18999e-13
-6.00689e-13
-5.80323e-13
-5.66146e-13
-5.63017e-13
-5.63875e-13
-5.61871e-13
-5.54404e-13
-5.45178e-13
-5.41449e-13
-5.35059e-13
-5.34364e-13
-5.31974e-13
-5.15164e-13
-5.01892e-13
-4.93472e-13
-4.84533e-13
-4.80475e-13
-4.76938e-13
-4.71072e-13
-4.65035e-13
-4.56514e-13
-4.48355e-13
-4.37459e-13
-4.29902e-13
-4.2481e-13
-4.22485e-13
-4.12188e-13
-4.04323e-13
-3.9104e-13
-3.87513e-13
-3.79031e-13
-3.66487e-13
-3.60691e-13
-3.54093e-13
-3.45193e-13
-3.36058e-13
-3.22022e-13
-3.09724e-13
-3.13857e-13
-3.18414e-13
-3.08968e-13
-2.98556e-13
-2.86243e-13
-2.7343e-13
-2.6594e-13
-2.54086e-13
-2.4222e-13
-2.32683e-13
-2.27697e-13
-2.26359e-13
-2.20901e-13
-2.14797e-13
-2.09714e-13
-2.04191e-13
-1.91141e-13
-1.8294e-13
-1.75335e-13
-1.69838e-13
-1.71562e-13
-1.71195e-13
-1.60836e-13
-1.49079e-13
-1.36081e-13
-1.27727e-13
-1.16029e-13
-1.07786e-13
-1.02116e-13
-9.27268e-14
-8.89948e-14
-8.16166e-14
-7.34323e-14
-7.0385e-14
-6.16093e-14
-5.27963e-14
-4.23892e-14
-3.55874e-14
-2.62306e-14
-1.76587e-14
-6.02854e-15
6.53391e-16
-1.20564e-15
-7.15681e-13
-7.05939e-13
-7.049e-13
-6.98097e-13
-7.01308e-13
-7.029e-13
-7.04815e-13
-7.0137e-13
-6.9253e-13
-6.84737e-13
-6.7828e-13
-6.71976e-13
-6.63198e-13
-6.58886e-13
-6.53101e-13
-6.40145e-13
-6.27866e-13
-6.18841e-13
-6.12384e-13
-6.01484e-13
-5.88384e-13
-5.73469e-13
-5.67316e-13
-5.62457e-13
-5.58321e-13
-5.55341e-13
-5.52544e-13
-5.44741e-13
-5.35648e-13
-5.31084e-13
-5.24473e-13
-5.16593e-13
-5.06265e-13
-4.95821e-13
-4.84078e-13
-4.77127e-13
-4.75865e-13
-4.68305e-13
-4.61408e-13
-4.54419e-13
-4.48031e-13
-4.42471e-13
-4.36533e-13
-4.25931e-13
-4.19947e-13
-4.09585e-13
-4.01819e-13
-3.98916e-13
-3.89938e-13
-3.7754e-13
-3.64539e-13
-3.58592e-13
-3.50652e-13
-3.39051e-13
-3.31796e-13
-3.28292e-13
-3.21654e-13
-3.19908e-13
-3.13253e-13
-3.02477e-13
-3.0118e-13
-2.90431e-13
-2.7609e-13
-2.65862e-13
-2.54284e-13
-2.42631e-13
-2.37523e-13
-2.30252e-13
-2.25809e-13
-2.23344e-13
-2.16315e-13
-2.06498e-13
-2.00647e-13
-1.90972e-13
-1.85604e-13
-1.76165e-13
-1.71893e-13
-1.6807e-13
-1.6474e-13
-1.60371e-13
-1.48768e-13
-1.36774e-13
-1.26046e-13
-1.16975e-13
-1.11312e-13
-1.03372e-13
-9.63695e-14
-8.72725e-14
-7.92215e-14
-7.56875e-14
-6.72782e-14
-5.89654e-14
-5.27626e-14
-4.64878e-14
-3.70874e-14
-2.75812e-14
-1.83111e-14
-7.38323e-15
1.34419e-15
6.85873e-16
-7.12645e-13
-7.06798e-13
-7.08481e-13
-7.03042e-13
-7.00989e-13
-7.01426e-13
-6.98316e-13
-6.91965e-13
-6.91097e-13
-6.91555e-13
-6.84776e-13
-6.72553e-13
-6.61113e-13
-6.61022e-13
-6.48822e-13
-6.39874e-13
-6.29456e-13
-6.2228e-13
-6.1505e-13
-6.057e-13
-5.86378e-13
-5.71953e-13
-5.63594e-13
-5.59915e-13
-5.56667e-13
-5.55996e-13
-5.51793e-13
-5.42974e-13
-5.34435e-13
-5.29809e-13
-5.25763e-13
-5.17306e-13
-5.08724e-13
-4.97516e-13
-4.85935e-13
-4.77858e-13
-4.74277e-13
-4.68072e-13
-4.61104e-13
-4.52649e-13
-4.48096e-13
-4.4087e-13
-4.35535e-13
-4.27348e-13
-4.21245e-13
-4.14539e-13
-4.05464e-13
-3.94002e-13
-3.87274e-13
-3.77251e-13
-3.65794e-13
-3.58062e-13
-3.48925e-13
-3.44551e-13
-3.42382e-13
-3.30682e-13
-3.20948e-13
-3.14876e-13
-3.10752e-13
-3.03279e-13
-2.97963e-13
-2.89424e-13
-2.75345e-13
-2.65512e-13
-2.53378e-13
-2.44763e-13
-2.31963e-13
-2.24613e-13
-2.24173e-13
-2.24749e-13
-2.16925e-13
-2.10171e-13
-2.02005e-13
-1.92219e-13
-1.82479e-13
-1.74975e-13
-1.73674e-13
-1.70664e-13
-1.66458e-13
-1.5954e-13
-1.4765e-13
-1.37111e-13
-1.2216e-13
-1.17046e-13
-1.1079e-13
-9.83891e-14
-9.00289e-14
-8.89048e-14
-8.66432e-14
-7.81728e-14
-6.43162e-14
-5.57207e-14
-5.21517e-14
-4.2939e-14
-3.7822e-14
-2.95802e-14
-1.53217e-14
-3.59834e-15
1.49533e-15
1.28732e-16
-7.03845e-13
-7.07395e-13
-7.07547e-13
-7.061e-13
-7.07818e-13
-7.0463e-13
-6.97368e-13
-6.97073e-13
-6.94925e-13
-6.87433e-13
-6.76957e-13
-6.67209e-13
-6.58995e-13
-6.56e-13
-6.53964e-13
-6.44472e-13
-6.31107e-13
-6.22837e-13
-6.10236e-13
-6.01224e-13
-5.87847e-13
-5.74341e-13
-5.63891e-13
-5.57735e-13
-5.52512e-13
-5.5225e-13
-5.48924e-13
-5.45323e-13
-5.41524e-13
-5.35916e-13
-5.25068e-13
-5.09395e-13
-5.01879e-13
-4.94817e-13
-4.90853e-13
-4.84701e-13
-4.80604e-13
-4.72027e-13
-4.61581e-13
-4.52149e-13
-4.44561e-13
-4.40268e-13
-4.34088e-13
-4.2831e-13
-4.22634e-13
-4.15499e-13
-4.07751e-13
-3.96367e-13
-3.86616e-13
-3.76861e-13
-3.67044e-13
-3.54258e-13
-3.48424e-13
-3.439e-13
-3.41688e-13
-3.30482e-13
-3.20966e-13
-3.15857e-13
-3.10167e-13
-3.02418e-13
-2.9387e-13
-2.87282e-13
-2.7882e-13
-2.69342e-13
-2.58074e-13
-2.43668e-13
-2.3151e-13
-2.26831e-13
-2.23169e-13
-2.21125e-13
-2.16336e-13
-2.10011e-13
-2.00213e-13
-1.92779e-13
-1.84932e-13
-1.76918e-13
-1.68985e-13
-1.66163e-13
-1.70088e-13
-1.62104e-13
-1.48331e-13
-1.37417e-13
-1.19853e-13
-1.14494e-13
-1.13785e-13
-1.03267e-13
-9.62277e-14
-8.90126e-14
-8.25841e-14
-7.46121e-14
-6.4254e-14
-5.86666e-14
-5.28811e-14
-4.40763e-14
-3.54247e-14
-2.74636e-14
-1.96013e-14
-7.73848e-15
-8.37878e-16
-8.54483e-17
-7.02597e-13
-7.09764e-13
-7.13281e-13
-7.08377e-13
-7.02688e-13
-6.973e-13
-6.9102e-13
-6.95396e-13
-6.99326e-13
-6.88145e-13
-6.77931e-13
-6.70219e-13
-6.61765e-13
-6.56303e-13
-6.48884e-13
-6.38918e-13
-6.28516e-13
-6.26033e-13
-6.15478e-13
-6.0095e-13
-5.8902e-13
-5.76738e-13
-5.67592e-13
-5.60418e-13
-5.53519e-13
-5.50457e-13
-5.48342e-13
-5.44043e-13
-5.39993e-13
-5.2943e-13
-5.18345e-13
-5.151e-13
-5.1183e-13
-4.99456e-13
-4.86112e-13
-4.78369e-13
-4.74504e-13
-4.68382e-13
-4.62343e-13
-4.55744e-13
-4.4339e-13
-4.38232e-13
-4.35036e-13
-4.31923e-13
-4.26584e-13
-4.17944e-13
-4.08781e-13
-3.97726e-13
-3.84427e-13
-3.7463e-13
-3.65627e-13
-3.56091e-13
-3.48549e-13
-3.45048e-13
-3.4184e-13
-3.3447e-13
-3.24835e-13
-3.14412e-13
-3.05791e-13
-3.0263e-13
-2.95785e-13
-2.84565e-13
-2.73773e-13
-2.65348e-13
-2.57003e-13
-2.47699e-13
-2.40226e-13
-2.3129e-13
-2.22432e-13
-2.15243e-13
-2.13643e-13
-2.10958e-13
-2.03795e-13
-1.94447e-13
-1.86805e-13
-1.79451e-13
-1.70228e-13
-1.65949e-13
-1.61488e-13
-1.55336e-13
-1.46347e-13
-1.36053e-13
-1.24857e-13
-1.18103e-13
-1.1217e-13
-1.05081e-13
-9.48563e-14
-8.44519e-14
-7.92785e-14
-7.25948e-14
-6.4956e-14
-5.71401e-14
-5.40959e-14
-4.69312e-14
-3.6299e-14
-2.54139e-14
-1.8258e-14
-9.75342e-15
-3.52652e-15
8.73178e-16
-7.05306e-13
-7.05336e-13
-7.05465e-13
-7.07496e-13
-7.08681e-13
-7.03908e-13
-6.98167e-13
-6.96301e-13
-6.91925e-13
-6.83751e-13
-6.76931e-13
-6.7203e-13
-6.62064e-13
-6.50776e-13
-6.47874e-13
-6.49052e-13
-6.38633e-13
-6.25119e-13
-6.10711e-13
-6.00083e-13
-5.86104e-13
-5.72657e-13
-5.633e-13
-5.57033e-13
-5.53636e-13
-5.49432e-13
-5.46886e-13
-5.44801e-13
-5.38429e-13
-5.29012e-13
-5.20436e-13
-5.18107e-13
-5.05097e-13
-4.95735e-13
-4.88893e-13
-4.81773e-13
-4.77858e-13
-4.71131e-13
-4.63991e-13
-4.52785e-13
-4.4565e-13
-4.41046e-13
-4.36638e-13
-4.33238e-13
-4.25249e-13
-4.17378e-13
-4.10008e-13
-3.98585e-13
-3.83336e-13
-3.72496e-13
-3.63629e-13
-3.55046e-13
-3.5298e-13
-3.47006e-13
-3.37592e-13
-3.30007e-13
-3.23317e-13
-3.13504e-13
-3.05193e-13
-2.99979e-13
-2.96479e-13
-2.84469e-13
-2.73408e-13
-2.64569e-13
-2.56093e-13
-2.4649e-13
-2.35075e-13
-2.2782e-13
-2.23483e-13
-2.21538e-13
-2.19295e-13
-2.12243e-13
-2.04418e-13
-1.94861e-13
-1.8511e-13
-1.74994e-13
-1.69081e-13
-1.67537e-13
-1.61951e-13
-1.55574e-13
-1.46961e-13
-1.3637e-13
-1.25309e-13
-1.19461e-13
-1.16832e-13
-1.09004e-13
-9.74219e-14
-8.6648e-14
-8.04332e-14
-7.08157e-14
-6.14895e-14
-5.33334e-14
-4.89748e-14
-4.53317e-14
-3.93983e-14
-3.10431e-14
-1.79118e-14
-4.83713e-15
1.60976e-15
9.34649e-16
-7.04138e-13
-7.08754e-13
-7.162e-13
-7.07171e-13
-7.02311e-13
-6.97328e-13
-6.89733e-13
-6.93555e-13
-6.92729e-13
-6.92418e-13
-6.852e-13
-6.71551e-13
-6.59277e-13
-6.48539e-13
-6.42179e-13
-6.40826e-13
-6.42388e-13
-6.30726e-13
-6.13817e-13
-6.01648e-13
-5.84831e-13
-5.69928e-13
-5.62312e-13
-5.55823e-13
-5.50741e-13
-5.49267e-13
-5.48959e-13
-5.45384e-13
-5.39498e-13
-5.31219e-13
-5.25631e-13
-5.18692e-13
-5.08577e-13
-4.93008e-13
-4.8148e-13
-4.75842e-13
-4.7216e-13
-4.69268e-13
-4.65012e-13
-4.55466e-13
-4.47439e-13
-4.4315e-13
-4.39155e-13
-4.32826e-13
-4.2569e-13
-4.1684e-13
-4.0662e-13
-3.97514e-13
-3.88123e-13
-3.75381e-13
-3.65797e-13
-3.56695e-13
-3.47267e-13
-3.40907e-13
-3.35883e-13
-3.31928e-13
-3.23141e-13
-3.14606e-13
-3.05221e-13
-2.9755e-13
-2.95838e-13
-2.86421e-13
-2.7622e-13
-2.66835e-13
-2.55714e-13
-2.43919e-13
-2.34064e-13
-2.31729e-13
-2.2455e-13
-2.19725e-13
-2.15161e-13
-2.11053e-13
-2.07931e-13
-1.97891e-13
-1.82096e-13
-1.69721e-13
-1.70308e-13
-1.70653e-13
-1.64216e-13
-1.53265e-13
-1.44244e-13
-1.39145e-13
-1.28992e-13
-1.22013e-13
-1.17302e-13
-1.03559e-13
-9.18217e-14
-8.7807e-14
-8.18768e-14
-7.29092e-14
-6.22844e-14
-5.19981e-14
-4.49792e-14
-4.08786e-14
-4.038e-14
-3.63939e-14
-2.0028e-14
-2.70316e-15
4.43938e-15
1.09922e-15
-7.04765e-13
-7.05243e-13
-7.09814e-13
-7.09238e-13
-7.06265e-13
-6.99493e-13
-6.9565e-13
-6.93659e-13
-6.91198e-13
-6.81239e-13
-6.74178e-13
-6.67112e-13
-6.6304e-13
-6.57439e-13
-6.51842e-13
-6.4893e-13
-6.38557e-13
-6.25559e-13
-6.13739e-13
-5.99121e-13
-5.83511e-13
-5.68585e-13
-5.61507e-13
-5.56916e-13
-5.5149e-13
-5.45325e-13
-5.47302e-13
-5.42106e-13
-5.30531e-13
-5.25945e-13
-5.26029e-13
-5.20018e-13
-5.13979e-13
-5.02549e-13
-4.83116e-13
-4.72544e-13
-4.70005e-13
-4.67133e-13
-4.65277e-13
-4.56991e-13
-4.49037e-13
-4.42384e-13
-4.38467e-13
-4.35246e-13
-4.28672e-13
-4.22843e-13
-4.0828e-13
-3.93864e-13
-3.83269e-13
-3.71072e-13
-3.63732e-13
-3.5942e-13
-3.51699e-13
-3.42731e-13
-3.35488e-13
-3.29751e-13
-3.17774e-13
-3.10914e-13
-3.03275e-13
-2.98179e-13
-2.94843e-13
-2.83659e-13
-2.73216e-13
-2.65287e-13
-2.5416e-13
-2.42422e-13
-2.35871e-13
-2.28906e-13
-2.2357e-13
-2.26659e-13
-2.22297e-13
-2.16376e-13
-2.06754e-13
-1.94253e-13
-1.80616e-13
-1.69973e-13
-1.68478e-13
-1.70474e-13
-1.64321e-13
-1.55305e-13
-1.46571e-13
-1.38971e-13
-1.2821e-13
-1.19754e-13
-1.15459e-13
-1.05854e-13
-9.19618e-14
-8.66953e-14
-8.23176e-14
-7.53873e-14
-6.3643e-14
-5.13062e-14
-4.57195e-14
-4.29336e-14
-4.34815e-14
-3.60226e-14
-1.79268e-14
-5.77209e-15
9.36965e-16
1.46082e-15
-7.08942e-13
-7.0852e-13
-7.11002e-13
-7.05709e-13
-7.01152e-13
-7.0031e-13
-6.98479e-13
-6.94336e-13
-6.8826e-13
-6.80869e-13
-6.71829e-13
-6.66791e-13
-6.6115e-13
-6.57468e-13
-6.52974e-13
-6.46097e-13
-6.37488e-13
-6.26276e-13
-6.11162e-13
-5.9925e-13
-5.78414e-13
-5.68956e-13
-5.65471e-13
-5.57946e-13
-5.52413e-13
-5.47939e-13
-5.45686e-13
-5.46171e-13
-5.40065e-13
-5.31293e-13
-5.24145e-13
-5.15992e-13
-5.06449e-13
-4.91887e-13
-4.77939e-13
-4.70508e-13
-4.71259e-13
-4.68543e-13
-4.68479e-13
-4.6014e-13
-4.49597e-13
-4.45751e-13
-4.4112e-13
-4.30475e-13
-4.24e-13
-4.1901e-13
-4.08084e-13
-3.92223e-13
-3.82849e-13
-3.74122e-13
-3.6511e-13
-3.61069e-13
-3.55848e-13
-3.40404e-13
-3.32747e-13
-3.27929e-13
-3.17099e-13
-3.10558e-13
-3.03289e-13
-2.98863e-13
-2.93805e-13
-2.84265e-13
-2.73564e-13
-2.67171e-13
-2.55414e-13
-2.44515e-13
-2.38417e-13
-2.34433e-13
-2.25607e-13
-2.17216e-13
-2.14515e-13
-2.12144e-13
-2.04187e-13
-1.94002e-13
-1.83427e-13
-1.72712e-13
-1.71354e-13
-1.68731e-13
-1.65253e-13
-1.56623e-13
-1.47477e-13
-1.37658e-13
-1.28419e-13
-1.21542e-13
-1.17734e-13
-1.06019e-13
-9.32815e-14
-8.82025e-14
-7.86927e-14
-6.9542e-14
-6.43929e-14
-5.5703e-14
-4.73475e-14
-4.40502e-14
-4.22438e-14
-3.36957e-14
-2.23723e-14
-9.18102e-15
-1.69971e-15
1.48707e-16
-7.00655e-13
-7.12403e-13
-7.12814e-13
-7.10079e-13
-7.05533e-13
-7.01534e-13
-7.00058e-13
-6.94295e-13
-6.8793e-13
-6.79141e-13
-6.66257e-13
-6.57114e-13
-6.55609e-13
-6.55494e-13
-6.51285e-13
-6.45426e-13
-6.39618e-13
-6.28511e-13
-6.10816e-13
-5.97336e-13
-5.87489e-13
-5.76373e-13
-5.64999e-13
-5.55045e-13
-5.50391e-13
-5.45808e-13
-5.44632e-13
-5.42823e-13
-5.374e-13
-5.27624e-13
-5.17504e-13
-5.11182e-13
-5.02985e-13
-4.95145e-13
-4.87935e-13
-4.79063e-13
-4.7297e-13
-4.66853e-13
-4.64439e-13
-4.58987e-13
-4.51069e-13
-4.46708e-13
-4.39048e-13
-4.32112e-13
-4.27352e-13
-4.17868e-13
-4.05149e-13
-3.93473e-13
-3.84629e-13
-3.75541e-13
-3.65109e-13
-3.57102e-13
-3.52696e-13
-3.42918e-13
-3.34768e-13
-3.26951e-13
-3.15344e-13
-3.11536e-13
-3.04735e-13
-2.99061e-13
-2.91102e-13
-2.80601e-13
-2.67527e-13
-2.59278e-13
-2.55137e-13
-2.50624e-13
-2.43772e-13
-2.37858e-13
-2.30482e-13
-2.2353e-13
-2.14145e-13
-2.05623e-13
-1.96878e-13
-1.89254e-13
-1.83529e-13
-1.78326e-13
-1.75056e-13
-1.6877e-13
-1.61209e-13
-1.55018e-13
-1.49656e-13
-1.39609e-13
-1.28513e-13
-1.21749e-13
-1.15581e-13
-1.05896e-13
-9.58022e-14
-8.41137e-14
-7.66757e-14
-7.38423e-14
-6.72075e-14
-5.83515e-14
-5.13081e-14
-4.62674e-14
-4.06955e-14
-3.58323e-14
-2.83294e-14
-1.48534e-14
-7.73891e-15
-1.94863e-15
-7.06849e-13
-7.06872e-13
-7.07853e-13
-7.07994e-13
-7.0617e-13
-7.05361e-13
-7.01758e-13
-6.96591e-13
-6.83971e-13
-6.74683e-13
-6.64446e-13
-6.58656e-13
-6.53911e-13
-6.55468e-13
-6.54871e-13
-6.48889e-13
-6.37813e-13
-6.1949e-13
-6.07637e-13
-5.94087e-13
-5.82715e-13
-5.78156e-13
-5.72275e-13
-5.62904e-13
-5.54803e-13
-5.49889e-13
-5.44827e-13
-5.39954e-13
-5.37549e-13
-5.28932e-13
-5.17048e-13
-5.05382e-13
-4.9918e-13
-4.94861e-13
-4.85575e-13
-4.77487e-13
-4.72306e-13
-4.67509e-13
-4.64138e-13
-4.58148e-13
-4.52763e-13
-4.47117e-13
-4.38171e-13
-4.32303e-13
-4.23892e-13
-4.15898e-13
-4.05481e-13
-3.94904e-13
-3.84586e-13
-3.7511e-13
-3.64798e-13
-3.56178e-13
-3.52651e-13
-3.44899e-13
-3.36736e-13
-3.28634e-13
-3.17244e-13
-3.10326e-13
-3.01672e-13
-2.94191e-13
-2.90499e-13
-2.82584e-13
-2.72676e-13
-2.6542e-13
-2.54847e-13
-2.49379e-13
-2.42633e-13
-2.38647e-13
-2.31761e-13
-2.22336e-13
-2.10115e-13
-2.0027e-13
-1.95607e-13
-1.93063e-13
-1.87215e-13
-1.80008e-13
-1.75068e-13
-1.62958e-13
-1.59756e-13
-1.55697e-13
-1.52721e-13
-1.44078e-13
-1.31041e-13
-1.21257e-13
-1.13503e-13
-1.04718e-13
-9.39504e-14
-8.67383e-14
-7.96302e-14
-7.40328e-14
-6.79734e-14
-5.87612e-14
-5.13943e-14
-4.86766e-14
-4.16618e-14
-3.77593e-14
-2.85114e-14
-1.59976e-14
-9.18525e-15
-1.0404e-15
-7.09159e-13
-7.0814e-13
-7.04946e-13
-7.07277e-13
-7.06104e-13
-7.04703e-13
-7.04199e-13
-7.011e-13
-6.85592e-13
-6.74489e-13
-6.61082e-13
-6.55141e-13
-6.52974e-13
-6.53017e-13
-6.49167e-13
-6.44737e-13
-6.35182e-13
-6.23362e-13
-6.11064e-13
-5.99409e-13
-5.85029e-13
-5.77192e-13
-5.70557e-13
-5.62075e-13
-5.52787e-13
-5.48317e-13
-5.45453e-13
-5.41875e-13
-5.33889e-13
-5.24664e-13
-5.13051e-13
-5.03202e-13
-5.01235e-13
-4.95838e-13
-4.91536e-13
-4.7803e-13
-4.70041e-13
-4.67952e-13
-4.64966e-13
-4.59196e-13
-4.53608e-13
-4.4393e-13
-4.36226e-13
-4.29977e-13
-4.24814e-13
-4.17356e-13
-4.06588e-13
-3.93421e-13
-3.86523e-13
-3.74364e-13
-3.66432e-13
-3.58767e-13
-3.51419e-13
-3.42573e-13
-3.33501e-13
-3.2681e-13
-3.17426e-13
-3.08955e-13
-2.99149e-13
-2.94747e-13
-2.92554e-13
-2.85808e-13
-2.71673e-13
-2.62129e-13
-2.53796e-13
-2.50599e-13
-2.44193e-13
-2.3526e-13
-2.28801e-13
-2.23325e-13
-2.15532e-13
-2.05732e-13
-1.94536e-13
-1.86602e-13
-1.81315e-13
-1.78394e-13
-1.7702e-13
-1.69799e-13
-1.59545e-13
-1.52377e-13
-1.47426e-13
-1.41731e-13
-1.34914e-13
-1.25784e-13
-1.16938e-13
-1.03517e-13
-9.12524e-14
-8.55605e-14
-7.94974e-14
-7.53421e-14
-6.96251e-14
-6.13445e-14
-5.49212e-14
-5.05598e-14
-4.40604e-14
-3.44108e-14
-2.45494e-14
-1.57231e-14
-8.84021e-15
-1.51868e-15
-7.08897e-13
-7.05952e-13
-7.06244e-13
-7.03102e-13
-7.07472e-13
-7.10263e-13
-7.01255e-13
-6.94625e-13
-6.84955e-13
-6.73557e-13
-6.63331e-13
-6.57839e-13
-6.56673e-13
-6.53489e-13
-6.47604e-13
-6.43829e-13
-6.37788e-13
-6.24895e-13
-6.09706e-13
-5.98371e-13
-5.84495e-13
-5.76544e-13
-5.70671e-13
-5.59375e-13
-5.52954e-13
-5.51914e-13
-5.45696e-13
-5.3709e-13
-5.32224e-13
-5.26934e-13
-5.18129e-13
-5.09814e-13
-4.98524e-13
-4.88663e-13
-4.85148e-13
-4.78771e-13
-4.72383e-13
-4.69786e-13
-4.65908e-13
-4.59037e-13
-4.51926e-13
-4.43162e-13
-4.35111e-13
-4.30256e-13
-4.27217e-13
-4.16878e-13
-4.02581e-13
-3.91553e-13
-3.84444e-13
-3.76653e-13
-3.66968e-13
-3.57056e-13
-3.4961e-13
-3.41622e-13
-3.31426e-13
-3.26063e-13
-3.1899e-13
-3.11353e-13
-3.0578e-13
-2.97664e-13
-2.88363e-13
-2.77803e-13
-2.66804e-13
-2.62662e-13
-2.58347e-13
-2.545e-13
-2.49144e-13
-2.38632e-13
-2.30344e-13
-2.22087e-13
-2.09169e-13
-2.0032e-13
-1.91218e-13
-1.88207e-13
-1.86126e-13
-1.81922e-13
-1.75804e-13
-1.67907e-13
-1.59296e-13
-1.53831e-13
-1.50161e-13
-1.41953e-13
-1.29949e-13
-1.21293e-13
-1.15848e-13
-1.07939e-13
-9.38665e-14
-8.4802e-14
-7.94277e-14
-7.71824e-14
-6.97078e-14
-6.1605e-14
-5.53573e-14
-5.05048e-14
-4.39757e-14
-3.54443e-14
-2.72661e-14
-1.63277e-14
-9.506e-15
-3.71579e-15
-7.0666e-13
-7.01848e-13
-7.08201e-13
-7.09774e-13
-7.07426e-13
-7.05537e-13
-7.04157e-13
-6.96093e-13
-6.86229e-13
-6.76628e-13
-6.66767e-13
-6.57325e-13
-6.51094e-13
-6.47357e-13
-6.43195e-13
-6.40609e-13
-6.34051e-13
-6.26215e-13
-6.11808e-13
-5.98764e-13
-5.87855e-13
-5.80892e-13
-5.73185e-13
-5.6432e-13
-5.54419e-13
-5.49198e-13
-5.44755e-13
-5.35416e-13
-5.30005e-13
-5.25517e-13
-5.16059e-13
-5.07714e-13
-4.97237e-13
-4.89611e-13
-4.84352e-13
-4.79485e-13
-4.70831e-13
-4.68745e-13
-4.66142e-13
-4.61472e-13
-4.52403e-13
-4.42989e-13
-4.34206e-13
-4.27851e-13
-4.24092e-13
-4.16901e-13
-4.06273e-13
-3.94081e-13
-3.83181e-13
-3.73824e-13
-3.66466e-13
-3.58023e-13
-3.47979e-13
-3.40512e-13
-3.32887e-13
-3.25292e-13
-3.17622e-13
-3.09948e-13
-3.04437e-13
-2.98734e-13
-2.87149e-13
-2.79385e-13
-2.70795e-13
-2.62663e-13
-2.58926e-13
-2.53143e-13
-2.44606e-13
-2.36835e-13
-2.30437e-13
-2.19977e-13
-2.11463e-13
-2.03034e-13
-1.93311e-13
-1.89246e-13
-1.8559e-13
-1.7873e-13
-1.72615e-13
-1.64986e-13
-1.58928e-13
-1.55038e-13
-1.50534e-13
-1.44328e-13
-1.34185e-13
-1.23678e-13
-1.1352e-13
-1.05641e-13
-9.45402e-14
-8.43124e-14
-7.94724e-14
-7.78776e-14
-7.29952e-14
-6.32284e-14
-5.4029e-14
-5.04718e-14
-4.43493e-14
-3.58426e-14
-2.52892e-14
-1.61342e-14
-1.02808e-14
-3.55333e-15
-7.05731e-13
-7.00438e-13
-7.04528e-13
-7.11708e-13
-7.11017e-13
-7.07787e-13
-7.036e-13
-6.95318e-13
-6.87516e-13
-6.77664e-13
-6.64847e-13
-6.54872e-13
-6.51367e-13
-6.50896e-13
-6.49938e-13
-6.41033e-13
-6.34434e-13
-6.23409e-13
-6.06735e-13
-5.95883e-13
-5.88039e-13
-5.81159e-13
-5.73074e-13
-5.62618e-13
-5.53924e-13
-5.50334e-13
-5.46893e-13
-5.38452e-13
-5.28204e-13
-5.21155e-13
-5.14794e-13
-5.03588e-13
-4.92054e-13
-4.88792e-13
-4.87227e-13
-4.81912e-13
-4.74581e-13
-4.69132e-13
-4.63671e-13
-4.55246e-13
-4.51339e-13
-4.43429e-13
-4.35121e-13
-4.31081e-13
-4.26429e-13
-4.16607e-13
-4.05421e-13
-3.94171e-13
-3.84557e-13
-3.72853e-13
-3.61235e-13
-3.53714e-13
-3.51314e-13
-3.42812e-13
-3.32385e-13
-3.24608e-13
-3.16921e-13
-3.11352e-13
-3.04733e-13
-2.96531e-13
-2.86592e-13
-2.79783e-13
-2.75987e-13
-2.67837e-13
-2.60309e-13
-2.49051e-13
-2.37768e-13
-2.31199e-13
-2.26076e-13
-2.21855e-13
-2.15706e-13
-2.07237e-13
-1.97601e-13
-1.88865e-13
-1.82293e-13
-1.7756e-13
-1.72982e-13
-1.67796e-13
-1.60747e-13
-1.51473e-13
-1.45107e-13
-1.41725e-13
-1.37856e-13
-1.25849e-13
-1.12049e-13
-1.01537e-13
-9.2638e-14
-8.49904e-14
-8.03518e-14
-7.9989e-14
-7.601e-14
-6.73718e-14
-5.55432e-14
-4.9762e-14
-4.14764e-14
-3.45077e-14
-2.17968e-14
-1.3839e-14
-6.69872e-15
-1.32792e-15
-7.05551e-13
-7.03572e-13
-7.07877e-13
-7.08538e-13
-7.10595e-13
-7.10044e-13
-7.05363e-13
-6.94969e-13
-6.84425e-13
-6.75427e-13
-6.63622e-13
-6.58195e-13
-6.54363e-13
-6.50214e-13
-6.42854e-13
-6.36393e-13
-6.23889e-13
-6.22753e-13
-6.15411e-13
-6.0403e-13
-5.92758e-13
-5.81386e-13
-5.73648e-13
-5.6534e-13
-5.5848e-13
-5.49746e-13
-5.41124e-13
-5.33879e-13
-5.2629e-13
-5.19605e-13
-5.18669e-13
-5.06721e-13
-4.93309e-13
-4.88752e-13
-4.81766e-13
-4.77696e-13
-4.74374e-13
-4.71476e-13
-4.66764e-13
-4.5988e-13
-4.52031e-13
-4.39176e-13
-4.32568e-13
-4.28355e-13
-4.24206e-13
-4.18109e-13
-4.09282e-13
-3.95545e-13
-3.85518e-13
-3.74245e-13
-3.63211e-13
-3.53625e-13
-3.49043e-13
-3.41709e-13
-3.32598e-13
-3.21274e-13
-3.12362e-13
-3.1094e-13
-3.0663e-13
-3.02573e-13
-2.89986e-13
-2.80324e-13
-2.70344e-13
-2.6319e-13
-2.5699e-13
-2.50878e-13
-2.4435e-13
-2.35216e-13
-2.257e-13
-2.17904e-13
-2.11447e-13
-2.0311e-13
-1.93665e-13
-1.86464e-13
-1.81117e-13
-1.78491e-13
-1.75452e-13
-1.69125e-13
-1.61628e-13
-1.52544e-13
-1.45979e-13
-1.42413e-13
-1.33213e-13
-1.21735e-13
-1.12553e-13
-1.06673e-13
-9.76501e-14
-8.85464e-14
-8.28926e-14
-7.7996e-14
-7.15127e-14
-6.65428e-14
-5.8552e-14
-4.79396e-14
-4.00624e-14
-3.10233e-14
-2.22438e-14
-1.66012e-14
-1.01565e-14
-2.7437e-15
-7.06231e-13
-7.03862e-13
-7.03251e-13
-7.10033e-13
-7.11581e-13
-7.10644e-13
-7.04535e-13
-6.94321e-13
-6.85838e-13
-6.75736e-13
-6.63285e-13
-6.55294e-13
-6.53247e-13
-6.52187e-13
-6.45422e-13
-6.37273e-13
-6.31293e-13
-6.25406e-13
-6.12608e-13
-5.99904e-13
-5.90111e-13
-5.80139e-13
-5.71734e-13
-5.61957e-13
-5.55309e-13
-5.49475e-13
-5.41778e-13
-5.3792e-13
-5.31058e-13
-5.18738e-13
-5.12595e-13
-5.03312e-13
-4.93713e-13
-4.88952e-13
-4.84461e-13
-4.80064e-13
-4.7571e-13
-4.69394e-13
-4.63505e-13
-4.56575e-13
-4.51588e-13
-4.40884e-13
-4.35294e-13
-4.2994e-13
-4.24023e-13
-4.16247e-13
-4.07325e-13
-3.97828e-13
-3.84888e-13
-3.70422e-13
-3.61878e-13
-3.54185e-13
-3.50617e-13
-3.41195e-13
-3.33401e-13
-3.28163e-13
-3.1716e-13
-3.09197e-13
-3.0508e-13
-2.98699e-13
-2.91429e-13
-2.83292e-13
-2.72576e-13
-2.63224e-13
-2.5465e-13
-2.4756e-13
-2.41169e-13
-2.34432e-13
-2.2695e-13
-2.19199e-13
-2.13245e-13
-2.05017e-13
-1.96225e-13
-1.88031e-13
-1.80394e-13
-1.76542e-13
-1.76265e-13
-1.68642e-13
-1.59517e-13
-1.49823e-13
-1.44007e-13
-1.42638e-13
-1.38369e-13
-1.24379e-13
-1.1318e-13
-1.03011e-13
-9.29975e-14
-8.64001e-14
-8.32104e-14
-7.87294e-14
-7.45166e-14
-6.66418e-14
-6.02131e-14
-4.89897e-14
-4.03704e-14
-3.07059e-14
-2.04734e-14
-1.44352e-14
-9.60995e-15
-4.58882e-15
-7.04515e-13
-7.037e-13
-7.05729e-13
-7.09831e-13
-7.12244e-13
-7.09725e-13
-7.06849e-13
-6.99116e-13
-6.87841e-13
-6.77129e-13
-6.61243e-13
-6.51772e-13
-6.53901e-13
-6.49244e-13
-6.43949e-13
-6.34824e-13
-6.25654e-13
-6.23617e-13
-6.16317e-13
-6.08628e-13
-5.93487e-13
-5.81312e-13
-5.73219e-13
-5.64556e-13
-5.53385e-13
-5.45125e-13
-5.39787e-13
-5.35521e-13
-5.29686e-13
-5.24923e-13
-5.1764e-13
-5.0263e-13
-4.92968e-13
-4.85789e-13
-4.81175e-13
-4.78077e-13
-4.73166e-13
-4.70383e-13
-4.678e-13
-4.59827e-13
-4.51919e-13
-4.41826e-13
-4.33879e-13
-4.25988e-13
-4.24037e-13
-4.16896e-13
-4.09845e-13
-3.98535e-13
-3.84602e-13
-3.73391e-13
-3.63619e-13
-3.53093e-13
-3.49492e-13
-3.40539e-13
-3.31335e-13
-3.25143e-13
-3.1601e-13
-3.10835e-13
-3.06757e-13
-3.00672e-13
-2.89879e-13
-2.80687e-13
-2.71039e-13
-2.6301e-13
-2.56191e-13
-2.49844e-13
-2.44242e-13
-2.35448e-13
-2.27228e-13
-2.19732e-13
-2.10034e-13
-1.99745e-13
-1.91835e-13
-1.86735e-13
-1.81739e-13
-1.78726e-13
-1.77352e-13
-1.69776e-13
-1.59076e-13
-1.47865e-13
-1.44443e-13
-1.42742e-13
-1.37605e-13
-1.24703e-13
-1.13211e-13
-1.02542e-13
-9.65723e-14
-8.7703e-14
-8.38582e-14
-7.77008e-14
-7.37624e-14
-6.90705e-14
-6.19937e-14
-5.05839e-14
-3.92163e-14
-2.78524e-14
-1.76041e-14
-1.24615e-14
-7.90542e-15
-6.03274e-15
)
;

boundaryField
{
    inlet
    {
        type            calculated;
        value           nonuniform List<scalar> 
40
(
-7.07494e-13
-7.03828e-13
-7.03482e-13
-7.04605e-13
-7.05935e-13
-7.02327e-13
-7.0798e-13
-7.07558e-13
-7.10163e-13
-7.10374e-13
-7.0869e-13
-7.12284e-13
-7.09788e-13
-7.06419e-13
-7.06009e-13
-7.0455e-13
-7.12293e-13
-7.11906e-13
-7.06536e-13
-7.14518e-13
-7.17404e-13
-7.15358e-13
-7.09514e-13
-7.15681e-13
-7.12645e-13
-7.03845e-13
-7.02597e-13
-7.05306e-13
-7.04138e-13
-7.04765e-13
-7.08942e-13
-7.00655e-13
-7.06849e-13
-7.09159e-13
-7.08897e-13
-7.0666e-13
-7.05731e-13
-7.05551e-13
-7.06231e-13
-7.04515e-13
)
;
    }
    outlet
    {
        type            calculated;
        value           uniform 0;
    }
    down
    {
        type            empty;
    }
    up
    {
        type            empty;
    }
    sides
    {
        type            calculated;
        value           nonuniform List<scalar> 
200
(
-7.07494e-13
-7.01583e-13
-7.02935e-13
-7.06347e-13
-7.03969e-13
-7.04445e-13
-7.03183e-13
-6.97935e-13
-6.87044e-13
-6.83323e-13
-6.84903e-13
-6.79135e-13
-6.66882e-13
-6.51799e-13
-6.37899e-13
-6.31012e-13
-6.25971e-13
-6.23289e-13
-6.15729e-13
-6.00965e-13
-5.89571e-13
-5.82394e-13
-5.76826e-13
-5.69907e-13
-5.59167e-13
-5.48165e-13
-5.46656e-13
-5.4067e-13
-5.34107e-13
-5.231e-13
-5.0599e-13
-4.99119e-13
-4.9755e-13
-4.96173e-13
-4.91365e-13
-4.89051e-13
-4.80015e-13
-4.60402e-13
-4.42139e-13
-4.38854e-13
-4.40206e-13
-4.38877e-13
-4.39647e-13
-4.33069e-13
-4.20916e-13
-4.11874e-13
-4.03067e-13
-3.93558e-13
-3.83774e-13
-3.7572e-13
-3.66159e-13
-3.57706e-13
-3.49967e-13
-3.40597e-13
-3.31925e-13
-3.18764e-13
-3.12037e-13
-3.09049e-13
-3.06535e-13
-3.03627e-13
-2.95353e-13
-2.87916e-13
-2.77484e-13
-2.65013e-13
-2.56751e-13
-2.49365e-13
-2.45244e-13
-2.3731e-13
-2.26485e-13
-2.18741e-13
-2.11373e-13
-2.05086e-13
-1.9202e-13
-1.85107e-13
-1.84543e-13
-1.80346e-13
-1.77315e-13
-1.71205e-13
-1.62467e-13
-1.49433e-13
-1.36348e-13
-1.30841e-13
-1.2231e-13
-1.18311e-13
-1.14563e-13
-1.08834e-13
-9.90614e-14
-9.09402e-14
-8.73072e-14
-8.35125e-14
-7.71807e-14
-7.07324e-14
-6.3191e-14
-5.68848e-14
-4.78389e-14
-3.84356e-14
-2.98655e-14
-2.13604e-14
-1.22451e-14
-3.06756e-15
-7.04515e-13
-7.037e-13
-7.05729e-13
-7.09831e-13
-7.12244e-13
-7.09725e-13
-7.06849e-13
-6.99116e-13
-6.87841e-13
-6.77129e-13
-6.61243e-13
-6.51772e-13
-6.53901e-13
-6.49244e-13
-6.43949e-13
-6.34824e-13
-6.25654e-13
-6.23617e-13
-6.16317e-13
-6.08628e-13
-5.93487e-13
-5.81312e-13
-5.73219e-13
-5.64556e-13
-5.53385e-13
-5.45125e-13
-5.39787e-13
-5.35521e-13
-5.29686e-13
-5.24923e-13
-5.1764e-13
-5.0263e-13
-4.92968e-13
-4.85789e-13
-4.81175e-13
-4.78077e-13
-4.73166e-13
-4.70383e-13
-4.678e-13
-4.59827e-13
-4.51919e-13
-4.41826e-13
-4.33879e-13
-4.25988e-13
-4.24037e-13
-4.16896e-13
-4.09845e-13
-3.98535e-13
-3.84602e-13
-3.73391e-13
-3.63619e-13
-3.53093e-13
-3.49492e-13
-3.40539e-13
-3.31335e-13
-3.25143e-13
-3.1601e-13
-3.10835e-13
-3.06757e-13
-3.00672e-13
-2.89879e-13
-2.80687e-13
-2.71039e-13
-2.6301e-13
-2.56191e-13
-2.49844e-13
-2.44242e-13
-2.35448e-13
-2.27228e-13
-2.19732e-13
-2.10034e-13
-1.99745e-13
-1.91835e-13
-1.86735e-13
-1.81739e-13
-1.78726e-13
-1.77352e-13
-1.69776e-13
-1.59076e-13
-1.47865e-13
-1.44443e-13
-1.42742e-13
-1.37605e-13
-1.24703e-13
-1.13211e-13
-1.02542e-13
-9.65723e-14
-8.7703e-14
-8.38582e-14
-7.77008e-14
-7.37624e-14
-6.90705e-14
-6.19937e-14
-5.05839e-14
-3.92163e-14
-2.78524e-14
-1.76041e-14
-1.24615e-14
-7.90542e-15
-6.03274e-15
)
;
    }
}

