/*--------------------------------*- C++ -*----------------------------------*\
| =========                 |                                                 |
| \\      /  F ield         | OpenFOAM: The Open Source CFD Toolbox           |
|  \\    /   O peration     | Version:  v2012                                 |
|   \\  /    A nd           | Website:  www.openfoam.com                      |
|    \\/     M anipulation  |                                                 |
\*---------------------------------------------------------------------------*/
FoamFile
{
    version     2.0;
    format      ascii;
    class       volVectorField;
    location    "0";
    object      uRec;
}
// * * * * * * * * * * * * * * * * * * * * * * * * * * * * * * * * * * * * * //

dimensions      [0 1 -1 0 0 0 0];


internalField   nonuniform List<vector> 
4000
(
(1 5.10734e-16 0)
(1 1.56649e-15 0)
(1 -9.22829e-16 0)
(1 -5.49546e-16 0)
(1 1.18983e-15 0)
(1 2.57674e-16 0)
(1 2.20577e-15 0)
(1 -1.89351e-15 0)
(1 1.54927e-15 0)
(1 1.52845e-15 0)
(1 -2.4208e-15 0)
(1 2.15989e-16 0)
(1 1.02843e-15 0)
(1 4.38351e-16 0)
(1 -9.57455e-17 0)
(1 2.55071e-16 0)
(1 -1.39083e-15 0)
(1 -1.39104e-15 0)
(1 1.36688e-15 0)
(1 5.44131e-16 0)
(1 3.56834e-17 0)
(1 1.85329e-15 0)
(1 1.94318e-16 0)
(1 2.28791e-15 0)
(1 5.3206e-17 0)
(1 -4.29172e-16 0)
(1 1.35523e-15 0)
(1 -1.44246e-15 0)
(1 -1.57345e-16 0)
(1 -1.53187e-16 0)
(1 1.01693e-15 0)
(1 1.99054e-15 0)
(1 -8.98589e-16 0)
(1 -3.53096e-16 0)
(1 9.79609e-16 0)
(1 -7.84167e-16 0)
(1 -6.50639e-16 0)
(1 1.08283e-15 0)
(1 2.17412e-15 0)
(1 -1.08952e-16 0)
(1 1.4637e-15 0)
(1 -1.36873e-15 0)
(1 -3.71599e-16 0)
(1 5.44161e-16 0)
(1 1.36919e-15 0)
(1 -1.15024e-15 0)
(1 1.01735e-15 0)
(1 1.76509e-16 0)
(1 8.94159e-17 0)
(1 2.35217e-16 0)
(1 -4.93168e-16 0)
(1 1.11437e-15 0)
(1 2.8481e-16 0)
(1 2.41185e-15 0)
(1 1.16484e-15 0)
(1 7.60768e-16 0)
(1 9.23403e-17 0)
(1 -1.17862e-16 0)
(1 1.03997e-15 0)
(1 2.29902e-15 0)
(1 -7.49527e-17 0)
(1 -1.36687e-15 0)
(1 -3.98786e-16 0)
(1 8.46919e-16 0)
(1 5.72463e-16 0)
(1 1.55698e-16 0)
(1 3.22951e-16 0)
(1 -7.30414e-16 0)
(1 8.74627e-16 0)
(1 -7.26069e-16 0)
(1 -4.76366e-16 0)
(1 2.70076e-16 0)
(1 3.25642e-16 0)
(1 -2.7452e-16 0)
(1 -7.8659e-16 0)
(1 -1.62509e-15 0)
(1 -1.34182e-16 0)
(1 -8.6891e-17 0)
(1 7.92752e-16 0)
(1 1.33489e-15 0)
(1 6.40068e-16 0)
(1 1.34353e-15 0)
(1 -5.74137e-16 0)
(1 4.34614e-16 0)
(1 -9.71375e-16 0)
(1 -1.01193e-15 0)
(1 -9.0923e-17 0)
(1 8.65713e-16 0)
(1 1.31864e-15 0)
(1 8.25929e-16 0)
(1 1.94596e-16 0)
(1 -6.53069e-16 0)
(1 8.51982e-16 0)
(1 1.52868e-15 0)
(1 -8.19999e-16 0)
(1 -1.70495e-15 0)
(1 1.36954e-16 0)
(1 1.34349e-15 0)
(1 2.85644e-17 0)
(1 -1.26091e-16 0)
(1 4.21379e-16 0)
(1 3.61882e-15 0)
(1 -8.96716e-16 0)
(1 -1.30056e-15 0)
(1 2.69352e-17 0)
(1 1.21821e-15 0)
(1 2.58498e-15 0)
(1 -1.89357e-15 0)
(1 1.9464e-15 0)
(1 1.56951e-15 0)
(1 -2.97156e-16 0)
(1 6.70256e-16 0)
(1 1.42584e-15 0)
(1 -7.36348e-17 0)
(1 -6.35642e-16 0)
(1 1.77884e-15 0)
(1 -5.77296e-16 0)
(1 -4.85763e-17 0)
(1 2.13526e-15 0)
(1 5.48505e-16 0)
(1 1.09779e-16 0)
(1 9.34425e-16 0)
(1 -5.42645e-16 0)
(1 1.60078e-15 0)
(1 1.37874e-16 0)
(1 1.05692e-15 0)
(1 3.42586e-15 0)
(1 -1.88243e-15 0)
(1 -3.0018e-16 0)
(1 1.13055e-15 0)
(1 2.19604e-16 0)
(1 2.83014e-15 0)
(1 -1.19779e-15 0)
(1 -4.10865e-16 0)
(1 1.83745e-15 0)
(1 -6.77371e-16 0)
(1 7.63928e-16 0)
(1 3.19548e-15 0)
(1 1.91568e-15 0)
(1 -7.76687e-17 0)
(1 -3.058e-16 0)
(1 -1.14157e-15 0)
(1 -1.35048e-15 0)
(1 -1.59532e-17 0)
(1 9.01017e-16 0)
(1 -6.56706e-16 0)
(1 3.51144e-15 0)
(1 3.42959e-15 0)
(1 3.3417e-15 0)
(1 1.74675e-15 0)
(1 7.85878e-16 0)
(1 3.10265e-16 0)
(1 2.54562e-15 0)
(1 2.03152e-15 0)
(1 1.98299e-15 0)
(1 6.69869e-16 0)
(1 1.24007e-15 0)
(1 2.52539e-15 0)
(1 1.31569e-15 0)
(1 -6.22167e-16 0)
(1 5.44502e-16 0)
(1 7.98902e-16 0)
(1 -1.25975e-16 0)
(1 1.25945e-15 0)
(1 3.68757e-16 0)
(1 1.74507e-15 0)
(1 -1.37499e-15 0)
(1 -1.50473e-15 0)
(1 9.70751e-16 0)
(1 -5.77868e-16 0)
(1 -1.07932e-15 0)
(1 6.30602e-16 0)
(1 1.75461e-15 0)
(1 -5.0388e-16 0)
(1 1.00522e-16 0)
(1 -9.67062e-17 0)
(1 8.56179e-16 0)
(1 2.19452e-15 0)
(1 7.42142e-16 0)
(1 2.50941e-15 0)
(1 1.1043e-15 0)
(1 1.23967e-15 0)
(1 2.15298e-15 0)
(1 -8.97024e-17 0)
(1 4.30376e-16 0)
(1 -8.5771e-16 0)
(1 -8.93047e-16 0)
(1 6.62364e-17 0)
(1 1.19354e-15 0)
(1 1.9632e-15 0)
(1 5.20249e-16 0)
(1 -9.77665e-16 0)
(1 2.58332e-15 0)
(1 1.89476e-15 0)
(1 -2.28219e-15 0)
(1 -1.74689e-15 0)
(1 1.17255e-15 0)
(1 6.97731e-16 0)
(1 -3.58099e-16 0)
(1 -3.09372e-16 0)
(1 1.02513e-17 0)
(1 2.507e-15 0)
(1 -9.8323e-17 0)
(1 -1.89989e-16 0)
(1 2.08789e-16 0)
(1 1.41375e-15 0)
(1 2.60848e-15 0)
(1 4.83195e-15 0)
(1 -1.116e-15 0)
(1 -7.48138e-16 0)
(1 1.25887e-15 0)
(1 3.05337e-15 0)
(1 2.62486e-15 0)
(1 2.28449e-16 0)
(1 3.82261e-16 0)
(1 1.1942e-15 0)
(1 1.65963e-15 0)
(1 2.37357e-15 0)
(1 7.79197e-16 0)
(1 2.1322e-15 0)
(1 6.92566e-16 0)
(1 -6.5956e-16 0)
(1 -2.93264e-17 0)
(1 4.97323e-16 0)
(1 3.49922e-15 0)
(1 3.7555e-15 0)
(1 3.48948e-15 0)
(1 -1.10082e-15 0)
(1 -7.64561e-17 0)
(1 1.62801e-15 0)
(1 1.31255e-15 0)
(1 -6.24932e-16 0)
(1 1.01583e-15 0)
(1 1.52304e-15 0)
(1 4.05854e-16 0)
(1 7.4114e-16 0)
(1 6.66672e-17 0)
(1 3.10107e-15 0)
(1 3.32537e-15 0)
(1 -5.1834e-16 0)
(1 -3.31492e-16 0)
(1 5.8009e-16 0)
(1 -4.50471e-16 0)
(1 -8.27864e-16 0)
(1 4.00655e-16 0)
(1 7.4091e-16 0)
(1 1.2833e-15 0)
(1 4.56793e-15 0)
(1 5.22833e-15 0)
(1 3.84659e-15 0)
(1 3.86775e-15 0)
(1 1.91801e-15 0)
(1 4.04064e-15 0)
(1 1.15247e-16 0)
(1 2.37948e-15 0)
(1 8.25079e-16 0)
(1 2.77078e-15 0)
(1 3.25887e-15 0)
(1 3.97935e-15 0)
(1 7.69812e-16 0)
(1 2.88325e-16 0)
(1 1.61707e-15 0)
(1 1.3272e-15 0)
(1 -8.9869e-16 0)
(1 -1.00834e-16 0)
(1 9.25884e-16 0)
(1 -6.40756e-16 0)
(1 6.0088e-16 0)
(1 1.82176e-15 0)
(1 8.57875e-16 0)
(1 1.05734e-15 0)
(1 9.31619e-16 0)
(1 2.36426e-16 0)
(1 -1.54024e-15 0)
(1 5.10825e-17 0)
(1 3.72329e-16 0)
(1 9.79572e-16 0)
(1 1.74493e-15 0)
(1 1.86911e-15 0)
(1 6.606e-16 0)
(1 -2.45672e-16 0)
(1 8.72995e-16 0)
(1 2.55378e-15 0)
(1 6.25579e-16 0)
(1 9.34582e-16 0)
(1 9.75362e-16 0)
(1 -6.16722e-16 0)
(1 -3.9488e-17 0)
(1 6.24825e-16 0)
(1 2.52277e-15 0)
(1 1.34887e-15 0)
(1 6.64042e-16 0)
(1 5.73193e-16 0)
(1 1.64582e-15 0)
(1 -6.99596e-16 0)
(1 -1.19377e-16 0)
(1 1.65606e-15 0)
(1 -1.59313e-15 0)
(1 2.16766e-16 0)
(1 1.79895e-16 0)
(1 1.65828e-16 0)
(1 2.08479e-15 0)
(1 1.45387e-15 0)
(1 -5.76941e-16 0)
(1 1.66174e-15 0)
(1 -2.86659e-16 0)
(1 2.64263e-15 0)
(1 5.3837e-15 0)
(1 1.1185e-15 0)
(1 5.17311e-16 0)
(1 4.38007e-17 0)
(1 5.30977e-15 0)
(1 8.03328e-16 0)
(1 2.81823e-16 0)
(1 4.09764e-15 0)
(1 -4.25722e-16 0)
(1 2.48754e-15 0)
(1 2.53237e-16 0)
(1 -1.22951e-15 0)
(1 5.28556e-15 0)
(1 3.59401e-16 0)
(1 2.30902e-15 0)
(1 1.37934e-15 0)
(1 1.54941e-15 0)
(1 5.3076e-15 0)
(1 3.46408e-15 0)
(1 3.02301e-15 0)
(1 7.01156e-16 0)
(1 9.48891e-16 0)
(1 2.75977e-15 0)
(1 1.21451e-15 0)
(1 8.64496e-16 0)
(1 1.11032e-15 0)
(1 2.75927e-15 0)
(1 1.27313e-15 0)
(1 7.33443e-16 0)
(1 -4.53313e-16 0)
(1 2.45775e-16 0)
(1 3.60555e-15 0)
(1 2.09467e-15 0)
(1 2.96974e-15 0)
(1 8.0402e-16 0)
(1 -4.92318e-16 0)
(1 5.63776e-16 0)
(1 1.92933e-15 0)
(1 2.9282e-15 0)
(1 1.71896e-15 0)
(1 3.99524e-15 0)
(1 5.08107e-15 0)
(1 4.90337e-15 0)
(1 5.15683e-15 0)
(1 3.32598e-15 0)
(1 2.8688e-15 0)
(1 2.37691e-15 0)
(1 3.46067e-15 0)
(1 2.32066e-15 0)
(1 3.66998e-15 0)
(1 4.2086e-15 0)
(1 3.8524e-15 0)
(1 4.85543e-15 0)
(1 2.32882e-15 0)
(1 -2.51829e-16 0)
(1 3.37716e-18 0)
(1 7.89088e-16 0)
(1 -8.00499e-16 0)
(1 2.02356e-16 0)
(1 -4.07432e-16 0)
(1 2.91981e-15 0)
(1 8.84116e-16 0)
(1 6.72777e-16 0)
(1 1.38654e-15 0)
(1 2.85647e-16 0)
(1 -2.7089e-16 0)
(1 -6.35306e-16 0)
(1 -1.03657e-15 0)
(1 8.00437e-16 0)
(1 3.1072e-15 0)
(1 1.22978e-15 0)
(1 3.27396e-15 0)
(1 2.85839e-15 0)
(1 -5.6579e-16 0)
(1 2.88117e-15 0)
(1 1.28934e-15 0)
(1 1.97669e-15 0)
(1 1.84597e-15 0)
(1 1.42763e-16 0)
(1 1.54567e-15 0)
(1 2.33081e-16 0)
(1 1.6943e-15 0)
(1 2.10744e-15 0)
(1 5.19644e-16 0)
(1 2.06745e-15 0)
(1 9.03095e-16 0)
(1 2.01171e-15 0)
(1 1.63523e-15 0)
(1 5.12662e-16 0)
(1 5.16037e-16 0)
(1 5.13334e-16 0)
(1 -1.23523e-15 0)
(1 -1.28092e-15 0)
(1 8.21535e-16 0)
(1 -2.42285e-17 0)
(1 2.0324e-15 0)
(1 -3.59373e-16 0)
(1 1.08626e-15 0)
(1 2.23368e-15 0)
(1 1.64602e-15 0)
(1 1.63844e-15 0)
(1 5.82121e-15 0)
(1 3.69448e-15 0)
(1 2.88481e-15 0)
(1 4.15946e-15 0)
(1 1.79554e-16 0)
(1 -9.45356e-16 0)
(1 2.6453e-15 0)
(1 2.28248e-15 0)
(1 4.89382e-15 0)
(1 3.32941e-15 0)
(1 1.4978e-15 0)
(1 4.69503e-16 0)
(1 7.21714e-16 0)
(1 2.0375e-15 0)
(1 3.58491e-15 0)
(1 4.72129e-15 0)
(1 1.53917e-15 0)
(1 9.76286e-16 0)
(1 7.15436e-16 0)
(1 2.15666e-15 0)
(1 2.05375e-15 0)
(1 4.65878e-16 0)
(1 1.89748e-15 0)
(1 3.34083e-15 0)
(1 1.60192e-16 0)
(1 3.9248e-15 0)
(1 1.65953e-16 0)
(1 -4.91302e-16 0)
(1 9.85964e-16 0)
(1 5.38427e-16 0)
(1 2.46811e-15 0)
(1 4.1712e-15 0)
(1 3.28819e-15 0)
(1 1.67089e-15 0)
(1 -9.16518e-16 0)
(1 1.67333e-15 0)
(1 5.89413e-16 0)
(1 4.61588e-15 0)
(1 5.63848e-15 0)
(1 6.76507e-15 0)
(1 5.35886e-15 0)
(1 4.102e-15 0)
(1 4.50207e-15 0)
(1 2.79844e-15 0)
(1 2.57236e-15 0)
(1 4.34647e-15 0)
(1 4.74563e-15 0)
(1 4.44755e-15 0)
(1 3.54997e-15 0)
(1 3.74703e-15 0)
(1 1.07623e-15 0)
(1 9.87063e-16 0)
(1 4.42993e-15 0)
(1 1.35267e-15 0)
(1 1.99967e-15 0)
(1 1.48562e-15 0)
(1 1.00774e-15 0)
(1 1.19297e-15 0)
(1 8.36522e-16 0)
(1 2.80195e-15 0)
(1 -2.29342e-16 0)
(1 2.34161e-15 0)
(1 2.99197e-16 0)
(1 6.11102e-16 0)
(1 2.58345e-15 0)
(1 1.01626e-15 0)
(1 3.25971e-16 0)
(1 1.3282e-15 0)
(1 3.38787e-15 0)
(1 3.75431e-15 0)
(1 3.21179e-15 0)
(1 1.74747e-15 0)
(1 1.18245e-15 0)
(1 1.84227e-15 0)
(1 1.74796e-15 0)
(1 1.23683e-15 0)
(1 2.95778e-15 0)
(1 3.62016e-16 0)
(1 2.00861e-15 0)
(1 1.04997e-15 0)
(1 6.13789e-16 0)
(1 1.62926e-15 0)
(1 1.12381e-15 0)
(1 1.49075e-15 0)
(1 2.94732e-15 0)
(1 1.52357e-15 0)
(1 2.93488e-15 0)
(1 1.53271e-15 0)
(1 1.30101e-17 0)
(1 1.1315e-15 0)
(1 -2.08495e-15 0)
(1 -1.02617e-15 0)
(1 1.90689e-16 0)
(1 -2.13318e-15 0)
(1 2.19393e-15 0)
(1 2.25936e-15 0)
(1 1.48686e-15 0)
(1 2.89457e-15 0)
(1 1.59872e-15 0)
(1 3.54433e-15 0)
(1 4.12096e-15 0)
(1 4.56018e-15 0)
(1 5.93107e-15 0)
(1 2.73697e-15 0)
(1 2.79191e-16 0)
(1 2.16621e-15 0)
(1 2.12319e-15 0)
(1 2.9902e-15 0)
(1 1.69742e-15 0)
(1 2.50121e-15 0)
(1 2.43051e-15 0)
(1 -9.70132e-18 0)
(1 2.67513e-15 0)
(1 3.817e-16 0)
(1 5.89514e-15 0)
(1 4.45883e-15 0)
(1 1.77375e-15 0)
(1 3.67048e-15 0)
(1 2.22575e-15 0)
(1 1.35896e-15 0)
(1 5.6265e-16 0)
(1 6.94715e-16 0)
(1 7.7073e-16 0)
(1 1.79361e-15 0)
(1 1.6476e-15 0)
(1 3.22737e-15 0)
(1 -4.55182e-16 0)
(1 2.46164e-15 0)
(1 4.38485e-15 0)
(1 4.30228e-15 0)
(1 2.31315e-15 0)
(1 1.97114e-15 0)
(1 3.59064e-15 0)
(1 2.75239e-15 0)
(1 1.10402e-15 0)
(1 6.04913e-16 0)
(1 2.88041e-15 0)
(1 4.36177e-15 0)
(1 4.06748e-15 0)
(1 6.33159e-15 0)
(1 6.76372e-15 0)
(1 6.11265e-15 0)
(1 3.91177e-15 0)
(1 4.08812e-15 0)
(1 4.98059e-15 0)
(1 5.31557e-15 0)
(1 4.14862e-15 0)
(1 4.7377e-15 0)
(1 5.24756e-15 0)
(1 4.9864e-15 0)
(1 4.8824e-15 0)
(1 5.20859e-15 0)
(1 3.89289e-15 0)
(1 1.13087e-15 0)
(1 1.35097e-15 0)
(1 2.11938e-16 0)
(1 2.48778e-15 0)
(1 1.97437e-15 0)
(1 4.5095e-15 0)
(1 2.50915e-15 0)
(1 2.1356e-15 0)
(1 1.65698e-15 0)
(1 2.00047e-15 0)
(1 1.93306e-15 0)
(1 3.13179e-15 0)
(1 8.9504e-16 0)
(1 9.64656e-17 0)
(1 7.86043e-16 0)
(1 2.28128e-15 0)
(1 5.039e-15 0)
(1 2.11283e-15 0)
(1 8.49987e-16 0)
(1 2.21895e-15 0)
(1 3.25624e-15 0)
(1 1.7885e-15 0)
(1 2.77642e-15 0)
(1 2.07918e-15 0)
(1 1.19833e-15 0)
(1 1.08749e-15 0)
(1 -4.60461e-16 0)
(1 -1.55749e-17 0)
(1 1.6937e-15 0)
(1 2.26322e-15 0)
(1 1.98466e-15 0)
(1 3.32834e-15 0)
(1 3.62175e-15 0)
(1 4.59112e-15 0)
(1 3.38374e-15 0)
(1 1.25237e-15 0)
(1 -1.13404e-15 0)
(1 7.6073e-16 0)
(1 1.4685e-15 0)
(1 -5.46695e-16 0)
(1 7.72637e-18 0)
(1 3.25795e-15 0)
(1 7.71603e-16 0)
(1 3.12645e-15 0)
(1 2.98927e-16 0)
(1 1.2476e-15 0)
(1 5.8211e-15 0)
(1 2.86574e-15 0)
(1 4.21399e-15 0)
(1 5.43898e-15 0)
(1 1.6398e-15 0)
(1 2.0382e-15 0)
(1 4.4698e-15 0)
(1 3.09173e-15 0)
(1 5.73746e-15 0)
(1 4.29666e-15 0)
(1 1.35534e-15 0)
(1 2.30555e-15 0)
(1 3.54409e-15 0)
(1 3.42112e-15 0)
(1 -2.41797e-15 0)
(1 4.57455e-15 0)
(1 2.54275e-16 0)
(1 3.56628e-15 0)
(1 2.52218e-15 0)
(1 1.57965e-15 0)
(1 1.60184e-15 0)
(1 2.25102e-15 0)
(1 4.18048e-15 0)
(1 1.93124e-15 0)
(1 2.38e-15 0)
(1 3.16153e-15 0)
(1 7.51405e-16 0)
(1 1.29026e-15 0)
(1 4.69279e-15 0)
(1 4.68122e-15 0)
(1 3.93749e-15 0)
(1 -1.66675e-16 0)
(1 2.45654e-15 0)
(1 2.51456e-15 0)
(1 1.41296e-15 0)
(1 4.14873e-15 0)
(1 2.48208e-15 0)
(1 4.64675e-15 0)
(1 4.94457e-15 0)
(1 5.8059e-15 0)
(1 4.56661e-15 0)
(1 5.50447e-15 0)
(1 7.03875e-15 0)
(1 4.85789e-15 0)
(1 4.59257e-15 0)
(1 5.51518e-15 0)
(1 6.7613e-15 0)
(1 4.54348e-15 0)
(1 3.98722e-15 0)
(1 4.30065e-15 0)
(1 5.4594e-15 0)
(1 5.5684e-15 0)
(1 5.76205e-15 0)
(1 1.91146e-15 0)
(1 3.04927e-15 0)
(1 1.58552e-15 0)
(1 2.31211e-15 0)
(1 1.44946e-15 0)
(1 6.3774e-16 0)
(1 7.25347e-16 0)
(1 3.1261e-15 0)
(1 2.96594e-15 0)
(1 5.2149e-16 0)
(1 3.86984e-15 0)
(1 3.63515e-15 0)
(1 1.37463e-15 0)
(1 1.02362e-15 0)
(1 1.18813e-15 0)
(1 3.8327e-15 0)
(1 2.6271e-15 0)
(1 4.37588e-15 0)
(1 3.24162e-15 0)
(1 3.12731e-15 0)
(1 3.43369e-15 0)
(1 3.45063e-15 0)
(1 3.32452e-15 0)
(1 2.90134e-15 0)
(1 2.25977e-15 0)
(1 3.00457e-15 0)
(1 1.67886e-15 0)
(1 2.03307e-15 0)
(1 2.71789e-15 0)
(1 1.7435e-15 0)
(1 2.31846e-15 0)
(1 3.38149e-15 0)
(1 4.22953e-15 0)
(1 3.98271e-15 0)
(1 2.74755e-15 0)
(1 3.78131e-15 0)
(1 1.24927e-15 0)
(1 1.6769e-16 0)
(1 1.85039e-15 0)
(1 9.46478e-16 0)
(1 -6.36582e-16 0)
(1 8.17175e-16 0)
(1 8.38708e-16 0)
(1 1.49457e-15 0)
(1 3.25858e-15 0)
(1 2.19459e-15 0)
(1 1.28192e-15 0)
(1 3.30763e-15 0)
(1 6.00121e-15 0)
(1 7.16812e-15 0)
(1 4.63046e-15 0)
(1 -6.16388e-16 0)
(1 4.04368e-15 0)
(1 2.08829e-15 0)
(1 3.31446e-15 0)
(1 6.0168e-15 0)
(1 4.30497e-15 0)
(1 6.68834e-15 0)
(1 4.84463e-15 0)
(1 5.68529e-16 0)
(1 1.11333e-15 0)
(1 -1.48047e-15 0)
(1 1.32803e-15 0)
(1 2.3308e-15 0)
(1 2.04945e-15 0)
(1 -1.34544e-15 0)
(1 -9.88148e-16 0)
(1 2.03434e-15 0)
(1 2.61656e-15 0)
(1 4.53162e-15 0)
(1 7.29271e-15 0)
(1 3.26445e-15 0)
(1 3.11526e-15 0)
(1 8.19967e-17 0)
(1 1.35145e-15 0)
(1 1.98308e-15 0)
(1 1.76615e-15 0)
(1 2.97035e-15 0)
(1 3.76445e-15 0)
(1 6.30472e-15 0)
(1 2.54641e-15 0)
(1 2.8607e-15 0)
(1 5.90033e-15 0)
(1 3.2732e-15 0)
(1 2.98015e-15 0)
(1 6.26752e-15 0)
(1 7.52262e-15 0)
(1 7.03981e-15 0)
(1 3.04142e-15 0)
(1 5.34394e-15 0)
(1 6.89715e-15 0)
(1 6.15545e-15 0)
(1 3.37737e-15 0)
(1 6.83215e-15 0)
(1 7.59323e-15 0)
(1 8.22894e-15 0)
(1 4.70045e-15 0)
(1 3.35153e-15 0)
(1 6.0986e-15 0)
(1 2.60986e-15 0)
(1 5.48082e-16 0)
(1 4.18453e-15 0)
(1 5.24494e-15 0)
(1 4.70089e-15 0)
(1 2.41716e-15 0)
(1 2.98728e-15 0)
(1 2.94268e-15 0)
(1 9.32539e-16 0)
(1 3.01869e-15 0)
(1 2.94257e-15 0)
(1 4.10557e-15 0)
(1 3.44e-15 0)
(1 2.41585e-15 0)
(1 1.11022e-15 0)
(1 2.26207e-15 0)
(1 5.33801e-15 0)
(1 3.58265e-15 0)
(1 2.37329e-15 0)
(1 2.4345e-15 0)
(1 1.73569e-15 0)
(1 3.90675e-15 0)
(1 1.91298e-15 0)
(1 3.7675e-15 0)
(1 3.97274e-15 0)
(1 2.74156e-16 0)
(1 2.59043e-15 0)
(1 2.83184e-15 0)
(1 4.20503e-15 0)
(1 3.92488e-15 0)
(1 -5.76898e-17 0)
(1 1.59272e-15 0)
(1 3.667e-15 0)
(1 3.7867e-15 0)
(1 4.27129e-15 0)
(1 3.75013e-15 0)
(1 3.74461e-15 0)
(1 2.90096e-16 0)
(1 6.1325e-16 0)
(1 2.05258e-15 0)
(1 1.87951e-15 0)
(1 -2.27881e-16 0)
(1 8.79304e-16 0)
(1 -3.84294e-16 0)
(1 1.60215e-15 0)
(1 9.41633e-16 0)
(1 4.36867e-15 0)
(1 2.14245e-15 0)
(1 3.84172e-16 0)
(1 5.31339e-15 0)
(1 5.00155e-15 0)
(1 4.33541e-15 0)
(1 3.32901e-15 0)
(1 3.46362e-15 0)
(1 4.59177e-15 0)
(1 4.33953e-15 0)
(1 4.85501e-15 0)
(1 3.82417e-15 0)
(1 6.03462e-15 0)
(1 5.99956e-15 0)
(1 7.53678e-16 0)
(1 -1.83687e-15 0)
(1 2.21365e-15 0)
(1 4.84168e-16 0)
(1 3.10994e-15 0)
(1 1.91282e-15 0)
(1 -5.30701e-16 0)
(1 1.84987e-15 0)
(1 -6.34417e-16 0)
(1 1.11212e-15 0)
(1 4.28371e-15 0)
(1 5.0275e-15 0)
(1 2.08295e-15 0)
(1 4.09947e-15 0)
(1 3.09306e-15 0)
(1 1.4033e-15 0)
(1 2.35839e-15 0)
(1 2.39173e-15 0)
(1 4.75329e-15 0)
(1 4.67832e-15 0)
(1 4.76078e-15 0)
(1 2.04625e-15 0)
(1 4.69224e-15 0)
(1 5.41732e-15 0)
(1 4.52671e-15 0)
(1 6.92235e-15 0)
(1 3.96683e-15 0)
(1 6.10216e-15 0)
(1 5.67907e-15 0)
(1 2.81454e-15 0)
(1 4.44491e-15 0)
(1 6.2854e-15 0)
(1 7.81632e-15 0)
(1 5.04864e-15 0)
(1 7.17372e-15 0)
(1 8.90011e-15 0)
(1 7.88181e-15 0)
(1 7.84501e-15 0)
(1 3.88603e-15 0)
(1 7.18468e-15 0)
(1 3.64413e-15 0)
(1 5.02611e-15 0)
(1 3.99063e-15 0)
(1 2.27112e-15 0)
(1 5.11402e-15 0)
(1 -8.61161e-16 0)
(1 3.7473e-15 0)
(1 4.05226e-15 0)
(1 5.73541e-16 0)
(1 6.11097e-15 0)
(1 5.17385e-15 0)
(1 5.32408e-15 0)
(1 1.95944e-15 0)
(1 3.34518e-15 0)
(1 2.01021e-15 0)
(1 1.6877e-15 0)
(1 4.33772e-15 0)
(1 3.20213e-15 0)
(1 2.7493e-15 0)
(1 2.23056e-15 0)
(1 5.26251e-15 0)
(1 4.79822e-15 0)
(1 5.58847e-15 0)
(1 2.667e-15 0)
(1 4.00889e-15 0)
(1 4.5846e-16 0)
(1 7.97565e-16 0)
(1 1.6207e-15 0)
(1 2.78262e-15 0)
(1 2.87748e-15 0)
(1 2.67706e-15 0)
(1 2.38534e-15 0)
(1 3.53376e-15 0)
(1 4.39595e-15 0)
(1 5.68312e-15 0)
(1 6.01004e-15 0)
(1 4.42073e-15 0)
(1 2.39138e-15 0)
(1 1.2067e-15 0)
(1 3.57469e-15 0)
(1 3.6059e-15 0)
(1 5.42934e-16 0)
(1 8.81363e-16 0)
(1 1.7244e-15 0)
(1 3.29422e-16 0)
(1 2.15866e-15 0)
(1 1.01673e-15 0)
(1 3.69834e-15 0)
(1 3.7855e-15 0)
(1 4.13168e-15 0)
(1 4.23883e-15 0)
(1 3.06734e-15 0)
(1 8.68293e-15 0)
(1 4.63587e-15 0)
(1 4.43514e-15 0)
(1 4.27845e-15 0)
(1 2.43422e-15 0)
(1 2.56775e-15 0)
(1 3.43162e-15 0)
(1 3.33677e-15 0)
(1 4.1212e-15 0)
(1 9.22516e-16 0)
(1 2.37199e-15 0)
(1 -1.1725e-15 0)
(1 8.40524e-16 0)
(1 3.29043e-15 0)
(1 3.39147e-15 0)
(1 1.2851e-15 0)
(1 2.61075e-16 0)
(1 2.87337e-15 0)
(1 1.15773e-15 0)
(1 1.17657e-15 0)
(1 4.20457e-15 0)
(1 4.15998e-15 0)
(1 4.50396e-15 0)
(1 4.47156e-15 0)
(1 2.65966e-15 0)
(1 5.25947e-16 0)
(1 2.15954e-15 0)
(1 1.49175e-15 0)
(1 1.40491e-15 0)
(1 2.52122e-15 0)
(1 5.86187e-15 0)
(1 5.56813e-15 0)
(1 6.73234e-15 0)
(1 8.62437e-15 0)
(1 5.06235e-15 0)
(1 4.8601e-15 0)
(1 4.41393e-15 0)
(1 6.14239e-15 0)
(1 6.70706e-15 0)
(1 4.80108e-15 0)
(1 4.16334e-15 0)
(1 6.75555e-15 0)
(1 7.87033e-15 0)
(1 9.43868e-15 0)
(1 7.21084e-15 0)
(1 5.44134e-15 0)
(1 2.88835e-15 0)
(1 5.3713e-15 0)
(1 5.5376e-15 0)
(1 6.49816e-15 0)
(1 7.09316e-15 0)
(1 4.15539e-15 0)
(1 4.16321e-15 0)
(1 3.94288e-15 0)
(1 1.39356e-15 0)
(1 3.45935e-15 0)
(1 3.22227e-15 0)
(1 4.70685e-15 0)
(1 4.74411e-15 0)
(1 5.3297e-15 0)
(1 3.51908e-15 0)
(1 2.47853e-15 0)
(1 2.48421e-15 0)
(1 2.92926e-15 0)
(1 3.14235e-15 0)
(1 3.92921e-15 0)
(1 2.58605e-15 0)
(1 3.89169e-15 0)
(1 3.99234e-15 0)
(1 4.82118e-15 0)
(1 4.33661e-15 0)
(1 2.8379e-15 0)
(1 3.26373e-15 0)
(1 1.69537e-15 0)
(1 1.42577e-15 0)
(1 3.32298e-15 0)
(1 3.35309e-15 0)
(1 2.06263e-15 0)
(1 3.12781e-15 0)
(1 5.44671e-15 0)
(1 2.80325e-15 0)
(1 4.9615e-15 0)
(1 1.71113e-15 0)
(1 6.69379e-15 0)
(1 3.56318e-15 0)
(1 2.98579e-15 0)
(1 4.23732e-15 0)
(1 4.00321e-15 0)
(1 3.55773e-15 0)
(1 2.56079e-16 0)
(1 -8.6873e-17 0)
(1 1.92843e-15 0)
(1 2.79809e-15 0)
(1 1.23456e-15 0)
(1 -2.20746e-16 0)
(1 4.50894e-15 0)
(1 3.77832e-15 0)
(1 4.95056e-15 0)
(1 5.05282e-15 0)
(1 1.73097e-15 0)
(1 6.13631e-15 0)
(1 2.74048e-15 0)
(1 4.13787e-15 0)
(1 3.21236e-15 0)
(1 1.2738e-15 0)
(1 3.0724e-15 0)
(1 3.57939e-15 0)
(1 4.60081e-15 0)
(1 4.07835e-15 0)
(1 4.81858e-16 0)
(1 1.35969e-15 0)
(1 -1.43656e-15 0)
(1 1.50185e-15 0)
(1 -1.12824e-15 0)
(1 7.21369e-15 0)
(1 5.9394e-15 0)
(1 5.32842e-15 0)
(1 3.79435e-15 0)
(1 -1.17433e-15 0)
(1 -4.22508e-16 0)
(1 2.25049e-15 0)
(1 1.87162e-15 0)
(1 2.91609e-15 0)
(1 5.07315e-15 0)
(1 1.56355e-15 0)
(1 2.50015e-15 0)
(1 -1.2121e-16 0)
(1 1.29203e-15 0)
(1 2.5949e-15 0)
(1 6.84339e-15 0)
(1 5.44163e-15 0)
(1 4.46688e-15 0)
(1 4.86427e-15 0)
(1 6.31408e-15 0)
(1 6.5042e-15 0)
(1 5.04974e-15 0)
(1 5.331e-15 0)
(1 9.09707e-15 0)
(1 6.41195e-15 0)
(1 4.83724e-15 0)
(1 5.15323e-15 0)
(1 7.98737e-15 0)
(1 8.98774e-15 0)
(1 9.11814e-15 0)
(1 7.38989e-15 0)
(1 7.2668e-15 0)
(1 4.499e-15 0)
(1 6.72458e-15 0)
(1 4.73567e-15 0)
(1 5.65566e-15 0)
(1 5.03223e-15 0)
(1 4.67496e-15 0)
(1 3.059e-15 0)
(1 5.81778e-15 0)
(1 4.17898e-15 0)
(1 3.25603e-15 0)
(1 4.00717e-15 0)
(1 -3.15646e-16 0)
(1 1.95125e-15 0)
(1 4.0202e-15 0)
(1 4.72859e-15 0)
(1 3.38228e-15 0)
(1 3.16648e-15 0)
(1 1.81681e-15 0)
(1 1.11927e-16 0)
(1 5.78908e-15 0)
(1 3.25649e-15 0)
(1 1.74475e-15 0)
(1 3.22872e-15 0)
(1 5.97922e-15 0)
(1 4.55559e-15 0)
(1 7.85204e-15 0)
(1 3.21834e-15 0)
(1 2.17389e-15 0)
(1 3.37348e-15 0)
(1 3.38684e-15 0)
(1 1.53732e-15 0)
(1 1.68759e-15 0)
(1 7.57811e-16 0)
(1 6.76042e-15 0)
(1 3.30058e-15 0)
(1 3.64662e-15 0)
(1 3.12021e-15 0)
(1 4.36434e-15 0)
(1 4.59562e-15 0)
(1 3.73426e-15 0)
(1 5.33253e-15 0)
(1 2.07979e-15 0)
(1 1.97783e-15 0)
(1 -1.01272e-16 0)
(1 8.65341e-16 0)
(1 1.37864e-15 0)
(1 3.13195e-15 0)
(1 -1.17567e-16 0)
(1 3.0285e-15 0)
(1 1.05695e-15 0)
(1 3.15852e-15 0)
(1 4.30645e-15 0)
(1 5.06092e-15 0)
(1 5.05133e-15 0)
(1 1.44994e-15 0)
(1 1.43586e-15 0)
(1 3.58975e-15 0)
(1 4.56091e-15 0)
(1 3.92172e-15 0)
(1 3.94884e-15 0)
(1 1.58847e-15 0)
(1 5.07649e-15 0)
(1 2.98556e-15 0)
(1 1.1761e-15 0)
(1 2.72669e-15 0)
(1 1.58464e-15 0)
(1 2.80698e-16 0)
(1 1.37548e-15 0)
(1 1.67142e-15 0)
(1 4.32781e-15 0)
(1 3.59427e-15 0)
(1 3.81707e-15 0)
(1 9.46121e-16 0)
(1 2.58332e-15 0)
(1 3.24702e-15 0)
(1 3.23321e-16 0)
(1 3.73442e-16 0)
(1 2.27215e-16 0)
(1 1.9082e-15 0)
(1 3.62486e-15 0)
(1 -4.22321e-17 0)
(1 2.78237e-15 0)
(1 3.69453e-15 0)
(1 6.61199e-15 0)
(1 4.00202e-15 0)
(1 1.83701e-15 0)
(1 5.16113e-15 0)
(1 7.69669e-15 0)
(1 6.19554e-15 0)
(1 7.46594e-15 0)
(1 3.90013e-15 0)
(1 6.32578e-15 0)
(1 6.48653e-15 0)
(1 5.63196e-15 0)
(1 7.1291e-15 0)
(1 7.83704e-15 0)
(1 8.82291e-15 0)
(1 7.92181e-15 0)
(1 2.94453e-15 0)
(1 5.43484e-15 0)
(1 6.05892e-15 0)
(1 5.99924e-15 0)
(1 4.59817e-15 0)
(1 6.81519e-15 0)
(1 5.94255e-15 0)
(1 6.90111e-15 0)
(1 4.60645e-15 0)
(1 2.32231e-15 0)
(1 3.67203e-15 0)
(1 2.21708e-15 0)
(1 3.19269e-15 0)
(1 2.65431e-15 0)
(1 1.64914e-15 0)
(1 4.78438e-15 0)
(1 3.69882e-15 0)
(1 6.6747e-16 0)
(1 2.76752e-15 0)
(1 3.70722e-15 0)
(1 1.29691e-15 0)
(1 3.58308e-15 0)
(1 2.76776e-15 0)
(1 2.03907e-15 0)
(1 4.76711e-15 0)
(1 6.76312e-15 0)
(1 4.66933e-15 0)
(1 5.56139e-15 0)
(1 1.76272e-15 0)
(1 3.40439e-15 0)
(1 5.27769e-15 0)
(1 1.52006e-15 0)
(1 1.6779e-15 0)
(1 2.50268e-15 0)
(1 5.6605e-15 0)
(1 5.57091e-15 0)
(1 3.9933e-15 0)
(1 2.18224e-15 0)
(1 4.40324e-15 0)
(1 3.11645e-15 0)
(1 5.94793e-15 0)
(1 5.1131e-15 0)
(1 4.48475e-15 0)
(1 1.70744e-15 0)
(1 5.00126e-16 0)
(1 7.52505e-16 0)
(1 9.28866e-16 0)
(1 7.30466e-16 0)
(1 8.9112e-16 0)
(1 3.0813e-15 0)
(1 2.8287e-15 0)
(1 2.69346e-15 0)
(1 3.10334e-15 0)
(1 2.02858e-15 0)
(1 5.39808e-15 0)
(1 7.11478e-15 0)
(1 2.93337e-15 0)
(1 2.39217e-15 0)
(1 1.76963e-15 0)
(1 4.04023e-15 0)
(1 1.52854e-15 0)
(1 5.60684e-16 0)
(1 5.56018e-16 0)
(1 3.91724e-15 0)
(1 3.04047e-15 0)
(1 5.31862e-15 0)
(1 5.32734e-15 0)
(1 1.8665e-15 0)
(1 -2.9087e-15 0)
(1 6.39604e-15 0)
(1 8.80417e-16 0)
(1 -4.75545e-16 0)
(1 7.65336e-16 0)
(1 1.8859e-15 0)
(1 3.27388e-15 0)
(1 1.09389e-15 0)
(1 3.30045e-15 0)
(1 -2.51037e-16 0)
(1 -1.95305e-16 0)
(1 3.46111e-15 0)
(1 2.37231e-15 0)
(1 3.3487e-15 0)
(1 4.11436e-16 0)
(1 2.84339e-15 0)
(1 4.49216e-15 0)
(1 3.99526e-15 0)
(1 4.82529e-15 0)
(1 1.44556e-15 0)
(1 5.56211e-15 0)
(1 4.30441e-15 0)
(1 7.30749e-15 0)
(1 7.86154e-15 0)
(1 5.85549e-15 0)
(1 3.2259e-15 0)
(1 5.82204e-15 0)
(1 6.48811e-15 0)
(1 6.18107e-15 0)
(1 9.44618e-15 0)
(1 9.17973e-15 0)
(1 6.83583e-15 0)
(1 6.99352e-15 0)
(1 4.72021e-15 0)
(1 7.29093e-15 0)
(1 1.99585e-15 0)
(1 4.50353e-15 0)
(1 3.43872e-15 0)
(1 5.31071e-15 0)
(1 5.74664e-15 0)
(1 5.6087e-15 0)
(1 4.7393e-15 0)
(1 3.12492e-15 0)
(1 4.15396e-15 0)
(1 3.20869e-15 0)
(1 2.50831e-15 0)
(1 2.22959e-15 0)
(1 -6.8135e-16 0)
(1 2.42725e-15 0)
(1 2.76396e-15 0)
(1 3.55585e-15 0)
(1 4.08494e-15 0)
(1 3.53926e-15 0)
(1 1.16216e-15 0)
(1 2.74538e-15 0)
(1 5.85533e-15 0)
(1 3.60986e-15 0)
(1 2.45494e-15 0)
(1 1.94183e-15 0)
(1 2.4925e-15 0)
(1 3.50227e-15 0)
(1 4.56455e-15 0)
(1 4.63118e-15 0)
(1 2.58365e-15 0)
(1 4.34634e-15 0)
(1 3.4925e-15 0)
(1 6.2858e-15 0)
(1 2.8992e-15 0)
(1 3.37935e-15 0)
(1 4.05904e-15 0)
(1 1.97513e-15 0)
(1 4.21881e-15 0)
(1 5.01786e-15 0)
(1 2.34789e-15 0)
(1 2.55885e-15 0)
(1 1.25974e-15 0)
(1 2.10056e-16 0)
(1 2.89803e-16 0)
(1 1.09616e-15 0)
(1 -3.04648e-16 0)
(1 2.15981e-15 0)
(1 3.62111e-15 0)
(1 4.27585e-15 0)
(1 3.44984e-15 0)
(1 2.10164e-15 0)
(1 3.63326e-16 0)
(1 2.12438e-15 0)
(1 4.59416e-15 0)
(1 5.31186e-15 0)
(1 4.37122e-15 0)
(1 3.09261e-15 0)
(1 7.34686e-16 0)
(1 1.45674e-15 0)
(1 2.86764e-16 0)
(1 2.45339e-15 0)
(1 4.84944e-16 0)
(1 1.49196e-15 0)
(1 5.35337e-15 0)
(1 4.5307e-15 0)
(1 4.0316e-15 0)
(1 2.54798e-16 0)
(1 9.66661e-16 0)
(1 1.98838e-15 0)
(1 1.90061e-15 0)
(1 -5.54941e-17 0)
(1 3.37882e-15 0)
(1 2.66465e-15 0)
(1 1.91302e-15 0)
(1 -1.68878e-15 0)
(1 1.17835e-15 0)
(1 2.34073e-15 0)
(1 3.6951e-16 0)
(1 -4.61259e-16 0)
(1 2.67541e-15 0)
(1 3.08362e-16 0)
(1 4.482e-15 0)
(1 2.72188e-15 0)
(1 2.46807e-15 0)
(1 2.57177e-15 0)
(1 7.62699e-15 0)
(1 7.32872e-15 0)
(1 3.68126e-15 0)
(1 6.76253e-15 0)
(1 2.85732e-15 0)
(1 8.56414e-15 0)
(1 3.4235e-15 0)
(1 3.58128e-15 0)
(1 3.14381e-15 0)
(1 3.87539e-15 0)
(1 8.73865e-15 0)
(1 8.54346e-15 0)
(1 4.65336e-15 0)
(1 9.28011e-15 0)
(1 6.60126e-15 0)
(1 6.252e-15 0)
(1 4.27168e-15 0)
(1 3.94994e-15 0)
(1 4.22091e-15 0)
(1 3.05821e-15 0)
(1 2.63326e-15 0)
(1 5.58296e-15 0)
(1 4.82827e-15 0)
(1 4.02865e-15 0)
(1 3.86163e-15 0)
(1 4.08268e-15 0)
(1 1.97171e-15 0)
(1 2.58079e-15 0)
(1 1.41172e-16 0)
(1 4.64972e-15 0)
(1 4.99546e-15 0)
(1 3.51058e-15 0)
(1 2.59673e-15 0)
(1 4.65413e-15 0)
(1 2.43739e-15 0)
(1 4.66119e-15 0)
(1 4.18133e-15 0)
(1 9.84818e-16 0)
(1 2.55206e-15 0)
(1 3.6098e-15 0)
(1 1.35451e-15 0)
(1 4.57343e-15 0)
(1 4.10779e-15 0)
(1 2.76826e-15 0)
(1 2.30776e-15 0)
(1 4.96614e-15 0)
(1 4.93385e-15 0)
(1 4.59822e-15 0)
(1 3.90894e-15 0)
(1 2.94497e-15 0)
(1 4.28003e-15 0)
(1 5.14122e-15 0)
(1 3.47045e-15 0)
(1 3.69636e-15 0)
(1 1.67402e-15 0)
(1 4.16103e-15 0)
(1 1.01244e-15 0)
(1 -1.16116e-15 0)
(1 2.81864e-17 0)
(1 2.30333e-15 0)
(1 1.25733e-15 0)
(1 3.96836e-15 0)
(1 1.58328e-15 0)
(1 3.50011e-15 0)
(1 -1.5018e-16 0)
(1 1.55521e-15 0)
(1 3.65772e-15 0)
(1 1.06915e-15 0)
(1 5.36739e-15 0)
(1 4.81455e-15 0)
(1 4.67454e-15 0)
(1 -1.24953e-15 0)
(1 -2.08252e-15 0)
(1 2.28372e-15 0)
(1 -3.07536e-15 0)
(1 6.09853e-15 0)
(1 2.46491e-16 0)
(1 3.69879e-15 0)
(1 5.75143e-15 0)
(1 1.02138e-15 0)
(1 2.86847e-15 0)
(1 3.71545e-15 0)
(1 -4.14592e-16 0)
(1 -3.28755e-16 0)
(1 -4.5017e-16 0)
(1 1.31601e-15 0)
(1 1.98213e-15 0)
(1 6.11412e-16 0)
(1 5.17037e-16 0)
(1 8.06552e-16 0)
(1 1.22414e-15 0)
(1 3.53466e-16 0)
(1 3.964e-16 0)
(1 1.45049e-15 0)
(1 -6.76345e-16 0)
(1 2.13409e-15 0)
(1 3.82463e-15 0)
(1 1.48515e-15 0)
(1 2.00274e-15 0)
(1 2.67747e-15 0)
(1 8.3196e-15 0)
(1 4.70375e-15 0)
(1 6.20347e-15 0)
(1 4.73781e-15 0)
(1 -2.63329e-16 0)
(1 6.01609e-15 0)
(1 3.52884e-15 0)
(1 1.45847e-15 0)
(1 3.52105e-15 0)
(1 6.01754e-15 0)
(1 7.40937e-15 0)
(1 6.80884e-15 0)
(1 6.66846e-15 0)
(1 7.93612e-15 0)
(1 5.49641e-15 0)
(1 6.6885e-15 0)
(1 6.11189e-15 0)
(1 4.29533e-15 0)
(1 5.3967e-15 0)
(1 1.95408e-15 0)
(1 4.8306e-15 0)
(1 3.48489e-15 0)
(1 5.2746e-15 0)
(1 4.98847e-15 0)
(1 4.44281e-15 0)
(1 3.61971e-15 0)
(1 3.56064e-15 0)
(1 2.76631e-15 0)
(1 3.94615e-15 0)
(1 3.52563e-15 0)
(1 2.54409e-15 0)
(1 2.81843e-15 0)
(1 1.76889e-15 0)
(1 3.49722e-15 0)
(1 2.73408e-15 0)
(1 5.05119e-15 0)
(1 2.16793e-15 0)
(1 -6.64649e-16 0)
(1 3.29235e-15 0)
(1 3.65171e-15 0)
(1 1.79632e-15 0)
(1 3.77289e-15 0)
(1 2.97407e-15 0)
(1 2.19702e-15 0)
(1 2.15426e-15 0)
(1 4.71335e-15 0)
(1 4.34893e-15 0)
(1 2.46356e-15 0)
(1 3.5638e-15 0)
(1 2.75566e-15 0)
(1 4.20405e-15 0)
(1 5.34051e-15 0)
(1 5.15087e-15 0)
(1 2.55807e-15 0)
(1 5.67507e-16 0)
(1 2.75442e-15 0)
(1 2.32306e-15 0)
(1 1.57649e-15 0)
(1 -1.1381e-16 0)
(1 2.06905e-15 0)
(1 1.68131e-15 0)
(1 1.70429e-15 0)
(1 2.54517e-15 0)
(1 2.98109e-15 0)
(1 2.62641e-15 0)
(1 2.14657e-15 0)
(1 3.65563e-15 0)
(1 2.49802e-15 0)
(1 6.47028e-16 0)
(1 1.51691e-15 0)
(1 2.90057e-15 0)
(1 1.3127e-15 0)
(1 1.21174e-15 0)
(1 1.50239e-15 0)
(1 -5.27981e-16 0)
(1 1.65649e-15 0)
(1 3.9962e-15 0)
(1 2.18458e-15 0)
(1 7.11531e-16 0)
(1 1.32496e-15 0)
(1 1.71713e-15 0)
(1 2.31547e-15 0)
(1 -1.57021e-15 0)
(1 3.23467e-16 0)
(1 1.0329e-15 0)
(1 5.19106e-15 0)
(1 -1.67035e-15 0)
(1 5.86941e-16 0)
(1 -1.50217e-15 0)
(1 7.05989e-16 0)
(1 6.08013e-16 0)
(1 -1.19476e-15 0)
(1 1.81912e-15 0)
(1 6.01597e-16 0)
(1 -5.851e-17 0)
(1 1.31683e-15 0)
(1 4.2251e-16 0)
(1 1.72707e-15 0)
(1 3.2517e-15 0)
(1 5.42227e-15 0)
(1 2.61463e-15 0)
(1 3.90225e-15 0)
(1 3.20607e-15 0)
(1 2.09048e-15 0)
(1 4.19702e-15 0)
(1 2.561e-15 0)
(1 2.24234e-15 0)
(1 -1.42758e-15 0)
(1 4.89476e-15 0)
(1 8.29144e-15 0)
(1 7.87142e-15 0)
(1 5.47169e-15 0)
(1 8.36845e-15 0)
(1 7.48168e-15 0)
(1 5.23057e-15 0)
(1 5.1979e-15 0)
(1 3.86772e-15 0)
(1 3.25632e-15 0)
(1 2.33971e-15 0)
(1 2.87146e-15 0)
(1 3.1179e-15 0)
(1 -4.24364e-16 0)
(1 5.48696e-15 0)
(1 4.07847e-15 0)
(1 4.17579e-15 0)
(1 3.39242e-15 0)
(1 3.28432e-15 0)
(1 3.00294e-15 0)
(1 2.17904e-15 0)
(1 -4.97678e-16 0)
(1 1.41153e-15 0)
(1 4.0933e-15 0)
(1 1.6531e-15 0)
(1 1.91942e-15 0)
(1 2.17195e-15 0)
(1 2.86069e-15 0)
(1 2.36867e-15 0)
(1 3.20172e-15 0)
(1 5.92223e-16 0)
(1 1.98066e-16 0)
(1 4.05095e-15 0)
(1 2.53617e-15 0)
(1 2.38955e-15 0)
(1 1.72108e-15 0)
(1 3.35218e-15 0)
(1 5.276e-15 0)
(1 5.45929e-15 0)
(1 3.53626e-15 0)
(1 3.44028e-15 0)
(1 4.00454e-15 0)
(1 4.18435e-15 0)
(1 3.74714e-15 0)
(1 3.11623e-15 0)
(1 8.53457e-16 0)
(1 2.00341e-15 0)
(1 1.53506e-16 0)
(1 2.01767e-15 0)
(1 2.91733e-15 0)
(1 -8.29001e-16 0)
(1 1.81016e-15 0)
(1 1.02835e-16 0)
(1 1.26323e-15 0)
(1 2.85924e-15 0)
(1 3.75167e-15 0)
(1 4.65354e-15 0)
(1 4.51682e-15 0)
(1 9.01785e-16 0)
(1 1.99623e-15 0)
(1 -6.6029e-18 0)
(1 -1.13017e-15 0)
(1 8.9313e-16 0)
(1 5.40943e-15 0)
(1 1.6101e-15 0)
(1 8.4004e-16 0)
(1 3.14703e-15 0)
(1 -2.54285e-15 0)
(1 -3.39523e-17 0)
(1 -2.4662e-16 0)
(1 -2.49794e-16 0)
(1 5.54772e-15 0)
(1 2.08001e-15 0)
(1 9.74177e-16 0)
(1 -1.7107e-15 0)
(1 -1.25534e-15 0)
(1 1.37051e-15 0)
(1 2.37461e-15 0)
(1 -2.78186e-15 0)
(1 -6.37523e-16 0)
(1 -2.75769e-16 0)
(1 -2.99939e-15 0)
(1 -1.5585e-15 0)
(1 -4.78505e-17 0)
(1 -1.88855e-15 0)
(1 -1.00003e-15 0)
(1 8.19213e-16 0)
(1 -6.90121e-16 0)
(1 6.86333e-16 0)
(1 -9.21866e-17 0)
(1 1.81162e-15 0)
(1 1.63434e-15 0)
(1 1.68907e-15 0)
(1 4.16439e-15 0)
(1 2.35073e-15 0)
(1 6.34297e-16 0)
(1 2.8322e-15 0)
(1 -8.70786e-17 0)
(1 4.63638e-15 0)
(1 3.38414e-15 0)
(1 4.74438e-15 0)
(1 4.98616e-15 0)
(1 5.73482e-15 0)
(1 5.8911e-15 0)
(1 4.47531e-15 0)
(1 5.67043e-15 0)
(1 2.94496e-15 0)
(1 4.5527e-15 0)
(1 4.98517e-15 0)
(1 6.56631e-15 0)
(1 3.24936e-15 0)
(1 3.79789e-15 0)
(1 3.85176e-15 0)
(1 1.78474e-15 0)
(1 2.82497e-15 0)
(1 4.45278e-15 0)
(1 2.54204e-15 0)
(1 3.43686e-15 0)
(1 2.51989e-15 0)
(1 2.01956e-15 0)
(1 6.41677e-17 0)
(1 1.05999e-17 0)
(1 1.68759e-15 0)
(1 2.4576e-15 0)
(1 4.52944e-15 0)
(1 2.2161e-15 0)
(1 3.6775e-15 0)
(1 1.08029e-15 0)
(1 3.49946e-16 0)
(1 3.96383e-15 0)
(1 1.51505e-15 0)
(1 -1.4084e-16 0)
(1 3.36746e-15 0)
(1 2.53631e-15 0)
(1 1.90164e-15 0)
(1 2.88146e-15 0)
(1 3.99442e-15 0)
(1 3.46897e-15 0)
(1 3.9896e-15 0)
(1 3.88158e-15 0)
(1 8.67704e-16 0)
(1 4.49782e-15 0)
(1 3.20941e-15 0)
(1 2.89831e-15 0)
(1 1.76713e-15 0)
(1 1.05728e-15 0)
(1 3.79509e-15 0)
(1 3.3331e-15 0)
(1 2.19862e-15 0)
(1 9.55808e-16 0)
(1 6.47494e-16 0)
(1 1.35096e-15 0)
(1 1.77803e-15 0)
(1 6.36928e-16 0)
(1 1.60442e-15 0)
(1 2.57377e-16 0)
(1 3.69853e-15 0)
(1 2.31735e-15 0)
(1 1.55189e-15 0)
(1 1.51398e-15 0)
(1 2.65185e-15 0)
(1 2.85333e-15 0)
(1 7.96071e-16 0)
(1 1.07791e-15 0)
(1 -3.10819e-16 0)
(1 -9.34316e-16 0)
(1 4.17887e-15 0)
(1 4.41232e-16 0)
(1 -1.71531e-15 0)
(1 -2.44419e-16 0)
(1 1.97307e-15 0)
(1 3.68576e-15 0)
(1 -8.4084e-17 0)
(1 8.69534e-16 0)
(1 2.45665e-15 0)
(1 3.32461e-16 0)
(1 -2.24591e-15 0)
(1 -3.16886e-15 0)
(1 -4.39765e-15 0)
(1 -4.81527e-15 0)
(1 -2.04806e-15 0)
(1 -8.00105e-17 0)
(1 -1.06404e-15 0)
(1 -1.78863e-15 0)
(1 -3.92333e-15 0)
(1 -1.3524e-15 0)
(1 -4.1602e-15 0)
(1 -6.22359e-16 0)
(1 1.28825e-15 0)
(1 2.11053e-15 0)
(1 1.52453e-15 0)
(1 4.01629e-15 0)
(1 1.50357e-15 0)
(1 1.12529e-15 0)
(1 1.16155e-15 0)
(1 1.98073e-15 0)
(1 1.78068e-15 0)
(1 1.19822e-16 0)
(1 1.2033e-15 0)
(1 3.06792e-15 0)
(1 5.0298e-15 0)
(1 4.43373e-15 0)
(1 2.23932e-15 0)
(1 3.35199e-15 0)
(1 3.51903e-15 0)
(1 4.48779e-15 0)
(1 3.75785e-15 0)
(1 3.3765e-15 0)
(1 3.181e-15 0)
(1 5.21975e-15 0)
(1 6.50131e-15 0)
(1 2.70863e-15 0)
(1 2.08198e-15 0)
(1 3.6097e-15 0)
(1 9.79524e-16 0)
(1 3.08493e-15 0)
(1 3.20567e-15 0)
(1 2.96683e-15 0)
(1 9.29533e-16 0)
(1 2.21583e-15 0)
(1 -1.22541e-15 0)
(1 1.25392e-15 0)
(1 5.79205e-16 0)
(1 -3.2477e-16 0)
(1 3.90778e-15 0)
(1 3.46693e-16 0)
(1 2.55741e-15 0)
(1 1.97081e-15 0)
(1 1.96863e-15 0)
(1 2.50822e-15 0)
(1 6.81278e-17 0)
(1 7.18754e-17 0)
(1 1.90152e-15 0)
(1 1.15877e-15 0)
(1 2.2329e-15 0)
(1 4.23376e-15 0)
(1 4.98238e-15 0)
(1 3.7143e-15 0)
(1 2.82282e-15 0)
(1 2.01721e-15 0)
(1 1.40922e-15 0)
(1 4.94667e-15 0)
(1 3.40708e-15 0)
(1 7.04833e-16 0)
(1 1.2069e-15 0)
(1 2.30447e-15 0)
(1 2.77728e-15 0)
(1 2.30762e-15 0)
(1 1.17646e-15 0)
(1 1.02252e-15 0)
(1 1.07075e-16 0)
(1 1.62433e-16 0)
(1 7.31184e-16 0)
(1 2.28844e-15 0)
(1 2.05892e-15 0)
(1 -1.06769e-15 0)
(1 4.98047e-15 0)
(1 1.72566e-15 0)
(1 3.71032e-15 0)
(1 2.86659e-15 0)
(1 -9.81743e-17 0)
(1 2.79062e-15 0)
(1 -3.6798e-16 0)
(1 -1.27595e-15 0)
(1 1.59509e-15 0)
(1 -5.94678e-16 0)
(1 1.48414e-15 0)
(1 -3.0173e-16 0)
(1 4.69675e-16 0)
(1 3.40511e-15 0)
(1 -1.00275e-15 0)
(1 3.27988e-17 0)
(1 -1.5202e-16 0)
(1 -2.12471e-15 0)
(1 9.22159e-16 0)
(1 -1.4197e-15 0)
(1 -2.27186e-15 0)
(1 -4.80922e-15 0)
(1 -1.14313e-15 0)
(1 -3.01697e-15 0)
(1 -2.40892e-15 0)
(1 -7.41661e-16 0)
(1 -1.32679e-15 0)
(1 -4.99648e-15 0)
(1 -1.61768e-15 0)
(1 -3.57061e-15 0)
(1 -3.51522e-15 0)
(1 -3.57549e-16 0)
(1 5.34707e-16 0)
(1 1.74709e-15 0)
(1 -1.6016e-15 0)
(1 2.85995e-15 0)
(1 -5.94107e-16 0)
(1 3.59195e-16 0)
(1 1.8416e-15 0)
(1 8.47343e-16 0)
(1 -5.76674e-16 0)
(1 -1.53434e-15 0)
(1 6.30535e-16 0)
(1 3.68828e-15 0)
(1 2.59246e-15 0)
(1 2.13847e-15 0)
(1 1.38052e-15 0)
(1 1.77543e-15 0)
(1 3.9566e-15 0)
(1 1.9089e-15 0)
(1 5.22183e-15 0)
(1 2.62007e-15 0)
(1 2.31867e-15 0)
(1 2.84689e-15 0)
(1 4.36729e-15 0)
(1 3.33763e-15 0)
(1 -3.67927e-16 0)
(1 2.74025e-15 0)
(1 2.87282e-15 0)
(1 2.06341e-16 0)
(1 2.07808e-15 0)
(1 1.7578e-15 0)
(1 1.18247e-15 0)
(1 1.30226e-15 0)
(1 -1.34337e-15 0)
(1 2.35497e-15 0)
(1 -3.36156e-16 0)
(1 -1.81097e-15 0)
(1 1.58897e-15 0)
(1 1.94347e-15 0)
(1 6.78715e-16 0)
(1 9.81442e-16 0)
(1 2.0868e-15 0)
(1 3.22599e-15 0)
(1 -1.72155e-15 0)
(1 6.82122e-16 0)
(1 2.42097e-16 0)
(1 9.95494e-16 0)
(1 4.13172e-15 0)
(1 1.19612e-15 0)
(1 1.94255e-15 0)
(1 2.38159e-15 0)
(1 3.0867e-15 0)
(1 3.06063e-15 0)
(1 2.45678e-15 0)
(1 3.89124e-15 0)
(1 3.1818e-15 0)
(1 -1.42895e-15 0)
(1 -1.23144e-15 0)
(1 2.55934e-15 0)
(1 3.57343e-15 0)
(1 -5.30717e-16 0)
(1 -6.5672e-16 0)
(1 1.51499e-15 0)
(1 7.82495e-17 0)
(1 -1.96784e-15 0)
(1 8.52007e-17 0)
(1 2.12786e-15 0)
(1 1.92801e-15 0)
(1 2.36843e-15 0)
(1 2.56529e-15 0)
(1 2.76793e-15 0)
(1 1.69653e-15 0)
(1 8.12525e-16 0)
(1 1.54643e-15 0)
(1 3.59263e-16 0)
(1 -3.14725e-16 0)
(1 2.42353e-16 0)
(1 1.97153e-15 0)
(1 9.78105e-16 0)
(1 -1.36263e-16 0)
(1 -2.16365e-15 0)
(1 -4.04226e-16 0)
(1 -1.05377e-15 0)
(1 -4.54612e-16 0)
(1 -9.01617e-16 0)
(1 7.28129e-16 0)
(1 -1.10748e-15 -1.53585e-47)
(1 -2.27925e-15 0)
(1 -2.46238e-15 0)
(1 -2.52462e-15 0)
(1 -5.14081e-15 0)
(1 -3.52118e-15 0)
(1 -1.69765e-15 0)
(1 -2.6015e-15 0)
(1 -5.32145e-15 0)
(1 -2.66608e-15 0)
(1 -2.61367e-15 0)
(1 5.34669e-16 0)
(1 -3.72821e-15 0)
(1 -2.53421e-15 0)
(1 -1.96633e-15 0)
(1 -2.77178e-15 0)
(1 -7.26214e-16 0)
(1 5.72982e-16 0)
(1 -1.25296e-15 0)
(1 3.36528e-16 0)
(1 -5.59335e-16 0)
(1 5.68722e-16 8.2839e-48)
(1 -2.23692e-15 0)
(1 -2.08187e-15 8.7421e-48)
(1 -3.08204e-15 0)
(1 1.33176e-15 0)
(1 5.81261e-15 0)
(1 -7.4051e-16 0)
(1 2.93825e-15 0)
(1 2.96421e-15 0)
(1 5.47162e-15 0)
(1 8.80044e-16 0)
(1 -9.38019e-16 0)
(1 2.87784e-15 0)
(1 2.97426e-15 0)
(1 2.66599e-15 0)
(1 3.29986e-15 0)
(1 -9.66012e-17 0)
(1 1.03942e-15 0)
(1 1.95e-16 0)
(1 2.00039e-15 0)
(1 3.38716e-15 0)
(1 2.10578e-15 0)
(1 1.97225e-15 0)
(1 -2.03622e-16 0)
(1 1.48536e-15 0)
(1 -1.31523e-15 -2.2932e-48)
(1 -1.76582e-15 2.05801e-48)
(1 -2.76816e-15 1.99195e-48)
(1 2.90326e-15 -2.05075e-48)
(1 4.50737e-16 -1.78093e-48)
(1 -1.6678e-16 1.40706e-48)
(1 2.38811e-15 1.69351e-48)
(1 -1.9193e-17 -1.61799e-48)
(1 -2.55875e-16 -1.6801e-48)
(1 3.98887e-16 1.77751e-48)
(1 5.54997e-16 1.59095e-48)
(1 9.89095e-16 0)
(1 3.05703e-15 0)
(1 -7.75245e-16 2.76799e-48)
(1 -3.40638e-16 0)
(1 2.9584e-15 2.89415e-48)
(1 3.1462e-15 -1.28703e-48)
(1 2.98048e-15 2.14673e-48)
(1 2.15917e-15 0)
(1 3.56306e-15 2.63272e-48)
(1 3.79647e-15 -1.08904e-48)
(1 -3.36274e-16 9.35828e-49)
(1 1.70072e-15 0)
(1 8.69561e-16 9.17213e-49)
(1 -1.10144e-15 0)
(1 -5.30066e-16 0)
(1 1.05795e-15 2.09699e-50)
(1 1.25559e-15 -7.30632e-50)
(1 1.55225e-15 0)
(1 1.83827e-16 -2.08824e-49)
(1 7.3992e-17 -1.11285e-49)
(1 4.47446e-16 0)
(1 4.29666e-17 0)
(1 1.57875e-15 0)
(1 -1.88734e-16 0)
(1 2.27834e-15 0)
(1 1.36621e-15 0)
(1 -1.72742e-15 0)
(1 4.37648e-15 0)
(1 4.14828e-16 0)
(1 8.25145e-18 0)
(1 2.7749e-16 0)
(1 1.08668e-15 0)
(1 2.36069e-16 0)
(1 -2.03161e-16 0)
(1 1.05975e-15 0)
(1 4.11817e-16 0)
(1 -5.99737e-16 0)
(1 1.59055e-15 0)
(1 -7.52529e-17 0)
(1 -4.48544e-15 0)
(1 -9.68927e-18 0)
(1 -8.69567e-16 0)
(1 1.30192e-16 0)
(1 2.22378e-15 1.52468e-47)
(1 -2.77873e-15 0)
(1 -4.0966e-15 0)
(1 -5.86338e-15 0)
(1 -1.81906e-15 0)
(1 -3.55485e-15 0)
(1 -2.67442e-15 0)
(1 -1.28664e-15 0)
(1 -2.81907e-15 0)
(1 -4.805e-15 0)
(1 -5.5042e-15 0)
(1 -6.74105e-15 0)
(1 -4.27458e-15 0)
(1 -2.76321e-15 0)
(1 -1.34968e-15 0)
(1 -5.68587e-15 0)
(1 -2.507e-15 0)
(1 2.41304e-15 0)
(1 -2.28562e-15 0)
(1 6.10456e-16 0)
(1 -2.01288e-15 0)
(1 -1.42869e-15 -8.2261e-48)
(1 -5.33687e-16 0)
(1 -6.60512e-16 -8.68708e-48)
(1 -1.14789e-15 0)
(1 -3.07002e-15 0)
(1 1.89989e-15 0)
(1 1.47856e-15 0)
(1 1.54039e-15 0)
(1 6.48089e-16 0)
(1 2.41714e-15 0)
(1 1.23179e-15 0)
(1 1.14017e-15 0)
(1 3.06357e-15 0)
(1 2.62782e-15 0)
(1 1.42602e-15 0)
(1 9.78059e-16 0)
(1 2.4853e-16 0)
(1 -7.40245e-16 0)
(1 3.69008e-15 0)
(1 1.24729e-15 0)
(1 3.705e-16 0)
(1 2.94115e-16 0)
(1 -4.49908e-16 0)
(1 -1.06001e-15 0)
(1 -1.02646e-15 0)
(1 -1.96028e-15 2.28354e-48)
(1 -9.31203e-16 -2.04637e-48)
(1 -3.3014e-15 -1.97805e-48)
(1 2.53543e-15 2.03475e-48)
(1 7.17964e-16 1.76335e-48)
(1 -7.70363e-16 -1.38875e-48)
(1 -2.77768e-15 -1.67533e-48)
(1 2.26852e-15 1.60068e-48)
(1 8.87406e-16 1.66388e-48)
(1 -7.50359e-16 -1.76192e-48)
(1 -2.52526e-15 -1.57472e-48)
(1 -1.14319e-15 0)
(1 4.62569e-16 0)
(1 -1.33688e-15 -2.70855e-48)
(1 -8.51282e-16 0)
(1 6.25135e-16 -2.8041e-48)
(1 3.13922e-15 1.23515e-48)
(1 1.7075e-15 -2.03386e-48)
(1 -2.3956e-16 0)
(1 2.12366e-15 -2.52319e-48)
(1 3.5993e-15 1.04032e-48)
(1 1.47253e-15 -8.54289e-49)
(1 1.11048e-15 0)
(1 -1.28099e-15 -8.68714e-49)
(1 8.31634e-16 0)
(1 1.49875e-15 0)
(1 -1.23079e-15 -6.75041e-51)
(1 2.71973e-16 9.05528e-50)
(1 4.03744e-16 0)
(1 1.36365e-15 2.2508e-49)
(1 1.51814e-15 1.17585e-49)
(1 2.09155e-16 0)
(1 2.64562e-15 0)
(1 1.20972e-15 0)
(1 1.41003e-16 0)
(1 1.61366e-15 0)
(1 1.02637e-15 0)
(1 -2.77182e-15 0)
(1 7.06345e-16 0)
(1 1.39232e-15 0)
(1 -1.1174e-15 0)
(1 2.25631e-16 0)
(1 1.63502e-16 0)
(1 5.58922e-16 0)
(1 -2.90561e-16 0)
(1 -1.36442e-15 0)
(1 2.24204e-15 0)
(1 -2.72192e-16 0)
(1 5.30887e-16 0)
(1 -3.29403e-15 0)
(1 -2.76201e-15 0)
(1 -1.44977e-15 0)
(1 -8.02763e-16 0)
(1 -2.16779e-15 0)
(1 -5.04655e-15 0)
(1 -1.23395e-15 0)
(1 -4.17323e-15 0)
(1 -6.96218e-15 0)
(1 -2.72309e-15 0)
(1 -2.63439e-15 0)
(1 -2.54291e-15 0)
(1 -3.13688e-15 0)
(1 -2.93029e-15 0)
(1 -5.47678e-15 0)
(1 -6.7923e-15 0)
(1 -4.88338e-15 0)
(1 -2.7063e-15 0)
(1 -3.42953e-15 0)
(1 -4.31788e-15 0)
(1 -3.35503e-15 0)
(1 -1.57174e-15 0)
(1 -1.78922e-15 0)
(1 -3.96646e-15 0)
(1 -1.1679e-15 0)
(1 -4.87667e-16 0)
(1 -1.46115e-15 0)
(1 -1.72142e-15 0)
(1 -3.31052e-15 0)
(1 -3.13623e-15 0)
(1 -7.00359e-16 0)
(1 -1.70868e-15 0)
(1 2.70933e-15 0)
(1 -1.58017e-15 0)
(1 -9.11307e-16 0)
(1 2.54004e-15 0)
(1 2.57137e-15 0)
(1 2.26657e-15 0)
(1 1.89159e-15 0)
(1 3.14789e-15 0)
(1 -7.26307e-16 0)
(1 -3.02739e-15 0)
(1 7.78802e-16 0)
(1 -1.3736e-15 0)
(1 1.99736e-15 0)
(1 1.10569e-15 0)
(1 -9.69463e-16 0)
(1 5.2822e-16 0)
(1 -3.41703e-15 0)
(1 -1.79672e-15 0)
(1 -1.6236e-15 0)
(1 -2.61177e-15 0)
(1 -1.71794e-15 0)
(1 -6.82418e-17 0)
(1 -1.65408e-15 0)
(1 -1.46655e-15 0)
(1 -1.61336e-15 0)
(1 -2.97434e-15 0)
(1 -5.07908e-16 0)
(1 -3.98052e-16 0)
(1 2.16425e-15 0)
(1 -1.3821e-15 0)
(1 -2.43272e-15 0)
(1 -1.63073e-15 0)
(1 -4.6241e-16 0)
(1 -1.57588e-15 0)
(1 3.71245e-16 0)
(1 -1.18091e-15 0)
(1 -1.71446e-15 0)
(1 1.58304e-15 0)
(1 2.81684e-15 0)
(1 4.23735e-15 0)
(1 3.18521e-15 0)
(1 -1.26718e-15 0)
(1 -1.17259e-15 0)
(1 -6.11877e-16 0)
(1 -1.92072e-15 0)
(1 -1.54459e-15 0)
(1 5.98715e-16 0)
(1 -6.88182e-16 0)
(1 1.21905e-15 0)
(1 2.30315e-15 0)
(1 3.55607e-16 0)
(1 -2.90037e-16 0)
(1 1.474e-15 0)
(1 -1.0871e-16 0)
(1 -1.20557e-15 0)
(1 4.73986e-15 0)
(1 1.59627e-15 0)
(1 -1.81275e-15 0)
(1 -2.55339e-15 0)
(1 1.83161e-15 0)
(1 -3.68746e-15 0)
(1 -1.68873e-15 0)
(1 3.74037e-15 0)
(1 4.31991e-16 0)
(1 -4.21468e-16 0)
(1 -1.97111e-15 0)
(1 -1.00555e-15 0)
(1 -2.68438e-15 0)
(1 -2.33827e-16 0)
(1 1.30562e-15 0)
(1 -1.59505e-15 0)
(1 -2.62853e-15 0)
(1 -3.39469e-15 0)
(1 -3.97778e-15 0)
(1 -3.10293e-15 0)
(1 -1.65755e-15 0)
(1 -4.2869e-15 0)
(1 -7.78346e-15 0)
(1 -5.74247e-15 0)
(1 -3.3523e-15 0)
(1 -5.10976e-15 0)
(1 -5.75923e-15 0)
(1 -4.88477e-15 0)
(1 -2.87466e-15 0)
(1 -3.87701e-15 0)
(1 -4.84388e-15 0)
(1 -5.48339e-15 0)
(1 -5.11909e-15 0)
(1 -1.25764e-15 0)
(1 -2.42808e-15 0)
(1 -5.57515e-15 0)
(1 -3.33234e-15 0)
(1 -3.83337e-15 0)
(1 6.50779e-16 0)
(1 -1.16796e-15 0)
(1 -4.07802e-15 0)
(1 -2.94464e-15 0)
(1 -2.27994e-15 0)
(1 7.59693e-16 0)
(1 -2.89919e-15 0)
(1 -4.74598e-16 0)
(1 -1.68408e-15 0)
(1 2.52924e-17 0)
(1 -1.39737e-15 0)
(1 4.16636e-16 0)
(1 1.5368e-15 0)
(1 9.0397e-17 0)
(1 -4.42395e-16 0)
(1 2.65502e-15 0)
(1 -1.30323e-15 0)
(1 -1.82595e-15 0)
(1 1.25005e-15 0)
(1 -2.56029e-15 0)
(1 2.83897e-16 0)
(1 -1.61173e-15 0)
(1 2.60499e-16 0)
(1 5.15229e-16 0)
(1 -4.46728e-15 0)
(1 -2.57984e-15 0)
(1 -1.6503e-15 0)
(1 1.64795e-16 0)
(1 -2.12068e-15 0)
(1 -4.1056e-15 0)
(1 -2.63828e-15 0)
(1 -2.54903e-15 0)
(1 1.79503e-17 0)
(1 -6.14843e-15 0)
(1 -5.98614e-16 0)
(1 9.34577e-16 0)
(1 -2.76684e-15 0)
(1 -1.14138e-16 0)
(1 -3.40311e-15 0)
(1 -5.01766e-16 0)
(1 -1.63064e-15 0)
(1 2.47013e-16 0)
(1 -2.23851e-15 0)
(1 4.10048e-16 0)
(1 1.3136e-15 0)
(1 2.03075e-15 0)
(1 3.63476e-15 0)
(1 1.37422e-15 0)
(1 -1.20433e-15 0)
(1 -6.28176e-16 0)
(1 -3.5919e-15 0)
(1 -3.43154e-15 0)
(1 2.68081e-16 0)
(1 2.88045e-16 0)
(1 8.4157e-16 0)
(1 1.95899e-16 0)
(1 -3.76549e-16 0)
(1 -3.53627e-17 0)
(1 -2.11558e-16 0)
(1 2.41198e-15 0)
(1 8.46301e-16 0)
(1 -2.93714e-15 0)
(1 1.82309e-15 0)
(1 2.014e-15 0)
(1 -1.72154e-16 0)
(1 -1.84168e-15 0)
(1 8.81546e-16 0)
(1 -1.43767e-15 0)
(1 -4.80754e-15 0)
(1 6.14119e-16 0)
(1 4.27667e-17 0)
(1 -2.16089e-15 0)
(1 -2.83767e-15 0)
(1 -4.81653e-15 0)
(1 4.9414e-16 0)
(1 3.41619e-15 0)
(1 1.52993e-15 0)
(1 -2.54817e-15 0)
(1 -5.91231e-15 0)
(1 -4.37477e-15 0)
(1 -4.56543e-15 0)
(1 -8.36847e-15 0)
(1 -3.84855e-15 0)
(1 -2.01429e-15 0)
(1 -5.6843e-15 0)
(1 -6.03032e-15 0)
(1 -5.01859e-15 0)
(1 -4.52491e-15 0)
(1 -3.41216e-15 0)
(1 -5.59075e-15 0)
(1 -4.4484e-15 0)
(1 -6.25114e-15 0)
(1 -4.84426e-15 0)
(1 -4.95323e-15 0)
(1 -3.61842e-15 0)
(1 -4.26795e-15 0)
(1 -3.73869e-15 0)
(1 -5.83325e-15 0)
(1 -4.16825e-15 0)
(1 -6.9149e-15 0)
(1 -4.2015e-15 0)
(1 -9.15965e-16 0)
(1 -3.51241e-15 0)
(1 -5.15218e-15 0)
(1 -2.25035e-15 0)
(1 -1.488e-15 0)
(1 -7.44659e-16 0)
(1 -8.36445e-16 0)
(1 -1.22536e-15 0)
(1 -5.51969e-16 0)
(1 -2.81019e-15 0)
(1 -1.02662e-15 0)
(1 1.71865e-15 0)
(1 -1.0966e-15 0)
(1 -1.18811e-15 0)
(1 3.27251e-15 0)
(1 1.52411e-15 0)
(1 -2.83264e-15 0)
(1 1.78845e-16 0)
(1 -1.89569e-15 0)
(1 -3.43665e-15 0)
(1 -2.14236e-15 0)
(1 -2.61684e-15 0)
(1 -3.04685e-16 0)
(1 -1.34864e-15 0)
(1 -3.00633e-15 0)
(1 -2.74982e-15 0)
(1 -4.0115e-17 0)
(1 -2.58066e-15 0)
(1 -5.35881e-15 0)
(1 -2.05382e-15 0)
(1 -3.86956e-15 0)
(1 -2.91563e-15 0)
(1 -4.44538e-15 0)
(1 -2.88448e-15 0)
(1 -9.831e-16 0)
(1 -2.89329e-15 0)
(1 -2.83409e-17 0)
(1 -4.68364e-15 0)
(1 -4.25813e-15 0)
(1 9.78091e-16 0)
(1 -2.49595e-16 0)
(1 -5.85169e-16 0)
(1 -9.52103e-16 0)
(1 -2.91316e-16 0)
(1 -1.28872e-15 0)
(1 1.38653e-15 0)
(1 1.19213e-15 0)
(1 1.33453e-15 0)
(1 -1.26755e-15 0)
(1 -2.01016e-15 0)
(1 -1.78059e-15 0)
(1 -4.91131e-17 0)
(1 8.59726e-16 0)
(1 6.4727e-16 0)
(1 1.09223e-15 0)
(1 -9.37748e-17 0)
(1 1.99654e-15 0)
(1 5.16853e-16 0)
(1 2.43734e-15 0)
(1 5.31803e-16 0)
(1 -1.05509e-15 0)
(1 -2.41342e-15 0)
(1 7.03954e-16 0)
(1 1.45143e-16 0)
(1 -2.00044e-15 0)
(1 -3.9037e-15 0)
(1 3.47219e-15 0)
(1 -2.73142e-15 0)
(1 -2.73565e-15 0)
(1 1.46194e-15 0)
(1 -4.00691e-18 0)
(1 9.13305e-16 0)
(1 -3.04555e-15 0)
(1 -4.89015e-15 0)
(1 -3.31286e-15 0)
(1 -3.42623e-15 0)
(1 -4.70069e-16 0)
(1 -5.31102e-15 0)
(1 -4.85125e-15 0)
(1 -7.05407e-15 0)
(1 -7.88642e-15 0)
(1 -7.17446e-15 0)
(1 -2.77508e-15 0)
(1 -3.31569e-15 0)
(1 -4.8931e-15 0)
(1 -4.53182e-15 0)
(1 -6.49119e-15 0)
(1 -4.05587e-15 0)
(1 -4.61679e-15 0)
(1 -4.57075e-15 0)
(1 -6.49468e-15 0)
(1 -4.51563e-15 0)
(1 -7.2532e-15 0)
(1 -7.72961e-15 0)
(1 -6.32797e-15 0)
(1 -4.3794e-15 0)
(1 -3.20288e-15 0)
(1 -5.26592e-15 0)
(1 -3.8245e-15 0)
(1 -1.77528e-15 0)
(1 -4.83268e-15 0)
(1 -5.69605e-15 0)
(1 -4.28271e-15 0)
(1 -3.73944e-15 0)
(1 -2.07852e-15 0)
(1 -1.2911e-15 0)
(1 -4.40898e-15 0)
(1 -2.32575e-15 0)
(1 -2.85619e-15 0)
(1 1.27009e-15 0)
(1 -2.55526e-15 0)
(1 -2.49605e-15 0)
(1 -5.78496e-16 0)
(1 3.02721e-17 0)
(1 -1.30616e-15 0)
(1 2.13104e-15 0)
(1 -3.73976e-16 0)
(1 -1.57473e-15 0)
(1 -1.89237e-15 0)
(1 -4.85474e-15 0)
(1 -8.88599e-16 0)
(1 -2.38132e-15 0)
(1 -3.9273e-15 0)
(1 7.32409e-16 0)
(1 -2.66892e-15 0)
(1 -4.57152e-15 0)
(1 -2.49333e-15 0)
(1 -2.45858e-15 0)
(1 -2.29535e-15 0)
(1 -9.38561e-16 0)
(1 -3.87157e-15 0)
(1 -4.51398e-15 0)
(1 -2.47313e-15 0)
(1 -4.46334e-15 0)
(1 -1.40086e-15 0)
(1 -6.81154e-16 0)
(1 -2.34822e-15 0)
(1 -4.65745e-15 0)
(1 -4.40229e-15 0)
(1 -1.93951e-15 0)
(1 -2.41845e-15 0)
(1 -6.14534e-16 0)
(1 -7.31261e-16 0)
(1 -3.41651e-16 0)
(1 -1.59506e-15 0)
(1 -2.36054e-15 0)
(1 2.26534e-15 0)
(1 1.37677e-15 0)
(1 -2.4561e-15 0)
(1 -1.88717e-15 0)
(1 -1.11645e-16 0)
(1 -4.15011e-16 0)
(1 2.69424e-16 0)
(1 2.68555e-15 0)
(1 3.37947e-16 0)
(1 -1.85161e-15 0)
(1 1.02778e-15 0)
(1 2.11124e-15 0)
(1 -1.70245e-15 0)
(1 -2.96619e-15 0)
(1 4.95273e-16 0)
(1 -3.05309e-15 0)
(1 2.72048e-15 0)
(1 2.0312e-15 0)
(1 -2.57385e-17 0)
(1 -2.2947e-15 0)
(1 -1.99484e-15 0)
(1 -8.17136e-16 0)
(1 -4.68244e-15 0)
(1 -3.1938e-15 0)
(1 3.90681e-15 0)
(1 -1.6336e-15 0)
(1 -1.4234e-15 0)
(1 -3.80853e-15 0)
(1 -7.08305e-15 0)
(1 -2.04089e-15 0)
(1 -2.68418e-16 0)
(1 -2.82773e-15 0)
(1 -5.94977e-15 0)
(1 -4.39189e-15 0)
(1 -4.90084e-15 0)
(1 -1.05445e-14 0)
(1 -6.98165e-15 0)
(1 -4.57158e-15 0)
(1 -3.95632e-15 0)
(1 -4.341e-15 0)
(1 -3.33257e-15 0)
(1 -8.63377e-15 0)
(1 -6.68052e-15 0)
(1 -6.00922e-15 0)
(1 -4.77553e-15 0)
(1 -4.37208e-15 0)
(1 -3.65826e-15 0)
(1 -6.38457e-15 0)
(1 -7.49946e-15 0)
(1 -7.47234e-15 0)
(1 -5.32174e-15 0)
(1 -5.69915e-15 0)
(1 -3.56366e-15 0)
(1 -2.47882e-15 0)
(1 -6.99381e-15 0)
(1 -5.99095e-15 0)
(1 -2.9077e-15 0)
(1 -5.49786e-15 0)
(1 -5.50557e-15 0)
(1 -4.16531e-15 0)
(1 -5.69029e-15 0)
(1 -2.01156e-15 0)
(1 -2.24479e-15 0)
(1 -2.10468e-15 0)
(1 -9.17839e-16 0)
(1 -2.00001e-15 0)
(1 3.03787e-16 0)
(1 -6.02769e-16 0)
(1 -1.30996e-15 0)
(1 7.53845e-16 0)
(1 2.09771e-16 0)
(1 -2.59795e-15 0)
(1 -2.50793e-15 0)
(1 -2.66078e-15 0)
(1 -1.68005e-15 0)
(1 -3.66836e-15 0)
(1 -2.6015e-15 0)
(1 -1.75051e-15 0)
(1 -4.00683e-15 0)
(1 -3.93689e-15 0)
(1 -3.86698e-15 0)
(1 -3.00529e-15 0)
(1 -2.46603e-15 0)
(1 -3.69766e-15 0)
(1 -4.29992e-15 0)
(1 -4.04112e-15 0)
(1 -4.77783e-15 0)
(1 -3.47864e-15 0)
(1 -5.99037e-15 0)
(1 -1.44744e-15 0)
(1 -2.07465e-15 0)
(1 -2.31735e-15 0)
(1 1.70319e-16 0)
(1 -2.06425e-15 0)
(1 -2.26325e-15 0)
(1 -1.72277e-15 0)
(1 -1.63874e-15 0)
(1 -3.02439e-15 0)
(1 -2.42392e-15 0)
(1 -3.15395e-15 0)
(1 3.02333e-16 0)
(1 -1.10347e-15 0)
(1 -1.01196e-15 0)
(1 -7.07557e-16 0)
(1 -4.55708e-16 0)
(1 1.93926e-16 0)
(1 2.44709e-16 0)
(1 1.26737e-15 0)
(1 -9.90267e-16 0)
(1 -8.68147e-16 0)
(1 -5.50987e-16 0)
(1 2.67236e-15 0)
(1 -2.92458e-15 0)
(1 7.20596e-16 0)
(1 -1.11176e-15 0)
(1 -1.73738e-15 0)
(1 -1.73746e-15 0)
(1 -1.94254e-15 0)
(1 3.41273e-15 0)
(1 -3.65658e-17 0)
(1 -3.63627e-15 0)
(1 -3.46809e-15 0)
(1 -2.61708e-15 0)
(1 -2.87388e-15 0)
(1 8.6717e-16 0)
(1 -9.38617e-18 0)
(1 -3.42066e-15 0)
(1 -4.22675e-15 0)
(1 -5.45017e-15 0)
(1 -5.84714e-15 0)
(1 -3.40511e-15 0)
(1 -5.70007e-15 0)
(1 -4.85415e-15 0)
(1 -7.1206e-15 0)
(1 -3.49418e-15 0)
(1 -4.29038e-15 0)
(1 -7.38811e-15 0)
(1 -6.52631e-15 0)
(1 -6.31248e-15 0)
(1 -5.70371e-15 0)
(1 -3.45047e-15 0)
(1 -8.48508e-15 0)
(1 -5.09676e-15 0)
(1 -5.94985e-15 0)
(1 -6.88698e-15 0)
(1 -5.46724e-15 0)
(1 -3.58393e-15 0)
(1 -4.10581e-15 0)
(1 -6.13876e-15 0)
(1 -4.91447e-15 0)
(1 -5.32679e-15 0)
(1 -4.725e-15 0)
(1 -7.27128e-15 0)
(1 -8.12287e-15 0)
(1 -4.94116e-15 0)
(1 -3.52394e-15 0)
(1 -4.79612e-15 0)
(1 -5.90581e-15 0)
(1 -4.35996e-15 0)
(1 -3.68593e-15 0)
(1 -4.52839e-15 0)
(1 -4.02556e-15 0)
(1 -3.48027e-15 0)
(1 -3.06414e-15 0)
(1 2.20823e-16 0)
(1 -6.18881e-16 0)
(1 -3.46556e-15 0)
(1 -4.40784e-16 0)
(1 -2.24707e-15 0)
(1 -2.63511e-15 0)
(1 1.48375e-15 0)
(1 -3.67248e-15 0)
(1 -3.1535e-15 0)
(1 -3.21882e-16 0)
(1 -1.97583e-15 0)
(1 -1.14389e-15 0)
(1 -2.39025e-15 0)
(1 -3.64373e-15 0)
(1 -4.26954e-15 0)
(1 -3.70491e-15 0)
(1 -4.19704e-15 0)
(1 -3.11495e-15 0)
(1 -4.20971e-15 0)
(1 -3.7074e-15 0)
(1 -4.12006e-15 0)
(1 -3.08152e-15 0)
(1 -3.74334e-15 0)
(1 -5.76638e-15 0)
(1 -5.15942e-15 0)
(1 -1.05511e-15 0)
(1 -1.61583e-15 0)
(1 -1.77377e-15 0)
(1 -2.28266e-15 0)
(1 -3.24813e-15 0)
(1 -3.09179e-15 0)
(1 -5.10691e-15 0)
(1 -1.82761e-15 0)
(1 -4.14843e-16 0)
(1 -1.5811e-15 0)
(1 -3.18628e-15 0)
(1 -2.52183e-15 0)
(1 -1.54946e-15 0)
(1 1.22081e-15 0)
(1 2.24006e-15 0)
(1 -1.199e-15 0)
(1 -1.22694e-15 0)
(1 -3.98531e-16 0)
(1 -1.34142e-15 0)
(1 8.18239e-17 0)
(1 9.55282e-16 0)
(1 -3.88466e-16 0)
(1 8.50249e-16 0)
(1 2.16315e-16 0)
(1 1.04265e-15 0)
(1 -1.37833e-15 0)
(1 -1.84028e-15 0)
(1 -1.27331e-15 0)
(1 -1.09175e-15 0)
(1 -9.71399e-16 0)
(1 -1.80975e-15 0)
(1 -3.49977e-15 0)
(1 -2.5922e-15 0)
(1 -1.54371e-15 0)
(1 -2.45972e-15 0)
(1 -4.30961e-15 0)
(1 4.98994e-16 0)
(1 2.44033e-16 0)
(1 -6.10031e-15 0)
(1 -4.42686e-16 0)
(1 -6.67719e-15 0)
(1 -6.56273e-15 0)
(1 -3.41461e-15 0)
(1 -2.98574e-15 0)
(1 -3.79657e-15 0)
(1 -7.87762e-15 0)
(1 -1.87862e-15 0)
(1 -4.6747e-15 0)
(1 -1.01902e-14 0)
(1 -6.78386e-15 0)
(1 -6.09564e-15 0)
(1 -8.1398e-15 0)
(1 -4.85313e-15 0)
(1 -3.95108e-15 0)
(1 -6.43127e-15 0)
(1 -8.37041e-15 0)
(1 -6.81134e-15 0)
(1 -7.43589e-15 0)
(1 -3.07603e-15 0)
(1 -4.94285e-15 0)
(1 -5.49087e-15 0)
(1 -4.22187e-15 0)
(1 -5.78867e-15 0)
(1 -5.55192e-15 0)
(1 -8.32669e-15 0)
(1 -5.85658e-15 0)
(1 -6.25898e-15 0)
(1 -5.93902e-15 0)
(1 -2.23832e-15 0)
(1 -3.02091e-15 0)
(1 -5.80229e-15 0)
(1 -4.95798e-15 0)
(1 -4.98898e-15 0)
(1 -4.33307e-15 0)
(1 -3.10017e-15 0)
(1 -2.11794e-15 0)
(1 -9.48836e-16 0)
(1 -1.68915e-16 0)
(1 -4.7159e-16 0)
(1 -1.08658e-15 0)
(1 -3.02033e-15 0)
(1 -5.26838e-16 0)
(1 -2.11538e-15 0)
(1 -2.02143e-15 0)
(1 -3.12712e-15 0)
(1 -2.11528e-15 0)
(1 -5.67381e-16 0)
(1 -4.35397e-15 0)
(1 -3.77516e-15 0)
(1 -4.03887e-15 0)
(1 -3.52619e-15 0)
(1 -4.49127e-15 0)
(1 -5.5106e-15 0)
(1 -4.42579e-15 0)
(1 -4.22681e-15 0)
(1 -4.04297e-15 0)
(1 -2.83796e-15 0)
(1 -2.80584e-15 0)
(1 -4.84312e-15 0)
(1 -2.17696e-15 0)
(1 -3.78338e-15 0)
(1 -3.47068e-15 0)
(1 -2.2317e-15 0)
(1 -3.16756e-15 0)
(1 -3.51294e-15 0)
(1 -4.87826e-15 0)
(1 -5.58285e-15 0)
(1 -3.37992e-15 0)
(1 -4.11469e-15 0)
(1 -3.11468e-15 0)
(1 -3.19377e-15 0)
(1 -1.80556e-15 0)
(1 -7.79336e-16 0)
(1 8.5559e-16 0)
(1 -1.31712e-16 0)
(1 1.29086e-15 0)
(1 4.07943e-16 0)
(1 -4.14424e-16 0)
(1 -1.4333e-15 0)
(1 -6.22265e-17 0)
(1 5.49747e-16 0)
(1 -3.30069e-16 0)
(1 3.3087e-16 0)
(1 1.29335e-15 0)
(1 -2.19477e-15 0)
(1 -4.96198e-16 0)
(1 -2.93606e-15 0)
(1 -1.01899e-15 0)
(1 1.22108e-15 0)
(1 1.2779e-16 0)
(1 -5.19307e-15 0)
(1 -3.92789e-15 0)
(1 -1.18129e-15 0)
(1 -4.14482e-15 0)
(1 -2.37252e-15 0)
(1 -4.36968e-15 0)
(1 -1.63958e-15 0)
(1 -2.25748e-15 0)
(1 -1.63312e-15 0)
(1 -3.67871e-15 0)
(1 -4.22431e-15 0)
(1 -4.5257e-15 0)
(1 -2.07929e-15 0)
(1 -6.1478e-15 0)
(1 -5.19891e-15 0)
(1 -8.81245e-15 0)
(1 -5.70015e-15 0)
(1 -3.21103e-15 0)
(1 -6.09618e-15 0)
(1 -6.69895e-15 0)
(1 -5.29893e-15 0)
(1 -5.50512e-15 0)
(1 -5.0932e-15 0)
(1 -7.65449e-15 0)
(1 -8.12851e-15 0)
(1 -3.64523e-15 0)
(1 -7.11769e-15 0)
(1 -6.29735e-15 0)
(1 -3.74013e-15 0)
(1 -5.5236e-15 0)
(1 -7.18235e-15 0)
(1 -6.2463e-15 0)
(1 -4.15066e-15 0)
(1 -4.25547e-15 0)
(1 -8.08545e-15 0)
(1 -6.73407e-15 0)
(1 -6.30268e-15 0)
(1 -8.62002e-15 0)
(1 -3.4486e-15 0)
(1 -4.47763e-15 0)
(1 -5.20163e-15 0)
(1 -2.62299e-15 0)
(1 -3.30377e-15 0)
(1 -1.57673e-15 0)
(1 -5.80002e-15 0)
(1 -3.72015e-15 0)
(1 -1.25943e-15 0)
(1 1.65908e-16 0)
(1 -2.42802e-15 0)
(1 -3.07314e-15 0)
(1 -4.28517e-16 0)
(1 -4.28245e-15 0)
(1 -2.63016e-15 0)
(1 -9.84453e-16 0)
(1 -3.38953e-15 0)
(1 -1.47665e-15 0)
(1 -5.26598e-15 0)
(1 -2.20404e-15 0)
(1 -4.88012e-15 0)
(1 -2.50259e-15 0)
(1 -4.387e-15 0)
(1 -4.50147e-15 0)
(1 -4.36834e-15 0)
(1 -4.80508e-15 0)
(1 -3.98785e-15 0)
(1 -4.01123e-15 0)
(1 -3.89798e-15 0)
(1 -5.63046e-15 0)
(1 -4.34388e-15 0)
(1 -2.12522e-15 0)
(1 -3.99016e-15 0)
(1 -1.1541e-15 0)
(1 -1.50254e-15 0)
(1 -3.47447e-15 0)
(1 -2.35815e-15 0)
(1 -5.89004e-15 0)
(1 -3.57161e-15 0)
(1 -5.59333e-15 0)
(1 -6.75292e-15 0)
(1 -1.96472e-15 0)
(1 4.25116e-16 0)
(1 -9.65015e-16 0)
(1 -1.10558e-15 0)
(1 -1.46525e-15 0)
(1 -2.28726e-15 0)
(1 -1.13092e-16 0)
(1 -4.70369e-16 0)
(1 6.2897e-16 0)
(1 -8.52146e-16 0)
(1 -2.39654e-15 0)
(1 -1.06194e-15 0)
(1 4.13407e-16 0)
(1 -2.22398e-15 0)
(1 7.67561e-16 0)
(1 2.83993e-16 0)
(1 -1.08974e-15 0)
(1 -3.93123e-16 0)
(1 -2.35042e-15 0)
(1 -2.27772e-15 0)
(1 -2.51254e-16 0)
(1 -1.65062e-15 0)
(1 -2.72717e-15 0)
(1 -3.2471e-16 0)
(1 -2.56512e-15 0)
(1 -2.47824e-16 0)
(1 -4.55579e-15 0)
(1 -4.42331e-15 0)
(1 -4.3297e-15 0)
(1 -2.01129e-15 0)
(1 -3.07464e-15 0)
(1 -3.26616e-15 0)
(1 -3.83131e-15 0)
(1 -5.11648e-15 0)
(1 -9.1184e-15 0)
(1 -6.18662e-15 0)
(1 -4.87143e-15 0)
(1 -5.58726e-15 0)
(1 -6.01289e-15 0)
(1 -4.18063e-15 0)
(1 -6.84217e-15 0)
(1 -5.21515e-15 0)
(1 -4.62966e-15 0)
(1 -4.52724e-15 0)
(1 -5.93373e-15 0)
(1 -6.45157e-15 0)
(1 -3.9782e-15 0)
(1 -8.73348e-15 0)
(1 -7.43912e-15 0)
(1 -7.67348e-15 0)
(1 -8.60185e-15 0)
(1 -5.34875e-15 0)
(1 -6.47195e-15 0)
(1 -5.48527e-15 0)
(1 -2.82295e-15 0)
(1 -6.7999e-15 0)
(1 -5.09624e-15 0)
(1 -5.16094e-15 0)
(1 -6.97385e-15 0)
(1 -5.66665e-15 0)
(1 -4.0732e-15 0)
(1 -1.1211e-15 0)
(1 -3.53097e-15 0)
(1 -4.02959e-15 0)
(1 -2.91116e-15 0)
(1 -5.59563e-15 0)
(1 -4.79757e-15 0)
(1 -1.89206e-15 0)
(1 -3.02545e-15 0)
(1 -1.93472e-15 0)
(1 -1.93116e-15 0)
(1 8.216e-16 0)
(1 -3.57487e-15 0)
(1 -3.64283e-15 0)
(1 -2.87245e-15 0)
(1 -1.74847e-15 0)
(1 -6.14157e-15 0)
(1 -4.80003e-15 0)
(1 -1.28427e-15 0)
(1 -3.57907e-15 0)
(1 -3.58631e-15 0)
(1 -4.90169e-15 0)
(1 -4.91256e-15 0)
(1 -3.19722e-15 0)
(1 -2.85479e-15 0)
(1 -3.70248e-15 0)
(1 -4.08922e-15 0)
(1 -4.90166e-15 0)
(1 -4.97513e-15 0)
(1 -3.04678e-15 0)
(1 -5.46317e-15 0)
(1 -3.92647e-15 0)
(1 -2.07147e-15 0)
(1 -2.74294e-15 0)
(1 -4.40615e-15 0)
(1 -4.30269e-15 0)
(1 -4.405e-15 0)
(1 -5.20396e-15 0)
(1 -5.07516e-15 0)
(1 -4.44776e-15 0)
(1 -2.5321e-15 0)
(1 -1.45765e-15 0)
(1 -2.59651e-15 0)
(1 -1.77514e-15 0)
(1 -1.42584e-15 0)
(1 -2.62762e-15 0)
(1 -5.11209e-16 0)
(1 -1.27707e-15 0)
(1 -1.43506e-15 0)
(1 1.42668e-16 0)
(1 -1.54133e-15 0)
(1 -1.63445e-15 0)
(1 7.72616e-16 0)
(1 -1.50958e-17 0)
(1 -9.69228e-16 0)
(1 1.8566e-17 0)
(1 -1.83138e-15 0)
(1 -8.8679e-16 0)
(1 -1.66926e-15 0)
(1 -5.68201e-15 0)
(1 -1.96668e-15 0)
(1 -1.2864e-15 0)
(1 -2.82192e-15 0)
(1 -8.6753e-16 0)
(1 -4.33953e-15 0)
(1 -5.52559e-15 0)
(1 -4.93303e-15 0)
(1 -3.40004e-15 0)
(1 3.29829e-15 0)
(1 -3.04645e-16 0)
(1 -1.89484e-15 0)
(1 -1.6189e-15 0)
(1 -6.61693e-15 0)
(1 -8.47561e-15 0)
(1 -8.03456e-15 0)
(1 -2.80468e-15 0)
(1 -3.49292e-15 0)
(1 -4.56222e-15 0)
(1 -4.9527e-15 0)
(1 -5.91832e-15 0)
(1 -5.14769e-15 0)
(1 -6.52372e-15 0)
(1 -6.50286e-15 0)
(1 -2.44874e-15 0)
(1 -4.55006e-15 0)
(1 -5.1054e-15 0)
(1 -5.6699e-15 0)
(1 -6.81657e-15 0)
(1 -3.60367e-15 0)
(1 -9.72803e-15 0)
(1 -8.57124e-15 0)
(1 -4.96893e-15 0)
(1 -6.06143e-15 0)
(1 -5.32769e-15 0)
(1 -6.32368e-15 0)
(1 -6.69359e-15 0)
(1 -7.73668e-15 0)
(1 -5.76193e-15 0)
(1 -3.35091e-15 0)
(1 -4.95589e-15 0)
(1 -3.62552e-15 0)
(1 -2.08939e-15 0)
(1 -4.73184e-15 0)
(1 -2.40511e-15 0)
(1 -6.05586e-15 0)
(1 -3.24436e-15 0)
(1 -4.98824e-15 0)
(1 -3.6543e-15 0)
(1 -3.91708e-15 0)
(1 -3.64696e-15 0)
(1 2.21759e-15 0)
(1 -3.05421e-15 0)
(1 -2.46878e-15 0)
(1 -1.36097e-15 0)
(1 -4.55377e-15 0)
(1 -2.68516e-15 0)
(1 -4.83339e-15 0)
(1 -4.11208e-15 0)
(1 -4.36293e-15 0)
(1 -4.45293e-15 0)
(1 -3.76202e-15 0)
(1 -3.34647e-15 0)
(1 -5.37892e-15 0)
(1 -3.97276e-15 0)
(1 -4.14154e-15 0)
(1 -4.81229e-15 0)
(1 -2.96365e-15 0)
(1 -4.53381e-15 0)
(1 -2.89491e-15 0)
(1 -4.98342e-15 0)
(1 -5.2846e-15 0)
(1 -3.77535e-15 0)
(1 -3.21166e-15 0)
(1 -2.80579e-15 0)
(1 -3.37488e-15 0)
(1 -4.90481e-15 0)
(1 -4.07463e-15 0)
(1 -3.59732e-15 0)
(1 -5.05732e-15 0)
(1 -2.49164e-15 0)
(1 -3.98668e-15 0)
(1 -3.68225e-15 0)
(1 -2.70591e-15 0)
(1 -1.88204e-15 0)
(1 -3.4635e-16 0)
(1 -6.30674e-17 0)
(1 -1.23491e-15 0)
(1 -3.46626e-16 0)
(1 -3.96094e-15 0)
(1 -1.22756e-15 0)
(1 -2.02612e-15 0)
(1 -2.56906e-15 0)
(1 2.28643e-16 0)
(1 6.13335e-16 0)
(1 -1.27808e-15 0)
(1 2.75992e-15 0)
(1 -2.52567e-15 0)
(1 -1.71635e-15 0)
(1 -1.54526e-15 0)
(1 -4.9123e-15 0)
(1 -9.77947e-16 0)
(1 -2.08983e-15 0)
(1 -2.97184e-15 0)
(1 1.56525e-15 0)
(1 -2.88747e-15 0)
(1 -4.32721e-15 0)
(1 -3.6335e-15 0)
(1 -2.90175e-15 0)
(1 1.28294e-15 0)
(1 -2.56522e-15 0)
(1 -5.73423e-15 0)
(1 -1.90461e-15 0)
(1 -3.71657e-15 0)
(1 -5.87402e-15 0)
(1 -4.75727e-15 0)
(1 -8.34893e-15 0)
(1 -5.28373e-15 0)
(1 -7.2e-15 0)
(1 -1.61437e-15 0)
(1 -3.91369e-15 0)
(1 -3.20161e-15 0)
(1 -5.4186e-15 0)
(1 -6.61583e-15 0)
(1 -2.81455e-15 0)
(1 -4.11372e-15 0)
(1 -2.87355e-15 0)
(1 -6.07239e-15 0)
(1 -6.59853e-15 0)
(1 -5.58663e-15 0)
(1 -9.53672e-15 0)
(1 -5.34689e-15 0)
(1 -4.25567e-15 0)
(1 -4.7846e-15 0)
(1 -7.52876e-15 0)
(1 -8.56547e-15 0)
(1 -5.61443e-15 0)
(1 -5.96207e-15 0)
(1 -2.32622e-15 0)
(1 -2.82446e-15 0)
(1 -3.98553e-15 0)
(1 -5.56213e-15 0)
(1 -6.05512e-15 0)
(1 -2.25329e-15 0)
(1 -3.46203e-15 0)
(1 -6.30787e-15 0)
(1 -3.43195e-15 0)
(1 -4.61008e-15 0)
(1 -4.11576e-15 0)
(1 -4.35576e-15 0)
(1 -1.74656e-15 0)
(1 -1.45486e-15 0)
(1 -4.48211e-15 0)
(1 -2.33591e-15 0)
(1 7.21893e-16 0)
(1 -2.50985e-15 0)
(1 -5.53745e-15 0)
(1 -1.58365e-15 0)
(1 -3.95407e-15 0)
(1 -3.76343e-15 0)
(1 -4.8534e-15 0)
(1 -4.18681e-15 0)
(1 -2.36564e-15 0)
(1 -4.53838e-15 0)
(1 -2.78017e-15 0)
(1 -3.87948e-15 0)
(1 -4.6176e-15 0)
(1 -3.08604e-15 0)
(1 -5.59223e-15 0)
(1 -4.75629e-15 0)
(1 -4.37451e-15 0)
(1 -2.33498e-15 0)
(1 -7.90737e-16 0)
(1 -2.1299e-15 0)
(1 -1.9999e-15 0)
(1 -4.00242e-15 0)
(1 -4.97923e-15 0)
(1 -5.83138e-15 0)
(1 -4.89867e-15 0)
(1 -3.90461e-15 0)
(1 -2.78737e-15 0)
(1 -2.57751e-15 0)
(1 -2.19561e-15 0)
(1 -4.28457e-15 0)
(1 -2.47699e-15 0)
(1 -1.10985e-15 0)
(1 2.66025e-17 0)
(1 -2.13783e-15 0)
(1 -1.37691e-15 0)
(1 -3.78918e-15 0)
(1 -1.67393e-15 0)
(1 -1.7881e-15 0)
(1 -2.7533e-15 0)
(1 -6.05777e-16 0)
(1 -1.77763e-15 0)
(1 4.92492e-17 0)
(1 -7.4126e-16 0)
(1 -1.01421e-15 0)
(1 3.42034e-16 0)
(1 6.61053e-16 0)
(1 9.248e-17 0)
(1 -3.99458e-15 0)
(1 -1.95067e-15 0)
(1 -2.09842e-15 0)
(1 -4.17281e-15 0)
(1 -1.45682e-15 0)
(1 -3.09476e-15 0)
(1 -3.71389e-15 0)
(1 -3.18755e-15 0)
(1 -1.77611e-15 0)
(1 -2.33006e-15 0)
(1 -8.72547e-16 0)
(1 -2.98171e-15 0)
(1 -4.80376e-15 0)
(1 -7.45163e-15 0)
(1 -3.80103e-15 0)
(1 -6.34195e-15 0)
(1 -4.85078e-15 0)
(1 -6.17064e-15 0)
(1 -2.39391e-15 0)
(1 -2.80705e-15 0)
(1 -2.23887e-15 0)
(1 -4.14061e-15 0)
(1 -6.3623e-15 0)
(1 -4.85331e-15 0)
(1 -3.23551e-15 0)
(1 -4.12502e-15 0)
(1 -6.29415e-15 0)
(1 -7.50609e-15 0)
(1 -1.18898e-14 0)
(1 -6.10198e-15 0)
(1 -5.20185e-15 0)
(1 -2.22783e-15 0)
(1 -4.70056e-15 0)
(1 -9.02257e-15 0)
(1 -4.7212e-15 0)
(1 -4.63506e-15 0)
(1 -2.96576e-15 0)
(1 -1.95039e-15 0)
(1 -5.25682e-16 0)
(1 -2.47914e-15 0)
(1 -6.32332e-15 0)
(1 -5.79436e-15 0)
(1 -3.63407e-15 0)
(1 -5.74911e-15 0)
(1 -4.81435e-15 0)
(1 -3.1533e-15 0)
(1 -4.19033e-15 0)
(1 -2.69844e-15 0)
(1 -2.16788e-15 0)
(1 -2.67223e-15 0)
(1 -2.87537e-15 0)
(1 -3.39132e-15 0)
(1 -2.22244e-15 0)
(1 -3.27224e-15 0)
(1 -1.01381e-15 0)
(1 -3.21276e-15 0)
(1 -3.10625e-15 0)
(1 -3.08493e-15 0)
(1 -3.48423e-15 0)
(1 -8.16729e-16 0)
(1 -2.01163e-15 0)
(1 -2.94442e-15 0)
(1 -1.80226e-15 0)
(1 -3.14893e-15 0)
(1 -3.84205e-15 0)
(1 -5.54706e-15 0)
(1 -4.4452e-15 0)
(1 -4.63391e-15 0)
(1 -5.0498e-15 0)
(1 -1.15106e-15 0)
(1 -4.1123e-15 0)
(1 -4.40656e-15 0)
(1 -2.06633e-15 0)
(1 -1.04442e-16 0)
(1 -3.02564e-15 0)
(1 -3.01e-15 0)
(1 -4.97816e-15 0)
(1 -4.41585e-15 0)
(1 -4.21549e-15 0)
(1 -4.61891e-15 0)
(1 -1.8298e-15 0)
(1 -6.93785e-16 0)
(1 -3.24522e-15 0)
(1 -2.41116e-15 0)
(1 -1.66023e-15 0)
(1 -1.30066e-15 0)
(1 -1.28062e-15 0)
(1 -2.38254e-15 0)
(1 -1.83424e-15 0)
(1 -1.21825e-15 0)
(1 -3.28081e-16 0)
(1 -4.19644e-16 0)
(1 -1.8336e-16 0)
(1 -6.8113e-16 0)
(1 -7.80649e-16 0)
(1 -3.1138e-15 0)
(1 2.43123e-15 0)
(1 -9.80119e-16 0)
(1 -1.26403e-15 0)
(1 1.22307e-15 0)
(1 -4.24038e-15 0)
(1 -4.08077e-15 0)
(1 -3.65377e-15 0)
(1 -6.72127e-15 0)
(1 -1.1046e-16 0)
(1 -2.24253e-15 0)
(1 -1.28269e-15 0)
(1 -1.0825e-15 0)
(1 -4.56249e-15 0)
(1 4.75877e-16 0)
(1 -7.12046e-16 0)
(1 -3.48402e-15 0)
(1 -3.85658e-15 0)
(1 -8.58189e-15 0)
(1 -3.25222e-15 0)
(1 -1.36857e-15 0)
(1 -5.59049e-15 0)
(1 -3.52375e-15 0)
(1 -5.73748e-15 0)
(1 -2.00384e-15 0)
(1 -3.58705e-16 0)
(1 -3.10762e-15 0)
(1 -3.64611e-15 0)
(1 -6.40243e-15 0)
(1 -4.96873e-15 0)
(1 -5.2971e-15 0)
(1 -6.24355e-15 0)
(1 -5.63547e-15 0)
(1 -6.05097e-15 0)
(1 -3.19832e-15 0)
(1 -3.48848e-15 0)
(1 -4.96721e-15 0)
(1 -7.22228e-15 0)
(1 -4.28583e-15 0)
(1 -4.22131e-15 0)
(1 -2.62567e-15 0)
(1 -2.5752e-15 0)
(1 -3.7634e-15 0)
(1 -3.60228e-15 0)
(1 -3.87778e-15 0)
(1 -4.82679e-15 0)
(1 -6.02602e-15 0)
(1 -5.41296e-15 0)
(1 -4.34278e-15 0)
(1 -1.52603e-15 0)
(1 -3.30446e-15 0)
(1 -2.33369e-15 0)
(1 -2.6425e-15 0)
(1 -2.56012e-15 0)
(1 -5.48012e-15 0)
(1 -2.92628e-15 0)
(1 -3.35142e-15 0)
(1 -3.40991e-15 0)
(1 -2.72665e-15 0)
(1 -1.09164e-15 0)
(1 1.26491e-16 0)
(1 -2.38988e-15 0)
(1 -4.56843e-15 0)
(1 -3.58854e-15 0)
(1 -1.49498e-15 0)
(1 -1.81913e-15 0)
(1 -2.12143e-15 0)
(1 -1.71776e-15 0)
(1 -4.37048e-15 0)
(1 -3.60564e-15 0)
(1 -2.28484e-15 0)
(1 -3.88969e-15 0)
(1 -2.94255e-15 0)
(1 -3.48891e-15 0)
(1 -2.61482e-15 0)
(1 -3.76452e-15 0)
(1 -2.82874e-15 0)
(1 -3.12843e-15 0)
(1 -1.55598e-15 0)
(1 -8.4485e-16 0)
(1 -2.7918e-15 0)
(1 -3.22215e-15 0)
(1 -3.56093e-15 0)
(1 -3.80091e-15 0)
(1 -3.86317e-15 0)
(1 -2.15107e-15 0)
(1 -1.73627e-15 0)
(1 -2.78776e-15 0)
(1 -1.76588e-15 0)
(1 -8.33531e-16 0)
(1 -4.95838e-16 0)
(1 1.2321e-15 0)
(1 -2.40004e-15 0)
(1 -2.63227e-15 0)
(1 -1.32539e-15 0)
(1 -2.49973e-15 0)
(1 -1.12136e-15 0)
(1 -2.82636e-16 0)
(1 1.86946e-16 0)
(1 -1.1509e-15 0)
(1 -2.303e-16 0)
(1 2.08214e-15 0)
(1 -2.31907e-15 0)
(1 -1.79318e-15 0)
(1 1.00636e-15 0)
(1 -2.19195e-15 0)
(1 -4.33462e-15 0)
(1 -3.67926e-15 0)
(1 -5.36005e-15 0)
(1 2.79242e-15 0)
(1 -2.03132e-15 0)
(1 5.56248e-16 0)
(1 -4.76064e-15 0)
(1 -5.09341e-15 0)
(1 -3.96117e-16 0)
(1 -3.7391e-15 0)
(1 -1.05805e-15 0)
(1 -2.02749e-16 0)
(1 5.11659e-16 0)
(1 -3.74322e-15 0)
(1 -5.74277e-15 0)
(1 -5.90764e-15 0)
(1 -5.51043e-15 0)
(1 -8.23868e-15 0)
(1 -1.95608e-15 0)
(1 -2.16624e-15 0)
(1 -3.0982e-15 0)
(1 -1.66561e-15 0)
(1 -4.60071e-15 0)
(1 -3.15212e-15 0)
(1 -1.87353e-15 0)
(1 -5.94349e-15 0)
(1 -5.23087e-15 0)
(1 -3.6084e-15 0)
(1 -4.69689e-15 0)
(1 -1.98952e-15 0)
(1 -8.88311e-15 0)
(1 -6.20793e-15 0)
(1 -2.30682e-15 0)
(1 -3.27813e-15 0)
(1 -1.49286e-16 0)
(1 -5.54307e-16 0)
(1 -3.24555e-15 0)
(1 -3.81541e-15 0)
(1 -3.38479e-15 0)
(1 -3.41281e-15 0)
(1 -6.65893e-15 0)
(1 -6.67013e-15 0)
(1 -3.61071e-15 0)
(1 -2.91689e-15 0)
(1 -1.58693e-15 0)
(1 -8.60043e-16 0)
(1 -6.08244e-16 0)
(1 -7.45114e-16 0)
(1 -3.40949e-15 0)
(1 -6.30795e-15 0)
(1 -4.01878e-15 0)
(1 -3.0675e-15 0)
(1 -1.68208e-15 0)
(1 2.02539e-16 0)
(1 -1.41589e-15 0)
(1 -2.3831e-15 0)
(1 -3.16117e-15 0)
(1 -1.40026e-15 0)
(1 -2.585e-15 0)
(1 -4.15119e-15 0)
(1 -1.58639e-15 0)
(1 -2.85598e-15 0)
(1 -3.42621e-15 0)
(1 -7.54508e-16 0)
(1 -9.0866e-16 0)
(1 -4.44741e-15 0)
(1 -3.96411e-15 0)
(1 -4.34164e-15 0)
(1 -2.86601e-15 0)
(1 -1.29952e-15 0)
(1 -1.76739e-15 0)
(1 -3.72335e-15 0)
(1 -1.36065e-15 0)
(1 4.36031e-16 0)
(1 -3.11988e-15 0)
(1 -1.89096e-15 0)
(1 -2.8211e-15 0)
(1 -1.61271e-15 0)
(1 -2.39882e-15 0)
(1 -4.27907e-15 0)
(1 -2.69775e-15 0)
(1 -2.39226e-15 0)
(1 -2.36733e-15 0)
(1 -8.19562e-16 0)
(1 -8.48334e-16 0)
(1 5.95243e-16 0)
(1 -6.17553e-16 0)
(1 -1.45457e-15 0)
(1 -8.85391e-16 0)
(1 -3.02879e-15 0)
(1 -1.38775e-15 0)
(1 1.05074e-16 0)
(1 -1.16795e-16 0)
(1 8.3177e-17 0)
(1 -8.41173e-16 0)
(1 1.73113e-16 0)
(1 -2.04465e-15 0)
(1 1.30875e-16 0)
(1 -2.50669e-15 0)
(1 3.49271e-16 0)
(1 -4.64734e-15 0)
(1 -3.88362e-15 0)
(1 -3.16483e-15 0)
(1 -2.257e-16 0)
(1 -6.30205e-16 0)
(1 -1.48488e-16 0)
(1 -1.74509e-15 0)
(1 -1.59465e-15 0)
(1 -2.20787e-15 0)
(1 -9.81674e-16 0)
(1 -5.5712e-15 0)
(1 -1.98826e-15 0)
(1 5.46077e-16 0)
(1 -4.53524e-15 0)
(1 -3.26667e-15 0)
(1 -1.81231e-15 0)
(1 -5.481e-15 0)
(1 -4.48455e-15 0)
(1 -2.83225e-15 0)
(1 -5.36083e-15 0)
(1 -3.94968e-15 0)
(1 -2.04262e-15 0)
(1 -8.73021e-16 0)
(1 -2.85104e-15 0)
(1 -4.11521e-16 0)
(1 -2.73011e-15 0)
(1 -3.57838e-15 0)
(1 -5.44961e-15 0)
(1 -3.48595e-15 0)
(1 -3.99443e-15 0)
(1 -6.35681e-15 0)
(1 -2.77682e-15 0)
(1 -1.24687e-15 0)
(1 -8.55906e-16 0)
(1 -3.05208e-15 0)
(1 -2.41976e-15 0)
(1 -4.21456e-15 0)
(1 3.00332e-16 0)
(1 -3.40633e-15 0)
(1 -4.66481e-15 0)
(1 -4.17567e-15 0)
(1 -4.21597e-15 0)
(1 -1.78559e-15 0)
(1 -3.15656e-15 0)
(1 -1.44159e-15 0)
(1 -2.05465e-15 0)
(1 -3.87301e-15 0)
(1 -7.32606e-16 0)
(1 -1.84119e-15 0)
(1 -3.78977e-15 0)
(1 -9.6239e-16 0)
(1 -9.71473e-16 0)
(1 -3.26614e-15 0)
(1 -1.58271e-15 0)
(1 -1.20981e-15 0)
(1 -1.83009e-15 0)
(1 -7.44011e-16 0)
(1 -2.28771e-15 0)
(1 -2.23676e-15 0)
(1 -3.80978e-16 0)
(1 1.35726e-15 0)
(1 9.07492e-16 0)
(1 -1.22131e-15 0)
(1 -2.40538e-15 0)
(1 -4.19322e-15 0)
(1 -4.46691e-15 0)
(1 -3.17431e-15 0)
(1 -3.83668e-15 0)
(1 -2.24249e-15 0)
(1 -1.13944e-15 0)
(1 -3.96492e-15 0)
(1 -1.74163e-15 0)
(1 2.33099e-16 0)
(1 4.08281e-17 0)
(1 -3.78124e-15 0)
(1 -1.22582e-15 0)
(1 -8.50899e-16 0)
(1 -5.22149e-17 0)
(1 -1.84168e-15 0)
(1 -3.08691e-15 0)
(1 -2.0862e-15 0)
(1 -6.31341e-16 0)
(1 -1.58243e-15 0)
(1 -1.80914e-15 0)
(1 -1.54328e-15 0)
(1 -8.29697e-16 0)
(1 -9.97806e-16 0)
(1 -9.38467e-17 0)
(1 2.92906e-16 0)
(1 -1.98846e-15 0)
(1 -7.87479e-16 0)
(1 5.26126e-16 0)
(1 -4.03665e-16 0)
(1 6.5378e-16 0)
(1 6.24557e-16 0)
(1 -1.40951e-15 0)
(1 -1.15167e-15 0)
(1 -3.27987e-15 0)
(1 -2.94349e-15 0)
(1 1.259e-15 0)
(1 -6.0436e-16 0)
(1 -2.92401e-16 0)
(1 1.72019e-15 0)
(1 -5.88912e-15 0)
(1 1.13442e-15 0)
(1 -1.61599e-15 0)
(1 -6.81123e-16 0)
(1 -2.83115e-15 0)
(1 -2.55101e-15 0)
(1 -1.49077e-15 0)
(1 -2.36196e-15 0)
(1 -3.98786e-15 0)
(1 -1.30471e-15 0)
(1 -1.45708e-15 0)
(1 -2.33528e-15 0)
(1 -3.79071e-15 0)
(1 -3.22099e-15 0)
(1 -2.19271e-15 0)
(1 -3.81099e-15 0)
(1 -3.00728e-15 0)
(1 -8.17106e-16 0)
(1 -8.26291e-16 0)
(1 -1.5839e-15 0)
(1 -3.72745e-15 0)
(1 -2.95293e-15 0)
(1 -1.81225e-15 0)
(1 1.29561e-16 0)
(1 -2.96199e-15 0)
(1 -3.1024e-15 0)
(1 -4.70105e-15 0)
(1 -3.43007e-15 0)
(1 -1.889e-15 0)
(1 -1.59237e-15 0)
(1 -1.92575e-15 0)
(1 -1.82659e-15 0)
(1 -2.57906e-15 0)
(1 -3.11014e-15 0)
(1 -2.8806e-15 0)
(1 -3.39455e-15 0)
(1 -5.53799e-15 0)
(1 -3.90351e-15 0)
(1 -8.59401e-16 0)
(1 -1.50218e-15 0)
(1 -1.95767e-15 0)
(1 -1.78589e-15 0)
(1 -2.36539e-16 0)
(1 -4.75202e-15 0)
(1 -2.80467e-15 0)
(1 -1.19177e-15 0)
(1 -1.11947e-15 0)
(1 -7.70743e-16 0)
(1 -1.35424e-15 0)
(1 8.47098e-16 0)
(1 -3.99847e-15 0)
(1 -1.98946e-15 0)
(1 -1.66397e-15 0)
(1 -8.29964e-16 0)
(1 -1.99555e-15 0)
(1 -5.80621e-16 0)
(1 -9.84646e-17 0)
(1 3.39657e-16 0)
(1 -4.71605e-16 0)
(1 1.27087e-16 0)
(1 -1.71032e-15 0)
(1 -2.51282e-15 0)
(1 -8.83651e-16 0)
(1 -1.39993e-15 0)
(1 -1.16596e-15 0)
(1 -2.01619e-15 0)
(1 -2.92544e-15 0)
(1 -1.39926e-15 0)
(1 -1.39218e-15 0)
(1 -1.65076e-15 0)
(1 -1.03569e-15 0)
(1 -1.85635e-15 0)
(1 1.29299e-15 0)
(1 -5.14538e-16 0)
(1 -1.10913e-15 0)
(1 -1.1928e-15 0)
(1 -3.27745e-15 0)
(1 -1.54586e-15 0)
(1 -1.28016e-15 0)
(1 -1.87144e-15 0)
(1 -1.17605e-16 0)
(1 -1.7241e-16 0)
(1 -6.69619e-17 0)
(1 -2.15399e-15 0)
(1 -1.45637e-15 0)
(1 -1.02453e-18 0)
(1 2.50552e-16 0)
(1 9.47633e-16 0)
(1 4.12282e-16 0)
(1 -7.0941e-16 0)
(1 5.46668e-16 0)
(1 5.01731e-16 0)
(1 -1.7806e-15 0)
(1 4.17868e-16 0)
(1 -3.87696e-15 0)
(1 1.80374e-16 0)
(1 -2.5774e-15 0)
(1 2.01192e-15 0)
(1 3.02546e-15 0)
(1 -3.07152e-15 0)
(1 -5.05268e-15 0)
(1 8.68438e-16 0)
(1 -2.15048e-15 0)
(1 -1.28428e-15 0)
(1 -1.18734e-15 0)
(1 4.46634e-17 0)
(1 -2.57378e-15 0)
(1 3.06241e-15 0)
(1 -2.66605e-15 0)
(1 -2.51016e-16 0)
(1 -2.83775e-16 0)
(1 -3.07261e-15 0)
(1 -2.68895e-15 0)
(1 -5.63329e-16 0)
(1 -3.76755e-15 0)
(1 -1.585e-15 0)
(1 -2.03012e-15 0)
(1 -1.94299e-15 0)
(1 -1.71289e-16 0)
(1 -2.12173e-15 0)
(1 -4.9828e-16 0)
(1 -3.93729e-15 0)
(1 -2.66905e-15 0)
(1 -3.87818e-16 0)
(1 -1.21231e-15 0)
(1 -2.80888e-15 0)
(1 -4.52489e-15 0)
(1 -2.90382e-15 0)
(1 7.2732e-16 0)
(1 -1.94482e-15 0)
(1 -1.28816e-15 0)
(1 7.25775e-16 0)
(1 -1.15277e-15 0)
(1 -1.08177e-15 0)
(1 -5.03813e-15 0)
(1 -3.34785e-15 0)
(1 -2.31197e-15 0)
(1 -1.93443e-15 0)
(1 1.11627e-15 0)
(1 -1.34315e-15 0)
(1 -7.97461e-16 0)
(1 -1.10811e-15 0)
(1 -8.78475e-16 0)
(1 -3.26116e-15 0)
(1 -3.75662e-15 0)
(1 -1.71721e-15 0)
(1 -1.72015e-16 0)
(1 -2.26463e-15 0)
(1 -1.29926e-15 0)
(1 2.92119e-16 0)
(1 -2.89868e-15 0)
(1 -8.81485e-16 0)
(1 -2.7695e-16 0)
(1 3.59772e-16 0)
(1 -2.06247e-16 0)
(1 -4.58549e-16 0)
(1 -1.37544e-15 0)
(1 -9.47471e-16 0)
(1 -1.23203e-15 0)
(1 -6.17242e-17 0)
(1 -1.47085e-15 0)
(1 -2.30241e-15 0)
(1 -9.93276e-16 0)
(1 -1.49355e-15 0)
(1 6.19877e-16 0)
(1 -2.23671e-15 0)
(1 -3.24011e-15 0)
(1 -1.38456e-15 0)
(1 -9.24223e-16 0)
(1 -1.53217e-15 0)
(1 -1.34521e-15 0)
(1 6.0106e-16 0)
(1 3.18519e-16 0)
(1 1.68159e-16 0)
(1 -2.19713e-15 0)
(1 -8.02455e-16 0)
(1 -4.10171e-15 0)
(1 -2.16101e-15 0)
(1 -5.2074e-16 0)
(1 3.73379e-17 0)
(1 1.75538e-15 0)
(1 9.75841e-16 0)
(1 -1.40441e-15 0)
(1 -7.33362e-16 0)
(1 -2.27461e-15 0)
(1 -1.11398e-15 0)
(1 2.76369e-15 0)
(1 1.46908e-15 0)
(1 -2.65877e-16 0)
(1 4.98015e-16 0)
(1 -5.06016e-16 0)
(1 -1.50082e-15 0)
(1 -4.60158e-17 0)
(1 9.87478e-16 0)
(1 -1.49657e-15 0)
(1 -6.52397e-16 0)
(1 -2.00043e-15 0)
(1 -9.05671e-16 0)
(1 1.34553e-15 0)
(1 -1.47889e-15 0)
(1 1.08674e-16 0)
(1 -1.43912e-16 0)
(1 -1.28474e-15 0)
(1 1.10292e-15 0)
(1 6.13346e-16 0)
(1 -1.00911e-15 0)
(1 -9.57513e-16 0)
(1 -1.52575e-15 0)
(1 1.38989e-15 0)
(1 -4.67231e-16 0)
(1 -7.80745e-17 0)
(1 -2.78379e-15 0)
(1 -1.53902e-15 0)
(1 -1.45327e-16 0)
(1 3.28986e-18 0)
(1 -1.71659e-15 0)
(1 -3.76959e-15 0)
(1 -2.13875e-15 0)
(1 -1.28598e-15 0)
(1 1.00614e-15 0)
(1 1.55269e-15 0)
(1 -2.41685e-15 0)
(1 -2.67546e-15 0)
(1 -3.22848e-15 0)
(1 5.07158e-16 0)
(1 -1.01441e-16 0)
(1 -3.26293e-15 0)
(1 -1.57902e-15 0)
(1 2.15727e-15 0)
(1 -6.06172e-16 0)
(1 2.02259e-16 0)
(1 6.83868e-17 0)
(1 -1.54677e-15 0)
(1 -2.6012e-15 0)
(1 -1.79394e-15 0)
(1 -2.2002e-15 0)
(1 -1.32805e-15 0)
(1 2.26805e-16 0)
(1 2.13945e-15 0)
(1 -1.96257e-15 0)
(1 4.09665e-16 0)
(1 -2.49505e-15 0)
(1 -4.74612e-15 0)
(1 -2.64375e-15 0)
(1 -7.64967e-16 0)
(1 -1.63946e-15 0)
(1 6.86365e-16 0)
(1 6.16453e-16 0)
(1 -1.46238e-15 0)
(1 1.61378e-16 0)
(1 -1.21532e-15 0)
(1 -1.35388e-15 0)
(1 -3.80374e-17 0)
(1 4.68535e-16 0)
(1 5.23143e-16 0)
(1 -1.65812e-15 0)
(1 8.10394e-16 0)
(1 2.10731e-15 0)
(1 5.87992e-16 0)
(1 -1.66923e-15 0)
(1 -2.52091e-15 0)
(1 -2.41678e-15 0)
(1 -2.37389e-15 0)
(1 -9.20475e-16 0)
(1 3.23126e-15 0)
(1 -2.93941e-15 0)
(1 -2.10978e-15 0)
(1 -6.15834e-16 0)
(1 -1.1205e-16 0)
(1 -1.28073e-15 0)
(1 -2.47739e-15 0)
(1 -6.17767e-16 0)
(1 6.87403e-16 0)
(1 -7.23899e-16 0)
(1 -8.08198e-16 0)
(1 -8.27456e-16 0)
(1 -1.36689e-15 0)
(1 -2.06596e-15 0)
(1 4.22148e-17 0)
(1 -1.14564e-15 0)
(1 8.56785e-16 0)
(1 -3.51831e-16 0)
(1 -1.38641e-16 0)
(1 3.35163e-16 0)
(1 8.7142e-17 0)
(1 -5.41001e-16 0)
(1 2.42041e-15 0)
(1 3.64253e-16 0)
(1 -3.42774e-16 0)
(1 8.59897e-16 0)
(1 -8.12419e-16 0)
(1 -1.25047e-15 0)
(1 4.75152e-16 0)
(1 1.41617e-16 0)
(1 -1.36912e-16 0)
(1 -4.94835e-16 0)
(1 4.27196e-16 0)
(1 -1.53756e-15 0)
(1 -3.76927e-16 0)
(1 1.25107e-15 0)
(1 8.90141e-16 0)
(1 -1.36697e-15 0)
(1 -7.93058e-16 0)
(1 -1.02126e-16 0)
(1 7.43647e-16 0)
(1 -1.01601e-15 0)
(1 9.54653e-16 0)
(1 4.41871e-16 0)
(1 1.93677e-15 0)
(1 -9.69018e-16 0)
(1 3.33248e-16 0)
(1 -2.35146e-15 0)
(1 -1.86295e-15 0)
(1 -3.98459e-16 0)
(1 2.48592e-15 0)
(1 -1.55638e-15 0)
(1 -1.74443e-15 0)
(1 7.76296e-16 0)
(1 -1.52273e-15 0)
(1 -3.8435e-17 0)
(1 3.30915e-16 0)
(1 -1.0077e-15 0)
(1 -1.86696e-15 0)
(1 -1.90913e-15 0)
(1 1.58476e-15 0)
(1 1.10037e-15 0)
(1 -3.52403e-16 0)
(1 -7.31995e-16 0)
(1 -6.05285e-16 0)
(1 -3.41187e-18 0)
(1 -1.1622e-15 0)
(1 1.79855e-16 0)
(1 -6.78934e-16 0)
(1 -2.26836e-15 0)
(1 6.6876e-16 0)
(1 4.15161e-16 0)
(1 -1.24538e-16 0)
(1 3.78701e-16 0)
(1 2.97757e-16 0)
(1 -2.21613e-15 0)
(1 -6.41519e-16 0)
(1 -9.63418e-16 0)
(1 -2.2912e-15 0)
(1 2.34871e-16 0)
(1 2.37206e-15 0)
(1 -1.35723e-15 0)
(1 -3.79207e-16 0)
(1 6.25693e-16 0)
(1 -1.22698e-15 0)
(1 1.32583e-15 0)
(1 -2.29307e-16 0)
(1 -1.30449e-15 0)
(1 -1.85202e-16 0)
(1 -4.67225e-16 0)
(1 -4.32633e-17 0)
(1 -1.1539e-15 0)
(1 7.94738e-16 0)
(1 9.73555e-16 0)
(1 -1.02517e-16 0)
(1 -3.24933e-16 0)
(1 9.19424e-17 0)
(1 3.64515e-16 0)
(1 4.71353e-17 0)
(1 7.28922e-17 0)
(1 2.54825e-15 0)
(1 -1.98889e-15 0)
(1 -1.11081e-15 0)
(1 8.90708e-16 0)
(1 -2.82893e-17 0)
(1 -9.76126e-16 0)
(1 -1.70949e-15 0)
(1 -4.05757e-16 0)
(1 1.74665e-15 0)
(1 -3.8371e-16 0)
(1 -5.3838e-16 0)
(1 -4.96373e-16 0)
(1 -6.83149e-16 0)
(1 -8.45313e-16 0)
(1 -4.36235e-16 0)
(1 -2.5052e-15 0)
(1 1.84788e-16 0)
(1 -3.90865e-16 0)
(1 6.69283e-16 0)
(1 -5.87778e-17 0)
(1 1.70729e-15 0)
(1 -2.0549e-16 0)
(1 1.54254e-16 0)
(1 2.31777e-16 0)
)
;

boundaryField
{
    inlet
    {
        type            calculated;
        value           uniform (1 0 0);
    }
    outlet
    {
        type            calculated;
        value           nonuniform List<vector> 
40
(
(1 -1.42976e-16 0)
(1 -3.66602e-16 0)
(1 9.38123e-17 0)
(1 -1.39745e-15 0)
(1 -1.19618e-15 0)
(1 1.28317e-15 0)
(1 7.7428e-16 0)
(1 1.69079e-15 0)
(1 3.3844e-15 0)
(1 3.32454e-15 0)
(1 1.71653e-15 0)
(1 2.1915e-16 0)
(1 -4.08665e-17 0)
(1 -1.39736e-15 0)
(1 1.33672e-15 0)
(1 2.68031e-15 0)
(1 7.56383e-16 0)
(1 8.98476e-16 0)
(1 1.45031e-15 0)
(1 2.78905e-17 -1.11285e-49)
(1 1.45815e-15 1.17585e-49)
(1 2.2379e-15 0)
(1 -4.32998e-16 0)
(1 -1.50686e-16 0)
(1 -1.88915e-15 0)
(1 -8.51152e-16 0)
(1 9.90571e-16 0)
(1 5.97279e-16 0)
(1 -9.67986e-16 0)
(1 -1.51217e-15 0)
(1 -2.44215e-15 0)
(1 -2.62819e-15 0)
(1 -2.88189e-16 0)
(1 -1.01153e-15 0)
(1 -1.31867e-15 0)
(1 -7.52558e-16 0)
(1 9.71739e-16 0)
(1 1.50294e-15 0)
(1 4.04032e-16 0)
(1 2.52589e-16 0)
)
;
    }
    down
    {
        type            empty;
    }
    up
    {
        type            empty;
    }
    sides
    {
        type            calculated;
        value           nonuniform List<vector> 
200
(
(1 0 0)
(1 0 0)
(1 0 0)
(1 0 0)
(1 0 0)
(1 0 0)
(1 0 0)
(1 0 0)
(1 0 0)
(1 0 0)
(1 0 0)
(1 0 0)
(1 0 0)
(1 0 0)
(1 0 0)
(1 0 0)
(1 0 0)
(1 0 0)
(1 0 0)
(1 0 0)
(1 0 0)
(1 0 0)
(1 0 0)
(1 0 0)
(1 0 0)
(1 0 0)
(1 0 0)
(1 0 0)
(1 0 0)
(1 0 0)
(1 0 0)
(1 0 0)
(1 0 0)
(1 0 0)
(1 0 0)
(1 0 0)
(1 0 0)
(1 0 0)
(1 0 0)
(1 0 0)
(1 0 0)
(1 0 0)
(1 0 0)
(1 0 0)
(1 0 0)
(1 0 0)
(1 0 0)
(1 0 0)
(1 0 0)
(1 0 0)
(1 0 0)
(1 0 0)
(1 0 0)
(1 0 0)
(1 0 0)
(1 0 0)
(1 0 0)
(1 0 0)
(1 0 0)
(1 0 0)
(1 0 0)
(1 0 0)
(1 0 0)
(1 0 0)
(1 0 0)
(1 0 0)
(1 0 0)
(1 0 0)
(1 0 0)
(1 0 0)
(1 0 0)
(1 0 0)
(1 0 0)
(1 0 0)
(1 0 0)
(1 0 0)
(1 0 0)
(1 0 0)
(1 0 0)
(1 0 0)
(1 0 0)
(1 0 0)
(1 0 0)
(1 0 0)
(1 0 0)
(1 0 0)
(1 0 0)
(1 0 0)
(1 0 0)
(1 0 0)
(1 0 0)
(1 0 0)
(1 0 0)
(1 0 0)
(1 0 0)
(1 0 0)
(1 0 0)
(1 0 0)
(1 0 0)
(1 0 0)
(1 0 0)
(1 0 0)
(1 0 0)
(1 0 0)
(1 0 0)
(1 0 0)
(1 0 0)
(1 0 0)
(1 0 0)
(1 0 0)
(1 0 0)
(1 0 0)
(1 0 0)
(1 0 0)
(1 0 0)
(1 0 0)
(1 0 0)
(1 0 0)
(1 0 0)
(1 0 0)
(1 0 0)
(1 0 0)
(1 0 0)
(1 0 0)
(1 0 0)
(1 0 0)
(1 0 0)
(1 0 0)
(1 0 0)
(1 0 0)
(1 0 0)
(1 0 0)
(1 0 0)
(1 0 0)
(1 0 0)
(1 0 0)
(1 0 0)
(1 0 0)
(1 0 0)
(1 0 0)
(1 0 0)
(1 0 0)
(1 0 0)
(1 0 0)
(1 0 0)
(1 0 0)
(1 0 0)
(1 0 0)
(1 0 0)
(1 0 0)
(1 0 0)
(1 0 0)
(1 0 0)
(1 0 0)
(1 0 0)
(1 0 0)
(1 0 0)
(1 0 0)
(1 0 0)
(1 0 0)
(1 0 0)
(1 0 0)
(1 0 0)
(1 0 0)
(1 0 0)
(1 0 0)
(1 0 0)
(1 0 0)
(1 0 0)
(1 0 0)
(1 0 0)
(1 0 0)
(1 0 0)
(1 0 0)
(1 0 0)
(1 0 0)
(1 0 0)
(1 0 0)
(1 0 0)
(1 0 0)
(1 0 0)
(1 0 0)
(1 0 0)
(1 0 0)
(1 0 0)
(1 0 0)
(1 0 0)
(1 0 0)
(1 0 0)
(1 0 0)
(1 0 0)
(1 0 0)
(1 0 0)
(1 0 0)
(1 0 0)
(1 0 0)
(1 0 0)
(1 0 0)
(1 0 0)
(1 0 0)
)
;
    }
}

