/*--------------------------------*- C++ -*----------------------------------*\
| =========                 |                                                 |
| \\      /  F ield         | OpenFOAM: The Open Source CFD Toolbox           |
|  \\    /   O peration     | Version:  v2012                                 |
|   \\  /    A nd           | Website:  www.openfoam.com                      |
|    \\/     M anipulation  |                                                 |
\*---------------------------------------------------------------------------*/
FoamFile
{
    version     2.0;
    format      ascii;
    class       volVectorField;
    location    "70";
    object      Usup;
}
// * * * * * * * * * * * * * * * * * * * * * * * * * * * * * * * * * * * * * //

dimensions      [0 1 -1 0 0 0 0];


internalField   nonuniform List<vector> 
4000
(
(0.00283246 -0.000379615 0)
(0.00251146 -0.00250807 0)
(0.00117873 -0.00437106 0)
(0.00829276 -0.00275609 0)
(0.01317 -0.00461318 0)
(0.00835608 -0.00452531 0)
(-0.00163717 -0.0099151 0)
(-0.0136587 -0.0110859 0)
(-0.019158 -0.00711117 0)
(-0.0139362 0.0030096 0)
(-0.00399449 0.008531 0)
(-0.00305935 0.00493929 0)
(-0.00785526 0.00287816 0)
(-0.00379813 0.0052156 0)
(-0.00133754 -0.00281049 0)
(-0.014393 -0.00939448 0)
(-0.0244617 -0.00311918 0)
(-0.0202962 0.00134844 0)
(-0.00978763 0.00584628 0)
(-0.00259431 0.00567884 0)
(-0.00762057 0.00546238 0)
(-0.0189759 0.00618568 0)
(-0.0218004 0.0119001 0)
(-0.0149665 0.0119678 0)
(-0.0109701 0.0120123 0)
(-0.0100438 0.00698445 0)
(-0.00506795 0.0100167 0)
(0.00523002 0.00872261 0)
(0.0188427 0.0108771 0)
(0.0311237 0.00433804 0)
(0.0286752 -0.00507725 0)
(0.0169102 -0.00343273 0)
(0.011626 0.00624572 0)
(0.0119553 0.00976148 0)
(0.0119218 0.00752104 0)
(0.0160383 0.0103722 0)
(0.0268788 0.00646678 0)
(0.0297348 -0.00717779 0)
(0.0177299 -0.0147994 0)
(0.00486968 -0.0135549 0)
(-0.0073124 -0.0131927 0)
(-0.0215465 -0.0137234 0)
(-0.0218415 -0.0133781 0)
(-0.00861627 -0.0128851 0)
(-0.000812055 -0.0137268 0)
(-0.000649514 -0.0127355 0)
(-0.00539866 -0.0128978 0)
(-0.0118301 -0.017137 0)
(-0.0121727 -0.0153936 0)
(-0.00415192 -0.0109968 0)
(0.000607579 -0.00989333 0)
(-0.00173367 -0.0122989 0)
(-0.0069496 -0.0121486 0)
(-0.00909302 -0.00843689 0)
(-0.00600316 -0.00904691 0)
(-0.00407981 -0.00682333 0)
(-0.00729486 -0.00403778 0)
(-0.0149328 -0.00218962 0)
(-0.0190314 -0.000919653 0)
(-0.0157137 0.00213821 0)
(-0.00459784 0.00424795 0)
(0.0047024 0.00535395 0)
(0.00657884 0.00423858 0)
(0.00644868 0.00179284 0)
(0.0105166 0.00147474 0)
(0.0137476 -0.00135014 0)
(0.0149968 0.00152641 0)
(0.0189391 0.0013365 0)
(0.0183257 -0.00377674 0)
(0.0127959 -0.00382078 0)
(0.0107504 -0.00186388 0)
(0.0149587 0.000359612 0)
(0.0175394 -0.00403437 0)
(0.0143564 -0.0099806 0)
(0.00614278 -0.008479 0)
(0.00186302 -0.00280705 0)
(0.00359425 -0.00105368 0)
(0.0060179 0.00138699 0)
(0.00346575 -0.000447096 0)
(-0.00245376 -0.00182431 0)
(-0.0113369 -0.00794648 0)
(-0.0194667 -0.00240347 0)
(-0.0192357 0.0047841 0)
(-0.0206863 0.00752491 0)
(-0.0275148 0.00511675 0)
(-0.0321048 0.00782302 0)
(-0.0344158 0.0117607 0)
(-0.0362885 0.0142353 0)
(-0.0298082 0.0199983 0)
(-0.0202031 0.0190821 0)
(-0.0117616 0.0204365 0)
(-0.00618181 0.0193521 0)
(-0.00259863 0.0199957 0)
(0.0037092 0.02067 0)
(0.00483198 0.0163498 0)
(0.00275499 0.0155962 0)
(0.00625692 0.0148934 0)
(0.0126374 0.0111823 0)
(0.0140089 0.00688407 0)
(0.00687454 0.00212929 0)
(0.00497712 -0.00182585 0)
(0.00585236 -0.0087653 0)
(0.00809276 -0.00961088 0)
(0.0211921 -0.010295 0)
(0.0280497 -0.0160985 0)
(0.0142043 -0.0172483 0)
(-0.00960651 -0.0248513 0)
(-0.028937 -0.0263677 0)
(-0.0331001 -0.0168867 0)
(-0.0227944 0.00157398 0)
(-0.0142967 0.0167979 0)
(-0.016884 0.0144459 0)
(-0.0200251 0.0138156 0)
(-0.0184308 0.0103162 0)
(-0.0234968 -0.0104716 0)
(-0.0385398 -0.0214594 0)
(-0.0503407 -0.0085189 0)
(-0.0444419 0.00752314 0)
(-0.0272995 0.0180338 0)
(-0.0168851 0.0213537 0)
(-0.0256877 0.0240642 0)
(-0.042696 0.0204632 0)
(-0.0488175 0.0276548 0)
(-0.0399379 0.0316752 0)
(-0.0334311 0.0315857 0)
(-0.0250368 0.0256629 0)
(-0.00776499 0.028779 0)
(0.0170672 0.0255618 0)
(0.0447239 0.023066 0)
(0.0624371 0.0101463 0)
(0.0655201 -0.00303837 0)
(0.0575905 -0.00239135 0)
(0.0470978 0.0118522 0)
(0.0375348 0.0175594 0)
(0.0379777 0.0192774 0)
(0.04626 0.026749 0)
(0.0541741 0.0191145 0)
(0.0548349 -0.00983631 0)
(0.0399652 -0.03106 0)
(0.0149444 -0.0322153 0)
(-0.0165962 -0.038777 0)
(-0.0468971 -0.0462665 0)
(-0.0483214 -0.0448716 0)
(-0.0248225 -0.039934 0)
(-0.00805844 -0.0399803 0)
(-0.00631662 -0.0425674 0)
(-0.0195259 -0.0401253 0)
(-0.0303887 -0.0446726 0)
(-0.0243291 -0.0441706 0)
(-0.00966736 -0.038542 0)
(-0.00509695 -0.0355796 0)
(-0.00987244 -0.0355008 0)
(-0.0154595 -0.0321016 0)
(-0.0205782 -0.0226761 0)
(-0.0168267 -0.0201963 0)
(-0.0116683 -0.017688 0)
(-0.0191936 -0.0159686 0)
(-0.0353213 -0.0156755 0)
(-0.041895 -0.0112699 0)
(-0.0328747 0.00186759 0)
(-0.0103634 0.0140069 0)
(0.00852295 0.0181167 0)
(0.0134921 0.0157464 0)
(0.0171709 0.0112046 0)
(0.026475 0.00533596 0)
(0.0369945 -0.0023808 0)
(0.0434958 -0.000524201 0)
(0.0453406 -0.000548834 0)
(0.0442439 -0.00608425 0)
(0.0391821 -0.00811505 0)
(0.0367112 -0.00767912 0)
(0.0389458 -0.00526289 0)
(0.0366846 -0.0105685 0)
(0.0332665 -0.0190554 0)
(0.024592 -0.0179894 0)
(0.0145349 -0.0101614 0)
(0.0131649 -0.00571944 0)
(0.0128094 -0.00136137 0)
(0.00264371 -0.00887112 0)
(-0.0156001 -0.0103431 0)
(-0.031521 -0.0172994 0)
(-0.0406297 -0.00386495 0)
(-0.0467485 0.0119303 0)
(-0.0599805 0.0217179 0)
(-0.075053 0.0210246 0)
(-0.0813826 0.0224705 0)
(-0.0870791 0.0296376 0)
(-0.087464 0.0402517 0)
(-0.0749595 0.0559918 0)
(-0.0556083 0.0627093 0)
(-0.0345539 0.0664899 0)
(-0.0193618 0.0616893 0)
(-0.00641213 0.0618555 0)
(0.00472914 0.0608697 0)
(0.00883572 0.055735 0)
(0.0108443 0.0489678 0)
(0.0173723 0.0419344 0)
(0.0278542 0.0312504 0)
(0.0295576 0.0209529 0)
(0.0143049 0.00802704 0)
(0.00551608 -0.00554256 0)
(0.0112333 -0.017774 0)
(0.0161955 -0.0189025 0)
(0.0277245 -0.0177705 0)
(0.0354149 -0.0234503 0)
(0.0179395 -0.0333333 0)
(-0.0138004 -0.0364778 0)
(-0.0364133 -0.0353606 0)
(-0.0391166 -0.0207675 0)
(-0.024912 -0.00111237 0)
(-0.0181437 0.015648 0)
(-0.0255656 0.0161941 0)
(-0.0348025 0.0168968 0)
(-0.0438473 0.0106522 0)
(-0.0500393 -0.0116019 0)
(-0.0573607 -0.0211018 0)
(-0.0625358 -0.0106305 0)
(-0.0561794 0.0111796 0)
(-0.040317 0.0310794 0)
(-0.0289856 0.0418325 0)
(-0.0453352 0.0479646 0)
(-0.0676373 0.040372 0)
(-0.068643 0.0421915 0)
(-0.0573277 0.0466958 0)
(-0.0493079 0.0434556 0)
(-0.0349097 0.046643 0)
(-0.00997499 0.0504153 0)
(0.0227117 0.0438527 0)
(0.0592798 0.0299504 0)
(0.0866152 0.0145681 0)
(0.0950364 0.00451064 0)
(0.0891457 0.00629063 0)
(0.0774044 0.0144882 0)
(0.0662981 0.0214963 0)
(0.0692635 0.0307971 0)
(0.0747714 0.0346342 0)
(0.0715046 0.0258941 0)
(0.0633417 -0.00239408 0)
(0.0488685 -0.0306362 0)
(0.0161481 -0.0478023 0)
(-0.0315796 -0.0675124 0)
(-0.0662403 -0.0817948 0)
(-0.0618348 -0.0778248 0)
(-0.0342563 -0.0663004 0)
(-0.0191312 -0.0659353 0)
(-0.0152088 -0.0730348 0)
(-0.0281632 -0.0756608 0)
(-0.0444961 -0.0746562 0)
(-0.0371498 -0.0705079 0)
(-0.0169676 -0.0625111 0)
(-0.00907377 -0.0577751 0)
(-0.013455 -0.0547389 0)
(-0.0189954 -0.0505473 0)
(-0.0257062 -0.0397453 0)
(-0.0258088 -0.0274931 0)
(-0.0240464 -0.0263966 0)
(-0.0353365 -0.0289302 0)
(-0.0518241 -0.0265975 0)
(-0.050775 -0.0173888 0)
(-0.03277 0.00210164 0)
(-0.00737225 0.022015 0)
(0.01144 0.0229718 0)
(0.0182758 0.0218864 0)
(0.0229209 0.020314 0)
(0.0346134 0.0115594 0)
(0.0524492 0.0045936 0)
(0.0656708 0.00399212 0)
(0.0702371 -0.000270897 0)
(0.0674805 -0.00681306 0)
(0.0595445 -0.0161309 0)
(0.0574184 -0.0202091 0)
(0.0604938 -0.0210918 0)
(0.0556647 -0.0215525 0)
(0.0491186 -0.0201451 0)
(0.0382761 -0.0199647 0)
(0.0259636 -0.0155056 0)
(0.0220209 -0.0139841 0)
(0.013223 -0.0107004 0)
(-0.00309258 -0.0192096 0)
(-0.0250424 -0.0212439 0)
(-0.0439102 -0.0196897 0)
(-0.0541137 -0.00795565 0)
(-0.0661569 0.0121264 0)
(-0.0893551 0.0303478 0)
(-0.116184 0.0400912 0)
(-0.125776 0.041837 0)
(-0.126462 0.0500675 0)
(-0.120558 0.0661938 0)
(-0.102241 0.0885238 0)
(-0.0791245 0.102974 0)
(-0.0565542 0.108147 0)
(-0.0346793 0.108078 0)
(-0.0125735 0.108648 0)
(0.00529836 0.100345 0)
(0.0110303 0.0939174 0)
(0.012537 0.0827652 0)
(0.0229632 0.0696858 0)
(0.0383055 0.0567111 0)
(0.0405307 0.0379293 0)
(0.0176195 0.0143825 0)
(0.00554776 -0.00900642 0)
(0.0148548 -0.0291466 0)
(0.0274828 -0.0317944 0)
(0.039241 -0.0301337 0)
(0.0366366 -0.0332147 0)
(0.015686 -0.0502731 0)
(-0.0146874 -0.0518646 0)
(-0.0360381 -0.0484847 0)
(-0.0353075 -0.0252932 0)
(-0.0232594 0.00167082 0)
(-0.0243159 0.0156429 0)
(-0.037077 0.0136509 0)
(-0.0467133 0.00882615 0)
(-0.0630912 0.00440789 0)
(-0.074822 -0.00543173 0)
(-0.0761361 -0.0148403 0)
(-0.0729229 -0.00947712 0)
(-0.0590592 0.0110541 0)
(-0.0432735 0.0404799 0)
(-0.0382147 0.0617297 0)
(-0.0628716 0.0697067 0)
(-0.0887919 0.0723541 0)
(-0.086836 0.0682888 0)
(-0.0753354 0.0608623 0)
(-0.0604483 0.051734 0)
(-0.0356164 0.0577506 0)
(-0.00999131 0.064433 0)
(0.0217873 0.0609556 0)
(0.0638242 0.0442558 0)
(0.0997166 0.0245686 0)
(0.118896 0.013802 0)
(0.1191 0.0157866 0)
(0.107175 0.0218741 0)
(0.0966174 0.0313247 0)
(0.0958066 0.0393515 0)
(0.0949055 0.035235 0)
(0.0834516 0.0250779 0)
(0.0658908 -0.00169705 0)
(0.0435626 -0.0308313 0)
(0.00323608 -0.0663257 0)
(-0.0481698 -0.0905623 0)
(-0.0784053 -0.104979 0)
(-0.06618 -0.105405 0)
(-0.039987 -0.098574 0)
(-0.030889 -0.101148 0)
(-0.0300967 -0.102568 0)
(-0.0405378 -0.108574 0)
(-0.0502926 -0.104635 0)
(-0.0388368 -0.0935352 0)
(-0.01901 -0.0846038 0)
(-0.0145071 -0.078703 0)
(-0.0205524 -0.076264 0)
(-0.0239242 -0.0655278 0)
(-0.025536 -0.0496273 0)
(-0.0291324 -0.0331996 0)
(-0.0357429 -0.030778 0)
(-0.0461203 -0.0318691 0)
(-0.0585092 -0.0273431 0)
(-0.0531583 -0.014035 0)
(-0.0292408 0.00672795 0)
(-0.00673603 0.0230181 0)
(0.0109047 0.0246729 0)
(0.0245565 0.0244803 0)
(0.0307685 0.0252892 0)
(0.0443457 0.0171342 0)
(0.0681584 0.0156466 0)
(0.0821957 0.0144991 0)
(0.0836275 0.00401312 0)
(0.0789713 -0.0114138 0)
(0.0727405 -0.0251295 0)
(0.0743362 -0.0318385 0)
(0.0791192 -0.0372737 0)
(0.0767674 -0.0375248 0)
(0.0675367 -0.0277375 0)
(0.0515085 -0.022033 0)
(0.0341546 -0.0186709 0)
(0.0265627 -0.020308 0)
(0.0134388 -0.0216413 0)
(-0.00972454 -0.0254683 0)
(-0.0337592 -0.0285472 0)
(-0.0551497 -0.0231204 0)
(-0.0650371 -0.0149097 0)
(-0.0767475 0.0089116 0)
(-0.106924 0.0325269 0)
(-0.143932 0.0520676 0)
(-0.158748 0.0658098 0)
(-0.156764 0.0759569 0)
(-0.143826 0.0939071 0)
(-0.121586 0.118422 0)
(-0.0984865 0.136218 0)
(-0.0704012 0.145269 0)
(-0.0422047 0.152495 0)
(-0.0207255 0.152357 0)
(-0.00147309 0.142404 0)
(0.0105084 0.126557 0)
(0.0156073 0.116417 0)
(0.0299656 0.102614 0)
(0.0451045 0.0842229 0)
(0.0430002 0.0553276 0)
(0.0175183 0.0200561 0)
(0.00297774 -0.011447 0)
(0.01798 -0.0356257 0)
(0.0373224 -0.0400234 0)
(0.047085 -0.0421409 0)
(0.0374218 -0.05405 0)
(0.0134002 -0.0712349 0)
(-0.0139857 -0.0748801 0)
(-0.0289902 -0.0641362 0)
(-0.0213177 -0.0350209 0)
(-0.0159012 -0.00867439 0)
(-0.029662 0.00383992 0)
(-0.0507921 0.00718851 0)
(-0.0631365 0.0112074 0)
(-0.0778326 0.00631342 0)
(-0.0915305 0.00315411 0)
(-0.0938101 -0.00944327 0)
(-0.0816361 -0.00749828 0)
(-0.0577156 0.0163315 0)
(-0.0382982 0.0466817 0)
(-0.040304 0.0714372 0)
(-0.0708578 0.0828599 0)
(-0.103742 0.093825 0)
(-0.111213 0.0915083 0)
(-0.0985284 0.0778456 0)
(-0.0726803 0.066685 0)
(-0.0364571 0.0713204 0)
(-0.00552452 0.0715049 0)
(0.02523 0.0711051 0)
(0.0649999 0.0594503 0)
(0.107928 0.038407 0)
(0.136664 0.0286765 0)
(0.142134 0.0271697 0)
(0.133637 0.0286652 0)
(0.122889 0.0343186 0)
(0.116267 0.0400667 0)
(0.109832 0.0345209 0)
(0.0902289 0.0210595 0)
(0.0633324 -0.0105478 0)
(0.0309385 -0.0445455 0)
(-0.0136917 -0.0810216 0)
(-0.0617322 -0.102117 0)
(-0.0912909 -0.116517 0)
(-0.0767476 -0.125861 0)
(-0.0500728 -0.135439 0)
(-0.0388591 -0.143286 0)
(-0.0370732 -0.138735 0)
(-0.0477368 -0.13235 0)
(-0.0533639 -0.124282 0)
(-0.0422332 -0.109369 0)
(-0.0237155 -0.103359 0)
(-0.0188683 -0.0981695 0)
(-0.0200581 -0.0868735 0)
(-0.0174933 -0.0694728 0)
(-0.0215808 -0.0470702 0)
(-0.0323466 -0.0346186 0)
(-0.0444799 -0.031012 0)
(-0.0562336 -0.0277883 0)
(-0.0639856 -0.0190375 0)
(-0.0499831 -0.00735075 0)
(-0.024127 0.00423095 0)
(-0.00320139 0.0171641 0)
(0.0139844 0.0257654 0)
(0.0292689 0.0281129 0)
(0.0357391 0.0296678 0)
(0.0528061 0.0327914 0)
(0.0819038 0.0328124 0)
(0.0932051 0.0216361 0)
(0.0903147 0.0057311 0)
(0.0858091 -0.0174088 0)
(0.0829653 -0.0337947 0)
(0.0853697 -0.0478307 0)
(0.0918747 -0.0535539 0)
(0.0956211 -0.0531477 0)
(0.0882882 -0.0402195 0)
(0.0656488 -0.028481 0)
(0.0410163 -0.0234874 0)
(0.0276288 -0.0249327 0)
(0.0108466 -0.0280626 0)
(-0.0152294 -0.0304112 0)
(-0.041238 -0.0335599 0)
(-0.0639895 -0.0298127 0)
(-0.0722094 -0.0180428 0)
(-0.082423 0.00366901 0)
(-0.117022 0.0287305 0)
(-0.158465 0.0585983 0)
(-0.180031 0.0851999 0)
(-0.179032 0.0990127 0)
(-0.159295 0.121043 0)
(-0.132445 0.145442 0)
(-0.108083 0.167041 0)
(-0.0790323 0.18097 0)
(-0.0498244 0.191198 0)
(-0.0271563 0.191218 0)
(-0.00872791 0.18277 0)
(0.00724406 0.164833 0)
(0.0195202 0.152561 0)
(0.0332318 0.13713 0)
(0.0462819 0.108614 0)
(0.0425906 0.0714111 0)
(0.0154054 0.0247664 0)
(0.00278097 -0.0157397 0)
(0.0218257 -0.0342974 0)
(0.0469012 -0.0475259 0)
(0.0495018 -0.0601233 0)
(0.0310351 -0.073953 0)
(0.00929619 -0.08968 0)
(-0.00891042 -0.0999826 0)
(-0.0142795 -0.0741599 0)
(-0.00797719 -0.0446234 0)
(-0.0111207 -0.0276362 0)
(-0.0302112 -0.0189429 0)
(-0.0502002 -0.00711496 0)
(-0.0674726 0.00971514 0)
(-0.0912979 0.0074109 0)
(-0.111864 0.00109998 0)
(-0.113403 -0.00267122 0)
(-0.0863855 0.00543246 0)
(-0.0521796 0.0292846 0)
(-0.0344063 0.056942 0)
(-0.041885 0.0765909 0)
(-0.0763197 0.0846521 0)
(-0.112149 0.0924486 0)
(-0.126402 0.095553 0)
(-0.116859 0.0885178 0)
(-0.081656 0.086162 0)
(-0.0396477 0.0897985 0)
(-0.00702093 0.0865765 0)
(0.0279409 0.0841226 0)
(0.0662027 0.0746032 0)
(0.112218 0.0576055 0)
(0.150266 0.0402606 0)
(0.159682 0.0362848 0)
(0.152513 0.0369234 0)
(0.144603 0.0456652 0)
(0.135483 0.0475789 0)
(0.120388 0.0373718 0)
(0.0883287 0.0103453 0)
(0.0508689 -0.023878 0)
(0.0161034 -0.0611407 0)
(-0.02618 -0.0912324 0)
(-0.072992 -0.11111 0)
(-0.103954 -0.125693 0)
(-0.093418 -0.136613 0)
(-0.0675848 -0.162281 0)
(-0.0480608 -0.176086 0)
(-0.0371336 -0.174903 0)
(-0.0460773 -0.160168 0)
(-0.0506268 -0.139293 0)
(-0.0407439 -0.11768 0)
(-0.0271448 -0.10906 0)
(-0.0179831 -0.102138 0)
(-0.0152659 -0.0864763 0)
(-0.01146 -0.0691025 0)
(-0.0177268 -0.0456321 0)
(-0.0358572 -0.0323938 0)
(-0.049987 -0.0276321 0)
(-0.0574679 -0.0202401 0)
(-0.0639065 -0.00405401 0)
(-0.0547149 0.00646575 0)
(-0.0251982 0.00910727 0)
(0.00227407 0.0141279 0)
(0.0201869 0.0219875 0)
(0.0362393 0.0298291 0)
(0.0497907 0.0367557 0)
(0.0683095 0.0498053 0)
(0.0867767 0.0476626 0)
(0.0930771 0.0269676 0)
(0.0882552 0.00277625 0)
(0.0840842 -0.0215594 0)
(0.0839711 -0.0457875 0)
(0.0921668 -0.0700954 0)
(0.105874 -0.0707236 0)
(0.114452 -0.0598947 0)
(0.109159 -0.0534629 0)
(0.0816367 -0.0451941 0)
(0.0486075 -0.0353401 0)
(0.029124 -0.0308813 0)
(0.00891152 -0.0328919 0)
(-0.0219791 -0.0325486 0)
(-0.0506425 -0.0357179 0)
(-0.0709025 -0.0367938 0)
(-0.0770192 -0.0234159 0)
(-0.0871569 -0.00434379 0)
(-0.118313 0.0246555 0)
(-0.159827 0.064657 0)
(-0.18995 0.0976202 0)
(-0.191803 0.122271 0)
(-0.167879 0.146152 0)
(-0.13887 0.171816 0)
(-0.113338 0.191662 0)
(-0.0818442 0.212521 0)
(-0.0516895 0.226113 0)
(-0.0320335 0.225961 0)
(-0.0146784 0.217874 0)
(0.00494217 0.202669 0)
(0.0217863 0.188841 0)
(0.0340777 0.167147 0)
(0.0429224 0.131685 0)
(0.0366272 0.0839945 0)
(0.0113064 0.0274062 0)
(0.00720327 -0.0176998 0)
(0.0270238 -0.0335187 0)
(0.0448229 -0.0530082 0)
(0.0490189 -0.0768469 0)
(0.0315814 -0.0955117 0)
(0.00375346 -0.107216 0)
(-0.000100602 -0.111681 0)
(0.00753788 -0.0864865 0)
(0.00349392 -0.0609707 0)
(-0.00980654 -0.0479705 0)
(-0.029441 -0.0384249 0)
(-0.0462654 -0.0184373 0)
(-0.0708287 -0.000409441 0)
(-0.104694 -0.001325 0)
(-0.122081 -0.00350179 0)
(-0.116559 0.00322506 0)
(-0.0861451 0.021079 0)
(-0.0484894 0.039263 0)
(-0.0316141 0.0627182 0)
(-0.0471138 0.0730824 0)
(-0.0855909 0.0798179 0)
(-0.12102 0.0942865 0)
(-0.137046 0.102441 0)
(-0.124199 0.104425 0)
(-0.0845405 0.108422 0)
(-0.0414285 0.106178 0)
(-0.00617445 0.0994487 0)
(0.0293684 0.0906193 0)
(0.0673272 0.0818364 0)
(0.111502 0.077947 0)
(0.154084 0.0584413 0)
(0.1746 0.0455917 0)
(0.175875 0.0478227 0)
(0.165969 0.0566237 0)
(0.145093 0.0560488 0)
(0.116558 0.0397651 0)
(0.0771591 0.00497383 0)
(0.0382972 -0.0280723 0)
(0.00194039 -0.0675896 0)
(-0.0385754 -0.0987886 0)
(-0.0840132 -0.119521 0)
(-0.114322 -0.133654 0)
(-0.112718 -0.147106 0)
(-0.090531 -0.178452 0)
(-0.0606457 -0.196814 0)
(-0.0387098 -0.199261 0)
(-0.0358472 -0.180348 0)
(-0.0372047 -0.14741 0)
(-0.0353042 -0.124354 0)
(-0.0272919 -0.112166 0)
(-0.0169958 -0.101018 0)
(-0.0106871 -0.0808364 0)
(-0.00296821 -0.0585909 0)
(-0.0107446 -0.0388585 0)
(-0.0357673 -0.0258374 0)
(-0.0525817 -0.0167763 0)
(-0.0561103 -0.0054287 0)
(-0.0610221 0.00731433 0)
(-0.0549573 0.0187043 0)
(-0.0291958 0.0252766 0)
(0.00116057 0.0240728 0)
(0.0267796 0.025628 0)
(0.0476544 0.0356491 0)
(0.0637502 0.0462209 0)
(0.079333 0.0545128 0)
(0.0880068 0.0497012 0)
(0.0864737 0.0245853 0)
(0.083098 -0.00675715 0)
(0.0794603 -0.0301805 0)
(0.0763959 -0.0545871 0)
(0.095118 -0.0688294 0)
(0.125732 -0.0730938 0)
(0.131999 -0.0634166 0)
(0.118972 -0.0613359 0)
(0.0940924 -0.0574627 0)
(0.0614094 -0.0496211 0)
(0.0337613 -0.0420067 0)
(0.00790137 -0.0458592 0)
(-0.0259182 -0.0469854 0)
(-0.0606908 -0.0499274 0)
(-0.0793788 -0.0465855 0)
(-0.0805723 -0.0271571 0)
(-0.0861954 -0.00290462 0)
(-0.111166 0.0293505 0)
(-0.154051 0.066849 0)
(-0.18932 0.105122 0)
(-0.194894 0.140101 0)
(-0.171389 0.166978 0)
(-0.141525 0.193044 0)
(-0.11229 0.216217 0)
(-0.0778896 0.242185 0)
(-0.0534765 0.252096 0)
(-0.0359484 0.252867 0)
(-0.0179465 0.246866 0)
(0.00416363 0.234283 0)
(0.0219256 0.221009 0)
(0.0302038 0.189424 0)
(0.0349863 0.148381 0)
(0.027185 0.0925728 0)
(0.00756339 0.0313609 0)
(0.0108254 -0.0163822 0)
(0.0312662 -0.0374381 0)
(0.0433804 -0.0637057 0)
(0.0405945 -0.088692 0)
(0.0251996 -0.112602 0)
(0.00780087 -0.121816 0)
(0.0105216 -0.116383 0)
(0.0214294 -0.1054 0)
(0.0140113 -0.0844166 0)
(-0.00439231 -0.0710998 0)
(-0.0208901 -0.0519567 0)
(-0.0367169 -0.0294854 0)
(-0.0713434 -0.0134252 0)
(-0.112094 -0.0105679 0)
(-0.129235 -0.00468361 0)
(-0.118156 0.00794911 0)
(-0.0842566 0.0284661 0)
(-0.0465445 0.0456323 0)
(-0.0342855 0.0593638 0)
(-0.0533425 0.0668724 0)
(-0.0837709 0.0842225 0)
(-0.117062 0.104053 0)
(-0.138001 0.11738 0)
(-0.127686 0.12748 0)
(-0.0904056 0.130092 0)
(-0.0499112 0.117967 0)
(-0.0148774 0.101694 0)
(0.0261479 0.0849495 0)
(0.075132 0.0808354 0)
(0.119014 0.0830549 0)
(0.154364 0.0766564 0)
(0.18188 0.0689011 0)
(0.191504 0.070357 0)
(0.181661 0.0657573 0)
(0.153678 0.0559514 0)
(0.112292 0.0368176 0)
(0.0656111 0.00345654 0)
(0.0207381 -0.026462 0)
(-0.018297 -0.0706658 0)
(-0.0534939 -0.106637 0)
(-0.0945811 -0.123792 0)
(-0.12608 -0.13414 0)
(-0.132477 -0.151272 0)
(-0.112918 -0.17654 0)
(-0.0737518 -0.201558 0)
(-0.0365678 -0.210568 0)
(-0.0204615 -0.193318 0)
(-0.0226924 -0.166609 0)
(-0.0284185 -0.137989 0)
(-0.0236115 -0.107985 0)
(-0.00856893 -0.0890024 0)
(0.00212242 -0.0601971 0)
(0.00522688 -0.041818 0)
(-0.00821502 -0.0298975 0)
(-0.0344637 -0.0192454 0)
(-0.0499028 0.000494493 0)
(-0.0544155 0.0164427 0)
(-0.0598836 0.0257234 0)
(-0.0531866 0.033385 0)
(-0.0295627 0.0391817 0)
(-0.00127463 0.0396004 0)
(0.0300122 0.0329135 0)
(0.0578805 0.0412472 0)
(0.0750552 0.0542158 0)
(0.0866618 0.0617523 0)
(0.0842876 0.0519993 0)
(0.073957 0.0216504 0)
(0.0722797 -0.0112401 0)
(0.0740727 -0.0342169 0)
(0.0806199 -0.0556754 0)
(0.102741 -0.0600352 0)
(0.132413 -0.0728984 0)
(0.143207 -0.0776471 0)
(0.130312 -0.0755127 0)
(0.102927 -0.0713287 0)
(0.0680214 -0.0643551 0)
(0.0349073 -0.0592778 0)
(0.00276496 -0.0644648 0)
(-0.0335318 -0.0681044 0)
(-0.0654811 -0.0697357 0)
(-0.0760378 -0.0563101 0)
(-0.0732292 -0.0315852 0)
(-0.0796575 -0.00105316 0)
(-0.105767 0.0312153 0)
(-0.146219 0.0621416 0)
(-0.179835 0.106978 0)
(-0.1896 0.148798 0)
(-0.169406 0.183278 0)
(-0.137955 0.209512 0)
(-0.105338 0.237887 0)
(-0.0750174 0.259521 0)
(-0.053962 0.271227 0)
(-0.0361509 0.276168 0)
(-0.01857 0.273306 0)
(0.00587402 0.262738 0)
(0.0191836 0.243081 0)
(0.0220433 0.210496 0)
(0.0249479 0.163915 0)
(0.0170991 0.101302 0)
(0.00225341 0.0364574 0)
(0.0119027 -0.0161198 0)
(0.028866 -0.0451596 0)
(0.0367433 -0.0793387 0)
(0.0363137 -0.106365 0)
(0.024458 -0.121545 0)
(0.0123253 -0.131753 0)
(0.0176409 -0.123604 0)
(0.0315152 -0.121042 0)
(0.0247791 -0.107594 0)
(0.00662488 -0.0852787 0)
(-0.00901721 -0.0620931 0)
(-0.0303752 -0.0500884 0)
(-0.0714066 -0.0388282 0)
(-0.114716 -0.0230634 0)
(-0.126807 -0.00442836 0)
(-0.11221 0.0189673 0)
(-0.0796728 0.0399009 0)
(-0.0475441 0.0461407 0)
(-0.0376483 0.0516728 0)
(-0.0498591 0.0736627 0)
(-0.0782173 0.102155 0)
(-0.114981 0.118514 0)
(-0.135709 0.130144 0)
(-0.127269 0.136074 0)
(-0.0994519 0.133905 0)
(-0.0648371 0.119062 0)
(-0.0269829 0.101038 0)
(0.0236653 0.0886932 0)
(0.0813273 0.0888927 0)
(0.128608 0.083804 0)
(0.167315 0.0833915 0)
(0.195735 0.0902605 0)
(0.200383 0.0916591 0)
(0.18245 0.0766638 0)
(0.150457 0.0574171 0)
(0.103404 0.0328962 0)
(0.0538767 -0.00257703 0)
(0.00363062 -0.0338637 0)
(-0.0417512 -0.0695233 0)
(-0.0677006 -0.102374 0)
(-0.099705 -0.118567 0)
(-0.134809 -0.135462 0)
(-0.147938 -0.154849 0)
(-0.134207 -0.172162 0)
(-0.0941877 -0.196048 0)
(-0.042491 -0.207927 0)
(-0.0143797 -0.202571 0)
(-0.00811958 -0.179138 0)
(-0.00424642 -0.141227 0)
(-0.00353983 -0.0989221 0)
(0.00573419 -0.0734233 0)
(0.0114115 -0.0497872 0)
(0.0064715 -0.0328364 0)
(-0.00720028 -0.0183047 0)
(-0.026555 -0.0036746 0)
(-0.0393301 0.0209526 0)
(-0.0500355 0.0401802 0)
(-0.0599319 0.0484299 0)
(-0.0544844 0.0516579 0)
(-0.0311617 0.0541587 0)
(-0.00628658 0.0520787 0)
(0.0293317 0.0413062 0)
(0.0689473 0.0464737 0)
(0.0885606 0.057532 0)
(0.0911478 0.0630496 0)
(0.0751149 0.0545063 0)
(0.0590157 0.0248539 0)
(0.062701 -0.00833909 0)
(0.0682588 -0.0293726 0)
(0.0788568 -0.0506769 0)
(0.103132 -0.0637301 0)
(0.131989 -0.0779934 0)
(0.147088 -0.0914196 0)
(0.137706 -0.0965279 0)
(0.112818 -0.0921327 0)
(0.0767179 -0.0822343 0)
(0.0356367 -0.0803616 0)
(-0.00153175 -0.0871668 0)
(-0.0380383 -0.0844976 0)
(-0.0658586 -0.0831561 0)
(-0.0708084 -0.0662369 0)
(-0.0647698 -0.0430176 0)
(-0.0695571 -0.0140651 0)
(-0.0980245 0.0190301 0)
(-0.13425 0.0539276 0)
(-0.162586 0.103033 0)
(-0.175076 0.148316 0)
(-0.160401 0.19056 0)
(-0.130485 0.223918 0)
(-0.0984163 0.251374 0)
(-0.0687564 0.269526 0)
(-0.0481876 0.288644 0)
(-0.0323309 0.297184 0)
(-0.0162502 0.296333 0)
(0.00341511 0.284298 0)
(0.015455 0.25789 0)
(0.0152544 0.227914 0)
(0.010569 0.174717 0)
(0.00399498 0.106477 0)
(-0.00502893 0.0351017 0)
(0.0100598 -0.0169831 0)
(0.0223313 -0.0519379 0)
(0.0288896 -0.0815693 0)
(0.0335258 -0.113013 0)
(0.0244296 -0.132491 0)
(0.0184888 -0.138773 0)
(0.0252873 -0.134161 0)
(0.0352983 -0.136583 0)
(0.0382792 -0.132236 0)
(0.0236298 -0.107906 0)
(-0.00322559 -0.0797882 0)
(-0.0301436 -0.0675176 0)
(-0.0640401 -0.0585809 0)
(-0.101213 -0.0300911 0)
(-0.114408 0.001326 0)
(-0.103041 0.0220584 0)
(-0.0827421 0.0394022 0)
(-0.0568098 0.0429181 0)
(-0.0328798 0.0550332 0)
(-0.0344722 0.0829619 0)
(-0.0679853 0.112711 0)
(-0.112064 0.130781 0)
(-0.138363 0.138569 0)
(-0.135088 0.140322 0)
(-0.109188 0.136186 0)
(-0.0757966 0.123062 0)
(-0.0339426 0.107567 0)
(0.0255488 0.0990046 0)
(0.0846029 0.0973041 0)
(0.132045 0.0863883 0)
(0.179217 0.0874227 0)
(0.210068 0.0940539 0)
(0.204701 0.0911237 0)
(0.179989 0.0780852 0)
(0.144607 0.0575204 0)
(0.090153 0.0330845 0)
(0.0365093 -0.00077295 0)
(-0.0114124 -0.0417161 0)
(-0.0553439 -0.0711032 0)
(-0.080505 -0.0943271 0)
(-0.114217 -0.120064 0)
(-0.152041 -0.144848 0)
(-0.162029 -0.160766 0)
(-0.148284 -0.175223 0)
(-0.106972 -0.188412 0)
(-0.049667 -0.193687 0)
(-0.00864116 -0.195038 0)
(0.0122977 -0.166871 0)
(0.019932 -0.128061 0)
(0.0152918 -0.0942621 0)
(0.0163913 -0.0699348 0)
(0.0206126 -0.0484303 0)
(0.0168601 -0.022191 0)
(0.00162147 0.00188631 0)
(-0.0171468 0.0211638 0)
(-0.0289129 0.0394651 0)
(-0.0448235 0.0545292 0)
(-0.060909 0.0644025 0)
(-0.0566505 0.0707506 0)
(-0.034452 0.075117 0)
(-0.0128549 0.067227 0)
(0.027201 0.0587333 0)
(0.0746704 0.0576387 0)
(0.0955273 0.0514334 0)
(0.095836 0.0498208 0)
(0.0702557 0.0430864 0)
(0.0438725 0.0234853 0)
(0.0499371 -0.00203241 0)
(0.0611681 -0.0231705 0)
(0.0735797 -0.0389078 0)
(0.10021 -0.0578567 0)
(0.1283 -0.0790096 0)
(0.143883 -0.101452 0)
(0.141536 -0.109287 0)
(0.122078 -0.104505 0)
(0.0817477 -0.098567 0)
(0.0323953 -0.104418 0)
(-0.00345944 -0.11235 0)
(-0.0383513 -0.109569 0)
(-0.0645774 -0.103571 0)
(-0.0637691 -0.0870022 0)
(-0.0565383 -0.063144 0)
(-0.0595611 -0.032329 0)
(-0.0843307 0.00381957 0)
(-0.114974 0.0479862 0)
(-0.141612 0.0947339 0)
(-0.155579 0.135972 0)
(-0.141702 0.182848 0)
(-0.117082 0.224695 0)
(-0.0901696 0.254007 0)
(-0.0593132 0.277169 0)
(-0.0377322 0.296124 0)
(-0.0262881 0.306406 0)
(-0.0149039 0.305806 0)
(0.000309241 0.293459 0)
(0.010768 0.270556 0)
(0.0053412 0.234691 0)
(-0.00694465 0.178449 0)
(-0.012919 0.10823 0)
(-0.0103107 0.0310243 0)
(0.00746756 -0.0192055 0)
(0.0199959 -0.0549554 0)
(0.0229893 -0.0803547 0)
(0.0232958 -0.113222 0)
(0.0238791 -0.137654 0)
(0.0239422 -0.144071 0)
(0.0270826 -0.147948 0)
(0.03629 -0.147949 0)
(0.0453539 -0.143489 0)
(0.0414167 -0.126125 0)
(0.0141887 -0.0995554 0)
(-0.0235614 -0.081438 0)
(-0.0546376 -0.0681743 0)
(-0.0831396 -0.0367027 0)
(-0.10242 -0.00258987 0)
(-0.0993698 0.0184259 0)
(-0.0803177 0.0310295 0)
(-0.052414 0.0461483 0)
(-0.02448 0.0671342 0)
(-0.0231791 0.0887147 0)
(-0.0577779 0.113825 0)
(-0.109168 0.128554 0)
(-0.139782 0.134923 0)
(-0.137364 0.140794 0)
(-0.117132 0.142607 0)
(-0.0870197 0.136051 0)
(-0.0416564 0.12477 0)
(0.0233265 0.109922 0)
(0.0831817 0.100269 0)
(0.135846 0.0883522 0)
(0.190083 0.0841331 0)
(0.217404 0.0878002 0)
(0.208629 0.0856915 0)
(0.17806 0.0788592 0)
(0.13735 0.0572737 0)
(0.0795047 0.0298092 0)
(0.0161023 -0.00320349 0)
(-0.0333166 -0.0465342 0)
(-0.0687522 -0.0761546 0)
(-0.0954947 -0.0980108 0)
(-0.132201 -0.133157 0)
(-0.163399 -0.156764 0)
(-0.17178 -0.162217 0)
(-0.158334 -0.169689 0)
(-0.113342 -0.170119 0)
(-0.0543091 -0.171821 0)
(-0.00265351 -0.175107 0)
(0.0323592 -0.156875 0)
(0.0398217 -0.125171 0)
(0.0295066 -0.0929644 0)
(0.0294885 -0.0634721 0)
(0.0363947 -0.0312422 0)
(0.0332383 0.000156954 0)
(0.0144397 0.0251542 0)
(-0.00901348 0.043687 0)
(-0.0245099 0.0562855 0)
(-0.0407188 0.0685745 0)
(-0.0559138 0.0803863 0)
(-0.052908 0.0877278 0)
(-0.0379338 0.0887115 0)
(-0.0199558 0.0814866 0)
(0.0235014 0.0714223 0)
(0.0677354 0.0605081 0)
(0.0898144 0.0509816 0)
(0.0946128 0.0476859 0)
(0.0675766 0.0341179 0)
(0.0394098 0.0197274 0)
(0.0431554 0.00309088 0)
(0.0565031 -0.0124618 0)
(0.0687115 -0.0226751 0)
(0.0884227 -0.0505134 0)
(0.113563 -0.083073 0)
(0.136755 -0.10745 0)
(0.145167 -0.119349 0)
(0.127708 -0.114645 0)
(0.0806855 -0.114604 0)
(0.0259599 -0.126879 0)
(-0.0085883 -0.139625 0)
(-0.0387849 -0.136853 0)
(-0.0604902 -0.12135 0)
(-0.056251 -0.104807 0)
(-0.043391 -0.0818751 0)
(-0.042281 -0.0530494 0)
(-0.0633397 -0.0152879 0)
(-0.0932432 0.0310323 0)
(-0.124078 0.0734355 0)
(-0.135547 0.120482 0)
(-0.118141 0.169802 0)
(-0.0975118 0.211224 0)
(-0.0743104 0.244049 0)
(-0.0463099 0.274298 0)
(-0.0283426 0.296291 0)
(-0.0192155 0.303874 0)
(-0.0114 0.305905 0)
(0.00100441 0.29445 0)
(0.00580824 0.27268 0)
(-0.00765346 0.229979 0)
(-0.024733 0.170488 0)
(-0.0316307 0.101597 0)
(-0.0164164 0.0314419 0)
(0.0058314 -0.0197619 0)
(0.0169739 -0.0556622 0)
(0.0174454 -0.0805722 0)
(0.0159166 -0.109305 0)
(0.0202789 -0.133634 0)
(0.0241351 -0.148435 0)
(0.0309146 -0.152822 0)
(0.0428765 -0.144781 0)
(0.0550038 -0.135509 0)
(0.0535284 -0.124349 0)
(0.0246288 -0.11751 0)
(-0.0142671 -0.104631 0)
(-0.0402132 -0.0893577 0)
(-0.0636502 -0.0600074 0)
(-0.0858666 -0.0194698 0)
(-0.0913572 0.01457 0)
(-0.0760981 0.0356052 0)
(-0.0443203 0.0544465 0)
(-0.0155484 0.0738723 0)
(-0.013602 0.090081 0)
(-0.0512194 0.108759 0)
(-0.107686 0.125782 0)
(-0.138609 0.137255 0)
(-0.136285 0.143871 0)
(-0.116649 0.143159 0)
(-0.0896352 0.137179 0)
(-0.0504088 0.128763 0)
(0.0137623 0.114993 0)
(0.0782381 0.10705 0)
(0.132515 0.0975914 0)
(0.193407 0.084366 0)
(0.227421 0.0803762 0)
(0.215291 0.0763969 0)
(0.176589 0.0666662 0)
(0.125761 0.0507559 0)
(0.0620256 0.0243974 0)
(-0.00476898 -0.0108233 0)
(-0.052258 -0.0510333 0)
(-0.0829417 -0.0797583 0)
(-0.115014 -0.107586 0)
(-0.152937 -0.140178 0)
(-0.171704 -0.161058 0)
(-0.172282 -0.165169 0)
(-0.156896 -0.159266 0)
(-0.112997 -0.147111 0)
(-0.0590971 -0.148036 0)
(-0.00442878 -0.153568 0)
(0.0414694 -0.148599 0)
(0.0588185 -0.12391 0)
(0.0521595 -0.0864946 0)
(0.0530118 -0.0484472 0)
(0.0584697 -0.0102122 0)
(0.0493279 0.0295578 0)
(0.0246732 0.0537036 0)
(-0.00301055 0.0660672 0)
(-0.0189548 0.0740265 0)
(-0.034755 0.086659 0)
(-0.0534483 0.0975966 0)
(-0.0557344 0.102871 0)
(-0.0424419 0.10077 0)
(-0.026836 0.093073 0)
(0.0128545 0.0844826 0)
(0.0631408 0.0598451 0)
(0.0919525 0.0508162 0)
(0.0914452 0.0456261 0)
(0.059556 0.0272138 0)
(0.0323711 0.0154034 0)
(0.0385786 0.00729753 0)
(0.055036 -0.00203684 0)
(0.058411 -0.014104 0)
(0.0681046 -0.0442709 0)
(0.097744 -0.0768678 0)
(0.127048 -0.10407 0)
(0.144164 -0.123064 0)
(0.131163 -0.131187 0)
(0.0756719 -0.137676 0)
(0.0139498 -0.152358 0)
(-0.014036 -0.161548 0)
(-0.0315005 -0.155659 0)
(-0.0509849 -0.135761 0)
(-0.0479933 -0.118247 0)
(-0.0347331 -0.0976829 0)
(-0.0293923 -0.0716361 0)
(-0.0431953 -0.0350223 0)
(-0.0715069 0.00412896 0)
(-0.0977249 0.044701 0)
(-0.105636 0.10016 0)
(-0.0937768 0.150286 0)
(-0.0780181 0.192817 0)
(-0.0549667 0.228828 0)
(-0.0267364 0.260137 0)
(-0.0156068 0.28482 0)
(-0.0118268 0.294715 0)
(-0.00664815 0.292753 0)
(-0.000304004 0.287333 0)
(-0.00319633 0.259995 0)
(-0.0254911 0.214318 0)
(-0.0445775 0.153918 0)
(-0.043947 0.0910705 0)
(-0.0201174 0.0320646 0)
(0.00301528 -0.0167187 0)
(0.0145277 -0.0545625 0)
(0.0144715 -0.0784843 0)
(0.00842289 -0.0976436 0)
(0.0134458 -0.120468 0)
(0.0231066 -0.138248 0)
(0.0385948 -0.142919 0)
(0.053957 -0.139568 0)
(0.0619517 -0.13439 0)
(0.0533522 -0.130175 0)
(0.0249537 -0.13075 0)
(-0.0086523 -0.116925 0)
(-0.0293566 -0.0990755 0)
(-0.0407423 -0.0792328 0)
(-0.0577689 -0.0424652 0)
(-0.0699727 0.00179298 0)
(-0.0627021 0.038818 0)
(-0.0362496 0.0668494 0)
(-0.0101612 0.084416 0)
(-0.00895053 0.0930939 0)
(-0.0421085 0.100168 0)
(-0.0975531 0.116529 0)
(-0.13416 0.129525 0)
(-0.138628 0.136815 0)
(-0.125212 0.13752 0)
(-0.0980306 0.131212 0)
(-0.0554994 0.128828 0)
(0.0127283 0.11705 0)
(0.0784768 0.103939 0)
(0.129645 0.101367 0)
(0.189836 0.0934966 0)
(0.225363 0.0784067 0)
(0.213229 0.0699465 0)
(0.174206 0.0574525 0)
(0.121056 0.040814 0)
(0.048273 0.0169318 0)
(-0.0265618 -0.0183549 0)
(-0.07292 -0.0543448 0)
(-0.101348 -0.0871789 0)
(-0.133276 -0.122867 0)
(-0.167291 -0.14395 0)
(-0.179875 -0.152704 0)
(-0.170669 -0.158021 0)
(-0.147075 -0.150304 0)
(-0.108607 -0.140043 0)
(-0.063794 -0.13805 0)
(-0.00876463 -0.13216 0)
(0.0477314 -0.122382 0)
(0.0785033 -0.102773 0)
(0.0776206 -0.0722641 0)
(0.0779439 -0.0338707 0)
(0.0859649 0.0100747 0)
(0.072403 0.0524759 0)
(0.0335272 0.080378 0)
(-0.00160337 0.0994745 0)
(-0.0164881 0.107946 0)
(-0.0298584 0.109904 0)
(-0.0495387 0.112893 0)
(-0.054893 0.118941 0)
(-0.0479357 0.113566 0)
(-0.0329628 0.101355 0)
(-3.3323e-05 0.0944704 0)
(0.0458623 0.0717232 0)
(0.0841699 0.0535115 0)
(0.083839 0.0371817 0)
(0.0534565 0.0181777 0)
(0.0340679 0.01324 0)
(0.0404584 0.0144897 0)
(0.0513085 0.00788101 0)
(0.0481896 -0.0109683 0)
(0.0523705 -0.0362109 0)
(0.0788367 -0.0672887 0)
(0.110774 -0.0964843 0)
(0.131581 -0.119636 0)
(0.121336 -0.147741 0)
(0.0672113 -0.162721 0)
(0.00797721 -0.169123 0)
(-0.0141523 -0.171001 0)
(-0.0257751 -0.171518 0)
(-0.0417547 -0.156739 0)
(-0.0397334 -0.139323 0)
(-0.0230498 -0.115219 0)
(-0.0121786 -0.0830202 0)
(-0.0250799 -0.0528158 0)
(-0.0528469 -0.0174385 0)
(-0.0716363 0.0221816 0)
(-0.0751024 0.0727376 0)
(-0.0652478 0.124335 0)
(-0.0520566 0.16929 0)
(-0.0332156 0.207256 0)
(-0.00876511 0.233897 0)
(-0.000939271 0.255519 0)
(-0.00501533 0.270105 0)
(-0.00128162 0.268382 0)
(0.000506098 0.26588 0)
(-0.0152364 0.236899 0)
(-0.0427108 0.194671 0)
(-0.0605854 0.144337 0)
(-0.0528551 0.0872444 0)
(-0.0234488 0.0320507 0)
(-0.00149922 -0.0149442 0)
(0.00858317 -0.0462544 0)
(0.0153891 -0.0724807 0)
(0.0082822 -0.085723 0)
(0.00816905 -0.105762 0)
(0.0206236 -0.121897 0)
(0.0388146 -0.125836 0)
(0.0544395 -0.127079 0)
(0.0641179 -0.131849 0)
(0.0557762 -0.137771 0)
(0.0317048 -0.137153 0)
(0.00446576 -0.12283 0)
(-0.0186439 -0.101603 0)
(-0.0294888 -0.0813822 0)
(-0.0348151 -0.0550378 0)
(-0.0409183 -0.0062354 0)
(-0.0381154 0.0365421 0)
(-0.0208737 0.0675949 0)
(-0.00624898 0.0862026 0)
(-0.0116112 0.0955627 0)
(-0.0428388 0.0957092 0)
(-0.0938672 0.105712 0)
(-0.130027 0.117619 0)
(-0.134972 0.121164 0)
(-0.123272 0.121455 0)
(-0.0962402 0.115881 0)
(-0.0586265 0.123128 0)
(6.16707e-05 0.120062 0)
(0.0735735 0.103929 0)
(0.133707 0.10217 0)
(0.187036 0.0991445 0)
(0.221833 0.0775094 0)
(0.212375 0.0634141 0)
(0.16796 0.0529263 0)
(0.108601 0.0347268 0)
(0.030548 0.00313763 0)
(-0.046182 -0.0278904 0)
(-0.0932841 -0.0613703 0)
(-0.125471 -0.0927838 0)
(-0.15083 -0.122591 0)
(-0.17095 -0.143956 0)
(-0.180074 -0.150586 0)
(-0.170339 -0.148184 0)
(-0.14508 -0.139587 0)
(-0.106732 -0.135227 0)
(-0.0571506 -0.129132 0)
(0.00235609 -0.109177 0)
(0.057651 -0.0864001 0)
(0.0897241 -0.0687866 0)
(0.0965049 -0.0461192 0)
(0.10699 -0.00981676 0)
(0.115259 0.0367942 0)
(0.0942921 0.0721239 0)
(0.0525903 0.103939 0)
(0.0108453 0.135452 0)
(-0.0173101 0.148114 0)
(-0.036556 0.141404 0)
(-0.0514344 0.133169 0)
(-0.0588304 0.127475 0)
(-0.0577008 0.116066 0)
(-0.0417577 0.102036 0)
(-0.00824802 0.0857966 0)
(0.0353163 0.0767213 0)
(0.0704077 0.0632912 0)
(0.0707512 0.0443204 0)
(0.0484723 0.0260525 0)
(0.037154 0.0232071 0)
(0.0428022 0.0221579 0)
(0.044816 0.01043 0)
(0.0344749 -0.010294 0)
(0.0348082 -0.0312412 0)
(0.0608229 -0.0593127 0)
(0.0948991 -0.0907258 0)
(0.111445 -0.117567 0)
(0.102791 -0.152217 0)
(0.0613479 -0.171631 0)
(0.00714659 -0.175271 0)
(-0.0187712 -0.17679 0)
(-0.0263252 -0.182892 0)
(-0.0349505 -0.177684 0)
(-0.0273163 -0.163818 0)
(-0.0051672 -0.134301 0)
(0.00303787 -0.10133 0)
(-0.00956495 -0.070252 0)
(-0.0314867 -0.034977 0)
(-0.046372 0.00544277 0)
(-0.044521 0.0510498 0)
(-0.0349923 0.102315 0)
(-0.0266243 0.14386 0)
(-0.0135783 0.177926 0)
(0.00688993 0.200893 0)
(0.0141701 0.221685 0)
(0.00654418 0.235553 0)
(0.00568609 0.240209 0)
(-0.000640293 0.230906 0)
(-0.0243826 0.208145 0)
(-0.0528068 0.17418 0)
(-0.0717511 0.134734 0)
(-0.0618038 0.0857871 0)
(-0.0282556 0.0295743 0)
(-0.00102744 -0.0143619 0)
(0.00667443 -0.0359268 0)
(0.0132169 -0.0576598 0)
(0.00579609 -0.0760281 0)
(0.00360155 -0.0939287 0)
(0.0207296 -0.106949 0)
(0.0434053 -0.115779 0)
(0.0549161 -0.118707 0)
(0.0566882 -0.118238 0)
(0.0496776 -0.13151 0)
(0.0341524 -0.137816 0)
(0.0140024 -0.127228 0)
(-0.00378512 -0.101587 0)
(-0.0125777 -0.0722411 0)
(-0.00952217 -0.046015 0)
(-0.0103407 -0.00867713 0)
(-0.0165752 0.0255818 0)
(-0.00809222 0.0527784 0)
(0.00211593 0.0780883 0)
(-0.0099 0.0931312 0)
(-0.0419521 0.0959314 0)
(-0.0878261 0.0988603 0)
(-0.127969 0.102976 0)
(-0.139494 0.103814 0)
(-0.131063 0.103461 0)
(-0.0968686 0.101526 0)
(-0.0505021 0.106997 0)
(0.00252067 0.117324 0)
(0.071107 0.109029 0)
(0.133584 0.102655 0)
(0.180544 0.0961684 0)
(0.208974 0.077086 0)
(0.205705 0.0535478 0)
(0.163946 0.0431881 0)
(0.0951732 0.0268813 0)
(0.0124731 -0.00433051 0)
(-0.0645934 -0.0345029 0)
(-0.112393 -0.0693636 0)
(-0.139532 -0.0932947 0)
(-0.165652 -0.110739 0)
(-0.184278 -0.131072 0)
(-0.181014 -0.143517 0)
(-0.162135 -0.142857 0)
(-0.138466 -0.129265 0)
(-0.103016 -0.119277 0)
(-0.0477199 -0.106523 0)
(0.0187758 -0.0782743 0)
(0.0729201 -0.0507134 0)
(0.103134 -0.0336775 0)
(0.115651 -0.0103141 0)
(0.133354 0.0226915 0)
(0.140541 0.0578435 0)
(0.116084 0.0936531 0)
(0.0744939 0.130162 0)
(0.0254927 0.156886 0)
(-0.0171462 0.168771 0)
(-0.0453728 0.16431 0)
(-0.0636236 0.149851 0)
(-0.0704529 0.131892 0)
(-0.0685987 0.120239 0)
(-0.0560163 0.104403 0)
(-0.0181956 0.0837442 0)
(0.0310413 0.0785643 0)
(0.0633101 0.0678812 0)
(0.0605581 0.0466246 0)
(0.0430106 0.0339095 0)
(0.0370552 0.0329408 0)
(0.0374451 0.0308969 0)
(0.0340919 0.0146522 0)
(0.024176 -0.00835405 0)
(0.0226495 -0.0243417 0)
(0.0408306 -0.0496372 0)
(0.0728077 -0.0919139 0)
(0.0901086 -0.120987 0)
(0.0839629 -0.149024 0)
(0.0510725 -0.170113 0)
(0.00326313 -0.179799 0)
(-0.022527 -0.18197 0)
(-0.0311093 -0.185327 0)
(-0.0342951 -0.185283 0)
(-0.016184 -0.174047 0)
(0.0129675 -0.153438 0)
(0.023715 -0.124283 0)
(0.0116491 -0.0873734 0)
(-0.00959696 -0.0477939 0)
(-0.0205422 -0.00868713 0)
(-0.0151256 0.0324895 0)
(-0.00664587 0.0794242 0)
(-0.00376756 0.117145 0)
(0.00446237 0.147079 0)
(0.0229025 0.171915 0)
(0.0284727 0.188548 0)
(0.0176495 0.198123 0)
(0.0101789 0.207134 0)
(-0.00156904 0.192269 0)
(-0.0278967 0.171489 0)
(-0.0589531 0.144896 0)
(-0.0777018 0.118233 0)
(-0.07021 0.0790734 0)
(-0.0333835 0.0260541 0)
(0.000382913 -0.0161693 0)
(0.00872716 -0.0306928 0)
(0.011402 -0.044477 0)
(0.0016189 -0.0616311 0)
(0.000806407 -0.0763432 0)
(0.0159999 -0.080847 0)
(0.0382577 -0.0955254 0)
(0.0578525 -0.113694 0)
(0.0574748 -0.123233 0)
(0.0420664 -0.132256 0)
(0.033775 -0.132133 0)
(0.0285421 -0.11504 0)
(0.0179883 -0.0819973 0)
(0.00656029 -0.0508304 0)
(0.00630606 -0.0258037 0)
(0.00551081 -0.00777302 0)
(0.00046724 0.0105518 0)
(0.0109558 0.0336882 0)
(0.016696 0.0661499 0)
(-0.0049328 0.0823503 0)
(-0.0445446 0.087236 0)
(-0.0938418 0.0741305 0)
(-0.130539 0.0695221 0)
(-0.137548 0.0773072 0)
(-0.126476 0.089381 0)
(-0.093612 0.10434 0)
(-0.0453571 0.108194 0)
(0.0048323 0.116816 0)
(0.0676053 0.107975 0)
(0.13045 0.0981256 0)
(0.175591 0.0883328 0)
(0.198735 0.078491 0)
(0.196272 0.0576455 0)
(0.157437 0.0387038 0)
(0.0826851 0.0133804 0)
(-0.00593871 -0.0182009 0)
(-0.0860236 -0.0482638 0)
(-0.12947 -0.0742069 0)
(-0.149994 -0.09279 0)
(-0.173995 -0.104373 0)
(-0.191796 -0.110299 0)
(-0.186832 -0.118487 0)
(-0.15923 -0.125694 0)
(-0.128275 -0.116673 0)
(-0.0915592 -0.0999241 0)
(-0.0294117 -0.0767131 0)
(0.0402758 -0.0429888 0)
(0.0867666 -0.016511 0)
(0.115328 -0.00147305 0)
(0.133546 0.0192865 0)
(0.152502 0.0496741 0)
(0.162734 0.079275 0)
(0.142759 0.113594 0)
(0.0944644 0.150682 0)
(0.0348026 0.171149 0)
(-0.0159821 0.181373 0)
(-0.0541747 0.178324 0)
(-0.0784235 0.158864 0)
(-0.0830708 0.135835 0)
(-0.0795752 0.115928 0)
(-0.069352 0.10172 0)
(-0.0270439 0.0892101 0)
(0.0248344 0.0802572 0)
(0.0490523 0.0677314 0)
(0.0487709 0.0463239 0)
(0.0421577 0.0380477 0)
(0.0392766 0.0345281 0)
(0.0340976 0.0357452 0)
(0.0208975 0.0255975 0)
(0.0107269 0.000798399 0)
(0.00913478 -0.0214419 0)
(0.0153534 -0.0483514 0)
(0.0459686 -0.0872392 0)
(0.0720936 -0.119747 0)
(0.06823 -0.144151 0)
(0.0390352 -0.16586 0)
(-0.002635 -0.173224 0)
(-0.0253726 -0.17772 0)
(-0.0328145 -0.182462 0)
(-0.0322071 -0.187383 0)
(-0.0108585 -0.175963 0)
(0.0232303 -0.164186 0)
(0.0424435 -0.140827 0)
(0.0368725 -0.100482 0)
(0.0163572 -0.0593139 0)
(0.00293305 -0.0186714 0)
(0.011378 0.0184522 0)
(0.0197932 0.0550269 0)
(0.017696 0.0879245 0)
(0.0239149 0.113872 0)
(0.0378564 0.137014 0)
(0.0377693 0.149195 0)
(0.0289996 0.157795 0)
(0.015269 0.164196 0)
(-0.00716092 0.156669 0)
(-0.0329054 0.139781 0)
(-0.0580254 0.112944 0)
(-0.0772633 0.0944864 0)
(-0.0758827 0.0649066 0)
(-0.0380295 0.0235472 0)
(0.00485391 -0.012285 0)
(0.0151546 -0.0230344 0)
(0.0131672 -0.0378567 0)
(6.48176e-05 -0.0461442 0)
(0.0030858 -0.0577961 0)
(0.0168161 -0.0670049 0)
(0.0265485 -0.0790153 0)
(0.0393787 -0.0939366 0)
(0.0457856 -0.11459 0)
(0.0441073 -0.122844 0)
(0.0462909 -0.116715 0)
(0.049094 -0.0982229 0)
(0.040614 -0.0647099 0)
(0.0250776 -0.0307703 0)
(0.0178013 -0.00787069 0)
(0.0115537 0.00229117 0)
(0.00874409 0.010841 0)
(0.0274689 0.0307091 0)
(0.0326068 0.0454465 0)
(0.000532782 0.0561612 0)
(-0.052656 0.0567603 0)
(-0.104904 0.0479545 0)
(-0.128889 0.0532626 0)
(-0.127173 0.0652512 0)
(-0.112341 0.0776379 0)
(-0.0829523 0.0961376 0)
(-0.039944 0.105911 0)
(0.00504987 0.110744 0)
(0.0613007 0.105948 0)
(0.124205 0.0928236 0)
(0.172126 0.082548 0)
(0.193173 0.0728662 0)
(0.183715 0.0559872 0)
(0.138909 0.0315444 0)
(0.0608241 -0.00102007 0)
(-0.0256378 -0.035507 0)
(-0.0990793 -0.0612383 0)
(-0.139175 -0.0726903 0)
(-0.156666 -0.08452 0)
(-0.174515 -0.0907782 0)
(-0.191744 -0.0907516 0)
(-0.190526 -0.0890022 0)
(-0.160053 -0.0890602 0)
(-0.119743 -0.0833084 0)
(-0.0747216 -0.0695702 0)
(-0.00768001 -0.0470262 0)
(0.06061 -0.0180923 0)
(0.100531 0.0015253 0)
(0.126175 0.0252185 0)
(0.149718 0.0455107 0)
(0.173759 0.0733835 0)
(0.183759 0.102635 0)
(0.16481 0.134221 0)
(0.113115 0.157896 0)
(0.044522 0.171803 0)
(-0.0151628 0.180735 0)
(-0.0648823 0.180323 0)
(-0.0973985 0.164467 0)
(-0.10404 0.140563 0)
(-0.0951013 0.113773 0)
(-0.0764179 0.0924967 0)
(-0.0340321 0.0872979 0)
(0.0159017 0.0746253 0)
(0.0396961 0.0611947 0)
(0.0406942 0.0464302 0)
(0.0368372 0.0397458 0)
(0.0382864 0.0348374 0)
(0.0340934 0.0361206 0)
(0.011753 0.0301325 0)
(-0.00707046 0.0166032 0)
(-0.0103283 -0.0156029 0)
(-0.00473287 -0.0471789 0)
(0.02262 -0.0768 0)
(0.0499053 -0.10741 0)
(0.0508877 -0.131876 0)
(0.0295858 -0.155193 0)
(-0.00661405 -0.167474 0)
(-0.0315991 -0.171945 0)
(-0.0416534 -0.175134 0)
(-0.0341022 -0.175331 0)
(-0.00478787 -0.167291 0)
(0.0322054 -0.163015 0)
(0.0632291 -0.151331 0)
(0.0638054 -0.115491 0)
(0.0426702 -0.0740484 0)
(0.0290473 -0.0273594 0)
(0.0322202 0.00924589 0)
(0.038825 0.0277291 0)
(0.0356258 0.0519334 0)
(0.0389308 0.0781381 0)
(0.0500074 0.0952033 0)
(0.0481545 0.108805 0)
(0.036868 0.122739 0)
(0.0218667 0.124131 0)
(-0.00208773 0.120415 0)
(-0.0370218 0.110031 0)
(-0.062825 0.0865125 0)
(-0.0761381 0.0693335 0)
(-0.0765709 0.0475532 0)
(-0.0413548 0.0176276 0)
(0.00602761 -0.00489093 0)
(0.0141285 -0.0151209 0)
(0.0134463 -0.0285711 0)
(0.00185944 -0.0325277 0)
(-0.00303645 -0.0366374 0)
(0.00905275 -0.0547748 0)
(0.0247221 -0.073049 0)
(0.035946 -0.080973 0)
(0.0387678 -0.0942227 0)
(0.041617 -0.0966836 0)
(0.0517871 -0.0871657 0)
(0.0656836 -0.069074 0)
(0.0656553 -0.0437558 0)
(0.0457444 -0.0184083 0)
(0.0274683 0.0014227 0)
(0.0157175 0.0104495 0)
(0.0175395 0.0195545 0)
(0.0324415 0.0312124 0)
(0.0314553 0.0231269 0)
(-0.000419808 0.0250119 0)
(-0.0540852 0.0245533 0)
(-0.099468 0.029941 0)
(-0.120274 0.0432015 0)
(-0.121337 0.0593607 0)
(-0.104615 0.0705797 0)
(-0.0727174 0.0799886 0)
(-0.0335022 0.0908457 0)
(0.00699529 0.0976354 0)
(0.0575487 0.0998879 0)
(0.117265 0.0899984 0)
(0.165715 0.0798881 0)
(0.18462 0.0655284 0)
(0.171736 0.0459141 0)
(0.121599 0.0200509 0)
(0.0394841 -0.0149725 0)
(-0.0443019 -0.048523 0)
(-0.107834 -0.0662761 0)
(-0.141621 -0.0674151 0)
(-0.159034 -0.0681128 0)
(-0.175132 -0.0689218 0)
(-0.187919 -0.0705716 0)
(-0.183906 -0.0668565 0)
(-0.154223 -0.0548085 0)
(-0.113924 -0.0432882 0)
(-0.0655747 -0.032514 0)
(0.00713218 -0.0175007 0)
(0.0741603 0.000831223 0)
(0.116396 0.0217245 0)
(0.145153 0.048119 0)
(0.166236 0.0719028 0)
(0.191653 0.0963823 0)
(0.204562 0.118643 0)
(0.180499 0.142836 0)
(0.119279 0.151153 0)
(0.0489065 0.159296 0)
(-0.0122218 0.165852 0)
(-0.0683984 0.163707 0)
(-0.109621 0.15199 0)
(-0.121955 0.137101 0)
(-0.116127 0.113932 0)
(-0.0895925 0.0874761 0)
(-0.040503 0.0788866 0)
(0.00577893 0.0678609 0)
(0.0288955 0.053121 0)
(0.0339724 0.0406209 0)
(0.0349472 0.0378693 0)
(0.0381933 0.0379199 0)
(0.0324047 0.0338584 0)
(0.00840343 0.0239202 0)
(-0.0210554 0.0193003 0)
(-0.0360332 -0.00697352 0)
(-0.0281391 -0.0375559 0)
(0.00285057 -0.0596643 0)
(0.0323201 -0.0874142 0)
(0.0332668 -0.110945 0)
(0.0123831 -0.13549 0)
(-0.0161617 -0.15586 0)
(-0.0330092 -0.159765 0)
(-0.0381382 -0.156411 0)
(-0.0300997 -0.146606 0)
(-0.00623895 -0.150688 0)
(0.0298514 -0.154858 0)
(0.0717531 -0.148628 0)
(0.0877561 -0.127708 0)
(0.075179 -0.0910486 0)
(0.0584781 -0.0483991 0)
(0.046822 -0.0135217 0)
(0.0471459 -0.00139944 0)
(0.0521602 0.0124993 0)
(0.0549787 0.0383851 0)
(0.0619189 0.0584221 0)
(0.0622114 0.0727191 0)
(0.0475637 0.0851289 0)
(0.024385 0.0886937 0)
(-0.0027169 0.0823504 0)
(-0.0385333 0.074959 0)
(-0.0635896 0.067659 0)
(-0.0758186 0.0519259 0)
(-0.0772726 0.0345231 0)
(-0.0418731 0.0102359 0)
(0.00699113 -0.00781315 0)
(0.0156442 -0.0120175 0)
(0.0151851 -0.0126582 0)
(0.00584428 -0.0166855 0)
(-0.00419897 -0.0155164 0)
(-0.00308167 -0.0261503 0)
(0.0123234 -0.0517776 0)
(0.0273082 -0.0665351 0)
(0.0364415 -0.0743153 0)
(0.050425 -0.0689641 0)
(0.0668219 -0.0525805 0)
(0.0804975 -0.0333687 0)
(0.0767385 -0.0173869 0)
(0.0566664 -0.00770511 0)
(0.0369895 0.00208455 0)
(0.0225486 0.0102066 0)
(0.0214586 0.0221532 0)
(0.0274213 0.0214027 0)
(0.0253485 0.00699413 0)
(-0.00103934 0.00108612 0)
(-0.0514661 0.00392793 0)
(-0.093328 0.0137866 0)
(-0.108981 0.0258797 0)
(-0.108249 0.0450392 0)
(-0.0977661 0.0581849 0)
(-0.0679527 0.0682848 0)
(-0.0261285 0.0784429 0)
(0.0133002 0.0876246 0)
(0.0580341 0.091189 0)
(0.112546 0.0831052 0)
(0.157796 0.0723846 0)
(0.17236 0.0540909 0)
(0.154816 0.0359956 0)
(0.098901 0.00828932 0)
(0.0152257 -0.0255974 0)
(-0.0586394 -0.0479709 0)
(-0.108509 -0.0581013 0)
(-0.136468 -0.0562672 0)
(-0.154243 -0.0511729 0)
(-0.17341 -0.0461408 0)
(-0.187988 -0.0482945 0)
(-0.177394 -0.045763 0)
(-0.141863 -0.0298679 0)
(-0.103129 -0.015356 0)
(-0.0561137 0.000838993 0)
(0.0159903 0.0191808 0)
(0.0881967 0.0273446 0)
(0.133729 0.046771 0)
(0.161267 0.0657741 0)
(0.183249 0.0933021 0)
(0.206087 0.113211 0)
(0.215853 0.126168 0)
(0.186676 0.13099 0)
(0.123246 0.137264 0)
(0.053457 0.148862 0)
(-0.0136659 0.151108 0)
(-0.0766695 0.141629 0)
(-0.118383 0.131898 0)
(-0.133252 0.119415 0)
(-0.13261 0.0969556 0)
(-0.102989 0.078915 0)
(-0.0490373 0.0653522 0)
(-0.00341119 0.0530463 0)
(0.0195001 0.0434536 0)
(0.0294931 0.0361474 0)
(0.0350168 0.036351 0)
(0.0356226 0.0358963 0)
(0.0241677 0.0276857 0)
(0.0014591 0.0190108 0)
(-0.0293779 0.0109647 0)
(-0.0517766 -0.00419701 0)
(-0.0432231 -0.0213527 0)
(-0.0139516 -0.0314182 0)
(0.0120593 -0.055988 0)
(0.0151014 -0.0833053 0)
(-0.00424057 -0.106555 0)
(-0.0256921 -0.127658 0)
(-0.0337159 -0.135173 0)
(-0.0342078 -0.13908 0)
(-0.0326541 -0.133899 0)
(-0.0141234 -0.139692 0)
(0.0300049 -0.142914 0)
(0.0791344 -0.137958 0)
(0.101893 -0.125497 0)
(0.0967392 -0.10126 0)
(0.0820479 -0.0717518 0)
(0.0632879 -0.0427641 0)
(0.0552789 -0.0291737 0)
(0.0633266 -0.020024 0)
(0.0725942 -0.000710245 0)
(0.0769223 0.0234692 0)
(0.0715534 0.0370991 0)
(0.0547826 0.0398301 0)
(0.0287111 0.0490421 0)
(-0.000268052 0.0499989 0)
(-0.032559 0.0436014 0)
(-0.0608374 0.0456944 0)
(-0.0776419 0.0359434 0)
(-0.0802633 0.0201864 0)
(-0.0432933 0.00283814 0)
(0.0108061 -0.00774169 0)
(0.0244013 -0.00623901 0)
(0.0206239 -0.00261437 0)
(0.00802414 -0.00567034 0)
(-0.00358148 -0.00503752 0)
(-0.0127086 -0.00819741 0)
(-0.00132306 -0.0213215 0)
(0.0219859 -0.0359293 0)
(0.0387352 -0.0388652 0)
(0.0586458 -0.0283645 0)
(0.0784293 -0.0172265 0)
(0.0915579 -0.00713494 0)
(0.0841361 -0.000951869 0)
(0.059356 0.00499477 0)
(0.0396749 0.00822257 0)
(0.0293025 0.00812982 0)
(0.024441 0.00838585 0)
(0.019854 0.00749456 0)
(0.015019 0.000752661 0)
(-0.00416814 -0.00858614 0)
(-0.0461691 -0.00973428 0)
(-0.0846045 5.74906e-05 0)
(-0.0983482 0.0121077 0)
(-0.0983358 0.0267473 0)
(-0.0878999 0.041729 0)
(-0.0577579 0.057749 0)
(-0.0187271 0.0693951 0)
(0.0174434 0.0790421 0)
(0.0558305 0.0831444 0)
(0.105556 0.0710329 0)
(0.146968 0.0519159 0)
(0.160857 0.0322162 0)
(0.141373 0.0200039 0)
(0.0798418 -0.000917491 0)
(0.00175049 -0.0206544 0)
(-0.0645877 -0.0297609 0)
(-0.110463 -0.0413818 0)
(-0.133314 -0.0428916 0)
(-0.148737 -0.0358712 0)
(-0.170604 -0.0293494 0)
(-0.185725 -0.027463 0)
(-0.168962 -0.0163345 0)
(-0.130988 -0.0014426 0)
(-0.0909587 0.0120309 0)
(-0.0402366 0.0294066 0)
(0.0261852 0.0523566 0)
(0.0937032 0.0570879 0)
(0.143677 0.0676654 0)
(0.178232 0.0843395 0)
(0.19989 0.108971 0)
(0.21456 0.120574 0)
(0.216386 0.125068 0)
(0.187453 0.117935 0)
(0.131277 0.119766 0)
(0.0580144 0.127749 0)
(-0.0185423 0.124631 0)
(-0.0834643 0.118709 0)
(-0.126846 0.112335 0)
(-0.148504 0.0923686 0)
(-0.146744 0.0678657 0)
(-0.113664 0.0574971 0)
(-0.060368 0.0500933 0)
(-0.0111894 0.0444634 0)
(0.0155727 0.0333568 0)
(0.0278181 0.0246978 0)
(0.0337974 0.02036 0)
(0.0308295 0.0196952 0)
(0.0189802 0.0231153 0)
(-0.00490377 0.0192312 0)
(-0.0391237 0.0133566 0)
(-0.0607826 0.00675666 0)
(-0.0491225 -0.0027504 0)
(-0.0235739 -0.00969033 0)
(-0.00679904 -0.0258912 0)
(-0.00492225 -0.0485358 0)
(-0.0213193 -0.0731403 0)
(-0.0384252 -0.0974042 0)
(-0.0428071 -0.11388 0)
(-0.0388222 -0.122147 0)
(-0.0324218 -0.121933 0)
(-0.0150007 -0.118431 0)
(0.0287521 -0.121489 0)
(0.0819961 -0.121156 0)
(0.112075 -0.115504 0)
(0.112057 -0.0998593 0)
(0.0990339 -0.0860969 0)
(0.0760481 -0.0718411 0)
(0.0623727 -0.0614937 0)
(0.0724104 -0.0502428 0)
(0.0873294 -0.0371661 0)
(0.0913718 -0.0166761 0)
(0.0773987 0.00117695 0)
(0.0612183 0.00842942 0)
(0.0386422 0.0139762 0)
(0.00213732 0.0186478 0)
(-0.0306371 0.0142718 0)
(-0.0558847 0.0183686 0)
(-0.0790334 0.0139074 0)
(-0.0842712 0.00213384 0)
(-0.0408692 -0.000511658 0)
(0.0132496 0.000656217 0)
(0.027941 0.00264066 0)
(0.0215305 0.00103197 0)
(0.00861963 -0.000770611 0)
(-0.00248427 0.00051582 0)
(-0.0122686 0.00656945 0)
(-0.00592171 0.00863628 0)
(0.0160368 0.00149612 0)
(0.0432214 0.000957057 0)
(0.0672334 0.00672431 0)
(0.0830838 0.0115922 0)
(0.092927 0.0177491 0)
(0.0859709 0.0169411 0)
(0.0636009 0.0169537 0)
(0.039371 0.0190168 0)
(0.0226379 0.0123273 0)
(0.0208559 -0.00355731 0)
(0.0215721 -0.008584 0)
(0.0131963 -0.0128365 0)
(-0.00915284 -0.0221067 0)
(-0.0455605 -0.022244 0)
(-0.0777284 -0.00965398 0)
(-0.0897825 0.00138192 0)
(-0.0868071 0.0118998 0)
(-0.0751665 0.0256916 0)
(-0.047607 0.0420525 0)
(-0.0102185 0.057098 0)
(0.0239564 0.0665121 0)
(0.0530154 0.0717865 0)
(0.0907938 0.0615891 0)
(0.130803 0.0373913 0)
(0.150761 0.0139454 0)
(0.132597 0.00146461 0)
(0.0713691 -0.0143372 0)
(-0.00347148 -0.0197518 0)
(-0.0713067 -0.0210788 0)
(-0.11562 -0.0250563 0)
(-0.129994 -0.0234745 0)
(-0.14207 -0.0195874 0)
(-0.165289 -0.0134234 0)
(-0.176809 -0.00321001 0)
(-0.157013 0.0154444 0)
(-0.120127 0.0244333 0)
(-0.0799205 0.0371795 0)
(-0.0262561 0.0552578 0)
(0.0362807 0.0741417 0)
(0.0991796 0.0841761 0)
(0.153348 0.0902663 0)
(0.191137 0.103369 0)
(0.209366 0.116116 0)
(0.21742 0.123734 0)
(0.213462 0.119816 0)
(0.182394 0.106824 0)
(0.130144 0.101608 0)
(0.056764 0.102941 0)
(-0.0205682 0.10274 0)
(-0.0859912 0.0981847 0)
(-0.138104 0.0780663 0)
(-0.166426 0.0541682 0)
(-0.158897 0.038641 0)
(-0.116914 0.0336376 0)
(-0.0597207 0.0343744 0)
(-0.0170787 0.0256897 0)
(0.00334028 0.0111528 0)
(0.0180583 0.00714366 0)
(0.0292383 0.00418037 0)
(0.0353725 0.00563247 0)
(0.0214335 0.0123771 0)
(-0.00815898 0.0169645 0)
(-0.0409715 0.020092 0)
(-0.065952 0.0235334 0)
(-0.057501 0.0135964 0)
(-0.0329603 0.00860461 0)
(-0.0182809 -2.26341e-05 0)
(-0.0211982 -0.0143701 0)
(-0.0415276 -0.0413944 0)
(-0.0568331 -0.0630232 0)
(-0.0529732 -0.0824769 0)
(-0.0411255 -0.0922478 0)
(-0.0309025 -0.102092 0)
(-0.0148058 -0.0994316 0)
(0.0269388 -0.0984396 0)
(0.0824177 -0.0934682 0)
(0.116405 -0.0961957 0)
(0.11724 -0.100273 0)
(0.101639 -0.0971446 0)
(0.0805911 -0.0970814 0)
(0.0707278 -0.0897872 0)
(0.0812826 -0.0779537 0)
(0.0979936 -0.0685213 0)
(0.106629 -0.0543282 0)
(0.0924523 -0.035976 0)
(0.067667 -0.0173775 0)
(0.0408065 -0.0212038 0)
(0.00566838 -0.0244248 0)
(-0.0259446 -0.0210712 0)
(-0.0533206 -0.0106021 0)
(-0.081141 -0.00772459 0)
(-0.0824857 -0.00163563 0)
(-0.0381868 0.00113874 0)
(0.0122964 0.00736214 0)
(0.0249703 0.00742802 0)
(0.0186966 0.00454998 0)
(0.00828461 0.00670115 0)
(0.00244071 0.0118163 0)
(-0.00614369 0.023394 0)
(-0.00447678 0.0311911 0)
(0.0169275 0.034342 0)
(0.0432128 0.0367004 0)
(0.0671745 0.0378031 0)
(0.0873408 0.0394195 0)
(0.0963995 0.0403183 0)
(0.0845553 0.0356246 0)
(0.061959 0.0258526 0)
(0.0373876 0.0202176 0)
(0.0138132 0.0104861 0)
(0.0101234 -0.00881386 0)
(0.013995 -0.0261318 0)
(0.00590841 -0.034095 0)
(-0.0104106 -0.0362658 0)
(-0.0365094 -0.0322695 0)
(-0.0669005 -0.0172889 0)
(-0.0823249 -0.00935017 0)
(-0.0804154 -0.000434643 0)
(-0.065773 0.0132557 0)
(-0.03475 0.0300011 0)
(-0.000812958 0.0373552 0)
(0.0282444 0.0374894 0)
(0.0523386 0.0416445 0)
(0.0805694 0.041181 0)
(0.112456 0.020527 0)
(0.135199 0.0064651 0)
(0.121581 -0.00229192 0)
(0.0654775 -0.0167338 0)
(-0.00177198 -0.0219373 0)
(-0.0669056 -0.0211464 0)
(-0.110558 -0.013917 0)
(-0.127614 -0.00578713 0)
(-0.139727 -0.00450589 0)
(-0.157067 0.00205636 0)
(-0.163181 0.0238263 0)
(-0.147532 0.0472155 0)
(-0.114133 0.0544357 0)
(-0.067647 0.0621164 0)
(-0.0126161 0.0781823 0)
(0.0477256 0.0915045 0)
(0.105721 0.103718 0)
(0.157893 0.113409 0)
(0.197341 0.114408 0)
(0.215014 0.11706 0)
(0.217515 0.123698 0)
(0.204291 0.113352 0)
(0.174504 0.0927442 0)
(0.128938 0.0804365 0)
(0.0593948 0.07715 0)
(-0.0215246 0.0798205 0)
(-0.101202 0.0691257 0)
(-0.159 0.0384745 0)
(-0.177564 0.0202262 0)
(-0.162273 0.0202781 0)
(-0.117665 0.0180818 0)
(-0.0675581 0.00759239 0)
(-0.0301189 -0.00763333 0)
(-0.000427254 -0.0159991 0)
(0.0198498 -0.0128005 0)
(0.0294258 -0.0061256 0)
(0.0332642 0.000842137 0)
(0.0234978 0.00181337 0)
(-0.00314272 0.012656 0)
(-0.0381695 0.0181925 0)
(-0.0692685 0.0274159 0)
(-0.0635249 0.0328789 0)
(-0.0366312 0.0360508 0)
(-0.0262829 0.0310021 0)
(-0.0374416 0.0118396 0)
(-0.0586942 -0.0175004 0)
(-0.0697588 -0.0243879 0)
(-0.0649964 -0.0368493 0)
(-0.0535889 -0.0549017 0)
(-0.0377706 -0.070166 0)
(-0.0121858 -0.0726588 0)
(0.0333883 -0.07063 0)
(0.08396 -0.071621 0)
(0.10741 -0.0832292 0)
(0.11171 -0.0990857 0)
(0.101755 -0.103358 0)
(0.0818925 -0.108155 0)
(0.0769875 -0.107068 0)
(0.0887805 -0.103285 0)
(0.105688 -0.0928528 0)
(0.116604 -0.0857021 0)
(0.10623 -0.0716101 0)
(0.0741126 -0.0593723 0)
(0.035828 -0.0593876 0)
(0.00483746 -0.0634219 0)
(-0.0178223 -0.0548695 0)
(-0.0436698 -0.0414292 0)
(-0.0707208 -0.0277138 0)
(-0.0772452 -0.009679 0)
(-0.0414424 -0.00205065 0)
(0.00862113 0.00677424 0)
(0.0184403 0.0136929 0)
(0.0163552 0.0173733 0)
(0.0107262 0.0238642 0)
(0.00747667 0.0263638 0)
(0.000372322 0.0365718 0)
(0.00112074 0.0443129 0)
(0.0196183 0.0524986 0)
(0.0457997 0.0612849 0)
(0.069742 0.0669047 0)
(0.085888 0.0696256 0)
(0.0914959 0.0634104 0)
(0.077042 0.0499194 0)
(0.0542567 0.0334371 0)
(0.0302486 0.0154338 0)
(0.003566 -0.00164407 0)
(-0.0037926 -0.0150843 0)
(0.00516786 -0.0373154 0)
(0.00775316 -0.0479711 0)
(-0.00605029 -0.0453582 0)
(-0.0301498 -0.0449411 0)
(-0.0597586 -0.0354924 0)
(-0.0766284 -0.026723 0)
(-0.069776 -0.0152365 0)
(-0.0527058 0.000222177 0)
(-0.0300892 0.0101054 0)
(-0.0051381 0.00692273 0)
(0.0265355 0.00677413 0)
(0.0550888 0.0100589 0)
(0.0746444 0.0146334 0)
(0.104755 0.00367793 0)
(0.133631 0.00424788 0)
(0.115411 -0.00563876 0)
(0.0570502 -0.0129863 0)
(-0.00633049 -0.0143011 0)
(-0.0647832 -0.0156547 0)
(-0.103499 -0.00927725 0)
(-0.1221 0.00335609 0)
(-0.135244 0.0150976 0)
(-0.143377 0.0216268 0)
(-0.142559 0.0438309 0)
(-0.133538 0.066956 0)
(-0.108305 0.0784544 0)
(-0.0617044 0.0895116 0)
(-0.00398966 0.099597 0)
(0.0556472 0.107567 0)
(0.115852 0.110718 0)
(0.161803 0.122809 0)
(0.194499 0.121827 0)
(0.217002 0.11981 0)
(0.215656 0.116796 0)
(0.19183 0.103042 0)
(0.159467 0.0850997 0)
(0.120052 0.064541 0)
(0.0577109 0.0446584 0)
(-0.0251422 0.0298007 0)
(-0.115256 0.0147472 0)
(-0.173239 0.002653 0)
(-0.179428 0.00180759 0)
(-0.160658 0.00610995 0)
(-0.127087 -0.000605817 0)
(-0.0802071 -0.0225655 0)
(-0.0367744 -0.0332472 0)
(-0.00357581 -0.0391102 0)
(0.0214806 -0.0354165 0)
(0.0348014 -0.0248746 0)
(0.0362414 -0.0095036 0)
(0.0248154 -0.00163333 0)
(-0.00156852 0.0116224 0)
(-0.0355202 0.0206053 0)
(-0.0603053 0.0323491 0)
(-0.0558715 0.0510163 0)
(-0.038472 0.060585 0)
(-0.0395088 0.0557656 0)
(-0.0595062 0.0372913 0)
(-0.0699998 0.0163956 0)
(-0.0721 0.0109418 0)
(-0.0757103 0.00541861 0)
(-0.0652722 -0.00943184 0)
(-0.043068 -0.0194477 0)
(-0.01384 -0.0300917 0)
(0.029298 -0.0405982 0)
(0.0749194 -0.0566445 0)
(0.098042 -0.0741585 0)
(0.104254 -0.0911627 0)
(0.096709 -0.106519 0)
(0.0794889 -0.118434 0)
(0.0758047 -0.119408 0)
(0.0930955 -0.122766 0)
(0.112143 -0.112771 0)
(0.123316 -0.107507 0)
(0.11269 -0.103593 0)
(0.0772646 -0.105117 0)
(0.038036 -0.100559 0)
(0.00857706 -0.0914901 0)
(-0.0111302 -0.0777359 0)
(-0.0361028 -0.0635704 0)
(-0.0625089 -0.0463736 0)
(-0.0708503 -0.0253757 0)
(-0.0391407 -0.00792709 0)
(0.0102857 0.00572667 0)
(0.0204598 0.0150204 0)
(0.017064 0.0270319 0)
(0.00804377 0.0369397 0)
(0.00665019 0.0379326 0)
(0.00331012 0.0535647 0)
(0.00467546 0.0648595 0)
(0.0278997 0.0758123 0)
(0.0532544 0.0826854 0)
(0.0736341 0.0866677 0)
(0.085899 0.0901061 0)
(0.0837506 0.082085 0)
(0.0649669 0.0629926 0)
(0.0395408 0.0382278 0)
(0.0148824 0.0178193 0)
(-0.00513336 0.000868276 0)
(-0.0125597 -0.0198132 0)
(-0.00673431 -0.0448771 0)
(0.00321801 -0.0629611 0)
(-0.00530651 -0.0663602 0)
(-0.0268239 -0.0627328 0)
(-0.0515925 -0.0568962 0)
(-0.0660849 -0.042762 0)
(-0.0598429 -0.0311415 0)
(-0.0469553 -0.0217642 0)
(-0.0301754 -0.0173639 0)
(-0.00408264 -0.0193465 0)
(0.0293558 -0.0133202 0)
(0.0566617 -0.0152131 0)
(0.0742858 -0.00979693 0)
(0.103219 -0.00111098 0)
(0.12686 -0.00108214 0)
(0.107633 -0.0145278 0)
(0.0581217 -0.0208023 0)
(-0.00438732 -0.012142 0)
(-0.0635201 -0.0070746 0)
(-0.0965618 -0.000819048 0)
(-0.109388 0.012869 0)
(-0.125762 0.0277378 0)
(-0.135245 0.0386622 0)
(-0.129054 0.062815 0)
(-0.121226 0.0855 0)
(-0.0966866 0.0954555 0)
(-0.0512437 0.107635 0)
(0.00151606 0.10996 0)
(0.056782 0.110684 0)
(0.117872 0.114612 0)
(0.16712 0.120173 0)
(0.196364 0.125789 0)
(0.212757 0.121515 0)
(0.206871 0.108693 0)
(0.182912 0.0918706 0)
(0.14833 0.0711117 0)
(0.101475 0.0421349 0)
(0.0361553 0.0088964 0)
(-0.0413185 -0.0175029 0)
(-0.119228 -0.0331707 0)
(-0.167016 -0.023429 0)
(-0.174133 -0.016943 0)
(-0.163929 -0.0201714 0)
(-0.139537 -0.031996 0)
(-0.0933498 -0.0476829 0)
(-0.0451296 -0.0577478 0)
(-0.00591842 -0.0612486 0)
(0.025434 -0.0476838 0)
(0.042732 -0.0317069 0)
(0.0439193 -0.0180541 0)
(0.0321347 -0.0103251 0)
(0.00610626 0.00493086 0)
(-0.0299642 0.0219826 0)
(-0.0536013 0.0422942 0)
(-0.0488618 0.0642664 0)
(-0.0384238 0.0734478 0)
(-0.047712 0.0703869 0)
(-0.0695962 0.067983 0)
(-0.0801289 0.0659814 0)
(-0.0787543 0.0526603 0)
(-0.0798303 0.0435192 0)
(-0.0707675 0.0331346 0)
(-0.0510461 0.0254095 0)
(-0.025185 0.00759207 0)
(0.0168693 -0.0133755 0)
(0.0625567 -0.0373247 0)
(0.0853976 -0.0578205 0)
(0.0912258 -0.0823338 0)
(0.0848242 -0.100801 0)
(0.0752418 -0.117678 0)
(0.0762471 -0.126216 0)
(0.0956495 -0.132688 0)
(0.118369 -0.126364 0)
(0.124205 -0.121718 0)
(0.108122 -0.130039 0)
(0.0756048 -0.138047 0)
(0.0440116 -0.134311 0)
(0.0183638 -0.119679 0)
(-0.00241542 -0.102379 0)
(-0.0282018 -0.0829501 0)
(-0.0534831 -0.0617758 0)
(-0.0640499 -0.0358152 0)
(-0.0374727 -0.0125402 0)
(0.00646151 0.0115989 0)
(0.0177773 0.0185333 0)
(0.0193952 0.0278139 0)
(0.00856886 0.0373979 0)
(0.0119228 0.0551973 0)
(0.0144 0.0736707 0)
(0.0134428 0.0890442 0)
(0.0302326 0.102664 0)
(0.0526889 0.103443 0)
(0.0753853 0.104646 0)
(0.0838666 0.102664 0)
(0.0739389 0.0914534 0)
(0.0480544 0.0700885 0)
(0.0250093 0.044439 0)
(0.00726198 0.0258911 0)
(-0.0193112 0.00203925 0)
(-0.032534 -0.0291954 0)
(-0.0217653 -0.0549496 0)
(-0.00354011 -0.0707556 0)
(-0.00183707 -0.0799661 0)
(-0.0197453 -0.0768031 0)
(-0.0423407 -0.0724034 0)
(-0.0557496 -0.0660014 0)
(-0.0532308 -0.0565804 0)
(-0.04231 -0.0453535 0)
(-0.0288501 -0.037899 0)
(-0.00342979 -0.0384908 0)
(0.0276994 -0.0361108 0)
(0.0553416 -0.038845 0)
(0.0823833 -0.0309526 0)
(0.10842 -0.00916243 0)
(0.121085 -0.00783961 0)
(0.098447 -0.0168324 0)
(0.0566815 -0.0258985 0)
(0.00206506 -0.02051 0)
(-0.0576908 -0.00823911 0)
(-0.0896032 0.00694783 0)
(-0.101439 0.0185024 0)
(-0.116241 0.0286221 0)
(-0.117242 0.0506813 0)
(-0.107542 0.0807052 0)
(-0.108791 0.100497 0)
(-0.0911628 0.108385 0)
(-0.0500821 0.11301 0)
(-0.000705101 0.113231 0)
(0.0602136 0.111858 0)
(0.12412 0.119588 0)
(0.171514 0.119135 0)
(0.197239 0.120193 0)
(0.206498 0.111723 0)
(0.196267 0.0986117 0)
(0.166943 0.0745462 0)
(0.125931 0.0437658 0)
(0.0775345 0.00762534 0)
(0.0171428 -0.0263822 0)
(-0.052915 -0.0447308 0)
(-0.116787 -0.0536944 0)
(-0.159037 -0.0449616 0)
(-0.175546 -0.0457615 0)
(-0.171232 -0.0567081 0)
(-0.147992 -0.0696305 0)
(-0.101119 -0.0743834 0)
(-0.0500942 -0.0795986 0)
(-0.000886275 -0.0784176 0)
(0.037207 -0.0610313 0)
(0.049465 -0.0424979 0)
(0.0439423 -0.0300504 0)
(0.0330876 -0.0208311 0)
(0.0132857 -0.005964 0)
(-0.0168637 0.0174759 0)
(-0.0375877 0.0494999 0)
(-0.0405603 0.0803996 0)
(-0.0405015 0.0906982 0)
(-0.0487652 0.0915125 0)
(-0.0665409 0.0965317 0)
(-0.0835475 0.104991 0)
(-0.0893901 0.0973718 0)
(-0.0894133 0.0839733 0)
(-0.0766481 0.0701909 0)
(-0.0588161 0.0616845 0)
(-0.0384605 0.046329 0)
(0.000784218 0.0227756 0)
(0.0471133 -0.00764384 0)
(0.0699359 -0.0375417 0)
(0.0775279 -0.0689981 0)
(0.0752831 -0.091256 0)
(0.0648748 -0.10949 0)
(0.0682013 -0.123306 0)
(0.0956422 -0.128138 0)
(0.121955 -0.132257 0)
(0.121309 -0.13918 0)
(0.100158 -0.152925 0)
(0.072157 -0.162134 0)
(0.0478355 -0.157776 0)
(0.0261999 -0.141759 0)
(0.00731425 -0.125965 0)
(-0.0182596 -0.106901 0)
(-0.0443049 -0.0805131 0)
(-0.0569044 -0.0469728 0)
(-0.0336926 -0.0162766 0)
(0.00329111 0.0120458 0)
(0.0108597 0.0254527 0)
(0.0140805 0.0339702 0)
(0.0149615 0.0457496 0)
(0.02311 0.0744966 0)
(0.0205462 0.0914331 0)
(0.0205836 0.10653 0)
(0.0350865 0.116369 0)
(0.0531443 0.122386 0)
(0.0731728 0.122233 0)
(0.0778382 0.113095 0)
(0.0627983 0.0958947 0)
(0.0345617 0.0776989 0)
(0.0121453 0.055627 0)
(-0.0105047 0.0257589 0)
(-0.0394303 -0.00241915 0)
(-0.0481089 -0.0337827 0)
(-0.0310562 -0.0570003 0)
(-0.00930233 -0.0683226 0)
(-0.0044612 -0.0826665 0)
(-0.0167413 -0.0893462 0)
(-0.0400516 -0.0956075 0)
(-0.051889 -0.0992177 0)
(-0.0432059 -0.0903186 0)
(-0.0328916 -0.0727489 0)
(-0.025896 -0.0614613 0)
(-0.00453979 -0.059145 0)
(0.0264596 -0.0599241 0)
(0.0571428 -0.0525549 0)
(0.0923454 -0.0417606 0)
(0.116233 -0.025313 0)
(0.117263 -0.0255546 0)
(0.0906353 -0.0287975 0)
(0.0521131 -0.0291795 0)
(0.00583233 -0.0230923 0)
(-0.0454886 -0.00785698 0)
(-0.0784359 0.0128605 0)
(-0.094398 0.0276697 0)
(-0.102519 0.0359187 0)
(-0.0969193 0.0587902 0)
(-0.092033 0.0838965 0)
(-0.100201 0.0990611 0)
(-0.086598 0.107897 0)
(-0.0466205 0.112974 0)
(0.00188614 0.117849 0)
(0.0628472 0.120365 0)
(0.12483 0.119376 0)
(0.169457 0.107822 0)
(0.193165 0.106039 0)
(0.199562 0.098157 0)
(0.18267 0.0827271 0)
(0.146174 0.0488427 0)
(0.103107 0.0132582 0)
(0.0541549 -0.0250716 0)
(0.00201595 -0.0519664 0)
(-0.0571707 -0.067131 0)
(-0.115559 -0.0736158 0)
(-0.158021 -0.0729891 0)
(-0.180572 -0.0779589 0)
(-0.180513 -0.0924333 0)
(-0.153029 -0.101859 0)
(-0.102805 -0.0983711 0)
(-0.0519427 -0.0963101 0)
(0.00216531 -0.0939018 0)
(0.0446518 -0.0824208 0)
(0.0568888 -0.0658716 0)
(0.0500854 -0.0489198 0)
(0.0393038 -0.0271428 0)
(0.023379 -0.0113477 0)
(2.58966e-05 0.0163283 0)
(-0.0175681 0.0515309 0)
(-0.0278189 0.0862201 0)
(-0.03815 0.108907 0)
(-0.0496798 0.12057 0)
(-0.0641096 0.126219 0)
(-0.0820099 0.134717 0)
(-0.0947891 0.13098 0)
(-0.0985782 0.121056 0)
(-0.0842782 0.107241 0)
(-0.0643176 0.0940935 0)
(-0.0484171 0.0814399 0)
(-0.016658 0.0588779 0)
(0.0248131 0.0275379 0)
(0.0470153 -0.0138121 0)
(0.0582814 -0.0464272 0)
(0.0611484 -0.0752203 0)
(0.057078 -0.0988287 0)
(0.0670296 -0.110324 0)
(0.0924607 -0.116248 0)
(0.112357 -0.134223 0)
(0.109638 -0.14966 0)
(0.0901774 -0.163317 0)
(0.0690043 -0.173902 0)
(0.0536374 -0.174286 0)
(0.0335977 -0.163216 0)
(0.0116158 -0.14719 0)
(-0.0106781 -0.125143 0)
(-0.030745 -0.0902917 0)
(-0.0451498 -0.0504238 0)
(-0.0290166 -0.0144715 0)
(0.0023695 0.0114698 0)
(0.00878127 0.030936 0)
(0.0142458 0.0461829 0)
(0.0224483 0.0635967 0)
(0.0331105 0.0824401 0)
(0.0285955 0.0968991 0)
(0.0251199 0.117219 0)
(0.0376807 0.127921 0)
(0.0550404 0.14063 0)
(0.0686722 0.134743 0)
(0.0665236 0.119474 0)
(0.0516397 0.101023 0)
(0.0236366 0.0820244 0)
(-0.0068084 0.0601064 0)
(-0.0281787 0.0206272 0)
(-0.055322 -0.0113968 0)
(-0.06471 -0.036842 0)
(-0.0393483 -0.0537034 0)
(-0.015048 -0.0682519 0)
(-0.0106548 -0.093475 0)
(-0.0235797 -0.111835 0)
(-0.0450736 -0.123157 0)
(-0.0486412 -0.112928 0)
(-0.0319535 -0.101786 0)
(-0.0207195 -0.0931891 0)
(-0.0198894 -0.0901927 0)
(-0.0046549 -0.0847383 0)
(0.0290477 -0.0790267 0)
(0.0642918 -0.0620968 0)
(0.0973833 -0.0521888 0)
(0.114989 -0.0486391 0)
(0.113172 -0.0494737 0)
(0.0907117 -0.0423527 0)
(0.0563232 -0.0313518 0)
(0.0138747 -0.0202859 0)
(-0.0343454 -0.00465758 0)
(-0.0657696 0.015227 0)
(-0.0860068 0.0309097 0)
(-0.094189 0.0401483 0)
(-0.0822018 0.0611336 0)
(-0.0776822 0.078517 0)
(-0.0905098 0.0890781 0)
(-0.08 0.102217 0)
(-0.041593 0.111425 0)
(0.00611341 0.117199 0)
(0.0629462 0.118951 0)
(0.116786 0.109099 0)
(0.16396 0.0917357 0)
(0.192845 0.0906536 0)
(0.192617 0.0837355 0)
(0.16387 0.0582006 0)
(0.120328 0.0208465 0)
(0.0765794 -0.0156342 0)
(0.0349599 -0.0507604 0)
(-0.00822886 -0.0670545 0)
(-0.0633899 -0.084943 0)
(-0.11609 -0.100229 0)
(-0.158021 -0.105303 0)
(-0.186788 -0.112261 0)
(-0.187245 -0.122175 0)
(-0.152582 -0.127399 0)
(-0.0992646 -0.121001 0)
(-0.0511565 -0.114397 0)
(0.00284657 -0.11072 0)
(0.0493194 -0.103412 0)
(0.0638184 -0.0805414 0)
(0.0607113 -0.0573554 0)
(0.0480302 -0.0336374 0)
(0.0321165 -0.0202695 0)
(0.0163557 0.0108692 0)
(0.00147738 0.0499421 0)
(-0.00947525 0.0887749 0)
(-0.0246651 0.123412 0)
(-0.0434166 0.14899 0)
(-0.061241 0.159221 0)
(-0.0827594 0.161511 0)
(-0.0997698 0.157738 0)
(-0.10495 0.14692 0)
(-0.0925256 0.140229 0)
(-0.0721146 0.126814 0)
(-0.0573235 0.11183 0)
(-0.0308662 0.0909658 0)
(0.00218076 0.0598331 0)
(0.024187 0.0168222 0)
(0.0407487 -0.0145383 0)
(0.044516 -0.0490326 0)
(0.0459092 -0.0789245 0)
(0.0610522 -0.0961184 0)
(0.0822988 -0.111914 0)
(0.0999586 -0.134427 0)
(0.100599 -0.147277 0)
(0.0808727 -0.15806 0)
(0.0601832 -0.171786 0)
(0.0489442 -0.180875 0)
(0.0360122 -0.183693 0)
(0.0211338 -0.164077 0)
(0.00440826 -0.132516 0)
(-0.0147124 -0.0927045 0)
(-0.0340969 -0.0492856 0)
(-0.0280803 -0.0136382 0)
(0.00232873 0.0148742 0)
(0.00848716 0.0343102 0)
(0.0152844 0.0504811 0)
(0.0233451 0.0763284 0)
(0.0332578 0.0935275 0)
(0.0352412 0.106178 0)
(0.035626 0.123735 0)
(0.047385 0.136577 0)
(0.0559005 0.145274 0)
(0.0578391 0.138035 0)
(0.055561 0.124605 0)
(0.0398463 0.111834 0)
(0.0108461 0.0807443 0)
(-0.0251836 0.0500515 0)
(-0.0542058 0.012871 0)
(-0.0721695 -0.0251626 0)
(-0.069477 -0.0425784 0)
(-0.0445943 -0.0529879 0)
(-0.0295429 -0.0720454 0)
(-0.0283896 -0.103129 0)
(-0.0316194 -0.128353 0)
(-0.0353208 -0.135985 0)
(-0.0322436 -0.117157 0)
(-0.0264952 -0.104314 0)
(-0.0239662 -0.106575 0)
(-0.0210539 -0.116579 0)
(0.00063945 -0.110538 0)
(0.0386226 -0.098289 0)
(0.0712255 -0.0747621 0)
(0.095778 -0.0625964 0)
(0.111349 -0.0659205 0)
(0.114986 -0.0646843 0)
(0.0974124 -0.052038 0)
(0.0624458 -0.0332167 0)
(0.0204377 -0.0193773 0)
(-0.0234114 0.000408919 0)
(-0.0553058 0.0202518 0)
(-0.0781307 0.0253629 0)
(-0.0814852 0.0358103 0)
(-0.0691542 0.0548278 0)
(-0.0713242 0.0677038 0)
(-0.0821333 0.0745963 0)
(-0.0691574 0.0913009 0)
(-0.0343081 0.0998291 0)
(0.00896313 0.107033 0)
(0.0586926 0.109177 0)
(0.106945 0.0970989 0)
(0.158454 0.0798946 0)
(0.190409 0.0689909 0)
(0.179517 0.0568219 0)
(0.14102 0.0291402 0)
(0.0972618 -0.00331282 0)
(0.0565436 -0.037044 0)
(0.0229733 -0.0658229 0)
(-0.0162162 -0.0858712 0)
(-0.0747298 -0.104053 0)
(-0.124167 -0.125867 0)
(-0.161416 -0.13716 0)
(-0.188884 -0.144214 0)
(-0.189333 -0.14856 0)
(-0.152003 -0.149864 0)
(-0.095506 -0.14524 0)
(-0.049229 -0.134333 0)
(0.00278968 -0.127241 0)
(0.0569111 -0.121003 0)
(0.0786269 -0.0968039 0)
(0.0706776 -0.0679122 0)
(0.0514611 -0.0502231 0)
(0.0404247 -0.0314637 0)
(0.0361058 0.00922508 0)
(0.0250089 0.0575242 0)
(0.0129967 0.100841 0)
(-0.00501291 0.143761 0)
(-0.0319829 0.175598 0)
(-0.0607445 0.190128 0)
(-0.0860209 0.186449 0)
(-0.10554 0.181861 0)
(-0.108733 0.171406 0)
(-0.0938793 0.167126 0)
(-0.0779297 0.159506 0)
(-0.0658727 0.141248 0)
(-0.0448563 0.119323 0)
(-0.0190575 0.0908973 0)
(0.00308126 0.0489394 0)
(0.0202423 0.0140364 0)
(0.0233999 -0.0230677 0)
(0.0308918 -0.050724 0)
(0.0497272 -0.0779626 0)
(0.0694811 -0.105004 0)
(0.0895144 -0.126628 0)
(0.093133 -0.1425 0)
(0.070466 -0.156835 0)
(0.0476567 -0.170226 0)
(0.0370234 -0.180777 0)
(0.0342627 -0.184755 0)
(0.0329958 -0.168564 0)
(0.0199993 -0.135716 0)
(0.00185029 -0.095756 0)
(-0.0237186 -0.0566124 0)
(-0.0277933 -0.0196928 0)
(-0.000515304 0.0153338 0)
(0.00383276 0.0369984 0)
(0.0198907 0.0566856 0)
(0.033791 0.0814351 0)
(0.0390414 0.102286 0)
(0.0386009 0.11572 0)
(0.0387327 0.129167 0)
(0.0480056 0.14294 0)
(0.0536488 0.145155 0)
(0.0539006 0.146184 0)
(0.050391 0.136356 0)
(0.0249845 0.11769 0)
(-0.0140575 0.0764313 0)
(-0.0472463 0.0310687 0)
(-0.0727489 -0.00419764 0)
(-0.0846003 -0.0304827 0)
(-0.0734285 -0.0397046 0)
(-0.0495126 -0.0511759 0)
(-0.0410945 -0.0810591 0)
(-0.0423066 -0.109353 0)
(-0.0393955 -0.130099 0)
(-0.0301943 -0.137705 0)
(-0.0206392 -0.131756 0)
(-0.0215613 -0.123877 0)
(-0.0293192 -0.1214 0)
(-0.0245653 -0.128727 0)
(0.00497658 -0.124209 0)
(0.0497245 -0.109767 0)
(0.0834481 -0.0855351 0)
(0.095777 -0.0734233 0)
(0.104823 -0.0704904 0)
(0.114734 -0.0664983 0)
(0.105659 -0.0582226 0)
(0.0729896 -0.0425283 0)
(0.0323594 -0.0197295 0)
(-0.0102004 0.0062659 0)
(-0.0511511 0.0214263 0)
(-0.0771063 0.0215135 0)
(-0.0740051 0.0299947 0)
(-0.0593352 0.0412716 0)
(-0.063003 0.0528504 0)
(-0.0724502 0.0606536 0)
(-0.0603162 0.0747742 0)
(-0.0285834 0.0803542 0)
(0.0146812 0.0856947 0)
(0.0575979 0.0855062 0)
(0.0975574 0.0837408 0)
(0.146088 0.0759279 0)
(0.179353 0.0523114 0)
(0.167645 0.0305187 0)
(0.124966 0.00528012 0)
(0.0779947 -0.0216158 0)
(0.037889 -0.0491046 0)
(0.00706994 -0.0759869 0)
(-0.0279044 -0.111698 0)
(-0.0843569 -0.134422 0)
(-0.132475 -0.150879 0)
(-0.164575 -0.165026 0)
(-0.189809 -0.173788 0)
(-0.188139 -0.176099 0)
(-0.149441 -0.168203 0)
(-0.090056 -0.160956 0)
(-0.0432545 -0.152623 0)
(0.00415221 -0.139241 0)
(0.0601832 -0.124353 0)
(0.0886494 -0.112938 0)
(0.0785783 -0.089848 0)
(0.0569403 -0.0662365 0)
(0.0572227 -0.0341048 0)
(0.063328 0.0126025 0)
(0.0513976 0.0643741 0)
(0.038318 0.116249 0)
(0.0172092 0.160935 0)
(-0.0193642 0.192762 0)
(-0.0599126 0.212821 0)
(-0.0919553 0.216502 0)
(-0.110454 0.212325 0)
(-0.112115 0.200281 0)
(-0.0946557 0.189765 0)
(-0.0820319 0.181359 0)
(-0.075823 0.164648 0)
(-0.055521 0.144631 0)
(-0.0365198 0.110615 0)
(-0.0192092 0.0716773 0)
(0.00042331 0.036863 0)
(0.00852281 0.00114943 0)
(0.0157445 -0.0212535 0)
(0.0295455 -0.05564 0)
(0.0528049 -0.0916703 0)
(0.0762735 -0.115826 0)
(0.0795965 -0.13842 0)
(0.0587391 -0.160042 0)
(0.0375626 -0.16887 0)
(0.0295841 -0.178368 0)
(0.032128 -0.17338 0)
(0.0394014 -0.159285 0)
(0.0341834 -0.129925 0)
(0.0122945 -0.0975919 0)
(-0.0185097 -0.0695077 0)
(-0.0231426 -0.0255049 0)
(-1.94025e-05 0.0147971 0)
(0.00563362 0.0425873 0)
(0.0207758 0.0673379 0)
(0.0348853 0.0864208 0)
(0.0410312 0.104376 0)
(0.0416583 0.113122 0)
(0.0460617 0.122753 0)
(0.0531285 0.140045 0)
(0.0557055 0.152738 0)
(0.0521001 0.157125 0)
(0.0384904 0.147916 0)
(0.00256577 0.118582 0)
(-0.0435281 0.0735616 0)
(-0.0730932 0.0237863 0)
(-0.0865956 -0.0109194 0)
(-0.0845313 -0.0305234 0)
(-0.0706857 -0.0367047 0)
(-0.0613142 -0.0512168 0)
(-0.0594686 -0.0844772 0)
(-0.052881 -0.11256 0)
(-0.0425706 -0.131644 0)
(-0.0286513 -0.14265 0)
(-0.0164834 -0.149121 0)
(-0.0158056 -0.144236 0)
(-0.0271029 -0.135392 0)
(-0.02534 -0.133944 0)
(0.00984601 -0.130826 0)
(0.0600968 -0.120097 0)
(0.0891857 -0.102001 0)
(0.0968202 -0.0861653 0)
(0.105786 -0.0694994 0)
(0.11336 -0.0582167 0)
(0.104997 -0.0508395 0)
(0.0818 -0.0413788 0)
(0.048784 -0.0216879 0)
(0.000887638 0.000234329 0)
(-0.0484922 0.0130082 0)
(-0.0747812 0.0168576 0)
(-0.0686434 0.025677 0)
(-0.0529791 0.0311923 0)
(-0.0568595 0.035734 0)
(-0.0651589 0.0487167 0)
(-0.0533611 0.0633402 0)
(-0.0246594 0.0654898 0)
(0.0145924 0.0667889 0)
(0.059322 0.0619484 0)
(0.102299 0.0636549 0)
(0.138275 0.0650365 0)
(0.160743 0.0414058 0)
(0.149707 0.0128507 0)
(0.108699 -0.0130414 0)
(0.0646009 -0.038378 0)
(0.0251303 -0.0613856 0)
(-0.0134826 -0.0890736 0)
(-0.0489913 -0.130611 0)
(-0.0932252 -0.162544 0)
(-0.136826 -0.175914 0)
(-0.169543 -0.192596 0)
(-0.190114 -0.199373 0)
(-0.180771 -0.198972 0)
(-0.139442 -0.184223 0)
(-0.0860978 -0.169531 0)
(-0.0390583 -0.169172 0)
(0.0139604 -0.153686 0)
(0.0629693 -0.134095 0)
(0.0874354 -0.124281 0)
(0.085783 -0.105769 0)
(0.0713517 -0.0767626 0)
(0.0763968 -0.0294779 0)
(0.0866723 0.0215434 0)
(0.0805972 0.0789986 0)
(0.0655946 0.135529 0)
(0.0359113 0.172335 0)
(-0.0054634 0.202007 0)
(-0.0508257 0.224563 0)
(-0.0896775 0.23732 0)
(-0.116583 0.239245 0)
(-0.120517 0.230062 0)
(-0.0994852 0.219206 0)
(-0.0851458 0.202043 0)
(-0.0793557 0.187229 0)
(-0.0695425 0.166987 0)
(-0.0569097 0.124572 0)
(-0.0353554 0.0855727 0)
(-0.0164888 0.0517904 0)
(-0.00544592 0.018357 0)
(0.00129646 -0.00710254 0)
(0.00797844 -0.0389529 0)
(0.0327735 -0.0735918 0)
(0.0598996 -0.106745 0)
(0.0623172 -0.137166 0)
(0.0464413 -0.158453 0)
(0.0289308 -0.163384 0)
(0.0244963 -0.166129 0)
(0.0346521 -0.156862 0)
(0.0461799 -0.142901 0)
(0.0404145 -0.122735 0)
(0.0135294 -0.0972603 0)
(-0.013803 -0.0722682 0)
(-0.0157401 -0.0273397 0)
(0.00106612 0.0155542 0)
(0.00788424 0.0458668 0)
(0.0234848 0.0732108 0)
(0.0377016 0.0920629 0)
(0.0400725 0.103176 0)
(0.0377955 0.109222 0)
(0.0482211 0.117036 0)
(0.0636134 0.132786 0)
(0.0635753 0.152268 0)
(0.0514789 0.156908 0)
(0.0268161 0.15077 0)
(-0.0215222 0.119982 0)
(-0.0726001 0.0747723 0)
(-0.095774 0.031438 0)
(-0.0973466 -0.00291538 0)
(-0.0872266 -0.026311 0)
(-0.0720578 -0.0375149 0)
(-0.0684862 -0.0551757 0)
(-0.0710755 -0.0832258 0)
(-0.0633949 -0.110487 0)
(-0.0498894 -0.128315 0)
(-0.033761 -0.141254 0)
(-0.0152155 -0.155623 0)
(-0.0078581 -0.160178 0)
(-0.0213071 -0.157142 0)
(-0.0239609 -0.148225 0)
(0.00935224 -0.136715 0)
(0.0623931 -0.12623 0)
(0.0976653 -0.112342 0)
(0.107407 -0.0869395 0)
(0.112347 -0.0651569 0)
(0.115484 -0.0496758 0)
(0.105886 -0.0398413 0)
(0.083698 -0.0318462 0)
(0.0540518 -0.0278628 0)
(0.00838245 -0.0141651 0)
(-0.0439303 0.00357964 0)
(-0.0710543 0.0175292 0)
(-0.0652432 0.0250274 0)
(-0.0525026 0.02523 0)
(-0.0497246 0.0216193 0)
(-0.051053 0.0374993 0)
(-0.0464127 0.0493262 0)
(-0.0242052 0.0457236 0)
(0.0140632 0.0472559 0)
(0.0574111 0.051874 0)
(0.102213 0.0496809 0)
(0.132655 0.0415213 0)
(0.144815 0.0211286 0)
(0.13272 -0.00280615 0)
(0.0939711 -0.024364 0)
(0.0508124 -0.0462971 0)
(0.0105973 -0.0747636 0)
(-0.0325024 -0.111108 0)
(-0.0697085 -0.148878 0)
(-0.10516 -0.181595 0)
(-0.142488 -0.200443 0)
(-0.170959 -0.213926 0)
(-0.185682 -0.213031 0)
(-0.171038 -0.20732 0)
(-0.125401 -0.195883 0)
(-0.080726 -0.179487 0)
(-0.0378258 -0.173111 0)
(0.0191245 -0.162336 0)
(0.0665478 -0.149309 0)
(0.090228 -0.136558 0)
(0.0909969 -0.119739 0)
(0.0882126 -0.0858345 0)
(0.103546 -0.0278975 0)
(0.117283 0.0319125 0)
(0.11087 0.0968526 0)
(0.0853007 0.152696 0)
(0.0481701 0.19272 0)
(0.00560354 0.217171 0)
(-0.042452 0.233658 0)
(-0.0845907 0.247167 0)
(-0.114261 0.251768 0)
(-0.120685 0.25433 0)
(-0.104963 0.248515 0)
(-0.0917874 0.22952 0)
(-0.0851944 0.205231 0)
(-0.0834533 0.172186 0)
(-0.0774538 0.135196 0)
(-0.0538971 0.0981499 0)
(-0.031055 0.0639657 0)
(-0.0183698 0.0297668 0)
(-0.0120506 -0.00345514 0)
(-0.00750395 -0.0289165 0)
(0.0119256 -0.0566779 0)
(0.0353109 -0.0953956 0)
(0.0439034 -0.131638 0)
(0.038092 -0.150165 0)
(0.0266206 -0.150658 0)
(0.0248898 -0.145546 0)
(0.0351616 -0.136837 0)
(0.0453189 -0.128716 0)
(0.0424824 -0.115779 0)
(0.0164451 -0.0904337 0)
(-0.0105695 -0.0650862 0)
(-0.00927527 -0.023831 0)
(0.00272568 0.0168197 0)
(0.0121719 0.0535168 0)
(0.0249957 0.0761645 0)
(0.0325812 0.0901939 0)
(0.0341173 0.0985868 0)
(0.0367114 0.105543 0)
(0.052428 0.120721 0)
(0.0722015 0.131641 0)
(0.070786 0.149809 0)
(0.0525779 0.149652 0)
(0.017121 0.1357 0)
(-0.0435459 0.104494 0)
(-0.0953258 0.0692594 0)
(-0.11404 0.0399558 0)
(-0.11085 0.0103496 0)
(-0.0906482 -0.0203261 0)
(-0.0723719 -0.033458 0)
(-0.0759838 -0.0471651 0)
(-0.0824696 -0.0712559 0)
(-0.0701823 -0.09837 0)
(-0.0516182 -0.117835 0)
(-0.0378613 -0.140483 0)
(-0.0226542 -0.164151 0)
(-0.0126821 -0.178275 0)
(-0.0178361 -0.176089 0)
(-0.0136826 -0.160363 0)
(0.0189613 -0.141164 0)
(0.0676501 -0.123735 0)
(0.105012 -0.111693 0)
(0.116577 -0.0896588 0)
(0.117346 -0.0646175 0)
(0.116269 -0.0436362 0)
(0.103508 -0.0297974 0)
(0.0778913 -0.023789 0)
(0.0514217 -0.0266558 0)
(0.0161387 -0.0234446 0)
(-0.0306928 -0.00601035 0)
(-0.0624495 0.0138014 0)
(-0.0647063 0.0236263 0)
(-0.0558382 0.0233595 0)
(-0.0471313 0.0204207 0)
(-0.0433169 0.0285118 0)
(-0.0453757 0.0357306 0)
(-0.0240466 0.0344677 0)
(0.0212518 0.0356086 0)
(0.0632009 0.0369501 0)
(0.0969088 0.0374554 0)
(0.120006 0.023852 0)
(0.131892 0.002526 0)
(0.121551 -0.0185077 0)
(0.0839846 -0.034257 0)
(0.0369825 -0.0570752 0)
(-0.0109732 -0.0889664 0)
(-0.0546438 -0.132051 0)
(-0.0862498 -0.166558 0)
(-0.116054 -0.191969 0)
(-0.145847 -0.211274 0)
(-0.165338 -0.217088 0)
(-0.174102 -0.214566 0)
(-0.16031 -0.207417 0)
(-0.115316 -0.201824 0)
(-0.070588 -0.193971 0)
(-0.0330353 -0.185043 0)
(0.0193526 -0.17221 0)
(0.0644523 -0.156224 0)
(0.0868515 -0.139241 0)
(0.0967462 -0.122336 0)
(0.1097 -0.0833654 0)
(0.132356 -0.0243663 0)
(0.147921 0.0353989 0)
(0.140687 0.0996499 0)
(0.110635 0.158482 0)
(0.0624037 0.202297 0)
(0.00915935 0.225951 0)
(-0.0383205 0.241257 0)
(-0.0798695 0.258753 0)
(-0.108965 0.26455 0)
(-0.115111 0.271075 0)
(-0.105084 0.26731 0)
(-0.100271 0.249495 0)
(-0.101732 0.217878 0)
(-0.0992943 0.17672 0)
(-0.0887965 0.142219 0)
(-0.0654453 0.107988 0)
(-0.0456562 0.068286 0)
(-0.0357973 0.0319936 0)
(-0.0250889 -0.0022969 0)
(-0.0173065 -0.0232734 0)
(-0.00554981 -0.0449135 0)
(0.0117351 -0.0819929 0)
(0.0251347 -0.114768 0)
(0.0314771 -0.133541 0)
(0.0271232 -0.132433 0)
(0.0250855 -0.127742 0)
(0.0328881 -0.119357 0)
(0.0425959 -0.110795 0)
(0.0438605 -0.0967647 0)
(0.0191577 -0.076477 0)
(-0.00577287 -0.0528728 0)
(-0.00490097 -0.0171732 0)
(0.00786851 0.0160826 0)
(0.0146341 0.0534714 0)
(0.0199718 0.0734378 0)
(0.0291643 0.0865647 0)
(0.0311236 0.095149 0)
(0.0382289 0.107122 0)
(0.0558261 0.12186 0)
(0.0777495 0.12573 0)
(0.0741065 0.139493 0)
(0.043158 0.135913 0)
(0.000528032 0.112306 0)
(-0.0587613 0.0855242 0)
(-0.104236 0.0630067 0)
(-0.119875 0.0443461 0)
(-0.120095 0.0240394 0)
(-0.0966355 -0.00547278 0)
(-0.0688646 -0.0284336 0)
(-0.0741835 -0.0438276 0)
(-0.0882166 -0.0669459 0)
(-0.0792835 -0.0938024 0)
(-0.0651028 -0.111164 0)
(-0.055135 -0.135631 0)
(-0.0339032 -0.162291 0)
(-0.0116219 -0.17383 0)
(-0.00758401 -0.171944 0)
(-0.00233242 -0.161579 0)
(0.0277696 -0.145884 0)
(0.0715213 -0.129397 0)
(0.106883 -0.112511 0)
(0.123887 -0.0885899 0)
(0.126974 -0.0652207 0)
(0.12212 -0.049587 0)
(0.103019 -0.0326247 0)
(0.0710468 -0.0233524 0)
(0.0424074 -0.0184863 0)
(0.0148261 -0.0161617 0)
(-0.0223916 -0.00540523 0)
(-0.052686 0.00941381 0)
(-0.0597029 0.0211705 0)
(-0.0548351 0.0203041 0)
(-0.0447552 0.0233431 0)
(-0.0377973 0.0250355 0)
(-0.0395808 0.0326258 0)
(-0.0217616 0.0352654 0)
(0.0181995 0.0277395 0)
(0.0607524 0.0209652 0)
(0.0944363 0.021255 0)
(0.109215 0.0131933 0)
(0.117032 -0.00754362 0)
(0.110924 -0.0329751 0)
(0.0733574 -0.0533658 0)
(0.0211347 -0.0797268 0)
(-0.0312358 -0.106064 0)
(-0.073918 -0.140427 0)
(-0.0964572 -0.169287 0)
(-0.119914 -0.194512 0)
(-0.143021 -0.205685 0)
(-0.156774 -0.209258 0)
(-0.164537 -0.209634 0)
(-0.151445 -0.207435 0)
(-0.110206 -0.200086 0)
(-0.0688718 -0.20085 0)
(-0.0286883 -0.197963 0)
(0.026829 -0.181884 0)
(0.0708288 -0.162566 0)
(0.0892827 -0.138059 0)
(0.10131 -0.110152 0)
(0.125945 -0.0679756 0)
(0.154741 -0.014764 0)
(0.172444 0.0362761 0)
(0.167451 0.0969345 0)
(0.130839 0.154145 0)
(0.0733818 0.195988 0)
(0.0164617 0.2271 0)
(-0.0289924 0.249041 0)
(-0.0709487 0.263048 0)
(-0.101807 0.269023 0)
(-0.1089 0.276059 0)
(-0.10541 0.276938 0)
(-0.107962 0.259268 0)
(-0.114945 0.230076 0)
(-0.11311 0.186684 0)
(-0.101239 0.142043 0)
(-0.0820282 0.105069 0)
(-0.06226 0.0654841 0)
(-0.0479279 0.0344963 0)
(-0.0332581 0.00549683 0)
(-0.0227772 -0.0168339 0)
(-0.0189319 -0.0380605 0)
(-0.00779048 -0.0701838 0)
(0.0099608 -0.0975525 0)
(0.0246007 -0.112372 0)
(0.0258525 -0.114906 0)
(0.0249538 -0.108452 0)
(0.0335867 -0.0979075 0)
(0.0433526 -0.0846433 0)
(0.0442782 -0.0704797 0)
(0.0196553 -0.0574697 0)
(-0.00305068 -0.0372017 0)
(-0.0031111 -0.0119443 0)
(0.00998288 0.0171281 0)
(0.0173082 0.0463717 0)
(0.0186266 0.0689524 0)
(0.0231957 0.0841228 0)
(0.0285086 0.0916778 0)
(0.0398795 0.10789 0)
(0.0538599 0.121007 0)
(0.077384 0.120893 0)
(0.0753855 0.115472 0)
(0.0350636 0.111404 0)
(-0.0117904 0.0935816 0)
(-0.0660678 0.0764773 0)
(-0.106836 0.0634212 0)
(-0.119878 0.0489317 0)
(-0.121923 0.0309469 0)
(-0.102354 0.00720715 0)
(-0.073738 -0.0291471 0)
(-0.0786445 -0.0524757 0)
(-0.0955608 -0.0685886 0)
(-0.0815779 -0.0888279 0)
(-0.0641965 -0.108603 0)
(-0.0606835 -0.127904 0)
(-0.0400101 -0.144231 0)
(-0.0137877 -0.153495 0)
(-0.00812317 -0.156901 0)
(0.000662758 -0.156898 0)
(0.0324147 -0.141814 0)
(0.0770785 -0.126961 0)
(0.115863 -0.111115 0)
(0.129362 -0.0878688 0)
(0.122724 -0.0701347 0)
(0.117327 -0.0569831 0)
(0.101939 -0.0425109 0)
(0.0707762 -0.021176 0)
(0.0432243 -0.0103225 0)
(0.016299 -0.00962982 0)
(-0.0178273 -0.00710866 0)
(-0.0460522 0.00823321 0)
(-0.0577201 0.019428 0)
(-0.0536461 0.0215317 0)
(-0.0418137 0.0253895 0)
(-0.0337676 0.0286791 0)
(-0.0346851 0.0292279 0)
(-0.0245446 0.034679 0)
(0.0132789 0.0238427 0)
(0.0601958 0.0172831 0)
(0.0924018 0.00687207 0)
(0.100197 -0.00535009 0)
(0.100517 -0.021853 0)
(0.0927335 -0.0464086 0)
(0.0576652 -0.0721687 0)
(0.00992432 -0.0942004 0)
(-0.0403461 -0.118114 0)
(-0.0828296 -0.141543 0)
(-0.105509 -0.16254 0)
(-0.121112 -0.188833 0)
(-0.13495 -0.194505 0)
(-0.14782 -0.197766 0)
(-0.155182 -0.204185 0)
(-0.140097 -0.202587 0)
(-0.103044 -0.192224 0)
(-0.0684449 -0.190638 0)
(-0.0260968 -0.18831 0)
(0.0304373 -0.180578 0)
(0.0739167 -0.167049 0)
(0.0954554 -0.137362 0)
(0.112323 -0.0976043 0)
(0.139489 -0.0538564 0)
(0.166322 -0.00713607 0)
(0.187394 0.0383057 0)
(0.187217 0.0912329 0)
(0.148202 0.145622 0)
(0.0875895 0.188292 0)
(0.0277874 0.221196 0)
(-0.0236793 0.240243 0)
(-0.0684807 0.253437 0)
(-0.0946832 0.263875 0)
(-0.097199 0.271109 0)
(-0.0987394 0.271839 0)
(-0.110456 0.255884 0)
(-0.126619 0.228209 0)
(-0.133042 0.184753 0)
(-0.11715 0.139833 0)
(-0.0909998 0.103994 0)
(-0.068898 0.0680615 0)
(-0.0541334 0.0378336 0)
(-0.0404892 0.0100842 0)
(-0.0308553 -0.0101457 0)
(-0.0305301 -0.0349357 0)
(-0.0223056 -0.058867 0)
(-0.00096766 -0.0801487 0)
(0.0187275 -0.0903758 0)
(0.0251391 -0.0951982 0)
(0.0280376 -0.0873194 0)
(0.0364931 -0.0758828 0)
(0.0448461 -0.0636342 0)
(0.0420804 -0.0542582 0)
(0.0179023 -0.043075 0)
(-0.00232458 -0.0231521 0)
(-0.0032413 -0.00729654 0)
(0.00907406 0.0176748 0)
(0.0158313 0.0433831 0)
(0.0173376 0.0621596 0)
(0.0205932 0.0726226 0)
(0.0275871 0.0874478 0)
(0.0427088 0.0993718 0)
(0.0523401 0.112243 0)
(0.0651356 0.112094 0)
(0.0638108 0.0933905 0)
(0.0297988 0.0866545 0)
(-0.0157502 0.0797391 0)
(-0.0648002 0.0668287 0)
(-0.102237 0.0578518 0)
(-0.116635 0.0502161 0)
(-0.120463 0.034137 0)
(-0.109135 0.0134242 0)
(-0.0813894 -0.0268857 0)
(-0.0735202 -0.0562258 0)
(-0.0878566 -0.0669055 0)
(-0.0846125 -0.0757188 0)
(-0.0729783 -0.100177 0)
(-0.0641296 -0.121946 0)
(-0.03998 -0.129179 0)
(-0.0136727 -0.140583 0)
(-0.00910203 -0.144201 0)
(0.00311034 -0.141873 0)
(0.0376125 -0.128493 0)
(0.0759532 -0.118741 0)
(0.112501 -0.108589 0)
(0.127357 -0.0954173 0)
(0.121373 -0.0780195 0)
(0.114681 -0.0524507 0)
(0.104387 -0.0350026 0)
(0.0742875 -0.012222 0)
(0.0358254 -0.00218459 0)
(0.00728473 -0.00788119 0)
(-0.0148988 -0.0106733 0)
(-0.0356734 0.00158221 0)
(-0.0502059 0.0148519 0)
(-0.0490861 0.0273184 0)
(-0.0368097 0.0288758 0)
(-0.0312879 0.0311854 0)
(-0.0310041 0.0297488 0)
(-0.021806 0.0341019 0)
(0.00830347 0.0277083 0)
(0.0496951 0.0142033 0)
(0.0779681 -0.00614416 0)
(0.0880191 -0.0241453 0)
(0.0880278 -0.0351261 0)
(0.0779537 -0.0521707 0)
(0.0463404 -0.0784044 0)
(0.000217275 -0.0993619 0)
(-0.0485388 -0.123075 0)
(-0.0851671 -0.141943 0)
(-0.106974 -0.15453 0)
(-0.117505 -0.171746 0)
(-0.123316 -0.178601 0)
(-0.138832 -0.179957 0)
(-0.146123 -0.190064 0)
(-0.125745 -0.19042 0)
(-0.0912799 -0.181584 0)
(-0.0639455 -0.178741 0)
(-0.028256 -0.174617 0)
(0.0259983 -0.17245 0)
(0.0766996 -0.160816 0)
(0.10571 -0.125157 0)
(0.120693 -0.0800401 0)
(0.144963 -0.0412874 0)
(0.171977 -0.00184667 0)
(0.194141 0.0388647 0)
(0.198736 0.0820051 0)
(0.160564 0.129438 0)
(0.095747 0.170735 0)
(0.0314093 0.200182 0)
(-0.0181545 0.216896 0)
(-0.0564395 0.234816 0)
(-0.0824283 0.248769 0)
(-0.0881955 0.256951 0)
(-0.0940954 0.251058 0)
(-0.110929 0.237712 0)
(-0.133114 0.209389 0)
(-0.141117 0.171607 0)
(-0.123197 0.136339 0)
(-0.0989228 0.101845 0)
(-0.077855 0.0686866 0)
(-0.0610564 0.0390822 0)
(-0.0430472 0.0102776 0)
(-0.0347867 -0.00667397 0)
(-0.0384105 -0.026622 0)
(-0.0297602 -0.0434711 0)
(-0.00726474 -0.0595182 0)
(0.0140403 -0.0731969 0)
(0.0232931 -0.0744272 0)
(0.029437 -0.071548 0)
(0.0370512 -0.0624108 0)
(0.0419032 -0.0495092 0)
(0.0393768 -0.0417086 0)
(0.0203241 -0.030257 0)
(-0.000628167 -0.0139541 0)
(-0.0049478 -0.00386707 0)
(0.00917886 0.0153633 0)
(0.0143504 0.0360001 0)
(0.0108041 0.0556205 0)
(0.0170337 0.061108 0)
(0.0270622 0.0767383 0)
(0.0403525 0.0840122 0)
(0.049119 0.0916042 0)
(0.0538267 0.0925151 0)
(0.0524832 0.0779887 0)
(0.0276931 0.0687404 0)
(-0.0157367 0.0663979 0)
(-0.0632777 0.0619421 0)
(-0.0926362 0.0530237 0)
(-0.104991 0.0443684 0)
(-0.112925 0.0275786 0)
(-0.109806 0.0064111 0)
(-0.0883276 -0.0234595 0)
(-0.0739232 -0.0536041 0)
(-0.0791413 -0.0659915 0)
(-0.0788437 -0.0686671 0)
(-0.0744247 -0.0841791 0)
(-0.0619365 -0.0983808 0)
(-0.0384162 -0.108097 0)
(-0.0158581 -0.124994 0)
(-0.00761737 -0.130853 0)
(0.00566573 -0.127443 0)
(0.0349977 -0.117802 0)
(0.070008 -0.107319 0)
(0.105133 -0.0990353 0)
(0.119483 -0.0902132 0)
(0.119801 -0.075212 0)
(0.115162 -0.048206 0)
(0.101515 -0.0238259 0)
(0.071119 -0.00815147 0)
(0.0298591 0.000705157 0)
(0.000195269 0.000385121 0)
(-0.0156068 -0.00736029 0)
(-0.02864 -0.00370229 0)
(-0.0380289 0.00788862 0)
(-0.0410237 0.0281047 0)
(-0.035252 0.0317625 0)
(-0.0281949 0.0301984 0)
(-0.0269861 0.032646 0)
(-0.0208929 0.0289995 0)
(0.00214064 0.0195756 0)
(0.036261 0.00552138 0)
(0.0628045 -0.0123454 0)
(0.0765535 -0.0281883 0)
(0.0788539 -0.0384332 0)
(0.06341 -0.0534328 0)
(0.0308079 -0.0773822 0)
(-0.00882627 -0.0983479 0)
(-0.0515034 -0.12148 0)
(-0.0808484 -0.134549 0)
(-0.0987841 -0.139234 0)
(-0.107987 -0.147172 0)
(-0.109329 -0.156183 0)
(-0.12553 -0.159931 0)
(-0.135479 -0.167692 0)
(-0.112321 -0.167418 0)
(-0.0808905 -0.164343 0)
(-0.0593084 -0.163215 0)
(-0.0281302 -0.156468 0)
(0.0225687 -0.149658 0)
(0.079253 -0.13438 0)
(0.114787 -0.104063 0)
(0.124885 -0.0649803 0)
(0.141 -0.0253724 0)
(0.165305 0.0052599 0)
(0.188758 0.0372302 0)
(0.197097 0.0717695 0)
(0.1641 0.103968 0)
(0.100838 0.145536 0)
(0.0353744 0.173947 0)
(-0.0119521 0.192492 0)
(-0.0470723 0.205932 0)
(-0.0699279 0.215112 0)
(-0.0774758 0.222387 0)
(-0.0859864 0.222265 0)
(-0.106283 0.212989 0)
(-0.134268 0.19175 0)
(-0.142495 0.158476 0)
(-0.12418 0.120525 0)
(-0.0990316 0.0896014 0)
(-0.077201 0.0677434 0)
(-0.0636001 0.0419033 0)
(-0.0452887 0.0141933 0)
(-0.0340896 -0.00928185 0)
(-0.0389682 -0.0206222 0)
(-0.0335059 -0.0292683 0)
(-0.0158014 -0.0411287 0)
(0.00869775 -0.0553377 0)
(0.0213879 -0.0595371 0)
(0.0266132 -0.059762 0)
(0.0382469 -0.0486 0)
(0.0428909 -0.033938 0)
(0.0376985 -0.0249774 0)
(0.0193555 -0.0160853 0)
(-0.00138999 -0.0060207 0)
(-0.00628164 -0.00127131 0)
(0.00650301 0.0122486 0)
(0.0130005 0.0242688 0)
(0.00850983 0.0415598 0)
(0.0123895 0.0533043 0)
(0.0233656 0.0632652 0)
(0.0350423 0.0688306 0)
(0.0430516 0.0752699 0)
(0.0436842 0.0741062 0)
(0.040516 0.0661559 0)
(0.0232804 0.0595758 0)
(-0.00904447 0.054472 0)
(-0.0526145 0.0489281 0)
(-0.083703 0.0453313 0)
(-0.0966313 0.0317187 0)
(-0.105308 0.0182741 0)
(-0.102346 -0.00417949 0)
(-0.0827206 -0.0187468 0)
(-0.065665 -0.0493088 0)
(-0.0644299 -0.0630151 0)
(-0.0677443 -0.0614872 0)
(-0.0680211 -0.0635239 0)
(-0.0581896 -0.0687619 0)
(-0.0408557 -0.086315 0)
(-0.0190713 -0.105809 0)
(-0.00871735 -0.116963 0)
(0.0051973 -0.109251 0)
(0.0354035 -0.0975641 0)
(0.0638843 -0.0869498 0)
(0.0915284 -0.084216 0)
(0.10557 -0.0750542 0)
(0.109983 -0.0648617 0)
(0.110967 -0.0456257 0)
(0.0974796 -0.0198081 0)
(0.0646272 -0.00411959 0)
(0.0243496 0.00480983 0)
(-0.00761631 0.00316944 0)
(-0.0207962 -0.00649617 0)
(-0.0239944 -0.00876698 0)
(-0.0246885 0.000312555 0)
(-0.0282031 0.0217185 0)
(-0.0304182 0.0317268 0)
(-0.0241459 0.0304806 0)
(-0.0243873 0.0331533 0)
(-0.0243487 0.0253237 0)
(-0.00439485 0.0118462 0)
(0.0266184 -0.00165771 0)
(0.0494383 -0.0147422 0)
(0.0630488 -0.0277244 0)
(0.0649368 -0.0400478 0)
(0.049318 -0.0550386 0)
(0.0203821 -0.0675514 0)
(-0.0167771 -0.0835902 0)
(-0.0517666 -0.102799 0)
(-0.0686459 -0.117254 0)
(-0.0825056 -0.12232 0)
(-0.0935036 -0.120426 0)
(-0.0946967 -0.127649 0)
(-0.10963 -0.139173 0)
(-0.117424 -0.143511 0)
(-0.0959585 -0.139096 0)
(-0.0703472 -0.142077 0)
(-0.0515706 -0.136929 0)
(-0.0242708 -0.12333 0)
(0.0227049 -0.110344 0)
(0.0768251 -0.0979197 0)
(0.110393 -0.0838258 0)
(0.121185 -0.0605816 0)
(0.130573 -0.025063 0)
(0.146671 0.00841588 0)
(0.170981 0.0423789 0)
(0.179938 0.0663658 0)
(0.156026 0.085654 0)
(0.101872 0.11693 0)
(0.0363692 0.142028 0)
(-0.00875568 0.160382 0)
(-0.0403437 0.166182 0)
(-0.0592434 0.172834 0)
(-0.0613267 0.181214 0)
(-0.0692027 0.183905 0)
(-0.0919001 0.176408 0)
(-0.123878 0.163074 0)
(-0.140156 0.137418 0)
(-0.121349 0.102542 0)
(-0.0894779 0.077014 0)
(-0.0700171 0.0574047 0)
(-0.0628245 0.0381839 0)
(-0.0483156 0.0190617 0)
(-0.0335047 -0.00373933 0)
(-0.0320252 -0.0158804 0)
(-0.0299569 -0.0228737 0)
(-0.0182611 -0.0303194 0)
(0.00175965 -0.0392464 0)
(0.0145949 -0.0463477 0)
(0.0260806 -0.043803 0)
(0.0402961 -0.0319854 0)
(0.0415293 -0.0206958 0)
(0.0349358 -0.0141569 0)
(0.0180696 -0.0110062 0)
(-0.00378533 -0.00541254 0)
(-0.00967892 -2.30279e-05 0)
(0.00320167 0.0085265 0)
(0.00820171 0.015541 0)
(0.00775362 0.0257729 0)
(0.0107682 0.040367 0)
(0.0175781 0.047409 0)
(0.0294244 0.0538753 0)
(0.0354482 0.0597234 0)
(0.0331158 0.0535425 0)
(0.0331854 0.0506946 0)
(0.0194259 0.0488979 0)
(-0.0111203 0.0441373 0)
(-0.0443674 0.0364994 0)
(-0.0676155 0.0334387 0)
(-0.0782111 0.0174098 0)
(-0.0875669 0.00775766 0)
(-0.0843115 -0.00608561 0)
(-0.0713766 -0.0191129 0)
(-0.0618453 -0.04793 0)
(-0.0500409 -0.05538 0)
(-0.0463791 -0.0519358 0)
(-0.0500097 -0.0447657 0)
(-0.0508711 -0.0434137 0)
(-0.0422026 -0.0609458 0)
(-0.0237333 -0.0791577 0)
(-0.00693747 -0.090975 0)
(0.0113504 -0.0795015 0)
(0.0314673 -0.0719087 0)
(0.0491554 -0.0686055 0)
(0.073616 -0.0646808 0)
(0.0859591 -0.0568346 0)
(0.0893697 -0.0484934 0)
(0.096731 -0.0330194 0)
(0.0874143 -0.0150571 0)
(0.056919 -0.00414265 0)
(0.0168989 0.000315997 0)
(-0.0147354 -0.00315235 0)
(-0.023959 -0.00664653 0)
(-0.0204278 -0.00781868 0)
(-0.0118699 -0.000905282 0)
(-0.0137538 0.0128214 0)
(-0.0228873 0.0275747 0)
(-0.0187492 0.0265616 0)
(-0.0205593 0.0258574 0)
(-0.0264559 0.0201371 0)
(-0.0111604 0.00887886 0)
(0.0165254 -0.00610203 0)
(0.0364192 -0.0175617 0)
(0.0469173 -0.0243567 0)
(0.0489982 -0.0319762 0)
(0.0393252 -0.0421016 0)
(0.0154048 -0.0509087 0)
(-0.0177601 -0.0634007 0)
(-0.0486674 -0.0751162 0)
(-0.0600739 -0.0890935 0)
(-0.0614672 -0.100625 0)
(-0.0691665 -0.0960136 0)
(-0.0777559 -0.0969108 0)
(-0.0908958 -0.108014 0)
(-0.092564 -0.112246 0)
(-0.0767527 -0.10878 0)
(-0.0562175 -0.11085 0)
(-0.0356612 -0.100615 0)
(-0.013358 -0.0859669 0)
(0.0203708 -0.0739186 0)
(0.0608906 -0.0688287 0)
(0.0885738 -0.0638595 0)
(0.10119 -0.0507297 0)
(0.113821 -0.0289505 0)
(0.129699 0.00496682 0)
(0.14487 0.0413564 0)
(0.14725 0.0540628 0)
(0.130714 0.0688519 0)
(0.089148 0.086377 0)
(0.0347174 0.101838 0)
(-0.00768504 0.114494 0)
(-0.0359017 0.120385 0)
(-0.0445892 0.128892 0)
(-0.0439778 0.138982 0)
(-0.0525274 0.138171 0)
(-0.072501 0.1333 0)
(-0.103178 0.121659 0)
(-0.121978 0.100889 0)
(-0.106041 0.0765218 0)
(-0.0768226 0.0588217 0)
(-0.0578014 0.0429479 0)
(-0.0500953 0.0326746 0)
(-0.0400905 0.0229104 0)
(-0.0297469 0.00388391 0)
(-0.0292779 -0.0100485 0)
(-0.0270721 -0.0201422 0)
(-0.0184067 -0.0253317 0)
(-0.00162836 -0.0273634 0)
(0.0117075 -0.0292448 0)
(0.0237671 -0.0242921 0)
(0.036934 -0.0194616 0)
(0.0365139 -0.0112933 0)
(0.0275763 -0.0076818 0)
(0.0119376 -0.0115238 0)
(-0.00392461 -0.00737354 0)
(-0.00930337 -0.00134776 0)
(0.000459829 0.00400599 0)
(0.00369885 0.00946271 0)
(0.00586298 0.0173998 0)
(0.0080393 0.0264487 0)
(0.0126579 0.0310146 0)
(0.0226123 0.0358721 0)
(0.022527 0.0353935 0)
(0.0194646 0.030372 0)
(0.0237732 0.0295271 0)
(0.0153826 0.0292338 0)
(-0.00554801 0.0255196 0)
(-0.0306185 0.0249331 0)
(-0.052199 0.0231631 0)
(-0.0587577 0.0144315 0)
(-0.0599125 0.00213203 0)
(-0.0590711 -0.00635124 0)
(-0.0544345 -0.0197741 0)
(-0.041626 -0.0370782 0)
(-0.0264993 -0.0380462 0)
(-0.02566 -0.0385111 0)
(-0.0296435 -0.0285189 0)
(-0.0366517 -0.0228573 0)
(-0.0365302 -0.0361344 0)
(-0.0217283 -0.0490442 0)
(-0.00454701 -0.0535801 0)
(0.00933061 -0.0475871 0)
(0.0202352 -0.0474017 0)
(0.0331153 -0.0434907 0)
(0.0520674 -0.0398843 0)
(0.0595505 -0.0409759 0)
(0.0630237 -0.0311999 0)
(0.0704577 -0.0164166 0)
(0.0629242 -0.00488576 0)
(0.0381262 -0.00045724 0)
(0.00742286 -0.00242779 0)
(-0.0144811 -0.00249049 0)
(-0.0181836 -0.00473102 0)
(-0.0126156 -0.00401298 0)
(-0.00409719 -0.00232319 0)
(-0.00296466 0.000564913 0)
(-0.013716 0.015578 0)
(-0.0147555 0.0221443 0)
(-0.0151267 0.0166883 0)
(-0.0218284 0.0147514 0)
(-0.013471 0.00607713 0)
(0.00657757 -0.00672043 0)
(0.0235779 -0.0165058 0)
(0.0334383 -0.0142004 0)
(0.0343574 -0.0162439 0)
(0.0257541 -0.023573 0)
(0.0077845 -0.0328038 0)
(-0.0156166 -0.0382944 0)
(-0.0372145 -0.0476834 0)
(-0.045092 -0.0522642 0)
(-0.0412725 -0.0623714 0)
(-0.041503 -0.0633857 0)
(-0.0499007 -0.0628344 0)
(-0.0636074 -0.0669311 0)
(-0.063822 -0.0731353 0)
(-0.0515586 -0.0716898 0)
(-0.0350637 -0.0666907 0)
(-0.0193651 -0.0600679 0)
(-0.00741658 -0.0525498 0)
(0.0135486 -0.0455836 0)
(0.0412652 -0.045915 0)
(0.0613215 -0.040897 0)
(0.0692133 -0.0331432 0)
(0.0797236 -0.0226272 0)
(0.0960809 0.00394573 0)
(0.102831 0.027607 0)
(0.101302 0.0346686 0)
(0.0940117 0.0451166 0)
(0.0634929 0.0544006 0)
(0.0221634 0.0594231 0)
(-0.00603461 0.0638719 0)
(-0.0234391 0.0706318 0)
(-0.0274351 0.0829094 0)
(-0.0257034 0.0903378 0)
(-0.0314534 0.0912364 0)
(-0.0465269 0.084484 0)
(-0.0745963 0.0750289 0)
(-0.0924422 0.0579213 0)
(-0.0771312 0.0433011 0)
(-0.0514665 0.0353185 0)
(-0.0368957 0.0305172 0)
(-0.0320813 0.0219905 0)
(-0.0296346 0.0150778 0)
(-0.0243946 -0.00177456 0)
(-0.0230185 -0.00851061 0)
(-0.0214837 -0.0138466 0)
(-0.0126829 -0.0148044 0)
(0.000446556 -0.0112084 0)
(0.00925286 -0.0151204 0)
(0.016681 -0.0118236 0)
(0.0269822 -0.00805376 0)
(0.0271122 -0.00233638 0)
(0.0172135 -0.000116099 0)
(0.00688156 -0.00905858 0)
(-0.00366615 -0.00670278 0)
(-0.00853555 -0.0016555 0)
(0.000124751 0.000627974 0)
(0.00215077 0.00349806 0)
(0.00307875 0.0072381 0)
(0.00303985 0.0101074 0)
(0.00437797 0.0115344 0)
(0.00832207 0.0122938 0)
(0.00758678 0.00985534 0)
(0.006811 0.00951349 0)
(0.0110647 0.00920512 0)
(0.00706342 0.0101071 0)
(-0.00234491 0.00708118 0)
(-0.0111558 0.00674089 0)
(-0.0195177 0.00789185 0)
(-0.0239689 0.00924353 0)
(-0.0262557 0.00284167 0)
(-0.0247213 -0.00238737 0)
(-0.023633 -0.00665609 0)
(-0.0176949 -0.0126518 0)
(-0.00914468 -0.0157736 0)
(-0.00604626 -0.0175301 0)
(-0.00592803 -0.010899 0)
(-0.0151793 -0.00710743 0)
(-0.0191764 -0.0129329 0)
(-0.0103112 -0.0172401 0)
(-0.000604072 -0.0179868 0)
(0.00415196 -0.0156018 0)
(0.00783683 -0.0162851 0)
(0.0127124 -0.0131504 0)
(0.0182935 -0.0134311 0)
(0.0224932 -0.016918 0)
(0.0273542 -0.011982 0)
(0.0320794 -0.00508122 0)
(0.0275004 0.000488377 0)
(0.0142466 0.00184877 0)
(0.000705666 0.000752752 0)
(-0.0089122 0.0011986 0)
(-0.0098072 -0.000884254 0)
(-0.00600501 -0.0016802 0)
(-0.00175622 -0.00265682 0)
(0.00198255 -0.00343639 0)
(-0.00069183 0.00335193 0)
(-0.0046339 0.0102847 0)
(-0.00699613 0.007102 0)
(-0.0112145 0.00649536 0)
(-0.00979337 0.00246328 0)
(-0.000541451 -0.00325586 0)
(0.0104147 -0.00708915 0)
(0.0157603 -0.00386633 0)
(0.013349 -0.00470464 0)
(0.00911874 -0.0083885 0)
(0.00339084 -0.0117097 0)
(-0.00700122 -0.0117385 0)
(-0.0166044 -0.0158449 0)
(-0.0187559 -0.016192 0)
(-0.0160773 -0.0193587 0)
(-0.0144669 -0.0208861 0)
(-0.0181168 -0.021727 0)
(-0.0264886 -0.0229088 0)
(-0.0264508 -0.0259606 0)
(-0.0179955 -0.0255423 0)
(-0.0115035 -0.0209686 0)
(-0.00659805 -0.0205147 0)
(-0.00223984 -0.0180237 0)
(0.0038128 -0.015155 0)
(0.0153253 -0.0170882 0)
(0.0246209 -0.0148445 0)
(0.0256525 -0.0129107 0)
(0.0334096 -0.00972007 0)
(0.0426534 0.00304767 0)
(0.0414798 0.010241 0)
(0.0399288 0.013395 0)
(0.0387991 0.0165301 0)
(0.0250464 0.0188469 0)
(0.00657813 0.0195765 0)
(-0.00414506 0.0210998 0)
(-0.00835479 0.0224279 0)
(-0.00749413 0.0293182 0)
(-0.00694146 0.0325573 0)
(-0.0113002 0.0334383 0)
(-0.0184925 0.0281245 0)
(-0.0320192 0.0239804 0)
(-0.0412049 0.017531 0)
(-0.031295 0.0133811 0)
(-0.0173597 0.0114973 0)
(-0.0127396 0.0111985 0)
(-0.0128649 0.00664728 0)
(-0.0134116 0.00338769 0)
(-0.0103477 -0.00290112 0)
(-0.00841103 -0.00365574 0)
(-0.00832251 -0.00431741 0)
(-0.00385353 -0.00313298 0)
(-0.000277647 -0.00152405 0)
(0.00229185 -0.00518583 0)
(0.00771625 -0.00445886 0)
(0.0131873 -0.00107659 0)
(0.0125799 0.00103749 0)
(0.00444382 0.00234643 0)
(-0.000759021 -0.00372771 0)
(-0.00153839 -0.00421653 0)
(-0.00430931 -0.000473458 0)
)
;

boundaryField
{
    inlet
    {
        type            fixedValue;
        value           uniform (0 0 0);
    }
    outlet
    {
        type            fixedValue;
        value           uniform (0 0 0);
    }
    down
    {
        type            empty;
    }
    up
    {
        type            empty;
    }
    sides
    {
        type            fixedValue;
        value           uniform (0 0 0);
    }
}

