/*--------------------------------*- C++ -*----------------------------------*\
| =========                 |                                                 |
| \\      /  F ield         | OpenFOAM: The Open Source CFD Toolbox           |
|  \\    /   O peration     | Version:  v2012                                 |
|   \\  /    A nd           | Website:  www.openfoam.com                      |
|    \\/     M anipulation  |                                                 |
\*---------------------------------------------------------------------------*/
FoamFile
{
    version     2.0;
    format      ascii;
    class       volVectorField;
    location    "70";
    object      Usup;
}
// * * * * * * * * * * * * * * * * * * * * * * * * * * * * * * * * * * * * * //

dimensions      [0 1 -1 0 0 0 0];


internalField   nonuniform List<vector> 
4000
(
(-0.000558927 -0.000805115 0)
(-0.000997801 -0.000806549 0)
(-0.00179525 -0.00152342 0)
(-0.00354002 -0.00351124 0)
(-0.00390041 -0.00416208 0)
(-0.0041676 -0.00553128 0)
(-0.00602849 -0.00677458 0)
(-0.0084416 -0.00697406 0)
(-0.0101499 -0.00664198 0)
(-0.00949541 -0.00645969 0)
(-0.00795041 -0.0065049 0)
(-0.00636766 -0.00746828 0)
(-0.00563695 -0.00804943 0)
(-0.00559518 -0.00725484 0)
(-0.00437632 -0.00637895 0)
(-0.00342025 -0.00639173 0)
(-0.00233186 -0.00635034 0)
(-0.000455124 -0.00824567 0)
(0.000567774 -0.00999662 0)
(0.000772761 -0.0100027 0)
(0.001581 -0.00850752 0)
(0.0020106 -0.00747399 0)
(0.00356363 -0.0078865 0)
(0.00742808 -0.00772127 0)
(0.0105343 -0.00791514 0)
(0.0123133 -0.00789716 0)
(0.0130935 -0.00797985 0)
(0.0130341 -0.00727531 0)
(0.0122395 -0.0069121 0)
(0.010733 -0.00786213 0)
(0.0098992 -0.00760661 0)
(0.00905093 -0.00696392 0)
(0.00790262 -0.00751461 0)
(0.00566941 -0.00873395 0)
(0.00283391 -0.00961284 0)
(0.000850032 -0.00929611 0)
(-0.0007712 -0.00858972 0)
(-0.00247345 -0.0089974 0)
(-0.00323621 -0.00923767 0)
(-0.00476414 -0.010862 0)
(-0.00758687 -0.0115865 0)
(-0.0088373 -0.0129214 0)
(-0.00839259 -0.0133326 0)
(-0.00833913 -0.0139934 0)
(-0.00971701 -0.0137366 0)
(-0.0102589 -0.0129045 0)
(-0.00897055 -0.0134904 0)
(-0.00742155 -0.0134952 0)
(-0.00696823 -0.0127151 0)
(-0.00647333 -0.0134087 0)
(-0.00570427 -0.0135259 0)
(-0.00391069 -0.0113159 0)
(-0.00165497 -0.0112293 0)
(-2.01054e-05 -0.0116161 0)
(0.00138968 -0.0115979 0)
(0.00222211 -0.0109525 0)
(0.0019324 -0.0111203 0)
(0.00201084 -0.0102585 0)
(0.00413399 -0.0104937 0)
(0.00581255 -0.0093888 0)
(0.00604691 -0.00736181 0)
(0.00589596 -0.00615691 0)
(0.00579161 -0.00575856 0)
(0.00510123 -0.0052299 0)
(0.00415243 -0.0043896 0)
(0.00376659 -0.00364462 0)
(0.0034202 -0.00260504 0)
(0.00305091 -0.00238024 0)
(0.0032526 -0.00191647 0)
(0.00299099 -0.00212796 0)
(0.000689233 -0.00194318 0)
(-0.00178448 -0.00298495 0)
(-0.00197063 -0.00250272 0)
(-0.00179329 -0.00277104 0)
(-0.00186009 -0.00257528 0)
(-0.00151638 -0.00436431 0)
(-0.00323429 -0.00607561 0)
(-0.00671363 -0.00700492 0)
(-0.00909726 -0.0073733 0)
(-0.0099315 -0.00768201 0)
(-0.0120949 -0.00938583 0)
(-0.0125522 -0.0085295 0)
(-0.00928178 -0.00776197 0)
(-0.00763811 -0.00823255 0)
(-0.00565432 -0.00833253 0)
(-0.00165625 -0.00841064 0)
(0.001968 -0.00911442 0)
(0.00577542 -0.00872174 0)
(0.00972544 -0.00822854 0)
(0.0115369 -0.00777684 0)
(0.0123741 -0.00712774 0)
(0.0139176 -0.00685139 0)
(0.0131996 -0.00711561 0)
(0.0109317 -0.0062637 0)
(0.0106453 -0.00447477 0)
(0.0100199 -0.00442014 0)
(0.00743947 -0.00339564 0)
(0.00545442 -0.00220717 0)
(0.00391166 -0.00128652 0)
(0.00137109 -0.000525901 0)
(-0.000759261 -0.00116505 0)
(-0.00250676 -0.00292711 0)
(-0.00655821 -0.00620133 0)
(-0.0105855 -0.0109568 0)
(-0.011937 -0.0130364 0)
(-0.0140967 -0.0166268 0)
(-0.0178024 -0.0195775 0)
(-0.0221597 -0.0204941 0)
(-0.0256314 -0.0200037 0)
(-0.0248957 -0.0197013 0)
(-0.0224701 -0.0205267 0)
(-0.0192858 -0.0219707 0)
(-0.0158861 -0.0224044 0)
(-0.0138335 -0.0205373 0)
(-0.0114542 -0.0192898 0)
(-0.00928475 -0.019741 0)
(-0.0075052 -0.0216077 0)
(-0.00437393 -0.0257163 0)
(-5.7648e-05 -0.0292132 0)
(0.00376652 -0.0296854 0)
(0.00692038 -0.0267326 0)
(0.00767371 -0.0236941 0)
(0.011658 -0.0229801 0)
(0.0206739 -0.0227843 0)
(0.0281674 -0.0226247 0)
(0.0330115 -0.0224955 0)
(0.0357721 -0.0225012 0)
(0.0361593 -0.0215482 0)
(0.0331066 -0.0211854 0)
(0.0296346 -0.0222906 0)
(0.0282747 -0.0226035 0)
(0.0249672 -0.0224327 0)
(0.0200075 -0.0237985 0)
(0.0139712 -0.0269288 0)
(0.00810554 -0.0272185 0)
(0.00371847 -0.0270697 0)
(-0.00154032 -0.0264509 0)
(-0.00683154 -0.0278228 0)
(-0.0107413 -0.0286136 0)
(-0.0154293 -0.0327025 0)
(-0.021556 -0.0353213 0)
(-0.0246643 -0.038163 0)
(-0.0241784 -0.0390072 0)
(-0.0241151 -0.040712 0)
(-0.0256645 -0.0410751 0)
(-0.0271914 -0.0403316 0)
(-0.0251449 -0.0407048 0)
(-0.0207126 -0.0403342 0)
(-0.0195221 -0.0393875 0)
(-0.0184037 -0.0399368 0)
(-0.0137364 -0.0396336 0)
(-0.00901886 -0.0345079 0)
(-0.00541413 -0.0339887 0)
(-0.00103609 -0.0345312 0)
(0.00344616 -0.034603 0)
(0.00566861 -0.0338055 0)
(0.0061184 -0.0332737 0)
(0.0071099 -0.0317393 0)
(0.0118818 -0.0296963 0)
(0.0173696 -0.0271979 0)
(0.018469 -0.0224673 0)
(0.0171804 -0.0193169 0)
(0.0163036 -0.0169958 0)
(0.0150424 -0.015206 0)
(0.0130751 -0.0134946 0)
(0.0120168 -0.0103792 0)
(0.0105782 -0.00814976 0)
(0.00912078 -0.00689079 0)
(0.00857544 -0.00620147 0)
(0.00696789 -0.00663442 0)
(0.00119629 -0.00629215 0)
(-0.0040238 -0.00767362 0)
(-0.00476968 -0.00806853 0)
(-0.00524598 -0.00858303 0)
(-0.00694854 -0.0095896 0)
(-0.00872012 -0.0130827 0)
(-0.0124919 -0.0169217 0)
(-0.0192626 -0.020827 0)
(-0.0246859 -0.0222042 0)
(-0.0286035 -0.0240469 0)
(-0.0320492 -0.0262582 0)
(-0.0306475 -0.0264344 0)
(-0.024919 -0.0249296 0)
(-0.0205874 -0.0257223 0)
(-0.0142305 -0.024571 0)
(-0.00480718 -0.0246436 0)
(0.00521124 -0.0257119 0)
(0.0160057 -0.0253516 0)
(0.0256661 -0.0243025 0)
(0.0311263 -0.0232793 0)
(0.0339005 -0.0213929 0)
(0.0363439 -0.0206818 0)
(0.0353221 -0.0215377 0)
(0.0322327 -0.0185238 0)
(0.0298931 -0.0142366 0)
(0.0267127 -0.0127884 0)
(0.0213288 -0.0103405 0)
(0.0156442 -0.00701578 0)
(0.0102606 -0.0039244 0)
(0.00353457 -0.00191973 0)
(-0.00176766 -0.00103645 0)
(-0.00574078 -0.00574683 0)
(-0.0121409 -0.012138 0)
(-0.0172803 -0.0180055 0)
(-0.0199165 -0.0228056 0)
(-0.0239919 -0.0273962 0)
(-0.0287391 -0.031461 0)
(-0.0338911 -0.0339663 0)
(-0.0381451 -0.0335227 0)
(-0.03813 -0.0337006 0)
(-0.0352 -0.0351517 0)
(-0.0300254 -0.0354914 0)
(-0.0242913 -0.0355552 0)
(-0.020955 -0.0338805 0)
(-0.0182152 -0.0326365 0)
(-0.016075 -0.0337281 0)
(-0.0137609 -0.038434 0)
(-0.00848906 -0.0429307 0)
(-0.00112344 -0.0462045 0)
(0.00655903 -0.0473379 0)
(0.0131859 -0.0447629 0)
(0.0156418 -0.0413695 0)
(0.0208953 -0.0379056 0)
(0.0329016 -0.0374964 0)
(0.0437831 -0.0361814 0)
(0.05083 -0.0364369 0)
(0.0550007 -0.0359184 0)
(0.0555809 -0.0360938 0)
(0.0515669 -0.0366074 0)
(0.0463591 -0.0364536 0)
(0.0432327 -0.0369561 0)
(0.0379274 -0.0391398 0)
(0.0296157 -0.0420685 0)
(0.0216731 -0.0441316 0)
(0.013798 -0.0430747 0)
(0.00581199 -0.0446852 0)
(-0.00286346 -0.0453682 0)
(-0.011108 -0.0465028 0)
(-0.0184558 -0.0485665 0)
(-0.0265967 -0.0534579 0)
(-0.0345651 -0.0589559 0)
(-0.0383854 -0.0616063 0)
(-0.0384598 -0.0624196 0)
(-0.0391924 -0.0656906 0)
(-0.0407363 -0.0688502 0)
(-0.0417497 -0.0697784 0)
(-0.0385245 -0.0689585 0)
(-0.0328495 -0.0675205 0)
(-0.0306134 -0.0672065 0)
(-0.0279699 -0.0660118 0)
(-0.0195635 -0.0637836 0)
(-0.0125909 -0.0584494 0)
(-0.008726 -0.0567743 0)
(-0.00240689 -0.0578732 0)
(0.00427459 -0.0577879 0)
(0.00855286 -0.0562402 0)
(0.0104074 -0.0546661 0)
(0.0137196 -0.0520007 0)
(0.0207054 -0.0469283 0)
(0.0279975 -0.0439375 0)
(0.0302807 -0.0387781 0)
(0.028625 -0.0327066 0)
(0.0270579 -0.028094 0)
(0.0244293 -0.0247362 0)
(0.0224737 -0.0223543 0)
(0.0209185 -0.018508 0)
(0.0178052 -0.0148679 0)
(0.0149434 -0.0119258 0)
(0.0127343 -0.0106749 0)
(0.00986112 -0.0109667 0)
(0.00201542 -0.0114955 0)
(-0.00599836 -0.0110788 0)
(-0.00793763 -0.0133244 0)
(-0.00948286 -0.0152621 0)
(-0.0130935 -0.0186888 0)
(-0.016698 -0.0224365 0)
(-0.0235466 -0.0276015 0)
(-0.0323783 -0.033475 0)
(-0.0392967 -0.0380344 0)
(-0.0446054 -0.0406149 0)
(-0.0488331 -0.0426638 0)
(-0.0461728 -0.0439263 0)
(-0.0377027 -0.0438467 0)
(-0.0300977 -0.0444776 0)
(-0.0198532 -0.0417093 0)
(-0.00700724 -0.0408018 0)
(0.00789556 -0.0413378 0)
(0.0242352 -0.0416089 0)
(0.0386893 -0.0412006 0)
(0.0477362 -0.0395986 0)
(0.0523409 -0.0368504 0)
(0.0544707 -0.0352318 0)
(0.0543258 -0.035606 0)
(0.052047 -0.0308311 0)
(0.047533 -0.0255061 0)
(0.0414316 -0.0214401 0)
(0.0335842 -0.0167053 0)
(0.0251277 -0.0122656 0)
(0.0155819 -0.00750241 0)
(0.00544285 -0.00296065 0)
(-0.00295502 -0.00274259 0)
(-0.00946926 -0.00943601 0)
(-0.017619 -0.0184676 0)
(-0.0242897 -0.0258128 0)
(-0.0281647 -0.0326402 0)
(-0.0332362 -0.0374451 0)
(-0.0393722 -0.0424239 0)
(-0.0442369 -0.0464363 0)
(-0.0484712 -0.0471423 0)
(-0.0493676 -0.0481286 0)
(-0.045613 -0.0489287 0)
(-0.0392216 -0.0485425 0)
(-0.0321624 -0.0483388 0)
(-0.0269617 -0.0469313 0)
(-0.0238601 -0.0466607 0)
(-0.0229611 -0.0479722 0)
(-0.0202362 -0.052647 0)
(-0.0123231 -0.0565617 0)
(-0.00214128 -0.0616941 0)
(0.00903499 -0.062918 0)
(0.0188305 -0.0604502 0)
(0.0240864 -0.0576533 0)
(0.030936 -0.0529767 0)
(0.0446348 -0.051324 0)
(0.0575042 -0.0502354 0)
(0.0660925 -0.0502676 0)
(0.0713432 -0.0496257 0)
(0.0715239 -0.0495059 0)
(0.0676207 -0.0506373 0)
(0.0618513 -0.0514502 0)
(0.0559063 -0.0514598 0)
(0.0473369 -0.0546178 0)
(0.0381171 -0.05784 0)
(0.0295981 -0.0594412 0)
(0.0180586 -0.0592861 0)
(0.00661373 -0.0612625 0)
(-0.00365569 -0.0629981 0)
(-0.0149405 -0.0648818 0)
(-0.026144 -0.0698625 0)
(-0.0379743 -0.0748763 0)
(-0.0470286 -0.08073 0)
(-0.0500319 -0.0823029 0)
(-0.0519015 -0.0839637 0)
(-0.0549052 -0.0898992 0)
(-0.0558987 -0.0950423 0)
(-0.0546127 -0.0971372 0)
(-0.0494186 -0.0961693 0)
(-0.0431374 -0.096161 0)
(-0.0398222 -0.0944124 0)
(-0.0346933 -0.0900734 0)
(-0.0237398 -0.0858415 0)
(-0.0153183 -0.0816251 0)
(-0.0118947 -0.0796591 0)
(-0.00441687 -0.0806755 0)
(0.00569563 -0.0799826 0)
(0.0118873 -0.0764513 0)
(0.0153247 -0.0741211 0)
(0.0211975 -0.0710265 0)
(0.0291771 -0.0653183 0)
(0.0373396 -0.0603428 0)
(0.0421689 -0.0549788 0)
(0.0409443 -0.0458089 0)
(0.0377926 -0.0396973 0)
(0.0338984 -0.0347433 0)
(0.0309032 -0.0306559 0)
(0.0294131 -0.0269873 0)
(0.0259664 -0.0217035 0)
(0.0213531 -0.0170815 0)
(0.0168671 -0.0152444 0)
(0.0116054 -0.015497 0)
(0.00286022 -0.0165957 0)
(-0.00719734 -0.0162361 0)
(-0.0121494 -0.0183544 0)
(-0.0153034 -0.0233396 0)
(-0.0201601 -0.0286981 0)
(-0.0255906 -0.0333425 0)
(-0.0347977 -0.0392756 0)
(-0.0460736 -0.0458655 0)
(-0.0534988 -0.0536204 0)
(-0.0586477 -0.0566982 0)
(-0.0629154 -0.0608909 0)
(-0.059167 -0.0616372 0)
(-0.0491016 -0.0615219 0)
(-0.0374728 -0.0616916 0)
(-0.0232442 -0.0596029 0)
(-0.00792961 -0.0575089 0)
(0.010098 -0.0571136 0)
(0.0303422 -0.0577669 0)
(0.0491642 -0.0580865 0)
(0.062009 -0.0571723 0)
(0.0683846 -0.0544261 0)
(0.0703383 -0.0517559 0)
(0.0709922 -0.0495537 0)
(0.0695428 -0.0435392 0)
(0.0635225 -0.0364778 0)
(0.0557028 -0.0297173 0)
(0.044895 -0.0229551 0)
(0.0328218 -0.0179981 0)
(0.0206163 -0.0121367 0)
(0.00720148 -0.0039464 0)
(-0.00365745 -0.00553059 0)
(-0.0129674 -0.0144885 0)
(-0.0235295 -0.0240521 0)
(-0.0308971 -0.0324422 0)
(-0.035274 -0.0404937 0)
(-0.041445 -0.0474828 0)
(-0.0490372 -0.0528852 0)
(-0.0540759 -0.0576474 0)
(-0.0580899 -0.0601145 0)
(-0.058654 -0.0610312 0)
(-0.0539752 -0.0613687 0)
(-0.0465882 -0.0603442 0)
(-0.0383243 -0.0590336 0)
(-0.0329279 -0.058519 0)
(-0.0297805 -0.0603326 0)
(-0.0285397 -0.0619226 0)
(-0.0251215 -0.0646804 0)
(-0.0169891 -0.0678609 0)
(-0.00452618 -0.0740806 0)
(0.0117865 -0.0746703 0)
(0.0246108 -0.0735397 0)
(0.0323514 -0.07113 0)
(0.0410959 -0.0662643 0)
(0.0553064 -0.0631639 0)
(0.0694685 -0.0640815 0)
(0.0796539 -0.0629338 0)
(0.0860035 -0.062617 0)
(0.0858894 -0.0615897 0)
(0.0804768 -0.0629744 0)
(0.0743346 -0.0649788 0)
(0.0670095 -0.06565 0)
(0.0562093 -0.0679429 0)
(0.0451853 -0.0701497 0)
(0.0351452 -0.0733976 0)
(0.0219876 -0.0740049 0)
(0.00762204 -0.0759612 0)
(-0.00575081 -0.0795378 0)
(-0.0208673 -0.0827094 0)
(-0.0347043 -0.0891151 0)
(-0.0475213 -0.0957705 0)
(-0.0566935 -0.0999026 0)
(-0.060346 -0.102131 0)
(-0.0655942 -0.105664 0)
(-0.0702238 -0.111899 0)
(-0.0697861 -0.116921 0)
(-0.0663212 -0.120623 0)
(-0.0605627 -0.121131 0)
(-0.0526321 -0.122151 0)
(-0.0451807 -0.119094 0)
(-0.0383111 -0.112487 0)
(-0.0270981 -0.107489 0)
(-0.0183583 -0.104793 0)
(-0.0146311 -0.102016 0)
(-0.00566489 -0.100947 0)
(0.00756409 -0.0991873 0)
(0.0157386 -0.0954236 0)
(0.0195408 -0.092073 0)
(0.027553 -0.0886455 0)
(0.0382549 -0.0820666 0)
(0.0473043 -0.0759404 0)
(0.0539517 -0.0685869 0)
(0.0533742 -0.0592814 0)
(0.0485926 -0.0530496 0)
(0.0438078 -0.0464134 0)
(0.039885 -0.0403258 0)
(0.0380546 -0.0346478 0)
(0.0343956 -0.0282718 0)
(0.0276195 -0.0222978 0)
(0.020202 -0.020677 0)
(0.0130334 -0.0209329 0)
(0.00291773 -0.0211671 0)
(-0.00863629 -0.0220674 0)
(-0.0168303 -0.0242887 0)
(-0.022736 -0.0315242 0)
(-0.028095 -0.0382687 0)
(-0.0345128 -0.0448253 0)
(-0.0459328 -0.0516405 0)
(-0.0597103 -0.0603023 0)
(-0.0672835 -0.0683791 0)
(-0.0722343 -0.0742266 0)
(-0.0757359 -0.0784595 0)
(-0.0690096 -0.0791247 0)
(-0.0571357 -0.0779793 0)
(-0.0436457 -0.0770738 0)
(-0.0260728 -0.0750644 0)
(-0.00775599 -0.0728602 0)
(0.012283 -0.0718308 0)
(0.0350929 -0.0727351 0)
(0.0568723 -0.0733473 0)
(0.0728573 -0.0741951 0)
(0.081777 -0.0727277 0)
(0.0848779 -0.0686631 0)
(0.0867269 -0.0628039 0)
(0.0860111 -0.0555361 0)
(0.0790395 -0.0465681 0)
(0.0686733 -0.0378249 0)
(0.0543255 -0.0299884 0)
(0.0392119 -0.0230193 0)
(0.0253663 -0.0163131 0)
(0.00932927 -0.00586966 0)
(-0.00435295 -0.00767999 0)
(-0.0151011 -0.0195867 0)
(-0.0273768 -0.028924 0)
(-0.0370404 -0.0375492 0)
(-0.0435929 -0.0468913 0)
(-0.0501053 -0.0556459 0)
(-0.057697 -0.0625043 0)
(-0.0629864 -0.0676202 0)
(-0.0661227 -0.071098 0)
(-0.0661121 -0.0712285 0)
(-0.0606206 -0.0720835 0)
(-0.0520234 -0.0701732 0)
(-0.0439207 -0.0685674 0)
(-0.0392702 -0.0689714 0)
(-0.0356233 -0.0716152 0)
(-0.0330226 -0.0753331 0)
(-0.0288243 -0.0767899 0)
(-0.0206528 -0.0791323 0)
(-0.00572178 -0.0817781 0)
(0.0137423 -0.0825741 0)
(0.0287924 -0.0830865 0)
(0.040131 -0.0814951 0)
(0.0511807 -0.0762744 0)
(0.0644996 -0.0736144 0)
(0.0795018 -0.0750753 0)
(0.0917891 -0.0744628 0)
(0.0986861 -0.0735689 0)
(0.0982093 -0.0730213 0)
(0.0915948 -0.0748573 0)
(0.0849578 -0.0766186 0)
(0.0766874 -0.0780129 0)
(0.0642371 -0.0803633 0)
(0.0509498 -0.0824827 0)
(0.0396977 -0.0850308 0)
(0.0248616 -0.0867582 0)
(0.0069215 -0.0906302 0)
(-0.00844245 -0.0954785 0)
(-0.0258108 -0.0984356 0)
(-0.0433415 -0.10462 0)
(-0.0570308 -0.112597 0)
(-0.066002 -0.117258 0)
(-0.071127 -0.121726 0)
(-0.0778023 -0.127075 0)
(-0.0831581 -0.130514 0)
(-0.082988 -0.135048 0)
(-0.0783942 -0.140946 0)
(-0.0704955 -0.142871 0)
(-0.060265 -0.141699 0)
(-0.0495937 -0.139451 0)
(-0.0409088 -0.133905 0)
(-0.0303023 -0.129218 0)
(-0.0206176 -0.12682 0)
(-0.0153005 -0.12212 0)
(-0.00553666 -0.118398 0)
(0.00935098 -0.115339 0)
(0.0191756 -0.112658 0)
(0.0245371 -0.107563 0)
(0.034815 -0.102392 0)
(0.0467145 -0.0960799 0)
(0.0570768 -0.0894864 0)
(0.0653511 -0.0808058 0)
(0.0638337 -0.0730131 0)
(0.0587215 -0.0663627 0)
(0.0542706 -0.059 0)
(0.0497941 -0.0511218 0)
(0.0475412 -0.0430315 0)
(0.0431839 -0.0350176 0)
(0.0337739 -0.0290745 0)
(0.0231663 -0.0266705 0)
(0.0146513 -0.026022 0)
(0.00320928 -0.0264181 0)
(-0.0106055 -0.028752 0)
(-0.0223258 -0.0316317 0)
(-0.0307536 -0.0388672 0)
(-0.0370853 -0.0459751 0)
(-0.0447746 -0.0555399 0)
(-0.0580931 -0.0656525 0)
(-0.07301 -0.076221 0)
(-0.0807451 -0.0829253 0)
(-0.0846736 -0.0904034 0)
(-0.085648 -0.0937994 0)
(-0.0770354 -0.0937751 0)
(-0.0633886 -0.092886 0)
(-0.0474554 -0.090528 0)
(-0.0275888 -0.0871975 0)
(-0.00755261 -0.0854996 0)
(0.0139507 -0.0846703 0)
(0.0385825 -0.0859805 0)
(0.0623673 -0.0878355 0)
(0.0805371 -0.089525 0)
(0.0929797 -0.0890353 0)
(0.0991975 -0.0839452 0)
(0.101764 -0.0751599 0)
(0.100835 -0.06677 0)
(0.0930693 -0.0566922 0)
(0.0805823 -0.0465133 0)
(0.0636532 -0.0375034 0)
(0.0450944 -0.0269147 0)
(0.029003 -0.0185497 0)
(0.0118662 -0.00671051 0)
(-0.00536628 -0.00819293 0)
(-0.0173778 -0.0218168 0)
(-0.0307405 -0.0336336 0)
(-0.0424498 -0.0430038 0)
(-0.050686 -0.0523689 0)
(-0.0583414 -0.0615416 0)
(-0.0661326 -0.0699379 0)
(-0.0710084 -0.074496 0)
(-0.0729486 -0.0775271 0)
(-0.0723363 -0.0792557 0)
(-0.0661241 -0.0799322 0)
(-0.0562736 -0.0783876 0)
(-0.0486011 -0.0784555 0)
(-0.0448559 -0.0794813 0)
(-0.0423432 -0.0812396 0)
(-0.0381445 -0.0855287 0)
(-0.031401 -0.0867092 0)
(-0.0216667 -0.0881553 0)
(-0.00549624 -0.0880462 0)
(0.0150408 -0.0900667 0)
(0.0324124 -0.0897934 0)
(0.0473434 -0.0876171 0)
(0.0600207 -0.083808 0)
(0.0724826 -0.0818491 0)
(0.0880128 -0.0820334 0)
(0.102197 -0.084542 0)
(0.109947 -0.0835817 0)
(0.108367 -0.0839349 0)
(0.100916 -0.0850431 0)
(0.0939713 -0.0863549 0)
(0.0844164 -0.0886447 0)
(0.0706988 -0.0915889 0)
(0.056618 -0.0939802 0)
(0.0435165 -0.0949546 0)
(0.0257529 -0.0991021 0)
(0.00536246 -0.103836 0)
(-0.0110205 -0.109661 0)
(-0.0306622 -0.114283 0)
(-0.051532 -0.119724 0)
(-0.066323 -0.125852 0)
(-0.0756626 -0.131122 0)
(-0.0820787 -0.137372 0)
(-0.0882685 -0.144017 0)
(-0.0934566 -0.146623 0)
(-0.0954494 -0.150096 0)
(-0.0901051 -0.155711 0)
(-0.078591 -0.159155 0)
(-0.0665192 -0.158324 0)
(-0.0543671 -0.156117 0)
(-0.0438585 -0.151453 0)
(-0.0327799 -0.149268 0)
(-0.021576 -0.14608 0)
(-0.0142738 -0.139691 0)
(-0.00392952 -0.133638 0)
(0.0109691 -0.128942 0)
(0.0228526 -0.126712 0)
(0.0304766 -0.120182 0)
(0.0412069 -0.11287 0)
(0.0546064 -0.106696 0)
(0.066765 -0.0995595 0)
(0.0752568 -0.0931591 0)
(0.0736974 -0.0868487 0)
(0.068677 -0.0778306 0)
(0.0644927 -0.0699197 0)
(0.0605046 -0.0604189 0)
(0.0579551 -0.0515427 0)
(0.0517174 -0.0417135 0)
(0.0396329 -0.0352891 0)
(0.0269233 -0.030924 0)
(0.0160457 -0.0309331 0)
(0.0018705 -0.0336904 0)
(-0.0134516 -0.0372768 0)
(-0.0271318 -0.0406129 0)
(-0.0379626 -0.046431 0)
(-0.046872 -0.053967 0)
(-0.0574553 -0.0656526 0)
(-0.0717109 -0.0786074 0)
(-0.0850643 -0.0880262 0)
(-0.092124 -0.0955912 0)
(-0.0957638 -0.103108 0)
(-0.0939773 -0.106044 0)
(-0.0832285 -0.105104 0)
(-0.0676168 -0.104182 0)
(-0.0493039 -0.102752 0)
(-0.0283764 -0.0988355 0)
(-0.00749268 -0.0968666 0)
(0.0149639 -0.096448 0)
(0.040267 -0.0980309 0)
(0.065682 -0.100402 0)
(0.0864156 -0.102281 0)
(0.102249 -0.101733 0)
(0.112179 -0.0964606 0)
(0.115951 -0.0873278 0)
(0.114524 -0.077967 0)
(0.106182 -0.0664888 0)
(0.0913918 -0.0543626 0)
(0.0728084 -0.0438684 0)
(0.0518781 -0.0311069 0)
(0.0328546 -0.0194045 0)
(0.0135806 -0.00641906 0)
(-0.00620544 -0.00804924 0)
(-0.0204103 -0.0224552 0)
(-0.0348789 -0.0360819 0)
(-0.047148 -0.0471749 0)
(-0.0573114 -0.0562525 0)
(-0.0663344 -0.0653635 0)
(-0.0732509 -0.0732251 0)
(-0.0767551 -0.0775694 0)
(-0.079324 -0.0808392 0)
(-0.0783981 -0.08443 0)
(-0.0706552 -0.0842926 0)
(-0.0612067 -0.0850261 0)
(-0.0541422 -0.0876039 0)
(-0.0495155 -0.0893625 0)
(-0.0467326 -0.0899945 0)
(-0.0419035 -0.0914586 0)
(-0.0335935 -0.0930321 0)
(-0.0222888 -0.0943114 0)
(-0.00547858 -0.0940423 0)
(0.016507 -0.0951959 0)
(0.0371522 -0.0940367 0)
(0.05371 -0.0916178 0)
(0.0672855 -0.0894867 0)
(0.0802905 -0.088942 0)
(0.0943572 -0.0884121 0)
(0.109345 -0.0912588 0)
(0.119034 -0.0917685 0)
(0.117514 -0.0923446 0)
(0.109943 -0.09283 0)
(0.101511 -0.0950119 0)
(0.0905168 -0.0978968 0)
(0.0759422 -0.101242 0)
(0.0615972 -0.10446 0)
(0.0461803 -0.105062 0)
(0.0254613 -0.109549 0)
(0.00306032 -0.114552 0)
(-0.0154369 -0.121822 0)
(-0.0356362 -0.128985 0)
(-0.0572185 -0.131829 0)
(-0.0734942 -0.135911 0)
(-0.0849525 -0.141746 0)
(-0.0930799 -0.149115 0)
(-0.098605 -0.15551 0)
(-0.102683 -0.15898 0)
(-0.105297 -0.161948 0)
(-0.100754 -0.165096 0)
(-0.0876908 -0.169166 0)
(-0.0724346 -0.169495 0)
(-0.0576942 -0.168683 0)
(-0.0474466 -0.166715 0)
(-0.036064 -0.165881 0)
(-0.0212069 -0.162586 0)
(-0.0115795 -0.155048 0)
(-0.000852208 -0.1471 0)
(0.0133377 -0.140433 0)
(0.0264696 -0.136468 0)
(0.0373537 -0.13074 0)
(0.0489852 -0.121958 0)
(0.0621826 -0.114328 0)
(0.0738835 -0.107061 0)
(0.0823931 -0.102609 0)
(0.0832805 -0.0969693 0)
(0.0794687 -0.0864598 0)
(0.0751745 -0.0775126 0)
(0.0709412 -0.068157 0)
(0.0682462 -0.0587095 0)
(0.0612164 -0.0483558 0)
(0.0467391 -0.0407696 0)
(0.0301631 -0.0364127 0)
(0.0149813 -0.0364525 0)
(-0.000677579 -0.0396776 0)
(-0.0165787 -0.0433139 0)
(-0.0315971 -0.0475453 0)
(-0.0447502 -0.0527696 0)
(-0.057045 -0.0614018 0)
(-0.070412 -0.0742751 0)
(-0.0837805 -0.0878411 0)
(-0.0963512 -0.0963894 0)
(-0.103996 -0.105377 0)
(-0.105296 -0.112917 0)
(-0.100103 -0.114869 0)
(-0.0878474 -0.112933 0)
(-0.0721463 -0.111805 0)
(-0.0515194 -0.111722 0)
(-0.0281262 -0.109964 0)
(-0.00710716 -0.108316 0)
(0.0154905 -0.108326 0)
(0.0416213 -0.109463 0)
(0.0682785 -0.111276 0)
(0.0909595 -0.112055 0)
(0.110118 -0.110535 0)
(0.123093 -0.105572 0)
(0.128058 -0.0973678 0)
(0.127225 -0.0871391 0)
(0.118913 -0.0743925 0)
(0.10223 -0.0613889 0)
(0.081461 -0.0487808 0)
(0.0587326 -0.0354955 0)
(0.037107 -0.0212343 0)
(0.0146925 -0.00720926 0)
(-0.00718861 -0.00827758 0)
(-0.0232147 -0.0238747 0)
(-0.0392535 -0.0375199 0)
(-0.0519555 -0.0482772 0)
(-0.0624181 -0.0568167 0)
(-0.0722993 -0.0665052 0)
(-0.0791759 -0.0739451 0)
(-0.0827201 -0.0789832 0)
(-0.0855673 -0.0830712 0)
(-0.08331 -0.0867709 0)
(-0.0752859 -0.0884509 0)
(-0.0672181 -0.0901212 0)
(-0.0596625 -0.0930308 0)
(-0.0534941 -0.0950446 0)
(-0.04947 -0.0965813 0)
(-0.0444142 -0.0963577 0)
(-0.0357774 -0.0979872 0)
(-0.0227686 -0.0985666 0)
(-0.00446357 -0.0986407 0)
(0.0188685 -0.0977554 0)
(0.0410925 -0.0970697 0)
(0.0590258 -0.0957458 0)
(0.0726192 -0.0943286 0)
(0.0860977 -0.0937009 0)
(0.101077 -0.0922203 0)
(0.116033 -0.093313 0)
(0.126461 -0.0962281 0)
(0.125315 -0.0977629 0)
(0.116491 -0.0992525 0)
(0.107015 -0.100906 0)
(0.0953147 -0.103174 0)
(0.0795999 -0.108709 0)
(0.0653875 -0.112968 0)
(0.0488893 -0.115342 0)
(0.0252104 -0.11915 0)
(-1.42754e-05 -0.124644 0)
(-0.0207826 -0.130648 0)
(-0.0398928 -0.138981 0)
(-0.0610768 -0.142904 0)
(-0.0804399 -0.145531 0)
(-0.0942949 -0.149667 0)
(-0.102878 -0.156043 0)
(-0.107567 -0.161635 0)
(-0.111191 -0.166096 0)
(-0.113479 -0.170043 0)
(-0.109046 -0.171764 0)
(-0.0951408 -0.17427 0)
(-0.0787737 -0.176855 0)
(-0.0638889 -0.178272 0)
(-0.0520289 -0.179802 0)
(-0.0383959 -0.177318 0)
(-0.0205011 -0.173152 0)
(-0.00791054 -0.166683 0)
(0.00367882 -0.157803 0)
(0.0174759 -0.150567 0)
(0.0303837 -0.144649 0)
(0.043125 -0.138074 0)
(0.0566738 -0.128328 0)
(0.0701986 -0.120303 0)
(0.0810347 -0.11371 0)
(0.0890727 -0.109435 0)
(0.0924133 -0.102349 0)
(0.0899752 -0.0916495 0)
(0.0848198 -0.0811989 0)
(0.0808385 -0.0729743 0)
(0.0784585 -0.0631455 0)
(0.0701087 -0.0539421 0)
(0.0527038 -0.0474605 0)
(0.0333124 -0.0432788 0)
(0.0156315 -0.0411137 0)
(-0.00253953 -0.0431708 0)
(-0.0200229 -0.0468416 0)
(-0.0363124 -0.0512009 0)
(-0.0518198 -0.0566839 0)
(-0.0677957 -0.0666638 0)
(-0.0834483 -0.0811055 0)
(-0.0959262 -0.0938867 0)
(-0.107178 -0.104208 0)
(-0.114475 -0.112283 0)
(-0.113473 -0.11858 0)
(-0.104667 -0.119997 0)
(-0.0909278 -0.117758 0)
(-0.0752613 -0.116454 0)
(-0.0544446 -0.117399 0)
(-0.0298314 -0.11833 0)
(-0.00739515 -0.118627 0)
(0.0159616 -0.119325 0)
(0.042738 -0.120775 0)
(0.0708239 -0.119943 0)
(0.0958128 -0.11929 0)
(0.116911 -0.117034 0)
(0.131937 -0.112071 0)
(0.138852 -0.103673 0)
(0.139132 -0.0939606 0)
(0.130325 -0.0806602 0)
(0.112095 -0.0676905 0)
(0.0895976 -0.053749 0)
(0.0650497 -0.0396455 0)
(0.0411469 -0.0234296 0)
(0.0162455 -0.0086505 0)
(-0.00846138 -0.00870199 0)
(-0.0261475 -0.024405 0)
(-0.0419906 -0.0377989 0)
(-0.0547077 -0.0476309 0)
(-0.0676476 -0.0561939 0)
(-0.0788603 -0.0665704 0)
(-0.0848293 -0.0738354 0)
(-0.0878188 -0.0794947 0)
(-0.0908221 -0.0829588 0)
(-0.089014 -0.0863566 0)
(-0.0801646 -0.0915417 0)
(-0.0715535 -0.0941704 0)
(-0.0642828 -0.0957343 0)
(-0.0578524 -0.0971907 0)
(-0.0523443 -0.0997237 0)
(-0.0462627 -0.100701 0)
(-0.0370249 -0.10194 0)
(-0.0229012 -0.101279 0)
(-0.00321808 -0.10049 0)
(0.0212139 -0.0995499 0)
(0.0441359 -0.0991619 0)
(0.0632176 -0.0983451 0)
(0.0782416 -0.0965075 0)
(0.0931402 -0.0942923 0)
(0.107562 -0.0936212 0)
(0.120597 -0.0936726 0)
(0.130808 -0.0965823 0)
(0.130694 -0.100059 0)
(0.122888 -0.102353 0)
(0.113247 -0.102454 0)
(0.0983098 -0.105488 0)
(0.0807802 -0.112367 0)
(0.0669245 -0.11793 0)
(0.0497319 -0.124511 0)
(0.0244207 -0.12881 0)
(-0.00199739 -0.13277 0)
(-0.0250053 -0.137372 0)
(-0.0460437 -0.145012 0)
(-0.0656804 -0.150069 0)
(-0.0841839 -0.152831 0)
(-0.100234 -0.15502 0)
(-0.110977 -0.159174 0)
(-0.11631 -0.163693 0)
(-0.120039 -0.168029 0)
(-0.121135 -0.173249 0)
(-0.115659 -0.1757 0)
(-0.102999 -0.177326 0)
(-0.0863761 -0.182593 0)
(-0.0699982 -0.184691 0)
(-0.0557646 -0.187653 0)
(-0.0388657 -0.184319 0)
(-0.0195933 -0.178275 0)
(-0.00492244 -0.172869 0)
(0.00797226 -0.164779 0)
(0.0215535 -0.158775 0)
(0.0356858 -0.152363 0)
(0.0507587 -0.14291 0)
(0.0646941 -0.131985 0)
(0.0766494 -0.123834 0)
(0.0864742 -0.118573 0)
(0.0960014 -0.113612 0)
(0.102024 -0.104733 0)
(0.100852 -0.0935294 0)
(0.0946724 -0.0821153 0)
(0.0897073 -0.0735859 0)
(0.0872735 -0.0653854 0)
(0.0771593 -0.0583139 0)
(0.0582148 -0.0527264 0)
(0.0375486 -0.0470279 0)
(0.0167359 -0.0448749 0)
(-0.00435882 -0.0466198 0)
(-0.0231615 -0.0493356 0)
(-0.0407499 -0.0535901 0)
(-0.0592792 -0.0602118 0)
(-0.0793977 -0.0706169 0)
(-0.0960351 -0.0851111 0)
(-0.107515 -0.0983256 0)
(-0.117618 -0.108495 0)
(-0.12304 -0.114711 0)
(-0.119809 -0.119493 0)
(-0.108232 -0.122222 0)
(-0.0933378 -0.120135 0)
(-0.0788034 -0.119432 0)
(-0.0581607 -0.122271 0)
(-0.0322536 -0.124894 0)
(-0.00879405 -0.127049 0)
(0.0152786 -0.127108 0)
(0.0447129 -0.126862 0)
(0.0747563 -0.125953 0)
(0.0998137 -0.124999 0)
(0.122823 -0.122417 0)
(0.140256 -0.11706 0)
(0.147864 -0.107714 0)
(0.14898 -0.0987526 0)
(0.14061 -0.0871121 0)
(0.121169 -0.0738162 0)
(0.0972587 -0.0591159 0)
(0.0715288 -0.0439092 0)
(0.0451065 -0.0262008 0)
(0.0177196 -0.00910043 0)
(-0.00924241 -0.00845362 0)
(-0.0282275 -0.0231403 0)
(-0.0447272 -0.0361829 0)
(-0.0578944 -0.0471221 0)
(-0.0721574 -0.0564442 0)
(-0.0839408 -0.0652033 0)
(-0.0896996 -0.0728714 0)
(-0.0923092 -0.0777257 0)
(-0.094869 -0.0818758 0)
(-0.0947791 -0.0846466 0)
(-0.0866442 -0.0908106 0)
(-0.0759617 -0.0942057 0)
(-0.0672329 -0.0960869 0)
(-0.0611543 -0.0979765 0)
(-0.0558884 -0.101025 0)
(-0.0487656 -0.103206 0)
(-0.0376228 -0.103876 0)
(-0.0216725 -0.10216 0)
(-0.00159696 -0.100078 0)
(0.0230891 -0.0998563 0)
(0.046924 -0.0993602 0)
(0.0676383 -0.0988469 0)
(0.0839345 -0.0965602 0)
(0.0981161 -0.0947507 0)
(0.112789 -0.0943826 0)
(0.126185 -0.0939002 0)
(0.134809 -0.0946708 0)
(0.134424 -0.0979496 0)
(0.12797 -0.0999396 0)
(0.117423 -0.101917 0)
(0.0998245 -0.107238 0)
(0.0809889 -0.113633 0)
(0.0654371 -0.11983 0)
(0.0480723 -0.12938 0)
(0.0243557 -0.134753 0)
(-0.00315357 -0.136952 0)
(-0.0287169 -0.141669 0)
(-0.0502115 -0.147746 0)
(-0.0697615 -0.15151 0)
(-0.088818 -0.155348 0)
(-0.105297 -0.158315 0)
(-0.116949 -0.160941 0)
(-0.122848 -0.163172 0)
(-0.127763 -0.167095 0)
(-0.129127 -0.172843 0)
(-0.122198 -0.176406 0)
(-0.110204 -0.178226 0)
(-0.0937377 -0.183312 0)
(-0.0764553 -0.186142 0)
(-0.0596777 -0.188351 0)
(-0.0383159 -0.186175 0)
(-0.0176556 -0.181812 0)
(-0.00223583 -0.176212 0)
(0.0111478 -0.168894 0)
(0.0250464 -0.1627 0)
(0.0417673 -0.156574 0)
(0.0590118 -0.145526 0)
(0.0726728 -0.135125 0)
(0.0829633 -0.125752 0)
(0.0922194 -0.119198 0)
(0.103496 -0.113271 0)
(0.111803 -0.10397 0)
(0.111403 -0.0925211 0)
(0.10426 -0.0813771 0)
(0.0977145 -0.0725511 0)
(0.0938992 -0.0653838 0)
(0.0831182 -0.0605108 0)
(0.0640598 -0.0539165 0)
(0.041377 -0.0479663 0)
(0.0173501 -0.0474462 0)
(-0.00535895 -0.0491233 0)
(-0.0257032 -0.0511981 0)
(-0.0459101 -0.0549321 0)
(-0.066993 -0.062105 0)
(-0.0897984 -0.0729168 0)
(-0.10852 -0.0857351 0)
(-0.118742 -0.0987238 0)
(-0.125628 -0.107816 0)
(-0.129518 -0.113595 0)
(-0.1262 -0.11834 0)
(-0.112215 -0.121491 0)
(-0.0954059 -0.121338 0)
(-0.0823991 -0.12221 0)
(-0.0626955 -0.123892 0)
(-0.0359608 -0.128102 0)
(-0.00985541 -0.131906 0)
(0.0170696 -0.131971 0)
(0.0462219 -0.130101 0)
(0.0761952 -0.130885 0)
(0.103341 -0.12938 0)
(0.128047 -0.125876 0)
(0.147778 -0.120188 0)
(0.156381 -0.111593 0)
(0.156666 -0.102318 0)
(0.148634 -0.0926179 0)
(0.129516 -0.0797718 0)
(0.104568 -0.0643953 0)
(0.077675 -0.0474904 0)
(0.0499238 -0.0287031 0)
(0.0194829 -0.00982908 0)
(-0.00986699 -0.00756345 0)
(-0.030148 -0.0211313 0)
(-0.0476587 -0.0337643 0)
(-0.0613947 -0.0452737 0)
(-0.0759295 -0.0559054 0)
(-0.0886205 -0.063296 0)
(-0.09394 -0.0711616 0)
(-0.0961098 -0.0744905 0)
(-0.0989073 -0.0793343 0)
(-0.0994815 -0.0830274 0)
(-0.0915933 -0.0878083 0)
(-0.0799698 -0.0904495 0)
(-0.0714025 -0.0927738 0)
(-0.0653554 -0.0972119 0)
(-0.0593392 -0.10162 0)
(-0.0505778 -0.102521 0)
(-0.0373703 -0.101274 0)
(-0.0199787 -0.099888 0)
(-4.35773e-05 -0.0984346 0)
(0.0246491 -0.0986008 0)
(0.0492556 -0.0977008 0)
(0.0711276 -0.0981071 0)
(0.088533 -0.097416 0)
(0.103342 -0.0945691 0)
(0.117936 -0.0922071 0)
(0.131038 -0.0918704 0)
(0.139089 -0.0912642 0)
(0.13835 -0.0924848 0)
(0.131418 -0.0956685 0)
(0.118897 -0.100191 0)
(0.0999505 -0.106302 0)
(0.0807169 -0.111702 0)
(0.0632266 -0.119734 0)
(0.045119 -0.128426 0)
(0.0235425 -0.134265 0)
(-0.00415288 -0.136692 0)
(-0.0318015 -0.141021 0)
(-0.0539018 -0.145469 0)
(-0.0735778 -0.149891 0)
(-0.0930546 -0.15388 0)
(-0.109603 -0.156451 0)
(-0.120991 -0.158112 0)
(-0.128226 -0.159721 0)
(-0.135236 -0.165268 0)
(-0.136498 -0.170129 0)
(-0.128295 -0.173318 0)
(-0.116657 -0.175666 0)
(-0.100434 -0.180034 0)
(-0.081379 -0.182844 0)
(-0.0627113 -0.183676 0)
(-0.0400705 -0.183063 0)
(-0.017254 -0.181742 0)
(0.000691106 -0.177237 0)
(0.0151552 -0.170985 0)
(0.0289845 -0.163545 0)
(0.0477673 -0.155683 0)
(0.0669935 -0.144833 0)
(0.0806125 -0.135287 0)
(0.090537 -0.125548 0)
(0.0984897 -0.117468 0)
(0.110546 -0.109318 0)
(0.120973 -0.100892 0)
(0.121332 -0.0889255 0)
(0.113239 -0.0775014 0)
(0.105212 -0.0680403 0)
(0.0995955 -0.0617962 0)
(0.0886564 -0.0579674 0)
(0.0699845 -0.0522781 0)
(0.0442283 -0.0476581 0)
(0.0170933 -0.0469875 0)
(-0.00669583 -0.0488492 0)
(-0.0278481 -0.0517851 0)
(-0.0500508 -0.0565762 0)
(-0.0746574 -0.0630668 0)
(-0.0997863 -0.0723927 0)
(-0.118843 -0.0821741 0)
(-0.128323 -0.093642 0)
(-0.133736 -0.104424 0)
(-0.136381 -0.110139 0)
(-0.131387 -0.115005 0)
(-0.11608 -0.117209 0)
(-0.0990557 -0.120745 0)
(-0.0850972 -0.123226 0)
(-0.0658531 -0.123745 0)
(-0.0402417 -0.128877 0)
(-0.012359 -0.133418 0)
(0.0172548 -0.13537 0)
(0.0473945 -0.133784 0)
(0.0781394 -0.133931 0)
(0.106937 -0.131487 0)
(0.13313 -0.126416 0)
(0.153856 -0.121086 0)
(0.163039 -0.11386 0)
(0.163261 -0.105294 0)
(0.155145 -0.0965531 0)
(0.136827 -0.0847576 0)
(0.112159 -0.0691401 0)
(0.0844859 -0.0495607 0)
(0.0543109 -0.0291116 0)
(0.0214843 -0.0104969 0)
(-0.0102705 -0.0068123 0)
(-0.0316454 -0.0192028 0)
(-0.0505135 -0.0307917 0)
(-0.0656405 -0.0426986 0)
(-0.079842 -0.0539927 0)
(-0.0921071 -0.0610961 0)
(-0.096962 -0.0665867 0)
(-0.0990166 -0.0704843 0)
(-0.103112 -0.074252 0)
(-0.103864 -0.078856 0)
(-0.0954863 -0.0816509 0)
(-0.0832016 -0.0853249 0)
(-0.0757044 -0.0896632 0)
(-0.0708091 -0.0940249 0)
(-0.0623681 -0.0973164 0)
(-0.0503214 -0.0983618 0)
(-0.0365708 -0.0964725 0)
(-0.0194132 -0.096286 0)
(0.000674834 -0.0949403 0)
(0.0261767 -0.0948152 0)
(0.0510942 -0.0947456 0)
(0.0729138 -0.0943014 0)
(0.0928168 -0.0930909 0)
(0.109347 -0.0896248 0)
(0.123144 -0.0879347 0)
(0.136016 -0.086585 0)
(0.144014 -0.0856946 0)
(0.141082 -0.0856436 0)
(0.132147 -0.089071 0)
(0.119102 -0.0956177 0)
(0.100232 -0.101599 0)
(0.079105 -0.107573 0)
(0.0600341 -0.116427 0)
(0.0430048 -0.123182 0)
(0.0224866 -0.129109 0)
(-0.00540188 -0.13246 0)
(-0.0339719 -0.134235 0)
(-0.0570384 -0.13673 0)
(-0.0776933 -0.141319 0)
(-0.0967291 -0.145225 0)
(-0.112697 -0.14843 0)
(-0.124671 -0.150907 0)
(-0.134261 -0.154002 0)
(-0.142188 -0.159354 0)
(-0.142216 -0.162493 0)
(-0.133613 -0.166018 0)
(-0.122439 -0.168767 0)
(-0.106061 -0.172484 0)
(-0.0857415 -0.175118 0)
(-0.065846 -0.176736 0)
(-0.0421676 -0.177386 0)
(-0.017812 -0.176078 0)
(0.00213537 -0.173075 0)
(0.0186103 -0.167911 0)
(0.0346237 -0.161101 0)
(0.0547535 -0.150335 0)
(0.0740837 -0.140535 0)
(0.0877003 -0.131994 0)
(0.09759 -0.122943 0)
(0.106245 -0.112853 0)
(0.118221 -0.101575 0)
(0.129646 -0.0932038 0)
(0.131627 -0.0830821 0)
(0.122688 -0.0714973 0)
(0.112254 -0.061174 0)
(0.104101 -0.0546346 0)
(0.0926085 -0.0516764 0)
(0.0737308 -0.0485237 0)
(0.0468689 -0.0460057 0)
(0.0175111 -0.0444521 0)
(-0.00847609 -0.0460305 0)
(-0.0316452 -0.0499413 0)
(-0.055163 -0.0558346 0)
(-0.0802852 -0.0615995 0)
(-0.106202 -0.068897 0)
(-0.127153 -0.0755458 0)
(-0.138694 -0.086288 0)
(-0.141824 -0.0977211 0)
(-0.141683 -0.102908 0)
(-0.135901 -0.107226 0)
(-0.120822 -0.111715 0)
(-0.103852 -0.116604 0)
(-0.0880198 -0.120326 0)
(-0.0694506 -0.123416 0)
(-0.04471 -0.129764 0)
(-0.0152339 -0.134135 0)
(0.0172019 -0.136306 0)
(0.0485546 -0.135199 0)
(0.0797963 -0.134633 0)
(0.111081 -0.131862 0)
(0.137792 -0.125594 0)
(0.158504 -0.120083 0)
(0.168344 -0.113556 0)
(0.168023 -0.106708 0)
(0.16004 -0.0988726 0)
(0.143022 -0.0879213 0)
(0.12018 -0.0719317 0)
(0.0925155 -0.0512282 0)
(0.0589649 -0.0298455 0)
(0.022974 -0.0098473 0)
(-0.0105422 -0.00634756 0)
(-0.0326586 -0.0189187 0)
(-0.053213 -0.0288763 0)
(-0.0698479 -0.0399225 0)
(-0.0835801 -0.0503518 0)
(-0.0943306 -0.0569007 0)
(-0.0992271 -0.059752 0)
(-0.101688 -0.0652117 0)
(-0.106204 -0.0683162 0)
(-0.106924 -0.0712066 0)
(-0.0988959 -0.0741217 0)
(-0.088661 -0.0790265 0)
(-0.0805911 -0.0862412 0)
(-0.0735332 -0.0893247 0)
(-0.0646343 -0.0899472 0)
(-0.0514449 -0.0918333 0)
(-0.0365672 -0.0905133 0)
(-0.0186927 -0.0899117 0)
(0.00217048 -0.0883785 0)
(0.0269608 -0.0879833 0)
(0.0528705 -0.0880899 0)
(0.0766491 -0.0864589 0)
(0.0973051 -0.0865705 0)
(0.113415 -0.0827498 0)
(0.127273 -0.0798171 0)
(0.14044 -0.076917 0)
(0.147985 -0.0761147 0)
(0.14429 -0.0782841 0)
(0.132483 -0.0818834 0)
(0.117815 -0.0873171 0)
(0.0987859 -0.0931755 0)
(0.0767223 -0.0999741 0)
(0.0577525 -0.106758 0)
(0.0407384 -0.112952 0)
(0.0204922 -0.119383 0)
(-0.00539583 -0.123499 0)
(-0.0336927 -0.123782 0)
(-0.0591317 -0.124178 0)
(-0.0810677 -0.127589 0)
(-0.100667 -0.131049 0)
(-0.117193 -0.134341 0)
(-0.129387 -0.139007 0)
(-0.139463 -0.144537 0)
(-0.147057 -0.149013 0)
(-0.147343 -0.150394 0)
(-0.139035 -0.153067 0)
(-0.127537 -0.156631 0)
(-0.111059 -0.160511 0)
(-0.0901336 -0.164209 0)
(-0.0695439 -0.165795 0)
(-0.0441775 -0.166532 0)
(-0.0180134 -0.166736 0)
(0.00348736 -0.164165 0)
(0.0215007 -0.15966 0)
(0.0402043 -0.152178 0)
(0.0619211 -0.141316 0)
(0.0802073 -0.132811 0)
(0.0939143 -0.124579 0)
(0.105543 -0.116133 0)
(0.115614 -0.103626 0)
(0.12679 -0.0910776 0)
(0.136648 -0.0813657 0)
(0.139548 -0.0728283 0)
(0.131675 -0.0634653 0)
(0.119912 -0.0546491 0)
(0.108758 -0.0468577 0)
(0.095121 -0.0436719 0)
(0.0758371 -0.0422 0)
(0.0485446 -0.0408451 0)
(0.0179739 -0.0398972 0)
(-0.0103087 -0.0407697 0)
(-0.035148 -0.0451173 0)
(-0.0592528 -0.051391 0)
(-0.0854395 -0.0568711 0)
(-0.111757 -0.06292 0)
(-0.133854 -0.0688428 0)
(-0.147302 -0.0770715 0)
(-0.148991 -0.0862062 0)
(-0.146643 -0.0922353 0)
(-0.14122 -0.0965595 0)
(-0.126239 -0.103419 0)
(-0.108371 -0.109438 0)
(-0.092633 -0.114949 0)
(-0.0747139 -0.121691 0)
(-0.0493373 -0.128995 0)
(-0.0176424 -0.133376 0)
(0.0166961 -0.13439 0)
(0.0494189 -0.135166 0)
(0.0817445 -0.133751 0)
(0.114798 -0.129894 0)
(0.142702 -0.12396 0)
(0.162889 -0.117809 0)
(0.171852 -0.113029 0)
(0.17132 -0.107138 0)
(0.163957 -0.0989501 0)
(0.148788 -0.0883394 0)
(0.127818 -0.0714592 0)
(0.0999488 -0.0518846 0)
(0.0643263 -0.0312406 0)
(0.0245301 -0.0095783 0)
(-0.0115012 -0.00654428 0)
(-0.0337791 -0.0183039 0)
(-0.0546321 -0.0269762 0)
(-0.0729616 -0.0366084 0)
(-0.0863569 -0.0456081 0)
(-0.0951824 -0.0507125 0)
(-0.101013 -0.052569 0)
(-0.104693 -0.0579082 0)
(-0.10802 -0.0613125 0)
(-0.109454 -0.0630838 0)
(-0.103101 -0.0672339 0)
(-0.0942658 -0.0718666 0)
(-0.0854863 -0.0791103 0)
(-0.0755947 -0.0831631 0)
(-0.0659432 -0.0825805 0)
(-0.051982 -0.082592 0)
(-0.0357844 -0.0823951 0)
(-0.0177452 -0.0813222 0)
(0.00299861 -0.0794818 0)
(0.0281601 -0.0784144 0)
(0.0548823 -0.0776087 0)
(0.0775954 -0.0764865 0)
(0.0999743 -0.0758907 0)
(0.119541 -0.0728513 0)
(0.133357 -0.0682979 0)
(0.145221 -0.0647236 0)
(0.149884 -0.063652 0)
(0.14392 -0.0684897 0)
(0.13259 -0.0734995 0)
(0.117687 -0.0767343 0)
(0.0974218 -0.082984 0)
(0.0750421 -0.0879796 0)
(0.0556866 -0.0913344 0)
(0.0380567 -0.0974584 0)
(0.0181058 -0.104128 0)
(-0.00628715 -0.108891 0)
(-0.0331784 -0.10898 0)
(-0.0596005 -0.108997 0)
(-0.0835294 -0.11068 0)
(-0.103435 -0.113805 0)
(-0.121158 -0.11763 0)
(-0.135536 -0.123202 0)
(-0.145614 -0.129219 0)
(-0.150977 -0.132968 0)
(-0.150018 -0.135032 0)
(-0.143206 -0.137268 0)
(-0.13296 -0.1416 0)
(-0.116582 -0.144463 0)
(-0.0943485 -0.149367 0)
(-0.0719382 -0.151567 0)
(-0.0468126 -0.152643 0)
(-0.0195214 -0.152672 0)
(0.00444182 -0.150171 0)
(0.0251101 -0.146558 0)
(0.0463884 -0.137184 0)
(0.067851 -0.128454 0)
(0.0858011 -0.121089 0)
(0.0998881 -0.112308 0)
(0.113382 -0.104325 0)
(0.125452 -0.0928912 0)
(0.135701 -0.0797269 0)
(0.14443 -0.0684655 0)
(0.14633 -0.0601498 0)
(0.137693 -0.0529505 0)
(0.126126 -0.0446176 0)
(0.113783 -0.0380094 0)
(0.0975275 -0.0343197 0)
(0.0771238 -0.0332064 0)
(0.0496394 -0.0327691 0)
(0.0183555 -0.0316609 0)
(-0.011857 -0.0321393 0)
(-0.0393632 -0.0367356 0)
(-0.0641028 -0.0440165 0)
(-0.0894595 -0.0510685 0)
(-0.116099 -0.055919 0)
(-0.139028 -0.0608527 0)
(-0.153264 -0.065163 0)
(-0.155043 -0.0723066 0)
(-0.151541 -0.07943 0)
(-0.146432 -0.0854721 0)
(-0.132534 -0.0910555 0)
(-0.114373 -0.0992753 0)
(-0.0987482 -0.109094 0)
(-0.0810738 -0.117475 0)
(-0.0541127 -0.124513 0)
(-0.0195203 -0.128921 0)
(0.016002 -0.130837 0)
(0.0494539 -0.132099 0)
(0.0842227 -0.130443 0)
(0.118691 -0.125237 0)
(0.146632 -0.119514 0)
(0.165668 -0.114318 0)
(0.174074 -0.112015 0)
(0.174564 -0.106186 0)
(0.167868 -0.0971278 0)
(0.15453 -0.0852785 0)
(0.134984 -0.0679184 0)
(0.106129 -0.0498638 0)
(0.0693636 -0.0305259 0)
(0.0265368 -0.00975528 0)
(-0.0114519 -0.00651651 0)
(-0.0338373 -0.0170453 0)
(-0.0558792 -0.0261691 0)
(-0.0754067 -0.033818 0)
(-0.0880884 -0.0386729 0)
(-0.0955184 -0.0431691 0)
(-0.102197 -0.0464837 0)
(-0.107106 -0.0497407 0)
(-0.11003 -0.0525146 0)
(-0.112069 -0.0540979 0)
(-0.106675 -0.0580867 0)
(-0.0990244 -0.0639516 0)
(-0.0906369 -0.0696188 0)
(-0.0777535 -0.0735738 0)
(-0.0656536 -0.0749426 0)
(-0.0523808 -0.073718 0)
(-0.0362216 -0.0729177 0)
(-0.0165583 -0.069779 0)
(0.00495652 -0.0678659 0)
(0.0296952 -0.0651116 0)
(0.0563845 -0.0641607 0)
(0.0807532 -0.063579 0)
(0.103541 -0.0609548 0)
(0.12323 -0.0585928 0)
(0.138071 -0.0542302 0)
(0.149158 -0.0504085 0)
(0.150865 -0.0515243 0)
(0.142894 -0.0553306 0)
(0.132301 -0.0602317 0)
(0.116592 -0.064205 0)
(0.0959804 -0.07014 0)
(0.0756082 -0.0726163 0)
(0.0552397 -0.0735213 0)
(0.0351093 -0.0792248 0)
(0.0150989 -0.0852873 0)
(-0.00677391 -0.0896616 0)
(-0.0324351 -0.0885607 0)
(-0.059904 -0.0890584 0)
(-0.0849611 -0.0905826 0)
(-0.106924 -0.0931753 0)
(-0.125972 -0.0986434 0)
(-0.140415 -0.104514 0)
(-0.149685 -0.110129 0)
(-0.154799 -0.112775 0)
(-0.154283 -0.115717 0)
(-0.147834 -0.119068 0)
(-0.136872 -0.124736 0)
(-0.120781 -0.126225 0)
(-0.0992331 -0.130206 0)
(-0.0756052 -0.134529 0)
(-0.0483444 -0.135765 0)
(-0.0191943 -0.13392 0)
(0.00538304 -0.132525 0)
(0.0288762 -0.129026 0)
(0.0517788 -0.119899 0)
(0.072452 -0.112592 0)
(0.0911955 -0.105495 0)
(0.105752 -0.0968497 0)
(0.119693 -0.088641 0)
(0.133895 -0.0784396 0)
(0.145219 -0.0662046 0)
(0.151738 -0.0549255 0)
(0.151824 -0.048359 0)
(0.144085 -0.0407141 0)
(0.131957 -0.0313817 0)
(0.11741 -0.0259812 0)
(0.0997037 -0.0219103 0)
(0.0779544 -0.021291 0)
(0.0505409 -0.0228621 0)
(0.0191398 -0.0217918 0)
(-0.0135301 -0.0221789 0)
(-0.043594 -0.0266621 0)
(-0.0697501 -0.0341842 0)
(-0.09441 -0.0408228 0)
(-0.119433 -0.0468476 0)
(-0.141388 -0.0505944 0)
(-0.15669 -0.0532631 0)
(-0.160634 -0.0580323 0)
(-0.157603 -0.0649543 0)
(-0.151098 -0.0713425 0)
(-0.137682 -0.0771275 0)
(-0.122804 -0.086636 0)
(-0.10698 -0.0993782 0)
(-0.0867529 -0.108695 0)
(-0.0581651 -0.116167 0)
(-0.0224286 -0.12261 0)
(0.014435 -0.125888 0)
(0.0498769 -0.126057 0)
(0.0868781 -0.123875 0)
(0.122615 -0.118792 0)
(0.149928 -0.11306 0)
(0.166697 -0.109286 0)
(0.174864 -0.107447 0)
(0.177645 -0.102238 0)
(0.172628 -0.0924992 0)
(0.161016 -0.079119 0)
(0.141537 -0.0619888 0)
(0.111436 -0.0458063 0)
(0.0733483 -0.0284107 0)
(0.0281343 -0.00978123 0)
(-0.0119206 -0.00575698 0)
(-0.0352226 -0.0165698 0)
(-0.0569207 -0.0248048 0)
(-0.0745446 -0.0298458 0)
(-0.0876648 -0.0316571 0)
(-0.0970753 -0.0358104 0)
(-0.103426 -0.039509 0)
(-0.107878 -0.0415715 0)
(-0.110905 -0.0431827 0)
(-0.113942 -0.0449961 0)
(-0.111244 -0.0474528 0)
(-0.103962 -0.0536534 0)
(-0.0939279 -0.0576385 0)
(-0.0808717 -0.0618594 0)
(-0.0672718 -0.0653022 0)
(-0.0514565 -0.0644441 0)
(-0.0334899 -0.0606059 0)
(-0.0141853 -0.0564788 0)
(0.00679136 -0.0550065 0)
(0.031811 -0.0509954 0)
(0.0575322 -0.0489955 0)
(0.0820821 -0.0466552 0)
(0.106364 -0.0445626 0)
(0.127766 -0.0420847 0)
(0.143152 -0.0377646 0)
(0.151402 -0.0351502 0)
(0.150768 -0.0373408 0)
(0.142215 -0.0405013 0)
(0.13083 -0.044728 0)
(0.115103 -0.0488232 0)
(0.0957472 -0.0522008 0)
(0.0767542 -0.0524398 0)
(0.0546059 -0.0541722 0)
(0.0326722 -0.0584994 0)
(0.0131144 -0.0632078 0)
(-0.00664743 -0.065567 0)
(-0.0313545 -0.0660329 0)
(-0.0603818 -0.0673026 0)
(-0.0865144 -0.0684997 0)
(-0.109953 -0.0711818 0)
(-0.130671 -0.0759482 0)
(-0.14568 -0.0819546 0)
(-0.153837 -0.0887299 0)
(-0.157603 -0.0919868 0)
(-0.157444 -0.0939436 0)
(-0.152831 -0.0974509 0)
(-0.141325 -0.104079 0)
(-0.123732 -0.106693 0)
(-0.103532 -0.109453 0)
(-0.0789872 -0.114042 0)
(-0.0491536 -0.114529 0)
(-0.0197096 -0.113709 0)
(0.00572367 -0.112812 0)
(0.0323542 -0.108574 0)
(0.0567216 -0.101699 0)
(0.0769857 -0.0941039 0)
(0.0962111 -0.0879446 0)
(0.111397 -0.0801031 0)
(0.126301 -0.071437 0)
(0.141578 -0.0603424 0)
(0.152844 -0.0499456 0)
(0.157604 -0.0403637 0)
(0.157003 -0.0338689 0)
(0.150545 -0.0254458 0)
(0.137444 -0.0174996 0)
(0.121321 -0.0124307 0)
(0.101609 -0.00771637 0)
(0.0770874 -0.00654428 0)
(0.0499354 -0.00885029 0)
(0.0194937 -0.0104188 0)
(-0.0148591 -0.0122028 0)
(-0.0476953 -0.016295 0)
(-0.0741269 -0.0225852 0)
(-0.0985088 -0.0282942 0)
(-0.12316 -0.0344302 0)
(-0.143763 -0.0379464 0)
(-0.158887 -0.0409055 0)
(-0.163909 -0.0431336 0)
(-0.161682 -0.048777 0)
(-0.15578 -0.0546302 0)
(-0.144171 -0.0633933 0)
(-0.131071 -0.0731723 0)
(-0.115211 -0.0850593 0)
(-0.0935421 -0.0959006 0)
(-0.0643484 -0.105045 0)
(-0.0265861 -0.112831 0)
(0.0135649 -0.117242 0)
(0.0509362 -0.117322 0)
(0.0893146 -0.114469 0)
(0.125943 -0.110245 0)
(0.152236 -0.105636 0)
(0.167452 -0.103345 0)
(0.175651 -0.100499 0)
(0.180354 -0.0949592 0)
(0.17771 -0.0853647 0)
(0.167452 -0.0707292 0)
(0.147167 -0.055732 0)
(0.115182 -0.0411125 0)
(0.0762077 -0.0255748 0)
(0.0299412 -0.00878144 0)
(-0.0128316 -0.00503838 0)
(-0.0361801 -0.0145106 0)
(-0.0566314 -0.0209824 0)
(-0.0735756 -0.0239815 0)
(-0.0873768 -0.0262796 0)
(-0.0976769 -0.0286804 0)
(-0.104055 -0.0309505 0)
(-0.108448 -0.0323586 0)
(-0.11201 -0.0335024 0)
(-0.115311 -0.0362888 0)
(-0.113616 -0.0369934 0)
(-0.107409 -0.0408191 0)
(-0.0977469 -0.0449082 0)
(-0.0845186 -0.0501764 0)
(-0.0686246 -0.0531299 0)
(-0.0498377 -0.0520802 0)
(-0.0310265 -0.0470925 0)
(-0.0127795 -0.0432193 0)
(0.00903506 -0.0397087 0)
(0.0345942 -0.0357782 0)
(0.0605199 -0.0324272 0)
(0.0854372 -0.0282198 0)
(0.108804 -0.0254536 0)
(0.130589 -0.0240916 0)
(0.145947 -0.0216499 0)
(0.152606 -0.020485 0)
(0.150351 -0.0210808 0)
(0.14108 -0.0237317 0)
(0.129901 -0.0263899 0)
(0.114818 -0.0295007 0)
(0.0969434 -0.0310218 0)
(0.0775878 -0.0320788 0)
(0.0539337 -0.0343497 0)
(0.0312608 -0.0355139 0)
(0.0122824 -0.0364067 0)
(-0.00693154 -0.0371513 0)
(-0.0322815 -0.0410363 0)
(-0.0607913 -0.0439947 0)
(-0.0873879 -0.0466253 0)
(-0.11246 -0.0499566 0)
(-0.134408 -0.0536169 0)
(-0.150744 -0.0584901 0)
(-0.158361 -0.0640713 0)
(-0.160245 -0.0679413 0)
(-0.160169 -0.0711458 0)
(-0.157351 -0.0758541 0)
(-0.145871 -0.0809581 0)
(-0.127018 -0.0856991 0)
(-0.106953 -0.0879047 0)
(-0.0816386 -0.0899889 0)
(-0.0503469 -0.0912426 0)
(-0.0200921 -0.0922586 0)
(0.00711187 -0.090619 0)
(0.0351336 -0.0862858 0)
(0.0606528 -0.0824318 0)
(0.0809588 -0.0752946 0)
(0.100049 -0.0689089 0)
(0.116619 -0.0615119 0)
(0.133125 -0.0524959 0)
(0.148774 -0.0420672 0)
(0.15916 -0.0325226 0)
(0.162983 -0.0238063 0)
(0.162388 -0.0154071 0)
(0.155885 -0.00777097 0)
(0.141454 -0.00186474 0)
(0.124687 0.00263627 0)
(0.104263 0.00692545 0)
(0.0774863 0.00969718 0)
(0.0481768 0.00848416 0)
(0.0172594 0.00435268 0)
(-0.0171883 -0.000746925 0)
(-0.0505118 -0.00475276 0)
(-0.077828 -0.00839062 0)
(-0.10237 -0.0151012 0)
(-0.125799 -0.0203708 0)
(-0.145453 -0.0228198 0)
(-0.159856 -0.0262751 0)
(-0.165825 -0.0278696 0)
(-0.165508 -0.0321673 0)
(-0.161335 -0.0377837 0)
(-0.150832 -0.0480526 0)
(-0.138263 -0.0595072 0)
(-0.123226 -0.07079 0)
(-0.100993 -0.0811348 0)
(-0.0701931 -0.090932 0)
(-0.0310584 -0.0990855 0)
(0.0113146 -0.10505 0)
(0.0518343 -0.10543 0)
(0.0915989 -0.102104 0)
(0.128057 -0.100036 0)
(0.153179 -0.0973027 0)
(0.167656 -0.0954865 0)
(0.176967 -0.0920117 0)
(0.18319 -0.0857796 0)
(0.183046 -0.076059 0)
(0.173272 -0.0625439 0)
(0.151298 -0.050225 0)
(0.118714 -0.0367504 0)
(0.0788545 -0.0213468 0)
(0.0310147 -0.00643494 0)
(-0.0132914 -0.00382007 0)
(-0.0370169 -0.0107233 0)
(-0.0561874 -0.0161791 0)
(-0.0725103 -0.0185105 0)
(-0.0866497 -0.0203798 0)
(-0.0972632 -0.0214756 0)
(-0.103911 -0.023052 0)
(-0.108393 -0.0238603 0)
(-0.113136 -0.0249273 0)
(-0.116412 -0.0270002 0)
(-0.114911 -0.0269216 0)
(-0.110432 -0.0295721 0)
(-0.101663 -0.0330597 0)
(-0.0878762 -0.0367407 0)
(-0.0696446 -0.0384454 0)
(-0.0479218 -0.0364175 0)
(-0.0277369 -0.0329319 0)
(-0.00931164 -0.0284136 0)
(0.0119693 -0.0237627 0)
(0.0371793 -0.0189575 0)
(0.0634463 -0.0135448 0)
(0.0879306 -0.00964937 0)
(0.110493 -0.00755106 0)
(0.132025 -0.00589606 0)
(0.147613 -0.00481988 0)
(0.153942 -0.00358648 0)
(0.150765 -0.00379888 0)
(0.140901 -0.00459591 0)
(0.129315 -0.0050057 0)
(0.11449 -0.00722371 0)
(0.096637 -0.00842651 0)
(0.0770136 -0.0104803 0)
(0.0546411 -0.0130194 0)
(0.0335162 -0.0123254 0)
(0.0140126 -0.0100827 0)
(-0.00824319 -0.0118222 0)
(-0.0349004 -0.0171505 0)
(-0.0633448 -0.0205286 0)
(-0.090098 -0.0255014 0)
(-0.114637 -0.0288713 0)
(-0.136821 -0.0304364 0)
(-0.153556 -0.0344158 0)
(-0.161265 -0.0375606 0)
(-0.163544 -0.0418705 0)
(-0.164232 -0.0472237 0)
(-0.161214 -0.0528774 0)
(-0.149898 -0.0567599 0)
(-0.13031 -0.0618566 0)
(-0.108266 -0.0631784 0)
(-0.0831041 -0.0640365 0)
(-0.0525459 -0.0657373 0)
(-0.0210156 -0.0672717 0)
(0.00832744 -0.0673607 0)
(0.0365792 -0.0650421 0)
(0.063017 -0.0625368 0)
(0.0851673 -0.0567114 0)
(0.104625 -0.0493691 0)
(0.121806 -0.0410699 0)
(0.13902 -0.0321407 0)
(0.154788 -0.0225116 0)
(0.164919 -0.0140231 0)
(0.168986 -0.00482878 0)
(0.167762 0.00429104 0)
(0.159663 0.00998951 0)
(0.144468 0.0148954 0)
(0.127383 0.0198234 0)
(0.106637 0.0229806 0)
(0.0783102 0.0255453 0)
(0.0463213 0.0247048 0)
(0.0132516 0.020849 0)
(-0.020795 0.0148013 0)
(-0.0523647 0.00988483 0)
(-0.0806206 0.00607748 0)
(-0.106068 0.000468912 0)
(-0.127485 -0.00386535 0)
(-0.146687 -0.00685345 0)
(-0.161145 -0.0098798 0)
(-0.166779 -0.012251 0)
(-0.167526 -0.0158024 0)
(-0.166051 -0.020847 0)
(-0.158791 -0.0316528 0)
(-0.146513 -0.0452692 0)
(-0.129936 -0.0560629 0)
(-0.107306 -0.065528 0)
(-0.0766762 -0.0758309 0)
(-0.0363306 -0.0844744 0)
(0.00922262 -0.0895814 0)
(0.0530126 -0.0905201 0)
(0.0926576 -0.0890063 0)
(0.128175 -0.0885804 0)
(0.153444 -0.0870734 0)
(0.168186 -0.0853605 0)
(0.178415 -0.0820977 0)
(0.186278 -0.0754656 0)
(0.18733 -0.0660462 0)
(0.177085 -0.0556138 0)
(0.154627 -0.044417 0)
(0.122526 -0.0318692 0)
(0.0820126 -0.0175834 0)
(0.0311736 -0.0044117 0)
(-0.0135911 -0.00199487 0)
(-0.0375274 -0.00590204 0)
(-0.0562235 -0.009377 0)
(-0.0718422 -0.0122899 0)
(-0.0858413 -0.0139786 0)
(-0.0968694 -0.0144583 0)
(-0.103842 -0.0155675 0)
(-0.108546 -0.0166925 0)
(-0.113614 -0.0173511 0)
(-0.116551 -0.0177289 0)
(-0.115668 -0.0176671 0)
(-0.112385 -0.018839 0)
(-0.103705 -0.0206562 0)
(-0.0893162 -0.0219832 0)
(-0.0693068 -0.021618 0)
(-0.0467223 -0.0185624 0)
(-0.0260394 -0.0160332 0)
(-0.0068405 -0.0126835 0)
(0.0153298 -0.00738663 0)
(0.0416379 -0.00115226 0)
(0.0671208 0.00500238 0)
(0.0898568 0.00836708 0)
(0.111853 0.0106767 0)
(0.133172 0.0131284 0)
(0.148505 0.0135305 0)
(0.154489 0.0142237 0)
(0.15099 0.014134 0)
(0.141791 0.0148778 0)
(0.129744 0.0155883 0)
(0.114208 0.015253 0)
(0.096536 0.0154899 0)
(0.0762303 0.0137191 0)
(0.0545812 0.0112348 0)
(0.0353644 0.0113995 0)
(0.0144975 0.0119553 0)
(-0.0104161 0.00831884 0)
(-0.0371314 0.00426321 0)
(-0.0655616 0.000291579 0)
(-0.0923493 -0.00362366 0)
(-0.115123 -0.00669358 0)
(-0.137731 -0.00699907 0)
(-0.155443 -0.00874264 0)
(-0.163516 -0.00958282 0)
(-0.167234 -0.0148327 0)
(-0.16835 -0.0224931 0)
(-0.164651 -0.0280207 0)
(-0.152955 -0.031908 0)
(-0.132409 -0.0343933 0)
(-0.109412 -0.0361118 0)
(-0.084556 -0.0380379 0)
(-0.0539362 -0.0400292 0)
(-0.0226643 -0.0409157 0)
(0.00721355 -0.0431968 0)
(0.0369957 -0.0427215 0)
(0.0649625 -0.0405262 0)
(0.0887153 -0.0368664 0)
(0.109542 -0.0301396 0)
(0.127228 -0.0209563 0)
(0.1447 -0.0115852 0)
(0.160054 -0.00235612 0)
(0.170196 0.005601 0)
(0.174607 0.0142664 0)
(0.171613 0.0225141 0)
(0.16223 0.0272718 0)
(0.147494 0.0318277 0)
(0.12974 0.0367166 0)
(0.107908 0.0383895 0)
(0.0785433 0.0403538 0)
(0.0448754 0.0402719 0)
(0.0104926 0.038072 0)
(-0.024382 0.0325951 0)
(-0.0557258 0.0260313 0)
(-0.0832485 0.0204289 0)
(-0.107914 0.0164606 0)
(-0.129197 0.0135102 0)
(-0.147719 0.0104705 0)
(-0.161549 0.00857246 0)
(-0.167839 0.00498336 0)
(-0.169473 0.000153419 0)
(-0.170671 -0.00604439 0)
(-0.166556 -0.0163044 0)
(-0.154116 -0.0292866 0)
(-0.136216 -0.0402152 0)
(-0.113867 -0.05105 0)
(-0.08277 -0.0615732 0)
(-0.0401929 -0.0679824 0)
(0.00738683 -0.0721406 0)
(0.0522244 -0.075215 0)
(0.0923383 -0.0761028 0)
(0.128022 -0.0759758 0)
(0.153194 -0.0753339 0)
(0.167928 -0.074415 0)
(0.179673 -0.0717264 0)
(0.189086 -0.0646229 0)
(0.190239 -0.0557783 0)
(0.180113 -0.0474423 0)
(0.157891 -0.0377931 0)
(0.125675 -0.026473 0)
(0.0843999 -0.0151049 0)
(0.0310459 -0.00361698 0)
(-0.0133465 -0.000786918 0)
(-0.0372113 -0.00204813 0)
(-0.0564734 -0.0029747 0)
(-0.0722901 -0.00467261 0)
(-0.0853712 -0.00590519 0)
(-0.0962079 -0.00667198 0)
(-0.103905 -0.00733015 0)
(-0.108562 -0.00851368 0)
(-0.113201 -0.00921595 0)
(-0.116338 -0.00813238 0)
(-0.115758 -0.00796204 0)
(-0.112948 -0.00753011 0)
(-0.104533 -0.00817158 0)
(-0.0893363 -0.00734417 0)
(-0.0680307 -0.00497061 0)
(-0.0448202 -0.000703381 0)
(-0.0244778 0.00203959 0)
(-0.00403129 0.00574903 0)
(0.0194012 0.012466 0)
(0.0453154 0.0176092 0)
(0.0695867 0.0218292 0)
(0.0913956 0.0255114 0)
(0.113471 0.0285887 0)
(0.133811 0.0328567 0)
(0.148335 0.0322591 0)
(0.154541 0.0323321 0)
(0.151642 0.031765 0)
(0.142599 0.0330972 0)
(0.130438 0.0348747 0)
(0.115462 0.037199 0)
(0.0967247 0.0391329 0)
(0.0752432 0.0371225 0)
(0.0544066 0.0353736 0)
(0.0355994 0.0350716 0)
(0.0133537 0.0335188 0)
(-0.0122682 0.0288426 0)
(-0.0391738 0.023563 0)
(-0.0675422 0.020572 0)
(-0.0936831 0.0191847 0)
(-0.115641 0.0170507 0)
(-0.136945 0.0151549 0)
(-0.15419 0.0155591 0)
(-0.164614 0.0157791 0)
(-0.172067 0.0115237 0)
(-0.173138 0.00318926 0)
(-0.167547 -0.00157804 0)
(-0.154216 -0.00437762 0)
(-0.133276 -0.00579311 0)
(-0.111081 -0.00927054 0)
(-0.0863967 -0.0119569 0)
(-0.055363 -0.0152405 0)
(-0.0243418 -0.0162403 0)
(0.0057057 -0.0176417 0)
(0.0369593 -0.0186186 0)
(0.0654653 -0.0178846 0)
(0.0907006 -0.0162452 0)
(0.11401 -0.0105292 0)
(0.13297 -0.00232067 0)
(0.15011 0.00828792 0)
(0.164794 0.017399 0)
(0.174536 0.0260294 0)
(0.178914 0.0316451 0)
(0.17499 0.0386961 0)
(0.164423 0.0445785 0)
(0.149639 0.0496786 0)
(0.13081 0.052949 0)
(0.10834 0.0547124 0)
(0.07919 0.0550779 0)
(0.0446313 0.0561402 0)
(0.00809741 0.0546794 0)
(-0.02866 0.0491835 0)
(-0.0598437 0.0426628 0)
(-0.0857467 0.035826 0)
(-0.108847 0.0325371 0)
(-0.129241 0.0300611 0)
(-0.147395 0.0274594 0)
(-0.162056 0.0256992 0)
(-0.169722 0.021942 0)
(-0.172342 0.0151633 0)
(-0.174896 0.00802462 0)
(-0.172741 -0.000594703 0)
(-0.161151 -0.0118132 0)
(-0.143272 -0.0236539 0)
(-0.1207 -0.0362198 0)
(-0.087251 -0.0465229 0)
(-0.042741 -0.0516461 0)
(0.00466664 -0.0559232 0)
(0.0501795 -0.0606324 0)
(0.0914103 -0.0620419 0)
(0.127195 -0.0623847 0)
(0.152097 -0.0635963 0)
(0.1673 -0.0620581 0)
(0.180935 -0.0590684 0)
(0.192085 -0.0534584 0)
(0.192705 -0.0451023 0)
(0.181626 -0.0377671 0)
(0.159872 -0.0310601 0)
(0.127544 -0.0221335 0)
(0.0858129 -0.0121532 0)
(0.0310759 -0.0039522 0)
(-0.0130447 -0.000112514 0)
(-0.0362444 0.00116473 0)
(-0.0554738 0.00187507 0)
(-0.071653 0.00250888 0)
(-0.0853254 0.00268651 0)
(-0.096283 0.00228734 0)
(-0.103901 0.00268615 0)
(-0.108962 0.000991384 0)
(-0.112676 -0.000150262 0)
(-0.11527 0.000994472 0)
(-0.115153 0.00224651 0)
(-0.11274 0.00351836 0)
(-0.104024 0.0049643 0)
(-0.0876555 0.00754813 0)
(-0.0653314 0.0119265 0)
(-0.0426634 0.0167398 0)
(-0.0225482 0.0201142 0)
(-0.000549764 0.0264092 0)
(0.0225914 0.0323922 0)
(0.0470229 0.034797 0)
(0.071436 0.0379708 0)
(0.0933824 0.0430204 0)
(0.115905 0.0472939 0)
(0.134661 0.0499098 0)
(0.147087 0.0489902 0)
(0.153303 0.0496828 0)
(0.150966 0.0512551 0)
(0.143744 0.0520807 0)
(0.13269 0.0539673 0)
(0.117535 0.056771 0)
(0.096939 0.0598442 0)
(0.0741795 0.0601144 0)
(0.0540276 0.0578431 0)
(0.0351791 0.0561913 0)
(0.0113001 0.0541693 0)
(-0.0161726 0.0501406 0)
(-0.0414933 0.0434829 0)
(-0.0669347 0.0408552 0)
(-0.0929972 0.0397565 0)
(-0.116085 0.0394256 0)
(-0.136804 0.0387363 0)
(-0.152979 0.0389 0)
(-0.16454 0.037556 0)
(-0.174656 0.0349794 0)
(-0.176303 0.0297677 0)
(-0.168737 0.0256143 0)
(-0.154827 0.0229749 0)
(-0.135075 0.0197638 0)
(-0.11335 0.0153573 0)
(-0.0887273 0.0136074 0)
(-0.0572735 0.0102425 0)
(-0.0250453 0.00734726 0)
(0.00441073 0.0067523 0)
(0.0353261 0.00495184 0)
(0.0647958 0.00423719 0)
(0.091822 0.00484876 0)
(0.117135 0.00895736 0)
(0.138136 0.0159341 0)
(0.156063 0.0267192 0)
(0.169841 0.0359348 0)
(0.177386 0.0438167 0)
(0.180708 0.0483237 0)
(0.178086 0.0537811 0)
(0.167544 0.0603252 0)
(0.151259 0.066941 0)
(0.131509 0.0699193 0)
(0.108073 0.0715042 0)
(0.0787818 0.071115 0)
(0.0444006 0.0719509 0)
(0.00584604 0.0693586 0)
(-0.032098 0.065149 0)
(-0.063796 0.058461 0)
(-0.0883491 0.0519865 0)
(-0.109271 0.04729 0)
(-0.129582 0.0447434 0)
(-0.147197 0.0426737 0)
(-0.161591 0.0413525 0)
(-0.171387 0.036753 0)
(-0.175433 0.0291844 0)
(-0.17802 0.0216697 0)
(-0.177053 0.0146635 0)
(-0.167239 0.00489281 0)
(-0.150693 -0.00654277 0)
(-0.127679 -0.0195727 0)
(-0.0916725 -0.0296735 0)
(-0.045317 -0.035689 0)
(0.00183135 -0.0404951 0)
(0.0479656 -0.0454383 0)
(0.0904091 -0.048353 0)
(0.125294 -0.048575 0)
(0.150849 -0.0507677 0)
(0.167619 -0.0485954 0)
(0.181259 -0.0443897 0)
(0.193475 -0.0410224 0)
(0.194715 -0.0347841 0)
(0.18217 -0.0284328 0)
(0.159906 -0.0244285 0)
(0.128937 -0.0188559 0)
(0.0861401 -0.0107998 0)
(0.0307325 -0.00420315 0)
(-0.0120764 0.000906874 0)
(-0.0349447 0.00398296 0)
(-0.0544705 0.00659164 0)
(-0.070597 0.00921297 0)
(-0.0844385 0.00999006 0)
(-0.0951706 0.0112818 0)
(-0.103924 0.0120621 0)
(-0.109856 0.0106701 0)
(-0.112587 0.0101942 0)
(-0.114172 0.0109453 0)
(-0.113735 0.0123913 0)
(-0.11104 0.0141109 0)
(-0.101934 0.0183164 0)
(-0.0848623 0.0234772 0)
(-0.0622 0.0288481 0)
(-0.040003 0.0319344 0)
(-0.0188299 0.0367994 0)
(0.00330129 0.0449137 0)
(0.0236744 0.04987 0)
(0.0473669 0.0513891 0)
(0.0734768 0.0549517 0)
(0.0960442 0.0593191 0)
(0.11634 0.0644611 0)
(0.13293 0.0649276 0)
(0.14617 0.0648733 0)
(0.154393 0.0663121 0)
(0.151826 0.0702551 0)
(0.143292 0.0714528 0)
(0.132898 0.0719438 0)
(0.119133 0.0749254 0)
(0.0988905 0.0779754 0)
(0.0738471 0.0795141 0)
(0.0519686 0.0785826 0)
(0.0337123 0.076751 0)
(0.010076 0.0732506 0)
(-0.018615 0.0697669 0)
(-0.044176 0.0656441 0)
(-0.0681745 0.0611436 0)
(-0.092384 0.0591682 0)
(-0.113846 0.0597231 0)
(-0.134645 0.0605762 0)
(-0.15229 0.0610218 0)
(-0.164715 0.0584944 0)
(-0.175068 0.0565994 0)
(-0.177428 0.0540963 0)
(-0.17015 0.0516066 0)
(-0.156405 0.0479202 0)
(-0.137116 0.0434403 0)
(-0.114265 0.0383361 0)
(-0.0892922 0.0374167 0)
(-0.0596288 0.0351483 0)
(-0.027136 0.0302233 0)
(0.00312928 0.0283249 0)
(0.0337032 0.0260831 0)
(0.0634061 0.0249921 0)
(0.0916467 0.0263666 0)
(0.119151 0.0299704 0)
(0.142612 0.0351985 0)
(0.161084 0.0430372 0)
(0.173429 0.051353 0)
(0.179626 0.0579427 0)
(0.182268 0.0643778 0)
(0.180021 0.0690608 0)
(0.170614 0.0738354 0)
(0.153642 0.0809112 0)
(0.13166 0.0859769 0)
(0.107358 0.0872632 0)
(0.0783786 0.0875887 0)
(0.0429776 0.0872626 0)
(0.00354261 0.0823045 0)
(-0.0354113 0.0789731 0)
(-0.0674648 0.0738834 0)
(-0.0911517 0.0680682 0)
(-0.110678 0.0609882 0)
(-0.128542 0.058259 0)
(-0.145301 0.0575444 0)
(-0.161447 0.0558826 0)
(-0.173462 0.0509057 0)
(-0.178118 0.0432848 0)
(-0.180295 0.0355265 0)
(-0.179977 0.0288401 0)
(-0.171964 0.0196804 0)
(-0.156935 0.00888359 0)
(-0.13396 -0.00256227 0)
(-0.0960472 -0.0110226 0)
(-0.0484371 -0.0185955 0)
(-0.00111872 -0.0247399 0)
(0.0448393 -0.0299098 0)
(0.0885443 -0.0338263 0)
(0.123826 -0.035059 0)
(0.149435 -0.0377604 0)
(0.168279 -0.0371317 0)
(0.181731 -0.0314652 0)
(0.193327 -0.0276871 0)
(0.195112 -0.0250604 0)
(0.181388 -0.0217251 0)
(0.158101 -0.0189657 0)
(0.127855 -0.0156945 0)
(0.0860868 -0.0111369 0)
(0.0310361 -0.00415343 0)
(-0.0115828 0.00182019 0)
(-0.0332919 0.00608321 0)
(-0.0522098 0.0109814 0)
(-0.0692607 0.0160432 0)
(-0.0835681 0.0178038 0)
(-0.0942938 0.0201645 0)
(-0.103757 0.0207448 0)
(-0.109705 0.0206697 0)
(-0.11189 0.0208222 0)
(-0.113193 0.0223796 0)
(-0.112552 0.0245107 0)
(-0.108356 0.0258103 0)
(-0.0974036 0.0313928 0)
(-0.0805086 0.0379693 0)
(-0.0600652 0.0434844 0)
(-0.0381363 0.0464908 0)
(-0.0146892 0.0519231 0)
(0.00702727 0.0590239 0)
(0.025 0.0638721 0)
(0.0481311 0.0683088 0)
(0.074419 0.0714834 0)
(0.0973736 0.0735844 0)
(0.11695 0.0767572 0)
(0.131886 0.0789285 0)
(0.14511 0.0818838 0)
(0.154428 0.083399 0)
(0.152152 0.0865188 0)
(0.142698 0.0894315 0)
(0.133322 0.0903881 0)
(0.120465 0.0930179 0)
(0.0992629 0.0955579 0)
(0.0740613 0.0970183 0)
(0.0519367 0.0976324 0)
(0.0317141 0.0967976 0)
(0.00713405 0.0922126 0)
(-0.0202947 0.0874921 0)
(-0.0458852 0.0853378 0)
(-0.0693057 0.0809046 0)
(-0.0912571 0.0802438 0)
(-0.111931 0.0795762 0)
(-0.132467 0.0792229 0)
(-0.150945 0.0801713 0)
(-0.164133 0.0777758 0)
(-0.174234 0.0770827 0)
(-0.176422 0.0759052 0)
(-0.169932 0.0746671 0)
(-0.157795 0.0712359 0)
(-0.139494 0.0653871 0)
(-0.115654 0.0606098 0)
(-0.0895321 0.0598852 0)
(-0.0616802 0.0574742 0)
(-0.0298908 0.0519337 0)
(0.00079292 0.0487056 0)
(0.0315449 0.0464046 0)
(0.0629301 0.0440898 0)
(0.0927049 0.046336 0)
(0.120214 0.049345 0)
(0.143785 0.0526917 0)
(0.163555 0.0587931 0)
(0.176121 0.0662305 0)
(0.18214 0.0721514 0)
(0.184079 0.0787393 0)
(0.180419 0.0833882 0)
(0.171982 0.0874091 0)
(0.156412 0.0928553 0)
(0.133049 0.0983365 0)
(0.106893 0.100175 0)
(0.077283 0.101789 0)
(0.0399556 0.100234 0)
(0.00017253 0.0951682 0)
(-0.0368757 0.0911189 0)
(-0.0694275 0.0882453 0)
(-0.0945216 0.0812067 0)
(-0.11233 0.0758062 0)
(-0.12722 0.0722024 0)
(-0.143435 0.0709977 0)
(-0.160493 0.0683889 0)
(-0.17436 0.0647453 0)
(-0.180309 0.0578778 0)
(-0.182244 0.0501337 0)
(-0.182519 0.0418149 0)
(-0.176111 0.0336173 0)
(-0.161795 0.0225923 0)
(-0.137762 0.014111 0)
(-0.0997398 0.00753512 0)
(-0.0526236 -0.00102501 0)
(-0.0047365 -0.0096316 0)
(0.0419475 -0.0156959 0)
(0.0861639 -0.0179546 0)
(0.120812 -0.021588 0)
(0.14662 -0.0256699 0)
(0.168463 -0.0256121 0)
(0.183392 -0.0206477 0)
(0.192412 -0.0173881 0)
(0.192443 -0.0174311 0)
(0.179193 -0.0165963 0)
(0.15616 -0.0146505 0)
(0.125855 -0.0117875 0)
(0.0851363 -0.00951692 0)
(0.0316366 -0.00420793 0)
(-0.0107854 0.00214441 0)
(-0.0313282 0.00889929 0)
(-0.0492324 0.0152672 0)
(-0.0668187 0.0215561 0)
(-0.0819705 0.0250738 0)
(-0.09306 0.0280323 0)
(-0.103249 0.0296485 0)
(-0.109284 0.0314344 0)
(-0.110734 0.0324756 0)
(-0.110904 0.0336386 0)
(-0.110802 0.0366437 0)
(-0.105809 0.0392128 0)
(-0.0931433 0.0442993 0)
(-0.0765071 0.0505505 0)
(-0.0569048 0.0567409 0)
(-0.0352349 0.0612329 0)
(-0.0115302 0.0664119 0)
(0.00969894 0.0715111 0)
(0.0276666 0.0777084 0)
(0.0497269 0.0828225 0)
(0.0737805 0.0849759 0)
(0.0960863 0.0864456 0)
(0.116265 0.0897217 0)
(0.132628 0.0936451 0)
(0.145423 0.098237 0)
(0.15391 0.100299 0)
(0.152616 0.101887 0)
(0.142831 0.105358 0)
(0.132654 0.107724 0)
(0.120551 0.109497 0)
(0.100008 0.113255 0)
(0.0741573 0.114045 0)
(0.0512359 0.113671 0)
(0.0298246 0.112809 0)
(0.00400763 0.107526 0)
(-0.0222261 0.103656 0)
(-0.0469283 0.102273 0)
(-0.0692205 0.0989959 0)
(-0.0901095 0.0985847 0)
(-0.110866 0.097876 0)
(-0.130086 0.0972631 0)
(-0.148943 0.0977188 0)
(-0.162399 0.0961623 0)
(-0.171803 0.0957053 0)
(-0.17464 0.0957019 0)
(-0.169227 0.0936344 0)
(-0.159214 0.0914865 0)
(-0.141385 0.0857177 0)
(-0.115358 0.0824733 0)
(-0.0893464 0.0799701 0)
(-0.0640183 0.0775209 0)
(-0.0329936 0.0727397 0)
(-0.0012619 0.0677118 0)
(0.0290476 0.0656479 0)
(0.0611693 0.0639203 0)
(0.092444 0.0639764 0)
(0.119955 0.0655228 0)
(0.144998 0.0691057 0)
(0.165924 0.075056 0)
(0.177747 0.0808958 0)
(0.183112 0.0850021 0)
(0.184806 0.0903367 0)
(0.180859 0.0949173 0)
(0.172425 0.100547 0)
(0.157103 0.104207 0)
(0.133218 0.107734 0)
(0.106974 0.110662 0)
(0.076526 0.112926 0)
(0.0373301 0.110201 0)
(-0.00276843 0.106551 0)
(-0.0389239 0.102959 0)
(-0.0720095 0.0987163 0)
(-0.096446 0.0931774 0)
(-0.11243 0.0902297 0)
(-0.126314 0.0862093 0)
(-0.141595 0.0830904 0)
(-0.158961 0.0795921 0)
(-0.173724 0.0768147 0)
(-0.181217 0.0714577 0)
(-0.184494 0.0626244 0)
(-0.184756 0.0539603 0)
(-0.179187 0.0465011 0)
(-0.165017 0.0358988 0)
(-0.1396 0.0295399 0)
(-0.102727 0.0244327 0)
(-0.0577146 0.0163984 0)
(-0.00975399 0.00579366 0)
(0.0396264 -0.00108661 0)
(0.0838581 -0.00383145 0)
(0.116559 -0.00945985 0)
(0.143694 -0.012394 0)
(0.168084 -0.0126997 0)
(0.18289 -0.0106841 0)
(0.189928 -0.00996996 0)
(0.189189 -0.0113834 0)
(0.176326 -0.0110025 0)
(0.154055 -0.0104824 0)
(0.12366 -0.0079846 0)
(0.0832871 -0.0064543 0)
(0.0320402 -0.0034327 0)
(-0.00935939 0.00296277 0)
(-0.028457 0.0115401 0)
(-0.0463917 0.019445 0)
(-0.064327 0.0261487 0)
(-0.0800777 0.0308506 0)
(-0.0914156 0.034242 0)
(-0.101165 0.0375545 0)
(-0.107156 0.041303 0)
(-0.109598 0.0441064 0)
(-0.109419 0.0457569 0)
(-0.107854 0.0480283 0)
(-0.102369 0.052226 0)
(-0.0890648 0.0581741 0)
(-0.0718083 0.0628605 0)
(-0.0531825 0.067806 0)
(-0.0325728 0.0733004 0)
(-0.00928236 0.0790891 0)
(0.0125764 0.0838759 0)
(0.0299757 0.0894833 0)
(0.049596 0.093354 0)
(0.0727374 0.0969083 0)
(0.0961432 0.100622 0)
(0.11726 0.106557 0)
(0.133024 0.110342 0)
(0.144872 0.114283 0)
(0.152107 0.116598 0)
(0.151122 0.11638 0)
(0.14262 0.118123 0)
(0.132484 0.121942 0)
(0.121237 0.123551 0)
(0.0999825 0.125239 0)
(0.0724823 0.126612 0)
(0.0499339 0.126943 0)
(0.0269298 0.124363 0)
(0.00098612 0.118843 0)
(-0.0227279 0.116097 0)
(-0.0470566 0.115457 0)
(-0.0689791 0.115245 0)
(-0.0883234 0.113268 0)
(-0.108513 0.114102 0)
(-0.127667 0.113539 0)
(-0.146436 0.112802 0)
(-0.160032 0.112523 0)
(-0.168877 0.112485 0)
(-0.172296 0.113897 0)
(-0.167594 0.110689 0)
(-0.158554 0.108783 0)
(-0.141596 0.104929 0)
(-0.116041 0.102005 0)
(-0.0901594 0.097345 0)
(-0.0649253 0.0956954 0)
(-0.0360688 0.0919315 0)
(-0.00448838 0.0871004 0)
(0.0275585 0.0832225 0)
(0.0593786 0.081673 0)
(0.0904853 0.0802378 0)
(0.119603 0.0815582 0)
(0.145555 0.0852666 0)
(0.166293 0.0889574 0)
(0.177007 0.0929963 0)
(0.182375 0.0953477 0)
(0.184616 0.0995767 0)
(0.181366 0.103568 0)
(0.172685 0.109749 0)
(0.156229 0.112635 0)
(0.133196 0.114952 0)
(0.107166 0.119032 0)
(0.074602 0.120545 0)
(0.0342395 0.118539 0)
(-0.00480065 0.116018 0)
(-0.0408837 0.11344 0)
(-0.0734879 0.109212 0)
(-0.096317 0.106409 0)
(-0.111802 0.103426 0)
(-0.125755 0.0991833 0)
(-0.140697 0.0933932 0)
(-0.156817 0.0901446 0)
(-0.171589 0.088265 0)
(-0.181771 0.0833899 0)
(-0.186167 0.0729402 0)
(-0.185715 0.0649218 0)
(-0.181264 0.0573508 0)
(-0.166903 0.0493807 0)
(-0.139801 0.0438845 0)
(-0.104159 0.0393013 0)
(-0.0623702 0.0315099 0)
(-0.0150119 0.0226312 0)
(0.0360295 0.0146486 0)
(0.079748 0.00854071 0)
(0.112889 0.00261232 0)
(0.141334 0.00103683 0)
(0.165672 -0.00077993 0)
(0.180367 -0.00135615 0)
(0.186068 -0.00229858 0)
(0.185256 -0.00481618 0)
(0.173032 -0.00597756 0)
(0.151347 -0.00562047 0)
(0.121724 -0.00570335 0)
(0.081396 -0.00401102 0)
(0.0317692 -0.00165258 0)
(-0.00826388 0.00468346 0)
(-0.025849 0.0139772 0)
(-0.0433203 0.0223288 0)
(-0.0616372 0.0301207 0)
(-0.0778816 0.0358614 0)
(-0.0889361 0.0405916 0)
(-0.0980749 0.0461661 0)
(-0.103945 0.0502497 0)
(-0.106623 0.0535841 0)
(-0.107079 0.0567444 0)
(-0.105187 0.059047 0)
(-0.0977432 0.0643734 0)
(-0.0851184 0.0709446 0)
(-0.0697452 0.0745742 0)
(-0.050174 0.0793311 0)
(-0.0285817 0.0849503 0)
(-0.00613813 0.0901551 0)
(0.0142039 0.0952579 0)
(0.0307624 0.0984787 0)
(0.0506268 0.103176 0)
(0.0739587 0.107729 0)
(0.0975169 0.114197 0)
(0.117382 0.120027 0)
(0.132063 0.123203 0)
(0.143722 0.126947 0)
(0.149261 0.128815 0)
(0.147819 0.128467 0)
(0.141426 0.129203 0)
(0.131711 0.132667 0)
(0.118726 0.134073 0)
(0.0987973 0.133191 0)
(0.0728257 0.135055 0)
(0.0479446 0.135624 0)
(0.0232295 0.131619 0)
(-0.00168047 0.128476 0)
(-0.02329 0.126977 0)
(-0.0451118 0.125607 0)
(-0.0674169 0.127538 0)
(-0.0866404 0.125147 0)
(-0.105561 0.125933 0)
(-0.125265 0.125808 0)
(-0.14339 0.125644 0)
(-0.155973 0.126354 0)
(-0.163957 0.128497 0)
(-0.169139 0.129801 0)
(-0.16638 0.125588 0)
(-0.157254 0.12303 0)
(-0.140779 0.12058 0)
(-0.116135 0.117212 0)
(-0.0901453 0.113571 0)
(-0.0652624 0.112635 0)
(-0.0377991 0.108577 0)
(-0.00745677 0.104496 0)
(0.0239174 0.0996832 0)
(0.05649 0.0960838 0)
(0.0885823 0.0951271 0)
(0.118686 0.0962048 0)
(0.144432 0.0988692 0)
(0.164756 0.101326 0)
(0.174977 0.103133 0)
(0.180123 0.10479 0)
(0.182939 0.107778 0)
(0.180627 0.111077 0)
(0.171863 0.11471 0)
(0.154454 0.117965 0)
(0.132451 0.120444 0)
(0.106838 0.123297 0)
(0.0733163 0.124434 0)
(0.0326881 0.124714 0)
(-0.00621758 0.124151 0)
(-0.0419875 0.122621 0)
(-0.0736229 0.120109 0)
(-0.0956051 0.118628 0)
(-0.111233 0.114456 0)
(-0.125931 0.110114 0)
(-0.139434 0.103335 0)
(-0.153113 0.100833 0)
(-0.168522 0.0978457 0)
(-0.182049 0.0927527 0)
(-0.187663 0.0828807 0)
(-0.186133 0.0743396 0)
(-0.181144 0.0658245 0)
(-0.166338 0.0615063 0)
(-0.139563 0.0568993 0)
(-0.105714 0.0520126 0)
(-0.06535 0.0445859 0)
(-0.0191174 0.0387377 0)
(0.0306755 0.0306842 0)
(0.0748164 0.021461 0)
(0.109331 0.0150575 0)
(0.138106 0.0128928 0)
(0.162029 0.00945984 0)
(0.176499 0.00647729 0)
(0.18138 0.00390516 0)
(0.180023 0.00235135 0)
(0.169092 -0.000402337 0)
(0.147696 -0.00113188 0)
(0.118591 -0.00383164 0)
(0.0804943 -0.0034163 0)
(0.0311344 -0.00107476 0)
(-0.0075472 0.00570768 0)
(-0.0241152 0.0162393 0)
(-0.0405918 0.0252775 0)
(-0.0583573 0.0324129 0)
(-0.0746766 0.040115 0)
(-0.0848187 0.0460634 0)
(-0.0940553 0.0523895 0)
(-0.101005 0.0578494 0)
(-0.103711 0.0612622 0)
(-0.104127 0.0646088 0)
(-0.101036 0.0690327 0)
(-0.0926865 0.0747686 0)
(-0.0810882 0.0806581 0)
(-0.0657806 0.0853257 0)
(-0.0464334 0.0913497 0)
(-0.0263297 0.0948151 0)
(-0.00431366 0.0989591 0)
(0.0151683 0.103751 0)
(0.0313656 0.107059 0)
(0.0511144 0.111544 0)
(0.0747963 0.116267 0)
(0.0985059 0.122442 0)
(0.116724 0.127116 0)
(0.130656 0.131818 0)
(0.141439 0.134226 0)
(0.145762 0.136515 0)
(0.144237 0.136457 0)
(0.139013 0.136369 0)
(0.130013 0.137855 0)
(0.116359 0.139644 0)
(0.0963584 0.139707 0)
(0.07095 0.139366 0)
(0.0451987 0.139133 0)
(0.0206448 0.136184 0)
(-0.0022328 0.134702 0)
(-0.0234053 0.135672 0)
(-0.04399 0.134324 0)
(-0.0654895 0.134829 0)
(-0.0845866 0.133771 0)
(-0.102138 0.133863 0)
(-0.121163 0.134339 0)
(-0.138662 0.136652 0)
(-0.1501 0.138379 0)
(-0.158261 0.140188 0)
(-0.166334 0.140766 0)
(-0.164686 0.137373 0)
(-0.154801 0.133839 0)
(-0.139121 0.132746 0)
(-0.115344 0.130797 0)
(-0.0887785 0.127493 0)
(-0.0651321 0.125673 0)
(-0.040014 0.122383 0)
(-0.0105206 0.116135 0)
(0.0202913 0.112591 0)
(0.0533536 0.108944 0)
(0.0863622 0.107262 0)
(0.116722 0.107866 0)
(0.142443 0.11 0)
(0.16153 0.111125 0)
(0.170906 0.110819 0)
(0.176695 0.112995 0)
(0.180017 0.115164 0)
(0.177449 0.11778 0)
(0.169274 0.118778 0)
(0.152829 0.120781 0)
(0.130655 0.12407 0)
(0.10505 0.126824 0)
(0.0722204 0.127676 0)
(0.03239 0.127399 0)
(-0.00610488 0.129131 0)
(-0.041712 0.12996 0)
(-0.0724014 0.128713 0)
(-0.0946615 0.126872 0)
(-0.110604 0.123684 0)
(-0.125017 0.119 0)
(-0.137382 0.11307 0)
(-0.149764 0.109562 0)
(-0.165792 0.105065 0)
(-0.180715 0.098576 0)
(-0.187668 0.0901082 0)
(-0.186587 0.0812581 0)
(-0.179741 0.0739413 0)
(-0.163536 0.0706297 0)
(-0.138168 0.0671224 0)
(-0.106149 0.0618796 0)
(-0.0667927 0.0562107 0)
(-0.0217256 0.0510582 0)
(0.0249736 0.0446667 0)
(0.0680896 0.0356759 0)
(0.104721 0.0283916 0)
(0.133835 0.0243053 0)
(0.156293 0.0191514 0)
(0.170629 0.0131621 0)
(0.176711 0.00943565 0)
(0.175445 0.00744859 0)
(0.163867 0.00460994 0)
(0.142615 0.00180262 0)
(0.114539 -0.00117012 0)
(0.0788489 -0.00201781 0)
(0.0314676 -0.000596368 0)
(-0.00653115 0.00635167 0)
(-0.0216991 0.0170747 0)
(-0.0384837 0.0263982 0)
(-0.055264 0.0331204 0)
(-0.0703813 0.041417 0)
(-0.0808874 0.0484269 0)
(-0.0892127 0.0554342 0)
(-0.0964009 0.0623581 0)
(-0.100129 0.0663392 0)
(-0.0996311 0.0710529 0)
(-0.0960444 0.0764377 0)
(-0.0878331 0.08238 0)
(-0.0765246 0.0883955 0)
(-0.0617729 0.0930127 0)
(-0.0439608 0.0977555 0)
(-0.0247427 0.101049 0)
(-0.002392 0.104595 0)
(0.0162327 0.108077 0)
(0.0314733 0.112057 0)
(0.0513411 0.118022 0)
(0.0749804 0.122721 0)
(0.0977141 0.127418 0)
(0.115892 0.130301 0)
(0.12852 0.134903 0)
(0.138251 0.138919 0)
(0.142061 0.141068 0)
(0.13919 0.140962 0)
(0.134469 0.138429 0)
(0.126867 0.139111 0)
(0.113742 0.140327 0)
(0.0933039 0.139706 0)
(0.0682974 0.138725 0)
(0.0427885 0.139387 0)
(0.0185302 0.138722 0)
(-0.00206659 0.138481 0)
(-0.0221206 0.140056 0)
(-0.0428379 0.140205 0)
(-0.0635365 0.13941 0)
(-0.0817649 0.139287 0)
(-0.0983914 0.139527 0)
(-0.115464 0.14163 0)
(-0.13187 0.144046 0)
(-0.144251 0.14622 0)
(-0.152753 0.146769 0)
(-0.1617 0.14668 0)
(-0.162179 0.145243 0)
(-0.151855 0.140716 0)
(-0.134981 0.141117 0)
(-0.112987 0.14094 0)
(-0.0881653 0.13695 0)
(-0.0647465 0.134408 0)
(-0.0421907 0.131036 0)
(-0.0138197 0.125472 0)
(0.0176072 0.121651 0)
(0.0496769 0.118706 0)
(0.0830796 0.11598 0)
(0.114306 0.116383 0)
(0.138956 0.116503 0)
(0.15627 0.116923 0)
(0.166363 0.116649 0)
(0.172779 0.118422 0)
(0.175746 0.119306 0)
(0.172787 0.121724 0)
(0.164174 0.122103 0)
(0.149428 0.122806 0)
(0.129301 0.125257 0)
(0.103526 0.127873 0)
(0.0696551 0.129992 0)
(0.0317366 0.130634 0)
(-0.00418178 0.132276 0)
(-0.0399318 0.134134 0)
(-0.0713578 0.135113 0)
(-0.092697 0.133206 0)
(-0.108509 0.131065 0)
(-0.123538 0.125153 0)
(-0.134758 0.119981 0)
(-0.146274 0.114609 0)
(-0.163115 0.109517 0)
(-0.179179 0.102628 0)
(-0.186542 0.0948878 0)
(-0.184583 0.0865109 0)
(-0.176337 0.0815315 0)
(-0.15992 0.0772 0)
(-0.136089 0.0736563 0)
(-0.105627 0.0689357 0)
(-0.0671953 0.0643127 0)
(-0.0236073 0.0595634 0)
(0.0212263 0.0555522 0)
(0.0626417 0.0479528 0)
(0.0988484 0.0410227 0)
(0.127509 0.0354919 0)
(0.148652 0.0291335 0)
(0.163147 0.0209875 0)
(0.170348 0.0159125 0)
(0.169454 0.0109325 0)
(0.158186 0.0071783 0)
(0.137415 0.00457402 0)
(0.110904 0.0031213 0)
(0.0775175 0.00172783 0)
(0.0311179 0.00106417 0)
(-0.00633905 0.00682449 0)
(-0.0206916 0.0172844 0)
(-0.0364752 0.0255807 0)
(-0.0521264 0.0326482 0)
(-0.0659599 0.0400617 0)
(-0.0752757 0.049163 0)
(-0.0832392 0.0575056 0)
(-0.0914718 0.0637791 0)
(-0.0952222 0.0688808 0)
(-0.0943623 0.0745437 0)
(-0.090438 0.0800416 0)
(-0.081985 0.0863843 0)
(-0.071981 0.0906806 0)
(-0.0584542 0.0955383 0)
(-0.0411098 0.100447 0)
(-0.0230561 0.104475 0)
(-0.00216588 0.106398 0)
(0.0163244 0.109103 0)
(0.0330416 0.114286 0)
(0.0520713 0.122186 0)
(0.0736878 0.125972 0)
(0.0950993 0.128682 0)
(0.112503 0.130488 0)
(0.12678 0.133298 0)
(0.13555 0.140194 0)
(0.13692 0.142367 0)
(0.132307 0.141775 0)
(0.128272 0.139145 0)
(0.122866 0.138125 0)
(0.109289 0.13735 0)
(0.0888785 0.135455 0)
(0.0657668 0.134751 0)
(0.0417274 0.136038 0)
(0.0180929 0.138459 0)
(-0.00147905 0.140606 0)
(-0.0206683 0.141302 0)
(-0.0413044 0.142411 0)
(-0.0613681 0.141307 0)
(-0.0781733 0.141579 0)
(-0.0927086 0.14362 0)
(-0.108949 0.146862 0)
(-0.125439 0.147791 0)
(-0.137551 0.149186 0)
(-0.146963 0.14934 0)
(-0.156392 0.148452 0)
(-0.158222 0.148781 0)
(-0.147523 0.145849 0)
(-0.129499 0.146345 0)
(-0.110108 0.145155 0)
(-0.0867175 0.141755 0)
(-0.0643045 0.138793 0)
(-0.04331 0.136054 0)
(-0.0162116 0.131902 0)
(0.0143602 0.127178 0)
(0.0460363 0.124419 0)
(0.0793763 0.12165 0)
(0.109846 0.120201 0)
(0.133831 0.118935 0)
(0.151188 0.119866 0)
(0.160486 0.120791 0)
(0.166463 0.12054 0)
(0.170033 0.120209 0)
(0.167316 0.122323 0)
(0.158553 0.123186 0)
(0.144741 0.124061 0)
(0.125492 0.126194 0)
(0.10152 0.127977 0)
(0.069407 0.129723 0)
(0.0316097 0.131393 0)
(-0.00347969 0.132535 0)
(-0.0370247 0.135364 0)
(-0.0679774 0.136566 0)
(-0.0901484 0.136599 0)
(-0.106844 0.134025 0)
(-0.121542 0.129112 0)
(-0.131872 0.123825 0)
(-0.142911 0.116321 0)
(-0.159167 0.110062 0)
(-0.17558 0.103713 0)
(-0.183628 0.0979881 0)
(-0.180986 0.0904678 0)
(-0.172099 0.0857425 0)
(-0.156211 0.0819733 0)
(-0.132894 0.0782011 0)
(-0.103755 0.0741874 0)
(-0.066737 0.0698495 0)
(-0.0236656 0.0653814 0)
(0.0184749 0.0626897 0)
(0.0570752 0.0563332 0)
(0.0930565 0.0503891 0)
(0.120709 0.0442653 0)
(0.139732 0.0376695 0)
(0.153931 0.0283021 0)
(0.161744 0.0207678 0)
(0.161379 0.0145167 0)
(0.152038 0.00959874 0)
(0.133549 0.00821787 0)
(0.108019 0.00759899 0)
(0.0751237 0.00554247 0)
(0.0299129 0.00223131 0)
(-0.00584242 0.00612691 0)
(-0.0197248 0.0170283 0)
(-0.0350809 0.0247917 0)
(-0.0493823 0.0315841 0)
(-0.0605074 0.0389886 0)
(-0.0683752 0.0487686 0)
(-0.0773037 0.0567642 0)
(-0.0858317 0.0629193 0)
(-0.0893662 0.0689972 0)
(-0.0883107 0.075048 0)
(-0.0843158 0.0807915 0)
(-0.0774137 0.0859687 0)
(-0.0679255 0.0892306 0)
(-0.0537146 0.0948758 0)
(-0.0377204 0.0993737 0)
(-0.0220706 0.102873 0)
(-0.0021789 0.105061 0)
(0.0172961 0.108396 0)
(0.0348074 0.113676 0)
(0.0521589 0.120624 0)
(0.0706217 0.124951 0)
(0.0907354 0.127087 0)
(0.10808 0.129623 0)
(0.12385 0.132673 0)
(0.132846 0.13772 0)
(0.131226 0.14031 0)
(0.125225 0.13909 0)
(0.120887 0.138097 0)
(0.115607 0.135173 0)
(0.103016 0.131463 0)
(0.0839991 0.129165 0)
(0.0628669 0.128381 0)
(0.0413369 0.129371 0)
(0.0195188 0.134054 0)
(-0.000442544 0.139551 0)
(-0.0192992 0.140692 0)
(-0.0393762 0.140557 0)
(-0.0587845 0.139827 0)
(-0.0729128 0.141692 0)
(-0.0857425 0.143904 0)
(-0.102241 0.146115 0)
(-0.118873 0.14663 0)
(-0.130987 0.147961 0)
(-0.140657 0.148085 0)
(-0.149317 0.148342 0)
(-0.151512 0.14846 0)
(-0.141651 0.147768 0)
(-0.124448 0.14907 0)
(-0.10662 0.147551 0)
(-0.0847271 0.14373 0)
(-0.0627441 0.139282 0)
(-0.0432409 0.137299 0)
(-0.0187096 0.133728 0)
(0.0112293 0.128811 0)
(0.0421813 0.126438 0)
(0.0740509 0.124235 0)
(0.104055 0.120502 0)
(0.128398 0.118532 0)
(0.145627 0.119492 0)
(0.153583 0.120193 0)
(0.158284 0.119334 0)
(0.162702 0.11799 0)
(0.16085 0.118995 0)
(0.152078 0.120304 0)
(0.139525 0.122669 0)
(0.121802 0.124905 0)
(0.0979003 0.127252 0)
(0.0664483 0.127366 0)
(0.0308368 0.129288 0)
(-0.00133299 0.131105 0)
(-0.0341023 0.13347 0)
(-0.0647065 0.133841 0)
(-0.0860902 0.134607 0)
(-0.103026 0.133671 0)
(-0.11782 0.130347 0)
(-0.129063 0.124826 0)
(-0.13981 0.115738 0)
(-0.154767 0.107594 0)
(-0.169895 0.101601 0)
(-0.178101 0.0971616 0)
(-0.17593 0.0924122 0)
(-0.165991 0.0871753 0)
(-0.150455 0.083961 0)
(-0.128847 0.0811335 0)
(-0.101223 0.0766533 0)
(-0.0658183 0.0730301 0)
(-0.0238578 0.0683798 0)
(0.0167385 0.064386 0)
(0.0530362 0.0612158 0)
(0.0869348 0.0571645 0)
(0.112992 0.0502038 0)
(0.130071 0.0435998 0)
(0.142711 0.0341616 0)
(0.15161 0.0247096 0)
(0.152672 0.0178906 0)
(0.145687 0.0125449 0)
(0.129495 0.0110783 0)
(0.104656 0.00987797 0)
(0.0722762 0.00715987 0)
(0.0281215 0.00240869 0)
(-0.00519425 0.00622346 0)
(-0.0185833 0.0155106 0)
(-0.0334494 0.0226879 0)
(-0.0460661 0.0303179 0)
(-0.0550321 0.0376253 0)
(-0.0618113 0.0456397 0)
(-0.0708491 0.0529851 0)
(-0.0793652 0.0611429 0)
(-0.0824992 0.0666476 0)
(-0.081608 0.0721186 0)
(-0.0784519 0.0782687 0)
(-0.072332 0.0841734 0)
(-0.0628422 0.0875956 0)
(-0.0495693 0.0910965 0)
(-0.0352156 0.0954851 0)
(-0.0204649 0.100093 0)
(-0.0014337 0.103298 0)
(0.0175175 0.105775 0)
(0.0350664 0.10952 0)
(0.0516285 0.113282 0)
(0.0680808 0.11867 0)
(0.0867762 0.123744 0)
(0.103757 0.127624 0)
(0.119153 0.131055 0)
(0.127258 0.132648 0)
(0.1241 0.133723 0)
(0.117317 0.133256 0)
(0.112835 0.132792 0)
(0.106528 0.130084 0)
(0.0947509 0.124506 0)
(0.0780361 0.120637 0)
(0.059069 0.119752 0)
(0.0409445 0.12106 0)
(0.0226708 0.127238 0)
(0.00266652 0.134674 0)
(-0.0184115 0.136444 0)
(-0.0381544 0.135795 0)
(-0.0545384 0.135784 0)
(-0.0671057 0.138299 0)
(-0.0795129 0.138575 0)
(-0.0953827 0.139999 0)
(-0.111195 0.14237 0)
(-0.122602 0.143521 0)
(-0.132179 0.142612 0)
(-0.141392 0.143261 0)
(-0.144128 0.144247 0)
(-0.133198 0.146039 0)
(-0.116842 0.146969 0)
(-0.102674 0.146384 0)
(-0.083269 0.142335 0)
(-0.0616811 0.137478 0)
(-0.0425252 0.135311 0)
(-0.0203181 0.13204 0)
(0.00822792 0.127035 0)
(0.0389241 0.124761 0)
(0.0683451 0.123116 0)
(0.0962562 0.118717 0)
(0.121278 0.114861 0)
(0.138612 0.11503 0)
(0.145086 0.11454 0)
(0.148624 0.11449 0)
(0.153205 0.112699 0)
(0.152675 0.112335 0)
(0.145748 0.114251 0)
(0.134044 0.118907 0)
(0.116766 0.120068 0)
(0.093714 0.122933 0)
(0.0641756 0.122843 0)
(0.0308065 0.12514 0)
(-0.000618935 0.126546 0)
(-0.031852 0.127547 0)
(-0.0606837 0.129888 0)
(-0.0806928 0.130635 0)
(-0.0975263 0.130834 0)
(-0.11305 0.126569 0)
(-0.12546 0.12078 0)
(-0.136717 0.112925 0)
(-0.149494 0.104431 0)
(-0.162536 0.0979091 0)
(-0.16962 0.0934649 0)
(-0.168144 0.0913549 0)
(-0.159338 0.0858474 0)
(-0.143498 0.0823695 0)
(-0.123478 0.0797079 0)
(-0.0977416 0.0759994 0)
(-0.063985 0.0732078 0)
(-0.0244887 0.0694509 0)
(0.0154332 0.0656846 0)
(0.0508409 0.0635289 0)
(0.0811897 0.0591024 0)
(0.104551 0.053035 0)
(0.119868 0.046445 0)
(0.130691 0.0381397 0)
(0.139814 0.0290704 0)
(0.142576 0.0206806 0)
(0.138064 0.0148803 0)
(0.124364 0.0118906 0)
(0.100564 0.010561 0)
(0.0686995 0.00769819 0)
(0.0267485 0.00236346 0)
(-0.00574609 0.00648757 0)
(-0.0188571 0.0142358 0)
(-0.0313068 0.0212552 0)
(-0.042051 0.0284437 0)
(-0.0500803 0.0359333 0)
(-0.0557026 0.042217 0)
(-0.0628447 0.0483175 0)
(-0.071533 0.0582521 0)
(-0.0763094 0.0633034 0)
(-0.0744981 0.0672957 0)
(-0.0703548 0.0734858 0)
(-0.0660676 0.0785292 0)
(-0.0593598 0.0826817 0)
(-0.0458017 0.086245 0)
(-0.0306429 0.0913621 0)
(-0.0177318 0.0961577 0)
(-0.00142826 0.100693 0)
(0.0163316 0.10179 0)
(0.0326473 0.104155 0)
(0.0491183 0.105252 0)
(0.0666095 0.10994 0)
(0.0839371 0.115537 0)
(0.0987598 0.121142 0)
(0.111974 0.123971 0)
(0.118846 0.124663 0)
(0.115807 0.124879 0)
(0.109224 0.124214 0)
(0.104183 0.124012 0)
(0.0964059 0.121571 0)
(0.0844809 0.116138 0)
(0.0706473 0.111091 0)
(0.0552479 0.109958 0)
(0.0410275 0.112697 0)
(0.0260167 0.119005 0)
(0.00528015 0.12505 0)
(-0.0169431 0.12763 0)
(-0.0357164 0.128689 0)
(-0.0502437 0.128602 0)
(-0.0617634 0.130126 0)
(-0.0732341 0.130215 0)
(-0.0863233 0.131065 0)
(-0.101618 0.134301 0)
(-0.114975 0.134149 0)
(-0.124258 0.134004 0)
(-0.131231 0.134735 0)
(-0.132786 0.135924 0)
(-0.123665 0.139391 0)
(-0.109387 0.138761 0)
(-0.0968478 0.13853 0)
(-0.0801485 0.136825 0)
(-0.0592339 0.132317 0)
(-0.0413828 0.130829 0)
(-0.0220682 0.127357 0)
(0.00524641 0.123041 0)
(0.0352067 0.118314 0)
(0.0620989 0.116642 0)
(0.0872766 0.11302 0)
(0.112151 0.109793 0)
(0.12953 0.107951 0)
(0.135595 0.106442 0)
(0.138245 0.107 0)
(0.141995 0.106134 0)
(0.143107 0.105181 0)
(0.138952 0.106339 0)
(0.127456 0.109865 0)
(0.110681 0.112796 0)
(0.0887128 0.115367 0)
(0.0601762 0.114994 0)
(0.0293348 0.116531 0)
(6.0662e-05 0.118271 0)
(-0.0281468 0.118856 0)
(-0.0551691 0.122455 0)
(-0.0745717 0.123397 0)
(-0.0919302 0.122425 0)
(-0.108229 0.118416 0)
(-0.119645 0.112891 0)
(-0.130412 0.107094 0)
(-0.142987 0.0995584 0)
(-0.154365 0.0925956 0)
(-0.159235 0.0889335 0)
(-0.158476 0.0857002 0)
(-0.150912 0.081004 0)
(-0.135371 0.0776865 0)
(-0.116677 0.0742437 0)
(-0.0924321 0.0724452 0)
(-0.0607245 0.0708449 0)
(-0.0233354 0.0681387 0)
(0.0145863 0.0660012 0)
(0.0467437 0.0623778 0)
(0.0744864 0.0579087 0)
(0.0961948 0.0525874 0)
(0.109499 0.0465023 0)
(0.118887 0.0390636 0)
(0.127051 0.0316204 0)
(0.130665 0.0225453 0)
(0.128702 0.0167885 0)
(0.11783 0.0131313 0)
(0.0961708 0.0103991 0)
(0.0650507 0.00811832 0)
(0.0249216 0.00282181 0)
(-0.00598669 0.0059105 0)
(-0.0183042 0.0134323 0)
(-0.029194 0.0204111 0)
(-0.0378487 0.0265971 0)
(-0.0445529 0.033896 0)
(-0.050052 0.0394945 0)
(-0.0546611 0.0449071 0)
(-0.0627042 0.051889 0)
(-0.0694368 0.0575037 0)
(-0.0674233 0.0620038 0)
(-0.0637169 0.0667062 0)
(-0.0598238 0.0704282 0)
(-0.0526185 0.0752838 0)
(-0.040235 0.0805569 0)
(-0.0268984 0.0850879 0)
(-0.0147424 0.0879473 0)
(-0.000767734 0.0937372 0)
(0.0141405 0.0953849 0)
(0.029191 0.095719 0)
(0.0449971 0.0969304 0)
(0.0624503 0.101021 0)
(0.0798109 0.104417 0)
(0.0931813 0.10874 0)
(0.103921 0.111966 0)
(0.109646 0.113137 0)
(0.105619 0.113681 0)
(0.0991986 0.113638 0)
(0.0945322 0.112231 0)
(0.0858431 0.109316 0)
(0.0738715 0.105211 0)
(0.0622507 0.102682 0)
(0.051137 0.100595 0)
(0.0408232 0.10254 0)
(0.0275493 0.107516 0)
(0.00758848 0.112107 0)
(-0.0142087 0.116826 0)
(-0.0329022 0.118607 0)
(-0.0459941 0.118693 0)
(-0.0556662 0.118794 0)
(-0.0660896 0.119002 0)
(-0.0775075 0.118958 0)
(-0.0922863 0.120163 0)
(-0.104808 0.120736 0)
(-0.112822 0.122832 0)
(-0.120668 0.123549 0)
(-0.121583 0.123527 0)
(-0.112759 0.126697 0)
(-0.100434 0.126924 0)
(-0.0888701 0.126525 0)
(-0.0748957 0.126556 0)
(-0.0558924 0.123458 0)
(-0.039158 0.120632 0)
(-0.0226045 0.117957 0)
(0.00114525 0.115556 0)
(0.0297547 0.108541 0)
(0.0559885 0.105645 0)
(0.0789982 0.103204 0)
(0.102014 0.101743 0)
(0.117905 0.0987972 0)
(0.124145 0.0968545 0)
(0.126891 0.097219 0)
(0.129837 0.0964597 0)
(0.131028 0.0969092 0)
(0.128413 0.0970689 0)
(0.119826 0.0978618 0)
(0.104428 0.102451 0)
(0.0822297 0.103748 0)
(0.0557883 0.104356 0)
(0.0282224 0.105792 0)
(0.000537649 0.107807 0)
(-0.0248825 0.108778 0)
(-0.0491542 0.110612 0)
(-0.06849 0.111128 0)
(-0.0852708 0.109016 0)
(-0.100856 0.108007 0)
(-0.111768 0.103671 0)
(-0.12224 0.0984351 0)
(-0.134242 0.091624 0)
(-0.143509 0.0863061 0)
(-0.147694 0.0828345 0)
(-0.14765 0.0779043 0)
(-0.140443 0.07434 0)
(-0.126075 0.0706627 0)
(-0.108123 0.0666684 0)
(-0.0848661 0.0658813 0)
(-0.0560644 0.0660193 0)
(-0.0214764 0.0649183 0)
(0.0132692 0.0615493 0)
(0.0427071 0.0574179 0)
(0.0680141 0.0545567 0)
(0.0870278 0.0501429 0)
(0.0983741 0.0445104 0)
(0.106591 0.0373602 0)
(0.113748 0.0310319 0)
(0.117897 0.0235361 0)
(0.118531 0.0187664 0)
(0.109343 0.0140739 0)
(0.090041 0.0096919 0)
(0.0610206 0.00654257 0)
(0.022687 0.00229906 0)
(-0.0061103 0.00559406 0)
(-0.0175406 0.0131866 0)
(-0.0264794 0.0190969 0)
(-0.0332615 0.0256264 0)
(-0.0387162 0.0308255 0)
(-0.0433771 0.0353027 0)
(-0.0477257 0.03989 0)
(-0.0549834 0.0433249 0)
(-0.0607707 0.0501787 0)
(-0.0593297 0.0553645 0)
(-0.0560339 0.0591811 0)
(-0.0525027 0.0628198 0)
(-0.0460693 0.0659661 0)
(-0.034626 0.0701281 0)
(-0.0234827 0.0742918 0)
(-0.0121502 0.0759976 0)
(0.000576882 0.0806783 0)
(0.0115093 0.0842364 0)
(0.0246022 0.0851784 0)
(0.0409315 0.085729 0)
(0.0572732 0.0896434 0)
(0.0723564 0.0914306 0)
(0.0851625 0.0940994 0)
(0.0948187 0.0979106 0)
(0.0991911 0.0983935 0)
(0.0954472 0.0992815 0)
(0.0882687 0.10111 0)
(0.0824719 0.0990731 0)
(0.0744223 0.0948272 0)
(0.0647316 0.0923479 0)
(0.0545207 0.0926536 0)
(0.0447338 0.0906812 0)
(0.0382598 0.090893 0)
(0.0280364 0.0940064 0)
(0.0102463 0.0974586 0)
(-0.010676 0.102179 0)
(-0.0293813 0.105178 0)
(-0.0417284 0.106535 0)
(-0.0499738 0.105663 0)
(-0.0587229 0.1049 0)
(-0.0686549 0.10357 0)
(-0.0814772 0.103591 0)
(-0.0925752 0.106376 0)
(-0.10064 0.108013 0)
(-0.108668 0.107763 0)
(-0.108601 0.109047 0)
(-0.100153 0.111435 0)
(-0.0899683 0.112288 0)
(-0.0795855 0.112063 0)
(-0.0673986 0.112085 0)
(-0.0516335 0.109958 0)
(-0.0370439 0.106707 0)
(-0.0214845 0.103907 0)
(-0.00182789 0.101987 0)
(0.023067 0.0969188 0)
(0.0486233 0.091201 0)
(0.0704324 0.0887685 0)
(0.091045 0.0892532 0)
(0.104928 0.0877198 0)
(0.111145 0.0856827 0)
(0.113231 0.0855582 0)
(0.116418 0.0849632 0)
(0.118418 0.0865113 0)
(0.115622 0.0865458 0)
(0.10941 0.0865055 0)
(0.0959439 0.0891931 0)
(0.0748317 0.0892364 0)
(0.0508755 0.091735 0)
(0.0260064 0.0933355 0)
(0.00152467 0.0945934 0)
(-0.0217163 0.095942 0)
(-0.0441849 0.0961502 0)
(-0.061932 0.0958763 0)
(-0.0762548 0.0939842 0)
(-0.090479 0.094744 0)
(-0.101801 0.091784 0)
(-0.111788 0.0869887 0)
(-0.122522 0.0818547 0)
(-0.130326 0.0787338 0)
(-0.134656 0.0746079 0)
(-0.134661 0.0696266 0)
(-0.127883 0.0671109 0)
(-0.115395 0.0622812 0)
(-0.0982761 0.059053 0)
(-0.075486 0.0575501 0)
(-0.0490449 0.0590378 0)
(-0.0195343 0.0588872 0)
(0.0108797 0.0544462 0)
(0.0384381 0.0504051 0)
(0.0615733 0.0477849 0)
(0.0776227 0.0444883 0)
(0.0861854 0.04025 0)
(0.0932518 0.0338979 0)
(0.100274 0.0276574 0)
(0.105125 0.022998 0)
(0.106437 0.0195483 0)
(0.0983509 0.014045 0)
(0.0816902 0.0089655 0)
(0.0558625 0.00438096 0)
(0.0210885 0.00119411 0)
(-0.0055135 0.00455168 0)
(-0.0160832 0.0122982 0)
(-0.0231467 0.0183238 0)
(-0.0285118 0.024017 0)
(-0.0336728 0.0268981 0)
(-0.0372728 0.0294664 0)
(-0.0408821 0.0325589 0)
(-0.0459531 0.0363691 0)
(-0.0505167 0.0425476 0)
(-0.0503866 0.0470014 0)
(-0.0481368 0.0503863 0)
(-0.0457704 0.0517627 0)
(-0.0398598 0.0544535 0)
(-0.0289342 0.0588483 0)
(-0.0200165 0.0609524 0)
(-0.010367 0.0631452 0)
(0.00190856 0.0667612 0)
(0.01086 0.0703132 0)
(0.0203478 0.0723067 0)
(0.034914 0.0722086 0)
(0.0499684 0.0753207 0)
(0.0634941 0.0772497 0)
(0.0760758 0.0799524 0)
(0.0837375 0.0823774 0)
(0.0867153 0.0824483 0)
(0.0839584 0.0841147 0)
(0.0764678 0.0856201 0)
(0.0690131 0.0840779 0)
(0.0620208 0.0795769 0)
(0.0556032 0.077557 0)
(0.0467026 0.0776714 0)
(0.0380107 0.0773255 0)
(0.0341716 0.0785632 0)
(0.0263931 0.079394 0)
(0.0111338 0.0819238 0)
(-0.00714268 0.0857033 0)
(-0.0242809 0.0888655 0)
(-0.0362457 0.0919166 0)
(-0.0438023 0.0905441 0)
(-0.0513597 0.087932 0)
(-0.0594939 0.0858596 0)
(-0.0689711 0.0857071 0)
(-0.0784294 0.0887999 0)
(-0.0873018 0.0908317 0)
(-0.0947439 0.0909339 0)
(-0.0938966 0.0926389 0)
(-0.086372 0.0934347 0)
(-0.0776288 0.0954358 0)
(-0.0689019 0.0973065 0)
(-0.0590936 0.0954734 0)
(-0.0458473 0.0926112 0)
(-0.0335884 0.0889978 0)
(-0.0206663 0.0870279 0)
(-0.00373351 0.0841254 0)
(0.0165823 0.0817465 0)
(0.0392081 0.0754946 0)
(0.0615494 0.0733811 0)
(0.0806449 0.074124 0)
(0.0910428 0.0746645 0)
(0.0957612 0.0739821 0)
(0.0979813 0.072772 0)
(0.101417 0.0725658 0)
(0.103233 0.0737356 0)
(0.10063 0.074243 0)
(0.0962417 0.0740835 0)
(0.0842325 0.0739448 0)
(0.0662591 0.0746039 0)
(0.0461898 0.0775699 0)
(0.02348 0.0792715 0)
(0.00156321 0.0801422 0)
(-0.0187801 0.0798073 0)
(-0.0387021 0.0794288 0)
(-0.054465 0.0793176 0)
(-0.0658381 0.0795695 0)
(-0.0780411 0.0785868 0)
(-0.0893996 0.0773119 0)
(-0.0984772 0.073669 0)
(-0.107033 0.0697828 0)
(-0.114206 0.0678146 0)
(-0.119359 0.0640946 0)
(-0.118817 0.0604315 0)
(-0.113369 0.0585287 0)
(-0.102636 0.0537816 0)
(-0.0865479 0.0506864 0)
(-0.0651116 0.0495411 0)
(-0.0412504 0.0492345 0)
(-0.0172617 0.0493525 0)
(0.00841163 0.046377 0)
(0.0333552 0.0421799 0)
(0.0540916 0.0390824 0)
(0.0677714 0.0368652 0)
(0.0738109 0.0335602 0)
(0.0785429 0.0299848 0)
(0.0859002 0.0238681 0)
(0.0920566 0.0201573 0)
(0.0932492 0.0170812 0)
(0.0855355 0.0130814 0)
(0.0711691 0.00779501 0)
(0.0492442 0.00272543 0)
(0.019268 0.000399195 0)
(-0.0044112 0.00353632 0)
(-0.0129319 0.010383 0)
(-0.0187792 0.0172974 0)
(-0.0239943 0.0207354 0)
(-0.0286794 0.0219156 0)
(-0.0309006 0.0233573 0)
(-0.0326459 0.025582 0)
(-0.0363252 0.0294781 0)
(-0.0406319 0.0349013 0)
(-0.0407716 0.0374068 0)
(-0.0400762 0.0390971 0)
(-0.0382922 0.0399814 0)
(-0.0316477 0.0428276 0)
(-0.0232361 0.0464222 0)
(-0.0167692 0.0473924 0)
(-0.00764751 0.0503448 0)
(0.00262707 0.052747 0)
(0.00876544 0.0554345 0)
(0.015336 0.0570703 0)
(0.0284373 0.0583445 0)
(0.0422622 0.0608879 0)
(0.0534847 0.0630603 0)
(0.0639044 0.0653541 0)
(0.0698896 0.0661568 0)
(0.073033 0.0663638 0)
(0.0707593 0.067256 0)
(0.0626529 0.0681681 0)
(0.0545775 0.0677967 0)
(0.0485948 0.0644224 0)
(0.0447855 0.0623479 0)
(0.03836 0.0609133 0)
(0.0320044 0.0614818 0)
(0.0292402 0.0633383 0)
(0.0233349 0.0630133 0)
(0.0116563 0.0643512 0)
(-0.00437308 0.0681842 0)
(-0.0189076 0.0704075 0)
(-0.0299261 0.074209 0)
(-0.0380801 0.073612 0)
(-0.043753 0.069721 0)
(-0.0489188 0.0671685 0)
(-0.0554286 0.067375 0)
(-0.0627189 0.0691926 0)
(-0.0712357 0.0712753 0)
(-0.0786095 0.0722632 0)
(-0.0782241 0.0741361 0)
(-0.0707343 0.0748295 0)
(-0.0616731 0.0774296 0)
(-0.0565634 0.0789845 0)
(-0.0508422 0.0774271 0)
(-0.0400125 0.0745567 0)
(-0.0291527 0.0699573 0)
(-0.0182735 0.067226 0)
(-0.00485182 0.0650026 0)
(0.0111148 0.0623125 0)
(0.0302775 0.0597471 0)
(0.0510167 0.0589393 0)
(0.0681491 0.0575924 0)
(0.0767729 0.058633 0)
(0.0789275 0.0605422 0)
(0.079695 0.0588772 0)
(0.0837441 0.0579788 0)
(0.0863234 0.0587389 0)
(0.0837732 0.0597161 0)
(0.0795484 0.0589756 0)
(0.070425 0.0588788 0)
(0.0566331 0.0608191 0)
(0.0395938 0.062791 0)
(0.0199755 0.0633733 0)
(0.000924989 0.063866 0)
(-0.0165278 0.0626251 0)
(-0.03257 0.0617936 0)
(-0.0441524 0.0624778 0)
(-0.0539724 0.0626321 0)
(-0.0646688 0.0605811 0)
(-0.0738071 0.0613372 0)
(-0.0822577 0.0591626 0)
(-0.0891865 0.0557733 0)
(-0.095234 0.0534716 0)
(-0.100192 0.0518136 0)
(-0.0994812 0.0493903 0)
(-0.0955055 0.0481 0)
(-0.0874042 0.0442414 0)
(-0.0726746 0.0411169 0)
(-0.0540958 0.0410287 0)
(-0.0337446 0.0392888 0)
(-0.0135568 0.0386061 0)
(0.00635119 0.0370255 0)
(0.0269442 0.0337336 0)
(0.0455589 0.030123 0)
(0.0567294 0.0291327 0)
(0.0609222 0.0266761 0)
(0.063749 0.0251557 0)
(0.0694547 0.0200236 0)
(0.0762384 0.0163729 0)
(0.0783365 0.0127338 0)
(0.0714199 0.010018 0)
(0.0587055 0.0057714 0)
(0.0414911 0.00166742 0)
(0.0174315 0.000235923 0)
(-0.00324391 0.0032205 0)
(-0.00898429 0.00848992 0)
(-0.0138776 0.0136348 0)
(-0.0194651 0.0162763 0)
(-0.0230268 0.0165614 0)
(-0.0237416 0.0175618 0)
(-0.0240476 0.0190405 0)
(-0.0254961 0.021861 0)
(-0.0298239 0.0266508 0)
(-0.0316916 0.0273207 0)
(-0.0309423 0.0272784 0)
(-0.0292352 0.0286873 0)
(-0.0237656 0.0316472 0)
(-0.0172873 0.0327548 0)
(-0.0124468 0.0338359 0)
(-0.00557644 0.0374797 0)
(0.00267224 0.0385558 0)
(0.00711379 0.0396957 0)
(0.0112231 0.0410173 0)
(0.0216429 0.0434322 0)
(0.0324328 0.0450784 0)
(0.0413793 0.0476957 0)
(0.0496171 0.0493045 0)
(0.0537159 0.0500525 0)
(0.0560033 0.0492319 0)
(0.0543533 0.0488504 0)
(0.0478833 0.0496023 0)
(0.0401048 0.0506798 0)
(0.0347884 0.048557 0)
(0.0325669 0.0476663 0)
(0.0283798 0.045142 0)
(0.0247256 0.0446464 0)
(0.0230303 0.0460114 0)
(0.0184658 0.0455786 0)
(0.0106794 0.0448598 0)
(-0.001833 0.0475129 0)
(-0.0134359 0.0507178 0)
(-0.0219252 0.0544771 0)
(-0.0301617 0.0546538 0)
(-0.0351949 0.0515946 0)
(-0.0372117 0.0493557 0)
(-0.0407924 0.0487762 0)
(-0.0462662 0.0510446 0)
(-0.0534113 0.0510577 0)
(-0.0597585 0.0514705 0)
(-0.0593891 0.0540379 0)
(-0.0528301 0.0560958 0)
(-0.045729 0.0572639 0)
(-0.0427447 0.0564578 0)
(-0.0393345 0.0564362 0)
(-0.0321634 0.0548249 0)
(-0.024563 0.0509141 0)
(-0.015736 0.047328 0)
(-0.0055997 0.0450765 0)
(0.00681406 0.0431251 0)
(0.0229227 0.0439924 0)
(0.0387435 0.0439732 0)
(0.0526786 0.040759 0)
(0.0605701 0.0408066 0)
(0.0604861 0.0437395 0)
(0.059067 0.042506 0)
(0.0631631 0.0423714 0)
(0.0661805 0.0427338 0)
(0.0637026 0.0433381 0)
(0.0611807 0.0435418 0)
(0.0552876 0.043235 0)
(0.0446458 0.0447818 0)
(0.0309063 0.0461017 0)
(0.0151957 0.0463422 0)
(3.67132e-05 0.0460335 0)
(-0.0135949 0.0448595 0)
(-0.0250575 0.0449398 0)
(-0.0338123 0.0456283 0)
(-0.0415917 0.0441423 0)
(-0.0482088 0.0437485 0)
(-0.0549251 0.0442848 0)
(-0.0630232 0.0423067 0)
(-0.0687075 0.0398857 0)
(-0.0726493 0.0383683 0)
(-0.0769351 0.0380711 0)
(-0.0766011 0.0368251 0)
(-0.0742823 0.0365761 0)
(-0.0687952 0.0339588 0)
(-0.0558629 0.0314497 0)
(-0.0408966 0.0303506 0)
(-0.0257997 0.0287896 0)
(-0.0103741 0.027024 0)
(0.00469333 0.0255752 0)
(0.0199868 0.0245153 0)
(0.0353918 0.0224942 0)
(0.0445545 0.0210156 0)
(0.0466063 0.0200706 0)
(0.0471713 0.019104 0)
(0.0515934 0.0154923 0)
(0.0580785 0.0118735 0)
(0.0605083 0.0083003 0)
(0.0551883 0.00594791 0)
(0.0451339 0.0040269 0)
(0.032755 0.00139242 0)
(0.0146099 0.000680958 0)
(-0.00210942 0.00248052 0)
(-0.00564997 0.00635509 0)
(-0.00845447 0.00787365 0)
(-0.0130019 0.00990382 0)
(-0.0158141 0.0103724 0)
(-0.015387 0.0116181 0)
(-0.0146979 0.0120227 0)
(-0.0148273 0.0138866 0)
(-0.0189359 0.0161723 0)
(-0.021314 0.0174544 0)
(-0.020276 0.0168766 0)
(-0.0182151 0.0168886 0)
(-0.014809 0.019498 0)
(-0.0113666 0.0194546 0)
(-0.00735531 0.019887 0)
(-0.0027014 0.023349 0)
(0.00158146 0.0243181 0)
(0.00375924 0.0237179 0)
(0.00647122 0.0248395 0)
(0.0140377 0.0271351 0)
(0.0218228 0.0270126 0)
(0.0275001 0.0299091 0)
(0.0324879 0.0308034 0)
(0.0343851 0.0314779 0)
(0.0358178 0.0304741 0)
(0.0354527 0.0302567 0)
(0.0311482 0.0307332 0)
(0.0248981 0.031632 0)
(0.0210463 0.0304661 0)
(0.0199079 0.0307681 0)
(0.016841 0.028891 0)
(0.0157941 0.027183 0)
(0.0155027 0.0275805 0)
(0.0118737 0.0277627 0)
(0.00741845 0.0266372 0)
(0.00020862 0.027563 0)
(-0.0068557 0.0312136 0)
(-0.0133608 0.0331165 0)
(-0.0205925 0.0327184 0)
(-0.0237934 0.031857 0)
(-0.0241199 0.0314221 0)
(-0.0246492 0.029964 0)
(-0.0283935 0.0314344 0)
(-0.0349034 0.0308674 0)
(-0.0385659 0.0304581 0)
(-0.0374491 0.0327324 0)
(-0.0330641 0.0346142 0)
(-0.028943 0.0342225 0)
(-0.0275992 0.0338326 0)
(-0.0256459 0.0342101 0)
(-0.0216026 0.0337998 0)
(-0.0172451 0.0306964 0)
(-0.0116792 0.0284513 0)
(-0.00486185 0.0265014 0)
(0.00425258 0.0254895 0)
(0.0152246 0.0270488 0)
(0.0241197 0.0265892 0)
(0.0333036 0.0243507 0)
(0.0406044 0.0242325 0)
(0.0394248 0.0261926 0)
(0.0368806 0.0249747 0)
(0.0404806 0.0256162 0)
(0.0429418 0.0261545 0)
(0.0414993 0.0265643 0)
(0.0394202 0.0275402 0)
(0.0357378 0.0262705 0)
(0.0298052 0.0282178 0)
(0.0207225 0.0285179 0)
(0.00969298 0.0278413 0)
(-0.000900255 0.0271193 0)
(-0.00927945 0.0272832 0)
(-0.0160621 0.027497 0)
(-0.0219751 0.0276195 0)
(-0.0266422 0.0272994 0)
(-0.030243 0.0281726 0)
(-0.0350599 0.0267691 0)
(-0.0408933 0.0247057 0)
(-0.0441569 0.0228996 0)
(-0.0463636 0.0231284 0)
(-0.0495935 0.0228853 0)
(-0.0490975 0.0228542 0)
(-0.048149 0.0224294 0)
(-0.0458795 0.02192 0)
(-0.0371091 0.0200013 0)
(-0.0269375 0.0181852 0)
(-0.0169745 0.0172242 0)
(-0.00689135 0.0158746 0)
(0.00320358 0.0145511 0)
(0.0136102 0.0151321 0)
(0.0235623 0.0145477 0)
(0.0294594 0.012927 0)
(0.0304042 0.012007 0)
(0.0293496 0.0124886 0)
(0.03171 0.0112823 0)
(0.0368974 0.00650997 0)
(0.0395028 0.00386472 0)
(0.0365775 0.0025215 0)
(0.0297772 0.00253427 0)
(0.0222154 0.00118968 0)
(0.0106652 0.00113799 0)
(-0.000563163 0.000985838 0)
(-0.00223235 0.0026767 0)
(-0.00332944 0.00254971 0)
(-0.00496995 0.00304574 0)
(-0.00593639 0.00344764 0)
(-0.00561731 0.00424298 0)
(-0.00515001 0.00407463 0)
(-0.00460405 0.00469685 0)
(-0.00644898 0.0052918 0)
(-0.00797208 0.00648402 0)
(-0.00813345 0.0060627 0)
(-0.0067829 0.00550867 0)
(-0.00523247 0.00630216 0)
(-0.00437494 0.00621606 0)
(-0.00231144 0.00633992 0)
(-0.000389471 0.00766977 0)
(0.000567275 0.00806752 0)
(0.00114436 0.00781405 0)
(0.00230463 0.00859829 0)
(0.00477266 0.00973877 0)
(0.00796452 0.00886747 0)
(0.0105922 0.00998462 0)
(0.0122583 0.0103846 0)
(0.0125675 0.0106707 0)
(0.0130808 0.0105185 0)
(0.0132497 0.0104243 0)
(0.0115238 0.0105639 0)
(0.00843666 0.0108161 0)
(0.0070449 0.0103843 0)
(0.00707704 0.0107274 0)
(0.00516842 0.0101689 0)
(0.00514412 0.00919097 0)
(0.00613148 0.00892966 0)
(0.00459681 0.00937846 0)
(0.00293957 0.00898494 0)
(0.000834524 0.00921221 0)
(-0.00194913 0.0107233 0)
(-0.0050053 0.0107043 0)
(-0.00790096 0.0105192 0)
(-0.00867317 0.0107844 0)
(-0.00867844 0.0110343 0)
(-0.00863759 0.0103697 0)
(-0.00974179 0.0101377 0)
(-0.0128914 0.0103184 0)
(-0.0143139 0.010089 0)
(-0.013341 0.0109552 0)
(-0.0118477 0.0115652 0)
(-0.0101887 0.0110592 0)
(-0.00961263 0.0112894 0)
(-0.00917276 0.0117563 0)
(-0.0083746 0.0118064 0)
(-0.00726869 0.010373 0)
(-0.00493166 0.00948663 0)
(-0.00263864 0.00895414 0)
(0.00124279 0.00816226 0)
(0.00576857 0.00883661 0)
(0.00848568 0.00838389 0)
(0.0124884 0.00814582 0)
(0.0159813 0.00847168 0)
(0.0142604 0.00888122 0)
(0.0123624 0.00822515 0)
(0.0148012 0.0084061 0)
(0.016004 0.00883927 0)
(0.0152272 0.00887388 0)
(0.0144202 0.00917084 0)
(0.0136939 0.0088861 0)
(0.0116987 0.0102544 0)
(0.00728444 0.00996614 0)
(0.00293381 0.00906847 0)
(-0.000483205 0.00870693 0)
(-0.00343535 0.0094158 0)
(-0.00609936 0.0092179 0)
(-0.0079943 0.00918501 0)
(-0.00921723 0.00939743 0)
(-0.0106747 0.0100151 0)
(-0.013001 0.00900488 0)
(-0.0154231 0.00812469 0)
(-0.0159603 0.00719307 0)
(-0.0163132 0.00768445 0)
(-0.018134 0.00760838 0)
(-0.0179599 0.00769114 0)
(-0.0177504 0.00713494 0)
(-0.0173971 0.00727569 0)
(-0.0141222 0.00670507 0)
(-0.00983999 0.00594381 0)
(-0.00614211 0.00602973 0)
(-0.00275512 0.0054047 0)
(0.00137087 0.00492547 0)
(0.0053773 0.00535372 0)
(0.00900239 0.00500776 0)
(0.0110739 0.0044577 0)
(0.0114181 0.00384507 0)
(0.0107683 0.00447567 0)
(0.0103139 0.00464004 0)
(0.0124879 0.0018971 0)
(0.01496 0.000904948 0)
(0.0142289 0.000614016 0)
(0.011464 0.000868229 0)
(0.0089969 0.000619667 0)
(0.00461423 0.000679777 0)
)
;

boundaryField
{
    inlet
    {
        type            fixedValue;
        value           uniform (0 0 0);
    }
    outlet
    {
        type            fixedValue;
        value           uniform (0 0 0);
    }
    down
    {
        type            empty;
    }
    up
    {
        type            empty;
    }
    sides
    {
        type            fixedValue;
        value           uniform (0 0 0);
    }
}

