/*--------------------------------*- C++ -*----------------------------------*\
| =========                 |                                                 |
| \\      /  F ield         | OpenFOAM: The Open Source CFD Toolbox           |
|  \\    /   O peration     | Version:  v2012                                 |
|   \\  /    A nd           | Website:  www.openfoam.com                      |
|    \\/     M anipulation  |                                                 |
\*---------------------------------------------------------------------------*/
FoamFile
{
    version     2.0;
    format      ascii;
    class       volScalarField;
    location    "0";
    object      pRec;
}
// * * * * * * * * * * * * * * * * * * * * * * * * * * * * * * * * * * * * * //

dimensions      [0 2 -2 0 0 0 0];


internalField   nonuniform List<scalar> 
4000
(
-6.93093e-13
-6.87508e-13
-6.88735e-13
-6.91719e-13
-6.89537e-13
-6.90178e-13
-6.88739e-13
-6.83663e-13
-6.7353e-13
-6.69558e-13
-6.70694e-13
-6.65164e-13
-6.54493e-13
-6.40586e-13
-6.26835e-13
-6.20363e-13
-6.15819e-13
-6.13228e-13
-6.05902e-13
-5.92352e-13
-5.8143e-13
-5.74313e-13
-5.69036e-13
-5.61577e-13
-5.50949e-13
-5.40125e-13
-5.38088e-13
-5.32566e-13
-5.26162e-13
-5.15078e-13
-4.99027e-13
-4.92076e-13
-4.90073e-13
-4.88152e-13
-4.83207e-13
-4.80209e-13
-4.70919e-13
-4.52447e-13
-4.3495e-13
-4.31287e-13
-4.31926e-13
-4.30202e-13
-4.30431e-13
-4.24227e-13
-4.12999e-13
-4.04072e-13
-3.95258e-13
-3.85991e-13
-3.76724e-13
-3.68939e-13
-3.60065e-13
-3.52028e-13
-3.44684e-13
-3.35828e-13
-3.27669e-13
-3.15056e-13
-3.08107e-13
-3.05265e-13
-3.02801e-13
-2.99795e-13
-2.9162e-13
-2.84412e-13
-2.74354e-13
-2.62434e-13
-2.54275e-13
-2.46946e-13
-2.42625e-13
-2.34492e-13
-2.23801e-13
-2.16317e-13
-2.08947e-13
-2.0204e-13
-1.89046e-13
-1.82022e-13
-1.80885e-13
-1.76588e-13
-1.72804e-13
-1.66457e-13
-1.57364e-13
-1.44293e-13
-1.31644e-13
-1.25974e-13
-1.17381e-13
-1.13073e-13
-1.08575e-13
-1.02878e-13
-9.36815e-14
-8.58145e-14
-8.2375e-14
-7.83871e-14
-7.23813e-14
-6.59248e-14
-5.89687e-14
-5.34475e-14
-4.44141e-14
-3.5401e-14
-2.74593e-14
-1.94851e-14
-1.0963e-14
-2.68228e-15
-6.89663e-13
-6.88397e-13
-6.91569e-13
-6.91475e-13
-6.92097e-13
-6.88825e-13
-6.85867e-13
-6.8351e-13
-6.78077e-13
-6.72986e-13
-6.67149e-13
-6.61793e-13
-6.52667e-13
-6.41148e-13
-6.3007e-13
-6.23597e-13
-6.18707e-13
-6.1177e-13
-6.02938e-13
-5.95604e-13
-5.84989e-13
-5.72978e-13
-5.6519e-13
-5.58335e-13
-5.48791e-13
-5.42687e-13
-5.39341e-13
-5.33338e-13
-5.24978e-13
-5.11416e-13
-5.02164e-13
-4.95476e-13
-4.89505e-13
-4.84946e-13
-4.80625e-13
-4.76484e-13
-4.6897e-13
-4.5606e-13
-4.41862e-13
-4.35424e-13
-4.31787e-13
-4.2959e-13
-4.2718e-13
-4.22268e-13
-4.14552e-13
-4.04255e-13
-3.93846e-13
-3.85903e-13
-3.76946e-13
-3.66506e-13
-3.58973e-13
-3.51135e-13
-3.44699e-13
-3.37016e-13
-3.28836e-13
-3.1778e-13
-3.07942e-13
-3.03499e-13
-3.01081e-13
-2.98331e-13
-2.93831e-13
-2.8446e-13
-2.7539e-13
-2.6419e-13
-2.55997e-13
-2.46808e-13
-2.40172e-13
-2.33607e-13
-2.2596e-13
-2.17754e-13
-2.09233e-13
-2.02039e-13
-1.93957e-13
-1.85156e-13
-1.80666e-13
-1.73154e-13
-1.71392e-13
-1.64239e-13
-1.54371e-13
-1.42527e-13
-1.32693e-13
-1.2741e-13
-1.2126e-13
-1.15427e-13
-1.06662e-13
-1.00591e-13
-9.17953e-14
-8.38149e-14
-8.06911e-14
-7.69272e-14
-7.3897e-14
-6.84675e-14
-6.26992e-14
-5.15205e-14
-4.28947e-14
-3.61044e-14
-2.70335e-14
-1.96366e-14
-1.2566e-14
-4.4812e-15
-6.89228e-13
-6.88269e-13
-6.90458e-13
-6.93632e-13
-6.94588e-13
-6.90131e-13
-6.84961e-13
-6.82388e-13
-6.76357e-13
-6.72624e-13
-6.6759e-13
-6.61121e-13
-6.52245e-13
-6.42442e-13
-6.31936e-13
-6.24233e-13
-6.1814e-13
-6.11095e-13
-6.03385e-13
-5.94422e-13
-5.83845e-13
-5.74768e-13
-5.66093e-13
-5.59141e-13
-5.50604e-13
-5.45124e-13
-5.40315e-13
-5.32213e-13
-5.22683e-13
-5.09486e-13
-5.02701e-13
-4.95765e-13
-4.89468e-13
-4.86515e-13
-4.82493e-13
-4.77738e-13
-4.67668e-13
-4.57623e-13
-4.46631e-13
-4.3564e-13
-4.30921e-13
-4.26318e-13
-4.26641e-13
-4.2281e-13
-4.1557e-13
-4.04551e-13
-3.92591e-13
-3.83136e-13
-3.77635e-13
-3.72389e-13
-3.61022e-13
-3.51475e-13
-3.42389e-13
-3.33946e-13
-3.27014e-13
-3.1876e-13
-3.08209e-13
-3.05709e-13
-3.05778e-13
-2.99761e-13
-2.9157e-13
-2.79533e-13
-2.71267e-13
-2.65493e-13
-2.58784e-13
-2.50481e-13
-2.42976e-13
-2.32532e-13
-2.24591e-13
-2.14679e-13
-2.06295e-13
-1.99394e-13
-1.90498e-13
-1.84645e-13
-1.80186e-13
-1.75532e-13
-1.7031e-13
-1.64269e-13
-1.53848e-13
-1.43336e-13
-1.37902e-13
-1.2947e-13
-1.17383e-13
-1.11735e-13
-1.06339e-13
-1.02913e-13
-9.65882e-14
-8.72041e-14
-8.0574e-14
-7.49105e-14
-7.14142e-14
-6.78985e-14
-6.08762e-14
-5.25338e-14
-4.22407e-14
-3.35276e-14
-2.76421e-14
-2.06467e-14
-1.62229e-14
-5.16144e-15
-6.90302e-13
-6.91415e-13
-6.92215e-13
-6.88402e-13
-6.92845e-13
-6.872e-13
-6.85007e-13
-6.82623e-13
-6.80448e-13
-6.74925e-13
-6.65771e-13
-6.56411e-13
-6.48624e-13
-6.43115e-13
-6.40677e-13
-6.30443e-13
-6.16199e-13
-6.07742e-13
-6.02461e-13
-5.93325e-13
-5.84378e-13
-5.7667e-13
-5.66817e-13
-5.5318e-13
-5.46021e-13
-5.42801e-13
-5.39538e-13
-5.34138e-13
-5.22608e-13
-5.13599e-13
-5.06744e-13
-4.98774e-13
-4.90228e-13
-4.84486e-13
-4.78159e-13
-4.77173e-13
-4.67978e-13
-4.5619e-13
-4.47774e-13
-4.38327e-13
-4.342e-13
-4.31361e-13
-4.26424e-13
-4.19971e-13
-4.10567e-13
-4.00781e-13
-3.92385e-13
-3.86968e-13
-3.7892e-13
-3.66019e-13
-3.56514e-13
-3.50499e-13
-3.44515e-13
-3.38019e-13
-3.26366e-13
-3.19708e-13
-3.10423e-13
-3.05338e-13
-3.04697e-13
-2.98459e-13
-2.89911e-13
-2.80902e-13
-2.75457e-13
-2.6794e-13
-2.58224e-13
-2.49527e-13
-2.41774e-13
-2.32555e-13
-2.25228e-13
-2.17103e-13
-2.10072e-13
-2.02727e-13
-1.93605e-13
-1.86047e-13
-1.7967e-13
-1.74107e-13
-1.70592e-13
-1.63531e-13
-1.53723e-13
-1.43977e-13
-1.36734e-13
-1.30175e-13
-1.19543e-13
-1.101e-13
-1.05515e-13
-1.00758e-13
-9.42598e-14
-8.66427e-14
-7.93287e-14
-7.54275e-14
-7.34871e-14
-6.82699e-14
-6.26412e-14
-5.11351e-14
-4.22024e-14
-3.60193e-14
-2.92454e-14
-1.98048e-14
-1.29867e-14
-4.77634e-15
-6.91341e-13
-6.95729e-13
-6.92215e-13
-6.87566e-13
-6.84044e-13
-6.87663e-13
-6.87809e-13
-6.86006e-13
-6.79525e-13
-6.71874e-13
-6.63413e-13
-6.58061e-13
-6.48235e-13
-6.40899e-13
-6.3953e-13
-6.33653e-13
-6.23033e-13
-6.12378e-13
-5.99933e-13
-5.88087e-13
-5.83212e-13
-5.757e-13
-5.61506e-13
-5.52157e-13
-5.49215e-13
-5.45739e-13
-5.4114e-13
-5.32992e-13
-5.2488e-13
-5.15959e-13
-5.07389e-13
-4.99941e-13
-4.90949e-13
-4.84999e-13
-4.79203e-13
-4.76398e-13
-4.66938e-13
-4.56153e-13
-4.45242e-13
-4.379e-13
-4.34291e-13
-4.33453e-13
-4.26659e-13
-4.18474e-13
-4.08327e-13
-3.98429e-13
-3.90982e-13
-3.85377e-13
-3.77727e-13
-3.69678e-13
-3.60169e-13
-3.53236e-13
-3.45327e-13
-3.3733e-13
-3.26884e-13
-3.18256e-13
-3.11687e-13
-3.06844e-13
-3.03786e-13
-2.97025e-13
-2.89706e-13
-2.81432e-13
-2.73119e-13
-2.67003e-13
-2.61415e-13
-2.5477e-13
-2.4663e-13
-2.33944e-13
-2.24953e-13
-2.14557e-13
-2.06396e-13
-1.99948e-13
-1.93401e-13
-1.86202e-13
-1.76385e-13
-1.711e-13
-1.69006e-13
-1.63228e-13
-1.56099e-13
-1.45969e-13
-1.38031e-13
-1.3231e-13
-1.19658e-13
-1.09271e-13
-1.02233e-13
-9.75342e-14
-9.39444e-14
-8.94012e-14
-8.16437e-14
-7.6869e-14
-7.24016e-14
-6.79289e-14
-6.04273e-14
-5.48268e-14
-4.68299e-14
-3.64736e-14
-2.92624e-14
-2.20939e-14
-1.25595e-14
-2.33077e-15
-6.87926e-13
-6.97305e-13
-6.93815e-13
-6.84761e-13
-6.88608e-13
-6.92187e-13
-6.90367e-13
-6.86096e-13
-6.7773e-13
-6.64501e-13
-6.60757e-13
-6.56848e-13
-6.52869e-13
-6.42897e-13
-6.36215e-13
-6.35361e-13
-6.24756e-13
-6.14931e-13
-6.04814e-13
-5.91284e-13
-5.80681e-13
-5.6939e-13
-5.52403e-13
-5.48795e-13
-5.4981e-13
-5.49051e-13
-5.41101e-13
-5.31948e-13
-5.23865e-13
-5.18979e-13
-5.08871e-13
-4.99387e-13
-4.91065e-13
-4.88079e-13
-4.84735e-13
-4.75196e-13
-4.64596e-13
-4.55935e-13
-4.45351e-13
-4.40347e-13
-4.37001e-13
-4.33901e-13
-4.24978e-13
-4.18842e-13
-4.08539e-13
-3.966e-13
-3.87187e-13
-3.81713e-13
-3.77883e-13
-3.69572e-13
-3.6228e-13
-3.52639e-13
-3.43859e-13
-3.34975e-13
-3.25433e-13
-3.19821e-13
-3.14393e-13
-3.08154e-13
-3.02126e-13
-2.9774e-13
-2.91835e-13
-2.82335e-13
-2.73983e-13
-2.66915e-13
-2.57797e-13
-2.52924e-13
-2.47344e-13
-2.35146e-13
-2.25964e-13
-2.17707e-13
-2.07968e-13
-2.00204e-13
-1.94744e-13
-1.88036e-13
-1.78287e-13
-1.73613e-13
-1.67721e-13
-1.59983e-13
-1.5506e-13
-1.48306e-13
-1.40775e-13
-1.31413e-13
-1.1738e-13
-1.07079e-13
-1.02949e-13
-9.98305e-14
-9.60146e-14
-8.73876e-14
-8.07158e-14
-7.64019e-14
-7.20145e-14
-6.81047e-14
-5.8726e-14
-5.40002e-14
-4.69098e-14
-3.96713e-14
-2.94574e-14
-2.09609e-14
-1.05794e-14
-1.14616e-15
-6.93124e-13
-6.93914e-13
-6.93253e-13
-6.89838e-13
-6.87095e-13
-6.90646e-13
-6.89912e-13
-6.8375e-13
-6.75711e-13
-6.65082e-13
-6.56876e-13
-6.56026e-13
-6.54952e-13
-6.44174e-13
-6.37483e-13
-6.32562e-13
-6.28718e-13
-6.20209e-13
-6.01888e-13
-5.8405e-13
-5.68309e-13
-5.64297e-13
-5.62547e-13
-5.60069e-13
-5.5503e-13
-5.48535e-13
-5.38033e-13
-5.29458e-13
-5.25519e-13
-5.20873e-13
-5.11841e-13
-4.98393e-13
-4.92177e-13
-4.84009e-13
-4.78855e-13
-4.72823e-13
-4.66523e-13
-4.61154e-13
-4.50444e-13
-4.38981e-13
-4.32248e-13
-4.27654e-13
-4.23046e-13
-4.18942e-13
-4.12161e-13
-4.01687e-13
-3.90172e-13
-3.80797e-13
-3.74588e-13
-3.69238e-13
-3.6191e-13
-3.55978e-13
-3.46995e-13
-3.3542e-13
-3.26969e-13
-3.20876e-13
-3.14018e-13
-3.02642e-13
-2.98104e-13
-2.97037e-13
-2.96252e-13
-2.87984e-13
-2.76417e-13
-2.64411e-13
-2.54819e-13
-2.4943e-13
-2.4185e-13
-2.30776e-13
-2.21572e-13
-2.17057e-13
-2.16295e-13
-2.06446e-13
-1.96023e-13
-1.90884e-13
-1.81246e-13
-1.71753e-13
-1.63684e-13
-1.56203e-13
-1.50814e-13
-1.4651e-13
-1.39872e-13
-1.30627e-13
-1.22447e-13
-1.13321e-13
-1.06632e-13
-9.64206e-14
-9.29796e-14
-8.91335e-14
-8.13119e-14
-7.81061e-14
-7.15196e-14
-6.35174e-14
-5.90207e-14
-5.34306e-14
-4.70762e-14
-3.72953e-14
-2.92136e-14
-1.94963e-14
-1.06383e-14
-3.43382e-15
-6.92363e-13
-6.91944e-13
-6.89799e-13
-6.90735e-13
-6.93331e-13
-6.92952e-13
-6.89635e-13
-6.82754e-13
-6.7402e-13
-6.66436e-13
-6.60591e-13
-6.55003e-13
-6.51273e-13
-6.42021e-13
-6.38006e-13
-6.32487e-13
-6.28723e-13
-6.19587e-13
-5.96952e-13
-5.85521e-13
-5.81074e-13
-5.73982e-13
-5.63399e-13
-5.53852e-13
-5.50989e-13
-5.44456e-13
-5.33631e-13
-5.27636e-13
-5.22871e-13
-5.18203e-13
-5.11739e-13
-5.04002e-13
-4.98003e-13
-4.91479e-13
-4.79834e-13
-4.71819e-13
-4.65118e-13
-4.56273e-13
-4.48304e-13
-4.39244e-13
-4.33463e-13
-4.31134e-13
-4.24218e-13
-4.22603e-13
-4.16922e-13
-4.01916e-13
-3.86421e-13
-3.72931e-13
-3.72021e-13
-3.71002e-13
-3.66872e-13
-3.59454e-13
-3.46827e-13
-3.35437e-13
-3.24358e-13
-3.17982e-13
-3.1448e-13
-3.08763e-13
-3.00219e-13
-2.94217e-13
-2.91766e-13
-2.84778e-13
-2.77367e-13
-2.68854e-13
-2.60427e-13
-2.51555e-13
-2.42667e-13
-2.32632e-13
-2.2651e-13
-2.19432e-13
-2.12033e-13
-2.06412e-13
-1.94953e-13
-1.82526e-13
-1.75409e-13
-1.72126e-13
-1.67562e-13
-1.60032e-13
-1.55563e-13
-1.49495e-13
-1.40548e-13
-1.30828e-13
-1.18766e-13
-1.07984e-13
-9.96439e-14
-9.59308e-14
-9.39494e-14
-9.06569e-14
-8.33909e-14
-7.65727e-14
-6.9134e-14
-6.37835e-14
-5.93686e-14
-5.46651e-14
-4.55058e-14
-3.56894e-14
-2.91171e-14
-2.09668e-14
-1.20162e-14
-1.852e-15
-6.94673e-13
-6.96444e-13
-6.91338e-13
-6.8507e-13
-6.88974e-13
-6.91841e-13
-6.91655e-13
-6.83894e-13
-6.71419e-13
-6.68091e-13
-6.6151e-13
-6.51616e-13
-6.45455e-13
-6.41914e-13
-6.39155e-13
-6.34988e-13
-6.284e-13
-6.17343e-13
-6.00805e-13
-5.87673e-13
-5.79867e-13
-5.71534e-13
-5.67221e-13
-5.6008e-13
-5.50936e-13
-5.41031e-13
-5.32767e-13
-5.27769e-13
-5.26126e-13
-5.19131e-13
-5.12599e-13
-5.05183e-13
-4.94701e-13
-4.84447e-13
-4.80244e-13
-4.72993e-13
-4.64255e-13
-4.55444e-13
-4.5044e-13
-4.44938e-13
-4.39734e-13
-4.32701e-13
-4.21084e-13
-4.13178e-13
-4.09631e-13
-4.02599e-13
-3.91774e-13
-3.81741e-13
-3.75298e-13
-3.68471e-13
-3.61862e-13
-3.5497e-13
-3.45349e-13
-3.3668e-13
-3.28683e-13
-3.23638e-13
-3.15506e-13
-3.08625e-13
-3.00924e-13
-2.95183e-13
-2.88831e-13
-2.82096e-13
-2.75898e-13
-2.68224e-13
-2.57626e-13
-2.474e-13
-2.41252e-13
-2.3342e-13
-2.25617e-13
-2.18362e-13
-2.10618e-13
-2.06846e-13
-1.99021e-13
-1.88883e-13
-1.77615e-13
-1.72428e-13
-1.68472e-13
-1.61535e-13
-1.55972e-13
-1.46918e-13
-1.40922e-13
-1.31611e-13
-1.19031e-13
-1.09475e-13
-1.01887e-13
-9.66364e-14
-9.47231e-14
-8.98707e-14
-8.28074e-14
-7.6514e-14
-6.87679e-14
-6.29245e-14
-5.63344e-14
-5.16893e-14
-4.50936e-14
-3.65921e-14
-2.77626e-14
-1.72024e-14
-8.01731e-15
9.27266e-16
-6.94615e-13
-6.9391e-13
-6.93851e-13
-6.90719e-13
-6.87362e-13
-6.89678e-13
-6.88281e-13
-6.86521e-13
-6.78636e-13
-6.6428e-13
-6.56013e-13
-6.4874e-13
-6.465e-13
-6.44851e-13
-6.40763e-13
-6.34218e-13
-6.24386e-13
-6.1763e-13
-6.0794e-13
-5.9244e-13
-5.79961e-13
-5.673e-13
-5.62057e-13
-5.55094e-13
-5.52289e-13
-5.46176e-13
-5.3612e-13
-5.30315e-13
-5.24609e-13
-5.19114e-13
-5.13558e-13
-5.05081e-13
-4.94887e-13
-4.83526e-13
-4.77e-13
-4.71396e-13
-4.66823e-13
-4.56774e-13
-4.51216e-13
-4.45709e-13
-4.36215e-13
-4.26962e-13
-4.20252e-13
-4.13599e-13
-4.123e-13
-4.07024e-13
-3.96035e-13
-3.8389e-13
-3.75506e-13
-3.6601e-13
-3.58866e-13
-3.54692e-13
-3.46868e-13
-3.37829e-13
-3.29264e-13
-3.21768e-13
-3.14851e-13
-3.07609e-13
-3.00764e-13
-2.97242e-13
-2.92503e-13
-2.88531e-13
-2.81297e-13
-2.68727e-13
-2.5441e-13
-2.40374e-13
-2.33353e-13
-2.28471e-13
-2.24821e-13
-2.24549e-13
-2.18322e-13
-2.09205e-13
-2.0178e-13
-1.91258e-13
-1.78683e-13
-1.69648e-13
-1.65178e-13
-1.59409e-13
-1.55183e-13
-1.46625e-13
-1.40177e-13
-1.3187e-13
-1.20797e-13
-1.12957e-13
-1.03931e-13
-9.5546e-14
-9.13226e-14
-8.56955e-14
-8.19606e-14
-7.69642e-14
-6.73342e-14
-5.86729e-14
-5.33482e-14
-4.88852e-14
-4.06471e-14
-3.21586e-14
-2.40057e-14
-1.53712e-14
-5.9117e-15
2.58138e-17
-6.92865e-13
-6.92156e-13
-6.91272e-13
-6.92668e-13
-6.92939e-13
-6.87503e-13
-6.8554e-13
-6.82733e-13
-6.76742e-13
-6.69513e-13
-6.56749e-13
-6.4726e-13
-6.46279e-13
-6.46267e-13
-6.41129e-13
-6.36726e-13
-6.24188e-13
-6.15866e-13
-6.07555e-13
-5.93644e-13
-5.84092e-13
-5.68564e-13
-5.58379e-13
-5.53827e-13
-5.47984e-13
-5.43034e-13
-5.38546e-13
-5.31945e-13
-5.26402e-13
-5.21055e-13
-5.12724e-13
-5.03762e-13
-4.93739e-13
-4.85658e-13
-4.81042e-13
-4.72981e-13
-4.64463e-13
-4.57017e-13
-4.52745e-13
-4.44006e-13
-4.36018e-13
-4.26713e-13
-4.20463e-13
-4.18151e-13
-4.15347e-13
-4.05516e-13
-3.929e-13
-3.80072e-13
-3.72303e-13
-3.64549e-13
-3.61794e-13
-3.56628e-13
-3.4636e-13
-3.37307e-13
-3.27966e-13
-3.24737e-13
-3.17709e-13
-3.09936e-13
-2.99962e-13
-2.91084e-13
-2.891e-13
-2.81304e-13
-2.75941e-13
-2.71352e-13
-2.57373e-13
-2.43237e-13
-2.33464e-13
-2.27686e-13
-2.25301e-13
-2.27546e-13
-2.19498e-13
-2.11803e-13
-2.02456e-13
-1.90405e-13
-1.76586e-13
-1.65836e-13
-1.64778e-13
-1.6292e-13
-1.58899e-13
-1.50291e-13
-1.44031e-13
-1.3543e-13
-1.20533e-13
-1.09445e-13
-9.89619e-14
-8.99614e-14
-9.20823e-14
-9.02361e-14
-8.2382e-14
-7.54482e-14
-6.55196e-14
-5.92797e-14
-5.28598e-14
-4.68918e-14
-4.2372e-14
-3.53812e-14
-2.03609e-14
-6.68297e-15
1.63757e-15
-1.27654e-15
-6.95935e-13
-6.94017e-13
-6.91797e-13
-6.93396e-13
-6.91988e-13
-6.86843e-13
-6.87006e-13
-6.83617e-13
-6.76221e-13
-6.66722e-13
-6.58313e-13
-6.50566e-13
-6.42682e-13
-6.3961e-13
-6.36423e-13
-6.3069e-13
-6.27316e-13
-6.21273e-13
-6.09862e-13
-5.95093e-13
-5.83328e-13
-5.75458e-13
-5.64532e-13
-5.54664e-13
-5.48047e-13
-5.37503e-13
-5.34102e-13
-5.31305e-13
-5.27767e-13
-5.2346e-13
-5.14906e-13
-5.045e-13
-4.92637e-13
-4.83188e-13
-4.77676e-13
-4.70737e-13
-4.66495e-13
-4.5989e-13
-4.54987e-13
-4.42594e-13
-4.34636e-13
-4.23833e-13
-4.20117e-13
-4.20421e-13
-4.13666e-13
-4.05343e-13
-3.9375e-13
-3.83513e-13
-3.73485e-13
-3.64361e-13
-3.57848e-13
-3.54722e-13
-3.4638e-13
-3.403e-13
-3.33062e-13
-3.23625e-13
-3.15957e-13
-3.07709e-13
-2.99625e-13
-2.93752e-13
-2.91508e-13
-2.9129e-13
-2.80579e-13
-2.6821e-13
-2.49689e-13
-2.39875e-13
-2.33339e-13
-2.29987e-13
-2.25212e-13
-2.22818e-13
-2.16546e-13
-2.15206e-13
-2.08965e-13
-1.96115e-13
-1.75438e-13
-1.59061e-13
-1.57874e-13
-1.63876e-13
-1.60908e-13
-1.50319e-13
-1.42958e-13
-1.32578e-13
-1.22569e-13
-1.13941e-13
-1.03551e-13
-9.2896e-14
-8.68868e-14
-8.60656e-14
-8.07693e-14
-7.39845e-14
-6.34567e-14
-5.85897e-14
-5.27648e-14
-4.56235e-14
-3.78912e-14
-3.14761e-14
-1.92556e-14
-8.2804e-15
-2.04899e-15
-1.38582e-15
-6.93559e-13
-6.93221e-13
-6.85522e-13
-6.94555e-13
-6.94203e-13
-6.91127e-13
-6.849e-13
-6.78129e-13
-6.71338e-13
-6.61769e-13
-6.57025e-13
-6.51965e-13
-6.50882e-13
-6.44694e-13
-6.3836e-13
-6.34331e-13
-6.29415e-13
-6.22607e-13
-6.10639e-13
-5.96067e-13
-5.77087e-13
-5.63218e-13
-5.54222e-13
-5.52565e-13
-5.48046e-13
-5.43536e-13
-5.37019e-13
-5.30778e-13
-5.28485e-13
-5.25688e-13
-5.18057e-13
-5.05234e-13
-4.9527e-13
-4.87258e-13
-4.82879e-13
-4.72739e-13
-4.63203e-13
-4.58386e-13
-4.52486e-13
-4.42489e-13
-4.33128e-13
-4.29128e-13
-4.24738e-13
-4.18906e-13
-4.08017e-13
-3.98827e-13
-3.91658e-13
-3.83878e-13
-3.75482e-13
-3.68134e-13
-3.61456e-13
-3.55165e-13
-3.43971e-13
-3.33995e-13
-3.3546e-13
-3.34663e-13
-3.19298e-13
-3.04312e-13
-2.95479e-13
-2.87651e-13
-2.85271e-13
-2.82466e-13
-2.81445e-13
-2.7147e-13
-2.5457e-13
-2.45345e-13
-2.32299e-13
-2.30688e-13
-2.25349e-13
-2.20123e-13
-2.1615e-13
-2.15872e-13
-2.09726e-13
-1.93953e-13
-1.77031e-13
-1.6387e-13
-1.60892e-13
-1.64359e-13
-1.57252e-13
-1.47718e-13
-1.41139e-13
-1.33371e-13
-1.2535e-13
-1.15537e-13
-1.04845e-13
-9.23954e-14
-8.6691e-14
-8.6249e-14
-7.94556e-14
-7.21966e-14
-6.38119e-14
-5.71743e-14
-4.95421e-14
-4.37295e-14
-3.84447e-14
-3.02313e-14
-1.95059e-14
-9.98297e-15
-1.11164e-15
5.82558e-16
-6.90203e-13
-7.00049e-13
-6.9473e-13
-6.8984e-13
-6.90369e-13
-6.88908e-13
-6.84161e-13
-6.82876e-13
-6.72133e-13
-6.57965e-13
-6.5387e-13
-6.52048e-13
-6.49286e-13
-6.45683e-13
-6.41119e-13
-6.31516e-13
-6.20871e-13
-6.1315e-13
-6.07436e-13
-5.98497e-13
-5.91519e-13
-5.82991e-13
-5.70387e-13
-5.52537e-13
-5.38634e-13
-5.32484e-13
-5.34853e-13
-5.32633e-13
-5.29879e-13
-5.27692e-13
-5.18805e-13
-5.06452e-13
-4.91297e-13
-4.79114e-13
-4.73814e-13
-4.69436e-13
-4.6942e-13
-4.65019e-13
-4.53389e-13
-4.46975e-13
-4.35753e-13
-4.25585e-13
-4.23275e-13
-4.16259e-13
-4.07292e-13
-3.98329e-13
-3.88831e-13
-3.83909e-13
-3.79087e-13
-3.70573e-13
-3.62572e-13
-3.53016e-13
-3.4567e-13
-3.38274e-13
-3.334e-13
-3.27694e-13
-3.21255e-13
-3.13786e-13
-3.05137e-13
-2.93384e-13
-2.84031e-13
-2.77388e-13
-2.71821e-13
-2.6616e-13
-2.56013e-13
-2.47654e-13
-2.38668e-13
-2.31842e-13
-2.25877e-13
-2.22559e-13
-2.18673e-13
-2.10713e-13
-2.03078e-13
-1.9477e-13
-1.80035e-13
-1.69062e-13
-1.61383e-13
-1.59262e-13
-1.5684e-13
-1.48572e-13
-1.41909e-13
-1.31342e-13
-1.23877e-13
-1.14365e-13
-1.03419e-13
-9.40218e-14
-8.91953e-14
-8.47607e-14
-8.04539e-14
-7.1773e-14
-6.41124e-14
-6.01192e-14
-5.21255e-14
-4.33941e-14
-3.36659e-14
-2.52538e-14
-1.8098e-14
-1.14199e-14
-3.86985e-15
9.70711e-17
-6.89497e-13
-6.93747e-13
-6.95734e-13
-6.91505e-13
-6.90641e-13
-6.91798e-13
-6.81147e-13
-6.69815e-13
-6.64643e-13
-6.62476e-13
-6.5995e-13
-6.56057e-13
-6.52804e-13
-6.4716e-13
-6.41462e-13
-6.32809e-13
-6.26036e-13
-6.22004e-13
-6.12648e-13
-5.98089e-13
-5.78491e-13
-5.64834e-13
-5.55602e-13
-5.45901e-13
-5.46262e-13
-5.44754e-13
-5.39962e-13
-5.32463e-13
-5.28068e-13
-5.26851e-13
-5.20852e-13
-5.09888e-13
-4.96816e-13
-4.79456e-13
-4.69083e-13
-4.69836e-13
-4.70852e-13
-4.66415e-13
-4.59315e-13
-4.48071e-13
-4.33478e-13
-4.24215e-13
-4.16638e-13
-4.11931e-13
-4.0682e-13
-4.01143e-13
-3.93995e-13
-3.85166e-13
-3.78761e-13
-3.77553e-13
-3.68855e-13
-3.5101e-13
-3.40497e-13
-3.3314e-13
-3.27583e-13
-3.2592e-13
-3.21993e-13
-3.12852e-13
-3.00321e-13
-2.9059e-13
-2.87116e-13
-2.82578e-13
-2.75291e-13
-2.66038e-13
-2.51804e-13
-2.41434e-13
-2.36855e-13
-2.3452e-13
-2.29508e-13
-2.22375e-13
-2.15511e-13
-2.10707e-13
-2.03516e-13
-1.93301e-13
-1.81369e-13
-1.65775e-13
-1.59968e-13
-1.5831e-13
-1.58942e-13
-1.54049e-13
-1.45284e-13
-1.3485e-13
-1.23583e-13
-1.11574e-13
-1.01795e-13
-9.44742e-14
-8.98021e-14
-8.39497e-14
-7.78728e-14
-7.09045e-14
-6.4429e-14
-5.8874e-14
-5.26929e-14
-4.34907e-14
-3.29292e-14
-2.2647e-14
-1.42275e-14
-8.65589e-15
-2.03745e-15
-6.10584e-16
-6.88072e-13
-6.96932e-13
-6.97602e-13
-6.9257e-13
-6.89213e-13
-6.94687e-13
-6.90869e-13
-6.76392e-13
-6.57971e-13
-6.53821e-13
-6.52901e-13
-6.5423e-13
-6.5317e-13
-6.50236e-13
-6.44791e-13
-6.33945e-13
-6.24229e-13
-6.16191e-13
-6.03451e-13
-5.94599e-13
-5.86346e-13
-5.73043e-13
-5.60922e-13
-5.46842e-13
-5.45642e-13
-5.43723e-13
-5.41835e-13
-5.36864e-13
-5.28858e-13
-5.25881e-13
-5.17422e-13
-5.05403e-13
-4.95615e-13
-4.80365e-13
-4.6822e-13
-4.67289e-13
-4.69037e-13
-4.67233e-13
-4.5881e-13
-4.48758e-13
-4.32415e-13
-4.22972e-13
-4.20222e-13
-4.14724e-13
-4.06973e-13
-3.99359e-13
-3.96438e-13
-3.89523e-13
-3.78858e-13
-3.67611e-13
-3.59695e-13
-3.53706e-13
-3.44584e-13
-3.31489e-13
-3.32306e-13
-3.2957e-13
-3.21332e-13
-3.14818e-13
-3.0724e-13
-2.92872e-13
-2.85329e-13
-2.78815e-13
-2.70354e-13
-2.62665e-13
-2.51508e-13
-2.43847e-13
-2.34589e-13
-2.31617e-13
-2.26142e-13
-2.25523e-13
-2.1807e-13
-2.13907e-13
-2.06997e-13
-1.92937e-13
-1.78334e-13
-1.66356e-13
-1.6314e-13
-1.6004e-13
-1.5507e-13
-1.49933e-13
-1.44071e-13
-1.35256e-13
-1.24376e-13
-1.12045e-13
-1.05064e-13
-9.77916e-14
-9.0279e-14
-8.35892e-14
-7.78523e-14
-6.9732e-14
-6.28172e-14
-5.67031e-14
-4.86839e-14
-3.98394e-14
-3.24488e-14
-2.62891e-14
-1.26343e-14
-5.48017e-15
7.68141e-16
4.54876e-16
-6.95035e-13
-6.94082e-13
-6.90351e-13
-6.86399e-13
-6.88018e-13
-6.82623e-13
-6.78148e-13
-6.79415e-13
-6.74918e-13
-6.67074e-13
-6.61801e-13
-6.52829e-13
-6.46685e-13
-6.45478e-13
-6.43237e-13
-6.35808e-13
-6.26701e-13
-6.23368e-13
-6.1159e-13
-5.94466e-13
-5.74634e-13
-5.61656e-13
-5.55841e-13
-5.54133e-13
-5.47283e-13
-5.45997e-13
-5.41901e-13
-5.35085e-13
-5.29443e-13
-5.24333e-13
-5.17212e-13
-5.04888e-13
-4.92717e-13
-4.79952e-13
-4.71508e-13
-4.7033e-13
-4.73596e-13
-4.67303e-13
-4.57779e-13
-4.47076e-13
-4.33152e-13
-4.20429e-13
-4.18054e-13
-4.15277e-13
-4.11389e-13
-4.00493e-13
-3.91303e-13
-3.87599e-13
-3.82487e-13
-3.70765e-13
-3.58872e-13
-3.53473e-13
-3.46197e-13
-3.35215e-13
-3.2719e-13
-3.24573e-13
-3.18901e-13
-3.13889e-13
-3.08047e-13
-2.98265e-13
-2.87375e-13
-2.79245e-13
-2.69741e-13
-2.6204e-13
-2.55322e-13
-2.4504e-13
-2.34977e-13
-2.26363e-13
-2.23269e-13
-2.2558e-13
-2.17257e-13
-2.12126e-13
-2.05189e-13
-1.93636e-13
-1.82378e-13
-1.69906e-13
-1.59536e-13
-1.55005e-13
-1.54405e-13
-1.55296e-13
-1.48952e-13
-1.33967e-13
-1.23153e-13
-1.10241e-13
-1.05374e-13
-1.00096e-13
-9.26993e-14
-8.24748e-14
-7.34131e-14
-6.86208e-14
-6.2881e-14
-5.60553e-14
-5.03083e-14
-4.18616e-14
-3.14832e-14
-2.17241e-14
-1.29955e-14
-6.75947e-15
3.77651e-16
1.8475e-15
-6.94474e-13
-6.93184e-13
-6.90597e-13
-6.88228e-13
-6.94286e-13
-6.91419e-13
-6.78425e-13
-6.71724e-13
-6.66853e-13
-6.63677e-13
-6.62518e-13
-6.60298e-13
-6.48582e-13
-6.41151e-13
-6.38094e-13
-6.32999e-13
-6.28456e-13
-6.21078e-13
-6.08418e-13
-5.91928e-13
-5.77723e-13
-5.63297e-13
-5.53996e-13
-5.54406e-13
-5.54474e-13
-5.45766e-13
-5.38177e-13
-5.35375e-13
-5.32914e-13
-5.26977e-13
-5.19527e-13
-5.06571e-13
-4.9264e-13
-4.79098e-13
-4.68271e-13
-4.68834e-13
-4.67641e-13
-4.65347e-13
-4.61644e-13
-4.51414e-13
-4.36734e-13
-4.24699e-13
-4.17852e-13
-4.09597e-13
-4.07496e-13
-4.01943e-13
-3.9388e-13
-3.84429e-13
-3.77769e-13
-3.70903e-13
-3.59626e-13
-3.53919e-13
-3.46323e-13
-3.36506e-13
-3.3342e-13
-3.28843e-13
-3.17119e-13
-3.0785e-13
-3.03516e-13
-2.9544e-13
-2.89414e-13
-2.79224e-13
-2.70938e-13
-2.63586e-13
-2.5457e-13
-2.43544e-13
-2.36939e-13
-2.26759e-13
-2.20127e-13
-2.18211e-13
-2.16362e-13
-2.13077e-13
-2.06915e-13
-1.93774e-13
-1.81147e-13
-1.70772e-13
-1.6393e-13
-1.57221e-13
-1.56675e-13
-1.53397e-13
-1.46081e-13
-1.3575e-13
-1.24551e-13
-1.12966e-13
-1.04171e-13
-9.50228e-14
-8.83227e-14
-8.41172e-14
-7.81767e-14
-6.89107e-14
-6.19143e-14
-5.48369e-14
-4.72295e-14
-3.90743e-14
-2.99047e-14
-2.34653e-14
-1.47161e-14
-4.82663e-15
7.66254e-16
1.09681e-16
-6.89318e-13
-6.92184e-13
-6.92231e-13
-6.90706e-13
-6.89002e-13
-6.82719e-13
-6.78025e-13
-6.74592e-13
-6.7344e-13
-6.69102e-13
-6.63642e-13
-6.58995e-13
-6.51395e-13
-6.42704e-13
-6.36657e-13
-6.29243e-13
-6.26383e-13
-6.19537e-13
-6.06694e-13
-5.94258e-13
-5.77607e-13
-5.64238e-13
-5.59376e-13
-5.55477e-13
-5.47083e-13
-5.43056e-13
-5.42465e-13
-5.39625e-13
-5.32304e-13
-5.22453e-13
-5.14394e-13
-5.0525e-13
-4.92297e-13
-4.80201e-13
-4.70804e-13
-4.74368e-13
-4.75348e-13
-4.67437e-13
-4.56753e-13
-4.44097e-13
-4.33435e-13
-4.27425e-13
-4.19602e-13
-4.0977e-13
-4.04618e-13
-3.97983e-13
-3.96353e-13
-3.94588e-13
-3.81239e-13
-3.67516e-13
-3.57481e-13
-3.55059e-13
-3.4676e-13
-3.35833e-13
-3.3191e-13
-3.28455e-13
-3.20486e-13
-3.09634e-13
-3.01273e-13
-2.94426e-13
-2.91658e-13
-2.82575e-13
-2.72022e-13
-2.62357e-13
-2.50692e-13
-2.42924e-13
-2.33897e-13
-2.28197e-13
-2.21096e-13
-2.16515e-13
-2.12308e-13
-2.12854e-13
-2.07641e-13
-1.93728e-13
-1.81223e-13
-1.70777e-13
-1.65889e-13
-1.60235e-13
-1.52362e-13
-1.44787e-13
-1.48552e-13
-1.42961e-13
-1.2617e-13
-1.13699e-13
-1.04229e-13
-9.37921e-14
-8.63981e-14
-8.34859e-14
-7.77639e-14
-6.90577e-14
-6.11776e-14
-5.50205e-14
-4.80525e-14
-3.77577e-14
-3.22449e-14
-2.21303e-14
-1.19248e-14
-3.28286e-15
1.68733e-15
-2.75561e-16
-6.96532e-13
-6.93411e-13
-6.9124e-13
-6.8818e-13
-6.83256e-13
-6.8061e-13
-6.77514e-13
-6.77505e-13
-6.74774e-13
-6.69553e-13
-6.62852e-13
-6.58465e-13
-6.52392e-13
-6.46445e-13
-6.3859e-13
-6.27633e-13
-6.1737e-13
-6.11209e-13
-6.06416e-13
-5.9826e-13
-5.80196e-13
-5.68359e-13
-5.59568e-13
-5.52588e-13
-5.49158e-13
-5.45516e-13
-5.43509e-13
-5.40129e-13
-5.3054e-13
-5.25335e-13
-5.15677e-13
-5.04456e-13
-4.90541e-13
-4.7815e-13
-4.73261e-13
-4.73912e-13
-4.71866e-13
-4.65923e-13
-4.56535e-13
-4.45404e-13
-4.33816e-13
-4.24756e-13
-4.20281e-13
-4.14318e-13
-4.09347e-13
-4.02409e-13
-3.92217e-13
-3.85092e-13
-3.80134e-13
-3.71808e-13
-3.6484e-13
-3.54893e-13
-3.45158e-13
-3.36752e-13
-3.30458e-13
-3.23114e-13
-3.18765e-13
-3.11547e-13
-3.00946e-13
-2.94748e-13
-2.92502e-13
-2.84739e-13
-2.73125e-13
-2.60531e-13
-2.51806e-13
-2.43109e-13
-2.33701e-13
-2.26434e-13
-2.20842e-13
-2.16619e-13
-2.14085e-13
-2.13173e-13
-2.06459e-13
-1.90673e-13
-1.80059e-13
-1.70968e-13
-1.6532e-13
-1.59718e-13
-1.55766e-13
-1.51321e-13
-1.45104e-13
-1.36904e-13
-1.27279e-13
-1.17292e-13
-1.09281e-13
-9.40227e-14
-8.53379e-14
-8.04362e-14
-7.73833e-14
-6.58718e-14
-5.84328e-14
-5.40517e-14
-5.2093e-14
-3.94952e-14
-2.81377e-14
-2.12287e-14
-1.34522e-14
-8.5179e-16
6.38321e-16
-1.47225e-15
-6.99067e-13
-6.92702e-13
-6.86888e-13
-6.87401e-13
-6.79635e-13
-6.80713e-13
-6.77865e-13
-6.78691e-13
-6.78091e-13
-6.68185e-13
-6.62005e-13
-6.59076e-13
-6.57227e-13
-6.47895e-13
-6.38737e-13
-6.30744e-13
-6.22147e-13
-6.11589e-13
-6.05379e-13
-5.91626e-13
-5.80137e-13
-5.67976e-13
-5.56602e-13
-5.50899e-13
-5.47423e-13
-5.49114e-13
-5.44589e-13
-5.38951e-13
-5.31145e-13
-5.23539e-13
-5.16004e-13
-5.06424e-13
-4.90952e-13
-4.80869e-13
-4.71881e-13
-4.69492e-13
-4.70217e-13
-4.66231e-13
-4.57056e-13
-4.46142e-13
-4.37118e-13
-4.28051e-13
-4.19788e-13
-4.13395e-13
-4.0748e-13
-4.00605e-13
-3.92169e-13
-3.87385e-13
-3.82778e-13
-3.72358e-13
-3.61575e-13
-3.50841e-13
-3.44602e-13
-3.39488e-13
-3.33759e-13
-3.27316e-13
-3.20036e-13
-3.10109e-13
-3.03461e-13
-2.98659e-13
-2.93564e-13
-2.83443e-13
-2.69213e-13
-2.58994e-13
-2.49881e-13
-2.40956e-13
-2.31753e-13
-2.27382e-13
-2.205e-13
-2.20321e-13
-2.15107e-13
-2.09283e-13
-1.99817e-13
-1.88079e-13
-1.78495e-13
-1.69212e-13
-1.6882e-13
-1.66859e-13
-1.57448e-13
-1.48684e-13
-1.42246e-13
-1.34555e-13
-1.26013e-13
-1.16102e-13
-1.04067e-13
-9.16867e-14
-8.66358e-14
-8.30863e-14
-7.63408e-14
-7.16275e-14
-6.57585e-14
-5.45225e-14
-4.47663e-14
-3.70622e-14
-2.83401e-14
-1.87894e-14
-1.15901e-14
-7.01627e-15
-2.22784e-15
-1.43165e-15
-6.96976e-13
-6.90971e-13
-6.89329e-13
-6.87396e-13
-6.84027e-13
-6.80528e-13
-6.75004e-13
-6.77629e-13
-6.77325e-13
-6.71909e-13
-6.65557e-13
-6.58426e-13
-6.55879e-13
-6.46077e-13
-6.35761e-13
-6.25747e-13
-6.15951e-13
-6.11756e-13
-6.06001e-13
-5.94146e-13
-5.81678e-13
-5.69481e-13
-5.58659e-13
-5.54554e-13
-5.53349e-13
-5.4675e-13
-5.40467e-13
-5.33083e-13
-5.26466e-13
-5.24114e-13
-5.17875e-13
-5.10866e-13
-4.98893e-13
-4.87698e-13
-4.69861e-13
-4.65785e-13
-4.65332e-13
-4.62685e-13
-4.56885e-13
-4.46128e-13
-4.38985e-13
-4.28293e-13
-4.22453e-13
-4.11825e-13
-4.07843e-13
-4.02074e-13
-3.97503e-13
-3.89216e-13
-3.79045e-13
-3.65088e-13
-3.60839e-13
-3.56081e-13
-3.48796e-13
-3.35648e-13
-3.28444e-13
-3.21994e-13
-3.14639e-13
-3.12537e-13
-3.04452e-13
-3.02815e-13
-3.03018e-13
-2.80774e-13
-2.67184e-13
-2.6085e-13
-2.52504e-13
-2.44247e-13
-2.34493e-13
-2.27616e-13
-2.17628e-13
-2.14417e-13
-2.10032e-13
-2.12178e-13
-2.05082e-13
-1.92393e-13
-1.7643e-13
-1.64808e-13
-1.68662e-13
-1.65424e-13
-1.57477e-13
-1.51274e-13
-1.44224e-13
-1.3501e-13
-1.24924e-13
-1.14188e-13
-1.04671e-13
-9.3102e-14
-8.58223e-14
-8.35749e-14
-7.77656e-14
-6.74267e-14
-5.94254e-14
-5.40504e-14
-4.57229e-14
-3.64656e-14
-3.2531e-14
-2.55032e-14
-1.19599e-14
-3.30846e-15
2.65939e-15
-3.45864e-16
-6.91386e-13
-6.9346e-13
-6.93103e-13
-6.87076e-13
-6.8146e-13
-6.81847e-13
-6.79713e-13
-6.75912e-13
-6.75129e-13
-6.70688e-13
-6.67152e-13
-6.62261e-13
-6.54055e-13
-6.44646e-13
-6.36617e-13
-6.29182e-13
-6.23675e-13
-6.19052e-13
-6.0841e-13
-5.9159e-13
-5.72806e-13
-5.59204e-13
-5.55767e-13
-5.56296e-13
-5.53788e-13
-5.46262e-13
-5.37274e-13
-5.33139e-13
-5.26525e-13
-5.25239e-13
-5.22073e-13
-5.06578e-13
-4.93555e-13
-4.85084e-13
-4.7649e-13
-4.71952e-13
-4.67862e-13
-4.61489e-13
-4.55137e-13
-4.46766e-13
-4.38223e-13
-4.27963e-13
-4.19999e-13
-4.15085e-13
-4.13032e-13
-4.0334e-13
-3.95521e-13
-3.83066e-13
-3.79865e-13
-3.71994e-13
-3.60033e-13
-3.54692e-13
-3.48228e-13
-3.39662e-13
-3.31503e-13
-3.1821e-13
-3.06558e-13
-3.10089e-13
-3.13816e-13
-3.04789e-13
-2.94749e-13
-2.8299e-13
-2.70788e-13
-2.63262e-13
-2.51738e-13
-2.40081e-13
-2.30751e-13
-2.25477e-13
-2.23388e-13
-2.17713e-13
-2.11476e-13
-2.05876e-13
-1.99817e-13
-1.87047e-13
-1.78435e-13
-1.70407e-13
-1.6455e-13
-1.6522e-13
-1.63965e-13
-1.53601e-13
-1.42216e-13
-1.29753e-13
-1.21199e-13
-1.09525e-13
-1.01317e-13
-9.56457e-14
-8.63036e-14
-8.24214e-14
-7.51211e-14
-6.72578e-14
-6.41854e-14
-5.59759e-14
-4.75793e-14
-3.82482e-14
-3.1676e-14
-2.31141e-14
-1.52664e-14
-4.73355e-15
9.44299e-16
-8.47772e-16
-6.97197e-13
-6.88102e-13
-6.86637e-13
-6.80494e-13
-6.83634e-13
-6.85069e-13
-6.86978e-13
-6.84179e-13
-6.7665e-13
-6.69546e-13
-6.63381e-13
-6.57856e-13
-6.50078e-13
-6.46153e-13
-6.40612e-13
-6.28668e-13
-6.17186e-13
-6.08362e-13
-6.0191e-13
-5.92454e-13
-5.80578e-13
-5.66101e-13
-5.59805e-13
-5.54938e-13
-5.50595e-13
-5.47445e-13
-5.44449e-13
-5.362e-13
-5.27047e-13
-5.22113e-13
-5.15463e-13
-5.07759e-13
-4.9743e-13
-4.872e-13
-4.75884e-13
-4.68946e-13
-4.66834e-13
-4.58874e-13
-4.51687e-13
-4.44441e-13
-4.38066e-13
-4.32104e-13
-4.26121e-13
-4.1592e-13
-4.10443e-13
-4.0079e-13
-3.93373e-13
-3.90399e-13
-3.8194e-13
-3.70486e-13
-3.58283e-13
-3.52467e-13
-3.44942e-13
-3.34193e-13
-3.27485e-13
-3.24042e-13
-3.17481e-13
-3.15638e-13
-3.08933e-13
-2.98639e-13
-2.97356e-13
-2.867e-13
-2.73215e-13
-2.63124e-13
-2.5185e-13
-2.40381e-13
-2.3508e-13
-2.27989e-13
-2.23162e-13
-2.19858e-13
-2.12659e-13
-2.02713e-13
-1.96434e-13
-1.86579e-13
-1.80842e-13
-1.71e-13
-1.66345e-13
-1.61788e-13
-1.57817e-13
-1.53164e-13
-1.41658e-13
-1.30278e-13
-1.19745e-13
-1.10453e-13
-1.04441e-13
-9.66414e-14
-8.94308e-14
-8.05532e-14
-7.30627e-14
-6.92193e-14
-6.12639e-14
-5.35601e-14
-4.75834e-14
-4.186e-14
-3.31597e-14
-2.44376e-14
-1.59178e-14
-5.92527e-15
1.58221e-15
8.40717e-16
-6.94368e-13
-6.88899e-13
-6.89965e-13
-6.84805e-13
-6.83201e-13
-6.83733e-13
-6.80943e-13
-6.75343e-13
-6.74904e-13
-6.75529e-13
-6.69414e-13
-6.58576e-13
-6.48358e-13
-6.48191e-13
-6.36628e-13
-6.28317e-13
-6.18413e-13
-6.11659e-13
-6.04833e-13
-5.96186e-13
-5.78243e-13
-5.6441e-13
-5.56336e-13
-5.52698e-13
-5.49231e-13
-5.47849e-13
-5.43305e-13
-5.34578e-13
-5.26019e-13
-5.21035e-13
-5.16645e-13
-5.08481e-13
-4.99686e-13
-4.88776e-13
-4.77585e-13
-4.6974e-13
-4.65283e-13
-4.58583e-13
-4.51107e-13
-4.42886e-13
-4.3828e-13
-4.30679e-13
-4.25134e-13
-4.17097e-13
-4.11219e-13
-4.05307e-13
-3.96615e-13
-3.85765e-13
-3.794e-13
-3.70048e-13
-3.592e-13
-3.52022e-13
-3.43493e-13
-3.39151e-13
-3.3714e-13
-3.26138e-13
-3.1637e-13
-3.10792e-13
-3.06738e-13
-2.99329e-13
-2.94371e-13
-2.85952e-13
-2.72354e-13
-2.62658e-13
-2.50884e-13
-2.42381e-13
-2.301e-13
-2.22758e-13
-2.21343e-13
-2.21173e-13
-2.13179e-13
-2.05787e-13
-1.97734e-13
-1.87514e-13
-1.77777e-13
-1.69799e-13
-1.67834e-13
-1.64261e-13
-1.59071e-13
-1.52058e-13
-1.40553e-13
-1.3028e-13
-1.16177e-13
-1.10475e-13
-1.03866e-13
-9.18461e-14
-8.37488e-14
-8.21715e-14
-7.99835e-14
-7.12759e-14
-5.82604e-14
-5.04012e-14
-4.71259e-14
-3.85076e-14
-3.40803e-14
-2.64614e-14
-1.29747e-14
-2.46705e-15
1.99743e-15
3.50957e-16
-6.86164e-13
-6.89244e-13
-6.88962e-13
-6.87854e-13
-6.89562e-13
-6.8662e-13
-6.80148e-13
-6.79983e-13
-6.78269e-13
-6.71689e-13
-6.62366e-13
-6.53436e-13
-6.46068e-13
-6.43267e-13
-6.41523e-13
-6.3251e-13
-6.19957e-13
-6.12453e-13
-6.00431e-13
-5.9161e-13
-5.79607e-13
-5.66977e-13
-5.56714e-13
-5.50558e-13
-5.45453e-13
-5.44486e-13
-5.40772e-13
-5.36849e-13
-5.3264e-13
-5.26922e-13
-5.15916e-13
-5.00844e-13
-4.93429e-13
-4.86543e-13
-4.82294e-13
-4.75709e-13
-4.70798e-13
-4.62203e-13
-4.51939e-13
-4.4239e-13
-4.3465e-13
-4.2989e-13
-4.23399e-13
-4.18099e-13
-4.12537e-13
-4.05773e-13
-3.98566e-13
-3.87958e-13
-3.78796e-13
-3.69748e-13
-3.60444e-13
-3.48235e-13
-3.43e-13
-3.38659e-13
-3.36372e-13
-3.25853e-13
-3.16356e-13
-3.11493e-13
-3.06152e-13
-2.98735e-13
-2.90537e-13
-2.84185e-13
-2.75599e-13
-2.66342e-13
-2.55407e-13
-2.41348e-13
-2.29668e-13
-2.24606e-13
-2.20365e-13
-2.17763e-13
-2.12411e-13
-2.05665e-13
-1.95839e-13
-1.88018e-13
-1.79762e-13
-1.71405e-13
-1.63047e-13
-1.59775e-13
-1.62597e-13
-1.54197e-13
-1.40994e-13
-1.30641e-13
-1.13622e-13
-1.08297e-13
-1.06921e-13
-9.63359e-14
-8.91345e-14
-8.20254e-14
-7.59243e-14
-6.80045e-14
-5.83487e-14
-5.31087e-14
-4.77127e-14
-3.96143e-14
-3.18594e-14
-2.43929e-14
-1.70928e-14
-6.33718e-15
-4.55285e-17
2.48615e-16
-6.85321e-13
-6.91408e-13
-6.94079e-13
-6.90069e-13
-6.85042e-13
-6.79608e-13
-6.74089e-13
-6.78403e-13
-6.8236e-13
-6.72418e-13
-6.63279e-13
-6.5598e-13
-6.48605e-13
-6.43722e-13
-6.36831e-13
-6.27376e-13
-6.17562e-13
-6.15256e-13
-6.0535e-13
-5.91526e-13
-5.80474e-13
-5.68987e-13
-5.60085e-13
-5.53069e-13
-5.46454e-13
-5.43034e-13
-5.40015e-13
-5.35513e-13
-5.31321e-13
-5.20904e-13
-5.10105e-13
-5.0632e-13
-5.02658e-13
-4.90333e-13
-4.77668e-13
-4.69641e-13
-4.65457e-13
-4.59004e-13
-4.52483e-13
-4.45469e-13
-4.33318e-13
-4.28083e-13
-4.2459e-13
-4.21331e-13
-4.16141e-13
-4.0785e-13
-3.99314e-13
-3.89118e-13
-3.76492e-13
-3.67388e-13
-3.59191e-13
-3.50111e-13
-3.43076e-13
-3.39628e-13
-3.36666e-13
-3.29413e-13
-3.2008e-13
-3.10172e-13
-3.02005e-13
-2.99023e-13
-2.92167e-13
-2.81682e-13
-2.70828e-13
-2.62631e-13
-2.54545e-13
-2.45377e-13
-2.37697e-13
-2.2847e-13
-2.1992e-13
-2.12161e-13
-2.09749e-13
-2.06671e-13
-1.98999e-13
-1.89304e-13
-1.81216e-13
-1.73833e-13
-1.64266e-13
-1.59352e-13
-1.54516e-13
-1.48e-13
-1.39101e-13
-1.29097e-13
-1.18146e-13
-1.1136e-13
-1.05366e-13
-9.79108e-14
-8.78728e-14
-7.76699e-14
-7.25873e-14
-6.59733e-14
-5.89681e-14
-5.18926e-14
-4.88221e-14
-4.22731e-14
-3.25361e-14
-2.26847e-14
-1.58117e-14
-8.16301e-15
-2.55399e-15
1.05918e-15
-6.87626e-13
-6.87267e-13
-6.87013e-13
-6.89186e-13
-6.90315e-13
-6.85848e-13
-6.81068e-13
-6.79287e-13
-6.75345e-13
-6.68314e-13
-6.62183e-13
-6.575e-13
-6.48649e-13
-6.38592e-13
-6.35854e-13
-6.36737e-13
-6.27159e-13
-6.14229e-13
-6.00857e-13
-5.90799e-13
-5.77791e-13
-5.64943e-13
-5.56201e-13
-5.49857e-13
-5.46379e-13
-5.41972e-13
-5.39097e-13
-5.36468e-13
-5.29902e-13
-5.20506e-13
-5.11923e-13
-5.09253e-13
-4.96588e-13
-4.86956e-13
-4.79994e-13
-4.72801e-13
-4.68562e-13
-4.61237e-13
-4.53616e-13
-4.42579e-13
-4.35348e-13
-4.30597e-13
-4.26104e-13
-4.22633e-13
-4.14718e-13
-4.07153e-13
-4.00462e-13
-3.8977e-13
-3.75491e-13
-3.65427e-13
-3.5723e-13
-3.49214e-13
-3.47022e-13
-3.4138e-13
-3.32947e-13
-3.25436e-13
-3.18846e-13
-3.09541e-13
-3.01604e-13
-2.96562e-13
-2.92915e-13
-2.81529e-13
-2.70659e-13
-2.62013e-13
-2.53705e-13
-2.44022e-13
-2.32686e-13
-2.2545e-13
-2.21038e-13
-2.1785e-13
-2.14985e-13
-2.07816e-13
-1.99505e-13
-1.89495e-13
-1.79506e-13
-1.69418e-13
-1.6294e-13
-1.60782e-13
-1.54878e-13
-1.48249e-13
-1.39562e-13
-1.29287e-13
-1.18488e-13
-1.12617e-13
-1.09248e-13
-1.01281e-13
-9.02568e-14
-7.98536e-14
-7.35623e-14
-6.42594e-14
-5.55079e-14
-4.81632e-14
-4.41161e-14
-4.08326e-14
-3.54987e-14
-2.77631e-14
-1.55775e-14
-3.4889e-15
2.20185e-15
1.21563e-15
-6.8637e-13
-6.90487e-13
-6.97058e-13
-6.88816e-13
-6.84442e-13
-6.79864e-13
-6.73313e-13
-6.7666e-13
-6.76218e-13
-6.76171e-13
-6.6953e-13
-6.57181e-13
-6.4616e-13
-6.36434e-13
-6.30359e-13
-6.2902e-13
-6.30589e-13
-6.19556e-13
-6.03807e-13
-5.92216e-13
-5.76572e-13
-5.62498e-13
-5.5511e-13
-5.48679e-13
-5.43775e-13
-5.42184e-13
-5.41093e-13
-5.37076e-13
-5.3094e-13
-5.22574e-13
-5.16825e-13
-5.09926e-13
-4.99577e-13
-4.84339e-13
-4.7311e-13
-4.67258e-13
-4.6332e-13
-4.59434e-13
-4.54427e-13
-4.44876e-13
-4.36951e-13
-4.3252e-13
-4.28326e-13
-4.22229e-13
-4.15305e-13
-4.06662e-13
-3.97126e-13
-3.88454e-13
-3.79791e-13
-3.68048e-13
-3.59145e-13
-3.50829e-13
-3.41732e-13
-3.35638e-13
-3.3113e-13
-3.27424e-13
-3.18954e-13
-3.10828e-13
-3.01712e-13
-2.94388e-13
-2.92574e-13
-2.83291e-13
-2.73078e-13
-2.64191e-13
-2.53642e-13
-2.41748e-13
-2.31846e-13
-2.28922e-13
-2.21646e-13
-2.16283e-13
-2.11457e-13
-2.06458e-13
-2.02593e-13
-1.9234e-13
-1.76506e-13
-1.64175e-13
-1.63652e-13
-1.63481e-13
-1.57178e-13
-1.46417e-13
-1.37124e-13
-1.31712e-13
-1.2174e-13
-1.14832e-13
-1.09682e-13
-9.62258e-14
-8.4748e-14
-8.06866e-14
-7.46469e-14
-6.61726e-14
-5.61378e-14
-4.67791e-14
-4.03009e-14
-3.66209e-14
-3.62225e-14
-3.25483e-14
-1.76237e-14
-1.84803e-15
4.71589e-15
1.32371e-15
-6.86816e-13
-6.87212e-13
-6.91245e-13
-6.90722e-13
-6.88058e-13
-6.8188e-13
-6.78656e-13
-6.76915e-13
-6.75018e-13
-6.6584e-13
-6.5917e-13
-6.52962e-13
-6.4963e-13
-6.4454e-13
-6.39561e-13
-6.36653e-13
-6.26996e-13
-6.14496e-13
-6.03691e-13
-5.89985e-13
-5.75375e-13
-5.60977e-13
-5.54198e-13
-5.49982e-13
-5.44492e-13
-5.38341e-13
-5.39593e-13
-5.33933e-13
-5.22654e-13
-5.17864e-13
-5.17464e-13
-5.11227e-13
-5.04735e-13
-4.93042e-13
-4.74494e-13
-4.64044e-13
-4.61066e-13
-4.57676e-13
-4.5461e-13
-4.46261e-13
-4.38486e-13
-4.3179e-13
-4.27764e-13
-4.24446e-13
-4.18089e-13
-4.12401e-13
-3.98556e-13
-3.84945e-13
-3.75259e-13
-3.63987e-13
-3.57085e-13
-3.53145e-13
-3.45864e-13
-3.37459e-13
-3.30851e-13
-3.25384e-13
-3.14169e-13
-3.07424e-13
-3.0012e-13
-2.94931e-13
-2.91727e-13
-2.80982e-13
-2.70657e-13
-2.629e-13
-2.52067e-13
-2.40271e-13
-2.33368e-13
-2.26117e-13
-2.20377e-13
-2.22592e-13
-2.18261e-13
-2.11271e-13
-2.01638e-13
-1.88995e-13
-1.75051e-13
-1.64203e-13
-1.61764e-13
-1.63366e-13
-1.56987e-13
-1.47892e-13
-1.39281e-13
-1.31488e-13
-1.20967e-13
-1.1258e-13
-1.08001e-13
-9.81717e-14
-8.46352e-14
-7.94373e-14
-7.52058e-14
-6.83112e-14
-5.7497e-14
-4.59675e-14
-4.08829e-14
-3.87316e-14
-3.9196e-14
-3.22432e-14
-1.54677e-14
-4.53909e-15
1.64929e-15
1.63512e-15
-6.90568e-13
-6.90254e-13
-6.92464e-13
-6.87266e-13
-6.83165e-13
-6.82646e-13
-6.81268e-13
-6.77513e-13
-6.72187e-13
-6.65532e-13
-6.57175e-13
-6.52747e-13
-6.47889e-13
-6.44576e-13
-6.40533e-13
-6.33875e-13
-6.25882e-13
-6.15167e-13
-6.01479e-13
-5.90409e-13
-5.70779e-13
-5.61261e-13
-5.57882e-13
-5.50757e-13
-5.45494e-13
-5.40788e-13
-5.38056e-13
-5.37706e-13
-5.31639e-13
-5.23049e-13
-5.15838e-13
-5.07418e-13
-4.97825e-13
-4.83459e-13
-4.6973e-13
-4.62243e-13
-4.62301e-13
-4.5908e-13
-4.57678e-13
-4.49097e-13
-4.38908e-13
-4.35061e-13
-4.2994e-13
-4.20204e-13
-4.14199e-13
-4.08706e-13
-3.98238e-13
-3.83502e-13
-3.74834e-13
-3.66856e-13
-3.58583e-13
-3.54537e-13
-3.49467e-13
-3.35436e-13
-3.28417e-13
-3.23751e-13
-3.13552e-13
-3.07116e-13
-3.00109e-13
-2.95554e-13
-2.90445e-13
-2.81513e-13
-2.71304e-13
-2.6487e-13
-2.53364e-13
-2.42147e-13
-2.35602e-13
-2.3131e-13
-2.22524e-13
-2.13539e-13
-2.10494e-13
-2.07184e-13
-1.99319e-13
-1.88663e-13
-1.77265e-13
-1.66686e-13
-1.64721e-13
-1.61856e-13
-1.57455e-13
-1.49188e-13
-1.40017e-13
-1.30031e-13
-1.2081e-13
-1.13953e-13
-1.09792e-13
-9.82958e-14
-8.57486e-14
-8.07287e-14
-7.17731e-14
-6.29975e-14
-5.79643e-14
-5.00065e-14
-4.26274e-14
-3.95915e-14
-3.79138e-14
-2.98142e-14
-1.94788e-14
-7.67974e-15
-7.52777e-16
4.1919e-16
-6.82648e-13
-6.93822e-13
-6.94131e-13
-6.91492e-13
-6.87341e-13
-6.83787e-13
-6.8279e-13
-6.77558e-13
-6.71961e-13
-6.63942e-13
-6.52089e-13
-6.43958e-13
-6.42616e-13
-6.42443e-13
-6.38909e-13
-6.33259e-13
-6.27871e-13
-6.17364e-13
-6.01148e-13
-5.88839e-13
-5.78934e-13
-5.6799e-13
-5.5766e-13
-5.48269e-13
-5.43642e-13
-5.38769e-13
-5.37093e-13
-5.34654e-13
-5.29365e-13
-5.19752e-13
-5.09859e-13
-5.02928e-13
-4.94589e-13
-4.86555e-13
-4.79e-13
-4.70013e-13
-4.63616e-13
-4.5759e-13
-4.5443e-13
-4.48028e-13
-4.40141e-13
-4.35962e-13
-4.28555e-13
-4.21701e-13
-4.169e-13
-4.07744e-13
-3.95602e-13
-3.84836e-13
-3.76651e-13
-3.68145e-13
-3.5836e-13
-3.50857e-13
-3.4681e-13
-3.37644e-13
-3.30451e-13
-3.22588e-13
-3.11698e-13
-3.08158e-13
-3.01469e-13
-2.95677e-13
-2.88103e-13
-2.77966e-13
-2.65799e-13
-2.57666e-13
-2.52794e-13
-2.47824e-13
-2.40851e-13
-2.34448e-13
-2.26894e-13
-2.19356e-13
-2.09926e-13
-2.01304e-13
-1.92147e-13
-1.84088e-13
-1.77439e-13
-1.71879e-13
-1.68171e-13
-1.61549e-13
-1.53711e-13
-1.47285e-13
-1.41669e-13
-1.31619e-13
-1.20998e-13
-1.13977e-13
-1.07396e-13
-9.76413e-14
-8.8132e-14
-7.69883e-14
-6.98443e-14
-6.69585e-14
-6.04117e-14
-5.2273e-14
-4.62116e-14
-4.16619e-14
-3.65584e-14
-3.20052e-14
-2.50781e-14
-1.28827e-14
-6.22986e-15
-1.42047e-15
-6.88596e-13
-6.88705e-13
-6.89406e-13
-6.89462e-13
-6.87716e-13
-6.8734e-13
-6.84399e-13
-6.79585e-13
-6.67855e-13
-6.5978e-13
-6.50603e-13
-6.45448e-13
-6.41208e-13
-6.42744e-13
-6.4217e-13
-6.36257e-13
-6.26376e-13
-6.08991e-13
-5.9819e-13
-5.85626e-13
-5.74291e-13
-5.69711e-13
-5.64382e-13
-5.55737e-13
-5.47918e-13
-5.4238e-13
-5.37507e-13
-5.32293e-13
-5.29336e-13
-5.20737e-13
-5.09435e-13
-4.9783e-13
-4.91269e-13
-4.863e-13
-4.76702e-13
-4.68788e-13
-4.63086e-13
-4.58005e-13
-4.53982e-13
-4.47487e-13
-4.4189e-13
-4.36316e-13
-4.27678e-13
-4.21775e-13
-4.13717e-13
-4.06323e-13
-3.96201e-13
-3.86335e-13
-3.76657e-13
-3.67781e-13
-3.58207e-13
-3.50058e-13
-3.46548e-13
-3.39293e-13
-3.32143e-13
-3.24045e-13
-3.13434e-13
-3.07073e-13
-2.98766e-13
-2.91279e-13
-2.87399e-13
-2.7976e-13
-2.70475e-13
-2.63438e-13
-2.52662e-13
-2.46625e-13
-2.3965e-13
-2.35128e-13
-2.2804e-13
-2.18266e-13
-2.06086e-13
-1.9624e-13
-1.90815e-13
-1.87541e-13
-1.81035e-13
-1.7353e-13
-1.67864e-13
-1.56149e-13
-1.52493e-13
-1.47947e-13
-1.44297e-13
-1.35741e-13
-1.22946e-13
-1.13151e-13
-1.05267e-13
-9.65806e-14
-8.63156e-14
-7.94119e-14
-7.24864e-14
-6.698e-14
-6.09968e-14
-5.278e-14
-4.60669e-14
-4.37679e-14
-3.75951e-14
-3.37315e-14
-2.51579e-14
-1.36754e-14
-7.62281e-15
-6.21027e-16
-6.9094e-13
-6.89745e-13
-6.86646e-13
-6.88825e-13
-6.87897e-13
-6.86444e-13
-6.86524e-13
-6.83878e-13
-6.6978e-13
-6.59732e-13
-6.47354e-13
-6.41801e-13
-6.40242e-13
-6.40361e-13
-6.36967e-13
-6.3248e-13
-6.23734e-13
-6.12673e-13
-6.01315e-13
-5.90711e-13
-5.76804e-13
-5.68889e-13
-5.63021e-13
-5.54756e-13
-5.45942e-13
-5.4105e-13
-5.38148e-13
-5.34014e-13
-5.2603e-13
-5.17128e-13
-5.05638e-13
-4.95778e-13
-4.93068e-13
-4.87219e-13
-4.82176e-13
-4.68953e-13
-4.61085e-13
-4.58439e-13
-4.54877e-13
-4.48615e-13
-4.42827e-13
-4.33357e-13
-4.25849e-13
-4.19798e-13
-4.1462e-13
-4.0718e-13
-3.97365e-13
-3.85264e-13
-3.78676e-13
-3.6727e-13
-3.59667e-13
-3.52634e-13
-3.45445e-13
-3.37107e-13
-3.29011e-13
-3.22297e-13
-3.13562e-13
-3.05523e-13
-2.96187e-13
-2.91852e-13
-2.89462e-13
-2.83053e-13
-2.69456e-13
-2.60097e-13
-2.51631e-13
-2.47927e-13
-2.40961e-13
-2.31943e-13
-2.2531e-13
-2.19275e-13
-2.11089e-13
-2.01159e-13
-1.89743e-13
-1.81448e-13
-1.75739e-13
-1.71942e-13
-1.69703e-13
-1.62379e-13
-1.52349e-13
-1.44737e-13
-1.39019e-13
-1.3347e-13
-1.2646e-13
-1.17187e-13
-1.08371e-13
-9.54228e-14
-8.37644e-14
-7.81838e-14
-7.21045e-14
-6.81724e-14
-6.25631e-14
-5.52347e-14
-4.94429e-14
-4.54573e-14
-3.9468e-14
-3.04957e-14
-2.14561e-14
-1.34145e-14
-7.57699e-15
-1.04198e-15
-6.90519e-13
-6.87748e-13
-6.87966e-13
-6.84941e-13
-6.89115e-13
-6.9179e-13
-6.83768e-13
-6.77689e-13
-6.68947e-13
-6.58604e-13
-6.4949e-13
-6.44497e-13
-6.43449e-13
-6.40677e-13
-6.35409e-13
-6.31831e-13
-6.26146e-13
-6.14206e-13
-6.00138e-13
-5.89753e-13
-5.76399e-13
-5.68256e-13
-5.62757e-13
-5.52261e-13
-5.46247e-13
-5.44734e-13
-5.3848e-13
-5.29645e-13
-5.2447e-13
-5.19111e-13
-5.10204e-13
-5.01498e-13
-4.90618e-13
-4.80631e-13
-4.76287e-13
-4.6958e-13
-4.63025e-13
-4.60023e-13
-4.55569e-13
-4.4847e-13
-4.4134e-13
-4.32873e-13
-4.24838e-13
-4.20228e-13
-4.16953e-13
-4.07036e-13
-3.9395e-13
-3.83782e-13
-3.76776e-13
-3.69104e-13
-3.60048e-13
-3.5092e-13
-3.43893e-13
-3.36366e-13
-3.26996e-13
-3.21504e-13
-3.14961e-13
-3.07802e-13
-3.02257e-13
-2.94703e-13
-2.85609e-13
-2.75358e-13
-2.64897e-13
-2.60422e-13
-2.55865e-13
-2.51635e-13
-2.45465e-13
-2.35131e-13
-2.26628e-13
-2.18024e-13
-2.05325e-13
-1.96019e-13
-1.86707e-13
-1.82921e-13
-1.80039e-13
-1.75361e-13
-1.68678e-13
-1.60381e-13
-1.52032e-13
-1.4581e-13
-1.41543e-13
-1.33496e-13
-1.21534e-13
-1.12804e-13
-1.07328e-13
-9.94214e-14
-8.60662e-14
-7.73107e-14
-7.22945e-14
-6.98652e-14
-6.27488e-14
-5.54333e-14
-4.96686e-14
-4.54403e-14
-3.93509e-14
-3.14311e-14
-2.40665e-14
-1.41768e-14
-8.22898e-15
-3.10766e-15
-6.88589e-13
-6.84039e-13
-6.89786e-13
-6.91252e-13
-6.89292e-13
-6.87647e-13
-6.86568e-13
-6.78991e-13
-6.70145e-13
-6.61365e-13
-6.523e-13
-6.43948e-13
-6.38135e-13
-6.34958e-13
-6.31322e-13
-6.28922e-13
-6.22897e-13
-6.15126e-13
-6.02018e-13
-5.89755e-13
-5.79193e-13
-5.72716e-13
-5.65351e-13
-5.56866e-13
-5.47491e-13
-5.42118e-13
-5.37745e-13
-5.2804e-13
-5.22445e-13
-5.17697e-13
-5.08065e-13
-4.99666e-13
-4.89445e-13
-4.81379e-13
-4.75544e-13
-4.70294e-13
-4.6164e-13
-4.58952e-13
-4.55833e-13
-4.50858e-13
-4.41698e-13
-4.32532e-13
-4.24181e-13
-4.18134e-13
-4.14187e-13
-4.0707e-13
-3.972e-13
-3.86049e-13
-3.75588e-13
-3.66695e-13
-3.59631e-13
-3.51876e-13
-3.42598e-13
-3.3531e-13
-3.27875e-13
-3.20721e-13
-3.13777e-13
-3.06535e-13
-3.01151e-13
-2.95459e-13
-2.8448e-13
-2.76843e-13
-2.68516e-13
-2.60519e-13
-2.5627e-13
-2.50094e-13
-2.41382e-13
-2.33766e-13
-2.26814e-13
-2.16033e-13
-2.07289e-13
-1.98445e-13
-1.88844e-13
-1.84134e-13
-1.79393e-13
-1.72251e-13
-1.65695e-13
-1.5755e-13
-1.51504e-13
-1.46843e-13
-1.41949e-13
-1.35524e-13
-1.25278e-13
-1.15051e-13
-1.05044e-13
-9.70616e-14
-8.65904e-14
-7.68323e-14
-7.22467e-14
-7.0486e-14
-6.57716e-14
-5.70481e-14
-4.84847e-14
-4.53803e-14
-3.96029e-14
-3.18347e-14
-2.23326e-14
-1.40724e-14
-8.97184e-15
-3.115e-15
-6.87758e-13
-6.82877e-13
-6.86511e-13
-6.93269e-13
-6.92596e-13
-6.89723e-13
-6.85872e-13
-6.78447e-13
-6.71416e-13
-6.62305e-13
-6.50473e-13
-6.4155e-13
-6.38461e-13
-6.38144e-13
-6.37555e-13
-6.29514e-13
-6.22858e-13
-6.12396e-13
-5.97289e-13
-5.87072e-13
-5.79628e-13
-5.72963e-13
-5.64983e-13
-5.55391e-13
-5.47276e-13
-5.43555e-13
-5.39218e-13
-5.31006e-13
-5.20943e-13
-5.13625e-13
-5.06974e-13
-4.95751e-13
-4.84168e-13
-4.8034e-13
-4.7826e-13
-4.72468e-13
-4.6503e-13
-4.59315e-13
-4.53388e-13
-4.45077e-13
-4.40882e-13
-4.32887e-13
-4.24997e-13
-4.21118e-13
-4.16493e-13
-4.06839e-13
-3.96403e-13
-3.85955e-13
-3.7654e-13
-3.65808e-13
-3.55018e-13
-3.48094e-13
-3.45674e-13
-3.37366e-13
-3.27581e-13
-3.20122e-13
-3.12882e-13
-3.07577e-13
-3.01342e-13
-2.93316e-13
-2.83917e-13
-2.77173e-13
-2.7349e-13
-2.65407e-13
-2.57373e-13
-2.46159e-13
-2.35026e-13
-2.2825e-13
-2.22689e-13
-2.17824e-13
-2.11261e-13
-2.02603e-13
-1.92886e-13
-1.83715e-13
-1.76374e-13
-1.71059e-13
-1.66037e-13
-1.60282e-13
-1.52874e-13
-1.43551e-13
-1.36885e-13
-1.33104e-13
-1.28586e-13
-1.16965e-13
-1.03549e-13
-9.33041e-14
-8.49994e-14
-7.73938e-14
-7.29052e-14
-7.25659e-14
-6.8869e-14
-6.06565e-14
-4.98988e-14
-4.46096e-14
-3.69272e-14
-3.0658e-14
-1.92512e-14
-1.18427e-14
-5.43001e-15
-1.0869e-15
-6.87586e-13
-6.85909e-13
-6.89765e-13
-6.90435e-13
-6.92434e-13
-6.9218e-13
-6.87642e-13
-6.78074e-13
-6.6815e-13
-6.6004e-13
-6.49427e-13
-6.44941e-13
-6.41393e-13
-6.37497e-13
-6.31133e-13
-6.25287e-13
-6.13373e-13
-6.1186e-13
-6.0504e-13
-5.94739e-13
-5.83986e-13
-5.731e-13
-5.65821e-13
-5.5817e-13
-5.51473e-13
-5.43054e-13
-5.34156e-13
-5.26934e-13
-5.19174e-13
-5.12176e-13
-5.1044e-13
-4.98598e-13
-4.85317e-13
-4.80118e-13
-4.72939e-13
-4.68538e-13
-4.6476e-13
-4.61578e-13
-4.56268e-13
-4.49093e-13
-4.4165e-13
-4.29097e-13
-4.22592e-13
-4.18607e-13
-4.14663e-13
-4.08074e-13
-3.99773e-13
-3.86992e-13
-3.77529e-13
-3.67031e-13
-3.56899e-13
-3.47959e-13
-3.4361e-13
-3.36476e-13
-3.27766e-13
-3.17008e-13
-3.08664e-13
-3.07002e-13
-3.02739e-13
-2.98824e-13
-2.87007e-13
-2.77436e-13
-2.68201e-13
-2.61059e-13
-2.54391e-13
-2.48058e-13
-2.41315e-13
-2.31764e-13
-2.22207e-13
-2.14171e-13
-2.07322e-13
-1.98735e-13
-1.89218e-13
-1.81606e-13
-1.7537e-13
-1.72055e-13
-1.68255e-13
-1.61321e-13
-1.53501e-13
-1.44462e-13
-1.37988e-13
-1.33681e-13
-1.24087e-13
-1.13006e-13
-1.04117e-13
-9.80883e-14
-8.95749e-14
-8.08537e-14
-7.53151e-14
-7.06389e-14
-6.46163e-14
-5.99296e-14
-5.2506e-14
-4.28681e-14
-3.56824e-14
-2.74838e-14
-1.96999e-14
-1.42048e-14
-8.54597e-15
-2.36389e-15
-6.88254e-13
-6.86141e-13
-6.85661e-13
-6.9214e-13
-6.93368e-13
-6.92549e-13
-6.86898e-13
-6.77578e-13
-6.69651e-13
-6.60312e-13
-6.49164e-13
-6.42056e-13
-6.40367e-13
-6.39412e-13
-6.33553e-13
-6.26195e-13
-6.20178e-13
-6.14148e-13
-6.02619e-13
-5.91005e-13
-5.81363e-13
-5.72111e-13
-5.64208e-13
-5.55374e-13
-5.48691e-13
-5.42747e-13
-5.35017e-13
-5.30618e-13
-5.23571e-13
-5.11427e-13
-5.04817e-13
-4.95357e-13
-4.85721e-13
-4.80464e-13
-4.75545e-13
-4.70712e-13
-4.66003e-13
-4.59308e-13
-4.53152e-13
-4.45907e-13
-4.41275e-13
-4.30853e-13
-4.25239e-13
-4.20215e-13
-4.14131e-13
-4.06324e-13
-3.97711e-13
-3.88894e-13
-3.76905e-13
-3.63704e-13
-3.55716e-13
-3.4867e-13
-3.45054e-13
-3.35799e-13
-3.28693e-13
-3.23327e-13
-3.13025e-13
-3.05273e-13
-3.01064e-13
-2.95116e-13
-2.88227e-13
-2.80327e-13
-2.70196e-13
-2.60974e-13
-2.52138e-13
-2.44901e-13
-2.38235e-13
-2.3094e-13
-2.23376e-13
-2.15561e-13
-2.09077e-13
-2.00597e-13
-1.91523e-13
-1.83036e-13
-1.75051e-13
-1.70298e-13
-1.68877e-13
-1.60859e-13
-1.51633e-13
-1.42001e-13
-1.35971e-13
-1.33828e-13
-1.28948e-13
-1.15297e-13
-1.04659e-13
-9.46783e-14
-8.50833e-14
-7.87573e-14
-7.55137e-14
-7.15354e-14
-6.75209e-14
-6.01034e-14
-5.39075e-14
-4.38621e-14
-3.58776e-14
-2.71934e-14
-1.809e-14
-1.235e-14
-8.02478e-15
-4.05816e-15
-6.86433e-13
-6.85853e-13
-6.88159e-13
-6.92016e-13
-6.94142e-13
-6.91657e-13
-6.89173e-13
-6.81695e-13
-6.71298e-13
-6.61592e-13
-6.47488e-13
-6.38903e-13
-6.40805e-13
-6.36579e-13
-6.32054e-13
-6.24062e-13
-6.15018e-13
-6.12644e-13
-6.06131e-13
-5.98793e-13
-5.8452e-13
-5.73253e-13
-5.66039e-13
-5.57985e-13
-5.46863e-13
-5.38779e-13
-5.32984e-13
-5.28322e-13
-5.22345e-13
-5.17251e-13
-5.09472e-13
-4.94809e-13
-4.85031e-13
-4.77534e-13
-4.7255e-13
-4.68812e-13
-4.6355e-13
-4.60253e-13
-4.57116e-13
-4.49098e-13
-4.41473e-13
-4.31503e-13
-4.24116e-13
-4.16697e-13
-4.13834e-13
-4.07004e-13
-4.00167e-13
-3.895e-13
-3.76745e-13
-3.66517e-13
-3.57503e-13
-3.47613e-13
-3.43839e-13
-3.35211e-13
-3.26617e-13
-3.20397e-13
-3.11965e-13
-3.06851e-13
-3.02515e-13
-2.96704e-13
-2.86745e-13
-2.78057e-13
-2.68819e-13
-2.60789e-13
-2.53611e-13
-2.4691e-13
-2.41032e-13
-2.31992e-13
-2.2346e-13
-2.15862e-13
-2.06182e-13
-1.9578e-13
-1.87643e-13
-1.81949e-13
-1.76505e-13
-1.72322e-13
-1.6962e-13
-1.61846e-13
-1.51269e-13
-1.40332e-13
-1.36453e-13
-1.3398e-13
-1.28481e-13
-1.15682e-13
-1.04387e-13
-9.42238e-14
-8.83295e-14
-8.00305e-14
-7.62463e-14
-7.06051e-14
-6.67917e-14
-6.24098e-14
-5.53631e-14
-4.5159e-14
-3.4816e-14
-2.46147e-14
-1.57357e-14
-1.06169e-14
-6.45258e-15
-5.51131e-15
)
;

boundaryField
{
    inlet
    {
        type            calculated;
        value           nonuniform List<scalar> 
40
(
-6.93093e-13
-6.89663e-13
-6.89228e-13
-6.90302e-13
-6.91341e-13
-6.87926e-13
-6.93124e-13
-6.92363e-13
-6.94673e-13
-6.94615e-13
-6.92865e-13
-6.95935e-13
-6.93559e-13
-6.90203e-13
-6.89497e-13
-6.88072e-13
-6.95035e-13
-6.94474e-13
-6.89318e-13
-6.96532e-13
-6.99067e-13
-6.96976e-13
-6.91386e-13
-6.97197e-13
-6.94368e-13
-6.86164e-13
-6.85321e-13
-6.87626e-13
-6.8637e-13
-6.86816e-13
-6.90568e-13
-6.82648e-13
-6.88596e-13
-6.9094e-13
-6.90519e-13
-6.88589e-13
-6.87758e-13
-6.87586e-13
-6.88254e-13
-6.86433e-13
)
;
    }
    outlet
    {
        type            calculated;
        value           uniform 0;
    }
    down
    {
        type            empty;
    }
    up
    {
        type            empty;
    }
    sides
    {
        type            calculated;
        value           nonuniform List<scalar> 
200
(
-6.93093e-13
-6.87508e-13
-6.88735e-13
-6.91719e-13
-6.89537e-13
-6.90178e-13
-6.88739e-13
-6.83663e-13
-6.7353e-13
-6.69558e-13
-6.70694e-13
-6.65164e-13
-6.54493e-13
-6.40586e-13
-6.26835e-13
-6.20363e-13
-6.15819e-13
-6.13228e-13
-6.05902e-13
-5.92352e-13
-5.8143e-13
-5.74313e-13
-5.69036e-13
-5.61577e-13
-5.50949e-13
-5.40125e-13
-5.38088e-13
-5.32566e-13
-5.26162e-13
-5.15078e-13
-4.99027e-13
-4.92076e-13
-4.90073e-13
-4.88152e-13
-4.83207e-13
-4.80209e-13
-4.70919e-13
-4.52447e-13
-4.3495e-13
-4.31287e-13
-4.31926e-13
-4.30202e-13
-4.30431e-13
-4.24227e-13
-4.12999e-13
-4.04072e-13
-3.95258e-13
-3.85991e-13
-3.76724e-13
-3.68939e-13
-3.60065e-13
-3.52028e-13
-3.44684e-13
-3.35828e-13
-3.27669e-13
-3.15056e-13
-3.08107e-13
-3.05265e-13
-3.02801e-13
-2.99795e-13
-2.9162e-13
-2.84412e-13
-2.74354e-13
-2.62434e-13
-2.54275e-13
-2.46946e-13
-2.42625e-13
-2.34492e-13
-2.23801e-13
-2.16317e-13
-2.08947e-13
-2.0204e-13
-1.89046e-13
-1.82022e-13
-1.80885e-13
-1.76588e-13
-1.72804e-13
-1.66457e-13
-1.57364e-13
-1.44293e-13
-1.31644e-13
-1.25974e-13
-1.17381e-13
-1.13073e-13
-1.08575e-13
-1.02878e-13
-9.36815e-14
-8.58145e-14
-8.2375e-14
-7.83871e-14
-7.23813e-14
-6.59248e-14
-5.89687e-14
-5.34475e-14
-4.44141e-14
-3.5401e-14
-2.74593e-14
-1.94851e-14
-1.0963e-14
-2.68228e-15
-6.86433e-13
-6.85853e-13
-6.88159e-13
-6.92016e-13
-6.94142e-13
-6.91657e-13
-6.89173e-13
-6.81695e-13
-6.71298e-13
-6.61592e-13
-6.47488e-13
-6.38903e-13
-6.40805e-13
-6.36579e-13
-6.32054e-13
-6.24062e-13
-6.15018e-13
-6.12644e-13
-6.06131e-13
-5.98793e-13
-5.8452e-13
-5.73253e-13
-5.66039e-13
-5.57985e-13
-5.46863e-13
-5.38779e-13
-5.32984e-13
-5.28322e-13
-5.22345e-13
-5.17251e-13
-5.09472e-13
-4.94809e-13
-4.85031e-13
-4.77534e-13
-4.7255e-13
-4.68812e-13
-4.6355e-13
-4.60253e-13
-4.57116e-13
-4.49098e-13
-4.41473e-13
-4.31503e-13
-4.24116e-13
-4.16697e-13
-4.13834e-13
-4.07004e-13
-4.00167e-13
-3.895e-13
-3.76745e-13
-3.66517e-13
-3.57503e-13
-3.47613e-13
-3.43839e-13
-3.35211e-13
-3.26617e-13
-3.20397e-13
-3.11965e-13
-3.06851e-13
-3.02515e-13
-2.96704e-13
-2.86745e-13
-2.78057e-13
-2.68819e-13
-2.60789e-13
-2.53611e-13
-2.4691e-13
-2.41032e-13
-2.31992e-13
-2.2346e-13
-2.15862e-13
-2.06182e-13
-1.9578e-13
-1.87643e-13
-1.81949e-13
-1.76505e-13
-1.72322e-13
-1.6962e-13
-1.61846e-13
-1.51269e-13
-1.40332e-13
-1.36453e-13
-1.3398e-13
-1.28481e-13
-1.15682e-13
-1.04387e-13
-9.42238e-14
-8.83295e-14
-8.00305e-14
-7.62463e-14
-7.06051e-14
-6.67917e-14
-6.24098e-14
-5.53631e-14
-4.5159e-14
-3.4816e-14
-2.46147e-14
-1.57357e-14
-1.06169e-14
-6.45258e-15
-5.51131e-15
)
;
    }
}

