/*--------------------------------*- C++ -*----------------------------------*\
| =========                 |                                                 |
| \\      /  F ield         | OpenFOAM: The Open Source CFD Toolbox           |
|  \\    /   O peration     | Version:  v2012                                 |
|   \\  /    A nd           | Website:  www.openfoam.com                      |
|    \\/     M anipulation  |                                                 |
\*---------------------------------------------------------------------------*/
FoamFile
{
    version     2.0;
    format      ascii;
    class       volVectorField;
    location    "0";
    object      uRec;
}
// * * * * * * * * * * * * * * * * * * * * * * * * * * * * * * * * * * * * * //

dimensions      [0 1 -1 0 0 0 0];


internalField   nonuniform List<vector> 
4000
(
(1 -3.93359e-16 0)
(1 2.41664e-15 0)
(1 1.28127e-15 0)
(1 9.17662e-16 0)
(1 -5.34033e-16 0)
(1 -7.48904e-16 0)
(1 8.34175e-17 0)
(1 -3.48616e-16 0)
(1 -1.77793e-15 0)
(1 -1.3499e-16 0)
(1 1.64969e-15 0)
(1 4.11336e-16 0)
(1 6.09539e-16 0)
(1 -4.93131e-17 0)
(1 1.9877e-15 0)
(1 -2.0856e-15 0)
(1 -2.18127e-15 0)
(1 -1.35533e-15 0)
(1 -1.6543e-16 0)
(1 -1.66443e-15 0)
(1 -2.38407e-15 0)
(1 -2.14489e-15 0)
(1 1.73812e-15 0)
(1 3.84922e-16 0)
(1 2.70713e-15 0)
(1 4.16257e-16 0)
(1 1.74008e-15 0)
(1 3.49423e-16 0)
(1 -2.92776e-17 0)
(1 2.61457e-16 0)
(1 -7.80464e-16 0)
(1 -2.57819e-15 0)
(1 -1.8901e-15 0)
(1 -4.56385e-16 0)
(1 1.32026e-15 0)
(1 1.75756e-15 0)
(1 3.26173e-15 0)
(1 1.54424e-15 0)
(1 1.61512e-15 0)
(1 -2.2267e-16 0)
(1 -7.91803e-16 0)
(1 -1.478e-15 0)
(1 -5.75801e-17 0)
(1 -1.01637e-15 0)
(1 -5.20172e-16 0)
(1 -6.96337e-17 0)
(1 -5.00576e-16 0)
(1 -2.23562e-16 0)
(1 -2.95206e-16 0)
(1 1.31662e-15 0)
(1 2.80957e-16 0)
(1 1.82276e-15 0)
(1 3.87391e-16 0)
(1 5.89877e-16 0)
(1 -8.35371e-16 0)
(1 -1.47798e-15 0)
(1 -1.457e-15 0)
(1 9.13759e-16 0)
(1 1.39245e-15 0)
(1 2.66888e-15 0)
(1 1.59989e-15 0)
(1 3.12408e-16 0)
(1 1.25408e-15 0)
(1 1.21858e-16 0)
(1 -2.73479e-16 0)
(1 -1.08252e-15 0)
(1 -1.89344e-16 0)
(1 2.10484e-16 0)
(1 -3.53198e-16 0)
(1 -4.93456e-16 0)
(1 -1.25809e-15 0)
(1 -5.04243e-16 0)
(1 4.50954e-17 0)
(1 -1.63334e-15 0)
(1 -1.8059e-15 0)
(1 -7.93272e-16 0)
(1 -4.13276e-16 0)
(1 3.16066e-16 0)
(1 5.81238e-16 0)
(1 1.4508e-15 0)
(1 9.33323e-16 0)
(1 -8.81167e-17 0)
(1 -2.55554e-17 0)
(1 -4.95102e-16 0)
(1 -1.56285e-15 0)
(1 -7.40686e-16 0)
(1 -1.7441e-15 0)
(1 2.44685e-16 0)
(1 1.96454e-15 0)
(1 1.36689e-15 0)
(1 -1.18696e-16 0)
(1 2.70345e-16 0)
(1 -1.37833e-15 0)
(1 -5.28695e-16 0)
(1 -1.12849e-15 0)
(1 -1.51113e-15 0)
(1 -1.23069e-15 0)
(1 3.35907e-16 0)
(1 1.08803e-15 0)
(1 2.28175e-16 0)
(1 3.33299e-16 0)
(1 2.12465e-15 0)
(1 2.19129e-15 0)
(1 1.22465e-16 0)
(1 -1.73314e-16 0)
(1 -1.99202e-15 0)
(1 -2.36778e-16 0)
(1 -7.85773e-16 0)
(1 -1.1333e-15 0)
(1 -9.64548e-16 0)
(1 1.3086e-15 0)
(1 1.29276e-15 0)
(1 2.67178e-15 0)
(1 2.1544e-15 0)
(1 2.43663e-15 0)
(1 -3.75412e-15 0)
(1 -4.26862e-15 0)
(1 -8.06496e-16 0)
(1 3.55978e-16 0)
(1 -1.77849e-15 0)
(1 -3.0581e-15 0)
(1 -2.39945e-15 0)
(1 8.03668e-16 0)
(1 -1.04881e-16 0)
(1 2.32134e-15 0)
(1 -6.36239e-16 0)
(1 3.2894e-16 0)
(1 -8.46199e-16 0)
(1 3.10957e-16 0)
(1 6.6596e-16 0)
(1 1.36675e-15 0)
(1 -1.14444e-15 0)
(1 -2.55345e-16 0)
(1 -1.46497e-15 0)
(1 -2.6347e-16 0)
(1 2.17605e-16 0)
(1 1.98359e-15 0)
(1 1.13213e-15 0)
(1 1.15036e-15 0)
(1 -1.80527e-16 0)
(1 -1.48866e-15 0)
(1 -8.08727e-16 0)
(1 -3.98625e-16 0)
(1 -2.0331e-15 0)
(1 -3.02557e-16 0)
(1 -1.99234e-15 0)
(1 2.22042e-16 0)
(1 9.11628e-17 0)
(1 1.54663e-15 0)
(1 -1.82086e-15 0)
(1 -1.63138e-15 0)
(1 -3.22759e-16 0)
(1 1.74038e-15 0)
(1 2.07643e-15 0)
(1 2.24305e-15 0)
(1 1.73192e-15 0)
(1 6.44695e-16 0)
(1 1.34505e-15 0)
(1 -5.49649e-16 0)
(1 -2.78324e-16 0)
(1 -2.04385e-15 0)
(1 -6.60206e-16 0)
(1 1.24879e-15 0)
(1 1.07649e-15 0)
(1 4.70432e-16 0)
(1 -1.00457e-15 0)
(1 -1.25895e-15 0)
(1 -5.14124e-16 0)
(1 -1.24252e-15 0)
(1 -6.1049e-16 0)
(1 6.65836e-17 0)
(1 1.30479e-15 0)
(1 1.43357e-15 0)
(1 -6.89198e-16 0)
(1 -4.79896e-16 0)
(1 -1.6487e-16 0)
(1 4.32251e-16 0)
(1 1.22194e-15 0)
(1 1.90424e-15 0)
(1 1.35606e-15 0)
(1 9.00966e-16 0)
(1 -2.6174e-15 0)
(1 1.13924e-16 0)
(1 3.65454e-16 0)
(1 3.63469e-17 0)
(1 2.50251e-16 0)
(1 -9.18917e-16 0)
(1 -2.20811e-15 0)
(1 -6.54545e-16 0)
(1 -7.36816e-16 0)
(1 -2.82925e-16 0)
(1 -2.70683e-16 0)
(1 -2.04287e-15 0)
(1 -9.99501e-16 0)
(1 -2.11398e-15 0)
(1 -9.95663e-16 0)
(1 -1.30755e-15 0)
(1 1.43497e-15 0)
(1 3.22075e-16 0)
(1 -2.44578e-16 0)
(1 3.58962e-16 0)
(1 -5.44809e-16 0)
(1 -1.49134e-16 0)
(1 -2.12825e-16 0)
(1 2.10218e-15 0)
(1 7.60727e-16 0)
(1 1.47248e-15 0)
(1 6.08033e-16 0)
(1 2.64056e-16 0)
(1 -5.26538e-16 0)
(1 -1.67911e-16 0)
(1 7.3497e-16 0)
(1 3.00087e-15 0)
(1 3.74589e-15 0)
(1 6.84858e-16 0)
(1 -2.00332e-15 0)
(1 -3.34588e-15 0)
(1 -1.48824e-15 0)
(1 -6.04647e-16 0)
(1 1.47334e-16 0)
(1 -1.42195e-15 0)
(1 3.67277e-16 0)
(1 -1.46653e-15 0)
(1 9.6124e-16 0)
(1 1.75136e-15 0)
(1 1.74779e-15 0)
(1 2.11887e-15 0)
(1 1.59027e-15 0)
(1 2.06628e-15 0)
(1 7.00727e-16 0)
(1 2.11274e-15 0)
(1 -8.41033e-16 0)
(1 -1.47885e-16 0)
(1 -2.83974e-15 0)
(1 -1.17387e-15 0)
(1 -2.15754e-15 0)
(1 -9.19235e-16 0)
(1 -1.37386e-16 0)
(1 -2.06245e-16 0)
(1 4.37111e-16 0)
(1 -8.91814e-16 0)
(1 -8.31675e-16 0)
(1 -2.09178e-15 0)
(1 -2.46968e-15 0)
(1 -6.2962e-16 0)
(1 -1.21036e-15 0)
(1 6.50272e-17 0)
(1 -4.35131e-16 0)
(1 6.06366e-16 0)
(1 -5.36115e-16 0)
(1 8.07213e-17 0)
(1 3.43513e-16 0)
(1 3.01086e-15 0)
(1 1.95542e-15 0)
(1 3.44778e-15 0)
(1 2.42527e-15 0)
(1 1.15696e-15 0)
(1 -1.17701e-15 0)
(1 -1.90721e-15 0)
(1 -2.01355e-15 0)
(1 4.74487e-18 0)
(1 5.90395e-16 0)
(1 9.93536e-16 0)
(1 6.67299e-16 0)
(1 1.1343e-17 0)
(1 -3.32478e-17 0)
(1 -8.94867e-16 0)
(1 -4.1024e-16 0)
(1 -9.73067e-16 0)
(1 1.25724e-16 0)
(1 9.65429e-17 0)
(1 8.33023e-16 0)
(1 9.46692e-16 0)
(1 4.76514e-16 0)
(1 -6.96019e-16 0)
(1 -5.92847e-16 0)
(1 -3.62934e-16 0)
(1 1.00792e-16 0)
(1 2.86947e-16 0)
(1 -4.93101e-17 0)
(1 -1.49523e-15 0)
(1 -2.46556e-15 0)
(1 -1.93138e-15 0)
(1 -4.33536e-16 0)
(1 7.01145e-16 0)
(1 -2.71527e-16 0)
(1 3.49663e-16 0)
(1 -2.7531e-15 0)
(1 -2.18079e-15 0)
(1 -1.28902e-15 0)
(1 -6.75883e-16 0)
(1 -9.40756e-16 0)
(1 -1.28374e-15 0)
(1 -1.01898e-15 0)
(1 -8.23819e-16 0)
(1 -9.56766e-16 0)
(1 -1.18998e-15 0)
(1 -2.77693e-16 0)
(1 -7.31924e-16 0)
(1 -1.18955e-16 0)
(1 1.1484e-15 0)
(1 -1.62677e-15 0)
(1 -1.22769e-16 0)
(1 -9.20392e-16 0)
(1 1.35166e-15 0)
(1 1.76067e-15 0)
(1 1.84432e-15 0)
(1 -4.95615e-16 0)
(1 8.90566e-17 0)
(1 -5.06112e-16 0)
(1 2.65982e-15 0)
(1 2.9699e-15 0)
(1 3.93908e-15 0)
(1 1.66635e-15 0)
(1 4.07844e-16 0)
(1 6.51418e-16 0)
(1 -1.58398e-15 0)
(1 -4.69718e-15 0)
(1 -4.48846e-15 0)
(1 -2.66308e-16 0)
(1 -1.89599e-16 0)
(1 4.22832e-16 0)
(1 8.7367e-16 0)
(1 2.99704e-15 0)
(1 1.23945e-15 0)
(1 3.65107e-15 0)
(1 2.3922e-15 0)
(1 4.69551e-15 0)
(1 2.24982e-15 0)
(1 1.19079e-15 0)
(1 -4.98217e-16 0)
(1 -1.96972e-15 0)
(1 -2.11013e-15 0)
(1 -1.17927e-15 0)
(1 4.1773e-16 0)
(1 -9.57778e-16 0)
(1 2.68675e-16 0)
(1 -1.94151e-16 0)
(1 3.25461e-16 0)
(1 -1.70136e-17 0)
(1 -4.46051e-16 0)
(1 -2.43399e-15 0)
(1 -2.05832e-15 0)
(1 -1.99517e-15 0)
(1 -1.91113e-15 0)
(1 1.41784e-15 0)
(1 1.33387e-15 0)
(1 3.77743e-16 0)
(1 2.37214e-16 0)
(1 2.70451e-15 0)
(1 7.25127e-16 0)
(1 6.05672e-16 0)
(1 4.38992e-16 0)
(1 6.33021e-16 0)
(1 6.68415e-16 0)
(1 4.30877e-16 0)
(1 -1.99326e-16 0)
(1 -1.49504e-15 0)
(1 -1.48072e-15 0)
(1 5.82335e-16 0)
(1 1.30927e-15 0)
(1 2.05488e-15 0)
(1 1.09037e-15 0)
(1 1.19744e-15 0)
(1 -3.89484e-16 0)
(1 -7.1554e-16 0)
(1 -2.0083e-15 0)
(1 -1.53098e-15 0)
(1 -1.44694e-15 0)
(1 -2.88988e-16 0)
(1 -4.16173e-16 0)
(1 1.0775e-15 0)
(1 -4.99023e-17 0)
(1 -7.67639e-17 0)
(1 -1.33906e-15 0)
(1 -1.25422e-15 0)
(1 -5.20861e-17 0)
(1 -3.42192e-16 0)
(1 2.02355e-16 0)
(1 -8.2189e-16 0)
(1 3.86953e-16 0)
(1 -8.18202e-16 0)
(1 -1.22977e-15 0)
(1 -1.38124e-15 0)
(1 -2.28433e-16 0)
(1 1.0151e-17 0)
(1 9.97229e-16 0)
(1 -2.57586e-16 0)
(1 -7.15634e-17 0)
(1 -6.56087e-16 0)
(1 -1.22436e-15 0)
(1 -1.54001e-15 0)
(1 -8.68512e-16 0)
(1 -8.46825e-16 0)
(1 -7.11486e-16 0)
(1 -1.92904e-15 0)
(1 -2.79053e-15 0)
(1 -2.63107e-15 0)
(1 -1.6012e-15 0)
(1 2.19523e-16 0)
(1 1.81112e-15 0)
(1 -5.09539e-16 0)
(1 -1.47099e-15 0)
(1 -8.9493e-16 0)
(1 9.65004e-16 0)
(1 4.35781e-16 0)
(1 4.2025e-16 0)
(1 -1.28724e-15 0)
(1 -3.58182e-16 0)
(1 2.78731e-16 0)
(1 3.33161e-15 0)
(1 2.0335e-15 0)
(1 2.64299e-15 0)
(1 -1.85875e-15 0)
(1 2.02966e-15 0)
(1 6.2246e-16 0)
(1 2.8344e-16 0)
(1 -2.30032e-15 0)
(1 -2.25634e-15 0)
(1 -4.22147e-15 0)
(1 -7.94052e-16 0)
(1 -2.38944e-15 0)
(1 2.16558e-15 0)
(1 5.06929e-15 0)
(1 4.77348e-15 0)
(1 3.33955e-15 0)
(1 2.85235e-15 0)
(1 2.14389e-15 0)
(1 2.21528e-15 0)
(1 -3.16934e-17 0)
(1 -8.44779e-16 0)
(1 5.99156e-16 0)
(1 -1.77623e-16 0)
(1 -1.32366e-15 0)
(1 -3.56629e-15 0)
(1 -2.95562e-15 0)
(1 -2.3613e-15 0)
(1 -2.08973e-15 0)
(1 -1.80661e-15 0)
(1 -7.78887e-16 0)
(1 -2.14638e-15 0)
(1 -1.09462e-15 0)
(1 -1.3648e-15 0)
(1 4.44233e-16 0)
(1 -1.06057e-15 0)
(1 5.6222e-16 0)
(1 1.9115e-15 0)
(1 1.04384e-15 0)
(1 9.70587e-16 0)
(1 -7.60967e-17 0)
(1 -9.73847e-17 0)
(1 1.32224e-16 0)
(1 -3.89665e-17 0)
(1 1.8315e-15 0)
(1 2.30459e-15 0)
(1 3.59925e-15 0)
(1 1.71994e-15 0)
(1 1.63011e-16 0)
(1 -8.71121e-16 0)
(1 -1.65908e-15 0)
(1 -1.90826e-15 0)
(1 5.15791e-17 0)
(1 1.15412e-15 0)
(1 1.13598e-15 0)
(1 1.35206e-15 0)
(1 -1.11903e-16 0)
(1 -1.44501e-15 0)
(1 -1.91697e-15 0)
(1 1.84735e-16 0)
(1 -5.19345e-16 0)
(1 5.31193e-16 0)
(1 1.91346e-15 0)
(1 6.38268e-16 0)
(1 4.68833e-16 0)
(1 5.10229e-16 0)
(1 3.37018e-17 0)
(1 9.35612e-17 0)
(1 1.48056e-15 0)
(1 2.53237e-15 0)
(1 -8.47004e-16 0)
(1 5.22515e-17 0)
(1 -2.20251e-15 0)
(1 4.86546e-16 0)
(1 -5.64828e-16 0)
(1 1.07912e-16 0)
(1 -9.08713e-16 0)
(1 -1.07773e-15 0)
(1 -2.12304e-15 0)
(1 -2.28487e-15 0)
(1 -2.10083e-15 0)
(1 -1.06611e-15 0)
(1 -2.62751e-15 0)
(1 -8.91512e-16 0)
(1 -6.41242e-16 0)
(1 -1.13185e-15 0)
(1 -9.10306e-16 0)
(1 -1.31222e-15 0)
(1 -8.22856e-16 0)
(1 -1.13044e-15 0)
(1 9.3545e-17 0)
(1 -6.27924e-16 0)
(1 -7.0341e-16 0)
(1 -1.92801e-15 0)
(1 -4.72264e-16 0)
(1 8.6879e-16 0)
(1 7.35774e-16 0)
(1 -2.32278e-16 0)
(1 1.08099e-16 0)
(1 9.97679e-16 0)
(1 3.06856e-15 0)
(1 2.10963e-15 0)
(1 1.69565e-15 0)
(1 8.86845e-16 0)
(1 -3.91588e-16 0)
(1 2.73951e-15 0)
(1 -2.22247e-16 0)
(1 -3.23644e-16 0)
(1 -2.21341e-15 0)
(1 -1.53919e-15 0)
(1 -1.5146e-15 0)
(1 1.44895e-15 0)
(1 2.54527e-15 0)
(1 2.58211e-15 0)
(1 1.20585e-15 0)
(1 1.12768e-15 0)
(1 9.79186e-16 0)
(1 3.29014e-15 0)
(1 -2.3445e-16 0)
(1 3.0381e-15 0)
(1 8.69969e-16 0)
(1 -2.11084e-15 0)
(1 -1.61365e-15 0)
(1 -2.33709e-15 0)
(1 -6.07411e-16 0)
(1 -2.11651e-15 0)
(1 6.53087e-16 0)
(1 -5.73661e-16 0)
(1 8.67401e-16 0)
(1 -1.26947e-15 0)
(1 -8.93954e-16 0)
(1 -1.38042e-15 0)
(1 -4.21533e-16 0)
(1 2.57871e-16 0)
(1 1.07513e-15 0)
(1 -7.66726e-17 0)
(1 -2.08578e-15 0)
(1 -1.98288e-15 0)
(1 -4.66828e-16 0)
(1 1.46318e-15 0)
(1 2.56119e-15 0)
(1 3.28731e-15 0)
(1 1.51627e-15 0)
(1 3.75342e-17 0)
(1 1.05359e-15 0)
(1 2.38649e-15 0)
(1 1.82789e-15 0)
(1 8.41214e-16 0)
(1 7.7382e-16 0)
(1 2.27209e-15 0)
(1 1.01113e-15 0)
(1 2.7203e-15 0)
(1 3.48856e-16 0)
(1 3.63205e-18 0)
(1 -9.87593e-16 0)
(1 8.9207e-16 0)
(1 1.30381e-15 0)
(1 2.8549e-15 0)
(1 4.12757e-15 0)
(1 4.87721e-15 0)
(1 4.49018e-15 0)
(1 1.47053e-15 0)
(1 -5.40282e-16 0)
(1 7.77995e-16 0)
(1 -4.25545e-16 0)
(1 -2.38393e-15 0)
(1 -3.43812e-15 0)
(1 -2.57423e-15 0)
(1 7.88191e-16 0)
(1 1.56583e-15 0)
(1 1.79943e-15 0)
(1 -9.27661e-16 0)
(1 7.02736e-16 0)
(1 -5.99712e-16 0)
(1 -1.80604e-15 0)
(1 -1.54733e-15 0)
(1 -2.46657e-15 0)
(1 -1.97896e-15 0)
(1 -2.09355e-15 0)
(1 -2.72262e-15 0)
(1 -1.73029e-15 0)
(1 -2.68092e-15 0)
(1 -1.53308e-15 0)
(1 -1.03785e-15 0)
(1 -3.46238e-17 0)
(1 1.85673e-16 0)
(1 5.95998e-16 0)
(1 1.4963e-15 0)
(1 1.87836e-15 0)
(1 2.70869e-15 0)
(1 1.73031e-15 0)
(1 -8.75507e-16 0)
(1 -8.67111e-16 0)
(1 2.35453e-15 0)
(1 1.55606e-15 0)
(1 -1.53671e-16 0)
(1 -1.25093e-15 0)
(1 -3.94279e-15 0)
(1 -1.55922e-15 0)
(1 1.37636e-15 0)
(1 1.93382e-15 0)
(1 1.8435e-15 0)
(1 7.0849e-16 0)
(1 1.44152e-15 0)
(1 2.01805e-15 0)
(1 2.9288e-15 0)
(1 1.10246e-15 0)
(1 3.15127e-15 0)
(1 -1.24784e-15 0)
(1 1.3535e-15 0)
(1 3.2626e-15 0)
(1 2.24418e-15 0)
(1 4.79324e-16 0)
(1 -8.39293e-16 0)
(1 -7.86269e-16 0)
(1 -3.24953e-15 0)
(1 -8.81407e-16 0)
(1 -1.11831e-15 0)
(1 8.17024e-16 0)
(1 1.55864e-15 0)
(1 3.01175e-15 0)
(1 1.49192e-15 0)
(1 -5.92571e-16 0)
(1 -3.14757e-15 0)
(1 -1.69067e-15 0)
(1 -4.11268e-16 0)
(1 1.33248e-16 0)
(1 1.77032e-15 0)
(1 1.09282e-15 0)
(1 8.50647e-16 0)
(1 -3.6389e-15 0)
(1 -1.99861e-16 0)
(1 -1.28682e-15 0)
(1 2.63722e-15 0)
(1 1.88055e-15 0)
(1 -9.52363e-16 0)
(1 -3.36935e-15 0)
(1 -3.90659e-15 0)
(1 1.18067e-15 0)
(1 1.7914e-15 0)
(1 3.95014e-15 0)
(1 3.3377e-15 0)
(1 1.05706e-16 0)
(1 5.58366e-17 0)
(1 4.00379e-16 0)
(1 1.25875e-15 0)
(1 1.12477e-15 0)
(1 -3.15552e-16 0)
(1 4.13878e-16 0)
(1 2.45519e-16 0)
(1 2.10388e-15 0)
(1 2.22538e-15 0)
(1 1.56311e-15 0)
(1 3.64197e-16 0)
(1 2.54382e-16 0)
(1 -5.18975e-16 0)
(1 1.22702e-17 0)
(1 -4.5405e-17 0)
(1 1.81344e-15 0)
(1 1.36554e-15 0)
(1 1.3637e-15 0)
(1 6.42068e-16 0)
(1 -8.25654e-16 0)
(1 -3.9389e-16 0)
(1 6.42285e-16 0)
(1 1.81165e-15 0)
(1 6.0863e-16 0)
(1 2.37663e-15 0)
(1 1.15125e-15 0)
(1 1.04291e-15 0)
(1 1.62125e-15 0)
(1 3.54315e-16 0)
(1 4.74921e-16 0)
(1 -7.4524e-16 0)
(1 -1.30827e-15 0)
(1 -1.2335e-15 0)
(1 -8.69329e-16 0)
(1 -8.06792e-17 0)
(1 -7.6027e-16 0)
(1 -8.40442e-16 0)
(1 -1.23591e-15 0)
(1 -1.72047e-15 0)
(1 1.13186e-15 0)
(1 -2.58791e-16 0)
(1 5.00126e-16 0)
(1 3.51608e-16 0)
(1 1.06976e-15 0)
(1 1.78184e-15 0)
(1 2.03538e-15 0)
(1 2.38759e-15 0)
(1 2.60975e-15 0)
(1 -5.38648e-16 0)
(1 6.10835e-16 0)
(1 7.30237e-16 0)
(1 1.59086e-15 0)
(1 -1.0676e-15 0)
(1 -5.54655e-16 0)
(1 -1.81325e-15 0)
(1 -1.795e-15 0)
(1 -4.71361e-16 0)
(1 3.2455e-16 0)
(1 -3.02729e-16 0)
(1 -1.03896e-15 0)
(1 1.10127e-15 0)
(1 4.60347e-15 0)
(1 1.89596e-15 0)
(1 2.25676e-15 0)
(1 1.54285e-15 0)
(1 2.64201e-15 0)
(1 5.04204e-15 0)
(1 7.82989e-16 0)
(1 -2.3205e-15 0)
(1 -3.14161e-15 0)
(1 -3.81087e-15 0)
(1 -5.75623e-16 0)
(1 3.19246e-16 0)
(1 3.96614e-16 0)
(1 -1.70391e-15 0)
(1 1.70855e-15 0)
(1 -2.60775e-15 0)
(1 -1.33681e-15 0)
(1 1.15338e-15 0)
(1 2.98138e-16 0)
(1 -1.89738e-15 0)
(1 -1.34069e-15 0)
(1 6.31702e-16 0)
(1 -1.38944e-15 0)
(1 2.62273e-16 0)
(1 -1.63135e-15 0)
(1 -5.07791e-16 0)
(1 -2.07664e-15 0)
(1 2.29142e-16 0)
(1 -1.31048e-15 0)
(1 1.03036e-15 0)
(1 2.26216e-15 0)
(1 2.73401e-15 0)
(1 1.7473e-15 0)
(1 -2.02523e-17 0)
(1 1.64548e-15 0)
(1 -1.07292e-15 0)
(1 -2.94232e-17 0)
(1 5.57865e-16 0)
(1 3.19031e-15 0)
(1 3.90439e-15 0)
(1 2.36124e-15 0)
(1 1.57918e-15 0)
(1 1.41288e-15 0)
(1 2.24021e-15 0)
(1 -4.83159e-16 0)
(1 6.7028e-16 0)
(1 1.3373e-15 0)
(1 2.08531e-15 0)
(1 2.00563e-15 0)
(1 2.53167e-15 0)
(1 1.15135e-15 0)
(1 1.11278e-15 0)
(1 1.40257e-15 0)
(1 2.49745e-15 0)
(1 -1.22545e-16 0)
(1 2.94129e-16 0)
(1 -1.76066e-16 0)
(1 2.54719e-15 0)
(1 3.5664e-15 0)
(1 1.91092e-15 0)
(1 1.73564e-15 0)
(1 2.51833e-15 0)
(1 3.74869e-15 0)
(1 3.17171e-15 0)
(1 1.23568e-15 0)
(1 2.06222e-16 0)
(1 -8.73489e-16 0)
(1 -2.61039e-15 0)
(1 -2.89216e-15 0)
(1 -2.55969e-15 0)
(1 -2.07199e-16 0)
(1 -1.68216e-15 0)
(1 -1.79771e-15 0)
(1 -2.39508e-15 0)
(1 -8.61861e-16 0)
(1 -1.32546e-15 0)
(1 -1.9655e-15 0)
(1 -1.71874e-15 0)
(1 -1.34142e-15 0)
(1 -1.75455e-15 0)
(1 -4.69776e-16 0)
(1 8.79658e-16 0)
(1 1.16973e-15 0)
(1 1.35584e-15 0)
(1 2.81728e-15 0)
(1 2.65655e-15 0)
(1 4.25315e-15 0)
(1 -9.61575e-16 0)
(1 2.02363e-15 0)
(1 -1.57392e-15 0)
(1 -3.61103e-15 0)
(1 -2.18875e-15 0)
(1 -7.58035e-16 0)
(1 1.20027e-15 0)
(1 -1.86474e-15 0)
(1 -2.38573e-15 0)
(1 1.83376e-15 0)
(1 1.02435e-15 0)
(1 4.35244e-15 0)
(1 4.01768e-15 0)
(1 5.74516e-15 0)
(1 1.10715e-15 0)
(1 3.26228e-15 0)
(1 1.55529e-15 0)
(1 5.47007e-15 0)
(1 7.28944e-16 0)
(1 -1.56981e-15 0)
(1 -4.50135e-15 0)
(1 8.95235e-16 0)
(1 -1.07524e-15 0)
(1 -1.54318e-15 0)
(1 -1.59943e-15 0)
(1 -1.5571e-15 0)
(1 -2.87708e-15 0)
(1 -3.51678e-15 0)
(1 -4.87362e-15 0)
(1 -2.44666e-15 0)
(1 -2.91091e-15 0)
(1 6.66014e-17 0)
(1 -1.88884e-16 0)
(1 1.80855e-15 0)
(1 8.47525e-16 0)
(1 1.89357e-15 0)
(1 -3.19777e-16 0)
(1 -5.00811e-16 0)
(1 -8.10618e-16 0)
(1 -6.93456e-16 0)
(1 6.10232e-17 0)
(1 1.86842e-15 0)
(1 1.90569e-15 0)
(1 2.49209e-15 0)
(1 5.8833e-15 0)
(1 5.44503e-15 0)
(1 2.10392e-15 0)
(1 -1.50351e-15 0)
(1 -1.74155e-15 0)
(1 -3.13621e-15 0)
(1 2.80639e-16 0)
(1 2.17214e-15 0)
(1 2.78452e-15 0)
(1 1.8426e-15 0)
(1 1.66373e-15 0)
(1 1.10955e-15 0)
(1 3.86683e-15 0)
(1 2.75667e-15 0)
(1 3.64861e-15 0)
(1 2.1352e-15 0)
(1 1.79461e-15 0)
(1 1.80846e-15 0)
(1 -2.59804e-15 0)
(1 -2.44839e-15 0)
(1 -1.00849e-16 0)
(1 1.68783e-15 0)
(1 6.5469e-15 0)
(1 6.92512e-15 0)
(1 4.92872e-15 0)
(1 5.61926e-15 0)
(1 3.26593e-15 0)
(1 4.02768e-15 0)
(1 2.40302e-15 0)
(1 1.03982e-16 0)
(1 -2.51515e-15 0)
(1 -3.56278e-16 0)
(1 1.11355e-15 0)
(1 1.02616e-15 0)
(1 -7.7158e-16 0)
(1 7.2431e-16 0)
(1 -4.50674e-16 0)
(1 2.38499e-15 0)
(1 -1.55758e-15 0)
(1 -4.95204e-16 0)
(1 -3.15328e-15 0)
(1 -3.04299e-15 0)
(1 -2.22698e-15 0)
(1 -1.64377e-15 0)
(1 -2.30883e-15 0)
(1 -1.76984e-15 0)
(1 -1.82146e-15 0)
(1 -2.22184e-15 0)
(1 5.92413e-16 0)
(1 1.20819e-15 0)
(1 4.67122e-15 0)
(1 4.06415e-15 0)
(1 5.65041e-15 0)
(1 5.25173e-15 0)
(1 7.34531e-15 0)
(1 7.34808e-15 0)
(1 6.47905e-16 0)
(1 1.03348e-15 0)
(1 5.66174e-16 0)
(1 3.41596e-16 0)
(1 -1.61174e-15 0)
(1 -1.10568e-16 0)
(1 7.54171e-16 0)
(1 1.49169e-15 0)
(1 6.5743e-16 0)
(1 2.17506e-15 0)
(1 1.70119e-15 0)
(1 3.25958e-15 0)
(1 2.78957e-15 0)
(1 -1.25116e-15 0)
(1 -1.21221e-15 0)
(1 -9.53999e-16 0)
(1 1.17211e-15 0)
(1 2.82553e-15 0)
(1 -7.54707e-16 0)
(1 -1.9756e-15 0)
(1 -3.46536e-15 0)
(1 -1.64321e-15 0)
(1 1.66786e-15 0)
(1 2.47582e-17 0)
(1 1.26138e-15 0)
(1 1.84148e-16 0)
(1 2.59794e-16 0)
(1 -5.0581e-15 0)
(1 -3.05441e-15 0)
(1 -2.08364e-15 0)
(1 -2.41241e-15 0)
(1 -3.74474e-16 0)
(1 -2.049e-16 0)
(1 5.63762e-17 0)
(1 -2.61513e-15 0)
(1 -3.56443e-16 0)
(1 -2.60993e-15 0)
(1 -1.29307e-15 0)
(1 -2.74595e-15 0)
(1 -1.62296e-16 0)
(1 -1.59659e-15 0)
(1 2.33264e-15 0)
(1 1.63915e-15 0)
(1 2.957e-15 0)
(1 2.26181e-15 0)
(1 2.40323e-15 0)
(1 9.30751e-16 0)
(1 -1.149e-15 0)
(1 2.59031e-15 0)
(1 1.20997e-15 0)
(1 4.09665e-15 0)
(1 1.88553e-15 0)
(1 1.37243e-15 0)
(1 1.29624e-15 0)
(1 2.68638e-15 0)
(1 1.90148e-15 0)
(1 2.24236e-15 0)
(1 3.2423e-15 0)
(1 2.31432e-15 0)
(1 1.73952e-15 0)
(1 2.12028e-15 0)
(1 3.30615e-15 0)
(1 5.22569e-15 0)
(1 3.19368e-15 0)
(1 1.95158e-15 0)
(1 1.1859e-15 0)
(1 3.04426e-15 0)
(1 4.80257e-15 0)
(1 5.37942e-15 0)
(1 3.7197e-15 0)
(1 1.76199e-15 0)
(1 2.06343e-15 0)
(1 1.21417e-15 0)
(1 1.07755e-16 0)
(1 -9.16031e-16 0)
(1 1.67482e-15 0)
(1 3.51257e-15 0)
(1 2.4749e-15 0)
(1 5.26555e-16 0)
(1 9.3947e-16 0)
(1 6.51029e-16 0)
(1 -2.14258e-16 0)
(1 -2.42565e-15 0)
(1 -3.14037e-15 0)
(1 -3.01947e-15 0)
(1 -2.98415e-15 0)
(1 -1.5248e-15 0)
(1 -3.29365e-15 0)
(1 -1.23536e-15 0)
(1 -1.77877e-15 0)
(1 6.47683e-16 0)
(1 -1.28053e-15 0)
(1 2.81335e-15 0)
(1 1.43927e-15 0)
(1 3.41749e-15 0)
(1 2.87648e-15 0)
(1 4.20423e-15 0)
(1 5.74097e-15 0)
(1 1.05458e-14 0)
(1 8.5895e-15 0)
(1 2.98334e-16 0)
(1 -1.18202e-15 0)
(1 -3.43365e-16 0)
(1 2.02046e-15 0)
(1 -1.07981e-15 0)
(1 1.27298e-15 0)
(1 -9.58009e-17 0)
(1 2.27183e-15 0)
(1 1.38202e-15 0)
(1 -2.79508e-15 0)
(1 -1.92816e-15 0)
(1 -2.25458e-16 0)
(1 -6.64413e-17 0)
(1 7.24712e-16 0)
(1 2.38849e-15 0)
(1 2.37353e-15 0)
(1 1.6796e-15 0)
(1 -1.31546e-15 0)
(1 2.47863e-16 0)
(1 -1.44185e-15 0)
(1 1.73826e-16 0)
(1 -1.58905e-16 0)
(1 5.50479e-16 0)
(1 -2.04044e-15 0)
(1 -1.82224e-15 0)
(1 -1.77966e-15 0)
(1 2.27487e-15 0)
(1 -1.20047e-15 0)
(1 -2.5115e-16 0)
(1 -2.86879e-15 0)
(1 -2.30034e-15 0)
(1 -4.81286e-15 0)
(1 -2.04027e-15 0)
(1 -8.70142e-16 0)
(1 4.83521e-16 0)
(1 -2.7878e-16 0)
(1 -7.73206e-16 0)
(1 -1.67824e-15 0)
(1 -1.72968e-15 0)
(1 6.50516e-16 0)
(1 4.95742e-16 0)
(1 -1.3333e-15 0)
(1 8.41456e-16 0)
(1 -3.41007e-16 0)
(1 9.08793e-16 0)
(1 9.56894e-16 0)
(1 2.97543e-15 0)
(1 6.85896e-16 0)
(1 3.3874e-15 0)
(1 3.46464e-15 0)
(1 3.43278e-15 0)
(1 2.51216e-15 0)
(1 3.73423e-15 0)
(1 2.57247e-15 0)
(1 3.84796e-15 0)
(1 2.41577e-15 0)
(1 4.16437e-15 0)
(1 1.68741e-15 0)
(1 3.82983e-15 0)
(1 1.52297e-15 0)
(1 3.91683e-15 0)
(1 4.97016e-16 0)
(1 4.69601e-15 0)
(1 1.83156e-15 0)
(1 1.96106e-15 0)
(1 3.43482e-15 0)
(1 2.83496e-15 0)
(1 1.44969e-15 0)
(1 4.54727e-15 0)
(1 2.75047e-15 0)
(1 4.99325e-15 0)
(1 1.17016e-15 0)
(1 3.25368e-16 0)
(1 -8.18418e-16 0)
(1 -3.60726e-16 0)
(1 1.01441e-15 0)
(1 2.30008e-15 0)
(1 2.12435e-15 0)
(1 2.31436e-15 0)
(1 -1.37637e-15 0)
(1 1.84042e-16 0)
(1 -2.56629e-15 0)
(1 2.69725e-16 0)
(1 -2.1279e-15 0)
(1 -1.41564e-15 0)
(1 -1.95727e-15 0)
(1 -1.90384e-15 0)
(1 -6.0733e-16 0)
(1 -6.86191e-16 0)
(1 -2.43925e-15 0)
(1 -1.07917e-15 0)
(1 -9.80647e-16 0)
(1 2.01691e-16 0)
(1 1.61768e-16 0)
(1 6.26876e-16 0)
(1 1.03688e-15 0)
(1 2.84306e-15 0)
(1 4.97838e-15 0)
(1 6.91983e-15 0)
(1 6.5793e-15 0)
(1 9.44768e-16 0)
(1 -2.2479e-15 0)
(1 1.72783e-15 0)
(1 6.83007e-16 0)
(1 9.43953e-16 0)
(1 -1.60025e-15 0)
(1 -2.13862e-15 0)
(1 6.32747e-16 0)
(1 2.31427e-15 0)
(1 2.90497e-15 0)
(1 2.31023e-15 0)
(1 5.78585e-16 0)
(1 -1.92063e-15 0)
(1 -1.09818e-15 0)
(1 -1.71432e-16 0)
(1 3.08064e-15 0)
(1 1.54563e-15 0)
(1 -1.81967e-15 0)
(1 -2.04176e-15 0)
(1 -3.05865e-15 0)
(1 9.93221e-16 0)
(1 -1.23436e-16 0)
(1 2.59045e-16 0)
(1 -1.08362e-16 0)
(1 -4.99871e-16 0)
(1 -1.23348e-15 0)
(1 -1.88782e-15 0)
(1 -3.26066e-16 0)
(1 1.28655e-15 0)
(1 -1.29915e-17 0)
(1 -1.54881e-15 0)
(1 -2.3487e-15 0)
(1 -1.57688e-15 0)
(1 -2.12078e-15 0)
(1 -2.72239e-15 0)
(1 -5.11369e-15 0)
(1 -8.87188e-16 0)
(1 -1.15829e-15 0)
(1 -8.05739e-16 0)
(1 -1.72879e-15 0)
(1 -9.14936e-17 0)
(1 -1.50378e-15 0)
(1 -1.06225e-15 0)
(1 -2.8894e-15 0)
(1 1.11202e-15 0)
(1 4.55367e-15 0)
(1 5.41771e-15 0)
(1 5.29969e-15 0)
(1 2.03124e-15 0)
(1 2.80532e-15 0)
(1 1.88704e-15 0)
(1 2.65689e-15 0)
(1 3.21725e-15 0)
(1 4.75814e-15 0)
(1 4.71886e-15 0)
(1 1.96666e-15 0)
(1 -4.91413e-17 0)
(1 7.49465e-16 0)
(1 2.73628e-15 0)
(1 3.79216e-15 0)
(1 4.86505e-15 0)
(1 3.95103e-15 0)
(1 1.4173e-15 0)
(1 1.30577e-15 0)
(1 1.48775e-15 0)
(1 6.48746e-16 0)
(1 2.47238e-15 0)
(1 2.46683e-15 0)
(1 2.56107e-15 0)
(1 3.32711e-15 0)
(1 3.9611e-15 0)
(1 2.72681e-15 0)
(1 1.66312e-15 0)
(1 6.62049e-16 0)
(1 1.29068e-15 0)
(1 5.19376e-16 0)
(1 1.98695e-15 0)
(1 9.96435e-16 0)
(1 -7.54741e-17 0)
(1 -1.48384e-15 0)
(1 1.67295e-15 0)
(1 1.00261e-15 0)
(1 -3.94225e-16 0)
(1 -9.46272e-16 0)
(1 -1.86327e-15 0)
(1 -2.33353e-15 0)
(1 -2.42526e-15 0)
(1 -1.10741e-15 0)
(1 -2.41638e-15 0)
(1 -1.11173e-15 0)
(1 -8.27816e-16 0)
(1 8.57428e-16 0)
(1 7.03209e-16 0)
(1 6.17188e-16 0)
(1 1.45577e-15 0)
(1 3.10279e-15 0)
(1 4.938e-15 0)
(1 3.96153e-15 0)
(1 2.40939e-15 0)
(1 4.69223e-15 0)
(1 2.67915e-15 0)
(1 -7.93969e-16 0)
(1 2.96818e-17 0)
(1 7.84106e-16 0)
(1 1.92476e-15 0)
(1 1.04256e-15 0)
(1 1.11235e-15 0)
(1 3.73701e-16 0)
(1 -5.60117e-16 0)
(1 1.3443e-15 0)
(1 4.21374e-15 0)
(1 5.57299e-15 0)
(1 2.15385e-15 0)
(1 3.93504e-16 0)
(1 -2.70453e-15 0)
(1 -3.20127e-15 0)
(1 -3.46138e-15 0)
(1 -3.50937e-15 0)
(1 -1.64409e-15 0)
(1 -1.47532e-15 0)
(1 1.48385e-15 0)
(1 -2.95997e-15 0)
(1 1.20936e-15 0)
(1 -2.06761e-15 0)
(1 2.40202e-15 0)
(1 4.95015e-16 0)
(1 -4.2218e-15 0)
(1 -2.61323e-15 0)
(1 -3.67618e-15 0)
(1 -2.09393e-15 0)
(1 -1.81471e-15 0)
(1 -7.89263e-16 0)
(1 -2.2398e-15 0)
(1 -1.47578e-15 0)
(1 -2.77143e-15 0)
(1 -2.29468e-16 0)
(1 -6.11051e-16 0)
(1 -4.68442e-16 0)
(1 -1.13907e-15 0)
(1 -1.76849e-15 0)
(1 -4.43788e-15 0)
(1 4.21495e-16 0)
(1 -3.21503e-15 0)
(1 -1.311e-15 0)
(1 8.93429e-16 0)
(1 3.08292e-15 0)
(1 4.15834e-15 0)
(1 6.90043e-15 0)
(1 3.36965e-15 0)
(1 4.3241e-15 0)
(1 3.08878e-16 0)
(1 3.37398e-15 0)
(1 2.82881e-15 0)
(1 4.88929e-15 0)
(1 3.2198e-15 0)
(1 3.33699e-15 0)
(1 3.31528e-17 0)
(1 2.15337e-15 0)
(1 -6.30935e-16 0)
(1 1.24148e-15 0)
(1 9.78011e-16 0)
(1 5.42072e-15 0)
(1 5.79967e-15 0)
(1 7.5229e-15 0)
(1 3.6408e-15 0)
(1 4.33817e-16 0)
(1 -5.74635e-16 0)
(1 3.71551e-16 0)
(1 -4.57768e-16 0)
(1 9.26472e-16 0)
(1 1.78964e-15 0)
(1 1.57617e-15 0)
(1 3.09891e-15 0)
(1 3.40261e-15 0)
(1 2.88508e-15 0)
(1 -1.45176e-16 0)
(1 -1.04983e-15 0)
(1 -2.8905e-16 0)
(1 -1.4578e-15 0)
(1 1.93166e-15 0)
(1 -1.17364e-16 0)
(1 -2.04559e-16 0)
(1 -1.71612e-15 0)
(1 -2.86254e-16 0)
(1 -1.35601e-15 0)
(1 3.52559e-16 0)
(1 -2.4935e-15 0)
(1 -2.09884e-15 0)
(1 -2.13517e-15 0)
(1 -1.03353e-15 0)
(1 -1.00624e-16 0)
(1 -6.09357e-16 0)
(1 -1.52885e-15 0)
(1 -1.4567e-15 0)
(1 -1.15223e-15 0)
(1 2.81105e-15 0)
(1 2.83238e-15 0)
(1 2.74746e-15 0)
(1 1.212e-15 0)
(1 3.11032e-15 0)
(1 -5.2652e-16 0)
(1 3.97416e-15 0)
(1 -3.41049e-15 0)
(1 9.08578e-16 0)
(1 1.32383e-15 0)
(1 3.46275e-15 0)
(1 1.37465e-15 0)
(1 2.15413e-15 0)
(1 -9.40512e-16 0)
(1 -2.44936e-15 0)
(1 1.07308e-15 0)
(1 4.11107e-15 0)
(1 2.222e-15 0)
(1 3.97517e-15 0)
(1 -2.23751e-15 0)
(1 -5.42659e-15 0)
(1 -3.8682e-15 0)
(1 -2.51122e-15 0)
(1 -1.21696e-15 0)
(1 -8.24937e-16 0)
(1 -1.42923e-15 0)
(1 -2.11606e-15 0)
(1 9.22063e-16 0)
(1 -2.40408e-16 0)
(1 2.52492e-15 0)
(1 -1.76451e-15 0)
(1 -2.01332e-15 0)
(1 -2.98803e-15 0)
(1 -2.6017e-15 0)
(1 -1.29951e-15 0)
(1 -4.22319e-16 0)
(1 -1.24561e-15 0)
(1 -1.99189e-15 0)
(1 -2.87501e-15 0)
(1 1.02328e-15 0)
(1 8.83198e-16 0)
(1 -1.51511e-17 0)
(1 -2.79129e-15 0)
(1 -1.43636e-15 0)
(1 -3.77391e-15 0)
(1 -3.11531e-15 0)
(1 -1.90287e-15 0)
(1 -9.81468e-16 0)
(1 4.23749e-15 0)
(1 1.239e-15 0)
(1 2.65256e-15 0)
(1 2.8417e-15 0)
(1 4.61111e-15 0)
(1 3.41166e-15 0)
(1 3.3742e-15 0)
(1 5.82077e-16 0)
(1 1.13521e-15 0)
(1 1.83854e-15 0)
(1 1.84309e-15 0)
(1 2.48573e-15 0)
(1 4.49455e-15 0)
(1 6.241e-15 0)
(1 5.95833e-15 0)
(1 3.18712e-15 0)
(1 1.23069e-15 0)
(1 9.48782e-17 0)
(1 1.15871e-15 0)
(1 7.88159e-16 0)
(1 2.60047e-15 0)
(1 2.6858e-15 0)
(1 5.79587e-15 0)
(1 1.04608e-15 0)
(1 3.20518e-15 0)
(1 7.57528e-16 0)
(1 1.82533e-15 0)
(1 2.93589e-15 0)
(1 1.37166e-15 0)
(1 3.47262e-15 0)
(1 4.6234e-15 0)
(1 3.60527e-15 0)
(1 1.4903e-15 0)
(1 8.80129e-17 0)
(1 1.50082e-15 0)
(1 2.08955e-15 0)
(1 2.894e-15 0)
(1 -1.23859e-15 0)
(1 -1.27545e-15 0)
(1 -8.87243e-16 0)
(1 -1.45455e-16 0)
(1 -8.85998e-16 0)
(1 -1.02767e-15 0)
(1 -2.5976e-15 0)
(1 -5.85717e-16 0)
(1 5.59358e-16 0)
(1 -5.72812e-16 0)
(1 -1.21161e-15 0)
(1 -5.21661e-16 0)
(1 -1.11754e-15 0)
(1 -2.99005e-16 0)
(1 -1.19806e-15 0)
(1 1.70737e-15 0)
(1 1.68107e-15 0)
(1 3.30945e-15 0)
(1 2.9391e-15 0)
(1 1.90647e-15 0)
(1 6.55099e-16 0)
(1 1.25093e-15 0)
(1 3.7536e-15 0)
(1 1.91842e-15 0)
(1 2.591e-15 0)
(1 -1.3731e-15 0)
(1 -1.73988e-15 0)
(1 -2.99256e-15 0)
(1 1.348e-15 0)
(1 4.01152e-15 0)
(1 1.32567e-15 0)
(1 -8.5968e-16 0)
(1 -8.43026e-16 0)
(1 -2.12521e-15 0)
(1 -3.32334e-15 0)
(1 -3.9065e-15 0)
(1 -4.65913e-15 0)
(1 -1.16891e-15 0)
(1 -2.54315e-15 0)
(1 2.39777e-17 0)
(1 -2.85974e-15 0)
(1 9.21458e-16 0)
(1 -2.12013e-15 0)
(1 5.35558e-15 0)
(1 4.34461e-15 0)
(1 1.87583e-15 0)
(1 -7.32351e-16 0)
(1 -1.57954e-15 0)
(1 -3.18985e-15 0)
(1 -2.39953e-15 0)
(1 -2.15175e-15 0)
(1 -1.23464e-15 0)
(1 -2.24277e-15 0)
(1 -5.46874e-15 0)
(1 -1.60517e-15 0)
(1 -2.19539e-15 0)
(1 -9.64529e-16 0)
(1 -4.54464e-16 0)
(1 -1.34589e-15 0)
(1 -1.49884e-15 0)
(1 1.08571e-15 0)
(1 4.25334e-17 0)
(1 8.5055e-16 0)
(1 3.3342e-15 0)
(1 1.38e-15 0)
(1 3.35663e-15 0)
(1 1.53874e-15 0)
(1 2.17351e-15 0)
(1 1.41798e-15 0)
(1 -2.90471e-17 0)
(1 2.48748e-15 0)
(1 1.89988e-15 0)
(1 1.42e-15 0)
(1 2.02309e-15 0)
(1 3.16189e-15 0)
(1 2.498e-15 0)
(1 5.50527e-15 0)
(1 4.92157e-15 0)
(1 5.26851e-15 0)
(1 4.80845e-15 0)
(1 4.40327e-15 0)
(1 1.67443e-15 0)
(1 1.67531e-15 0)
(1 1.85231e-15 0)
(1 3.7472e-15 0)
(1 3.37465e-15 0)
(1 4.37421e-15 0)
(1 3.87909e-15 0)
(1 3.52363e-15 0)
(1 3.34385e-15 0)
(1 1.83575e-15 0)
(1 5.42329e-15 0)
(1 3.87587e-15 0)
(1 3.8064e-15 0)
(1 2.49828e-15 0)
(1 3.459e-15 0)
(1 2.56078e-15 0)
(1 7.72522e-16 0)
(1 2.38441e-15 0)
(1 2.01266e-16 0)
(1 -3.14942e-16 0)
(1 -6.68489e-16 0)
(1 -1.09462e-15 0)
(1 -1.21372e-15 0)
(1 -2.94706e-15 0)
(1 -5.51708e-15 0)
(1 -4.13677e-15 0)
(1 -3.95366e-15 0)
(1 -2.44652e-15 0)
(1 -2.26632e-15 0)
(1 -5.84528e-16 0)
(1 -1.12973e-16 0)
(1 1.66374e-15 0)
(1 1.49657e-15 0)
(1 3.72509e-15 0)
(1 1.31809e-15 0)
(1 1.1016e-15 0)
(1 2.63791e-15 0)
(1 3.54534e-15 0)
(1 3.06147e-15 0)
(1 -6.00813e-16 0)
(1 -1.47103e-15 0)
(1 1.07447e-15 0)
(1 2.13931e-15 0)
(1 8.06269e-16 0)
(1 2.55362e-15 0)
(1 5.20507e-15 0)
(1 2.14468e-15 0)
(1 4.2779e-16 0)
(1 1.20324e-15 0)
(1 -3.16799e-15 0)
(1 -3.95751e-15 0)
(1 -2.06453e-15 0)
(1 -3.09765e-15 0)
(1 1.03437e-15 0)
(1 5.28437e-16 0)
(1 -3.2057e-15 0)
(1 -4.01539e-15 0)
(1 -3.80165e-15 0)
(1 3.46725e-17 0)
(1 3.42369e-16 0)
(1 3.4981e-15 0)
(1 -3.00292e-15 0)
(1 -3.87205e-16 0)
(1 -3.70495e-15 0)
(1 5.75153e-16 0)
(1 -1.11758e-15 0)
(1 5.15754e-16 0)
(1 -1.70334e-15 0)
(1 -3.06194e-15 0)
(1 -1.00807e-15 0)
(1 -3.16328e-15 0)
(1 9.03445e-16 0)
(1 -1.15968e-15 0)
(1 -1.54331e-15 0)
(1 -5.11414e-17 0)
(1 -2.21421e-15 0)
(1 7.55707e-17 0)
(1 -5.69256e-17 0)
(1 1.63313e-15 0)
(1 9.45793e-16 0)
(1 1.41752e-15 0)
(1 1.68794e-15 0)
(1 -3.6571e-15 0)
(1 -8.27773e-16 0)
(1 -4.03286e-15 0)
(1 1.55668e-15 0)
(1 1.08014e-15 0)
(1 3.23751e-15 0)
(1 1.64894e-15 0)
(1 3.69613e-15 0)
(1 2.82296e-15 0)
(1 3.44903e-15 0)
(1 1.49347e-15 0)
(1 2.52886e-15 0)
(1 3.63989e-15 0)
(1 6.19177e-15 0)
(1 4.01321e-15 0)
(1 4.87048e-15 0)
(1 1.68314e-15 0)
(1 1.03197e-15 0)
(1 -4.3912e-16 0)
(1 2.12121e-15 0)
(1 1.61254e-15 0)
(1 2.96494e-15 0)
(1 1.2348e-15 0)
(1 3.64492e-15 0)
(1 1.54842e-15 0)
(1 4.65632e-15 0)
(1 2.20233e-15 0)
(1 2.16122e-15 0)
(1 4.16777e-15 0)
(1 2.67545e-15 0)
(1 3.29538e-15 0)
(1 2.50655e-15 0)
(1 2.02753e-16 0)
(1 -3.01884e-16 0)
(1 -1.06986e-15 0)
(1 1.65498e-15 0)
(1 -3.37131e-16 0)
(1 4.08295e-18 0)
(1 -1.15685e-15 0)
(1 2.59e-16 0)
(1 5.35843e-17 0)
(1 -1.25956e-15 0)
(1 -3.2798e-15 0)
(1 -4.36657e-15 0)
(1 -5.22566e-15 0)
(1 -3.44229e-15 0)
(1 -9.82774e-16 0)
(1 6.44639e-16 0)
(1 3.53286e-16 0)
(1 1.11806e-15 0)
(1 2.55768e-16 0)
(1 2.66327e-15 0)
(1 1.17992e-15 0)
(1 1.73036e-15 0)
(1 9.10245e-16 0)
(1 5.62458e-16 0)
(1 2.81378e-15 0)
(1 -3.23292e-15 0)
(1 1.5444e-15 0)
(1 -2.75756e-15 0)
(1 1.77238e-15 0)
(1 -3.47563e-16 0)
(1 3.15097e-15 0)
(1 2.35594e-15 0)
(1 7.1102e-15 0)
(1 3.22963e-15 0)
(1 1.29589e-15 0)
(1 -2.51962e-16 0)
(1 -2.73331e-15 0)
(1 -5.12939e-15 0)
(1 -9.99664e-16 0)
(1 9.55672e-16 0)
(1 6.12079e-16 0)
(1 -5.97945e-16 0)
(1 -1.38328e-15 0)
(1 -2.09844e-15 0)
(1 -7.16599e-16 0)
(1 -8.26205e-16 0)
(1 -2.59924e-17 0)
(1 5.42758e-16 0)
(1 -1.50727e-15 0)
(1 -5.4966e-15 0)
(1 -3.91787e-15 0)
(1 -1.56848e-15 0)
(1 -8.12553e-17 0)
(1 8.09452e-16 0)
(1 -3.71776e-15 0)
(1 -3.77369e-15 0)
(1 -6.57565e-15 0)
(1 -2.07723e-15 0)
(1 -9.76487e-16 0)
(1 -6.26138e-16 0)
(1 -2.29992e-15 0)
(1 -1.306e-15 0)
(1 -2.07298e-15 0)
(1 -2.04784e-15 0)
(1 -1.24186e-16 0)
(1 -1.52024e-15 0)
(1 -1.1332e-15 0)
(1 -1.8266e-15 0)
(1 -1.44959e-15 0)
(1 -1.16587e-15 0)
(1 -8.68113e-16 0)
(1 2.36338e-15 0)
(1 1.8737e-15 0)
(1 3.70252e-15 0)
(1 4.34745e-15 0)
(1 1.43967e-15 0)
(1 1.64171e-15 0)
(1 1.25038e-15 0)
(1 3.05917e-15 0)
(1 6.42601e-16 0)
(1 3.31834e-15 0)
(1 1.14086e-15 0)
(1 5.77772e-15 0)
(1 5.76819e-15 0)
(1 5.00113e-15 0)
(1 1.72315e-15 0)
(1 3.82653e-15 0)
(1 4.06222e-15 0)
(1 4.13625e-15 0)
(1 2.02798e-15 0)
(1 3.06029e-15 0)
(1 1.45599e-15 0)
(1 2.19293e-15 0)
(1 3.35998e-15 0)
(1 3.62495e-15 0)
(1 4.55353e-15 0)
(1 3.923e-15 0)
(1 3.38209e-15 0)
(1 3.17314e-15 0)
(1 3.76293e-15 0)
(1 1.45268e-15 0)
(1 -5.35508e-16 0)
(1 6.91228e-16 0)
(1 4.58497e-16 0)
(1 5.6394e-16 0)
(1 2.52567e-16 0)
(1 -1.50734e-15 0)
(1 -1.86069e-15 0)
(1 -6.17499e-16 0)
(1 3.51098e-16 0)
(1 -2.94517e-16 0)
(1 -2.28599e-15 0)
(1 -7.09492e-16 0)
(1 -2.5005e-15 0)
(1 6.78349e-16 0)
(1 -1.40575e-15 0)
(1 -9.04265e-16 0)
(1 4.77937e-16 0)
(1 6.61544e-16 0)
(1 7.76409e-16 0)
(1 2.24264e-15 0)
(1 1.127e-15 0)
(1 2.31345e-16 0)
(1 1.59618e-15 0)
(1 2.40234e-15 0)
(1 8.26282e-16 0)
(1 1.77082e-15 0)
(1 2.92266e-15 0)
(1 -8.42081e-16 0)
(1 3.23809e-16 0)
(1 -8.37568e-16 0)
(1 -2.16297e-15 0)
(1 4.03243e-16 0)
(1 1.62872e-15 0)
(1 1.11721e-15 0)
(1 1.08847e-15 0)
(1 8.07477e-17 0)
(1 -1.5902e-15 0)
(1 -6.47633e-16 0)
(1 -5.14933e-16 0)
(1 -8.64068e-16 0)
(1 -5.64424e-17 0)
(1 2.49876e-15 0)
(1 2.28479e-15 0)
(1 1.30851e-15 0)
(1 -1.53927e-15 0)
(1 -4.07132e-15 0)
(1 -1.35513e-15 0)
(1 -1.51602e-15 0)
(1 9.05971e-17 0)
(1 -1.04641e-15 0)
(1 4.15182e-16 0)
(1 -2.18376e-15 0)
(1 -3.41229e-15 0)
(1 -5.2116e-15 0)
(1 -7.15038e-15 0)
(1 -5.05739e-15 0)
(1 -5.33249e-15 0)
(1 -2.29083e-15 0)
(1 -3.00487e-15 0)
(1 -2.29992e-15 0)
(1 -2.39655e-15 0)
(1 -3.28728e-15 0)
(1 -4.80845e-15 0)
(1 -1.86583e-15 0)
(1 2.85115e-17 0)
(1 3.00673e-16 0)
(1 -5.3994e-16 0)
(1 1.81588e-15 0)
(1 1.08387e-15 0)
(1 3.60401e-15 0)
(1 1.73381e-15 0)
(1 7.87571e-16 0)
(1 8.90418e-16 0)
(1 1.133e-15 0)
(1 1.67258e-15 0)
(1 3.26513e-15 0)
(1 1.91373e-15 0)
(1 4.42946e-15 0)
(1 1.9456e-15 0)
(1 2.27947e-15 0)
(1 3.3928e-16 0)
(1 1.58815e-15 0)
(1 8.06646e-16 0)
(1 2.86893e-15 0)
(1 3.98281e-15 0)
(1 4.09563e-15 0)
(1 4.27228e-15 0)
(1 4.04949e-15 0)
(1 3.28989e-15 0)
(1 1.25044e-15 0)
(1 1.6969e-15 0)
(1 8.66659e-16 0)
(1 1.68275e-15 0)
(1 3.76621e-15 0)
(1 5.1366e-15 0)
(1 3.86525e-15 0)
(1 4.94304e-15 0)
(1 1.39478e-15 0)
(1 1.78314e-15 0)
(1 1.04497e-15 0)
(1 -7.09028e-16 0)
(1 -1.52805e-15 0)
(1 -2.17714e-15 0)
(1 1.52185e-15 0)
(1 1.73464e-15 0)
(1 1.17118e-15 0)
(1 1.2079e-15 0)
(1 -5.80176e-16 0)
(1 -1.46535e-15 0)
(1 -1.237e-16 0)
(1 1.0259e-15 0)
(1 7.22867e-16 0)
(1 -5.17043e-16 0)
(1 -1.39037e-15 0)
(1 -1.22803e-15 0)
(1 -8.37321e-16 0)
(1 6.98976e-17 0)
(1 8.9066e-16 0)
(1 4.60708e-16 0)
(1 -7.22267e-16 0)
(1 7.42954e-16 0)
(1 6.24645e-16 0)
(1 4.21976e-15 0)
(1 3.05966e-15 0)
(1 8.27064e-16 0)
(1 -2.84903e-15 0)
(1 9.00947e-16 0)
(1 -1.6893e-15 0)
(1 6.49365e-16 0)
(1 2.89543e-15 0)
(1 4.74173e-15 0)
(1 3.84896e-15 0)
(1 2.68881e-15 0)
(1 -1.7299e-16 0)
(1 -2.37004e-15 0)
(1 -2.69196e-16 0)
(1 1.90557e-15 0)
(1 -7.59245e-16 0)
(1 -1.40244e-15 0)
(1 -2.37548e-15 0)
(1 7.70751e-16 0)
(1 2.09579e-15 0)
(1 3.23074e-15 0)
(1 -4.66301e-16 0)
(1 -3.23617e-16 0)
(1 -2.15983e-15 0)
(1 -1.95121e-15 0)
(1 -6.0611e-15 0)
(1 -3.00478e-15 0)
(1 -2.72124e-15 0)
(1 -8.27322e-16 0)
(1 -3.2132e-15 0)
(1 -3.34284e-15 0)
(1 -2.77396e-15 0)
(1 -2.79456e-15 0)
(1 -3.39771e-15 0)
(1 -2.97932e-15 0)
(1 -1.24655e-15 0)
(1 -3.01227e-15 0)
(1 -2.55872e-15 0)
(1 -5.41428e-15 0)
(1 -2.99549e-15 0)
(1 -9.51671e-16 0)
(1 -7.36755e-16 0)
(1 6.15958e-16 0)
(1 -2.17808e-17 0)
(1 1.21509e-15 0)
(1 -1.75729e-15 0)
(1 -6.98607e-16 0)
(1 -1.26124e-16 0)
(1 -1.4439e-16 0)
(1 3.10882e-16 0)
(1 1.33377e-16 0)
(1 1.06565e-15 0)
(1 2.79841e-15 0)
(1 3.1686e-15 0)
(1 2.98207e-15 0)
(1 1.63878e-15 0)
(1 3.27739e-15 0)
(1 2.98948e-15 0)
(1 4.7183e-15 0)
(1 7.0499e-16 0)
(1 4.56308e-16 0)
(1 3.10431e-16 0)
(1 2.33279e-15 0)
(1 5.62309e-16 0)
(1 8.95599e-16 0)
(1 9.41857e-16 0)
(1 3.60923e-15 0)
(1 2.95936e-15 0)
(1 2.40116e-15 0)
(1 3.41346e-15 0)
(1 2.16943e-15 0)
(1 3.4167e-15 0)
(1 3.0387e-15 0)
(1 1.6415e-15 0)
(1 2.47734e-15 0)
(1 1.00064e-15 0)
(1 7.79233e-16 0)
(1 5.75142e-16 0)
(1 5.21529e-16 0)
(1 2.85676e-17 0)
(1 -5.46359e-17 0)
(1 5.49155e-16 0)
(1 2.002e-15 0)
(1 1.92037e-15 0)
(1 1.71219e-15 0)
(1 -8.81746e-16 0)
(1 -2.12899e-15 0)
(1 -2.949e-15 0)
(1 -1.68823e-15 0)
(1 -2.66216e-15 0)
(1 -1.36325e-15 0)
(1 -1.87683e-15 0)
(1 1.9572e-17 0)
(1 2.23292e-15 0)
(1 -1.43876e-15 0)
(1 -1.11291e-15 0)
(1 -3.34166e-15 0)
(1 -2.86466e-15 0)
(1 2.5096e-16 0)
(1 1.67501e-15 0)
(1 2.89117e-15 0)
(1 1.33667e-15 0)
(1 -1.18108e-15 0)
(1 -3.83182e-15 0)
(1 -2.14002e-15 0)
(1 -1.5662e-15 0)
(1 9.63721e-16 0)
(1 3.47457e-15 0)
(1 3.83793e-15 0)
(1 4.24311e-15 0)
(1 9.49936e-16 0)
(1 5.41911e-16 0)
(1 2.28455e-15 0)
(1 2.67781e-15 0)
(1 2.25003e-15 0)
(1 5.9271e-16 0)
(1 -5.94197e-16 0)
(1 -1.64855e-15 0)
(1 -1.30818e-15 0)
(1 -5.26176e-16 0)
(1 2.36284e-16 0)
(1 1.94304e-17 0)
(1 7.816e-16 0)
(1 -5.03574e-16 0)
(1 -7.73086e-16 0)
(1 -1.65079e-15 9.7151e-48)
(1 -3.34328e-15 0)
(1 -4.25965e-15 0)
(1 -3.58407e-15 0)
(1 -2.57393e-15 0)
(1 -1.93724e-15 0)
(1 -2.88075e-15 0)
(1 -4.2376e-15 0)
(1 -5.79263e-15 0)
(1 -6.40413e-15 0)
(1 -3.76846e-15 0)
(1 -1.50356e-15 0)
(1 -2.44335e-17 0)
(1 -6.70121e-16 0)
(1 -8.03757e-16 0)
(1 -2.51292e-16 0)
(1 -1.56664e-15 0)
(1 -2.58794e-15 0)
(1 -2.94785e-15 0)
(1 -1.54049e-15 0)
(1 -9.14265e-16 0)
(1 2.32149e-16 -1.29988e-47)
(1 8.31479e-16 0)
(1 5.25044e-16 -1.27328e-47)
(1 1.18729e-15 0)
(1 1.35258e-15 0)
(1 2.9449e-15 0)
(1 1.66916e-15 0)
(1 3.32781e-15 0)
(1 3.30049e-15 0)
(1 3.02594e-15 0)
(1 1.7082e-15 0)
(1 1.76009e-15 0)
(1 -2.38389e-17 0)
(1 1.89773e-15 0)
(1 4.10438e-15 0)
(1 2.33549e-15 0)
(1 1.18041e-15 0)
(1 -1.26436e-15 0)
(1 5.59444e-16 0)
(1 2.31014e-15 0)
(1 4.00193e-15 0)
(1 2.97941e-15 0)
(1 2.12321e-15 0)
(1 3.50541e-15 0)
(1 3.44241e-15 0)
(1 2.37141e-15 4.0924e-48)
(1 1.77693e-15 -3.66085e-48)
(1 -2.23586e-16 -3.44442e-48)
(1 5.87456e-16 3.23894e-48)
(1 1.32365e-15 3.18407e-48)
(1 1.52999e-15 -3.26923e-48)
(1 2.66549e-15 -3.2899e-48)
(1 2.13819e-15 3.04574e-48)
(1 8.36626e-16 2.8364e-48)
(1 -5.86496e-17 -2.62214e-48)
(1 -1.24732e-15 -2.57533e-48)
(1 1.29944e-15 0)
(1 2.37801e-15 0)
(1 3.09234e-16 -3.87044e-48)
(1 -9.71419e-16 0)
(1 -8.96822e-16 -3.89369e-48)
(1 1.33737e-15 2.04773e-48)
(1 -7.28405e-16 -3.95451e-48)
(1 2.48232e-17 0)
(1 -1.59582e-15 -3.41928e-48)
(1 -8.02312e-16 1.78392e-48)
(1 -2.35327e-15 -3.39424e-48)
(1 -1.29826e-15 0)
(1 -1.7295e-15 -2.16692e-48)
(1 -7.6775e-16 0)
(1 -2.05839e-15 0)
(1 8.75805e-16 -1.23058e-48)
(1 4.75901e-16 -1.14993e-48)
(1 1.40367e-15 0)
(1 -1.09885e-15 -5.72928e-49)
(1 -1.72509e-15 -1.31933e-49)
(1 -7.30132e-16 0)
(1 1.09211e-15 0)
(1 -9.58246e-16 0)
(1 1.20601e-15 0)
(1 6.5914e-17 0)
(1 2.34343e-15 0)
(1 1.80367e-15 0)
(1 2.10301e-15 0)
(1 1.31952e-15 0)
(1 1.09155e-15 0)
(1 1.09586e-15 0)
(1 1.32061e-17 0)
(1 -6.74586e-16 0)
(1 -5.11018e-16 0)
(1 -5.99088e-16 0)
(1 1.55702e-15 0)
(1 1.0752e-15 0)
(1 1.1723e-17 0)
(1 8.28698e-16 0)
(1 6.15977e-16 0)
(1 3.86198e-16 0)
(1 5.74409e-16 0)
(1 -1.55721e-15 0)
(1 6.0786e-16 -9.85062e-48)
(1 -2.36144e-15 0)
(1 -3.67605e-15 0)
(1 -7.19011e-15 0)
(1 -3.98776e-15 0)
(1 -1.04012e-15 0)
(1 -4.34198e-16 0)
(1 -1.19012e-15 0)
(1 1.78844e-15 0)
(1 -4.68041e-15 0)
(1 -5.02636e-15 0)
(1 -6.93565e-15 0)
(1 -4.30976e-15 0)
(1 -1.78632e-15 0)
(1 -1.69454e-15 0)
(1 -2.5805e-15 0)
(1 -6.20019e-17 0)
(1 -2.05164e-15 0)
(1 -2.70231e-15 0)
(1 -3.56741e-15 0)
(1 -4.7658e-16 0)
(1 -7.26838e-16 1.30689e-47)
(1 4.01765e-16 0)
(1 1.16262e-15 1.27996e-47)
(1 1.2682e-15 0)
(1 1.78559e-15 0)
(1 2.80366e-15 0)
(1 5.33296e-15 0)
(1 5.09952e-15 0)
(1 4.77677e-15 0)
(1 3.31392e-15 0)
(1 4.04776e-15 0)
(1 8.51594e-16 0)
(1 3.0076e-15 0)
(1 1.77592e-15 0)
(1 1.79818e-15 0)
(1 9.2235e-16 0)
(1 -1.15715e-15 0)
(1 -7.3042e-16 0)
(1 1.86592e-15 0)
(1 2.53463e-15 0)
(1 1.90134e-15 0)
(1 -7.45551e-16 0)
(1 1.32172e-15 0)
(1 -1.56289e-15 0)
(1 1.87843e-15 0)
(1 4.95763e-16 -4.10412e-48)
(1 1.99129e-15 3.67497e-48)
(1 1.92416e-16 3.46129e-48)
(1 7.98816e-17 -3.25836e-48)
(1 -8.97385e-16 -3.2054e-48)
(1 9.56794e-16 3.29146e-48)
(1 1.59909e-15 3.31195e-48)
(1 1.74371e-15 -3.06676e-48)
(1 -7.3958e-16 -2.85608e-48)
(1 4.77511e-16 2.64106e-48)
(1 -5.55292e-16 2.59502e-48)
(1 -1.81286e-15 0)
(1 -2.36695e-15 0)
(1 -1.58335e-15 3.94257e-48)
(1 -9.75391e-17 0)
(1 -1.10968e-15 4.00296e-48)
(1 1.4216e-15 -2.11068e-48)
(1 4.05594e-16 4.09147e-48)
(1 -6.72622e-16 0)
(1 -1.7384e-17 3.55219e-48)
(1 -2.18851e-15 -1.84304e-48)
(1 -1.66829e-15 3.49319e-48)
(1 -4.79686e-15 0)
(1 -1.08839e-15 2.22577e-48)
(1 -1.47911e-15 0)
(1 -2.52416e-17 0)
(1 -1.09864e-15 1.24784e-48)
(1 -1.6357e-15 1.17115e-48)
(1 -7.4695e-16 0)
(1 -5.2666e-16 5.92654e-49)
(1 5.51524e-16 1.39578e-49)
(1 1.84981e-16 0)
(1 4.11188e-15 0)
(1 -8.44424e-16 0)
(1 3.4573e-16 0)
(1 -8.57581e-16 0)
(1 9.88824e-17 0)
(1 -5.84053e-17 0)
(1 6.63974e-17 0)
(1 4.95902e-15 0)
(1 2.90764e-15 0)
(1 1.13635e-15 0)
(1 -8.4624e-16 0)
(1 4.89808e-17 0)
(1 5.48286e-16 0)
(1 1.07522e-15 0)
(1 2.79621e-15 0)
(1 3.87843e-15 0)
(1 -1.00308e-15 0)
(1 -5.66051e-16 0)
(1 -4.17446e-15 0)
(1 -2.1035e-15 0)
(1 1.50687e-16 0)
(1 5.81446e-16 0)
(1 -1.71206e-15 0)
(1 -3.27003e-15 0)
(1 -2.57511e-15 0)
(1 -3.47473e-15 0)
(1 -3.75433e-15 0)
(1 -3.80896e-15 0)
(1 -1.06486e-15 0)
(1 -7.3236e-16 0)
(1 9.62166e-17 0)
(1 -6.30819e-16 0)
(1 -2.91744e-15 0)
(1 -4.3594e-15 0)
(1 -5.09255e-15 0)
(1 -2.65341e-15 0)
(1 -2.409e-15 0)
(1 -5.23197e-16 0)
(1 -2.81622e-15 0)
(1 -3.28719e-15 0)
(1 -2.37e-15 0)
(1 -2.70077e-15 0)
(1 1.52967e-16 0)
(1 1.16745e-16 0)
(1 -5.25454e-16 0)
(1 -6.51438e-16 0)
(1 2.32109e-15 0)
(1 2.77378e-15 0)
(1 2.57326e-15 0)
(1 4.00734e-15 0)
(1 3.07928e-15 0)
(1 2.5804e-15 0)
(1 2.90961e-15 0)
(1 4.06125e-15 0)
(1 3.01584e-15 0)
(1 6.97512e-15 0)
(1 4.8612e-15 0)
(1 8.57602e-16 0)
(1 4.34556e-16 0)
(1 -7.18624e-16 0)
(1 4.0442e-15 0)
(1 -3.44713e-16 0)
(1 1.37471e-15 0)
(1 -2.11093e-15 0)
(1 2.1896e-17 0)
(1 1.11969e-15 0)
(1 -1.35934e-15 0)
(1 -4.17119e-16 0)
(1 2.93898e-16 0)
(1 3.68965e-17 0)
(1 -5.18567e-16 0)
(1 -3.37602e-16 0)
(1 2.7215e-16 0)
(1 2.1296e-15 0)
(1 6.81481e-16 0)
(1 1.54077e-15 0)
(1 1.91334e-15 0)
(1 -2.39459e-16 0)
(1 -2.37322e-15 0)
(1 -3.18047e-15 0)
(1 -3.81536e-15 0)
(1 -1.67055e-15 0)
(1 -1.142e-15 0)
(1 9.6868e-16 0)
(1 -1.77481e-15 0)
(1 -1.83202e-15 0)
(1 -2.27395e-15 0)
(1 -1.35509e-15 0)
(1 -1.62706e-15 0)
(1 -3.49257e-17 0)
(1 -1.71527e-15 0)
(1 -1.49861e-16 0)
(1 -1.41051e-15 0)
(1 -8.64788e-16 0)
(1 -2.91263e-15 0)
(1 -3.12228e-15 0)
(1 -3.26895e-15 0)
(1 -4.19525e-16 0)
(1 6.77549e-16 0)
(1 -6.17322e-16 0)
(1 -1.08788e-16 0)
(1 6.15159e-16 0)
(1 2.68954e-15 0)
(1 3.51707e-15 0)
(1 1.44279e-15 0)
(1 1.35914e-15 0)
(1 -7.55404e-16 0)
(1 8.9616e-17 0)
(1 7.16395e-16 0)
(1 1.88996e-15 0)
(1 -1.33726e-15 0)
(1 2.30606e-15 0)
(1 1.53619e-15 0)
(1 3.96521e-15 0)
(1 1.08902e-15 0)
(1 -1.79321e-16 0)
(1 -2.55352e-15 0)
(1 -2.37312e-15 0)
(1 -6.45732e-18 0)
(1 -8.06006e-16 0)
(1 -1.21773e-15 0)
(1 -1.3808e-15 0)
(1 -7.01805e-17 0)
(1 -4.09696e-17 0)
(1 8.92058e-16 0)
(1 -2.1619e-15 0)
(1 -5.39256e-15 0)
(1 -6.10524e-15 0)
(1 -5.48243e-15 0)
(1 -3.45249e-15 0)
(1 -6.69063e-15 0)
(1 -1.76024e-15 0)
(1 -3.43241e-15 0)
(1 -1.04541e-15 0)
(1 -1.50998e-15 0)
(1 -2.875e-15 0)
(1 -2.94811e-15 0)
(1 -2.16155e-15 0)
(1 -2.3747e-15 0)
(1 -1.85506e-15 0)
(1 -1.72401e-15 0)
(1 -2.57828e-16 0)
(1 -2.498e-16 0)
(1 2.15319e-15 0)
(1 1.61281e-15 0)
(1 1.42577e-15 0)
(1 2.11472e-15 0)
(1 3.47322e-15 0)
(1 6.62581e-16 0)
(1 1.54818e-15 0)
(1 1.21036e-15 0)
(1 2.48982e-15 0)
(1 4.10597e-15 0)
(1 3.06846e-15 0)
(1 4.90927e-15 0)
(1 2.1979e-15 0)
(1 1.35251e-15 0)
(1 -7.02677e-16 0)
(1 1.73769e-15 0)
(1 2.40579e-15 0)
(1 2.8826e-15 0)
(1 9.58914e-17 0)
(1 -3.25378e-17 0)
(1 -6.9404e-17 0)
(1 -5.23165e-16 0)
(1 2.8963e-16 0)
(1 -9.99946e-16 0)
(1 -1.85767e-15 0)
(1 -4.46126e-16 0)
(1 -1.10687e-15 0)
(1 -1.23922e-15 0)
(1 -4.42074e-16 0)
(1 3.12813e-15 0)
(1 1.57927e-15 0)
(1 4.68736e-16 0)
(1 -1.49723e-15 0)
(1 -1.4213e-15 0)
(1 -1.3887e-15 0)
(1 -3.004e-15 0)
(1 -7.00945e-16 0)
(1 4.5274e-16 0)
(1 1.53402e-16 0)
(1 -1.16112e-15 0)
(1 1.12159e-15 0)
(1 -4.89603e-16 0)
(1 -1.78599e-15 0)
(1 -1.23024e-15 0)
(1 -1.81947e-15 0)
(1 -2.1238e-15 0)
(1 -2.52808e-15 0)
(1 -1.5174e-15 0)
(1 -2.10554e-15 0)
(1 -6.53872e-16 0)
(1 -3.04175e-15 0)
(1 -1.31656e-15 0)
(1 -2.95942e-15 0)
(1 -2.73457e-15 0)
(1 -3.299e-15 0)
(1 -1.43346e-15 0)
(1 -6.98896e-16 0)
(1 -1.54549e-15 0)
(1 -5.63611e-16 0)
(1 4.14793e-15 0)
(1 3.07335e-15 0)
(1 7.72483e-16 0)
(1 3.44283e-15 0)
(1 -7.77687e-17 0)
(1 6.10985e-16 0)
(1 -3.89716e-16 0)
(1 2.92853e-16 0)
(1 -1.24417e-15 0)
(1 9.71958e-16 0)
(1 2.8987e-16 0)
(1 1.90337e-15 0)
(1 1.68529e-15 0)
(1 2.22701e-15 0)
(1 3.50621e-15 0)
(1 1.26012e-15 0)
(1 2.07116e-15 0)
(1 -1.15318e-17 0)
(1 -1.51047e-15 0)
(1 -3.57662e-15 0)
(1 -6.95837e-16 0)
(1 -1.13779e-15 0)
(1 -2.19326e-15 0)
(1 -4.07795e-15 0)
(1 -3.76557e-15 0)
(1 -4.7426e-15 0)
(1 -5.46914e-15 0)
(1 -3.07806e-15 0)
(1 -3.48096e-15 0)
(1 -3.31052e-15 0)
(1 -4.78998e-15 0)
(1 -5.64964e-15 0)
(1 -2.37568e-15 0)
(1 -4.04937e-15 0)
(1 -9.5297e-16 0)
(1 -2.94877e-15 0)
(1 2.60865e-15 0)
(1 3.08576e-17 0)
(1 5.00538e-16 0)
(1 -9.29724e-16 0)
(1 -2.17074e-15 0)
(1 -5.98804e-18 0)
(1 1.76895e-15 0)
(1 -5.22344e-16 0)
(1 -2.29952e-15 0)
(1 -8.48352e-16 0)
(1 9.25427e-16 0)
(1 1.85177e-15 0)
(1 3.16782e-15 0)
(1 5.06123e-15 0)
(1 5.09771e-15 0)
(1 4.66331e-15 0)
(1 1.31002e-15 0)
(1 -4.15805e-16 0)
(1 -5.33568e-16 0)
(1 -3.51328e-16 0)
(1 2.85846e-15 0)
(1 2.49094e-15 0)
(1 2.48795e-16 0)
(1 1.47059e-15 0)
(1 2.26682e-16 0)
(1 1.57384e-15 0)
(1 3.80712e-16 0)
(1 6.49437e-16 0)
(1 1.244e-15 0)
(1 1.27368e-15 0)
(1 5.08858e-16 0)
(1 -1.50816e-15 0)
(1 3.87408e-16 0)
(1 -1.1696e-15 0)
(1 -1.49971e-15 0)
(1 -2.99387e-15 0)
(1 -1.7665e-15 0)
(1 -2.7286e-15 0)
(1 -4.20071e-15 0)
(1 -2.67774e-15 0)
(1 -6.57624e-16 0)
(1 -1.64698e-15 0)
(1 -8.91873e-16 0)
(1 -2.61745e-15 0)
(1 -2.43913e-15 0)
(1 -2.23429e-15 0)
(1 -1.32862e-15 0)
(1 -9.18009e-16 0)
(1 -9.40188e-17 0)
(1 -2.37801e-15 0)
(1 -2.79466e-15 0)
(1 -3.24383e-15 0)
(1 -6.98475e-16 0)
(1 -2.72602e-15 0)
(1 -1.27509e-15 0)
(1 -2.41972e-15 0)
(1 -1.67538e-15 0)
(1 -1.22241e-15 0)
(1 5.99229e-16 0)
(1 -7.78783e-16 0)
(1 8.05132e-16 0)
(1 1.78948e-15 0)
(1 3.02116e-15 0)
(1 2.89272e-15 0)
(1 2.45868e-16 0)
(1 -1.05805e-15 0)
(1 -1.26734e-15 0)
(1 -5.15124e-16 0)
(1 5.58726e-16 0)
(1 2.02599e-15 0)
(1 -2.08663e-16 0)
(1 -1.6898e-15 0)
(1 1.40372e-15 0)
(1 -4.49485e-16 0)
(1 5.3419e-16 0)
(1 1.08376e-15 0)
(1 2.82757e-15 0)
(1 3.85609e-15 0)
(1 3.09772e-15 0)
(1 -2.0922e-16 0)
(1 -1.74989e-15 0)
(1 -1.17256e-15 0)
(1 -1.39058e-15 0)
(1 -1.78737e-15 0)
(1 -2.83352e-15 0)
(1 -1.46664e-15 0)
(1 -1.73309e-15 0)
(1 1.49691e-15 0)
(1 -8.35273e-17 0)
(1 -3.6829e-15 0)
(1 -6.69998e-15 0)
(1 -6.90112e-15 0)
(1 -1.05193e-15 0)
(1 9.15316e-16 0)
(1 1.58981e-15 0)
(1 -2.68807e-15 0)
(1 -4.97423e-15 0)
(1 -3.29451e-15 0)
(1 -4.38981e-15 0)
(1 -4.53589e-15 0)
(1 -6.70133e-15 0)
(1 -2.88104e-15 0)
(1 -2.27888e-15 0)
(1 1.11986e-16 0)
(1 1.01458e-15 0)
(1 9.65148e-16 0)
(1 1.95785e-16 0)
(1 -1.03731e-15 0)
(1 -9.42832e-16 0)
(1 -1.69506e-16 0)
(1 1.69777e-15 0)
(1 3.07303e-16 0)
(1 1.85359e-15 0)
(1 3.68582e-15 0)
(1 3.01222e-15 0)
(1 2.759e-15 0)
(1 7.61289e-16 0)
(1 -1.12124e-16 0)
(1 2.70574e-15 0)
(1 3.96731e-15 0)
(1 3.01611e-15 0)
(1 2.7365e-15 0)
(1 2.6726e-15 0)
(1 1.14957e-15 0)
(1 3.97722e-16 0)
(1 5.45e-16 0)
(1 3.101e-15 0)
(1 2.04661e-15 0)
(1 2.47425e-15 0)
(1 3.17527e-15 0)
(1 -1.35691e-15 0)
(1 3.05678e-16 0)
(1 6.61441e-16 0)
(1 1.27854e-15 0)
(1 -1.32024e-15 0)
(1 -1.28414e-15 0)
(1 -2.14329e-15 0)
(1 -1.91603e-15 0)
(1 -1.77428e-15 0)
(1 -3.75949e-15 0)
(1 -1.74658e-15 0)
(1 -1.79651e-15 0)
(1 -7.67037e-16 0)
(1 -2.34752e-15 0)
(1 -7.29509e-16 0)
(1 -2.60487e-15 0)
(1 -6.34342e-16 0)
(1 3.54524e-16 0)
(1 -8.15732e-16 0)
(1 -1.98243e-15 0)
(1 -1.46548e-15 0)
(1 -3.89677e-15 0)
(1 -2.16902e-15 0)
(1 -2.7081e-15 0)
(1 -1.81604e-15 0)
(1 -1.00736e-15 0)
(1 -2.19214e-16 0)
(1 -2.87501e-16 0)
(1 -5.48079e-16 0)
(1 -6.53915e-16 0)
(1 -1.54791e-15 0)
(1 1.68359e-15 0)
(1 8.77158e-16 0)
(1 3.33817e-15 0)
(1 -2.7356e-15 0)
(1 -1.87284e-15 0)
(1 -1.83938e-15 0)
(1 2.3356e-15 0)
(1 3.70868e-15 0)
(1 2.01758e-15 0)
(1 -9.91866e-16 0)
(1 1.8829e-15 0)
(1 1.05224e-15 0)
(1 8.06252e-16 0)
(1 4.01408e-16 0)
(1 9.20446e-16 0)
(1 2.30353e-15 0)
(1 3.33698e-15 0)
(1 1.73584e-15 0)
(1 -1.11154e-15 0)
(1 -1.1058e-15 0)
(1 1.13729e-15 0)
(1 -3.51947e-16 0)
(1 -9.11471e-16 0)
(1 -3.7174e-15 0)
(1 -4.24138e-15 0)
(1 -5.31628e-15 0)
(1 -2.16374e-15 0)
(1 -4.02598e-15 0)
(1 -4.25787e-15 0)
(1 -6.06342e-15 0)
(1 -3.44182e-15 0)
(1 -1.47271e-15 0)
(1 -6.37422e-16 0)
(1 -9.61899e-16 0)
(1 -3.15851e-16 0)
(1 -4.26152e-15 0)
(1 -1.60724e-15 0)
(1 -3.56037e-15 0)
(1 -8.69853e-16 0)
(1 -5.98869e-15 0)
(1 -9.96689e-16 0)
(1 -1.27359e-15 0)
(1 1.15207e-15 0)
(1 6.37375e-16 0)
(1 2.21778e-16 0)
(1 -1.19088e-15 0)
(1 1.15679e-15 0)
(1 -8.99209e-16 0)
(1 -9.1719e-16 0)
(1 -6.16849e-16 0)
(1 3.98059e-16 0)
(1 6.33884e-16 0)
(1 2.71522e-15 0)
(1 1.61221e-15 0)
(1 1.10074e-15 0)
(1 2.12845e-15 0)
(1 3.18159e-16 0)
(1 1.11406e-15 0)
(1 3.98987e-15 0)
(1 3.09348e-15 0)
(1 2.10582e-15 0)
(1 2.401e-15 0)
(1 1.31391e-15 0)
(1 1.96659e-15 0)
(1 1.47407e-15 0)
(1 2.93499e-15 0)
(1 -6.57048e-16 0)
(1 5.65866e-16 0)
(1 -9.34009e-16 0)
(1 -1.10192e-15 0)
(1 4.15574e-16 0)
(1 -8.13665e-16 0)
(1 -7.95906e-16 0)
(1 -8.21732e-16 0)
(1 -9.90324e-16 0)
(1 -2.74602e-15 0)
(1 -4.32654e-15 0)
(1 -3.32272e-15 0)
(1 -1.88951e-15 0)
(1 -2.66463e-15 0)
(1 -1.4463e-15 0)
(1 -3.48979e-16 0)
(1 -1.52451e-16 0)
(1 -4.64294e-16 0)
(1 -1.79885e-15 0)
(1 -1.57985e-15 0)
(1 -2.46454e-15 0)
(1 -4.13025e-15 0)
(1 -9.23381e-16 0)
(1 1.90673e-16 0)
(1 -1.74245e-15 0)
(1 -2.46181e-15 0)
(1 -2.54208e-15 0)
(1 -1.73541e-15 0)
(1 -1.43614e-15 0)
(1 -1.83447e-17 0)
(1 -1.60387e-15 0)
(1 -1.62055e-15 0)
(1 -2.66933e-15 0)
(1 -2.22979e-15 0)
(1 -5.23446e-16 0)
(1 3.32704e-16 0)
(1 1.82413e-16 0)
(1 3.5366e-16 0)
(1 1.07158e-16 0)
(1 -1.66148e-15 0)
(1 2.58567e-16 0)
(1 7.34006e-16 0)
(1 2.74523e-16 0)
(1 4.09558e-15 0)
(1 2.06479e-15 0)
(1 2.31293e-15 0)
(1 1.24006e-15 0)
(1 2.94366e-15 0)
(1 2.83586e-15 0)
(1 1.94332e-15 0)
(1 -7.74051e-16 0)
(1 -1.93802e-15 0)
(1 1.14282e-15 0)
(1 -1.19422e-15 0)
(1 -1.0548e-15 0)
(1 -2.95844e-15 0)
(1 -1.0071e-15 0)
(1 -3.74161e-15 0)
(1 -4.05968e-15 0)
(1 -3.99732e-15 0)
(1 -3.34161e-15 0)
(1 -3.37079e-15 0)
(1 -2.01644e-15 0)
(1 -2.50002e-16 0)
(1 4.64099e-16 0)
(1 -2.28459e-15 0)
(1 -4.5682e-15 0)
(1 -4.2994e-15 0)
(1 -1.26175e-15 0)
(1 -2.08342e-15 0)
(1 -3.04506e-15 0)
(1 -2.28097e-15 0)
(1 -1.54466e-15 0)
(1 6.98997e-16 0)
(1 1.04294e-15 0)
(1 1.56676e-15 0)
(1 -1.92667e-16 0)
(1 -1.55384e-15 0)
(1 -8.43447e-16 0)
(1 -1.08212e-15 0)
(1 -5.09229e-16 0)
(1 -2.37428e-15 0)
(1 -1.46968e-15 0)
(1 1.68293e-15 0)
(1 2.69241e-15 0)
(1 1.5624e-15 0)
(1 1.81486e-15 0)
(1 1.68852e-15 0)
(1 2.43294e-15 0)
(1 3.12213e-15 0)
(1 3.68845e-15 0)
(1 9.53673e-16 0)
(1 3.44041e-15 0)
(1 2.76163e-15 0)
(1 2.72716e-15 0)
(1 2.5569e-15 0)
(1 1.34863e-15 0)
(1 2.26674e-15 0)
(1 4.71135e-16 0)
(1 2.01891e-15 0)
(1 1.50622e-15 0)
(1 4.7323e-15 0)
(1 1.77711e-15 0)
(1 2.8205e-15 0)
(1 -1.07822e-15 0)
(1 -4.50608e-16 0)
(1 -2.22801e-15 0)
(1 -2.84712e-15 0)
(1 -3.87231e-15 0)
(1 -3.72283e-15 0)
(1 -2.90434e-15 0)
(1 -3.57312e-15 0)
(1 -2.48275e-15 0)
(1 -1.52286e-15 0)
(1 -8.70549e-16 0)
(1 -5.56786e-16 0)
(1 9.2624e-16 0)
(1 -2.35247e-15 0)
(1 -9.06651e-16 0)
(1 -2.09524e-15 0)
(1 -3.64836e-15 0)
(1 -2.34833e-15 0)
(1 -9.20677e-16 0)
(1 -1.71899e-15 0)
(1 -1.45923e-15 0)
(1 -2.36953e-16 0)
(1 6.74008e-16 0)
(1 -4.0106e-16 0)
(1 1.49269e-16 0)
(1 -1.91094e-15 0)
(1 -8.31778e-16 0)
(1 -1.24185e-15 0)
(1 -4.55297e-17 0)
(1 2.3447e-15 0)
(1 6.07921e-17 0)
(1 2.0449e-15 0)
(1 3.98548e-16 0)
(1 1.24441e-15 0)
(1 3.25906e-15 0)
(1 1.38683e-15 0)
(1 -2.0149e-15 0)
(1 -1.53997e-15 0)
(1 -1.20427e-15 0)
(1 3.94478e-15 0)
(1 -1.25774e-15 0)
(1 9.15548e-16 0)
(1 -2.61323e-16 0)
(1 1.72713e-15 0)
(1 3.01328e-15 0)
(1 2.08626e-15 0)
(1 -9.1599e-16 0)
(1 -1.85554e-15 0)
(1 1.00739e-15 0)
(1 -8.88417e-17 0)
(1 -1.98092e-15 0)
(1 -3.23477e-15 0)
(1 -1.90758e-15 0)
(1 -7.43612e-16 0)
(1 2.70811e-15 0)
(1 2.16012e-15 0)
(1 -9.78257e-16 0)
(1 -3.42214e-15 0)
(1 -4.7525e-15 0)
(1 2.7636e-16 0)
(1 -1.83469e-15 0)
(1 -3.53407e-15 0)
(1 -4.15545e-15 0)
(1 -3.31949e-15 0)
(1 -3.40487e-15 0)
(1 -2.35756e-15 0)
(1 -2.61386e-15 0)
(1 -2.98306e-15 0)
(1 -2.72898e-15 0)
(1 -2.22182e-16 0)
(1 -2.18602e-16 0)
(1 -2.57557e-16 0)
(1 -5.87514e-16 0)
(1 -1.22337e-15 0)
(1 -5.64074e-16 0)
(1 5.43284e-16 0)
(1 -4.20567e-17 0)
(1 1.11221e-15 0)
(1 1.31234e-15 0)
(1 1.97679e-15 0)
(1 1.35705e-15 0)
(1 1.96577e-16 0)
(1 2.39909e-17 0)
(1 -5.35717e-16 0)
(1 2.47902e-15 0)
(1 3.90433e-15 0)
(1 4.76106e-15 0)
(1 2.99325e-15 0)
(1 2.55028e-15 0)
(1 2.48285e-15 0)
(1 4.48459e-15 0)
(1 3.68681e-15 0)
(1 2.86501e-15 0)
(1 1.96227e-15 0)
(1 6.93103e-16 0)
(1 -6.85894e-17 0)
(1 2.68057e-15 0)
(1 2.34436e-15 0)
(1 1.53143e-15 0)
(1 7.07799e-17 0)
(1 -1.05078e-15 0)
(1 -8.85832e-16 0)
(1 -2.06643e-15 0)
(1 -2.07299e-15 0)
(1 -3.00322e-15 0)
(1 -1.05918e-15 0)
(1 -3.31385e-16 0)
(1 -1.56061e-18 0)
(1 -1.20008e-15 0)
(1 -1.48749e-15 0)
(1 -1.61121e-15 0)
(1 -2.88999e-15 0)
(1 -1.8559e-15 0)
(1 -1.69152e-15 0)
(1 -1.96017e-15 0)
(1 -4.47764e-15 0)
(1 -2.59671e-15 0)
(1 -2.44695e-15 0)
(1 -3.46507e-15 0)
(1 -5.08653e-15 0)
(1 -3.2598e-15 0)
(1 -1.57027e-15 0)
(1 6.11197e-16 0)
(1 -2.75051e-16 0)
(1 2.54559e-15 0)
(1 7.02685e-16 0)
(1 9.13252e-16 0)
(1 -3.07078e-16 0)
(1 1.77625e-15 0)
(1 1.74964e-15 0)
(1 1.06552e-15 0)
(1 1.92407e-16 0)
(1 1.24045e-15 0)
(1 -7.88783e-17 0)
(1 -4.20768e-16 0)
(1 2.38814e-16 0)
(1 -1.4102e-15 0)
(1 1.64142e-15 0)
(1 -8.16423e-16 0)
(1 7.5055e-16 0)
(1 1.07014e-15 0)
(1 4.22304e-15 0)
(1 2.2821e-15 0)
(1 2.69524e-15 0)
(1 -1.50587e-15 0)
(1 -1.43792e-16 0)
(1 -1.57735e-15 0)
(1 8.67185e-16 0)
(1 -2.01004e-15 0)
(1 1.13003e-15 0)
(1 -2.425e-15 0)
(1 -2.19497e-15 0)
(1 -2.20006e-15 0)
(1 6.05758e-16 0)
(1 -1.44123e-15 0)
(1 -7.16629e-16 0)
(1 -2.08415e-15 0)
(1 -1.63157e-15 0)
(1 -1.26804e-15 0)
(1 6.21873e-16 0)
(1 5.91246e-16 0)
(1 -2.05832e-15 0)
(1 -2.65575e-15 0)
(1 -5.76686e-15 0)
(1 -5.4165e-15 0)
(1 -3.02572e-15 0)
(1 -1.1358e-15 0)
(1 4.72336e-16 0)
(1 -1.07634e-17 0)
(1 -2.45221e-16 0)
(1 -7.1948e-16 0)
(1 -8.10786e-16 0)
(1 1.26081e-15 0)
(1 -4.96232e-16 0)
(1 -6.87953e-16 0)
(1 -1.92048e-15 0)
(1 -1.87267e-15 0)
(1 4.45105e-16 0)
(1 7.92689e-16 0)
(1 9.69661e-16 0)
(1 8.93622e-16 0)
(1 2.04567e-15 0)
(1 8.38193e-16 0)
(1 9.972e-16 0)
(1 3.74767e-16 0)
(1 1.9155e-15 0)
(1 2.40234e-15 0)
(1 4.95283e-15 0)
(1 3.38305e-15 0)
(1 2.38331e-15 0)
(1 4.12369e-15 0)
(1 1.07456e-15 0)
(1 3.22921e-15 0)
(1 2.35612e-15 0)
(1 2.97087e-15 0)
(1 2.10934e-15 0)
(1 5.94485e-16 0)
(1 -1.85031e-16 0)
(1 2.4292e-16 0)
(1 -1.00849e-15 0)
(1 -2.52184e-15 0)
(1 -3.85894e-15 0)
(1 -2.55006e-15 0)
(1 -2.21492e-15 0)
(1 -1.87703e-15 0)
(1 -2.18859e-15 0)
(1 4.63198e-16 0)
(1 1.16928e-15 0)
(1 -6.04904e-16 0)
(1 -2.0727e-15 0)
(1 -3.06304e-15 0)
(1 -3.29126e-15 0)
(1 -3.06478e-15 0)
(1 -5.93683e-16 0)
(1 -1.8268e-15 0)
(1 -3.16372e-15 0)
(1 -9.66808e-16 0)
(1 -1.20985e-15 0)
(1 -2.19051e-15 0)
(1 -1.9591e-15 0)
(1 1.98982e-16 0)
(1 -9.54989e-16 0)
(1 6.06562e-16 0)
(1 -6.69275e-17 0)
(1 -1.92353e-16 0)
(1 -1.8247e-15 0)
(1 -1.67308e-15 0)
(1 -8.78242e-17 0)
(1 -1.1438e-15 0)
(1 -2.64175e-15 0)
(1 5.16594e-16 0)
(1 -2.19668e-16 0)
(1 1.51806e-15 0)
(1 1.16868e-15 0)
(1 -2.18633e-16 0)
(1 8.31299e-16 0)
(1 -1.22842e-15 0)
(1 -1.86189e-15 0)
(1 -2.0939e-15 0)
(1 -5.62789e-16 0)
(1 2.96734e-15 0)
(1 5.616e-15 0)
(1 4.84447e-15 0)
(1 3.83442e-15 0)
(1 3.59892e-16 0)
(1 -1.10442e-15 0)
(1 -9.76129e-16 0)
(1 -3.0307e-16 0)
(1 1.1789e-15 0)
(1 -3.80007e-17 0)
(1 -1.68241e-15 0)
(1 -2.14096e-15 0)
(1 -2.31566e-15 0)
(1 -1.85699e-15 0)
(1 -4.2017e-15 0)
(1 -1.13612e-15 0)
(1 7.06282e-16 0)
(1 1.05395e-15 0)
(1 1.42981e-15 0)
(1 -4.08552e-15 0)
(1 -4.41884e-15 0)
(1 -3.21292e-15 0)
(1 -2.1592e-15 0)
(1 -2.15511e-15 0)
(1 -1.1606e-15 0)
(1 -1.07326e-15 0)
(1 -1.60868e-15 0)
(1 -1.09142e-15 0)
(1 -2.82132e-15 0)
(1 -2.37171e-15 0)
(1 -1.77701e-15 0)
(1 -1.52769e-15 0)
(1 7.52765e-16 0)
(1 3.15554e-15 0)
(1 9.05669e-16 0)
(1 1.29837e-16 0)
(1 -1.16477e-15 0)
(1 -7.79191e-16 0)
(1 1.67152e-15 0)
(1 1.85685e-15 0)
(1 2.03508e-15 0)
(1 1.01763e-15 0)
(1 1.30056e-16 0)
(1 2.16398e-15 0)
(1 1.61643e-16 0)
(1 2.30166e-15 0)
(1 2.29091e-15 0)
(1 5.12693e-15 0)
(1 3.67707e-15 0)
(1 4.38325e-15 0)
(1 3.11568e-15 0)
(1 2.50067e-15 0)
(1 1.91661e-15 0)
(1 1.00926e-15 0)
(1 3.63658e-17 0)
(1 2.62512e-16 0)
(1 -6.15405e-16 0)
(1 -1.11446e-15 0)
(1 -2.11663e-15 0)
(1 -2.89443e-15 0)
(1 -2.89542e-15 0)
(1 -1.32301e-15 0)
(1 -1.8052e-15 0)
(1 -1.25365e-15 0)
(1 -1.55141e-15 0)
(1 -1.37786e-15 0)
(1 -2.42925e-16 0)
(1 -1.30907e-15 0)
(1 -7.25823e-16 0)
(1 -3.28529e-15 0)
(1 -4.27123e-15 0)
(1 -3.0086e-15 0)
(1 -6.55964e-16 0)
(1 -1.51702e-15 0)
(1 -1.87687e-15 0)
(1 -1.78126e-15 0)
(1 -1.90377e-15 0)
(1 -1.61713e-15 0)
(1 -1.51524e-15 0)
(1 -2.32594e-16 0)
(1 8.42418e-16 0)
(1 -2.67231e-16 0)
(1 -1.20886e-16 0)
(1 -7.30951e-16 0)
(1 -3.89391e-15 0)
(1 -2.81349e-15 0)
(1 -2.58691e-15 0)
(1 -1.51402e-15 0)
(1 -2.63851e-15 0)
(1 -3.3761e-15 0)
(1 2.07053e-15 0)
(1 -4.97704e-16 0)
(1 3.83708e-16 0)
(1 6.59729e-16 0)
(1 -6.57977e-16 0)
(1 -4.82739e-16 0)
(1 -2.2924e-17 0)
(1 -4.99568e-15 0)
(1 -3.68399e-15 0)
(1 -6.1232e-15 0)
(1 1.02425e-15 0)
(1 3.8989e-17 0)
(1 4.343e-15 0)
(1 2.05491e-15 0)
(1 4.33583e-15 0)
(1 2.52445e-15 0)
(1 2.50159e-15 0)
(1 2.14769e-15 0)
(1 5.11937e-16 0)
(1 -1.02233e-15 0)
(1 -5.4913e-16 0)
(1 -1.23377e-15 0)
(1 -3.23201e-15 0)
(1 -2.0303e-15 0)
(1 -2.24767e-16 0)
(1 -1.9019e-15 0)
(1 -8.28665e-16 0)
(1 4.31119e-16 0)
(1 -2.32006e-15 0)
(1 -4.13364e-15 0)
(1 -5.4272e-15 0)
(1 -1.81499e-15 0)
(1 -3.17903e-16 0)
(1 1.66727e-15 0)
(1 -1.85953e-16 0)
(1 -8.12858e-16 0)
(1 4.23853e-16 0)
(1 9.92272e-16 0)
(1 -1.82022e-15 0)
(1 -1.62638e-15 0)
(1 -1.51512e-15 0)
(1 -7.28702e-16 0)
(1 -2.42114e-15 0)
(1 5.12258e-16 0)
(1 -1.97773e-15 0)
(1 3.25146e-16 0)
(1 6.71386e-16 0)
(1 1.50282e-15 0)
(1 1.75962e-15 0)
(1 1.11546e-15 0)
(1 1.22572e-15 0)
(1 3.34971e-16 0)
(1 1.93594e-15 0)
(1 1.84127e-16 0)
(1 1.76071e-15 0)
(1 3.93111e-16 0)
(1 1.98357e-15 0)
(1 1.19391e-15 0)
(1 2.18436e-16 0)
(1 2.17207e-15 0)
(1 2.8229e-16 0)
(1 3.55363e-15 0)
(1 3.22867e-15 0)
(1 3.62207e-15 0)
(1 2.44648e-15 0)
(1 7.56827e-16 0)
(1 -1.54387e-15 0)
(1 -4.92887e-15 0)
(1 -6.74621e-15 0)
(1 -6.04212e-15 0)
(1 -2.85193e-15 0)
(1 -1.71229e-15 0)
(1 -6.62018e-16 0)
(1 1.91987e-15 0)
(1 2.4461e-15 0)
(1 2.36585e-15 0)
(1 -2.01105e-15 0)
(1 -2.64065e-15 0)
(1 -2.32764e-15 0)
(1 -1.58146e-15 0)
(1 -2.20625e-15 0)
(1 -2.68993e-15 0)
(1 -2.33251e-15 0)
(1 -5.20199e-15 0)
(1 -3.54014e-15 0)
(1 -1.1258e-15 0)
(1 -1.16437e-15 0)
(1 -1.135e-15 0)
(1 1.33766e-16 0)
(1 9.67111e-16 0)
(1 -4.44756e-16 0)
(1 4.81082e-16 0)
(1 -1.5961e-15 0)
(1 -5.72186e-16 0)
(1 -2.57041e-15 0)
(1 -6.42638e-16 0)
(1 -3.03487e-15 0)
(1 -3.5971e-15 0)
(1 -5.13239e-15 0)
(1 -4.68854e-15 0)
(1 7.44676e-16 0)
(1 8.7918e-17 0)
(1 2.28744e-15 0)
(1 2.53731e-16 0)
(1 1.54391e-15 0)
(1 -1.60376e-15 0)
(1 -1.32239e-15 0)
(1 -5.2469e-15 0)
(1 -1.44364e-15 0)
(1 5.63943e-16 0)
(1 -2.61306e-16 0)
(1 1.66338e-15 0)
(1 2.32588e-15 0)
(1 2.92857e-15 0)
(1 2.00305e-15 0)
(1 2.19207e-15 0)
(1 -2.26318e-15 0)
(1 1.28139e-15 0)
(1 -3.92693e-16 0)
(1 2.41706e-15 0)
(1 2.84354e-15 0)
(1 3.19568e-15 0)
(1 8.68066e-16 0)
(1 -1.56332e-15 0)
(1 -3.84872e-15 0)
(1 -4.4818e-15 0)
(1 -6.7782e-15 0)
(1 -1.45622e-15 0)
(1 -1.72608e-15 0)
(1 -1.6273e-16 0)
(1 -2.32954e-15 0)
(1 -1.07927e-15 0)
(1 5.93018e-16 0)
(1 4.08419e-16 0)
(1 6.21576e-16 0)
(1 -1.12496e-15 0)
(1 -1.43606e-15 0)
(1 -2.36427e-16 0)
(1 -4.31994e-16 0)
(1 8.66529e-16 0)
(1 -5.39877e-16 0)
(1 -7.76573e-16 0)
(1 -3.11503e-15 0)
(1 -4.28573e-15 0)
(1 -2.1301e-15 0)
(1 -2.26445e-15 0)
(1 -4.4605e-16 0)
(1 7.47988e-16 0)
(1 5.13178e-17 0)
(1 7.08342e-16 0)
(1 -2.83037e-16 0)
(1 3.77949e-15 0)
(1 3.40152e-15 0)
(1 2.54736e-15 0)
(1 1.31795e-15 0)
(1 6.65931e-16 0)
(1 1.14172e-15 0)
(1 -1.57657e-16 0)
(1 2.48221e-15 0)
(1 6.07602e-16 0)
(1 1.6834e-15 0)
(1 2.14321e-15 0)
(1 4.09119e-15 0)
(1 4.76589e-16 0)
(1 2.10586e-15 0)
(1 2.66922e-15 0)
(1 8.13428e-16 0)
(1 -1.27474e-15 0)
(1 -5.16199e-15 0)
(1 -3.59667e-15 0)
(1 -4.48204e-15 0)
(1 -4.18666e-15 0)
(1 -1.3916e-16 0)
(1 5.81184e-16 0)
(1 1.26989e-15 0)
(1 -1.16166e-16 0)
(1 -2.37832e-15 0)
(1 -3.96341e-16 0)
(1 -1.9188e-15 0)
(1 -3.09999e-16 0)
(1 4.11559e-16 0)
(1 -1.25947e-15 0)
(1 -2.79654e-15 0)
(1 -2.77776e-15 0)
(1 -1.55528e-15 0)
(1 -5.72844e-16 0)
(1 -2.05474e-15 0)
(1 -1.70409e-15 0)
(1 -1.0879e-15 0)
(1 6.48294e-16 0)
(1 -1.45219e-15 0)
(1 -1.24866e-15 0)
(1 -1.94313e-15 0)
(1 -6.41399e-16 0)
(1 -2.30526e-15 0)
(1 -2.81503e-15 0)
(1 -4.42043e-15 0)
(1 -4.09506e-15 0)
(1 -5.63167e-15 0)
(1 -4.21129e-15 0)
(1 -1.3897e-15 0)
(1 -1.18075e-16 0)
(1 1.1867e-15 0)
(1 8.14755e-16 0)
(1 2.15602e-15 0)
(1 4.73182e-16 0)
(1 5.07971e-16 0)
(1 -3.36551e-15 0)
(1 -2.07386e-16 0)
(1 3.67185e-16 0)
(1 6.34429e-18 0)
(1 1.77828e-17 0)
(1 -4.47864e-16 0)
(1 -3.87561e-16 0)
(1 -1.55964e-15 0)
(1 -7.99214e-16 0)
(1 -5.07497e-16 0)
(1 3.03876e-15 0)
(1 2.7167e-15 0)
(1 2.96738e-15 0)
(1 3.75601e-15 0)
(1 3.78852e-15 0)
(1 2.07385e-15 0)
(1 -2.5897e-15 0)
(1 -3.05308e-15 0)
(1 -2.59761e-15 0)
(1 -3.21663e-15 0)
(1 -2.44776e-15 0)
(1 -2.09844e-15 0)
(1 -3.08388e-16 0)
(1 6.15978e-16 0)
(1 -8.92396e-16 0)
(1 -3.72417e-15 0)
(1 -3.37665e-15 0)
(1 -7.99339e-16 0)
(1 -1.26173e-15 0)
(1 -5.85374e-16 0)
(1 -2.47393e-15 0)
(1 1.46627e-15 0)
(1 -3.86901e-16 0)
(1 -2.18357e-15 0)
(1 -2.94571e-15 0)
(1 -2.16756e-15 0)
(1 -1.86156e-15 0)
(1 -2.43767e-15 0)
(1 -1.69657e-16 0)
(1 8.80158e-16 0)
(1 1.80152e-15 0)
(1 2.27482e-15 0)
(1 9.84507e-16 0)
(1 2.50015e-15 0)
(1 1.95449e-15 0)
(1 9.10321e-16 0)
(1 9.77059e-16 0)
(1 8.62091e-16 0)
(1 1.73075e-15 0)
(1 1.34586e-15 0)
(1 9.01355e-16 0)
(1 4.88381e-15 0)
(1 4.14111e-15 0)
(1 3.99167e-15 0)
(1 2.73221e-15 0)
(1 1.03952e-15 0)
(1 -1.55055e-15 0)
(1 -1.53833e-17 0)
(1 8.79187e-17 0)
(1 2.27287e-15 0)
(1 1.28148e-15 0)
(1 8.1872e-17 0)
(1 -5.71716e-16 0)
(1 -2.10256e-15 0)
(1 -1.68295e-15 0)
(1 -1.14125e-16 0)
(1 -1.99101e-15 0)
(1 -1.1488e-16 0)
(1 -1.34142e-18 0)
(1 -1.31347e-16 0)
(1 1.11273e-16 0)
(1 -1.12312e-15 0)
(1 -8.89373e-16 0)
(1 -4.01615e-16 0)
(1 1.08055e-15 0)
(1 -1.19089e-15 0)
(1 -9.28001e-16 0)
(1 -1.75401e-15 0)
(1 -2.65032e-15 0)
(1 -3.11369e-15 0)
(1 -2.01316e-15 0)
(1 -2.35653e-15 0)
(1 7.04823e-16 0)
(1 -4.34886e-16 0)
(1 -2.13208e-16 0)
(1 -1.72403e-15 0)
(1 -1.51427e-15 0)
(1 -2.3845e-15 0)
(1 -1.73203e-15 0)
(1 -1.44833e-15 0)
(1 -2.97823e-16 0)
(1 -1.22114e-15 0)
(1 -8.6828e-16 0)
(1 -3.01164e-16 0)
(1 9.24854e-16 0)
(1 -5.41893e-16 0)
(1 1.81253e-15 0)
(1 -7.02696e-16 0)
(1 7.95746e-16 0)
(1 -8.83817e-16 0)
(1 2.50703e-15 0)
(1 -8.92351e-16 0)
(1 -3.32183e-15 0)
(1 -1.76511e-15 0)
(1 -4.37027e-15 0)
(1 -1.53474e-15 0)
(1 -5.53887e-16 0)
(1 6.11431e-16 0)
(1 1.72795e-15 0)
(1 5.52159e-15 0)
(1 1.95214e-15 0)
(1 4.32718e-16 0)
(1 6.40781e-16 0)
(1 -1.29873e-15 0)
(1 -1.00578e-15 0)
(1 -3.39449e-15 0)
(1 -7.2344e-16 0)
(1 1.73403e-15 0)
(1 -6.35288e-16 0)
(1 -3.94812e-16 0)
(1 -2.53879e-15 0)
(1 -1.80582e-15 0)
(1 1.17582e-16 0)
(1 -2.14936e-16 0)
(1 -5.93915e-17 0)
(1 -3.42914e-15 0)
(1 -3.3337e-15 0)
(1 -3.62584e-15 0)
(1 -1.1403e-15 0)
(1 7.12787e-16 0)
(1 1.2828e-15 0)
(1 1.93164e-15 0)
(1 -2.78995e-18 0)
(1 -1.72641e-15 0)
(1 -2.12266e-15 0)
(1 -2.3071e-15 0)
(1 -1.73512e-15 0)
(1 -2.1079e-15 0)
(1 -6.15918e-16 0)
(1 1.19368e-15 0)
(1 2.02551e-15 0)
(1 9.05836e-16 0)
(1 6.73464e-16 0)
(1 1.75787e-15 0)
(1 1.42809e-16 0)
(1 -6.56912e-16 0)
(1 2.95927e-16 0)
(1 1.86407e-15 0)
(1 1.99519e-15 0)
(1 2.62325e-15 0)
(1 2.12523e-15 0)
(1 1.38923e-15 0)
(1 1.94878e-15 0)
(1 1.00721e-15 0)
(1 2.17458e-15 0)
(1 1.2967e-15 0)
(1 3.78812e-15 0)
(1 2.2992e-15 0)
(1 7.85887e-16 0)
(1 -1.10687e-15 0)
(1 -1.98687e-16 0)
(1 3.06477e-16 0)
(1 -7.45102e-16 0)
(1 -1.33396e-15 0)
(1 -6.06371e-16 0)
(1 -1.02379e-15 0)
(1 -5.34445e-16 0)
(1 4.87618e-16 0)
(1 -2.09536e-16 0)
(1 -5.82546e-17 0)
(1 -1.38661e-15 0)
(1 -7.08684e-16 0)
(1 -3.33968e-16 0)
(1 8.44502e-17 0)
(1 5.55478e-16 0)
(1 6.01581e-16 0)
(1 5.97516e-16 0)
(1 -4.26871e-16 0)
(1 -1.25053e-15 0)
(1 -1.04565e-15 0)
(1 1.95861e-16 0)
(1 3.36417e-16 0)
(1 -5.59943e-16 0)
(1 -9.12798e-16 0)
(1 6.85743e-16 0)
(1 -2.19155e-15 0)
(1 -1.43499e-15 0)
(1 -2.17004e-15 0)
(1 3.54602e-16 0)
(1 -1.32934e-15 0)
(1 -1.79149e-15 0)
(1 -1.38531e-15 0)
(1 -1.07446e-15 0)
(1 -3.47013e-16 0)
(1 2.45996e-15 0)
(1 1.5551e-15 0)
(1 -3.4098e-16 0)
(1 1.03761e-15 0)
(1 5.47332e-16 0)
(1 -1.22452e-15 0)
(1 1.05903e-15 0)
(1 1.2133e-15 0)
(1 -1.17579e-15 0)
(1 -8.02179e-16 0)
(1 -2.5408e-15 0)
(1 -1.81205e-15 0)
(1 -1.26068e-15 0)
(1 -6.26834e-16 0)
(1 1.81873e-15 0)
(1 2.93975e-15 0)
(1 -6.9852e-16 0)
(1 8.98938e-16 0)
(1 1.96059e-15 0)
(1 2.29033e-15 0)
(1 -8.91151e-16 0)
(1 -3.84448e-15 0)
(1 -2.50267e-15 0)
(1 -1.51513e-15 0)
(1 -7.94084e-16 0)
(1 -8.94509e-16 0)
(1 -2.36424e-15 0)
(1 -8.74987e-16 0)
(1 -2.89693e-15 0)
(1 -3.94042e-15 0)
(1 -1.86943e-15 0)
(1 -5.78518e-16 0)
(1 4.57971e-16 0)
(1 -2.30889e-16 0)
(1 3.08693e-16 0)
(1 -1.07269e-15 0)
(1 6.05444e-16 0)
(1 1.88077e-16 0)
(1 -1.53117e-15 0)
(1 -2.7236e-15 0)
(1 -3.06152e-15 0)
(1 -2.47398e-15 0)
(1 -1.77967e-15 0)
(1 1.92991e-15 0)
(1 8.38827e-16 0)
(1 2.36188e-15 0)
(1 1.02271e-15 0)
(1 8.56234e-16 0)
(1 1.25724e-15 0)
(1 1.28849e-16 0)
(1 8.9789e-16 0)
(1 1.15869e-15 0)
(1 1.0291e-15 0)
(1 2.63886e-15 0)
(1 3.72898e-15 0)
(1 3.31433e-15 0)
(1 2.95497e-15 0)
(1 1.6969e-16 0)
(1 -5.20449e-16 0)
(1 1.64658e-15 0)
(1 2.41478e-15 0)
(1 2.43307e-15 0)
(1 2.87728e-15 0)
(1 3.87297e-16 0)
(1 1.0333e-15 0)
(1 9.0049e-16 0)
(1 9.87007e-16 0)
(1 -1.01949e-15 0)
(1 -9.76126e-16 0)
(1 -1.32106e-15 0)
(1 -4.9733e-17 0)
(1 -1.64228e-15 0)
(1 -1.04848e-16 0)
(1 -1.98176e-15 0)
(1 -1.91254e-15 0)
(1 -1.40429e-15 0)
(1 2.23294e-16 0)
(1 2.60063e-15 0)
(1 4.73457e-16 0)
(1 -2.16379e-16 0)
(1 -2.71134e-15 0)
(1 -6.44575e-16 0)
(1 -1.34309e-16 0)
(1 7.03217e-16 0)
(1 -3.99663e-16 0)
(1 -3.21729e-16 0)
(1 -1.70317e-16 0)
(1 1.03399e-15 0)
(1 -8.94296e-17 0)
(1 4.89295e-16 0)
(1 -1.00157e-15 0)
(1 -2.2028e-15 0)
(1 -1.28459e-15 0)
(1 -1.50764e-15 0)
(1 3.61734e-16 0)
(1 -5.47031e-16 0)
(1 -9.54827e-16 0)
(1 -1.07475e-15 0)
(1 -7.97486e-16 0)
(1 9.89736e-16 0)
(1 6.64353e-16 0)
(1 3.91e-15 0)
(1 1.14649e-15 0)
(1 9.72957e-16 0)
(1 -9.74621e-16 0)
(1 -6.41132e-16 0)
(1 -1.51859e-15 0)
(1 -2.19506e-15 0)
(1 -4.19325e-15 0)
(1 -6.18465e-15 0)
(1 -2.51007e-15 0)
(1 -5.63252e-16 0)
(1 6.24651e-16 0)
(1 3.0975e-16 0)
(1 5.10611e-17 0)
(1 6.5175e-17 0)
(1 1.11294e-15 0)
(1 3.3641e-15 0)
(1 2.34542e-15 0)
(1 2.75003e-15 0)
(1 -6.53161e-16 0)
(1 4.27842e-16 0)
(1 -2.00715e-15 0)
(1 -1.96906e-15 0)
(1 -2.30453e-15 0)
(1 -2.00302e-15 0)
(1 -2.04551e-15 0)
(1 -2.44963e-15 0)
(1 -4.35037e-15 0)
(1 -5.28188e-16 0)
(1 -1.08247e-15 0)
(1 1.81209e-15 0)
(1 2.85572e-15 0)
(1 1.72623e-15 0)
(1 1.67654e-15 0)
(1 -9.34726e-17 0)
(1 -3.38618e-16 0)
(1 -7.43021e-16 0)
(1 -1.52474e-15 0)
(1 -8.69264e-16 0)
(1 -2.00492e-15 0)
(1 -3.48644e-16 0)
(1 -1.45357e-15 0)
(1 6.02798e-16 0)
(1 -3.17493e-16 0)
(1 1.51938e-15 0)
(1 7.3544e-16 0)
(1 2.28937e-15 0)
(1 2.71419e-15 0)
(1 2.6042e-15 0)
(1 9.53578e-16 0)
(1 9.04875e-16 0)
(1 -7.28013e-16 0)
(1 -3.38047e-16 0)
(1 8.97239e-16 0)
(1 2.61557e-16 0)
(1 2.19033e-15 0)
(1 1.57765e-15 0)
(1 2.67101e-15 0)
(1 4.26977e-15 0)
(1 3.43474e-15 0)
(1 8.75029e-16 0)
(1 -7.90606e-16 0)
(1 -1.73999e-15 0)
(1 -6.40524e-16 0)
(1 2.8562e-15 0)
(1 3.50682e-15 0)
(1 4.48187e-15 0)
(1 3.20968e-15 0)
(1 2.20876e-15 0)
(1 -1.1942e-15 0)
(1 -1.53796e-15 0)
(1 -8.11284e-16 0)
(1 -1.411e-15 0)
(1 -8.89107e-16 0)
(1 1.28717e-16 0)
(1 -7.50403e-16 0)
(1 1.6649e-16 0)
(1 1.24179e-16 0)
(1 1.23662e-15 0)
(1 1.3888e-15 0)
(1 6.42785e-16 0)
(1 -2.01575e-15 0)
(1 -9.56319e-16 0)
(1 8.665e-16 0)
(1 1.78895e-15 0)
(1 -2.11458e-16 0)
(1 -7.96406e-16 0)
(1 -5.72461e-16 0)
(1 5.79828e-16 0)
(1 -3.02675e-15 0)
(1 -9.176e-16 0)
(1 -2.57283e-15 0)
(1 -2.8103e-16 0)
(1 -1.18882e-15 0)
(1 1.21119e-15 0)
(1 1.93516e-15 0)
(1 3.12634e-15 0)
(1 3.21803e-15 0)
(1 1.45781e-15 0)
(1 5.9472e-16 0)
(1 3.83695e-16 0)
(1 1.18128e-15 0)
(1 7.55913e-16 0)
(1 -2.86636e-15 0)
(1 -1.77874e-15 0)
(1 -1.39971e-15 0)
(1 -1.55421e-15 0)
(1 -5.25089e-16 0)
(1 -1.11789e-15 0)
(1 -2.83846e-15 0)
(1 7.71999e-17 0)
(1 -1.19945e-15 0)
(1 2.69155e-15 0)
(1 -7.13018e-16 0)
(1 5.93299e-16 0)
(1 2.51962e-15 0)
(1 1.72321e-15 0)
(1 -2.90939e-17 0)
(1 1.45845e-16 0)
(1 1.64537e-16 0)
(1 1.92312e-15 0)
(1 1.01743e-15 0)
(1 -3.0323e-15 0)
(1 -5.04763e-15 0)
(1 -3.22992e-15 0)
(1 -2.43137e-15 0)
(1 -2.46611e-15 0)
(1 -1.52873e-15 0)
(1 3.36262e-16 0)
(1 -2.55102e-15 0)
(1 -1.14991e-17 0)
(1 4.11905e-16 0)
(1 2.25035e-15 0)
(1 3.28863e-15 0)
(1 3.42547e-15 0)
(1 5.55549e-17 0)
(1 -2.67132e-15 0)
(1 -8.08491e-17 0)
(1 -1.52086e-15 0)
(1 -1.13044e-15 0)
(1 -1.77954e-15 0)
(1 -1.20043e-16 0)
(1 -3.41228e-16 0)
(1 -6.71691e-17 0)
(1 -6.17777e-16 0)
(1 -1.74619e-16 0)
(1 -1.14366e-16 0)
(1 1.33301e-16 0)
(1 6.68904e-16 0)
(1 1.55893e-15 0)
(1 1.19419e-15 0)
(1 2.02461e-15 0)
(1 -6.48855e-17 0)
(1 1.2731e-16 0)
(1 1.30251e-16 0)
(1 1.76811e-15 0)
(1 5.87265e-16 0)
(1 2.5391e-15 0)
(1 1.26393e-15 0)
(1 1.24415e-15 0)
(1 1.48421e-15 0)
(1 1.95602e-15 0)
(1 2.76114e-15 0)
(1 5.61645e-16 0)
(1 -9.00513e-16 0)
(1 -4.4054e-16 0)
(1 1.911e-15 0)
(1 1.81785e-15 0)
(1 3.24748e-15 0)
(1 1.60901e-15 0)
(1 2.46147e-15 0)
(1 3.45391e-16 0)
(1 1.93718e-15 0)
(1 9.76771e-16 0)
(1 1.89058e-15 0)
(1 -9.03153e-16 0)
(1 -1.19231e-15 0)
(1 -9.29226e-16 0)
(1 7.8306e-17 0)
(1 1.16355e-16 0)
(1 3.1834e-16 0)
(1 -1.34063e-16 0)
(1 -8.60901e-17 0)
(1 1.33498e-15 0)
(1 9.10874e-16 0)
(1 -8.20819e-17 0)
(1 -1.13446e-15 0)
(1 -1.98562e-15 0)
(1 -5.51143e-16 0)
(1 -6.52526e-16 0)
(1 1.96585e-16 0)
(1 -1.04434e-15 0)
(1 2.39624e-16 0)
(1 -1.01175e-16 0)
(1 9.36362e-16 0)
(1 2.21399e-15 0)
(1 2.97708e-15 0)
(1 3.03748e-15 0)
(1 1.16559e-15 0)
(1 1.23184e-16 0)
(1 -7.32895e-16 0)
(1 6.61538e-17 0)
(1 -3.32235e-16 0)
(1 -1.80648e-15 0)
(1 -1.77275e-15 0)
(1 -1.17979e-15 0)
(1 -2.53828e-15 0)
(1 3.66325e-16 0)
(1 2.66455e-15 0)
(1 2.51866e-15 0)
(1 7.10791e-16 0)
(1 -1.72676e-15 0)
(1 3.94628e-16 0)
(1 -6.56176e-17 0)
(1 1.3165e-15 0)
(1 8.31516e-16 0)
(1 -2.42413e-16 0)
(1 -5.16834e-16 0)
(1 3.97801e-16 0)
(1 1.43976e-15 0)
(1 1.36973e-15 0)
(1 -8.14327e-16 0)
(1 -3.48756e-15 0)
(1 -1.22178e-15 0)
(1 -8.05535e-16 0)
(1 -1.10724e-15 0)
(1 -2.3414e-16 0)
(1 6.26448e-17 0)
(1 -6.56901e-16 0)
(1 -3.01291e-16 0)
(1 5.4349e-17 0)
(1 6.99169e-16 0)
(1 7.26671e-16 0)
(1 2.05428e-16 0)
(1 -1.25602e-16 0)
(1 -6.73426e-16 0)
(1 -1.0511e-15 0)
(1 -1.09527e-15 0)
(1 -1.12368e-15 0)
(1 -3.63719e-16 0)
(1 -1.5753e-15 0)
(1 7.80062e-16 0)
(1 -1.28684e-15 0)
(1 1.59107e-15 0)
(1 1.27106e-16 0)
(1 1.48731e-15 0)
(1 3.15215e-16 0)
(1 1.83208e-16 0)
(1 8.03433e-16 0)
(1 1.71008e-15 0)
(1 2.14992e-15 0)
(1 2.77059e-15 0)
(1 1.5338e-15 0)
(1 3.21614e-17 0)
(1 1.28528e-16 0)
(1 -6.06731e-16 0)
(1 -1.82411e-15 0)
(1 2.75055e-16 0)
(1 -6.6181e-16 0)
(1 2.27344e-16 0)
(1 1.26965e-15 0)
(1 2.63844e-15 0)
(1 4.5098e-15 0)
(1 2.96169e-15 0)
(1 -4.60663e-16 0)
(1 -2.00034e-15 0)
(1 -2.59329e-15 0)
(1 -1.49008e-16 0)
(1 1.15317e-15 0)
(1 2.1758e-15 0)
(1 2.06826e-15 0)
(1 1.46886e-16 0)
(1 9.17862e-16 0)
(1 1.24324e-16 0)
(1 4.82773e-16 0)
(1 6.70787e-16 0)
(1 -4.38756e-17 0)
(1 -1.54003e-16 0)
(1 -1.6668e-15 0)
(1 -7.30872e-16 0)
(1 -1.32245e-15 0)
(1 -4.19643e-17 0)
(1 -7.10841e-16 0)
(1 -6.11675e-16 0)
(1 -2.4676e-16 0)
(1 1.55684e-15 0)
(1 1.83728e-15 0)
(1 5.65095e-16 0)
(1 -1.0744e-15 0)
(1 6.91196e-17 0)
(1 -1.15048e-15 0)
(1 3.26132e-16 0)
(1 5.8841e-16 0)
(1 7.26904e-17 0)
(1 3.97827e-16 0)
(1 5.04312e-16 0)
(1 1.09661e-15 0)
(1 1.29903e-15 0)
(1 4.07679e-16 0)
(1 6.54903e-16 0)
(1 1.46283e-15 0)
(1 9.42058e-17 0)
(1 -9.32785e-16 0)
(1 4.0457e-16 0)
(1 -1.25403e-15 0)
(1 -1.2867e-15 0)
(1 -2.23143e-15 0)
(1 -3.56818e-16 0)
(1 -7.15308e-16 0)
(1 1.14245e-15 0)
(1 -1.02831e-15 0)
(1 1.49857e-15 0)
(1 6.2913e-16 0)
(1 1.24166e-15 0)
(1 2.43808e-15 0)
(1 -2.82538e-16 0)
(1 5.82405e-16 0)
(1 7.24511e-16 0)
(1 6.244e-16 0)
(1 2.2481e-15 0)
(1 2.71884e-15 0)
(1 -1.66474e-15 0)
(1 -1.24147e-15 0)
(1 -6.85731e-17 0)
(1 5.76195e-16 0)
(1 -3.32121e-16 0)
(1 7.12037e-16 0)
(1 -9.27794e-16 0)
(1 -2.1922e-15 0)
(1 -3.34385e-16 0)
(1 5.53712e-16 0)
(1 1.69366e-15 0)
(1 1.33721e-15 0)
(1 3.8476e-16 0)
(1 -8.01745e-16 0)
(1 7.39089e-17 0)
(1 9.30191e-17 0)
(1 -2.39237e-15 0)
(1 -1.54535e-16 0)
(1 7.02177e-16 0)
(1 2.68518e-16 0)
(1 -6.18722e-16 0)
(1 -7.46052e-16 0)
(1 6.58368e-17 0)
(1 4.39391e-16 0)
(1 1.09022e-15 0)
(1 5.70632e-16 0)
(1 1.10807e-15 0)
(1 6.25527e-16 0)
(1 -2.64726e-18 0)
(1 -2.57429e-16 0)
(1 1.71828e-16 0)
(1 2.00241e-16 0)
(1 8.66092e-17 0)
(1 -2.02098e-17 0)
(1 -2.49002e-16 0)
(1 -9.39433e-16 0)
(1 -6.38171e-16 0)
(1 -5.06997e-16 0)
(1 6.37386e-16 0)
(1 6.22578e-17 0)
(1 9.63088e-16 0)
(1 4.2855e-16 0)
(1 1.41014e-15 0)
(1 1.04575e-15 0)
(1 -9.09648e-16 0)
(1 -1.1871e-15 0)
(1 2.02453e-16 0)
(1 8.42407e-16 0)
(1 5.32795e-16 0)
(1 6.0288e-16 0)
(1 -1.15725e-15 0)
(1 -3.60557e-16 0)
(1 -1.73716e-15 0)
(1 3.3671e-16 0)
(1 7.45717e-16 0)
(1 6.2582e-16 0)
(1 1.68512e-15 0)
(1 1.62443e-15 0)
(1 3.31131e-16 0)
(1 -1.00088e-15 0)
(1 -2.15483e-15 0)
(1 -1.36311e-15 0)
(1 -1.11326e-15 0)
(1 7.42265e-16 0)
(1 -1.36706e-16 0)
(1 8.32768e-16 0)
(1 -8.52904e-16 0)
(1 -7.00881e-16 0)
(1 -1.93335e-15 0)
(1 -1.57866e-15 0)
(1 -1.2583e-15 0)
(1 6.32522e-17 0)
(1 -3.84512e-16 0)
(1 1.07624e-15 0)
(1 1.2078e-15 0)
(1 2.16871e-15 0)
(1 1.28246e-15 0)
(1 -4.29354e-16 0)
(1 1.41477e-15 0)
(1 5.77287e-16 0)
(1 -3.18343e-17 0)
(1 -1.00243e-16 0)
(1 1.01798e-16 0)
(1 -9.91348e-16 0)
(1 -2.40805e-15 0)
(1 -1.00749e-16 0)
(1 2.6787e-17 0)
(1 9.59787e-16 0)
(1 -2.24784e-15 0)
(1 -1.99312e-15 0)
(1 2.36988e-16 0)
(1 1.5367e-15 0)
(1 4.54614e-16 0)
(1 1.69827e-15 0)
(1 1.31842e-15 0)
(1 9.6363e-16 0)
(1 9.19946e-16 0)
(1 2.59295e-16 0)
(1 1.27125e-15 0)
(1 1.05145e-15 0)
(1 -1.2594e-15 0)
(1 -1.27931e-15 0)
(1 -1.67235e-15 0)
(1 3.85765e-16 0)
(1 -4.353e-16 0)
(1 9.16401e-16 0)
(1 -4.27524e-16 0)
(1 -7.73937e-16 0)
(1 -1.3857e-15 0)
(1 -9.04479e-16 0)
(1 -3.58843e-16 0)
(1 1.67903e-15 0)
(1 1.08116e-15 0)
(1 2.00981e-15 0)
(1 7.02537e-16 0)
(1 -4.52046e-16 0)
(1 -1.85606e-15 0)
(1 -2.14366e-15 0)
(1 -3.89505e-16 0)
(1 -6.45579e-16 0)
(1 -4.55876e-16 0)
(1 3.37358e-17 0)
(1 -1.93532e-16 0)
(1 -2.59236e-16 0)
(1 -1.10868e-16 0)
(1 -2.07282e-16 0)
(1 -3.40121e-16 0)
(1 -8.14025e-16 0)
(1 -9.46922e-16 0)
(1 -5.29414e-16 0)
(1 -6.87858e-16 0)
(1 3.3876e-16 0)
(1 1.29485e-15 0)
(1 1.87118e-15 0)
(1 1.83122e-15 0)
(1 6.36188e-16 0)
(1 -4.78294e-16 0)
(1 -5.10561e-16 0)
(1 -4.13199e-17 0)
(1 2.78029e-16 0)
(1 1.27702e-15 0)
(1 3.61927e-18 0)
(1 2.18751e-16 0)
(1 6.03823e-16 0)
(1 -1.63048e-15 0)
(1 -7.59805e-16 0)
(1 -1.05307e-15 0)
(1 9.56995e-16 0)
(1 7.80583e-16 0)
(1 1.71529e-15 0)
(1 -4.88673e-16 0)
(1 1.24713e-15 0)
(1 -2.2908e-16 0)
(1 1.29146e-15 0)
(1 1.20396e-15 0)
(1 1.42091e-15 0)
(1 1.97351e-15 0)
(1 2.12797e-15 0)
(1 -6.35211e-16 0)
(1 -1.26534e-15 0)
(1 -1.63804e-15 0)
(1 -7.03991e-16 0)
(1 -2.0162e-16 0)
(1 2.16862e-16 0)
(1 -1.2893e-15 0)
(1 -4.63909e-16 0)
(1 -1.40731e-15 0)
(1 9.63722e-16 0)
(1 -1.05831e-16 0)
(1 -4.19968e-16 0)
(1 -8.68969e-16 0)
(1 -4.63348e-16 0)
(1 -1.6705e-16 0)
(1 6.77166e-16 0)
(1 2.0578e-15 0)
(1 9.85938e-16 0)
(1 -2.63389e-16 0)
)
;

boundaryField
{
    inlet
    {
        type            calculated;
        value           uniform (1 0 0);
    }
    outlet
    {
        type            calculated;
        value           nonuniform List<vector> 
40
(
(1 2.28899e-16 0)
(1 -2.32559e-16 0)
(1 -9.60564e-17 0)
(1 2.40757e-16 0)
(1 1.23727e-16 0)
(1 1.78428e-15 0)
(1 2.67726e-15 0)
(1 4.33504e-15 0)
(1 7.45175e-15 0)
(1 8.69295e-15 0)
(1 6.67461e-15 0)
(1 4.7991e-15 0)
(1 3.23588e-15 0)
(1 2.04167e-15 0)
(1 3.20537e-15 0)
(1 2.96916e-15 0)
(1 2.56637e-15 0)
(1 3.21872e-15 0)
(1 1.48094e-15 0)
(1 -1.58532e-15 -1.31933e-49)
(1 6.89666e-16 1.39578e-49)
(1 8.16323e-16 0)
(1 -1.28819e-15 0)
(1 9.49861e-16 0)
(1 -1.41182e-15 0)
(1 -2.10032e-15 0)
(1 2.47328e-15 0)
(1 1.87428e-15 0)
(1 -2.52972e-15 0)
(1 -3.28239e-15 0)
(1 -4.60131e-15 0)
(1 -4.12228e-15 0)
(1 -7.87366e-16 0)
(1 -1.00101e-15 0)
(1 -7.30434e-16 0)
(1 3.26617e-15 0)
(1 3.0691e-15 0)
(1 1.31924e-15 0)
(1 1.28441e-15 0)
(1 -2.67426e-16 0)
)
;
    }
    down
    {
        type            empty;
    }
    up
    {
        type            empty;
    }
    sides
    {
        type            calculated;
        value           nonuniform List<vector> 
200
(
(1 0 0)
(1 0 0)
(1 0 0)
(1 0 0)
(1 0 0)
(1 0 0)
(1 0 0)
(1 0 0)
(1 0 0)
(1 0 0)
(1 0 0)
(1 0 0)
(1 0 0)
(1 0 0)
(1 0 0)
(1 0 0)
(1 0 0)
(1 0 0)
(1 0 0)
(1 0 0)
(1 0 0)
(1 0 0)
(1 0 0)
(1 0 0)
(1 0 0)
(1 0 0)
(1 0 0)
(1 0 0)
(1 0 0)
(1 0 0)
(1 0 0)
(1 0 0)
(1 0 0)
(1 0 0)
(1 0 0)
(1 0 0)
(1 0 0)
(1 0 0)
(1 0 0)
(1 0 0)
(1 0 0)
(1 0 0)
(1 0 0)
(1 0 0)
(1 0 0)
(1 0 0)
(1 0 0)
(1 0 0)
(1 0 0)
(1 0 0)
(1 0 0)
(1 0 0)
(1 0 0)
(1 0 0)
(1 0 0)
(1 0 0)
(1 0 0)
(1 0 0)
(1 0 0)
(1 0 0)
(1 0 0)
(1 0 0)
(1 0 0)
(1 0 0)
(1 0 0)
(1 0 0)
(1 0 0)
(1 0 0)
(1 0 0)
(1 0 0)
(1 0 0)
(1 0 0)
(1 0 0)
(1 0 0)
(1 0 0)
(1 0 0)
(1 0 0)
(1 0 0)
(1 0 0)
(1 0 0)
(1 0 0)
(1 0 0)
(1 0 0)
(1 0 0)
(1 0 0)
(1 0 0)
(1 0 0)
(1 0 0)
(1 0 0)
(1 0 0)
(1 0 0)
(1 0 0)
(1 0 0)
(1 0 0)
(1 0 0)
(1 0 0)
(1 0 0)
(1 0 0)
(1 0 0)
(1 0 0)
(1 0 0)
(1 0 0)
(1 0 0)
(1 0 0)
(1 0 0)
(1 0 0)
(1 0 0)
(1 0 0)
(1 0 0)
(1 0 0)
(1 0 0)
(1 0 0)
(1 0 0)
(1 0 0)
(1 0 0)
(1 0 0)
(1 0 0)
(1 0 0)
(1 0 0)
(1 0 0)
(1 0 0)
(1 0 0)
(1 0 0)
(1 0 0)
(1 0 0)
(1 0 0)
(1 0 0)
(1 0 0)
(1 0 0)
(1 0 0)
(1 0 0)
(1 0 0)
(1 0 0)
(1 0 0)
(1 0 0)
(1 0 0)
(1 0 0)
(1 0 0)
(1 0 0)
(1 0 0)
(1 0 0)
(1 0 0)
(1 0 0)
(1 0 0)
(1 0 0)
(1 0 0)
(1 0 0)
(1 0 0)
(1 0 0)
(1 0 0)
(1 0 0)
(1 0 0)
(1 0 0)
(1 0 0)
(1 0 0)
(1 0 0)
(1 0 0)
(1 0 0)
(1 0 0)
(1 0 0)
(1 0 0)
(1 0 0)
(1 0 0)
(1 0 0)
(1 0 0)
(1 0 0)
(1 0 0)
(1 0 0)
(1 0 0)
(1 0 0)
(1 0 0)
(1 0 0)
(1 0 0)
(1 0 0)
(1 0 0)
(1 0 0)
(1 0 0)
(1 0 0)
(1 0 0)
(1 0 0)
(1 0 0)
(1 0 0)
(1 0 0)
(1 0 0)
(1 0 0)
(1 0 0)
(1 0 0)
(1 0 0)
(1 0 0)
(1 0 0)
(1 0 0)
(1 0 0)
(1 0 0)
(1 0 0)
(1 0 0)
(1 0 0)
(1 0 0)
(1 0 0)
(1 0 0)
(1 0 0)
)
;
    }
}

