/*--------------------------------*- C++ -*----------------------------------*\
| =========                 |                                                 |
| \\      /  F ield         | OpenFOAM: The Open Source CFD Toolbox           |
|  \\    /   O peration     | Version:  v2012                                 |
|   \\  /    A nd           | Website:  www.openfoam.com                      |
|    \\/     M anipulation  |                                                 |
\*---------------------------------------------------------------------------*/
FoamFile
{
    version     2.0;
    format      ascii;
    class       volScalarField;
    location    "0";
    object      pRec;
}
// * * * * * * * * * * * * * * * * * * * * * * * * * * * * * * * * * * * * * //

dimensions      [0 2 -2 0 0 0 0];


internalField   nonuniform List<scalar> 
4000
(
-6.95451e-13
-6.89932e-13
-6.91145e-13
-6.94181e-13
-6.92126e-13
-6.92435e-13
-6.91154e-13
-6.86255e-13
-6.76184e-13
-6.72335e-13
-6.73665e-13
-6.68202e-13
-6.57214e-13
-6.43374e-13
-6.29957e-13
-6.23484e-13
-6.18778e-13
-6.16255e-13
-6.09069e-13
-5.95457e-13
-5.84532e-13
-5.77457e-13
-5.72071e-13
-5.64838e-13
-5.54435e-13
-5.43759e-13
-5.41639e-13
-5.36016e-13
-5.29501e-13
-5.18662e-13
-5.02647e-13
-4.95736e-13
-4.93595e-13
-4.9154e-13
-4.86414e-13
-4.83406e-13
-4.74211e-13
-4.55887e-13
-4.38418e-13
-4.34768e-13
-4.35232e-13
-4.33206e-13
-4.33289e-13
-4.26846e-13
-4.15443e-13
-4.06493e-13
-3.97678e-13
-3.88362e-13
-3.78891e-13
-3.70854e-13
-3.61566e-13
-3.53396e-13
-3.45869e-13
-3.36757e-13
-3.28409e-13
-3.1575e-13
-3.08869e-13
-3.0597e-13
-3.03351e-13
-3.00221e-13
-2.91913e-13
-2.84571e-13
-2.74553e-13
-2.62685e-13
-2.54596e-13
-2.47185e-13
-2.42875e-13
-2.34943e-13
-2.24445e-13
-2.16996e-13
-2.09673e-13
-2.02923e-13
-1.90063e-13
-1.83082e-13
-1.8204e-13
-1.77735e-13
-1.73995e-13
-1.67728e-13
-1.58875e-13
-1.45929e-13
-1.33263e-13
-1.27688e-13
-1.19221e-13
-1.14885e-13
-1.10574e-13
-1.04804e-13
-9.5605e-14
-8.77102e-14
-8.40568e-14
-8.00866e-14
-7.40227e-14
-6.75461e-14
-6.04081e-14
-5.44306e-14
-4.55529e-14
-3.64669e-14
-2.82387e-14
-1.99857e-14
-1.13363e-14
-2.82098e-15
-6.92064e-13
-6.90866e-13
-6.94009e-13
-6.93932e-13
-6.94452e-13
-6.91161e-13
-6.88418e-13
-6.86052e-13
-6.80737e-13
-6.75812e-13
-6.7012e-13
-6.64759e-13
-6.55424e-13
-6.44029e-13
-6.33006e-13
-6.26638e-13
-6.2179e-13
-6.14849e-13
-6.05995e-13
-5.98657e-13
-5.88107e-13
-5.76235e-13
-5.68287e-13
-5.6168e-13
-5.52341e-13
-5.46206e-13
-5.42863e-13
-5.3673e-13
-5.28359e-13
-5.14985e-13
-5.05724e-13
-4.99035e-13
-4.93052e-13
-4.88424e-13
-4.83852e-13
-4.79778e-13
-4.72293e-13
-4.595e-13
-4.45327e-13
-4.38747e-13
-4.35051e-13
-4.32536e-13
-4.30092e-13
-4.24932e-13
-4.17121e-13
-4.06679e-13
-3.9625e-13
-3.88193e-13
-3.79143e-13
-3.68433e-13
-3.60519e-13
-3.52544e-13
-3.45854e-13
-3.37877e-13
-3.29456e-13
-3.18444e-13
-3.08806e-13
-3.0426e-13
-3.01677e-13
-2.987e-13
-2.94065e-13
-2.84596e-13
-2.75632e-13
-2.64432e-13
-2.56239e-13
-2.46987e-13
-2.40497e-13
-2.3409e-13
-2.26501e-13
-2.18393e-13
-2.1002e-13
-2.0288e-13
-1.94925e-13
-1.86118e-13
-1.81795e-13
-1.74431e-13
-1.72639e-13
-1.65563e-13
-1.55873e-13
-1.44169e-13
-1.34402e-13
-1.291e-13
-1.22959e-13
-1.17281e-13
-1.0857e-13
-1.02534e-13
-9.37655e-14
-8.57879e-14
-8.2437e-14
-7.86145e-14
-7.5553e-14
-7.0054e-14
-6.40965e-14
-5.26267e-14
-4.40033e-14
-3.71011e-14
-2.78175e-14
-2.01867e-14
-1.29973e-14
-4.59676e-15
-6.91611e-13
-6.90688e-13
-6.92876e-13
-6.96048e-13
-6.97009e-13
-6.92536e-13
-6.87511e-13
-6.84984e-13
-6.79056e-13
-6.75512e-13
-6.70426e-13
-6.64047e-13
-6.55077e-13
-6.45305e-13
-6.34834e-13
-6.2717e-13
-6.21281e-13
-6.14308e-13
-6.0648e-13
-5.97461e-13
-5.86901e-13
-5.78041e-13
-5.69242e-13
-5.62487e-13
-5.54119e-13
-5.48594e-13
-5.43835e-13
-5.3574e-13
-5.26144e-13
-5.13137e-13
-5.06318e-13
-4.9927e-13
-4.92982e-13
-4.89889e-13
-4.85714e-13
-4.81116e-13
-4.71081e-13
-4.6102e-13
-4.49995e-13
-4.38984e-13
-4.34228e-13
-4.2929e-13
-4.29489e-13
-4.25544e-13
-4.18154e-13
-4.06947e-13
-3.95079e-13
-3.85541e-13
-3.79669e-13
-3.74213e-13
-3.62666e-13
-3.52846e-13
-3.43544e-13
-3.34878e-13
-3.27775e-13
-3.19511e-13
-3.08995e-13
-3.06348e-13
-3.0631e-13
-2.9995e-13
-2.91782e-13
-2.79803e-13
-2.71484e-13
-2.65729e-13
-2.58967e-13
-2.50599e-13
-2.43239e-13
-2.32973e-13
-2.25214e-13
-2.15448e-13
-2.07116e-13
-2.0018e-13
-1.91487e-13
-1.8574e-13
-1.81283e-13
-1.76692e-13
-1.71506e-13
-1.65617e-13
-1.55318e-13
-1.44871e-13
-1.39603e-13
-1.31215e-13
-1.19175e-13
-1.1363e-13
-1.08223e-13
-1.04801e-13
-9.84934e-14
-8.90165e-14
-8.23256e-14
-7.66442e-14
-7.31517e-14
-6.93721e-14
-6.22754e-14
-5.37889e-14
-4.3356e-14
-3.45018e-14
-2.84403e-14
-2.11976e-14
-1.65041e-14
-5.23858e-15
-6.92639e-13
-6.93845e-13
-6.94598e-13
-6.90932e-13
-6.95314e-13
-6.89574e-13
-6.87551e-13
-6.85176e-13
-6.83152e-13
-6.77769e-13
-6.68693e-13
-6.59452e-13
-6.5164e-13
-6.45963e-13
-6.43468e-13
-6.3341e-13
-6.19406e-13
-6.10964e-13
-6.05544e-13
-5.96377e-13
-5.87505e-13
-5.7994e-13
-5.70033e-13
-5.56676e-13
-5.49551e-13
-5.46317e-13
-5.43104e-13
-5.37654e-13
-5.25983e-13
-5.17138e-13
-5.1024e-13
-5.02314e-13
-4.93706e-13
-4.87812e-13
-4.81411e-13
-4.80514e-13
-4.71346e-13
-4.59635e-13
-4.51142e-13
-4.41644e-13
-4.37412e-13
-4.34335e-13
-4.29313e-13
-4.22771e-13
-4.13249e-13
-4.03212e-13
-3.94802e-13
-3.89385e-13
-3.81056e-13
-3.67846e-13
-3.58142e-13
-3.51821e-13
-3.45591e-13
-3.38944e-13
-3.27187e-13
-3.2039e-13
-3.11153e-13
-3.06046e-13
-3.05229e-13
-2.98757e-13
-2.90159e-13
-2.81113e-13
-2.75556e-13
-2.6813e-13
-2.58379e-13
-2.49744e-13
-2.42086e-13
-2.32988e-13
-2.25898e-13
-2.17795e-13
-2.10862e-13
-2.03481e-13
-1.94501e-13
-1.87055e-13
-1.80784e-13
-1.75322e-13
-1.7182e-13
-1.64876e-13
-1.55179e-13
-1.45601e-13
-1.38378e-13
-1.32043e-13
-1.21292e-13
-1.11902e-13
-1.07437e-13
-1.02564e-13
-9.61383e-14
-8.85457e-14
-8.12209e-14
-7.71761e-14
-7.51613e-14
-6.97285e-14
-6.4038e-14
-5.23806e-14
-4.3394e-14
-3.70203e-14
-3.00005e-14
-2.04058e-14
-1.33401e-14
-4.84748e-15
-6.93687e-13
-6.98037e-13
-6.94612e-13
-6.90089e-13
-6.8666e-13
-6.90049e-13
-6.90234e-13
-6.88622e-13
-6.82327e-13
-6.74844e-13
-6.66416e-13
-6.61101e-13
-6.5144e-13
-6.43796e-13
-6.42293e-13
-6.36514e-13
-6.26026e-13
-6.15574e-13
-6.03208e-13
-5.91257e-13
-5.86279e-13
-5.78958e-13
-5.64898e-13
-5.5559e-13
-5.52777e-13
-5.4932e-13
-5.44669e-13
-5.36427e-13
-5.28217e-13
-5.19394e-13
-5.10811e-13
-5.03537e-13
-4.94578e-13
-4.88321e-13
-4.82395e-13
-4.79711e-13
-4.70378e-13
-4.59594e-13
-4.48557e-13
-4.41076e-13
-4.37467e-13
-4.3643e-13
-4.29547e-13
-4.21264e-13
-4.10944e-13
-4.01032e-13
-3.93419e-13
-3.87722e-13
-3.79855e-13
-3.71469e-13
-3.61672e-13
-3.54615e-13
-3.46494e-13
-3.38251e-13
-3.27806e-13
-3.1901e-13
-3.1245e-13
-3.07527e-13
-3.0415e-13
-2.9725e-13
-2.89956e-13
-2.81609e-13
-2.73269e-13
-2.67189e-13
-2.61666e-13
-2.54945e-13
-2.46937e-13
-2.34369e-13
-2.25557e-13
-2.15394e-13
-2.07248e-13
-2.00738e-13
-1.94245e-13
-1.87223e-13
-1.7751e-13
-1.72317e-13
-1.70193e-13
-1.64586e-13
-1.57484e-13
-1.47528e-13
-1.39783e-13
-1.34159e-13
-1.21526e-13
-1.11205e-13
-1.04216e-13
-9.93431e-14
-9.57655e-14
-9.12958e-14
-8.34934e-14
-7.86517e-14
-7.40877e-14
-6.93835e-14
-6.18903e-14
-5.6086e-14
-4.79877e-14
-3.74609e-14
-3.00664e-14
-2.27096e-14
-1.29239e-14
-2.52065e-15
-6.90318e-13
-6.99629e-13
-6.96236e-13
-6.87265e-13
-6.91091e-13
-6.94731e-13
-6.92955e-13
-6.88773e-13
-6.80494e-13
-6.67441e-13
-6.63812e-13
-6.59905e-13
-6.55908e-13
-6.45763e-13
-6.39169e-13
-6.38318e-13
-6.27797e-13
-6.18018e-13
-6.07789e-13
-5.9449e-13
-5.84005e-13
-5.72673e-13
-5.55808e-13
-5.52359e-13
-5.53291e-13
-5.52586e-13
-5.4464e-13
-5.35306e-13
-5.27202e-13
-5.22408e-13
-5.12373e-13
-5.02925e-13
-4.94438e-13
-4.91297e-13
-4.87857e-13
-4.7853e-13
-4.68151e-13
-4.59335e-13
-4.48707e-13
-4.43463e-13
-4.40083e-13
-4.36921e-13
-4.2797e-13
-4.21704e-13
-4.11181e-13
-3.9913e-13
-3.89586e-13
-3.84046e-13
-3.79952e-13
-3.71318e-13
-3.63835e-13
-3.53995e-13
-3.4494e-13
-3.35988e-13
-3.264e-13
-3.20652e-13
-3.15033e-13
-3.08798e-13
-3.02536e-13
-2.98057e-13
-2.92008e-13
-2.82508e-13
-2.7426e-13
-2.67182e-13
-2.58017e-13
-2.53122e-13
-2.47709e-13
-2.3553e-13
-2.26567e-13
-2.18399e-13
-2.08727e-13
-2.01042e-13
-1.95639e-13
-1.8909e-13
-1.79457e-13
-1.7479e-13
-1.68984e-13
-1.61446e-13
-1.56404e-13
-1.49866e-13
-1.42413e-13
-1.33303e-13
-1.19327e-13
-1.09004e-13
-1.0493e-13
-1.01708e-13
-9.78654e-14
-8.92478e-14
-8.26075e-14
-7.82309e-14
-7.36738e-14
-6.95867e-14
-6.01936e-14
-5.53422e-14
-4.8148e-14
-4.07849e-14
-3.025e-14
-2.15644e-14
-1.10013e-14
-1.39502e-15
-6.95465e-13
-6.96322e-13
-6.95802e-13
-6.92318e-13
-6.89822e-13
-6.93279e-13
-6.92471e-13
-6.86454e-13
-6.78577e-13
-6.67942e-13
-6.59896e-13
-6.59029e-13
-6.57936e-13
-6.47101e-13
-6.40433e-13
-6.3548e-13
-6.31622e-13
-6.23263e-13
-6.0502e-13
-5.87414e-13
-5.71677e-13
-5.67824e-13
-5.65896e-13
-5.6346e-13
-5.58527e-13
-5.52081e-13
-5.41463e-13
-5.32879e-13
-5.2889e-13
-5.24229e-13
-5.15256e-13
-5.01958e-13
-4.95521e-13
-4.87303e-13
-4.82139e-13
-4.76096e-13
-4.69918e-13
-4.64597e-13
-4.53884e-13
-4.42168e-13
-4.35201e-13
-4.3069e-13
-4.25901e-13
-4.21701e-13
-4.14736e-13
-4.04203e-13
-3.92689e-13
-3.83232e-13
-3.76758e-13
-3.70943e-13
-3.63434e-13
-3.57241e-13
-3.48079e-13
-3.36325e-13
-3.2788e-13
-3.21668e-13
-3.14766e-13
-3.0339e-13
-2.98668e-13
-2.97367e-13
-2.9622e-13
-2.88034e-13
-2.76696e-13
-2.64689e-13
-2.55137e-13
-2.49765e-13
-2.4229e-13
-2.31255e-13
-2.22169e-13
-2.1767e-13
-2.16844e-13
-2.07244e-13
-1.96958e-13
-1.91924e-13
-1.82276e-13
-1.72907e-13
-1.65108e-13
-1.5781e-13
-1.52277e-13
-1.48043e-13
-1.41601e-13
-1.32526e-13
-1.24286e-13
-1.15222e-13
-1.08699e-13
-9.8355e-14
-9.49157e-14
-9.10809e-14
-8.3115e-14
-7.99069e-14
-7.31926e-14
-6.50618e-14
-6.05048e-14
-5.48672e-14
-4.83898e-14
-3.83866e-14
-3.00736e-14
-2.01831e-14
-1.10959e-14
-3.58093e-15
-6.94826e-13
-6.94498e-13
-6.9245e-13
-6.93222e-13
-6.95812e-13
-6.95476e-13
-6.92302e-13
-6.85694e-13
-6.77006e-13
-6.69345e-13
-6.63463e-13
-6.57856e-13
-6.54288e-13
-6.4506e-13
-6.41059e-13
-6.35355e-13
-6.31683e-13
-6.22577e-13
-6.00173e-13
-5.88709e-13
-5.84293e-13
-5.77338e-13
-5.66925e-13
-5.57382e-13
-5.54384e-13
-5.48048e-13
-5.37136e-13
-5.30978e-13
-5.2622e-13
-5.21643e-13
-5.15127e-13
-5.07353e-13
-5.01217e-13
-4.9468e-13
-4.83129e-13
-4.75089e-13
-4.68548e-13
-4.59718e-13
-4.5162e-13
-4.42327e-13
-4.3652e-13
-4.34342e-13
-4.27233e-13
-4.25291e-13
-4.19206e-13
-4.04433e-13
-3.8907e-13
-3.75289e-13
-3.73892e-13
-3.72791e-13
-3.68499e-13
-3.60683e-13
-3.47826e-13
-3.36417e-13
-3.25396e-13
-3.18932e-13
-3.15177e-13
-3.09388e-13
-3.00743e-13
-2.94507e-13
-2.91858e-13
-2.84976e-13
-2.7759e-13
-2.69055e-13
-2.60649e-13
-2.51869e-13
-2.42995e-13
-2.32998e-13
-2.27042e-13
-2.20054e-13
-2.12692e-13
-2.07219e-13
-1.95949e-13
-1.83679e-13
-1.76485e-13
-1.7351e-13
-1.68931e-13
-1.61578e-13
-1.57064e-13
-1.51104e-13
-1.42234e-13
-1.3271e-13
-1.20726e-13
-1.10002e-13
-1.01684e-13
-9.79261e-14
-9.59362e-14
-9.26074e-14
-8.52552e-14
-7.84352e-14
-7.08257e-14
-6.54089e-14
-6.08882e-14
-5.60719e-14
-4.68318e-14
-3.68251e-14
-3.00819e-14
-2.16142e-14
-1.24154e-14
-2.02668e-15
-6.97127e-13
-6.99006e-13
-6.9395e-13
-6.87634e-13
-6.9167e-13
-6.94528e-13
-6.94313e-13
-6.8684e-13
-6.74311e-13
-6.70984e-13
-6.6441e-13
-6.54572e-13
-6.48618e-13
-6.44939e-13
-6.42051e-13
-6.37838e-13
-6.313e-13
-6.20303e-13
-6.03791e-13
-5.90851e-13
-5.83132e-13
-5.74967e-13
-5.70926e-13
-5.63641e-13
-5.54296e-13
-5.44517e-13
-5.36235e-13
-5.31115e-13
-5.29369e-13
-5.22647e-13
-5.15961e-13
-5.08457e-13
-4.98118e-13
-4.87867e-13
-4.83554e-13
-4.76185e-13
-4.67468e-13
-4.58612e-13
-4.53732e-13
-4.48292e-13
-4.42765e-13
-4.35664e-13
-4.24103e-13
-4.15884e-13
-4.12171e-13
-4.0493e-13
-3.94287e-13
-3.83934e-13
-3.77274e-13
-3.70187e-13
-3.63333e-13
-3.56263e-13
-3.46434e-13
-3.37651e-13
-3.29581e-13
-3.2445e-13
-3.16183e-13
-3.0919e-13
-3.01466e-13
-2.95463e-13
-2.89041e-13
-2.8234e-13
-2.76101e-13
-2.68434e-13
-2.57904e-13
-2.47745e-13
-2.41537e-13
-2.33763e-13
-2.26095e-13
-2.18889e-13
-2.11323e-13
-2.07708e-13
-1.99989e-13
-1.89956e-13
-1.78797e-13
-1.73882e-13
-1.69878e-13
-1.63048e-13
-1.57524e-13
-1.48501e-13
-1.42695e-13
-1.33541e-13
-1.21008e-13
-1.11567e-13
-1.03911e-13
-9.86388e-14
-9.67495e-14
-9.18886e-14
-8.46784e-14
-7.84186e-14
-7.05373e-14
-6.45432e-14
-5.79192e-14
-5.32648e-14
-4.64425e-14
-3.78e-14
-2.86854e-14
-1.78574e-14
-8.4367e-15
7.28437e-16
-6.97175e-13
-6.96533e-13
-6.96409e-13
-6.93392e-13
-6.90137e-13
-6.92416e-13
-6.90959e-13
-6.89471e-13
-6.81586e-13
-6.67209e-13
-6.59031e-13
-6.51728e-13
-6.49734e-13
-6.47984e-13
-6.43741e-13
-6.37051e-13
-6.27223e-13
-6.20558e-13
-6.10722e-13
-5.95374e-13
-5.83261e-13
-5.70842e-13
-5.65583e-13
-5.5852e-13
-5.55727e-13
-5.49754e-13
-5.39526e-13
-5.3361e-13
-5.27913e-13
-5.2247e-13
-5.16926e-13
-5.0841e-13
-4.98118e-13
-4.86808e-13
-4.80257e-13
-4.74626e-13
-4.70077e-13
-4.6e-13
-4.5432e-13
-4.48912e-13
-4.39495e-13
-4.30146e-13
-4.23319e-13
-4.16343e-13
-4.14795e-13
-4.09183e-13
-3.9828e-13
-3.86051e-13
-3.77348e-13
-3.67578e-13
-3.60318e-13
-3.56059e-13
-3.48025e-13
-3.38852e-13
-3.30139e-13
-3.22596e-13
-3.15558e-13
-3.08192e-13
-3.01256e-13
-2.97551e-13
-2.92694e-13
-2.8861e-13
-2.81324e-13
-2.69052e-13
-2.5479e-13
-2.40768e-13
-2.33762e-13
-2.28964e-13
-2.25258e-13
-2.24934e-13
-2.18873e-13
-2.10165e-13
-2.02727e-13
-1.92381e-13
-1.79941e-13
-1.71208e-13
-1.6673e-13
-1.60925e-13
-1.5676e-13
-1.48388e-13
-1.4206e-13
-1.33846e-13
-1.22719e-13
-1.14976e-13
-1.06058e-13
-9.77052e-14
-9.34286e-14
-8.76304e-14
-8.38937e-14
-7.90411e-14
-6.91448e-14
-6.04e-14
-5.50916e-14
-5.05346e-14
-4.19928e-14
-3.34314e-14
-2.51613e-14
-1.60374e-14
-6.27503e-15
-1.44303e-16
-6.95518e-13
-6.9484e-13
-6.94042e-13
-6.95378e-13
-6.95633e-13
-6.90297e-13
-6.88368e-13
-6.85804e-13
-6.79792e-13
-6.72489e-13
-6.59747e-13
-6.50246e-13
-6.49385e-13
-6.49174e-13
-6.44054e-13
-6.39598e-13
-6.27268e-13
-6.18781e-13
-6.10372e-13
-5.96726e-13
-5.87421e-13
-5.72054e-13
-5.61911e-13
-5.57397e-13
-5.51467e-13
-5.4645e-13
-5.41828e-13
-5.35115e-13
-5.29656e-13
-5.24385e-13
-5.1606e-13
-5.07096e-13
-4.97072e-13
-4.88929e-13
-4.84204e-13
-4.7601e-13
-4.67581e-13
-4.60254e-13
-4.55899e-13
-4.47255e-13
-4.39205e-13
-4.29799e-13
-4.23379e-13
-4.20919e-13
-4.17947e-13
-4.07785e-13
-3.95095e-13
-3.82328e-13
-3.74167e-13
-3.66136e-13
-3.6324e-13
-3.57966e-13
-3.47485e-13
-3.38336e-13
-3.28801e-13
-3.25335e-13
-3.18339e-13
-3.10517e-13
-3.00448e-13
-2.9148e-13
-2.89429e-13
-2.81599e-13
-2.76141e-13
-2.71652e-13
-2.57627e-13
-2.43525e-13
-2.3387e-13
-2.28277e-13
-2.25681e-13
-2.27987e-13
-2.20236e-13
-2.1269e-13
-2.03424e-13
-1.91512e-13
-1.77923e-13
-1.67495e-13
-1.66357e-13
-1.64512e-13
-1.60559e-13
-1.52041e-13
-1.4592e-13
-1.37368e-13
-1.22495e-13
-1.11583e-13
-1.01007e-13
-9.22136e-14
-9.42619e-14
-9.22441e-14
-8.44346e-14
-7.76348e-14
-6.7494e-14
-6.12122e-14
-5.46094e-14
-4.85508e-14
-4.36777e-14
-3.65352e-14
-2.14748e-14
-7.47179e-15
1.06171e-15
-1.45829e-15
-6.98644e-13
-6.96723e-13
-6.94575e-13
-6.9624e-13
-6.94812e-13
-6.89766e-13
-6.89871e-13
-6.86624e-13
-6.79215e-13
-6.69625e-13
-6.614e-13
-6.5361e-13
-6.45773e-13
-6.42654e-13
-6.39402e-13
-6.33544e-13
-6.30418e-13
-6.2422e-13
-6.1271e-13
-5.98107e-13
-5.86682e-13
-5.78893e-13
-5.67971e-13
-5.58098e-13
-5.51338e-13
-5.4103e-13
-5.37381e-13
-5.34457e-13
-5.31014e-13
-5.26896e-13
-5.18247e-13
-5.07752e-13
-4.95786e-13
-4.86498e-13
-4.8086e-13
-4.73813e-13
-4.69657e-13
-4.63034e-13
-4.58165e-13
-4.45811e-13
-4.37784e-13
-4.26946e-13
-4.2307e-13
-4.23183e-13
-4.16273e-13
-4.07699e-13
-3.9597e-13
-3.85738e-13
-3.7541e-13
-3.65956e-13
-3.59193e-13
-3.55959e-13
-3.47405e-13
-3.41203e-13
-3.3387e-13
-3.24312e-13
-3.16542e-13
-3.08218e-13
-3.00104e-13
-2.94246e-13
-2.91857e-13
-2.91466e-13
-2.8069e-13
-2.68492e-13
-2.50092e-13
-2.40189e-13
-2.33722e-13
-2.30489e-13
-2.25749e-13
-2.23521e-13
-2.17289e-13
-2.16018e-13
-2.09873e-13
-1.97258e-13
-1.76811e-13
-1.60657e-13
-1.59513e-13
-1.65557e-13
-1.62798e-13
-1.52126e-13
-1.44968e-13
-1.34696e-13
-1.24706e-13
-1.16e-13
-1.05784e-13
-9.51512e-14
-8.9068e-14
-8.81736e-14
-8.28752e-14
-7.61471e-14
-6.54188e-14
-6.05313e-14
-5.46348e-14
-4.73378e-14
-3.93774e-14
-3.27047e-14
-2.0372e-14
-9.11016e-15
-2.60367e-15
-1.63166e-15
-6.96271e-13
-6.95979e-13
-6.88512e-13
-6.97383e-13
-6.97028e-13
-6.94039e-13
-6.87995e-13
-6.81346e-13
-6.74472e-13
-6.64736e-13
-6.59887e-13
-6.54911e-13
-6.53823e-13
-6.47665e-13
-6.41409e-13
-6.37234e-13
-6.32335e-13
-6.25556e-13
-6.1359e-13
-5.99155e-13
-5.80438e-13
-5.6672e-13
-5.5771e-13
-5.55942e-13
-5.51359e-13
-5.46958e-13
-5.40271e-13
-5.34104e-13
-5.31766e-13
-5.28908e-13
-5.2131e-13
-5.08476e-13
-4.98534e-13
-4.90501e-13
-4.8591e-13
-4.7571e-13
-4.6634e-13
-4.61539e-13
-4.55617e-13
-4.45615e-13
-4.36367e-13
-4.32163e-13
-4.2759e-13
-4.21756e-13
-4.10661e-13
-4.0146e-13
-3.93997e-13
-3.86117e-13
-3.77331e-13
-3.69636e-13
-3.62817e-13
-3.56317e-13
-3.44892e-13
-3.3489e-13
-3.36142e-13
-3.35137e-13
-3.1976e-13
-3.05002e-13
-2.96296e-13
-2.88261e-13
-2.85685e-13
-2.82763e-13
-2.81541e-13
-2.71605e-13
-2.54893e-13
-2.45623e-13
-2.32689e-13
-2.31206e-13
-2.25976e-13
-2.20837e-13
-2.16949e-13
-2.16766e-13
-2.10652e-13
-1.95131e-13
-1.7831e-13
-1.65498e-13
-1.62729e-13
-1.66182e-13
-1.59198e-13
-1.49745e-13
-1.43187e-13
-1.35492e-13
-1.27444e-13
-1.1768e-13
-1.07032e-13
-9.46677e-14
-8.90383e-14
-8.8523e-14
-8.16898e-14
-7.44484e-14
-6.58947e-14
-5.90501e-14
-5.13316e-14
-4.54205e-14
-3.99486e-14
-3.15665e-14
-2.05988e-14
-1.08663e-14
-1.65241e-15
3.05572e-16
-6.92965e-13
-7.02734e-13
-6.97632e-13
-6.92838e-13
-6.93334e-13
-6.91845e-13
-6.87228e-13
-6.85789e-13
-6.75051e-13
-6.61034e-13
-6.57049e-13
-6.55144e-13
-6.52327e-13
-6.48525e-13
-6.43949e-13
-6.34406e-13
-6.2388e-13
-6.16095e-13
-6.10505e-13
-6.01659e-13
-5.94772e-13
-5.86245e-13
-5.73717e-13
-5.55833e-13
-5.42005e-13
-5.35809e-13
-5.38013e-13
-5.35842e-13
-5.33202e-13
-5.31012e-13
-5.22146e-13
-5.0967e-13
-4.94495e-13
-4.8238e-13
-4.77063e-13
-4.72614e-13
-4.72419e-13
-4.68048e-13
-4.56463e-13
-4.50052e-13
-4.39024e-13
-4.28722e-13
-4.26131e-13
-4.19004e-13
-4.09988e-13
-4.00882e-13
-3.91202e-13
-3.86139e-13
-3.81015e-13
-3.7206e-13
-3.63959e-13
-3.54121e-13
-3.46499e-13
-3.3906e-13
-3.34103e-13
-3.28349e-13
-3.21742e-13
-3.14302e-13
-3.05658e-13
-2.93925e-13
-2.84472e-13
-2.77792e-13
-2.72104e-13
-2.66403e-13
-2.56232e-13
-2.47884e-13
-2.39024e-13
-2.32375e-13
-2.26542e-13
-2.23396e-13
-2.19421e-13
-2.11629e-13
-2.04155e-13
-1.96067e-13
-1.81434e-13
-1.70597e-13
-1.63272e-13
-1.61166e-13
-1.58859e-13
-1.50614e-13
-1.44024e-13
-1.33543e-13
-1.26154e-13
-1.16612e-13
-1.05727e-13
-9.63835e-14
-9.15893e-14
-8.70807e-14
-8.27449e-14
-7.4017e-14
-6.61565e-14
-6.20305e-14
-5.39664e-14
-4.50588e-14
-3.52161e-14
-2.66661e-14
-1.9234e-14
-1.22715e-14
-4.41788e-15
-1.53081e-16
-6.92376e-13
-6.96487e-13
-6.9862e-13
-6.94562e-13
-6.93698e-13
-6.94739e-13
-6.84222e-13
-6.72909e-13
-6.67701e-13
-6.65608e-13
-6.62986e-13
-6.59001e-13
-6.55709e-13
-6.50017e-13
-6.44223e-13
-6.35723e-13
-6.29082e-13
-6.24922e-13
-6.15566e-13
-6.01155e-13
-5.81652e-13
-5.68284e-13
-5.5907e-13
-5.49293e-13
-5.49618e-13
-5.47969e-13
-5.432e-13
-5.35859e-13
-5.31423e-13
-5.30086e-13
-5.24084e-13
-5.13082e-13
-4.99976e-13
-4.82731e-13
-4.72296e-13
-4.72974e-13
-4.73878e-13
-4.69444e-13
-4.62259e-13
-4.51123e-13
-4.36701e-13
-4.27444e-13
-4.19805e-13
-4.14788e-13
-4.09365e-13
-4.03645e-13
-3.96329e-13
-3.87325e-13
-3.80633e-13
-3.78888e-13
-3.70107e-13
-3.52173e-13
-3.41368e-13
-3.34003e-13
-3.28278e-13
-3.26545e-13
-3.2258e-13
-3.13507e-13
-3.00945e-13
-2.90995e-13
-2.87454e-13
-2.82786e-13
-2.7555e-13
-2.66318e-13
-2.5209e-13
-2.41828e-13
-2.37299e-13
-2.3499e-13
-2.30153e-13
-2.23254e-13
-2.16414e-13
-2.11738e-13
-2.04661e-13
-1.94646e-13
-1.82745e-13
-1.67399e-13
-1.62059e-13
-1.60233e-13
-1.60907e-13
-1.56086e-13
-1.47474e-13
-1.37092e-13
-1.25911e-13
-1.13923e-13
-1.04077e-13
-9.69124e-14
-9.23143e-14
-8.65327e-14
-8.02021e-14
-7.31463e-14
-6.65157e-14
-6.08598e-14
-5.46211e-14
-4.50626e-14
-3.44271e-14
-2.40737e-14
-1.53605e-14
-9.4927e-15
-2.64643e-15
-8.66787e-16
-6.9098e-13
-6.99806e-13
-7.00578e-13
-6.95527e-13
-6.92278e-13
-6.97658e-13
-6.93788e-13
-6.79437e-13
-6.61121e-13
-6.56891e-13
-6.55943e-13
-6.57194e-13
-6.56047e-13
-6.53089e-13
-6.47634e-13
-6.36881e-13
-6.27312e-13
-6.19174e-13
-6.06514e-13
-5.97687e-13
-5.8938e-13
-5.76409e-13
-5.64162e-13
-5.50008e-13
-5.48874e-13
-5.46936e-13
-5.45077e-13
-5.40127e-13
-5.32249e-13
-5.29208e-13
-5.20694e-13
-5.08638e-13
-4.98795e-13
-4.83564e-13
-4.71525e-13
-4.7056e-13
-4.72026e-13
-4.70202e-13
-4.61766e-13
-4.51826e-13
-4.35786e-13
-4.26237e-13
-4.2333e-13
-4.1746e-13
-4.09543e-13
-4.01682e-13
-3.98655e-13
-3.91642e-13
-3.80631e-13
-3.69035e-13
-3.6095e-13
-3.54884e-13
-3.45398e-13
-3.32325e-13
-3.33014e-13
-3.30225e-13
-3.21995e-13
-3.1534e-13
-3.0765e-13
-2.93332e-13
-2.85734e-13
-2.78946e-13
-2.70684e-13
-2.63112e-13
-2.51775e-13
-2.44196e-13
-2.35015e-13
-2.32087e-13
-2.26833e-13
-2.26365e-13
-2.18966e-13
-2.14961e-13
-2.0818e-13
-1.94311e-13
-1.79896e-13
-1.68057e-13
-1.65097e-13
-1.62136e-13
-1.57097e-13
-1.52115e-13
-1.46285e-13
-1.37509e-13
-1.2683e-13
-1.14393e-13
-1.07277e-13
-1.00332e-13
-9.29049e-14
-8.60415e-14
-8.02359e-14
-7.21536e-14
-6.50548e-14
-5.87278e-14
-5.06111e-14
-4.15275e-14
-3.40339e-14
-2.76576e-14
-1.37022e-14
-6.38264e-15
1.01861e-16
2.00191e-16
-6.97943e-13
-6.96974e-13
-6.93421e-13
-6.89537e-13
-6.91083e-13
-6.85868e-13
-6.81277e-13
-6.82502e-13
-6.77855e-13
-6.69944e-13
-6.64778e-13
-6.55766e-13
-6.49593e-13
-6.48428e-13
-6.46132e-13
-6.38607e-13
-6.29595e-13
-6.26349e-13
-6.14656e-13
-5.97607e-13
-5.77902e-13
-5.6492e-13
-5.59091e-13
-5.57288e-13
-5.50359e-13
-5.49297e-13
-5.45225e-13
-5.38386e-13
-5.32755e-13
-5.27588e-13
-5.20473e-13
-5.08216e-13
-4.95913e-13
-4.82988e-13
-4.74714e-13
-4.73502e-13
-4.76668e-13
-4.70297e-13
-4.60807e-13
-4.50004e-13
-4.36372e-13
-4.23678e-13
-4.21042e-13
-4.1802e-13
-4.14009e-13
-4.02834e-13
-3.9357e-13
-3.8957e-13
-3.84188e-13
-3.72284e-13
-3.60108e-13
-3.54535e-13
-3.46933e-13
-3.36118e-13
-3.27934e-13
-3.25292e-13
-3.19588e-13
-3.14419e-13
-3.08458e-13
-2.98544e-13
-2.87656e-13
-2.79454e-13
-2.70085e-13
-2.62392e-13
-2.55755e-13
-2.45393e-13
-2.35337e-13
-2.26869e-13
-2.23946e-13
-2.26452e-13
-2.18397e-13
-2.13306e-13
-2.06336e-13
-1.95016e-13
-1.83918e-13
-1.7161e-13
-1.61486e-13
-1.57156e-13
-1.56483e-13
-1.57429e-13
-1.5123e-13
-1.36312e-13
-1.25669e-13
-1.12717e-13
-1.07777e-13
-1.02594e-13
-9.52394e-14
-8.50473e-14
-7.59636e-14
-7.11389e-14
-6.51503e-14
-5.81444e-14
-5.22848e-14
-4.36534e-14
-3.31303e-14
-2.30873e-14
-1.40021e-14
-7.72398e-15
-3.00544e-16
1.57777e-15
-6.9745e-13
-6.96189e-13
-6.93725e-13
-6.91527e-13
-6.97377e-13
-6.94493e-13
-6.81562e-13
-6.74867e-13
-6.69848e-13
-6.66617e-13
-6.6548e-13
-6.631e-13
-6.51453e-13
-6.44211e-13
-6.41075e-13
-6.35889e-13
-6.31297e-13
-6.23928e-13
-6.11398e-13
-5.95054e-13
-5.80843e-13
-5.66552e-13
-5.57246e-13
-5.57587e-13
-5.57502e-13
-5.48967e-13
-5.41457e-13
-5.386e-13
-5.36058e-13
-5.3013e-13
-5.22747e-13
-5.09939e-13
-4.95952e-13
-4.8218e-13
-4.71393e-13
-4.72038e-13
-4.70779e-13
-4.68251e-13
-4.64549e-13
-4.54559e-13
-4.40008e-13
-4.27694e-13
-4.20562e-13
-4.12352e-13
-4.10128e-13
-4.04363e-13
-3.96036e-13
-3.86415e-13
-3.79495e-13
-3.72464e-13
-3.60801e-13
-3.55031e-13
-3.47156e-13
-3.37336e-13
-3.3402e-13
-3.29433e-13
-3.17853e-13
-3.0846e-13
-3.03875e-13
-2.95749e-13
-2.89648e-13
-2.79509e-13
-2.71225e-13
-2.63864e-13
-2.54877e-13
-2.43968e-13
-2.37292e-13
-2.27277e-13
-2.20999e-13
-2.19029e-13
-2.17352e-13
-2.14308e-13
-2.08143e-13
-1.95158e-13
-1.82761e-13
-1.72622e-13
-1.65959e-13
-1.59481e-13
-1.58719e-13
-1.55458e-13
-1.48343e-13
-1.38152e-13
-1.27103e-13
-1.15676e-13
-1.06761e-13
-9.74738e-14
-9.09389e-14
-8.66591e-14
-8.06875e-14
-7.14571e-14
-6.42417e-14
-5.70455e-14
-4.92936e-14
-4.09506e-14
-3.15395e-14
-2.4869e-14
-1.57562e-14
-5.76249e-15
3.65322e-17
-9.74661e-17
-6.92399e-13
-6.95366e-13
-6.95396e-13
-6.93827e-13
-6.92184e-13
-6.8591e-13
-6.81284e-13
-6.77812e-13
-6.76464e-13
-6.71944e-13
-6.6646e-13
-6.61854e-13
-6.54173e-13
-6.45612e-13
-6.39609e-13
-6.32109e-13
-6.29306e-13
-6.22468e-13
-6.09763e-13
-5.97358e-13
-5.80578e-13
-5.67343e-13
-5.62496e-13
-5.58652e-13
-5.50247e-13
-5.4619e-13
-5.45688e-13
-5.42866e-13
-5.35444e-13
-5.2564e-13
-5.17594e-13
-5.08531e-13
-4.95618e-13
-4.83385e-13
-4.73775e-13
-4.77479e-13
-4.78389e-13
-4.70284e-13
-4.59702e-13
-4.47268e-13
-4.36576e-13
-4.30259e-13
-4.22475e-13
-4.1251e-13
-4.07218e-13
-4.00249e-13
-3.98398e-13
-3.96382e-13
-3.82706e-13
-3.69101e-13
-3.58824e-13
-3.56104e-13
-3.47523e-13
-3.36727e-13
-3.32652e-13
-3.29199e-13
-3.21068e-13
-3.10017e-13
-3.01584e-13
-2.94819e-13
-2.91994e-13
-2.82879e-13
-2.72229e-13
-2.62532e-13
-2.51015e-13
-2.434e-13
-2.34339e-13
-2.28781e-13
-2.2192e-13
-2.17437e-13
-2.13371e-13
-2.1414e-13
-2.08883e-13
-1.95162e-13
-1.82861e-13
-1.72601e-13
-1.67947e-13
-1.62382e-13
-1.54509e-13
-1.47097e-13
-1.50921e-13
-1.45473e-13
-1.28741e-13
-1.16168e-13
-1.06805e-13
-9.6557e-14
-8.91575e-14
-8.60844e-14
-8.03098e-14
-7.16391e-14
-6.36733e-14
-5.7186e-14
-5.01355e-14
-3.96136e-14
-3.3863e-14
-2.35587e-14
-1.30982e-14
-4.17916e-15
9.54861e-16
-4.86805e-16
-6.99575e-13
-6.96588e-13
-6.94557e-13
-6.91493e-13
-6.86552e-13
-6.83884e-13
-6.8081e-13
-6.80695e-13
-6.77737e-13
-6.72329e-13
-6.65675e-13
-6.61397e-13
-6.55229e-13
-6.49398e-13
-6.41589e-13
-6.30536e-13
-6.20368e-13
-6.14202e-13
-6.09442e-13
-6.01162e-13
-5.8309e-13
-5.71381e-13
-5.62671e-13
-5.55758e-13
-5.52319e-13
-5.48594e-13
-5.4677e-13
-5.43249e-13
-5.33622e-13
-5.28448e-13
-5.18759e-13
-5.07693e-13
-4.93869e-13
-4.81377e-13
-4.76205e-13
-4.76844e-13
-4.748e-13
-4.68746e-13
-4.59551e-13
-4.48478e-13
-4.36894e-13
-4.27695e-13
-4.23012e-13
-4.16797e-13
-4.11759e-13
-4.04653e-13
-3.94283e-13
-3.8688e-13
-3.8176e-13
-3.73368e-13
-3.66082e-13
-3.55939e-13
-3.46077e-13
-3.37487e-13
-3.31105e-13
-3.2384e-13
-3.19335e-13
-3.1198e-13
-3.01211e-13
-2.95026e-13
-2.92766e-13
-2.84841e-13
-2.73317e-13
-2.60749e-13
-2.52181e-13
-2.43641e-13
-2.3424e-13
-2.27077e-13
-2.21724e-13
-2.17565e-13
-2.15056e-13
-2.14287e-13
-2.07705e-13
-1.92108e-13
-1.81827e-13
-1.72935e-13
-1.67441e-13
-1.61907e-13
-1.57943e-13
-1.53628e-13
-1.47541e-13
-1.39445e-13
-1.29903e-13
-1.20052e-13
-1.11853e-13
-9.6563e-14
-8.79997e-14
-8.31082e-14
-8.0085e-14
-6.84556e-14
-6.09313e-14
-5.62314e-14
-5.40511e-14
-4.13519e-14
-2.99311e-14
-2.27305e-14
-1.46988e-14
-1.75328e-15
1.24884e-19
-1.64032e-15
-7.02178e-13
-6.95977e-13
-6.90161e-13
-6.90801e-13
-6.83071e-13
-6.84058e-13
-6.81133e-13
-6.81811e-13
-6.81068e-13
-6.71094e-13
-6.6493e-13
-6.61922e-13
-6.60013e-13
-6.50743e-13
-6.4167e-13
-6.3362e-13
-6.25086e-13
-6.14784e-13
-6.08475e-13
-5.94595e-13
-5.82999e-13
-5.7095e-13
-5.5968e-13
-5.54016e-13
-5.50445e-13
-5.5214e-13
-5.4784e-13
-5.41998e-13
-5.3426e-13
-5.26578e-13
-5.19061e-13
-5.09538e-13
-4.94173e-13
-4.8416e-13
-4.74805e-13
-4.72366e-13
-4.73032e-13
-4.69018e-13
-4.59975e-13
-4.49195e-13
-4.40068e-13
-4.30944e-13
-4.22478e-13
-4.15907e-13
-4.09899e-13
-4.02808e-13
-3.94039e-13
-3.89142e-13
-3.84409e-13
-3.73756e-13
-3.62805e-13
-3.51931e-13
-3.45509e-13
-3.4028e-13
-3.3431e-13
-3.27885e-13
-3.20569e-13
-3.10534e-13
-3.03774e-13
-2.98895e-13
-2.93729e-13
-2.83474e-13
-2.69246e-13
-2.59247e-13
-2.50387e-13
-2.41487e-13
-2.32317e-13
-2.28122e-13
-2.21351e-13
-2.21314e-13
-2.16093e-13
-2.10458e-13
-2.01092e-13
-1.89616e-13
-1.80272e-13
-1.7127e-13
-1.70893e-13
-1.69008e-13
-1.5971e-13
-1.51168e-13
-1.44795e-13
-1.37026e-13
-1.28616e-13
-1.1892e-13
-1.06781e-13
-9.43726e-14
-8.92764e-14
-8.57636e-14
-7.90714e-14
-7.42133e-14
-6.81277e-14
-5.67394e-14
-4.69196e-14
-3.88592e-14
-3.01146e-14
-2.03642e-14
-1.29093e-14
-7.97984e-15
-2.70433e-15
-1.56472e-15
-7.00178e-13
-6.94239e-13
-6.92718e-13
-6.90831e-13
-6.87393e-13
-6.83952e-13
-6.78396e-13
-6.80852e-13
-6.80385e-13
-6.74747e-13
-6.68393e-13
-6.61244e-13
-6.5867e-13
-6.48822e-13
-6.38766e-13
-6.28851e-13
-6.18931e-13
-6.14703e-13
-6.09084e-13
-5.97067e-13
-5.8465e-13
-5.72487e-13
-5.61551e-13
-5.57584e-13
-5.56426e-13
-5.4976e-13
-5.43519e-13
-5.36246e-13
-5.29453e-13
-5.27088e-13
-5.20976e-13
-5.13946e-13
-5.01869e-13
-4.90761e-13
-4.72778e-13
-4.68775e-13
-4.68219e-13
-4.65586e-13
-4.5983e-13
-4.49055e-13
-4.41861e-13
-4.31127e-13
-4.25109e-13
-4.14251e-13
-4.10171e-13
-4.04228e-13
-3.99381e-13
-3.90937e-13
-3.80656e-13
-3.66547e-13
-3.62211e-13
-3.57048e-13
-3.49621e-13
-3.36322e-13
-3.29023e-13
-3.22496e-13
-3.15112e-13
-3.12872e-13
-3.04671e-13
-3.02852e-13
-3.0302e-13
-2.80904e-13
-2.67359e-13
-2.61151e-13
-2.52948e-13
-2.44866e-13
-2.35134e-13
-2.28287e-13
-2.18577e-13
-2.15543e-13
-2.11083e-13
-2.13209e-13
-2.06404e-13
-1.93981e-13
-1.78288e-13
-1.66908e-13
-1.70854e-13
-1.67722e-13
-1.59921e-13
-1.53637e-13
-1.46637e-13
-1.37506e-13
-1.27673e-13
-1.16969e-13
-1.07421e-13
-9.58767e-14
-8.85292e-14
-8.62963e-14
-8.05088e-14
-7.00324e-14
-6.19137e-14
-5.62905e-14
-4.79459e-14
-3.83168e-14
-3.43483e-14
-2.70237e-14
-1.33103e-14
-4.16355e-15
2.15987e-15
-5.39378e-16
-6.94691e-13
-6.96758e-13
-6.96418e-13
-6.90464e-13
-6.84905e-13
-6.85309e-13
-6.83081e-13
-6.79258e-13
-6.78203e-13
-6.73575e-13
-6.70021e-13
-6.65144e-13
-6.56831e-13
-6.47449e-13
-6.3959e-13
-6.32159e-13
-6.26583e-13
-6.21825e-13
-6.11415e-13
-5.94599e-13
-5.75805e-13
-5.62363e-13
-5.58844e-13
-5.59194e-13
-5.56724e-13
-5.49262e-13
-5.40275e-13
-5.36233e-13
-5.29525e-13
-5.28178e-13
-5.25067e-13
-5.09479e-13
-4.96543e-13
-4.88119e-13
-4.79347e-13
-4.74804e-13
-4.70649e-13
-4.64363e-13
-4.57973e-13
-4.49526e-13
-4.41201e-13
-4.3067e-13
-4.22778e-13
-4.17649e-13
-4.15219e-13
-4.0537e-13
-3.97436e-13
-3.84902e-13
-3.814e-13
-3.733e-13
-3.61245e-13
-3.55656e-13
-3.49059e-13
-3.40366e-13
-3.31918e-13
-3.18664e-13
-3.07048e-13
-3.10435e-13
-3.14082e-13
-3.04855e-13
-2.94859e-13
-2.83103e-13
-2.70862e-13
-2.63523e-13
-2.52218e-13
-2.40748e-13
-2.3152e-13
-2.26305e-13
-2.2434e-13
-2.18739e-13
-2.12566e-13
-2.07122e-13
-2.01357e-13
-1.88762e-13
-1.80349e-13
-1.72477e-13
-1.6673e-13
-1.67562e-13
-1.66451e-13
-1.5615e-13
-1.4475e-13
-1.32328e-13
-1.23996e-13
-1.12361e-13
-1.04091e-13
-9.83698e-14
-8.90635e-14
-8.51273e-14
-7.79004e-14
-6.98652e-14
-6.66656e-14
-5.82972e-14
-4.98208e-14
-4.01524e-14
-3.34624e-14
-2.46919e-14
-1.6609e-14
-5.65804e-15
4.59364e-16
-1.03145e-15
-7.00407e-13
-6.91444e-13
-6.90178e-13
-6.83982e-13
-6.87025e-13
-6.88608e-13
-6.90464e-13
-6.87467e-13
-6.79664e-13
-6.72351e-13
-6.66426e-13
-6.60873e-13
-6.52918e-13
-6.48921e-13
-6.43574e-13
-6.31593e-13
-6.20206e-13
-6.11453e-13
-6.05135e-13
-5.95438e-13
-5.83324e-13
-5.69117e-13
-5.62877e-13
-5.5784e-13
-5.53417e-13
-5.50273e-13
-5.47132e-13
-5.3916e-13
-5.29993e-13
-5.25172e-13
-5.18386e-13
-5.10682e-13
-5.00368e-13
-4.90205e-13
-4.78821e-13
-4.71773e-13
-4.69579e-13
-4.61726e-13
-4.54545e-13
-4.47349e-13
-4.4095e-13
-4.3491e-13
-4.28797e-13
-4.18419e-13
-4.12704e-13
-4.02864e-13
-3.9519e-13
-3.9208e-13
-3.83454e-13
-3.71858e-13
-3.59394e-13
-3.53477e-13
-3.45782e-13
-3.34888e-13
-3.27967e-13
-3.24416e-13
-3.17826e-13
-3.15801e-13
-3.09238e-13
-2.98799e-13
-2.97425e-13
-2.86876e-13
-2.73401e-13
-2.63456e-13
-2.52323e-13
-2.41074e-13
-2.3577e-13
-2.28737e-13
-2.24053e-13
-2.21005e-13
-2.13891e-13
-2.04046e-13
-1.97985e-13
-1.88394e-13
-1.82733e-13
-1.73184e-13
-1.68577e-13
-1.64304e-13
-1.60433e-13
-1.55795e-13
-1.44374e-13
-1.32911e-13
-1.22428e-13
-1.13294e-13
-1.07353e-13
-9.94881e-14
-9.23101e-14
-8.3369e-14
-7.57297e-14
-7.18567e-14
-6.38202e-14
-5.5911e-14
-4.98266e-14
-4.38364e-14
-3.49519e-14
-2.59522e-14
-1.72106e-14
-6.87271e-15
1.12076e-15
6.3157e-16
-6.97575e-13
-6.922e-13
-6.93413e-13
-6.88393e-13
-6.86725e-13
-6.87235e-13
-6.84406e-13
-6.78718e-13
-6.78146e-13
-6.78569e-13
-6.72385e-13
-6.61442e-13
-6.51105e-13
-6.50999e-13
-6.39547e-13
-6.31337e-13
-6.21506e-13
-6.14595e-13
-6.0785e-13
-5.99228e-13
-5.81218e-13
-5.67503e-13
-5.59397e-13
-5.55531e-13
-5.51949e-13
-5.50742e-13
-5.46161e-13
-5.37471e-13
-5.28889e-13
-5.23988e-13
-5.19526e-13
-5.11327e-13
-5.02597e-13
-4.9168e-13
-4.80546e-13
-4.72445e-13
-4.68046e-13
-4.61427e-13
-4.54064e-13
-4.45711e-13
-4.4094e-13
-4.33388e-13
-4.27819e-13
-4.1958e-13
-4.13528e-13
-4.07262e-13
-3.98381e-13
-3.87432e-13
-3.80939e-13
-3.71444e-13
-3.60357e-13
-3.52934e-13
-3.44243e-13
-3.39769e-13
-3.37522e-13
-3.26521e-13
-3.16933e-13
-3.11118e-13
-3.06878e-13
-2.99524e-13
-2.9454e-13
-2.86119e-13
-2.72578e-13
-2.62998e-13
-2.51344e-13
-2.43018e-13
-2.30851e-13
-2.23587e-13
-2.22318e-13
-2.22179e-13
-2.144e-13
-2.07301e-13
-1.99275e-13
-1.89413e-13
-1.79862e-13
-1.72094e-13
-1.70176e-13
-1.66747e-13
-1.6177e-13
-1.5489e-13
-1.43348e-13
-1.33044e-13
-1.18929e-13
-1.13367e-13
-1.06841e-13
-9.48023e-14
-8.65921e-14
-8.49849e-14
-8.2662e-14
-7.40151e-14
-6.09415e-14
-5.2776e-14
-4.93435e-14
-4.04808e-14
-3.57597e-14
-2.79165e-14
-1.43741e-14
-3.4952e-15
1.37377e-15
1.41727e-16
-6.89512e-13
-6.92658e-13
-6.92449e-13
-6.91326e-13
-6.93014e-13
-6.9005e-13
-6.83573e-13
-6.83437e-13
-6.81559e-13
-6.74807e-13
-6.65299e-13
-6.56414e-13
-6.4899e-13
-6.46259e-13
-6.44408e-13
-6.35459e-13
-6.22971e-13
-6.15344e-13
-6.03497e-13
-5.94844e-13
-5.82526e-13
-5.69867e-13
-5.59707e-13
-5.53443e-13
-5.4814e-13
-5.47275e-13
-5.43486e-13
-5.39649e-13
-5.35456e-13
-5.29755e-13
-5.18808e-13
-5.03823e-13
-4.9632e-13
-4.89324e-13
-4.85061e-13
-4.78492e-13
-4.7374e-13
-4.65004e-13
-4.54708e-13
-4.45133e-13
-4.37433e-13
-4.32605e-13
-4.26097e-13
-4.20468e-13
-4.14756e-13
-4.07791e-13
-4.00324e-13
-3.89611e-13
-3.80287e-13
-3.7097e-13
-3.61538e-13
-3.49259e-13
-3.4373e-13
-3.39224e-13
-3.36802e-13
-3.26243e-13
-3.16826e-13
-3.11865e-13
-3.06326e-13
-2.98876e-13
-2.90673e-13
-2.84253e-13
-2.75734e-13
-2.66516e-13
-2.55856e-13
-2.42004e-13
-2.30402e-13
-2.25483e-13
-2.21365e-13
-2.18803e-13
-2.13748e-13
-2.07229e-13
-1.97468e-13
-1.89929e-13
-1.81985e-13
-1.73837e-13
-1.65662e-13
-1.62374e-13
-1.65245e-13
-1.57168e-13
-1.43908e-13
-1.33386e-13
-1.16592e-13
-1.11244e-13
-1.0977e-13
-9.93005e-14
-9.21505e-14
-8.49924e-14
-7.87179e-14
-7.07388e-14
-6.09471e-14
-5.55077e-14
-4.99799e-14
-4.16096e-14
-3.35699e-14
-2.5898e-14
-1.83689e-14
-7.36521e-15
-7.45836e-16
1.41041e-17
-6.88522e-13
-6.94773e-13
-6.97629e-13
-6.93482e-13
-6.88454e-13
-6.83254e-13
-6.77653e-13
-6.81869e-13
-6.85536e-13
-6.75494e-13
-6.6636e-13
-6.59022e-13
-6.51527e-13
-6.46609e-13
-6.39701e-13
-6.30335e-13
-6.20557e-13
-6.18212e-13
-6.0832e-13
-5.94711e-13
-5.83471e-13
-5.71904e-13
-5.63112e-13
-5.55804e-13
-5.49101e-13
-5.45737e-13
-5.42829e-13
-5.38333e-13
-5.34083e-13
-5.2369e-13
-5.12915e-13
-5.09201e-13
-5.05415e-13
-4.93243e-13
-4.80564e-13
-4.7258e-13
-4.68264e-13
-4.61715e-13
-4.5521e-13
-4.48223e-13
-4.36091e-13
-4.30744e-13
-4.27105e-13
-4.23696e-13
-4.18236e-13
-4.09808e-13
-4.01112e-13
-3.90742e-13
-3.78045e-13
-3.68666e-13
-3.60155e-13
-3.51014e-13
-3.43819e-13
-3.40231e-13
-3.37056e-13
-3.29843e-13
-3.20432e-13
-3.10455e-13
-3.02146e-13
-2.99089e-13
-2.92336e-13
-2.81691e-13
-2.7103e-13
-2.62923e-13
-2.5496e-13
-2.45851e-13
-2.38325e-13
-2.29384e-13
-2.2084e-13
-2.13416e-13
-2.11168e-13
-2.08193e-13
-2.00722e-13
-1.91276e-13
-1.83524e-13
-1.7622e-13
-1.66907e-13
-1.62064e-13
-1.57376e-13
-1.50931e-13
-1.42056e-13
-1.32021e-13
-1.21156e-13
-1.14357e-13
-1.08335e-13
-1.00981e-13
-9.09238e-14
-8.0717e-14
-7.55593e-14
-6.88823e-14
-6.15686e-14
-5.4157e-14
-5.10775e-14
-4.43138e-14
-3.42905e-14
-2.41193e-14
-1.71195e-14
-9.16191e-15
-3.20152e-15
8.40274e-16
-6.90894e-13
-6.90712e-13
-6.90675e-13
-6.92652e-13
-6.93864e-13
-6.89344e-13
-6.84332e-13
-6.82586e-13
-6.78682e-13
-6.71565e-13
-6.65357e-13
-6.60705e-13
-6.51637e-13
-6.41554e-13
-6.3875e-13
-6.39588e-13
-6.29968e-13
-6.17308e-13
-6.03936e-13
-5.93888e-13
-5.80796e-13
-5.67999e-13
-5.59116e-13
-5.52648e-13
-5.49086e-13
-5.44713e-13
-5.41774e-13
-5.39139e-13
-5.32653e-13
-5.23308e-13
-5.14695e-13
-5.11896e-13
-4.99372e-13
-4.89996e-13
-4.82945e-13
-4.75602e-13
-4.71316e-13
-4.64053e-13
-4.56416e-13
-4.45347e-13
-4.3807e-13
-4.33177e-13
-4.28533e-13
-4.24896e-13
-4.16835e-13
-4.09114e-13
-4.02178e-13
-3.91408e-13
-3.76953e-13
-3.66618e-13
-3.58177e-13
-3.50059e-13
-3.47766e-13
-3.41986e-13
-3.33303e-13
-3.2577e-13
-3.19146e-13
-3.09776e-13
-3.01695e-13
-2.9657e-13
-2.92947e-13
-2.81512e-13
-2.70804e-13
-2.62217e-13
-2.54039e-13
-2.44643e-13
-2.33521e-13
-2.26324e-13
-2.21836e-13
-2.19101e-13
-2.16512e-13
-2.09416e-13
-2.01212e-13
-1.9153e-13
-1.81869e-13
-1.71949e-13
-1.65702e-13
-1.63554e-13
-1.57685e-13
-1.51219e-13
-1.42628e-13
-1.32328e-13
-1.21585e-13
-1.15704e-13
-1.1241e-13
-1.04421e-13
-9.32833e-14
-8.28466e-14
-7.65366e-14
-6.72571e-14
-5.82351e-14
-5.05868e-14
-4.63383e-14
-4.28978e-14
-3.722e-14
-2.92507e-14
-1.68343e-14
-4.53922e-15
1.48343e-15
9.32966e-16
-6.89731e-13
-6.93888e-13
-7.00554e-13
-6.92345e-13
-6.87944e-13
-6.8341e-13
-6.76716e-13
-6.80057e-13
-6.79489e-13
-6.79422e-13
-6.72755e-13
-6.604e-13
-6.49163e-13
-6.39446e-13
-6.33418e-13
-6.32026e-13
-6.33362e-13
-6.22486e-13
-6.06804e-13
-5.95316e-13
-5.79589e-13
-5.65545e-13
-5.58128e-13
-5.51519e-13
-5.46478e-13
-5.44762e-13
-5.43802e-13
-5.39707e-13
-5.33605e-13
-5.25268e-13
-5.19439e-13
-5.12563e-13
-5.0238e-13
-4.87315e-13
-4.76026e-13
-4.70173e-13
-4.66121e-13
-4.62228e-13
-4.57184e-13
-4.47624e-13
-4.39664e-13
-4.35098e-13
-4.3071e-13
-4.24387e-13
-4.17253e-13
-4.08611e-13
-3.98883e-13
-3.90113e-13
-3.81235e-13
-3.69163e-13
-3.60074e-13
-3.51615e-13
-3.42478e-13
-3.36227e-13
-3.31512e-13
-3.27593e-13
-3.19134e-13
-3.10924e-13
-3.01748e-13
-2.94327e-13
-2.92508e-13
-2.83291e-13
-2.73243e-13
-2.6434e-13
-2.53799e-13
-2.42287e-13
-2.32714e-13
-2.29865e-13
-2.2259e-13
-2.17486e-13
-2.12913e-13
-2.08157e-13
-2.04433e-13
-1.94389e-13
-1.78992e-13
-1.66891e-13
-1.66574e-13
-1.66278e-13
-1.5992e-13
-1.49233e-13
-1.40233e-13
-1.34905e-13
-1.24949e-13
-1.18018e-13
-1.12869e-13
-9.94196e-14
-8.79968e-14
-8.38354e-14
-7.77439e-14
-6.9146e-14
-5.89387e-14
-4.92805e-14
-4.2645e-14
-3.86991e-14
-3.79465e-14
-3.40278e-14
-1.88863e-14
-2.78479e-15
4.05664e-15
1.06412e-15
-6.90295e-13
-6.90676e-13
-6.94765e-13
-6.94244e-13
-6.91551e-13
-6.85365e-13
-6.82102e-13
-6.80295e-13
-6.78253e-13
-6.6911e-13
-6.62545e-13
-6.5625e-13
-6.52736e-13
-6.47483e-13
-6.4242e-13
-6.39508e-13
-6.29856e-13
-6.17582e-13
-6.06705e-13
-5.92995e-13
-5.78356e-13
-5.64185e-13
-5.57243e-13
-5.52723e-13
-5.47132e-13
-5.40999e-13
-5.42253e-13
-5.36646e-13
-5.25404e-13
-5.20514e-13
-5.20009e-13
-5.13785e-13
-5.07391e-13
-4.95897e-13
-4.77465e-13
-4.66979e-13
-4.63914e-13
-4.60377e-13
-4.57355e-13
-4.48966e-13
-4.41111e-13
-4.34324e-13
-4.3008e-13
-4.26568e-13
-4.20023e-13
-4.14137e-13
-4.00249e-13
-3.86615e-13
-3.76681e-13
-3.65147e-13
-3.58044e-13
-3.53895e-13
-3.46442e-13
-3.37944e-13
-3.3115e-13
-3.25566e-13
-3.14266e-13
-3.0752e-13
-3.00086e-13
-2.94896e-13
-2.91559e-13
-2.80838e-13
-2.70627e-13
-2.63005e-13
-2.52389e-13
-2.40865e-13
-2.34216e-13
-2.27166e-13
-2.21505e-13
-2.23773e-13
-2.19541e-13
-2.12996e-13
-2.03477e-13
-1.91098e-13
-1.77585e-13
-1.66985e-13
-1.64749e-13
-1.66214e-13
-1.59828e-13
-1.50918e-13
-1.42359e-13
-1.34688e-13
-1.24176e-13
-1.15868e-13
-1.11242e-13
-1.01511e-13
-8.79658e-14
-8.27441e-14
-7.82785e-14
-7.13236e-14
-6.02577e-14
-4.85936e-14
-4.3287e-14
-4.07311e-14
-4.0859e-14
-3.37141e-14
-1.68172e-14
-5.43827e-15
9.38099e-16
1.37795e-15
-6.94038e-13
-6.9369e-13
-6.95886e-13
-6.909e-13
-6.8679e-13
-6.8618e-13
-6.84662e-13
-6.80955e-13
-6.75545e-13
-6.6878e-13
-6.60495e-13
-6.56033e-13
-6.50976e-13
-6.47563e-13
-6.43434e-13
-6.36858e-13
-6.28832e-13
-6.18232e-13
-6.04379e-13
-5.93204e-13
-5.73723e-13
-5.64539e-13
-5.60964e-13
-5.53532e-13
-5.4812e-13
-5.43494e-13
-5.4074e-13
-5.40331e-13
-5.34147e-13
-5.25586e-13
-5.18383e-13
-5.10031e-13
-5.00456e-13
-4.86253e-13
-4.72733e-13
-4.65171e-13
-4.65e-13
-4.61656e-13
-4.60315e-13
-4.51741e-13
-4.4147e-13
-4.37556e-13
-4.32387e-13
-4.22261e-13
-4.15925e-13
-4.1056e-13
-3.99929e-13
-3.85093e-13
-3.76216e-13
-3.67964e-13
-3.59395e-13
-3.55161e-13
-3.50127e-13
-3.35863e-13
-3.28672e-13
-3.2393e-13
-3.1361e-13
-3.07113e-13
-3.00061e-13
-2.9546e-13
-2.90343e-13
-2.81343e-13
-2.71134e-13
-2.64807e-13
-2.53522e-13
-2.42715e-13
-2.36522e-13
-2.3226e-13
-2.23535e-13
-2.15011e-13
-2.12057e-13
-2.09001e-13
-2.0117e-13
-1.90799e-13
-1.79947e-13
-1.69473e-13
-1.67558e-13
-1.64691e-13
-1.60497e-13
-1.5217e-13
-1.4312e-13
-1.33358e-13
-1.24258e-13
-1.17357e-13
-1.13224e-13
-1.01688e-13
-8.9158e-14
-8.40613e-14
-7.49625e-14
-6.60475e-14
-6.08381e-14
-5.26121e-14
-4.49419e-14
-4.16392e-14
-3.95939e-14
-3.13798e-14
-2.08336e-14
-8.61204e-15
-1.44246e-15
1.96679e-16
-6.86373e-13
-6.97258e-13
-6.97491e-13
-6.94941e-13
-6.90906e-13
-6.87338e-13
-6.8614e-13
-6.80932e-13
-6.75277e-13
-6.67304e-13
-6.55401e-13
-6.47176e-13
-6.45845e-13
-6.45543e-13
-6.419e-13
-6.36312e-13
-6.30812e-13
-6.20303e-13
-6.03987e-13
-5.91589e-13
-5.81885e-13
-5.71099e-13
-5.60551e-13
-5.51078e-13
-5.46289e-13
-5.41502e-13
-5.39769e-13
-5.37316e-13
-5.31843e-13
-5.22238e-13
-5.12367e-13
-5.05574e-13
-4.97303e-13
-4.89183e-13
-4.81755e-13
-4.72836e-13
-4.6645e-13
-4.60154e-13
-4.56831e-13
-4.50646e-13
-4.42763e-13
-4.38431e-13
-4.30759e-13
-4.237e-13
-4.18682e-13
-4.09415e-13
-3.9729e-13
-3.86369e-13
-3.77894e-13
-3.69209e-13
-3.59252e-13
-3.51591e-13
-3.4735e-13
-3.38074e-13
-3.306e-13
-3.22794e-13
-3.11771e-13
-3.08041e-13
-3.01348e-13
-2.95538e-13
-2.87973e-13
-2.77888e-13
-2.65577e-13
-2.57578e-13
-2.53028e-13
-2.48308e-13
-2.41579e-13
-2.3542e-13
-2.27906e-13
-2.20761e-13
-2.11501e-13
-2.03099e-13
-1.94285e-13
-1.86412e-13
-1.80094e-13
-1.74623e-13
-1.71041e-13
-1.64428e-13
-1.56812e-13
-1.50479e-13
-1.44964e-13
-1.35044e-13
-1.24352e-13
-1.17421e-13
-1.10979e-13
-1.01267e-13
-9.16813e-14
-8.03686e-14
-7.31119e-14
-6.99882e-14
-6.334e-14
-5.49644e-14
-4.85158e-14
-4.35907e-14
-3.83029e-14
-3.34977e-14
-2.63356e-14
-1.37544e-14
-6.90202e-15
-1.71553e-15
-6.92136e-13
-6.9221e-13
-6.92933e-13
-6.93043e-13
-6.91333e-13
-6.90791e-13
-6.87737e-13
-6.83006e-13
-6.71438e-13
-6.63229e-13
-6.53795e-13
-6.48625e-13
-6.44365e-13
-6.45709e-13
-6.4511e-13
-6.3932e-13
-6.2931e-13
-6.12036e-13
-6.01062e-13
-5.88487e-13
-5.77396e-13
-5.72888e-13
-5.67239e-13
-5.58344e-13
-5.50426e-13
-5.45106e-13
-5.40012e-13
-5.3479e-13
-5.31873e-13
-5.23307e-13
-5.11918e-13
-5.00405e-13
-4.93844e-13
-4.88963e-13
-4.79548e-13
-4.71486e-13
-4.65781e-13
-4.60648e-13
-4.56469e-13
-4.5004e-13
-4.44389e-13
-4.38589e-13
-4.29801e-13
-4.23814e-13
-4.15585e-13
-4.07875e-13
-3.97759e-13
-3.87771e-13
-3.77855e-13
-3.68798e-13
-3.59029e-13
-3.50721e-13
-3.47181e-13
-3.39812e-13
-3.32312e-13
-3.24205e-13
-3.13461e-13
-3.06933e-13
-2.98523e-13
-2.91059e-13
-2.87278e-13
-2.79629e-13
-2.70212e-13
-2.63246e-13
-2.52858e-13
-2.47169e-13
-2.40424e-13
-2.36089e-13
-2.29023e-13
-2.1965e-13
-2.07754e-13
-1.9814e-13
-1.9298e-13
-1.89873e-13
-1.83633e-13
-1.76254e-13
-1.70868e-13
-1.59135e-13
-1.55611e-13
-1.51181e-13
-1.47642e-13
-1.39153e-13
-1.26478e-13
-1.16782e-13
-1.0896e-13
-1.00187e-13
-8.98806e-14
-8.28218e-14
-7.57979e-14
-7.01216e-14
-6.3965e-14
-5.54119e-14
-4.8424e-14
-4.57677e-14
-3.92911e-14
-3.52588e-14
-2.64486e-14
-1.46201e-14
-8.31071e-15
-9.19518e-16
-6.94366e-13
-6.93313e-13
-6.9023e-13
-6.9241e-13
-6.91438e-13
-6.90028e-13
-6.89866e-13
-6.8718e-13
-6.73116e-13
-6.63042e-13
-6.50793e-13
-6.45234e-13
-6.43439e-13
-6.43413e-13
-6.39909e-13
-6.35505e-13
-6.26732e-13
-6.15619e-13
-6.04068e-13
-5.9349e-13
-5.79756e-13
-5.71974e-13
-5.6581e-13
-5.5743e-13
-5.48448e-13
-5.43732e-13
-5.4062e-13
-5.36452e-13
-5.28456e-13
-5.1961e-13
-5.084e-13
-4.98386e-13
-4.95629e-13
-4.8976e-13
-4.84935e-13
-4.71752e-13
-4.63723e-13
-4.60989e-13
-4.57355e-13
-4.51051e-13
-4.45217e-13
-4.35694e-13
-4.28053e-13
-4.21693e-13
-4.16367e-13
-4.08896e-13
-3.98865e-13
-3.8657e-13
-3.79711e-13
-3.68202e-13
-3.60515e-13
-3.53147e-13
-3.46007e-13
-3.37624e-13
-3.29276e-13
-3.22446e-13
-3.13571e-13
-3.05452e-13
-2.96055e-13
-2.9161e-13
-2.89172e-13
-2.82773e-13
-2.69222e-13
-2.60043e-13
-2.51877e-13
-2.48369e-13
-2.41697e-13
-2.32906e-13
-2.26327e-13
-2.20578e-13
-2.12765e-13
-2.03064e-13
-1.91934e-13
-1.8389e-13
-1.78373e-13
-1.74722e-13
-1.72662e-13
-1.6538e-13
-1.55496e-13
-1.48076e-13
-1.42589e-13
-1.36946e-13
-1.29987e-13
-1.20812e-13
-1.11984e-13
-9.90686e-14
-8.739e-14
-8.16842e-14
-7.55326e-14
-7.13365e-14
-6.55387e-14
-5.78563e-14
-5.17814e-14
-4.75151e-14
-4.12735e-14
-3.21023e-14
-2.27488e-14
-1.44159e-14
-8.12432e-15
-1.28406e-15
-6.94032e-13
-6.91315e-13
-6.91482e-13
-6.88531e-13
-6.92655e-13
-6.9524e-13
-6.87104e-13
-6.81081e-13
-6.72369e-13
-6.62053e-13
-6.52814e-13
-6.47841e-13
-6.46731e-13
-6.43818e-13
-6.38508e-13
-6.34823e-13
-6.29054e-13
-6.17076e-13
-6.02992e-13
-5.92481e-13
-5.79313e-13
-5.71274e-13
-5.65702e-13
-5.55073e-13
-5.48736e-13
-5.47146e-13
-5.40843e-13
-5.32147e-13
-5.26996e-13
-5.21628e-13
-5.12805e-13
-5.04163e-13
-4.93128e-13
-4.83176e-13
-4.79057e-13
-4.72359e-13
-4.6572e-13
-4.626e-13
-4.58009e-13
-4.50855e-13
-4.43608e-13
-4.35139e-13
-4.26975e-13
-4.22069e-13
-4.18641e-13
-4.08648e-13
-3.95329e-13
-3.84884e-13
-3.77827e-13
-3.70136e-13
-3.60909e-13
-3.51511e-13
-3.44435e-13
-3.36799e-13
-3.27255e-13
-3.21641e-13
-3.14866e-13
-3.07645e-13
-3.02076e-13
-2.9438e-13
-2.8533e-13
-2.75222e-13
-2.64782e-13
-2.6041e-13
-2.5605e-13
-2.51966e-13
-2.46122e-13
-2.35995e-13
-2.27677e-13
-2.19397e-13
-2.06986e-13
-1.98068e-13
-1.88927e-13
-1.85365e-13
-1.82668e-13
-1.78088e-13
-1.71594e-13
-1.63545e-13
-1.55211e-13
-1.49249e-13
-1.45065e-13
-1.37046e-13
-1.25238e-13
-1.16577e-13
-1.10907e-13
-1.03077e-13
-8.96935e-14
-8.09357e-14
-7.56334e-14
-7.29649e-14
-6.56721e-14
-5.80913e-14
-5.2057e-14
-4.754e-14
-4.12317e-14
-3.30519e-14
-2.52327e-14
-1.509e-14
-8.77313e-15
-3.30747e-15
-6.92079e-13
-6.8763e-13
-6.93278e-13
-6.9478e-13
-6.92753e-13
-6.90966e-13
-6.89817e-13
-6.82322e-13
-6.73494e-13
-6.64869e-13
-6.5585e-13
-6.47381e-13
-6.41543e-13
-6.38144e-13
-6.34436e-13
-6.31911e-13
-6.25753e-13
-6.18082e-13
-6.04787e-13
-5.92613e-13
-5.8212e-13
-5.75506e-13
-5.68064e-13
-5.5961e-13
-5.50072e-13
-5.44655e-13
-5.40125e-13
-5.3056e-13
-5.24949e-13
-5.20277e-13
-5.10682e-13
-5.02319e-13
-4.91985e-13
-4.83931e-13
-4.78164e-13
-4.72959e-13
-4.64251e-13
-4.6149e-13
-4.58282e-13
-4.53189e-13
-4.43976e-13
-4.34829e-13
-4.2623e-13
-4.19902e-13
-4.15862e-13
-4.08717e-13
-3.98665e-13
-3.8716e-13
-3.7661e-13
-3.67611e-13
-3.60385e-13
-3.52475e-13
-3.43064e-13
-3.35738e-13
-3.28256e-13
-3.2085e-13
-3.13627e-13
-3.06313e-13
-3.00916e-13
-2.95219e-13
-2.84201e-13
-2.76663e-13
-2.68358e-13
-2.60527e-13
-2.56428e-13
-2.50518e-13
-2.42e-13
-2.34495e-13
-2.27827e-13
-2.17472e-13
-2.09008e-13
-2.00503e-13
-1.90972e-13
-1.86457e-13
-1.82056e-13
-1.75086e-13
-1.68735e-13
-1.60855e-13
-1.54742e-13
-1.50276e-13
-1.45451e-13
-1.39117e-13
-1.2905e-13
-1.18795e-13
-1.08717e-13
-1.00777e-13
-9.02565e-14
-8.04646e-14
-7.5609e-14
-7.36865e-14
-6.86572e-14
-5.96827e-14
-5.08888e-14
-4.75521e-14
-4.15023e-14
-3.33852e-14
-2.35603e-14
-1.49678e-14
-9.49578e-15
-3.27078e-15
-6.91238e-13
-6.86418e-13
-6.90041e-13
-6.96712e-13
-6.9599e-13
-6.93013e-13
-6.89192e-13
-6.81744e-13
-6.74679e-13
-6.6578e-13
-6.54054e-13
-6.45141e-13
-6.41849e-13
-6.4138e-13
-6.40591e-13
-6.3243e-13
-6.25893e-13
-6.15405e-13
-6.00179e-13
-5.8992e-13
-5.82357e-13
-5.75718e-13
-5.6779e-13
-5.58036e-13
-5.49746e-13
-5.45962e-13
-5.41771e-13
-5.33472e-13
-5.23442e-13
-5.16153e-13
-5.0958e-13
-4.98387e-13
-4.86879e-13
-4.8301e-13
-4.80872e-13
-4.75089e-13
-4.67567e-13
-4.61794e-13
-4.55837e-13
-4.47413e-13
-4.43103e-13
-4.35156e-13
-4.27035e-13
-4.22901e-13
-4.18071e-13
-4.08404e-13
-3.9793e-13
-3.87057e-13
-3.77632e-13
-3.66711e-13
-3.55782e-13
-3.48696e-13
-3.46136e-13
-3.37742e-13
-3.27912e-13
-3.20292e-13
-3.12811e-13
-3.0745e-13
-3.011e-13
-2.93105e-13
-2.83666e-13
-2.77025e-13
-2.73248e-13
-2.65302e-13
-2.57585e-13
-2.46668e-13
-2.35665e-13
-2.29039e-13
-2.23783e-13
-2.19251e-13
-2.12975e-13
-2.04616e-13
-1.95015e-13
-1.86028e-13
-1.78994e-13
-1.74006e-13
-1.69088e-13
-1.63517e-13
-1.5627e-13
-1.47e-13
-1.40477e-13
-1.36729e-13
-1.32332e-13
-1.20743e-13
-1.07372e-13
-9.70673e-14
-8.85875e-14
-8.09895e-14
-7.63031e-14
-7.56834e-14
-7.16836e-14
-6.33611e-14
-5.23318e-14
-4.68857e-14
-3.88979e-14
-3.21788e-14
-2.03607e-14
-1.27248e-14
-6.12376e-15
-1.31044e-15
-6.91088e-13
-6.89348e-13
-6.93199e-13
-6.9387e-13
-6.95745e-13
-6.95348e-13
-6.90893e-13
-6.81344e-13
-6.71683e-13
-6.63594e-13
-6.52944e-13
-6.4828e-13
-6.44759e-13
-6.40777e-13
-6.34231e-13
-6.2824e-13
-6.16289e-13
-6.14826e-13
-6.07945e-13
-5.97413e-13
-5.86634e-13
-5.75822e-13
-5.68499e-13
-5.60654e-13
-5.53932e-13
-5.45478e-13
-5.36675e-13
-5.29414e-13
-5.21672e-13
-5.14691e-13
-5.12996e-13
-5.01222e-13
-4.88018e-13
-4.8289e-13
-4.756e-13
-4.71102e-13
-4.67249e-13
-4.63952e-13
-4.58664e-13
-4.51515e-13
-4.43778e-13
-4.31227e-13
-4.24676e-13
-4.20421e-13
-4.16179e-13
-4.09673e-13
-4.01232e-13
-3.88181e-13
-3.78595e-13
-3.67957e-13
-3.577e-13
-3.48587e-13
-3.44129e-13
-3.36862e-13
-3.28037e-13
-3.17203e-13
-3.08661e-13
-3.06934e-13
-3.02602e-13
-2.98659e-13
-2.86767e-13
-2.77412e-13
-2.67988e-13
-2.6098e-13
-2.54619e-13
-2.48442e-13
-2.41848e-13
-2.32538e-13
-2.2338e-13
-2.1563e-13
-2.09075e-13
-2.00758e-13
-1.91439e-13
-1.83933e-13
-1.78033e-13
-1.74964e-13
-1.7131e-13
-1.64672e-13
-1.56973e-13
-1.48022e-13
-1.41471e-13
-1.37316e-13
-1.27999e-13
-1.16837e-13
-1.07875e-13
-1.0181e-13
-9.31723e-14
-8.43672e-14
-7.86942e-14
-7.38398e-14
-6.75783e-14
-6.26262e-14
-5.50137e-14
-4.52051e-14
-3.76188e-14
-2.90319e-14
-2.08035e-14
-1.51504e-14
-9.175e-15
-2.53871e-15
-6.91713e-13
-6.89563e-13
-6.89108e-13
-6.95408e-13
-6.96675e-13
-6.95741e-13
-6.9014e-13
-6.80847e-13
-6.73063e-13
-6.63888e-13
-6.52694e-13
-6.45512e-13
-6.43631e-13
-6.42618e-13
-6.36602e-13
-6.29085e-13
-6.23115e-13
-6.17131e-13
-6.05465e-13
-5.93692e-13
-5.84173e-13
-5.7476e-13
-5.66741e-13
-5.5768e-13
-5.51195e-13
-5.45249e-13
-5.3742e-13
-5.33036e-13
-5.26026e-13
-5.1385e-13
-5.07471e-13
-4.98084e-13
-4.8838e-13
-4.83086e-13
-4.78094e-13
-4.73189e-13
-4.68517e-13
-4.61843e-13
-4.55577e-13
-4.48355e-13
-4.43406e-13
-4.3289e-13
-4.27193e-13
-4.21917e-13
-4.1581e-13
-4.08035e-13
-3.99279e-13
-3.90119e-13
-3.77981e-13
-3.64595e-13
-3.56569e-13
-3.49253e-13
-3.45544e-13
-3.36246e-13
-3.28876e-13
-3.23564e-13
-3.13143e-13
-3.05234e-13
-3.01029e-13
-2.94976e-13
-2.88061e-13
-2.80263e-13
-2.69996e-13
-2.60964e-13
-2.52399e-13
-2.45327e-13
-2.3885e-13
-2.31757e-13
-2.24467e-13
-2.16918e-13
-2.1082e-13
-2.02534e-13
-1.93687e-13
-1.85428e-13
-1.77679e-13
-1.73219e-13
-1.7206e-13
-1.64187e-13
-1.55055e-13
-1.45555e-13
-1.39599e-13
-1.37481e-13
-1.32766e-13
-1.1926e-13
-1.08534e-13
-9.84096e-14
-8.8772e-14
-8.23716e-14
-7.89382e-14
-7.46477e-14
-7.03844e-14
-6.27798e-14
-5.64926e-14
-4.61726e-14
-3.7872e-14
-2.86959e-14
-1.91475e-14
-1.32564e-14
-8.71263e-15
-4.25242e-15
-6.89995e-13
-6.89352e-13
-6.91428e-13
-6.9524e-13
-6.97385e-13
-6.94923e-13
-6.92387e-13
-6.85035e-13
-6.74763e-13
-6.65158e-13
-6.50942e-13
-6.42275e-13
-6.44119e-13
-6.39872e-13
-6.35176e-13
-6.2686e-13
-6.17941e-13
-6.15579e-13
-6.08944e-13
-6.01559e-13
-5.87247e-13
-5.75869e-13
-5.68379e-13
-5.60251e-13
-5.4931e-13
-5.41222e-13
-5.3553e-13
-5.30891e-13
-5.2478e-13
-5.19552e-13
-5.12082e-13
-4.97502e-13
-4.87754e-13
-4.80153e-13
-4.7507e-13
-4.71393e-13
-4.66175e-13
-4.62856e-13
-4.59435e-13
-4.51304e-13
-4.43603e-13
-4.3364e-13
-4.26008e-13
-4.18324e-13
-4.15647e-13
-4.0872e-13
-4.01676e-13
-3.9074e-13
-3.77749e-13
-3.67396e-13
-3.58245e-13
-3.48258e-13
-3.44431e-13
-3.35683e-13
-3.26807e-13
-3.20694e-13
-3.12171e-13
-3.06879e-13
-3.02497e-13
-2.96636e-13
-2.86671e-13
-2.77971e-13
-2.68532e-13
-2.6076e-13
-2.53853e-13
-2.47467e-13
-2.41603e-13
-2.32732e-13
-2.2462e-13
-2.1726e-13
-2.07885e-13
-1.97709e-13
-1.89823e-13
-1.84321e-13
-1.79068e-13
-1.75232e-13
-1.72934e-13
-1.65246e-13
-1.54679e-13
-1.43786e-13
-1.40009e-13
-1.3769e-13
-1.32252e-13
-1.19577e-13
-1.08381e-13
-9.80074e-14
-9.20451e-14
-8.35908e-14
-7.96427e-14
-7.37357e-14
-6.97108e-14
-6.51156e-14
-5.80006e-14
-4.75248e-14
-3.68059e-14
-2.60844e-14
-1.67146e-14
-1.15129e-14
-7.09084e-15
-5.66114e-15
)
;

boundaryField
{
    inlet
    {
        type            calculated;
        value           nonuniform List<scalar> 
40
(
-6.95451e-13
-6.92064e-13
-6.91611e-13
-6.92639e-13
-6.93687e-13
-6.90318e-13
-6.95465e-13
-6.94826e-13
-6.97127e-13
-6.97175e-13
-6.95518e-13
-6.98644e-13
-6.96271e-13
-6.92965e-13
-6.92376e-13
-6.9098e-13
-6.97943e-13
-6.9745e-13
-6.92399e-13
-6.99575e-13
-7.02178e-13
-7.00178e-13
-6.94691e-13
-7.00407e-13
-6.97575e-13
-6.89512e-13
-6.88522e-13
-6.90894e-13
-6.89731e-13
-6.90295e-13
-6.94038e-13
-6.86373e-13
-6.92136e-13
-6.94366e-13
-6.94032e-13
-6.92079e-13
-6.91238e-13
-6.91088e-13
-6.91713e-13
-6.89995e-13
)
;
    }
    outlet
    {
        type            calculated;
        value           uniform 0;
    }
    down
    {
        type            empty;
    }
    up
    {
        type            empty;
    }
    sides
    {
        type            calculated;
        value           nonuniform List<scalar> 
200
(
-6.95451e-13
-6.89932e-13
-6.91145e-13
-6.94181e-13
-6.92126e-13
-6.92435e-13
-6.91154e-13
-6.86255e-13
-6.76184e-13
-6.72335e-13
-6.73665e-13
-6.68202e-13
-6.57214e-13
-6.43374e-13
-6.29957e-13
-6.23484e-13
-6.18778e-13
-6.16255e-13
-6.09069e-13
-5.95457e-13
-5.84532e-13
-5.77457e-13
-5.72071e-13
-5.64838e-13
-5.54435e-13
-5.43759e-13
-5.41639e-13
-5.36016e-13
-5.29501e-13
-5.18662e-13
-5.02647e-13
-4.95736e-13
-4.93595e-13
-4.9154e-13
-4.86414e-13
-4.83406e-13
-4.74211e-13
-4.55887e-13
-4.38418e-13
-4.34768e-13
-4.35232e-13
-4.33206e-13
-4.33289e-13
-4.26846e-13
-4.15443e-13
-4.06493e-13
-3.97678e-13
-3.88362e-13
-3.78891e-13
-3.70854e-13
-3.61566e-13
-3.53396e-13
-3.45869e-13
-3.36757e-13
-3.28409e-13
-3.1575e-13
-3.08869e-13
-3.0597e-13
-3.03351e-13
-3.00221e-13
-2.91913e-13
-2.84571e-13
-2.74553e-13
-2.62685e-13
-2.54596e-13
-2.47185e-13
-2.42875e-13
-2.34943e-13
-2.24445e-13
-2.16996e-13
-2.09673e-13
-2.02923e-13
-1.90063e-13
-1.83082e-13
-1.8204e-13
-1.77735e-13
-1.73995e-13
-1.67728e-13
-1.58875e-13
-1.45929e-13
-1.33263e-13
-1.27688e-13
-1.19221e-13
-1.14885e-13
-1.10574e-13
-1.04804e-13
-9.5605e-14
-8.77102e-14
-8.40568e-14
-8.00866e-14
-7.40227e-14
-6.75461e-14
-6.04081e-14
-5.44306e-14
-4.55529e-14
-3.64669e-14
-2.82387e-14
-1.99857e-14
-1.13363e-14
-2.82098e-15
-6.89995e-13
-6.89352e-13
-6.91428e-13
-6.9524e-13
-6.97385e-13
-6.94923e-13
-6.92387e-13
-6.85035e-13
-6.74763e-13
-6.65158e-13
-6.50942e-13
-6.42275e-13
-6.44119e-13
-6.39872e-13
-6.35176e-13
-6.2686e-13
-6.17941e-13
-6.15579e-13
-6.08944e-13
-6.01559e-13
-5.87247e-13
-5.75869e-13
-5.68379e-13
-5.60251e-13
-5.4931e-13
-5.41222e-13
-5.3553e-13
-5.30891e-13
-5.2478e-13
-5.19552e-13
-5.12082e-13
-4.97502e-13
-4.87754e-13
-4.80153e-13
-4.7507e-13
-4.71393e-13
-4.66175e-13
-4.62856e-13
-4.59435e-13
-4.51304e-13
-4.43603e-13
-4.3364e-13
-4.26008e-13
-4.18324e-13
-4.15647e-13
-4.0872e-13
-4.01676e-13
-3.9074e-13
-3.77749e-13
-3.67396e-13
-3.58245e-13
-3.48258e-13
-3.44431e-13
-3.35683e-13
-3.26807e-13
-3.20694e-13
-3.12171e-13
-3.06879e-13
-3.02497e-13
-2.96636e-13
-2.86671e-13
-2.77971e-13
-2.68532e-13
-2.6076e-13
-2.53853e-13
-2.47467e-13
-2.41603e-13
-2.32732e-13
-2.2462e-13
-2.1726e-13
-2.07885e-13
-1.97709e-13
-1.89823e-13
-1.84321e-13
-1.79068e-13
-1.75232e-13
-1.72934e-13
-1.65246e-13
-1.54679e-13
-1.43786e-13
-1.40009e-13
-1.3769e-13
-1.32252e-13
-1.19577e-13
-1.08381e-13
-9.80074e-14
-9.20451e-14
-8.35908e-14
-7.96427e-14
-7.37357e-14
-6.97108e-14
-6.51156e-14
-5.80006e-14
-4.75248e-14
-3.68059e-14
-2.60844e-14
-1.67146e-14
-1.15129e-14
-7.09084e-15
-5.66114e-15
)
;
    }
}

