/*--------------------------------*- C++ -*----------------------------------*\
| =========                 |                                                 |
| \\      /  F ield         | OpenFOAM: The Open Source CFD Toolbox           |
|  \\    /   O peration     | Version:  v2012                                 |
|   \\  /    A nd           | Website:  www.openfoam.com                      |
|    \\/     M anipulation  |                                                 |
\*---------------------------------------------------------------------------*/
FoamFile
{
    version     2.0;
    format      ascii;
    class       volScalarField;
    location    "0";
    object      p;
}
// * * * * * * * * * * * * * * * * * * * * * * * * * * * * * * * * * * * * * //

dimensions      [0 2 -2 0 0 0 0];


internalField   nonuniform List<scalar> 
4000
(
-1.70852e-13
-1.76218e-13
-1.79447e-13
-1.79012e-13
-1.79895e-13
-1.76003e-13
-1.67989e-13
-1.75143e-13
-1.91897e-13
-2.00851e-13
-1.90905e-13
-1.8331e-13
-1.91797e-13
-2.06464e-13
-2.16313e-13
-2.07439e-13
-2.03619e-13
-2.15316e-13
-2.32933e-13
-2.46768e-13
-2.46146e-13
-2.49873e-13
-2.55193e-13
-2.51622e-13
-2.5586e-13
-2.60602e-13
-2.49985e-13
-2.46178e-13
-2.49513e-13
-2.58894e-13
-2.67429e-13
-2.71406e-13
-2.75843e-13
-2.73663e-13
-2.67682e-13
-2.66961e-13
-2.58293e-13
-2.68137e-13
-2.68711e-13
-2.63354e-13
-2.56568e-13
-2.41807e-13
-2.33953e-13
-2.4891e-13
-2.4638e-13
-2.48137e-13
-2.39449e-13
-2.42608e-13
-2.32862e-13
-2.24799e-13
-2.15101e-13
-2.12312e-13
-2.0703e-13
-2.09082e-13
-2.12078e-13
-2.0948e-13
-2.0431e-13
-1.88633e-13
-1.79908e-13
-1.71278e-13
-1.63882e-13
-1.53827e-13
-1.48852e-13
-1.49809e-13
-1.46547e-13
-1.39082e-13
-1.34349e-13
-1.3512e-13
-1.24982e-13
-1.16055e-13
-1.18771e-13
-1.10029e-13
-1.11987e-13
-1.09585e-13
-1.04426e-13
-9.45138e-14
-9.0552e-14
-8.53355e-14
-8.23265e-14
-8.34976e-14
-7.70952e-14
-7.48397e-14
-6.86605e-14
-5.95482e-14
-4.47768e-14
-4.51157e-14
-4.97547e-14
-4.13569e-14
-3.97779e-14
-3.91336e-14
-3.06163e-14
-2.04026e-14
-1.74168e-14
-1.41933e-14
-1.12084e-14
-1.08226e-14
-1.35151e-14
-7.89184e-15
-4.73909e-15
-1.68343e-16
-1.75678e-13
-1.73902e-13
-1.78332e-13
-1.75575e-13
-1.7429e-13
-1.77628e-13
-1.7928e-13
-1.76782e-13
-1.86708e-13
-1.93036e-13
-1.95488e-13
-1.8664e-13
-1.92988e-13
-2.03159e-13
-2.09702e-13
-2.08955e-13
-2.11803e-13
-2.15593e-13
-2.32159e-13
-2.42525e-13
-2.45999e-13
-2.51028e-13
-2.53915e-13
-2.54023e-13
-2.60861e-13
-2.59731e-13
-2.45619e-13
-2.43963e-13
-2.51769e-13
-2.6166e-13
-2.68664e-13
-2.71223e-13
-2.7395e-13
-2.7291e-13
-2.69109e-13
-2.69483e-13
-2.62646e-13
-2.61697e-13
-2.67534e-13
-2.59399e-13
-2.55714e-13
-2.46035e-13
-2.41272e-13
-2.47845e-13
-2.42899e-13
-2.41831e-13
-2.42779e-13
-2.48123e-13
-2.32529e-13
-2.24556e-13
-2.15308e-13
-2.12966e-13
-2.07287e-13
-2.13189e-13
-2.11119e-13
-2.06374e-13
-2.00336e-13
-1.93427e-13
-1.79107e-13
-1.69761e-13
-1.60974e-13
-1.57415e-13
-1.47376e-13
-1.48014e-13
-1.4754e-13
-1.40939e-13
-1.36258e-13
-1.31365e-13
-1.20038e-13
-1.18567e-13
-1.17317e-13
-1.10942e-13
-1.04751e-13
-1.09018e-13
-1.06658e-13
-9.83573e-14
-9.10195e-14
-8.82506e-14
-8.49517e-14
-8.26183e-14
-7.80005e-14
-7.53303e-14
-6.19163e-14
-5.52708e-14
-4.71724e-14
-4.72534e-14
-4.87502e-14
-4.6118e-14
-4.23283e-14
-3.78745e-14
-3.04853e-14
-2.21017e-14
-1.36641e-14
-1.37045e-14
-1.36666e-14
-1.29863e-14
-9.85249e-15
-9.30208e-15
-7.27094e-16
2.13278e-15
-1.77598e-13
-1.7853e-13
-1.76895e-13
-1.75898e-13
-1.73584e-13
-1.73424e-13
-1.8128e-13
-1.81337e-13
-1.89286e-13
-1.8891e-13
-1.89721e-13
-1.91419e-13
-1.92223e-13
-2.01895e-13
-2.08697e-13
-2.09757e-13
-2.14811e-13
-2.20225e-13
-2.30419e-13
-2.44348e-13
-2.46508e-13
-2.5269e-13
-2.52917e-13
-2.55758e-13
-2.5304e-13
-2.53831e-13
-2.5074e-13
-2.48498e-13
-2.55913e-13
-2.62279e-13
-2.67131e-13
-2.71642e-13
-2.70359e-13
-2.73022e-13
-2.70088e-13
-2.70334e-13
-2.62696e-13
-2.57219e-13
-2.62303e-13
-2.63306e-13
-2.60698e-13
-2.54455e-13
-2.43298e-13
-2.44867e-13
-2.3665e-13
-2.41154e-13
-2.43044e-13
-2.45589e-13
-2.32232e-13
-2.22694e-13
-2.18153e-13
-2.11047e-13
-2.08016e-13
-2.17097e-13
-2.16068e-13
-2.10249e-13
-2.01114e-13
-1.90183e-13
-1.73065e-13
-1.67113e-13
-1.63352e-13
-1.6081e-13
-1.54406e-13
-1.47192e-13
-1.40593e-13
-1.37519e-13
-1.37825e-13
-1.28951e-13
-1.2264e-13
-1.21539e-13
-1.17299e-13
-1.13081e-13
-1.08238e-13
-1.10156e-13
-1.0353e-13
-9.65229e-14
-9.33834e-14
-9.25236e-14
-8.8202e-14
-7.86285e-14
-7.29626e-14
-7.17563e-14
-6.51924e-14
-5.86132e-14
-4.7044e-14
-4.73175e-14
-4.32168e-14
-4.32448e-14
-3.96071e-14
-3.85976e-14
-3.12555e-14
-2.59735e-14
-1.5928e-14
-1.55253e-14
-1.47608e-14
-1.29768e-14
-1.35852e-14
-8.12778e-15
6.85892e-15
4.42456e-15
-1.79012e-13
-1.78774e-13
-1.75357e-13
-1.79642e-13
-1.73048e-13
-1.77241e-13
-1.78489e-13
-1.83768e-13
-1.82925e-13
-1.82985e-13
-1.89985e-13
-1.98584e-13
-1.96499e-13
-1.98983e-13
-2.02008e-13
-2.05645e-13
-2.14575e-13
-2.28314e-13
-2.32432e-13
-2.37544e-13
-2.46182e-13
-2.55652e-13
-2.56281e-13
-2.59395e-13
-2.57721e-13
-2.51804e-13
-2.52872e-13
-2.49012e-13
-2.52297e-13
-2.60692e-13
-2.63138e-13
-2.71617e-13
-2.70362e-13
-2.72114e-13
-2.72214e-13
-2.66243e-13
-2.61649e-13
-2.62193e-13
-2.68727e-13
-2.62675e-13
-2.51738e-13
-2.48473e-13
-2.47731e-13
-2.4605e-13
-2.43001e-13
-2.43317e-13
-2.38139e-13
-2.36732e-13
-2.36059e-13
-2.29916e-13
-2.20345e-13
-2.08162e-13
-2.10328e-13
-2.15505e-13
-2.14456e-13
-2.11617e-13
-2.03425e-13
-1.8572e-13
-1.71128e-13
-1.68589e-13
-1.6437e-13
-1.58551e-13
-1.54373e-13
-1.46909e-13
-1.39341e-13
-1.41517e-13
-1.37217e-13
-1.27898e-13
-1.20044e-13
-1.19074e-13
-1.14211e-13
-1.15043e-13
-1.10171e-13
-1.03499e-13
-1.03291e-13
-1.00147e-13
-9.44353e-14
-9.39022e-14
-8.86238e-14
-8.05178e-14
-7.52271e-14
-6.98977e-14
-6.08415e-14
-5.62247e-14
-4.76578e-14
-4.72403e-14
-4.87517e-14
-4.38051e-14
-3.76022e-14
-3.85848e-14
-3.34974e-14
-2.58972e-14
-1.4809e-14
-1.74e-14
-1.35366e-14
-1.21995e-14
-8.58497e-15
-6.24766e-15
2.8738e-15
2.43968e-15
-1.76683e-13
-1.7564e-13
-1.78034e-13
-1.81462e-13
-1.85174e-13
-1.75652e-13
-1.70654e-13
-1.71442e-13
-1.81768e-13
-1.85345e-13
-1.88295e-13
-1.88963e-13
-2.02837e-13
-2.09699e-13
-2.05079e-13
-2.03665e-13
-2.07669e-13
-2.24193e-13
-2.36009e-13
-2.39269e-13
-2.43854e-13
-2.52496e-13
-2.57984e-13
-2.58702e-13
-2.61606e-13
-2.51944e-13
-2.47694e-13
-2.5281e-13
-2.48494e-13
-2.55674e-13
-2.61295e-13
-2.71484e-13
-2.71946e-13
-2.67848e-13
-2.69713e-13
-2.67755e-13
-2.66042e-13
-2.61934e-13
-2.59977e-13
-2.61911e-13
-2.62531e-13
-2.49354e-13
-2.47351e-13
-2.44558e-13
-2.45954e-13
-2.43206e-13
-2.39945e-13
-2.37969e-13
-2.31981e-13
-2.26914e-13
-2.21332e-13
-2.12996e-13
-2.147e-13
-2.10177e-13
-2.0893e-13
-2.10623e-13
-2.04988e-13
-1.90036e-13
-1.70427e-13
-1.63771e-13
-1.63384e-13
-1.58205e-13
-1.58133e-13
-1.50299e-13
-1.43401e-13
-1.32696e-13
-1.34118e-13
-1.25355e-13
-1.19055e-13
-1.24667e-13
-1.19913e-13
-1.16525e-13
-1.06975e-13
-1.02475e-13
-1.04043e-13
-1.00238e-13
-9.95887e-14
-9.42825e-14
-8.69866e-14
-8.00092e-14
-7.46473e-14
-6.57458e-14
-6.27589e-14
-5.47894e-14
-5.22501e-14
-5.03988e-14
-4.92216e-14
-4.04746e-14
-3.6852e-14
-3.5212e-14
-3.32838e-14
-2.68477e-14
-1.85498e-14
-1.07479e-14
-1.50958e-14
-1.15325e-14
-6.57428e-15
-5.89068e-15
-1.49903e-15
-1.01228e-15
-1.82664e-13
-1.75255e-13
-1.77641e-13
-1.85119e-13
-1.7595e-13
-1.69413e-13
-1.74113e-13
-1.72601e-13
-1.81416e-13
-1.92982e-13
-1.95246e-13
-1.90596e-13
-1.91539e-13
-2.01759e-13
-2.03775e-13
-2.03711e-13
-2.10595e-13
-2.18003e-13
-2.27864e-13
-2.39328e-13
-2.47921e-13
-2.47958e-13
-2.58885e-13
-2.6117e-13
-2.59519e-13
-2.52866e-13
-2.48934e-13
-2.5401e-13
-2.51992e-13
-2.54662e-13
-2.60885e-13
-2.6617e-13
-2.64758e-13
-2.65191e-13
-2.63262e-13
-2.65028e-13
-2.66612e-13
-2.64847e-13
-2.67372e-13
-2.6347e-13
-2.53195e-13
-2.51632e-13
-2.50255e-13
-2.48735e-13
-2.45109e-13
-2.439e-13
-2.43349e-13
-2.36671e-13
-2.33349e-13
-2.30597e-13
-2.22488e-13
-2.11761e-13
-2.12817e-13
-2.12413e-13
-2.09164e-13
-2.09361e-13
-2.04154e-13
-1.89915e-13
-1.69403e-13
-1.66839e-13
-1.64005e-13
-1.58044e-13
-1.57391e-13
-1.55646e-13
-1.42567e-13
-1.31336e-13
-1.28099e-13
-1.25718e-13
-1.20731e-13
-1.17759e-13
-1.19739e-13
-1.1948e-13
-1.07233e-13
-1.01077e-13
-1.06171e-13
-9.62214e-14
-9.68667e-14
-9.66006e-14
-9.19327e-14
-7.48106e-14
-6.97553e-14
-6.81598e-14
-6.38051e-14
-5.49956e-14
-5.34669e-14
-4.74163e-14
-4.65658e-14
-4.19414e-14
-3.78921e-14
-3.71615e-14
-3.23562e-14
-2.5201e-14
-2.03555e-14
-1.63623e-14
-1.66789e-14
-9.24213e-15
-1.01372e-14
-7.66864e-15
-4.85142e-15
-1.4251e-15
-1.81057e-13
-1.78957e-13
-1.80586e-13
-1.79967e-13
-1.78504e-13
-1.75401e-13
-1.73861e-13
-1.76031e-13
-1.83634e-13
-1.84154e-13
-1.94825e-13
-1.95684e-13
-1.90963e-13
-2.03429e-13
-2.04511e-13
-2.02585e-13
-2.08078e-13
-2.17102e-13
-2.24733e-13
-2.4095e-13
-2.55944e-13
-2.59824e-13
-2.51249e-13
-2.526e-13
-2.57252e-13
-2.52021e-13
-2.48009e-13
-2.52257e-13
-2.5133e-13
-2.46886e-13
-2.5812e-13
-2.64964e-13
-2.69953e-13
-2.68877e-13
-2.68667e-13
-2.64498e-13
-2.64271e-13
-2.64712e-13
-2.64508e-13
-2.64029e-13
-2.58279e-13
-2.56525e-13
-2.48576e-13
-2.47092e-13
-2.40451e-13
-2.42602e-13
-2.44319e-13
-2.35158e-13
-2.33947e-13
-2.31754e-13
-2.22201e-13
-2.18438e-13
-2.14155e-13
-2.11993e-13
-2.07445e-13
-2.05306e-13
-2.01271e-13
-1.9104e-13
-1.76379e-13
-1.72709e-13
-1.60329e-13
-1.55404e-13
-1.54508e-13
-1.53174e-13
-1.44752e-13
-1.35157e-13
-1.31445e-13
-1.29391e-13
-1.27531e-13
-1.21764e-13
-1.13789e-13
-1.09392e-13
-1.06692e-13
-1.05636e-13
-1.02079e-13
-9.60594e-14
-1.04743e-13
-9.4947e-14
-8.93778e-14
-7.55463e-14
-7.30056e-14
-7.1033e-14
-5.7427e-14
-4.79726e-14
-5.36189e-14
-5.0689e-14
-4.79824e-14
-4.03037e-14
-3.8605e-14
-3.57561e-14
-3.35889e-14
-2.84271e-14
-2.32552e-14
-1.60069e-14
-1.75535e-14
-1.36916e-14
-1.24158e-14
-9.49397e-15
-8.94312e-15
-1.51764e-15
-1.84463e-13
-1.82524e-13
-1.82526e-13
-1.81879e-13
-1.73311e-13
-1.73965e-13
-1.79087e-13
-1.83451e-13
-1.83603e-13
-1.84885e-13
-1.93932e-13
-1.95191e-13
-1.95051e-13
-2.06817e-13
-2.00819e-13
-2.0255e-13
-2.08071e-13
-2.19366e-13
-2.26475e-13
-2.39374e-13
-2.45426e-13
-2.44171e-13
-2.45746e-13
-2.55748e-13
-2.59198e-13
-2.56234e-13
-2.52985e-13
-2.53333e-13
-2.53821e-13
-2.50345e-13
-2.57632e-13
-2.55851e-13
-2.62512e-13
-2.6389e-13
-2.61688e-13
-2.6273e-13
-2.66182e-13
-2.68788e-13
-2.71819e-13
-2.59894e-13
-2.63561e-13
-2.57412e-13
-2.47689e-13
-2.36111e-13
-2.343e-13
-2.42879e-13
-2.44279e-13
-2.38829e-13
-2.30136e-13
-2.34074e-13
-2.21648e-13
-2.10596e-13
-2.12954e-13
-2.11469e-13
-2.12261e-13
-2.09851e-13
-2.00365e-13
-1.85096e-13
-1.7539e-13
-1.75905e-13
-1.65475e-13
-1.61015e-13
-1.49779e-13
-1.48336e-13
-1.43105e-13
-1.32273e-13
-1.31738e-13
-1.29259e-13
-1.25661e-13
-1.21751e-13
-1.13994e-13
-1.07632e-13
-1.09578e-13
-1.12919e-13
-1.05575e-13
-9.93514e-14
-9.71301e-14
-9.03961e-14
-8.68637e-14
-7.65376e-14
-7.28135e-14
-6.62479e-14
-5.81736e-14
-5.41468e-14
-6.03643e-14
-5.34492e-14
-4.61407e-14
-3.99999e-14
-4.25755e-14
-3.66969e-14
-3.48008e-14
-2.91798e-14
-2.81859e-14
-1.7833e-14
-1.83777e-14
-1.64895e-14
-1.45684e-14
-1.13648e-14
-7.98027e-15
-3.08681e-15
-1.81179e-13
-1.78583e-13
-1.80409e-13
-1.83486e-13
-1.83801e-13
-1.81791e-13
-1.77833e-13
-1.82487e-13
-1.84186e-13
-1.82573e-13
-1.96343e-13
-2.03075e-13
-2.03422e-13
-2.07302e-13
-2.008e-13
-2.06983e-13
-2.09002e-13
-2.15904e-13
-2.22496e-13
-2.33407e-13
-2.46248e-13
-2.44878e-13
-2.43823e-13
-2.48649e-13
-2.59457e-13
-2.57409e-13
-2.54966e-13
-2.55256e-13
-2.5031e-13
-2.46051e-13
-2.49178e-13
-2.46322e-13
-2.6438e-13
-2.73115e-13
-2.66759e-13
-2.63248e-13
-2.65018e-13
-2.6406e-13
-2.66686e-13
-2.58255e-13
-2.56476e-13
-2.4655e-13
-2.5021e-13
-2.51551e-13
-2.48256e-13
-2.40194e-13
-2.42507e-13
-2.34243e-13
-2.30621e-13
-2.2968e-13
-2.20225e-13
-2.1812e-13
-2.13684e-13
-2.11705e-13
-2.08398e-13
-2.02155e-13
-1.96973e-13
-1.82386e-13
-1.75868e-13
-1.77133e-13
-1.68984e-13
-1.63607e-13
-1.56204e-13
-1.53279e-13
-1.44554e-13
-1.36626e-13
-1.35017e-13
-1.33026e-13
-1.31103e-13
-1.23955e-13
-1.15037e-13
-1.08866e-13
-1.07512e-13
-1.04637e-13
-1.02156e-13
-9.88939e-14
-9.83791e-14
-8.99528e-14
-8.44784e-14
-7.4489e-14
-7.37403e-14
-6.50893e-14
-5.87139e-14
-5.76805e-14
-5.65507e-14
-4.6456e-14
-4.20723e-14
-4.14961e-14
-4.69078e-14
-4.19422e-14
-3.61487e-14
-3.41978e-14
-2.91755e-14
-2.33816e-14
-1.99707e-14
-1.63954e-14
-1.60157e-14
-1.63039e-14
-1.10039e-14
-1.46624e-15
-1.79306e-13
-1.82098e-13
-1.82053e-13
-1.82746e-13
-1.85443e-13
-1.82728e-13
-1.81534e-13
-1.8265e-13
-1.82682e-13
-1.85385e-13
-1.92586e-13
-2.04223e-13
-2.08752e-13
-2.08256e-13
-1.98001e-13
-2.02573e-13
-2.09917e-13
-2.20053e-13
-2.21996e-13
-2.291e-13
-2.48881e-13
-2.50094e-13
-2.43472e-13
-2.43206e-13
-2.50237e-13
-2.59704e-13
-2.52522e-13
-2.51559e-13
-2.51067e-13
-2.47107e-13
-2.43995e-13
-2.42461e-13
-2.54288e-13
-2.70254e-13
-2.70306e-13
-2.62695e-13
-2.62665e-13
-2.59286e-13
-2.64256e-13
-2.60371e-13
-2.58883e-13
-2.54774e-13
-2.52071e-13
-2.49787e-13
-2.43134e-13
-2.32353e-13
-2.35658e-13
-2.33963e-13
-2.32048e-13
-2.30506e-13
-2.21441e-13
-2.17282e-13
-2.15054e-13
-2.11139e-13
-2.07371e-13
-2.02719e-13
-1.91298e-13
-1.84464e-13
-1.79389e-13
-1.71575e-13
-1.69921e-13
-1.57708e-13
-1.5618e-13
-1.53645e-13
-1.49197e-13
-1.41624e-13
-1.46278e-13
-1.37362e-13
-1.27848e-13
-1.21632e-13
-1.08564e-13
-1.08261e-13
-1.05932e-13
-1.06063e-13
-1.02737e-13
-1.01195e-13
-9.33232e-14
-9.44777e-14
-8.2429e-14
-7.27633e-14
-7.28731e-14
-5.98538e-14
-5.71919e-14
-5.39483e-14
-5.60953e-14
-4.67312e-14
-4.06098e-14
-4.20975e-14
-4.76026e-14
-3.96047e-14
-3.94696e-14
-3.70689e-14
-3.17381e-14
-2.63264e-14
-1.86975e-14
-2.49059e-14
-1.98941e-14
-2.04416e-14
-7.86261e-15
-3.98863e-15
-1.83659e-13
-1.84613e-13
-1.83548e-13
-1.80018e-13
-1.79965e-13
-1.81271e-13
-1.83149e-13
-1.86634e-13
-1.87335e-13
-1.85439e-13
-1.90443e-13
-2.06205e-13
-2.05719e-13
-2.07444e-13
-2.06113e-13
-2.06448e-13
-2.13725e-13
-2.20673e-13
-2.23319e-13
-2.27173e-13
-2.41598e-13
-2.46071e-13
-2.47296e-13
-2.52207e-13
-2.52868e-13
-2.58336e-13
-2.51033e-13
-2.47622e-13
-2.45743e-13
-2.45479e-13
-2.48121e-13
-2.42861e-13
-2.50734e-13
-2.67093e-13
-2.63691e-13
-2.62222e-13
-2.61285e-13
-2.62889e-13
-2.68983e-13
-2.5928e-13
-2.53788e-13
-2.53906e-13
-2.47233e-13
-2.48757e-13
-2.42589e-13
-2.37835e-13
-2.36866e-13
-2.3412e-13
-2.30126e-13
-2.28437e-13
-2.20384e-13
-2.19115e-13
-2.15511e-13
-2.08421e-13
-2.07485e-13
-1.98607e-13
-1.9233e-13
-1.82885e-13
-1.80628e-13
-1.73742e-13
-1.68338e-13
-1.66678e-13
-1.60614e-13
-1.52199e-13
-1.45208e-13
-1.48008e-13
-1.4414e-13
-1.4058e-13
-1.345e-13
-1.19668e-13
-1.08603e-13
-1.03324e-13
-1.03877e-13
-1.0335e-13
-1.04275e-13
-1.0316e-13
-9.10993e-14
-8.55492e-14
-7.99202e-14
-7.2353e-14
-7.01006e-14
-5.53568e-14
-5.39831e-14
-5.6179e-14
-5.72196e-14
-4.91774e-14
-4.24927e-14
-4.05572e-14
-4.03664e-14
-3.99606e-14
-3.90468e-14
-4.08157e-14
-3.43876e-14
-2.91516e-14
-1.59853e-14
-1.51254e-14
-2.02898e-14
-2.61296e-14
-1.7485e-14
-9.8095e-16
-1.83622e-13
-1.82704e-13
-1.81417e-13
-1.80508e-13
-1.8203e-13
-1.80805e-13
-1.82827e-13
-1.85202e-13
-1.90031e-13
-1.9027e-13
-1.91917e-13
-2.02131e-13
-2.05824e-13
-2.08461e-13
-2.06043e-13
-2.13152e-13
-2.17565e-13
-2.18327e-13
-2.23348e-13
-2.29174e-13
-2.38828e-13
-2.42743e-13
-2.42399e-13
-2.50823e-13
-2.4958e-13
-2.56983e-13
-2.49313e-13
-2.46337e-13
-2.49899e-13
-2.46919e-13
-2.49158e-13
-2.41445e-13
-2.48244e-13
-2.62803e-13
-2.6425e-13
-2.65803e-13
-2.63928e-13
-2.60695e-13
-2.61253e-13
-2.55096e-13
-2.56388e-13
-2.58682e-13
-2.5297e-13
-2.42663e-13
-2.37154e-13
-2.35634e-13
-2.32525e-13
-2.3371e-13
-2.34353e-13
-2.31192e-13
-2.24619e-13
-2.13569e-13
-2.09723e-13
-2.03649e-13
-2.04388e-13
-1.97525e-13
-1.91554e-13
-1.86115e-13
-1.83892e-13
-1.75509e-13
-1.66644e-13
-1.61499e-13
-1.60065e-13
-1.53445e-13
-1.50411e-13
-1.46661e-13
-1.42004e-13
-1.39979e-13
-1.34597e-13
-1.26731e-13
-1.10573e-13
-1.0422e-13
-9.99812e-14
-1.00974e-13
-1.02499e-13
-9.85565e-14
-9.16977e-14
-8.86826e-14
-8.02415e-14
-6.44745e-14
-6.78257e-14
-6.01992e-14
-5.29131e-14
-5.63159e-14
-5.2842e-14
-4.35204e-14
-4.25367e-14
-3.89723e-14
-4.1789e-14
-3.3418e-14
-3.92621e-14
-4.08231e-14
-3.7642e-14
-2.84062e-14
-1.88509e-14
-1.40791e-14
-2.0627e-14
-2.30204e-14
-1.53182e-14
-5.54578e-15
-1.84084e-13
-1.82384e-13
-1.87361e-13
-1.7623e-13
-1.78943e-13
-1.7616e-13
-1.85922e-13
-1.9076e-13
-1.91e-13
-1.96999e-13
-1.95361e-13
-2.03014e-13
-2.03171e-13
-2.04741e-13
-2.0684e-13
-2.12243e-13
-2.1297e-13
-2.2326e-13
-2.21238e-13
-2.2358e-13
-2.49963e-13
-2.55521e-13
-2.52179e-13
-2.42383e-13
-2.45374e-13
-2.51858e-13
-2.5263e-13
-2.4709e-13
-2.41916e-13
-2.37421e-13
-2.43221e-13
-2.4532e-13
-2.5305e-13
-2.58548e-13
-2.54163e-13
-2.6147e-13
-2.6769e-13
-2.60346e-13
-2.54899e-13
-2.54307e-13
-2.58795e-13
-2.54282e-13
-2.46685e-13
-2.37186e-13
-2.3913e-13
-2.40094e-13
-2.35843e-13
-2.33971e-13
-2.31698e-13
-2.28595e-13
-2.23246e-13
-2.10726e-13
-2.10391e-13
-2.0958e-13
-2.05655e-13
-1.9027e-13
-1.90387e-13
-1.90316e-13
-1.92092e-13
-1.82672e-13
-1.7202e-13
-1.64388e-13
-1.62296e-13
-1.56871e-13
-1.49532e-13
-1.41472e-13
-1.4825e-13
-1.39897e-13
-1.35023e-13
-1.28051e-13
-1.12108e-13
-1.01829e-13
-9.20503e-14
-9.35706e-14
-1.02112e-13
-9.86791e-14
-8.7324e-14
-8.35135e-14
-8.26369e-14
-6.95204e-14
-6.72613e-14
-5.85483e-14
-5.4284e-14
-5.76491e-14
-4.92686e-14
-4.23142e-14
-4.49559e-14
-4.0283e-14
-3.88278e-14
-3.13147e-14
-3.93072e-14
-3.91256e-14
-3.57484e-14
-2.75193e-14
-1.99313e-14
-1.1961e-14
-1.82434e-14
-1.72711e-14
-2.02849e-14
-6.92942e-15
-1.85471e-13
-1.7546e-13
-1.796e-13
-1.82028e-13
-1.80595e-13
-1.78944e-13
-1.85345e-13
-1.84939e-13
-1.88555e-13
-2.01564e-13
-2.04273e-13
-2.01278e-13
-2.01364e-13
-2.03149e-13
-2.03645e-13
-2.16448e-13
-2.25583e-13
-2.2892e-13
-2.26999e-13
-2.25138e-13
-2.28831e-13
-2.31434e-13
-2.3638e-13
-2.46268e-13
-2.47492e-13
-2.50831e-13
-2.53434e-13
-2.47468e-13
-2.43981e-13
-2.3895e-13
-2.3917e-13
-2.45718e-13
-2.52016e-13
-2.59018e-13
-2.62332e-13
-2.67951e-13
-2.52068e-13
-2.52189e-13
-2.55429e-13
-2.56573e-13
-2.54535e-13
-2.49514e-13
-2.43493e-13
-2.45052e-13
-2.48186e-13
-2.37065e-13
-2.35908e-13
-2.36541e-13
-2.27887e-13
-2.26146e-13
-2.20023e-13
-2.12176e-13
-2.08388e-13
-2.05942e-13
-2.0589e-13
-1.98184e-13
-1.89965e-13
-1.85457e-13
-1.82707e-13
-1.78654e-13
-1.73166e-13
-1.71876e-13
-1.69088e-13
-1.60412e-13
-1.45915e-13
-1.40486e-13
-1.39048e-13
-1.38369e-13
-1.32647e-13
-1.26784e-13
-1.13672e-13
-1.03301e-13
-9.71479e-14
-9.81177e-14
-9.8924e-14
-9.24507e-14
-9.1989e-14
-8.65042e-14
-8.21887e-14
-6.67106e-14
-6.56978e-14
-5.81246e-14
-5.27764e-14
-5.35258e-14
-5.00899e-14
-4.07514e-14
-4.63338e-14
-4.26348e-14
-3.75049e-14
-3.24684e-14
-3.74073e-14
-2.85905e-14
-3.15165e-14
-2.73226e-14
-2.31066e-14
-1.72345e-14
-1.30693e-14
-1.45026e-14
-1.62974e-14
-4.68163e-15
-1.84553e-13
-1.80472e-13
-1.78602e-13
-1.80536e-13
-1.78979e-13
-1.77398e-13
-1.86706e-13
-1.96312e-13
-1.98721e-13
-2.00618e-13
-1.95999e-13
-1.98329e-13
-1.98699e-13
-2.06584e-13
-2.07579e-13
-2.14208e-13
-2.17677e-13
-2.18374e-13
-2.21786e-13
-2.2575e-13
-2.39395e-13
-2.50175e-13
-2.46511e-13
-2.50933e-13
-2.43573e-13
-2.44022e-13
-2.45677e-13
-2.46433e-13
-2.45406e-13
-2.376e-13
-2.2994e-13
-2.41294e-13
-2.48716e-13
-2.6108e-13
-2.64406e-13
-2.62154e-13
-2.55471e-13
-2.50483e-13
-2.43502e-13
-2.5121e-13
-2.61292e-13
-2.51312e-13
-2.45757e-13
-2.46597e-13
-2.42877e-13
-2.3655e-13
-2.33443e-13
-2.2786e-13
-2.25426e-13
-2.23129e-13
-2.16654e-13
-2.18328e-13
-2.14338e-13
-2.10466e-13
-2.06074e-13
-2.00736e-13
-1.93659e-13
-1.84159e-13
-1.8796e-13
-1.85289e-13
-1.7053e-13
-1.71425e-13
-1.63743e-13
-1.5627e-13
-1.48614e-13
-1.4808e-13
-1.43302e-13
-1.35594e-13
-1.30211e-13
-1.2434e-13
-1.16801e-13
-1.03575e-13
-9.56946e-14
-9.24719e-14
-9.09298e-14
-9.85378e-14
-9.82233e-14
-8.379e-14
-7.18822e-14
-6.41852e-14
-6.03307e-14
-5.6035e-14
-5.50158e-14
-5.37345e-14
-5.0918e-14
-4.55738e-14
-4.47094e-14
-4.72656e-14
-3.698e-14
-3.17078e-14
-3.64228e-14
-2.79172e-14
-2.68263e-14
-2.21488e-14
-2.32846e-14
-2.45175e-14
-1.43781e-14
-1.50362e-14
-1.52954e-14
-5.05548e-15
-1.85854e-13
-1.76987e-13
-1.76046e-13
-1.80384e-13
-1.79183e-13
-1.79818e-13
-1.7982e-13
-1.88415e-13
-2.03959e-13
-2.03165e-13
-2.06939e-13
-2.03746e-13
-2.03117e-13
-2.05968e-13
-2.04029e-13
-2.10436e-13
-2.21031e-13
-2.23019e-13
-2.33893e-13
-2.27648e-13
-2.21762e-13
-2.36695e-13
-2.40051e-13
-2.46512e-13
-2.4054e-13
-2.45907e-13
-2.44802e-13
-2.38738e-13
-2.42685e-13
-2.42338e-13
-2.39211e-13
-2.42659e-13
-2.47345e-13
-2.53792e-13
-2.60657e-13
-2.61703e-13
-2.5229e-13
-2.482e-13
-2.46365e-13
-2.47803e-13
-2.55761e-13
-2.53126e-13
-2.46167e-13
-2.43374e-13
-2.36533e-13
-2.35701e-13
-2.30464e-13
-2.27862e-13
-2.30166e-13
-2.27345e-13
-2.24842e-13
-2.11638e-13
-2.17444e-13
-2.08627e-13
-2.05163e-13
-1.98141e-13
-1.91243e-13
-1.81224e-13
-1.82886e-13
-1.86602e-13
-1.72012e-13
-1.72513e-13
-1.66853e-13
-1.59237e-13
-1.52524e-13
-1.44195e-13
-1.41338e-13
-1.36151e-13
-1.30876e-13
-1.20746e-13
-1.13414e-13
-1.00145e-13
-1.00487e-13
-9.49103e-14
-9.45635e-14
-9.62627e-14
-8.68618e-14
-8.04792e-14
-7.3242e-14
-6.69391e-14
-5.93431e-14
-5.13524e-14
-5.52233e-14
-5.17134e-14
-4.80956e-14
-4.6754e-14
-4.83808e-14
-4.54243e-14
-3.82443e-14
-3.40832e-14
-3.31754e-14
-3.07721e-14
-2.8354e-14
-2.10682e-14
-2.53495e-14
-1.99838e-14
-1.9699e-14
-9.75973e-15
-1.53118e-14
-5.33334e-15
-1.80357e-13
-1.77135e-13
-1.80687e-13
-1.87176e-13
-1.84497e-13
-1.83805e-13
-1.90206e-13
-1.85348e-13
-1.90815e-13
-1.95367e-13
-2.04601e-13
-2.03682e-13
-2.03903e-13
-2.08824e-13
-2.08673e-13
-2.11441e-13
-2.201e-13
-2.17291e-13
-2.15778e-13
-2.29557e-13
-2.39967e-13
-2.45986e-13
-2.45454e-13
-2.43682e-13
-2.36714e-13
-2.44241e-13
-2.41807e-13
-2.38668e-13
-2.35967e-13
-2.4055e-13
-2.36971e-13
-2.39077e-13
-2.42484e-13
-2.47472e-13
-2.60337e-13
-2.54441e-13
-2.47278e-13
-2.52643e-13
-2.42374e-13
-2.41636e-13
-2.4988e-13
-2.62123e-13
-2.51294e-13
-2.40862e-13
-2.34807e-13
-2.2878e-13
-2.34046e-13
-2.27301e-13
-2.29961e-13
-2.25937e-13
-2.20399e-13
-2.16645e-13
-2.12233e-13
-2.10656e-13
-2.06468e-13
-1.96339e-13
-1.94466e-13
-1.87086e-13
-1.88454e-13
-1.83801e-13
-1.75036e-13
-1.71343e-13
-1.64193e-13
-1.55848e-13
-1.49981e-13
-1.42501e-13
-1.39183e-13
-1.35956e-13
-1.32416e-13
-1.21309e-13
-1.16851e-13
-1.07945e-13
-1.03486e-13
-9.54075e-14
-8.44873e-14
-8.85336e-14
-8.77615e-14
-8.03857e-14
-7.06422e-14
-6.41608e-14
-5.80602e-14
-5.62982e-14
-5.7908e-14
-5.65208e-14
-5.06525e-14
-4.56466e-14
-3.41836e-14
-4.25067e-14
-4.15893e-14
-3.65711e-14
-3.04471e-14
-3.2761e-14
-2.58935e-14
-2.366e-14
-2.43171e-14
-2.31264e-14
-1.20431e-14
-8.21646e-15
-1.49643e-14
-5.95768e-15
-1.80483e-13
-1.78071e-13
-1.79433e-13
-1.83904e-13
-1.7736e-13
-1.74052e-13
-1.91727e-13
-1.92405e-13
-1.95876e-13
-1.99388e-13
-2.00312e-13
-1.97186e-13
-2.02283e-13
-2.15615e-13
-2.14672e-13
-2.14086e-13
-2.17218e-13
-2.14094e-13
-2.18377e-13
-2.23313e-13
-2.29355e-13
-2.46256e-13
-2.49736e-13
-2.42359e-13
-2.33672e-13
-2.41345e-13
-2.41915e-13
-2.36278e-13
-2.33418e-13
-2.34065e-13
-2.33891e-13
-2.35929e-13
-2.37696e-13
-2.4503e-13
-2.57792e-13
-2.4942e-13
-2.57008e-13
-2.49417e-13
-2.39477e-13
-2.4091e-13
-2.47326e-13
-2.51325e-13
-2.42788e-13
-2.41041e-13
-2.38932e-13
-2.32857e-13
-2.34352e-13
-2.30902e-13
-2.28942e-13
-2.22733e-13
-2.18566e-13
-2.15594e-13
-2.09482e-13
-2.07346e-13
-2.03247e-13
-1.97817e-13
-1.9703e-13
-1.92661e-13
-1.9187e-13
-1.88042e-13
-1.73439e-13
-1.69733e-13
-1.5519e-13
-1.51918e-13
-1.48701e-13
-1.45384e-13
-1.3502e-13
-1.3505e-13
-1.30742e-13
-1.24739e-13
-1.16409e-13
-1.09721e-13
-1.03144e-13
-9.35559e-14
-8.73039e-14
-8.51233e-14
-8.2219e-14
-8.09703e-14
-6.7572e-14
-5.93612e-14
-5.84995e-14
-5.38377e-14
-5.60058e-14
-5.88762e-14
-5.67627e-14
-4.40966e-14
-3.70194e-14
-4.09143e-14
-3.73199e-14
-3.72855e-14
-2.80102e-14
-3.45971e-14
-2.36933e-14
-2.60057e-14
-2.22508e-14
-1.97103e-14
-1.52865e-14
-8.92442e-15
-1.27221e-14
-4.26223e-15
-1.81919e-13
-1.78465e-13
-1.77778e-13
-1.80844e-13
-1.81646e-13
-1.82493e-13
-1.91728e-13
-1.91195e-13
-1.90734e-13
-1.94108e-13
-1.94907e-13
-1.973e-13
-2.02438e-13
-2.13226e-13
-2.15767e-13
-2.16014e-13
-2.13607e-13
-2.17221e-13
-2.21106e-13
-2.26785e-13
-2.28014e-13
-2.43003e-13
-2.40695e-13
-2.38339e-13
-2.40836e-13
-2.45203e-13
-2.39268e-13
-2.28155e-13
-2.29859e-13
-2.34796e-13
-2.31086e-13
-2.34108e-13
-2.379e-13
-2.44564e-13
-2.54738e-13
-2.44743e-13
-2.44155e-13
-2.42404e-13
-2.45168e-13
-2.45646e-13
-2.50425e-13
-2.46026e-13
-2.45719e-13
-2.43807e-13
-2.39461e-13
-2.36477e-13
-2.32256e-13
-2.15831e-13
-2.19312e-13
-2.22008e-13
-2.20947e-13
-2.14579e-13
-2.09309e-13
-2.08086e-13
-2.0293e-13
-2.02955e-13
-1.98021e-13
-1.95767e-13
-1.90363e-13
-1.84022e-13
-1.6774e-13
-1.65491e-13
-1.59536e-13
-1.51423e-13
-1.52121e-13
-1.4502e-13
-1.37744e-13
-1.3547e-13
-1.27823e-13
-1.23069e-13
-1.15194e-13
-1.12716e-13
-1.02748e-13
-9.29888e-14
-8.77632e-14
-8.66822e-14
-7.92769e-14
-7.46035e-14
-6.78847e-14
-6.92121e-14
-6.09752e-14
-5.33937e-14
-5.62765e-14
-5.18082e-14
-5.36983e-14
-4.44353e-14
-3.9742e-14
-4.00576e-14
-3.45468e-14
-3.62725e-14
-3.15346e-14
-3.03517e-14
-2.34523e-14
-2.38611e-14
-1.73917e-14
-1.64038e-14
-1.66002e-14
-1.62831e-14
-1.25413e-14
-2.57997e-15
-1.77488e-13
-1.77941e-13
-1.76842e-13
-1.79252e-13
-1.8726e-13
-1.85315e-13
-1.88503e-13
-1.90995e-13
-1.87364e-13
-1.92893e-13
-1.98314e-13
-2.00547e-13
-1.99108e-13
-2.02511e-13
-2.17187e-13
-2.21404e-13
-2.22324e-13
-2.20035e-13
-2.13277e-13
-2.1965e-13
-2.32119e-13
-2.34612e-13
-2.38863e-13
-2.41529e-13
-2.38326e-13
-2.39268e-13
-2.35432e-13
-2.32118e-13
-2.29297e-13
-2.27165e-13
-2.2323e-13
-2.36232e-13
-2.38915e-13
-2.47641e-13
-2.48647e-13
-2.4479e-13
-2.45667e-13
-2.36024e-13
-2.41953e-13
-2.43852e-13
-2.47268e-13
-2.52475e-13
-2.44588e-13
-2.35113e-13
-2.35053e-13
-2.39081e-13
-2.35325e-13
-2.28118e-13
-2.22187e-13
-2.15444e-13
-2.09493e-13
-2.13815e-13
-2.16571e-13
-2.0937e-13
-2.04724e-13
-2.03015e-13
-1.99057e-13
-1.95255e-13
-1.91122e-13
-1.80965e-13
-1.67214e-13
-1.61542e-13
-1.58623e-13
-1.5444e-13
-1.51785e-13
-1.44503e-13
-1.39834e-13
-1.36791e-13
-1.33505e-13
-1.23117e-13
-1.17007e-13
-1.09227e-13
-1.06478e-13
-9.66656e-14
-8.1945e-14
-8.5065e-14
-7.99939e-14
-7.55987e-14
-6.44527e-14
-6.76896e-14
-6.68074e-14
-6.00362e-14
-5.36856e-14
-4.9477e-14
-4.4109e-14
-4.39633e-14
-3.98447e-14
-3.8683e-14
-3.46714e-14
-3.60761e-14
-3.26231e-14
-3.34907e-14
-1.74253e-14
-1.82346e-14
-1.70919e-14
-1.68242e-14
-1.58163e-14
-1.54482e-14
-1.26731e-14
-2.14554e-15
-1.72812e-13
-1.77798e-13
-1.79074e-13
-1.80415e-13
-1.88719e-13
-1.85173e-13
-1.87412e-13
-1.88789e-13
-1.87796e-13
-1.94832e-13
-1.97615e-13
-1.97495e-13
-1.96051e-13
-1.98003e-13
-2.11402e-13
-2.21271e-13
-2.19917e-13
-2.21512e-13
-2.16722e-13
-2.22779e-13
-2.29098e-13
-2.31478e-13
-2.41036e-13
-2.40135e-13
-2.38781e-13
-2.34021e-13
-2.31636e-13
-2.29696e-13
-2.27497e-13
-2.28981e-13
-2.27931e-13
-2.29865e-13
-2.37853e-13
-2.42253e-13
-2.45905e-13
-2.48156e-13
-2.43199e-13
-2.39328e-13
-2.36515e-13
-2.37095e-13
-2.46001e-13
-2.45745e-13
-2.46425e-13
-2.36445e-13
-2.36147e-13
-2.32312e-13
-2.36033e-13
-2.2443e-13
-2.14619e-13
-2.12892e-13
-2.12102e-13
-2.1729e-13
-2.15719e-13
-2.07328e-13
-2.01888e-13
-2.01772e-13
-2.02175e-13
-1.92981e-13
-1.85151e-13
-1.79266e-13
-1.70336e-13
-1.63924e-13
-1.6167e-13
-1.5618e-13
-1.5114e-13
-1.44474e-13
-1.38304e-13
-1.38915e-13
-1.31457e-13
-1.2434e-13
-1.15596e-13
-1.07129e-13
-1.0841e-13
-1.01808e-13
-8.66897e-14
-8.60932e-14
-7.74582e-14
-7.47093e-14
-6.72608e-14
-6.75604e-14
-6.87326e-14
-5.90582e-14
-5.63624e-14
-4.68635e-14
-4.58554e-14
-4.63914e-14
-4.03924e-14
-3.79828e-14
-3.31681e-14
-2.72298e-14
-2.64139e-14
-2.61197e-14
-2.74148e-14
-1.92473e-14
-1.23938e-14
-1.87516e-14
-1.65976e-14
-1.15617e-14
-1.22131e-14
-2.1816e-15
-1.7317e-13
-1.76759e-13
-1.77749e-13
-1.78376e-13
-1.81921e-13
-1.84092e-13
-1.92454e-13
-1.9069e-13
-1.90131e-13
-1.91586e-13
-1.91291e-13
-1.97149e-13
-1.9711e-13
-2.04741e-13
-2.11526e-13
-2.17935e-13
-2.18865e-13
-2.19692e-13
-2.16892e-13
-2.19826e-13
-2.27399e-13
-2.2757e-13
-2.32123e-13
-2.36137e-13
-2.39454e-13
-2.39831e-13
-2.28027e-13
-2.27665e-13
-2.2651e-13
-2.27806e-13
-2.22914e-13
-2.27466e-13
-2.33788e-13
-2.39323e-13
-2.48738e-13
-2.44172e-13
-2.42017e-13
-2.39325e-13
-2.34939e-13
-2.34435e-13
-2.42895e-13
-2.44923e-13
-2.39469e-13
-2.35322e-13
-2.35367e-13
-2.31272e-13
-2.2908e-13
-2.2477e-13
-2.20886e-13
-2.1422e-13
-2.13046e-13
-2.10061e-13
-2.11124e-13
-2.07207e-13
-2.09526e-13
-2.06105e-13
-2.0533e-13
-1.95933e-13
-1.86812e-13
-1.66645e-13
-1.66446e-13
-1.64552e-13
-1.63258e-13
-1.59001e-13
-1.45305e-13
-1.43044e-13
-1.41327e-13
-1.343e-13
-1.38434e-13
-1.27352e-13
-1.15684e-13
-1.05281e-13
-9.9064e-14
-9.85077e-14
-9.0749e-14
-8.95553e-14
-7.62217e-14
-7.73865e-14
-7.04334e-14
-6.93273e-14
-6.7543e-14
-5.84141e-14
-5.7761e-14
-4.08133e-14
-4.43881e-14
-4.6328e-14
-3.9832e-14
-3.73442e-14
-3.15338e-14
-2.81185e-14
-3.14447e-14
-3.06061e-14
-2.33726e-14
-1.80484e-14
-9.94999e-15
-1.47944e-14
-1.72757e-14
-1.64832e-14
-7.78984e-15
8.72711e-16
-1.75449e-13
-1.74319e-13
-1.72185e-13
-1.81347e-13
-1.84236e-13
-1.85869e-13
-1.869e-13
-1.89006e-13
-1.90562e-13
-1.93483e-13
-1.89759e-13
-1.98403e-13
-1.98346e-13
-2.03291e-13
-2.07151e-13
-2.08945e-13
-2.08283e-13
-2.13811e-13
-2.11505e-13
-2.21609e-13
-2.30986e-13
-2.39635e-13
-2.33539e-13
-2.30573e-13
-2.31779e-13
-2.27278e-13
-2.33332e-13
-2.32826e-13
-2.29948e-13
-2.26204e-13
-2.21332e-13
-2.36105e-13
-2.33212e-13
-2.35266e-13
-2.40425e-13
-2.41677e-13
-2.39977e-13
-2.40621e-13
-2.3597e-13
-2.38194e-13
-2.3895e-13
-2.37153e-13
-2.3712e-13
-2.3694e-13
-2.28313e-13
-2.32267e-13
-2.27435e-13
-2.22201e-13
-2.20092e-13
-2.12383e-13
-2.09137e-13
-2.07926e-13
-2.08554e-13
-2.06077e-13
-2.06868e-13
-2.08346e-13
-2.11186e-13
-2.015e-13
-1.82107e-13
-1.68911e-13
-1.68385e-13
-1.63989e-13
-1.60848e-13
-1.57466e-13
-1.45265e-13
-1.47435e-13
-1.49671e-13
-1.3979e-13
-1.34322e-13
-1.21897e-13
-1.12606e-13
-1.08505e-13
-1.03788e-13
-9.64187e-14
-8.78425e-14
-9.08983e-14
-8.34751e-14
-7.29555e-14
-6.84156e-14
-6.73547e-14
-6.48029e-14
-6.19858e-14
-6.23516e-14
-4.99428e-14
-4.56628e-14
-3.85743e-14
-3.47105e-14
-3.6152e-14
-3.38795e-14
-3.13299e-14
-2.9234e-14
-2.34632e-14
-1.81356e-14
-1.61184e-14
-1.36472e-14
-1.52795e-14
-1.70526e-14
-1.48646e-14
-9.86325e-15
1.83782e-15
-1.70598e-13
-1.75928e-13
-1.7559e-13
-1.83152e-13
-1.78799e-13
-1.84331e-13
-1.8688e-13
-1.86472e-13
-1.88243e-13
-1.89433e-13
-1.92736e-13
-1.96268e-13
-2.03138e-13
-2.00228e-13
-2.09916e-13
-2.15641e-13
-2.07777e-13
-2.11515e-13
-2.19891e-13
-2.237e-13
-2.22788e-13
-2.2587e-13
-2.28716e-13
-2.35238e-13
-2.26665e-13
-2.26204e-13
-2.27643e-13
-2.29826e-13
-2.23227e-13
-2.2608e-13
-2.27156e-13
-2.35454e-13
-2.34908e-13
-2.33379e-13
-2.42108e-13
-2.41774e-13
-2.36018e-13
-2.38926e-13
-2.36574e-13
-2.41655e-13
-2.37187e-13
-2.38224e-13
-2.35285e-13
-2.30355e-13
-2.2897e-13
-2.3034e-13
-2.26937e-13
-2.17105e-13
-2.17259e-13
-2.1281e-13
-2.11309e-13
-2.10247e-13
-2.09199e-13
-2.11238e-13
-2.0809e-13
-2.04383e-13
-2.04893e-13
-1.91421e-13
-1.8111e-13
-1.73975e-13
-1.67612e-13
-1.62309e-13
-1.5911e-13
-1.56168e-13
-1.47225e-13
-1.517e-13
-1.46741e-13
-1.38868e-13
-1.28134e-13
-1.18712e-13
-1.16509e-13
-1.12286e-13
-1.04826e-13
-9.42032e-14
-8.74323e-14
-8.89208e-14
-8.40348e-14
-7.58423e-14
-7.21714e-14
-6.84903e-14
-6.47389e-14
-6.14893e-14
-5.21498e-14
-4.41871e-14
-4.61681e-14
-3.81318e-14
-3.70792e-14
-4.00568e-14
-3.50219e-14
-2.8251e-14
-3.20957e-14
-2.53917e-14
-1.56308e-14
-1.36165e-14
-1.07039e-14
-1.19136e-14
-1.50026e-14
-1.38461e-14
-1.1698e-14
-4.61388e-16
-1.70595e-13
-1.75939e-13
-1.67536e-13
-1.8108e-13
-1.84944e-13
-1.84042e-13
-1.88963e-13
-1.8813e-13
-1.90714e-13
-1.84771e-13
-1.84451e-13
-1.91568e-13
-2.00327e-13
-2.02585e-13
-2.05914e-13
-2.09081e-13
-2.09768e-13
-2.05262e-13
-2.0873e-13
-2.20882e-13
-2.24647e-13
-2.26474e-13
-2.31314e-13
-2.37051e-13
-2.24675e-13
-2.2445e-13
-2.27643e-13
-2.32228e-13
-2.2968e-13
-2.30611e-13
-2.23443e-13
-2.3045e-13
-2.3173e-13
-2.30725e-13
-2.44579e-13
-2.41092e-13
-2.34927e-13
-2.39442e-13
-2.35881e-13
-2.41757e-13
-2.33296e-13
-2.38415e-13
-2.34071e-13
-2.29239e-13
-2.24966e-13
-2.24215e-13
-2.23188e-13
-2.18991e-13
-2.15749e-13
-2.12928e-13
-2.10571e-13
-2.0952e-13
-2.0784e-13
-2.03708e-13
-2.00089e-13
-2.0392e-13
-2.15697e-13
-1.99023e-13
-1.7671e-13
-1.72505e-13
-1.68192e-13
-1.69601e-13
-1.64439e-13
-1.54878e-13
-1.42719e-13
-1.41816e-13
-1.48189e-13
-1.45058e-13
-1.33862e-13
-1.1934e-13
-1.16266e-13
-1.05902e-13
-1.01034e-13
-9.45072e-14
-8.92942e-14
-8.84318e-14
-8.35533e-14
-7.3156e-14
-6.65093e-14
-6.45699e-14
-6.43575e-14
-5.75452e-14
-6.01707e-14
-4.39045e-14
-4.73285e-14
-4.15581e-14
-4.0908e-14
-4.11709e-14
-3.55871e-14
-2.64596e-14
-3.17245e-14
-2.74285e-14
-1.82444e-14
-1.34306e-14
-1.22072e-14
-1.20487e-14
-1.60521e-14
-1.21457e-14
-1.08737e-14
-4.89408e-15
-1.75431e-13
-1.73489e-13
-1.7161e-13
-1.79055e-13
-1.77312e-13
-1.77889e-13
-1.82762e-13
-1.84535e-13
-1.87289e-13
-1.86785e-13
-1.91741e-13
-1.90117e-13
-1.96284e-13
-2.04511e-13
-2.06482e-13
-2.11126e-13
-2.05929e-13
-1.99513e-13
-2.02045e-13
-2.21305e-13
-2.21046e-13
-2.27941e-13
-2.30139e-13
-2.3312e-13
-2.35437e-13
-2.28552e-13
-2.22419e-13
-2.23743e-13
-2.23887e-13
-2.25841e-13
-2.31428e-13
-2.36151e-13
-2.39583e-13
-2.34603e-13
-2.35642e-13
-2.36152e-13
-2.29888e-13
-2.37076e-13
-2.27957e-13
-2.36547e-13
-2.3753e-13
-2.40184e-13
-2.31992e-13
-2.25069e-13
-2.25676e-13
-2.2038e-13
-2.18409e-13
-2.13956e-13
-2.17171e-13
-2.15048e-13
-2.11918e-13
-2.11061e-13
-2.07514e-13
-2.0668e-13
-2.05365e-13
-2.02906e-13
-2.02563e-13
-1.96999e-13
-1.7836e-13
-1.75821e-13
-1.72997e-13
-1.65768e-13
-1.56381e-13
-1.50378e-13
-1.4153e-13
-1.44331e-13
-1.45102e-13
-1.40872e-13
-1.35327e-13
-1.19557e-13
-1.17296e-13
-1.09326e-13
-1.00342e-13
-9.37932e-14
-8.73216e-14
-8.88186e-14
-8.50794e-14
-7.23523e-14
-5.88399e-14
-6.2702e-14
-6.03609e-14
-5.58624e-14
-5.56513e-14
-5.19191e-14
-4.31455e-14
-4.22057e-14
-3.803e-14
-3.97249e-14
-3.73685e-14
-2.94879e-14
-3.26376e-14
-3.07225e-14
-1.83977e-14
-1.0373e-14
-1.37226e-14
-1.29959e-14
-8.87535e-15
-1.20019e-14
-1.13905e-14
-3.63195e-15
-1.7358e-13
-1.71513e-13
-1.7246e-13
-1.76497e-13
-1.81433e-13
-1.82947e-13
-1.82205e-13
-1.78589e-13
-1.77472e-13
-1.8589e-13
-1.98749e-13
-1.91128e-13
-1.97112e-13
-2.01331e-13
-2.0349e-13
-2.08208e-13
-2.08158e-13
-2.02042e-13
-1.93383e-13
-2.09586e-13
-2.18715e-13
-2.2425e-13
-2.34841e-13
-2.27713e-13
-2.30694e-13
-2.29851e-13
-2.22214e-13
-2.23396e-13
-2.28048e-13
-2.31531e-13
-2.32773e-13
-2.34095e-13
-2.2778e-13
-2.27231e-13
-2.33625e-13
-2.39469e-13
-2.38052e-13
-2.36665e-13
-2.29335e-13
-2.37077e-13
-2.36655e-13
-2.35982e-13
-2.29339e-13
-2.16718e-13
-2.1803e-13
-2.15209e-13
-2.14287e-13
-2.14635e-13
-2.18549e-13
-2.1625e-13
-2.06052e-13
-2.08584e-13
-2.07355e-13
-2.09166e-13
-2.05575e-13
-2.00332e-13
-1.98539e-13
-1.91229e-13
-1.83208e-13
-1.73067e-13
-1.695e-13
-1.62921e-13
-1.60664e-13
-1.58237e-13
-1.44316e-13
-1.36733e-13
-1.31949e-13
-1.35292e-13
-1.38009e-13
-1.29176e-13
-1.18054e-13
-1.04257e-13
-9.57546e-14
-9.32876e-14
-8.50387e-14
-8.58412e-14
-8.36504e-14
-7.2449e-14
-7.20138e-14
-6.20013e-14
-6.0094e-14
-5.51905e-14
-5.02366e-14
-4.96292e-14
-4.25299e-14
-4.15109e-14
-3.94811e-14
-4.42182e-14
-4.22251e-14
-3.33739e-14
-3.17576e-14
-2.96647e-14
-1.85173e-14
-1.23333e-14
-1.11008e-14
-1.56916e-14
-8.4799e-15
-5.83236e-15
-6.09144e-15
-2.08248e-15
-1.72851e-13
-1.73173e-13
-1.78092e-13
-1.76991e-13
-1.76736e-13
-1.77174e-13
-1.75012e-13
-1.73598e-13
-1.76856e-13
-1.92395e-13
-1.98037e-13
-1.93827e-13
-1.94038e-13
-2.0427e-13
-2.00335e-13
-1.96261e-13
-1.98343e-13
-2.01159e-13
-2.03589e-13
-2.09771e-13
-2.26035e-13
-2.25949e-13
-2.30639e-13
-2.23885e-13
-2.27656e-13
-2.31671e-13
-2.232e-13
-2.21199e-13
-2.28092e-13
-2.2868e-13
-2.32841e-13
-2.28158e-13
-2.29774e-13
-2.32789e-13
-2.32902e-13
-2.32176e-13
-2.34926e-13
-2.29568e-13
-2.3168e-13
-2.34934e-13
-2.34218e-13
-2.32774e-13
-2.2586e-13
-2.15861e-13
-2.12865e-13
-2.1374e-13
-2.09929e-13
-2.14451e-13
-2.15989e-13
-2.1253e-13
-2.11245e-13
-2.12211e-13
-2.03098e-13
-2.02578e-13
-2.03237e-13
-2.02768e-13
-1.99252e-13
-1.89919e-13
-1.85143e-13
-1.77289e-13
-1.65234e-13
-1.59579e-13
-1.5408e-13
-1.56961e-13
-1.45887e-13
-1.358e-13
-1.35247e-13
-1.3535e-13
-1.30488e-13
-1.2074e-13
-1.13782e-13
-1.05936e-13
-9.44811e-14
-8.98209e-14
-8.90832e-14
-9.09335e-14
-8.50268e-14
-7.21375e-14
-6.42876e-14
-5.97607e-14
-6.14426e-14
-5.50981e-14
-5.25853e-14
-4.65966e-14
-3.71831e-14
-4.01665e-14
-3.8951e-14
-3.84167e-14
-3.75698e-14
-3.90122e-14
-3.67529e-14
-2.75214e-14
-1.98256e-14
-1.83563e-14
-1.5273e-14
-1.04311e-14
-6.1638e-15
-6.88409e-15
-1.20517e-14
-4.47634e-15
-1.71948e-13
-1.68367e-13
-1.69588e-13
-1.77033e-13
-1.78081e-13
-1.80956e-13
-1.85369e-13
-1.74501e-13
-1.74592e-13
-1.80692e-13
-1.84466e-13
-1.88781e-13
-1.98071e-13
-2.06967e-13
-2.01752e-13
-2.00354e-13
-1.93528e-13
-1.98184e-13
-2.0784e-13
-2.1121e-13
-2.20576e-13
-2.19077e-13
-2.295e-13
-2.26734e-13
-2.29651e-13
-2.25995e-13
-2.22365e-13
-2.24459e-13
-2.21082e-13
-2.237e-13
-2.23322e-13
-2.25789e-13
-2.31726e-13
-2.37156e-13
-2.37499e-13
-2.37201e-13
-2.37828e-13
-2.32859e-13
-2.32539e-13
-2.33598e-13
-2.33007e-13
-2.31117e-13
-2.21232e-13
-2.15162e-13
-2.09831e-13
-2.07894e-13
-2.06034e-13
-2.13637e-13
-2.17589e-13
-2.09932e-13
-2.0835e-13
-2.08424e-13
-2.12736e-13
-2.08963e-13
-2.05171e-13
-1.94955e-13
-1.92859e-13
-1.88639e-13
-1.85734e-13
-1.82014e-13
-1.67221e-13
-1.56527e-13
-1.50584e-13
-1.50422e-13
-1.45525e-13
-1.41963e-13
-1.3567e-13
-1.29776e-13
-1.27567e-13
-1.17794e-13
-1.09206e-13
-1.07641e-13
-9.70867e-14
-8.82615e-14
-8.84504e-14
-9.89862e-14
-8.5309e-14
-6.70915e-14
-5.88747e-14
-5.93325e-14
-6.70764e-14
-5.24723e-14
-4.94866e-14
-4.46207e-14
-3.614e-14
-4.39881e-14
-4.65206e-14
-3.62729e-14
-3.67566e-14
-3.71907e-14
-3.70561e-14
-3.4534e-14
-2.43815e-14
-2.3569e-14
-1.1896e-14
-8.36418e-15
-4.10944e-15
-1.10627e-14
-1.23168e-14
-3.72613e-15
-1.7299e-13
-1.73237e-13
-1.71747e-13
-1.7085e-13
-1.69794e-13
-1.7674e-13
-1.73965e-13
-1.72222e-13
-1.7701e-13
-1.8365e-13
-1.94094e-13
-1.94979e-13
-1.95179e-13
-1.94308e-13
-1.94157e-13
-1.87491e-13
-1.92982e-13
-1.98077e-13
-2.08174e-13
-2.14008e-13
-2.24238e-13
-2.27672e-13
-2.29022e-13
-2.27007e-13
-2.26377e-13
-2.30311e-13
-2.19439e-13
-2.24112e-13
-2.32313e-13
-2.21941e-13
-2.19503e-13
-2.22455e-13
-2.25461e-13
-2.28162e-13
-2.37785e-13
-2.40269e-13
-2.43402e-13
-2.33216e-13
-2.31359e-13
-2.27528e-13
-2.30509e-13
-2.32342e-13
-2.20489e-13
-2.14639e-13
-2.10318e-13
-2.03598e-13
-2.0371e-13
-2.10497e-13
-2.14349e-13
-2.11928e-13
-2.10622e-13
-2.02602e-13
-2.05066e-13
-2.03873e-13
-2.03213e-13
-1.98337e-13
-1.99059e-13
-1.92395e-13
-1.90091e-13
-1.8201e-13
-1.58863e-13
-1.55225e-13
-1.54479e-13
-1.4412e-13
-1.44302e-13
-1.43385e-13
-1.33596e-13
-1.27803e-13
-1.2589e-13
-1.15065e-13
-1.0775e-13
-1.03546e-13
-9.75263e-14
-9.3366e-14
-9.24252e-14
-9.59067e-14
-7.82222e-14
-7.06498e-14
-5.817e-14
-5.58928e-14
-5.54996e-14
-5.33781e-14
-5.32128e-14
-4.63621e-14
-4.02907e-14
-4.21045e-14
-3.95305e-14
-3.79368e-14
-3.19332e-14
-3.45259e-14
-3.4337e-14
-3.56491e-14
-2.96742e-14
-1.93456e-14
-1.344e-14
-7.66003e-15
-1.37418e-14
-1.14975e-14
-6.95469e-15
-2.33834e-15
-1.70026e-13
-1.70105e-13
-1.68832e-13
-1.69185e-13
-1.72581e-13
-1.702e-13
-1.73526e-13
-1.76551e-13
-1.80762e-13
-1.79115e-13
-1.87642e-13
-1.89869e-13
-1.9582e-13
-1.93577e-13
-1.90915e-13
-1.92598e-13
-1.92551e-13
-1.97644e-13
-2.06742e-13
-2.15314e-13
-2.3002e-13
-2.33345e-13
-2.28605e-13
-2.23169e-13
-2.25299e-13
-2.30675e-13
-2.21427e-13
-2.20006e-13
-2.1629e-13
-2.15056e-13
-2.17752e-13
-2.24813e-13
-2.32021e-13
-2.38577e-13
-2.37359e-13
-2.46768e-13
-2.41079e-13
-2.35773e-13
-2.3055e-13
-2.25556e-13
-2.26053e-13
-2.25411e-13
-2.15768e-13
-2.15238e-13
-2.10212e-13
-2.13129e-13
-2.02867e-13
-2.07185e-13
-2.08329e-13
-2.07523e-13
-2.07289e-13
-1.99758e-13
-2.0729e-13
-2.0432e-13
-2.02608e-13
-2.01351e-13
-1.98785e-13
-1.93617e-13
-1.89533e-13
-1.80731e-13
-1.60973e-13
-1.57563e-13
-1.52579e-13
-1.46015e-13
-1.43816e-13
-1.37176e-13
-1.32527e-13
-1.26481e-13
-1.24324e-13
-1.21167e-13
-1.1201e-13
-1.02109e-13
-1.00898e-13
-9.80263e-14
-9.44639e-14
-8.93362e-14
-7.43977e-14
-7.2912e-14
-6.0946e-14
-5.6482e-14
-5.35573e-14
-4.73491e-14
-5.08392e-14
-4.63247e-14
-4.331e-14
-4.06424e-14
-3.65617e-14
-3.15142e-14
-3.48079e-14
-4.06883e-14
-3.90893e-14
-3.55269e-14
-2.85716e-14
-1.63706e-14
-9.93026e-15
-1.00787e-14
-1.28924e-14
-1.2469e-14
-2.93903e-15
-9.7133e-16
-1.78633e-13
-1.67292e-13
-1.59115e-13
-1.5856e-13
-1.68548e-13
-1.68733e-13
-1.73482e-13
-1.74189e-13
-1.8114e-13
-1.82645e-13
-1.86247e-13
-1.8974e-13
-1.98861e-13
-2.01664e-13
-1.93546e-13
-1.87655e-13
-1.85632e-13
-1.95303e-13
-2.13138e-13
-2.19428e-13
-2.22634e-13
-2.18714e-13
-2.24845e-13
-2.28737e-13
-2.25688e-13
-2.31909e-13
-2.26324e-13
-2.23638e-13
-2.15849e-13
-2.1334e-13
-2.22663e-13
-2.32892e-13
-2.33992e-13
-2.29147e-13
-2.35535e-13
-2.36173e-13
-2.35521e-13
-2.32098e-13
-2.29162e-13
-2.3048e-13
-2.24943e-13
-2.2108e-13
-2.19816e-13
-2.14629e-13
-2.07601e-13
-1.99936e-13
-2.03413e-13
-2.031e-13
-2.05687e-13
-2.0713e-13
-2.06949e-13
-2.04727e-13
-2.06065e-13
-2.00226e-13
-2.02679e-13
-2.03126e-13
-2.00477e-13
-1.89685e-13
-1.87411e-13
-1.79839e-13
-1.6484e-13
-1.60563e-13
-1.52936e-13
-1.45338e-13
-1.44392e-13
-1.38191e-13
-1.30593e-13
-1.27631e-13
-1.19613e-13
-1.16119e-13
-1.10848e-13
-1.0469e-13
-1.0808e-13
-1.01829e-13
-9.47374e-14
-8.43419e-14
-8.06603e-14
-6.93299e-14
-6.43537e-14
-5.82858e-14
-5.47729e-14
-5.24846e-14
-5.30254e-14
-4.37683e-14
-4.334e-14
-3.49005e-14
-3.49238e-14
-3.30314e-14
-3.96973e-14
-3.83865e-14
-3.57953e-14
-3.30467e-14
-2.33977e-14
-1.58919e-14
-1.73578e-14
-1.25184e-14
-1.06852e-14
-9.78847e-15
-7.3601e-16
4.14273e-16
-1.70174e-13
-1.68721e-13
-1.66865e-13
-1.62843e-13
-1.67868e-13
-1.64457e-13
-1.69008e-13
-1.75834e-13
-1.87096e-13
-1.82157e-13
-1.86913e-13
-1.90507e-13
-1.99983e-13
-1.90443e-13
-1.84672e-13
-1.88673e-13
-1.91775e-13
-1.99354e-13
-2.08499e-13
-2.12737e-13
-2.24475e-13
-2.27839e-13
-2.3045e-13
-2.24028e-13
-2.18211e-13
-2.24202e-13
-2.26714e-13
-2.24709e-13
-2.12279e-13
-2.18408e-13
-2.2584e-13
-2.319e-13
-2.27275e-13
-2.32673e-13
-2.40459e-13
-2.40305e-13
-2.39055e-13
-2.3813e-13
-2.31835e-13
-2.27345e-13
-2.19701e-13
-2.12564e-13
-2.18661e-13
-2.11555e-13
-2.07231e-13
-2.04344e-13
-2.03223e-13
-2.03078e-13
-2.06387e-13
-2.04623e-13
-2.05548e-13
-2.06074e-13
-2.05083e-13
-1.9684e-13
-2.00114e-13
-2.01907e-13
-2.00439e-13
-1.91853e-13
-1.88938e-13
-1.7883e-13
-1.69766e-13
-1.57542e-13
-1.55215e-13
-1.42064e-13
-1.41228e-13
-1.37848e-13
-1.32075e-13
-1.25679e-13
-1.19088e-13
-1.13672e-13
-1.15222e-13
-1.12298e-13
-1.10802e-13
-1.00384e-13
-9.13093e-14
-8.08458e-14
-8.26907e-14
-7.52776e-14
-6.86015e-14
-5.84978e-14
-5.42034e-14
-4.94853e-14
-4.7379e-14
-4.28643e-14
-4.06373e-14
-3.89411e-14
-3.90081e-14
-3.14265e-14
-3.80262e-14
-3.54183e-14
-3.15994e-14
-3.52019e-14
-2.69493e-14
-2.01685e-14
-1.95618e-14
-1.27337e-14
-1.00103e-14
-1.11451e-14
-1.19369e-15
-9.96597e-16
-1.66376e-13
-1.69077e-13
-1.68183e-13
-1.66619e-13
-1.68311e-13
-1.67293e-13
-1.68988e-13
-1.77142e-13
-1.76478e-13
-1.77358e-13
-1.94513e-13
-1.98282e-13
-1.96323e-13
-1.87685e-13
-1.86743e-13
-1.87547e-13
-1.89416e-13
-1.96229e-13
-2.11103e-13
-2.21383e-13
-2.20602e-13
-2.19274e-13
-2.20807e-13
-2.22761e-13
-2.22129e-13
-2.25625e-13
-2.26649e-13
-2.18049e-13
-2.17194e-13
-2.25147e-13
-2.37111e-13
-2.31371e-13
-2.30559e-13
-2.30023e-13
-2.34575e-13
-2.40052e-13
-2.37014e-13
-2.3406e-13
-2.26789e-13
-2.18486e-13
-2.21485e-13
-2.21219e-13
-2.1929e-13
-2.15375e-13
-2.08007e-13
-2.05735e-13
-2.00833e-13
-2.05098e-13
-2.0372e-13
-2.02076e-13
-2.0647e-13
-2.01613e-13
-1.99682e-13
-2.00856e-13
-2.07021e-13
-2.02602e-13
-1.99175e-13
-1.91899e-13
-1.87234e-13
-1.79545e-13
-1.64658e-13
-1.54772e-13
-1.52391e-13
-1.44303e-13
-1.46036e-13
-1.41199e-13
-1.33055e-13
-1.27644e-13
-1.23329e-13
-1.11019e-13
-1.06237e-13
-1.09321e-13
-1.09835e-13
-1.03286e-13
-9.71269e-14
-8.48557e-14
-8.02805e-14
-7.06928e-14
-7.15479e-14
-6.69834e-14
-5.62427e-14
-5.21942e-14
-4.40832e-14
-3.95794e-14
-3.69057e-14
-3.40042e-14
-3.63624e-14
-3.42684e-14
-3.50733e-14
-3.84267e-14
-3.22432e-14
-3.36072e-14
-2.62939e-14
-2.2742e-14
-1.98999e-14
-1.45014e-14
-1.53656e-14
-1.30468e-14
-3.77249e-15
-3.37804e-15
-1.64982e-13
-1.69548e-13
-1.69543e-13
-1.66161e-13
-1.70238e-13
-1.65749e-13
-1.71417e-13
-1.79487e-13
-1.78133e-13
-1.83048e-13
-1.88626e-13
-1.8912e-13
-1.91138e-13
-1.86384e-13
-1.88836e-13
-1.91252e-13
-1.89326e-13
-1.96202e-13
-2.11786e-13
-2.17248e-13
-2.21635e-13
-2.27109e-13
-2.23383e-13
-2.24401e-13
-2.23145e-13
-2.2354e-13
-2.21734e-13
-2.19614e-13
-2.18545e-13
-2.22906e-13
-2.30203e-13
-2.29347e-13
-2.30649e-13
-2.33097e-13
-2.40219e-13
-2.40985e-13
-2.34059e-13
-2.2791e-13
-2.24337e-13
-2.24602e-13
-2.21128e-13
-2.17334e-13
-2.1487e-13
-2.11198e-13
-2.08695e-13
-2.0436e-13
-1.99931e-13
-2.04362e-13
-2.0797e-13
-2.04402e-13
-2.05418e-13
-2.01127e-13
-1.99185e-13
-2.02496e-13
-2.05403e-13
-2.01814e-13
-1.97135e-13
-1.88226e-13
-1.82257e-13
-1.76073e-13
-1.65178e-13
-1.59287e-13
-1.54495e-13
-1.45804e-13
-1.44826e-13
-1.37549e-13
-1.26549e-13
-1.28078e-13
-1.18495e-13
-1.13177e-13
-1.14464e-13
-1.19295e-13
-1.13281e-13
-1.01059e-13
-9.37974e-14
-8.28209e-14
-8.041e-14
-7.41246e-14
-6.71901e-14
-6.32013e-14
-5.86521e-14
-5.15438e-14
-4.38997e-14
-4.26823e-14
-3.62382e-14
-3.09553e-14
-3.27076e-14
-3.88467e-14
-3.54177e-14
-3.21288e-14
-3.20975e-14
-3.48167e-14
-2.96021e-14
-2.42002e-14
-2.20976e-14
-1.70064e-14
-1.1163e-14
-1.40086e-14
-7.21822e-15
-1.45933e-15
-1.64978e-13
-1.72044e-13
-1.66374e-13
-1.63232e-13
-1.70354e-13
-1.73458e-13
-1.67424e-13
-1.76854e-13
-1.78589e-13
-1.80513e-13
-1.86475e-13
-1.89518e-13
-1.94878e-13
-1.89936e-13
-1.94271e-13
-1.95577e-13
-1.88693e-13
-1.97734e-13
-2.09508e-13
-2.16414e-13
-2.22873e-13
-2.26034e-13
-2.22258e-13
-2.16863e-13
-2.17451e-13
-2.24708e-13
-2.25405e-13
-2.24812e-13
-2.22281e-13
-2.26378e-13
-2.31609e-13
-2.2976e-13
-2.32174e-13
-2.3428e-13
-2.39237e-13
-2.39124e-13
-2.31391e-13
-2.25455e-13
-2.2236e-13
-2.17595e-13
-2.20508e-13
-2.19694e-13
-2.1441e-13
-2.09578e-13
-2.11237e-13
-2.07777e-13
-2.0225e-13
-2.06575e-13
-2.09955e-13
-2.03918e-13
-2.01665e-13
-1.99357e-13
-2.00412e-13
-2.01132e-13
-2.02605e-13
-2.02333e-13
-1.97578e-13
-1.90789e-13
-1.84301e-13
-1.76232e-13
-1.64282e-13
-1.55675e-13
-1.53707e-13
-1.46658e-13
-1.46987e-13
-1.36691e-13
-1.27918e-13
-1.23174e-13
-1.20685e-13
-1.18582e-13
-1.16389e-13
-1.14685e-13
-1.08671e-13
-1.00812e-13
-9.42569e-14
-8.71772e-14
-8.2161e-14
-7.40133e-14
-6.86474e-14
-6.1894e-14
-5.55601e-14
-4.61841e-14
-4.47727e-14
-4.1306e-14
-3.27733e-14
-2.59957e-14
-3.21443e-14
-3.81264e-14
-3.51963e-14
-3.45985e-14
-3.24143e-14
-3.6054e-14
-3.3742e-14
-2.21365e-14
-2.4003e-14
-2.02162e-14
-1.70864e-14
-1.6929e-14
-6.57284e-15
-1.85955e-15
-1.68877e-13
-1.74169e-13
-1.70313e-13
-1.64488e-13
-1.64146e-13
-1.72357e-13
-1.72443e-13
-1.77452e-13
-1.75976e-13
-1.78632e-13
-1.85673e-13
-1.91469e-13
-1.93157e-13
-1.85245e-13
-1.89477e-13
-1.90351e-13
-1.96702e-13
-2.08535e-13
-2.17572e-13
-2.16663e-13
-2.19328e-13
-2.20597e-13
-2.22355e-13
-2.17753e-13
-2.20882e-13
-2.27491e-13
-2.24506e-13
-2.21533e-13
-2.24846e-13
-2.2789e-13
-2.32426e-13
-2.34514e-13
-2.37929e-13
-2.34079e-13
-2.35197e-13
-2.3516e-13
-2.25343e-13
-2.22332e-13
-2.27124e-13
-2.254e-13
-2.17958e-13
-2.17e-13
-2.12716e-13
-2.05155e-13
-2.07999e-13
-2.03776e-13
-2.05072e-13
-2.06259e-13
-2.06368e-13
-2.03411e-13
-2.03609e-13
-2.019e-13
-2.0147e-13
-1.99693e-13
-2.03889e-13
-2.03659e-13
-1.97832e-13
-1.89644e-13
-1.83036e-13
-1.74338e-13
-1.64831e-13
-1.57703e-13
-1.52512e-13
-1.43424e-13
-1.44628e-13
-1.39322e-13
-1.33534e-13
-1.23671e-13
-1.18805e-13
-1.20544e-13
-1.15312e-13
-1.11565e-13
-1.07213e-13
-1.03187e-13
-9.7198e-14
-8.72809e-14
-7.93493e-14
-7.0089e-14
-6.30043e-14
-6.09073e-14
-6.00209e-14
-4.53469e-14
-4.12644e-14
-3.61338e-14
-3.36846e-14
-3.22318e-14
-3.59789e-14
-3.92278e-14
-3.85604e-14
-2.592e-14
-2.95081e-14
-3.14368e-14
-3.18147e-14
-2.7073e-14
-2.69353e-14
-2.23256e-14
-1.87656e-14
-1.19597e-14
-1.06532e-14
-5.57943e-15
-1.69901e-13
-1.69799e-13
-1.66233e-13
-1.70932e-13
-1.676e-13
-1.7059e-13
-1.76986e-13
-1.77624e-13
-1.74615e-13
-1.765e-13
-1.84726e-13
-1.8964e-13
-1.96993e-13
-1.88038e-13
-1.97974e-13
-2.02195e-13
-1.99994e-13
-2.01996e-13
-2.1014e-13
-2.12169e-13
-2.15189e-13
-2.15375e-13
-2.22025e-13
-2.19231e-13
-2.20967e-13
-2.29516e-13
-2.30812e-13
-2.24716e-13
-2.25718e-13
-2.23883e-13
-2.33938e-13
-2.36941e-13
-2.40028e-13
-2.35826e-13
-2.35067e-13
-2.33724e-13
-2.27723e-13
-2.2325e-13
-2.23578e-13
-2.19059e-13
-2.15574e-13
-2.17775e-13
-2.11429e-13
-2.07342e-13
-2.05239e-13
-2.03477e-13
-2.02097e-13
-2.05424e-13
-2.07036e-13
-2.05802e-13
-2.04628e-13
-2.01568e-13
-1.99309e-13
-1.97426e-13
-1.99821e-13
-2.0745e-13
-2.01629e-13
-1.91377e-13
-1.819e-13
-1.70478e-13
-1.62846e-13
-1.62141e-13
-1.55649e-13
-1.4309e-13
-1.45378e-13
-1.36635e-13
-1.29987e-13
-1.24524e-13
-1.21141e-13
-1.22703e-13
-1.1106e-13
-1.15475e-13
-1.14093e-13
-1.02431e-13
-1.00391e-13
-8.38413e-14
-7.49056e-14
-6.95521e-14
-6.62536e-14
-5.74786e-14
-5.37881e-14
-4.65318e-14
-4.35501e-14
-3.83178e-14
-3.18466e-14
-2.8249e-14
-3.12059e-14
-3.04463e-14
-3.96195e-14
-3.68777e-14
-3.86556e-14
-3.52981e-14
-2.74746e-14
-2.82709e-14
-2.7281e-14
-2.7369e-14
-1.82022e-14
-1.21534e-14
-4.49127e-15
-9.6836e-16
-1.67109e-13
-1.69983e-13
-1.74971e-13
-1.68284e-13
-1.64166e-13
-1.64447e-13
-1.79358e-13
-1.78007e-13
-1.75478e-13
-1.75864e-13
-1.78884e-13
-1.87545e-13
-2.00244e-13
-1.92437e-13
-1.95873e-13
-1.9627e-13
-1.95633e-13
-2.01144e-13
-2.13143e-13
-2.1615e-13
-2.13451e-13
-2.13745e-13
-2.22191e-13
-2.23345e-13
-2.29254e-13
-2.28575e-13
-2.24979e-13
-2.22807e-13
-2.27361e-13
-2.26464e-13
-2.32207e-13
-2.37505e-13
-2.41387e-13
-2.37133e-13
-2.33885e-13
-2.33406e-13
-2.29328e-13
-2.29711e-13
-2.26756e-13
-2.2029e-13
-2.13459e-13
-2.0835e-13
-2.0815e-13
-2.04918e-13
-2.04013e-13
-2.098e-13
-2.0721e-13
-2.00606e-13
-2.04273e-13
-2.09653e-13
-2.06513e-13
-1.98597e-13
-1.97143e-13
-1.98368e-13
-2.00371e-13
-2.01466e-13
-1.96612e-13
-1.90555e-13
-1.82099e-13
-1.72354e-13
-1.60597e-13
-1.59636e-13
-1.53541e-13
-1.48552e-13
-1.41683e-13
-1.3365e-13
-1.30495e-13
-1.27234e-13
-1.18177e-13
-1.19674e-13
-1.13517e-13
-1.12484e-13
-1.10758e-13
-1.02156e-13
-9.96048e-14
-8.19641e-14
-7.66597e-14
-7.28178e-14
-6.83392e-14
-5.68295e-14
-5.33706e-14
-4.34452e-14
-4.10014e-14
-3.85684e-14
-3.64524e-14
-3.22427e-14
-3.28863e-14
-3.28539e-14
-3.83171e-14
-3.17709e-14
-3.34656e-14
-3.38475e-14
-2.47208e-14
-2.84045e-14
-2.65849e-14
-2.19265e-14
-2.31262e-14
-1.39873e-14
-5.11559e-15
-3.22925e-15
-1.70499e-13
-1.69612e-13
-1.68042e-13
-1.67832e-13
-1.59699e-13
-1.71654e-13
-1.75675e-13
-1.72886e-13
-1.74801e-13
-1.75466e-13
-1.75395e-13
-1.90134e-13
-2.02576e-13
-1.98065e-13
-1.96873e-13
-1.97532e-13
-2.00524e-13
-2.05473e-13
-2.11339e-13
-2.1387e-13
-2.05095e-13
-2.09219e-13
-2.19148e-13
-2.23448e-13
-2.35027e-13
-2.28933e-13
-2.30587e-13
-2.28438e-13
-2.29613e-13
-2.20779e-13
-2.2978e-13
-2.34296e-13
-2.39963e-13
-2.35907e-13
-2.36673e-13
-2.35506e-13
-2.31135e-13
-2.37193e-13
-2.21646e-13
-2.10826e-13
-2.10854e-13
-2.06065e-13
-2.04138e-13
-2.08966e-13
-2.07105e-13
-2.10962e-13
-2.02791e-13
-2.00626e-13
-2.05587e-13
-2.12978e-13
-2.05252e-13
-2.02283e-13
-1.99044e-13
-1.99319e-13
-2.01354e-13
-1.98119e-13
-2.0287e-13
-1.90841e-13
-1.79343e-13
-1.69834e-13
-1.62751e-13
-1.59652e-13
-1.56582e-13
-1.52048e-13
-1.39803e-13
-1.24081e-13
-1.26102e-13
-1.27088e-13
-1.20716e-13
-1.1904e-13
-1.16193e-13
-1.18295e-13
-1.16966e-13
-1.05854e-13
-9.44939e-14
-8.07696e-14
-7.90123e-14
-7.45179e-14
-6.60796e-14
-5.34624e-14
-5.5882e-14
-4.87702e-14
-4.44186e-14
-3.92986e-14
-3.55292e-14
-3.00525e-14
-2.76133e-14
-3.6686e-14
-3.86698e-14
-3.42178e-14
-3.42914e-14
-2.8804e-14
-2.10772e-14
-2.78757e-14
-2.66085e-14
-1.82968e-14
-2.45362e-14
-1.92074e-14
-9.35678e-15
-2.18933e-16
)
;

boundaryField
{
    inlet
    {
        type            zeroGradient;
    }
    outlet
    {
        type            fixedValue;
        value           uniform 0;
    }
    down
    {
        type            empty;
    }
    up
    {
        type            empty;
    }
    sides
    {
        type            zeroGradient;
    }
}

