/*--------------------------------*- C++ -*----------------------------------*\
| =========                 |                                                 |
| \\      /  F ield         | OpenFOAM: The Open Source CFD Toolbox           |
|  \\    /   O peration     | Version:  v2012                                 |
|   \\  /    A nd           | Website:  www.openfoam.com                      |
|    \\/     M anipulation  |                                                 |
\*---------------------------------------------------------------------------*/
FoamFile
{
    version     2.0;
    format      ascii;
    class       volVectorField;
    location    "0";
    object      uRec;
}
// * * * * * * * * * * * * * * * * * * * * * * * * * * * * * * * * * * * * * //

dimensions      [0 1 -1 0 0 0 0];


internalField   nonuniform List<vector> 
4000
(
(1 1.30036e-18 0)
(1 1.28485e-15 0)
(1 -6.78135e-17 0)
(1 2.25044e-16 0)
(1 -2.73337e-17 0)
(1 -7.29689e-16 0)
(1 4.26476e-16 0)
(1 5.71482e-16 0)
(1 5.35897e-16 0)
(1 -9.39917e-17 0)
(1 -1.14346e-16 0)
(1 2.53613e-16 0)
(1 7.03977e-16 0)
(1 4.8036e-16 0)
(1 8.7738e-16 0)
(1 -5.3899e-16 0)
(1 -1.05329e-15 0)
(1 -3.87198e-16 0)
(1 1.62169e-16 0)
(1 -1.28634e-16 0)
(1 -2.41399e-16 0)
(1 -9.17919e-16 0)
(1 3.01882e-16 0)
(1 -1.69501e-16 0)
(1 8.00962e-16 0)
(1 -1.33439e-16 0)
(1 7.5e-16 0)
(1 3.3244e-16 0)
(1 7.56731e-16 0)
(1 7.28667e-16 0)
(1 2.50646e-16 0)
(1 -1.0098e-15 0)
(1 -6.87991e-16 0)
(1 -4.42528e-16 0)
(1 2.28778e-18 0)
(1 1.53886e-16 0)
(1 1.19343e-15 0)
(1 8.5011e-16 0)
(1 7.58584e-16 0)
(1 -1.79532e-16 0)
(1 -4.17973e-16 0)
(1 -9.62542e-16 0)
(1 -1.96333e-16 0)
(1 3.40932e-16 0)
(1 6.62469e-16 0)
(1 6.30938e-17 0)
(1 4.1489e-16 0)
(1 2.3477e-16 0)
(1 -2.59114e-16 0)
(1 6.78215e-16 0)
(1 3.27289e-16 0)
(1 9.0361e-16 0)
(1 5.70198e-16 0)
(1 8.09228e-16 0)
(1 6.26549e-16 0)
(1 -1.92493e-16 0)
(1 -1.61437e-16 0)
(1 2.54702e-16 0)
(1 6.62633e-16 0)
(1 1.12221e-15 0)
(1 3.83848e-16 0)
(1 1.79385e-16 0)
(1 5.23363e-16 0)
(1 1.66564e-16 0)
(1 -2.6913e-16 0)
(1 6.80261e-17 0)
(1 -1.16789e-16 0)
(1 8.0561e-16 0)
(1 -1.56352e-16 0)
(1 -3.36975e-16 0)
(1 -6.62407e-16 0)
(1 -9.51519e-17 0)
(1 -4.71196e-16 0)
(1 -4.57098e-16 0)
(1 -8.39654e-16 0)
(1 -3.56874e-16 0)
(1 -2.9739e-16 0)
(1 7.93888e-17 0)
(1 1.1216e-16 0)
(1 2.584e-16 0)
(1 7.00224e-16 0)
(1 5.80645e-16 0)
(1 -1.48083e-16 0)
(1 -1.37078e-16 0)
(1 -7.76737e-16 0)
(1 -1.85281e-16 0)
(1 1.79205e-16 0)
(1 1.60525e-16 0)
(1 9.24901e-16 0)
(1 1.00352e-15 0)
(1 -3.3515e-17 0)
(1 4.06307e-16 0)
(1 -3.41764e-16 0)
(1 -3.62966e-17 0)
(1 -4.03253e-16 0)
(1 -1.88697e-16 0)
(1 -2.19044e-16 0)
(1 -9.32218e-17 0)
(1 -5.01733e-17 0)
(1 -1.26918e-16 0)
(1 1.80368e-16 0)
(1 1.29921e-15 0)
(1 2.41721e-16 0)
(1 1.74686e-16 0)
(1 3.55907e-16 0)
(1 -6.95635e-16 0)
(1 4.92639e-16 0)
(1 9.83761e-16 0)
(1 1.2362e-15 0)
(1 2.04979e-16 0)
(1 4.08697e-16 0)
(1 3.2987e-16 0)
(1 1.24668e-15 0)
(1 1.06173e-15 0)
(1 1.53165e-15 0)
(1 -3.15804e-16 0)
(1 -1.18648e-15 0)
(1 6.82232e-17 0)
(1 4.81136e-16 0)
(1 3.39149e-16 0)
(1 -7.33134e-17 0)
(1 -1.08053e-15 0)
(1 6.00437e-16 0)
(1 -2.51222e-16 0)
(1 9.96002e-16 0)
(1 -6.02486e-16 0)
(1 4.22736e-16 0)
(1 -1.20455e-16 0)
(1 1.01282e-15 0)
(1 8.55182e-16 0)
(1 6.87205e-16 0)
(1 4.89583e-17 0)
(1 -3.38456e-16 0)
(1 -5.53333e-16 0)
(1 2.02367e-17 0)
(1 2.2479e-16 0)
(1 1.40263e-15 0)
(1 1.19672e-15 0)
(1 2.70741e-16 0)
(1 -3.88305e-16 0)
(1 -8.27594e-16 0)
(1 -7.0181e-16 0)
(1 -2.78927e-17 0)
(1 6.85485e-16 0)
(1 1.46602e-15 0)
(1 2.21104e-16 0)
(1 9.98139e-16 0)
(1 8.23897e-16 0)
(1 1.065e-15 0)
(1 4.21642e-16 0)
(1 2.69953e-17 0)
(1 6.28977e-16 0)
(1 1.48012e-15 0)
(1 1.21964e-15 0)
(1 1.37106e-15 0)
(1 1.14474e-15 0)
(1 8.39667e-16 0)
(1 1.48278e-15 0)
(1 5.32632e-16 0)
(1 5.65312e-16 0)
(1 -2.14971e-16 0)
(1 1.98208e-17 0)
(1 1.12749e-15 0)
(1 8.65615e-16 0)
(1 2.36008e-16 0)
(1 6.68038e-17 0)
(1 -5.37162e-16 0)
(1 4.48101e-16 0)
(1 -9.6073e-17 0)
(1 -4.09446e-16 0)
(1 1.94947e-16 0)
(1 2.21569e-16 0)
(1 7.41112e-16 0)
(1 6.16259e-17 0)
(1 7.23688e-16 0)
(1 7.48389e-17 0)
(1 1.974e-16 0)
(1 7.12535e-16 0)
(1 9.85171e-16 0)
(1 7.98271e-16 0)
(1 7.74886e-16 0)
(1 8.04321e-17 0)
(1 6.98492e-17 0)
(1 1.18545e-16 0)
(1 -1.13668e-16 0)
(1 3.66826e-16 0)
(1 1.30804e-16 0)
(1 -1.23005e-16 0)
(1 1.97513e-16 0)
(1 6.63337e-16 0)
(1 1.32795e-16 0)
(1 3.04591e-16 0)
(1 -2.76035e-16 0)
(1 2.27063e-16 0)
(1 -6.62503e-16 0)
(1 3.68914e-16 0)
(1 -2.46864e-16 0)
(1 3.84724e-16 0)
(1 -4.85844e-16 0)
(1 -7.88424e-16 0)
(1 9.91198e-18 0)
(1 -3.81492e-17 0)
(1 5.39297e-17 0)
(1 1.12089e-16 0)
(1 8.28574e-16 0)
(1 9.53442e-16 0)
(1 1.41211e-15 0)
(1 1.89441e-15 0)
(1 1.26656e-15 0)
(1 6.76015e-16 0)
(1 1.04217e-15 0)
(1 9.23e-16 0)
(1 1.86522e-15 0)
(1 2.3524e-15 0)
(1 8.74845e-16 0)
(1 -1.07268e-16 0)
(1 -1.3495e-16 0)
(1 2.0897e-16 0)
(1 5.88333e-16 0)
(1 1.26156e-15 0)
(1 1.61613e-16 0)
(1 4.66068e-16 0)
(1 -3.85443e-17 0)
(1 4.6652e-16 0)
(1 5.79201e-16 0)
(1 5.79869e-16 0)
(1 1.05584e-15 0)
(1 4.65027e-16 0)
(1 1.88573e-15 0)
(1 1.15355e-15 0)
(1 1.45482e-15 0)
(1 4.02253e-16 0)
(1 3.82934e-16 0)
(1 -1.85128e-16 0)
(1 -9.10135e-17 0)
(1 -2.48891e-16 0)
(1 -4.066e-16 0)
(1 3.32668e-16 0)
(1 1.25352e-16 0)
(1 -3.45972e-16 0)
(1 -1.61341e-16 0)
(1 -1.58714e-16 0)
(1 -5.13754e-18 0)
(1 2.28955e-16 0)
(1 1.10571e-15 0)
(1 1.46157e-15 0)
(1 1.74483e-15 0)
(1 1.83176e-15 0)
(1 1.83929e-15 0)
(1 9.77762e-16 0)
(1 1.60472e-15 0)
(1 1.28708e-15 0)
(1 2.09245e-15 0)
(1 1.0263e-15 0)
(1 1.67721e-15 0)
(1 2.04309e-15 0)
(1 1.77782e-15 0)
(1 1.60577e-15 0)
(1 9.45841e-16 0)
(1 3.44901e-16 0)
(1 6.42331e-16 0)
(1 4.23265e-16 0)
(1 1.29449e-15 0)
(1 7.88219e-16 0)
(1 8.31802e-16 0)
(1 4.0385e-16 0)
(1 2.65822e-16 0)
(1 2.31673e-16 0)
(1 3.78813e-16 0)
(1 2.34011e-16 0)
(1 1.79812e-16 0)
(1 -8.25714e-17 0)
(1 3.4748e-16 0)
(1 1.44528e-16 0)
(1 3.29836e-16 0)
(1 1.06511e-16 0)
(1 -1.49897e-16 0)
(1 4.83045e-16 0)
(1 7.47452e-16 0)
(1 5.48014e-16 0)
(1 2.22408e-16 0)
(1 -3.71766e-16 0)
(1 3.50613e-16 0)
(1 1.00981e-16 0)
(1 9.52178e-16 0)
(1 4.67047e-16 0)
(1 2.11859e-16 0)
(1 3.37237e-17 0)
(1 -3.55995e-16 0)
(1 2.32881e-16 0)
(1 -8.24644e-17 0)
(1 4.32504e-16 0)
(1 3.36735e-17 0)
(1 7.82802e-16 0)
(1 3.42809e-17 0)
(1 2.39379e-16 0)
(1 -3.26774e-16 0)
(1 -5.11026e-17 0)
(1 -4.46116e-16 0)
(1 -5.7071e-16 0)
(1 5.19089e-16 0)
(1 -7.30706e-16 0)
(1 1.40191e-16 0)
(1 -5.97427e-16 0)
(1 1.4539e-15 0)
(1 1.42238e-15 0)
(1 2.30087e-15 0)
(1 1.6296e-15 0)
(1 9.9924e-16 0)
(1 9.57358e-16 0)
(1 1.86829e-15 0)
(1 2.13173e-15 0)
(1 2.31604e-15 0)
(1 2.67096e-15 0)
(1 2.06364e-15 0)
(1 9.32674e-16 0)
(1 6.99119e-16 0)
(1 -1.03526e-15 0)
(1 -3.52912e-16 0)
(1 1.13563e-15 0)
(1 9.22717e-16 0)
(1 1.23282e-15 0)
(1 8.24707e-16 0)
(1 1.59515e-15 0)
(1 1.25493e-15 0)
(1 2.37091e-15 0)
(1 1.72134e-15 0)
(1 1.54664e-15 0)
(1 1.94708e-15 0)
(1 1.09474e-15 0)
(1 9.13776e-16 0)
(1 -6.45733e-16 0)
(1 -1.51498e-16 0)
(1 -1.65063e-16 0)
(1 4.39783e-16 0)
(1 -1.41715e-16 0)
(1 -3.7913e-17 0)
(1 -1.9001e-16 0)
(1 1.13407e-15 0)
(1 1.67259e-16 0)
(1 1.12031e-15 0)
(1 1.65751e-16 0)
(1 4.41736e-16 0)
(1 1.89195e-16 0)
(1 7.55138e-16 0)
(1 2.69395e-15 0)
(1 2.64225e-15 0)
(1 2.79234e-15 0)
(1 2.24867e-15 0)
(1 2.52075e-15 0)
(1 2.43398e-15 0)
(1 1.99418e-15 0)
(1 1.64999e-15 0)
(1 1.6649e-15 0)
(1 1.90952e-15 0)
(1 1.75539e-15 0)
(1 1.72371e-15 0)
(1 1.58272e-15 0)
(1 1.49564e-15 0)
(1 1.4103e-15 0)
(1 1.83881e-15 0)
(1 1.41938e-15 0)
(1 1.35253e-15 0)
(1 1.40795e-15 0)
(1 1.09533e-15 0)
(1 9.53691e-16 0)
(1 3.79746e-16 0)
(1 8.56163e-17 0)
(1 -4.18918e-16 0)
(1 -4.17346e-16 0)
(1 -3.48225e-16 0)
(1 3.58576e-16 0)
(1 5.11839e-17 0)
(1 1.66293e-17 0)
(1 -3.23812e-16 0)
(1 9.14897e-19 0)
(1 9.05635e-16 0)
(1 6.81586e-16 0)
(1 7.40389e-16 0)
(1 4.14495e-16 0)
(1 8.63742e-16 0)
(1 7.10425e-16 0)
(1 2.93918e-16 0)
(1 2.14588e-16 0)
(1 7.14211e-16 0)
(1 7.74117e-16 0)
(1 1.47449e-15 0)
(1 9.78571e-16 0)
(1 1.09009e-15 0)
(1 9.85111e-16 0)
(1 1.36415e-16 0)
(1 5.02507e-16 0)
(1 4.52179e-16 0)
(1 6.89184e-16 0)
(1 2.36922e-16 0)
(1 -2.20753e-16 0)
(1 -1.05429e-15 0)
(1 -1.06005e-15 0)
(1 -9.54785e-16 0)
(1 -1.64823e-16 0)
(1 8.58569e-16 0)
(1 1.52669e-16 0)
(1 5.00744e-16 0)
(1 -1.19804e-16 0)
(1 1.75682e-15 0)
(1 1.39746e-15 0)
(1 1.26575e-15 0)
(1 9.90112e-16 0)
(1 1.28443e-15 0)
(1 1.40285e-15 0)
(1 2.71526e-15 0)
(1 2.40443e-15 0)
(1 2.3724e-15 0)
(1 5.63837e-16 0)
(1 2.86294e-15 0)
(1 1.90642e-15 0)
(1 1.59543e-15 0)
(1 5.65752e-17 0)
(1 -1.09694e-16 0)
(1 -6.57904e-16 0)
(1 1.05559e-15 0)
(1 9.23491e-16 0)
(1 1.8334e-15 0)
(1 1.94893e-15 0)
(1 2.25913e-15 0)
(1 1.83066e-15 0)
(1 1.38099e-15 0)
(1 1.542e-15 0)
(1 1.58189e-15 0)
(1 7.83888e-16 0)
(1 7.40148e-16 0)
(1 1.26283e-15 0)
(1 4.57399e-16 0)
(1 5.01995e-16 0)
(1 -1.01576e-15 0)
(1 -9.36444e-16 0)
(1 -5.45197e-16 0)
(1 -7.36478e-16 0)
(1 -2.91316e-16 0)
(1 3.67583e-16 0)
(1 6.68674e-16 0)
(1 4.20219e-16 0)
(1 7.72376e-16 0)
(1 1.25304e-15 0)
(1 1.3311e-15 0)
(1 2.50799e-15 0)
(1 2.74459e-15 0)
(1 3.73076e-15 0)
(1 3.15183e-15 0)
(1 2.72309e-15 0)
(1 2.01494e-15 0)
(1 1.92041e-15 0)
(1 1.45665e-15 0)
(1 2.54113e-15 0)
(1 2.60475e-15 0)
(1 2.83746e-15 0)
(1 2.76762e-15 0)
(1 2.22621e-15 0)
(1 1.62445e-15 0)
(1 1.60859e-15 0)
(1 1.59356e-15 0)
(1 1.66058e-15 0)
(1 1.8171e-15 0)
(1 2.13512e-15 0)
(1 2.2561e-15 0)
(1 1.50534e-15 0)
(1 9.26031e-16 0)
(1 7.43228e-18 0)
(1 1.65993e-16 0)
(1 8.71093e-17 0)
(1 1.58692e-16 0)
(1 6.72202e-16 0)
(1 9.48434e-16 0)
(1 3.75893e-16 0)
(1 8.70886e-16 0)
(1 2.08249e-16 0)
(1 1.31883e-15 0)
(1 1.49297e-15 0)
(1 1.66198e-15 0)
(1 1.06504e-15 0)
(1 6.81758e-16 0)
(1 5.53049e-16 0)
(1 4.11944e-16 0)
(1 8.96815e-16 0)
(1 1.01604e-15 0)
(1 1.12503e-15 0)
(1 1.16025e-15 0)
(1 5.06189e-16 0)
(1 8.09964e-16 0)
(1 2.48472e-16 0)
(1 9.46534e-16 0)
(1 -1.34118e-16 0)
(1 8.31684e-16 0)
(1 4.8068e-16 0)
(1 5.9091e-16 0)
(1 1.00125e-16 0)
(1 -2.71909e-16 0)
(1 -2.14067e-16 0)
(1 -3.14741e-16 0)
(1 3.80807e-16 0)
(1 -9.22548e-17 0)
(1 7.15357e-16 0)
(1 5.44209e-16 0)
(1 1.59667e-15 0)
(1 1.06917e-15 0)
(1 1.07768e-15 0)
(1 7.66175e-16 0)
(1 9.392e-16 0)
(1 2.0719e-15 0)
(1 2.34395e-15 0)
(1 2.70962e-15 0)
(1 3.18233e-15 0)
(1 2.46928e-15 0)
(1 1.12072e-15 0)
(1 2.20137e-15 0)
(1 1.77978e-15 0)
(1 1.73926e-15 0)
(1 1.26718e-15 0)
(1 8.26308e-16 0)
(1 -1.09512e-16 0)
(1 1.72172e-15 0)
(1 2.54157e-15 0)
(1 2.34661e-15 0)
(1 1.20514e-15 0)
(1 9.10236e-16 0)
(1 6.31634e-16 0)
(1 9.39899e-16 0)
(1 1.61075e-15 0)
(1 1.64727e-15 0)
(1 2.46985e-15 0)
(1 6.77521e-16 0)
(1 1.49017e-15 0)
(1 2.74221e-16 0)
(1 3.87674e-16 0)
(1 -1.08879e-15 0)
(1 5.89802e-16 0)
(1 -1.56025e-17 0)
(1 1.01559e-15 0)
(1 -4.78746e-16 0)
(1 4.51679e-16 0)
(1 1.87322e-16 0)
(1 1.29609e-15 0)
(1 1.56868e-15 0)
(1 2.73267e-15 0)
(1 2.66317e-15 0)
(1 1.80711e-15 0)
(1 1.95135e-15 0)
(1 2.69707e-15 0)
(1 3.45243e-15 0)
(1 3.68896e-15 0)
(1 3.5182e-15 0)
(1 3.01233e-15 0)
(1 2.40693e-15 0)
(1 2.68644e-15 0)
(1 3.06045e-15 0)
(1 2.82563e-15 0)
(1 2.8911e-15 0)
(1 2.4544e-15 0)
(1 3.08479e-15 0)
(1 3.50047e-15 0)
(1 3.05005e-15 0)
(1 1.99041e-15 0)
(1 1.33556e-15 0)
(1 1.59687e-15 0)
(1 2.34862e-15 0)
(1 2.34101e-15 0)
(1 2.62059e-15 0)
(1 2.26912e-15 0)
(1 2.74078e-15 0)
(1 2.76925e-15 0)
(1 1.75862e-15 0)
(1 4.83779e-16 0)
(1 5.39204e-16 0)
(1 2.11715e-16 0)
(1 -4.06846e-16 0)
(1 -6.7262e-16 0)
(1 -1.93634e-16 0)
(1 1.24446e-15 0)
(1 1.53847e-15 0)
(1 1.98498e-15 0)
(1 1.00691e-15 0)
(1 1.68369e-15 0)
(1 1.2228e-15 0)
(1 8.10646e-16 0)
(1 9.73031e-17 0)
(1 4.35742e-16 0)
(1 5.18616e-16 0)
(1 3.08071e-16 0)
(1 8.40896e-17 0)
(1 4.79152e-16 0)
(1 3.74086e-16 0)
(1 7.9257e-16 0)
(1 9.37045e-16 0)
(1 1.12773e-15 0)
(1 1.33557e-15 0)
(1 4.92814e-16 0)
(1 1.21284e-15 0)
(1 7.34214e-16 0)
(1 1.58658e-15 0)
(1 1.35506e-15 0)
(1 -3.95701e-16 0)
(1 5.46286e-16 0)
(1 1.27559e-15 0)
(1 2.24593e-15 0)
(1 1.64087e-15 0)
(1 8.46137e-16 0)
(1 8.17353e-16 0)
(1 1.12322e-15 0)
(1 2.55111e-15 0)
(1 2.3418e-15 0)
(1 2.5345e-15 0)
(1 2.26788e-15 0)
(1 1.94081e-15 0)
(1 2.74664e-15 0)
(1 1.92484e-15 0)
(1 2.28085e-15 0)
(1 2.69514e-15 0)
(1 1.5769e-15 0)
(1 2.04724e-15 0)
(1 2.41949e-15 0)
(1 2.09134e-15 0)
(1 1.54742e-15 0)
(1 1.27758e-15 0)
(1 1.05185e-15 0)
(1 -1.55072e-16 0)
(1 -2.26014e-16 0)
(1 3.635e-16 0)
(1 9.57519e-16 0)
(1 1.77166e-15 0)
(1 2.22783e-15 0)
(1 1.98665e-15 0)
(1 1.10739e-15 0)
(1 3.41706e-16 0)
(1 -8.63328e-16 0)
(1 2.72724e-17 0)
(1 9.77227e-16 0)
(1 1.2472e-15 0)
(1 1.20333e-15 0)
(1 8.02064e-16 0)
(1 4.59627e-16 0)
(1 7.38792e-16 0)
(1 1.77841e-15 0)
(1 3.0026e-15 0)
(1 3.49761e-15 0)
(1 2.12548e-15 0)
(1 1.68593e-15 0)
(1 1.68005e-15 0)
(1 2.42046e-15 0)
(1 3.63124e-15 0)
(1 3.94177e-15 0)
(1 4.14882e-15 0)
(1 2.74573e-15 0)
(1 3.14467e-15 0)
(1 2.71964e-15 0)
(1 2.99579e-15 0)
(1 3.16174e-15 0)
(1 2.98236e-15 0)
(1 2.82245e-15 0)
(1 2.86892e-15 0)
(1 3.30373e-15 0)
(1 3.3593e-15 0)
(1 3.38748e-15 0)
(1 2.60427e-15 0)
(1 2.30514e-15 0)
(1 1.53647e-15 0)
(1 1.5666e-15 0)
(1 1.3187e-15 0)
(1 1.86634e-15 0)
(1 1.66783e-15 0)
(1 1.26874e-15 0)
(1 1.78731e-15 0)
(1 7.36544e-16 0)
(1 2.9089e-16 0)
(1 8.97189e-16 0)
(1 1.20253e-15 0)
(1 1.5298e-15 0)
(1 1.81424e-15 0)
(1 1.82796e-15 0)
(1 1.60413e-15 0)
(1 1.45544e-15 0)
(1 1.76574e-15 0)
(1 1.74131e-15 0)
(1 1.42571e-15 0)
(1 1.21395e-15 0)
(1 7.94007e-16 0)
(1 1.33337e-15 0)
(1 1.4528e-15 0)
(1 1.49648e-15 0)
(1 8.12688e-16 0)
(1 1.33459e-15 0)
(1 8.69132e-16 0)
(1 1.96148e-15 0)
(1 1.28261e-15 0)
(1 1.52064e-15 0)
(1 1.19167e-15 0)
(1 1.4671e-15 0)
(1 1.48527e-15 0)
(1 1.56917e-15 0)
(1 1.54047e-15 0)
(1 1.37928e-15 0)
(1 -1.12274e-16 0)
(1 6.71286e-16 0)
(1 5.84987e-16 0)
(1 1.60796e-15 0)
(1 1.67633e-15 0)
(1 2.05325e-15 0)
(1 1.6323e-15 0)
(1 1.80037e-15 0)
(1 2.0823e-15 0)
(1 1.89217e-15 0)
(1 1.89904e-15 0)
(1 1.04938e-15 0)
(1 2.3412e-15 0)
(1 3.82675e-15 0)
(1 2.85313e-15 0)
(1 3.23644e-15 0)
(1 2.70849e-15 0)
(1 2.97784e-15 0)
(1 3.35123e-15 0)
(1 1.85403e-15 0)
(1 5.31993e-16 0)
(1 -2.64452e-16 0)
(1 -9.27559e-16 0)
(1 -1.63523e-16 0)
(1 6.32316e-17 0)
(1 6.3741e-16 0)
(1 1.04466e-15 0)
(1 1.47912e-15 0)
(1 1.60415e-15 0)
(1 6.01504e-16 0)
(1 2.04269e-15 0)
(1 5.59864e-16 0)
(1 2.30904e-16 0)
(1 4.248e-16 0)
(1 1.31209e-15 0)
(1 -1.08825e-16 0)
(1 8.98954e-16 0)
(1 2.78141e-16 0)
(1 1.31878e-15 0)
(1 5.82273e-16 0)
(1 1.32536e-15 0)
(1 8.79681e-16 0)
(1 1.8843e-15 0)
(1 2.54987e-15 0)
(1 2.94581e-15 0)
(1 3.64566e-15 0)
(1 3.25736e-15 0)
(1 3.75384e-15 0)
(1 3.19719e-15 0)
(1 3.45713e-15 0)
(1 3.89798e-15 0)
(1 3.78465e-15 0)
(1 4.42959e-15 0)
(1 4.07438e-15 0)
(1 3.82007e-15 0)
(1 3.72253e-15 0)
(1 3.86196e-15 0)
(1 2.64653e-15 0)
(1 3.0283e-15 0)
(1 2.34051e-15 0)
(1 2.97111e-15 0)
(1 4.22325e-15 0)
(1 4.43574e-15 0)
(1 3.48476e-15 0)
(1 2.20164e-15 0)
(1 2.47002e-15 0)
(1 2.8457e-15 0)
(1 1.77203e-15 0)
(1 1.51993e-15 0)
(1 1.28689e-15 0)
(1 1.9088e-15 0)
(1 1.94505e-15 0)
(1 1.52306e-15 0)
(1 1.16719e-15 0)
(1 1.55919e-15 0)
(1 2.57522e-15 0)
(1 2.4117e-15 0)
(1 1.59031e-15 0)
(1 1.17763e-15 0)
(1 9.48007e-16 0)
(1 1.05821e-15 0)
(1 3.37679e-16 0)
(1 7.46941e-16 0)
(1 1.50444e-15 0)
(1 1.35636e-15 0)
(1 1.30713e-15 0)
(1 9.14547e-16 0)
(1 9.55928e-16 0)
(1 9.91705e-16 0)
(1 7.34331e-16 0)
(1 1.23544e-15 0)
(1 1.4513e-15 0)
(1 1.21539e-15 0)
(1 1.29575e-15 0)
(1 1.58943e-15 0)
(1 1.48723e-15 0)
(1 9.19924e-16 0)
(1 1.88948e-15 0)
(1 1.66052e-15 0)
(1 2.31338e-15 0)
(1 1.84024e-16 0)
(1 2.50987e-16 0)
(1 1.0103e-15 0)
(1 -8.00528e-17 0)
(1 1.11055e-15 0)
(1 2.02242e-15 0)
(1 2.3458e-15 0)
(1 2.25555e-15 0)
(1 8.51022e-16 0)
(1 2.27118e-15 0)
(1 2.13582e-15 0)
(1 2.8679e-15 0)
(1 3.3226e-15 0)
(1 4.32925e-15 0)
(1 3.0936e-15 0)
(1 3.35352e-15 0)
(1 1.78435e-15 0)
(1 3.30543e-15 0)
(1 2.40377e-15 0)
(1 1.19437e-15 0)
(1 -5.80281e-16 0)
(1 1.19681e-15 0)
(1 6.64963e-16 0)
(1 1.283e-15 0)
(1 6.24002e-16 0)
(1 5.24396e-16 0)
(1 3.10229e-16 0)
(1 5.66885e-16 0)
(1 -6.97273e-16 0)
(1 5.98465e-16 0)
(1 -7.04341e-16 0)
(1 -1.66247e-16 0)
(1 -3.89262e-16 0)
(1 8.63244e-16 0)
(1 1.46439e-15 0)
(1 1.25357e-15 0)
(1 1.22656e-15 0)
(1 1.43219e-15 0)
(1 1.4627e-15 0)
(1 9.85859e-16 0)
(1 1.1093e-15 0)
(1 2.20763e-15 0)
(1 2.506e-15 0)
(1 3.20061e-15 0)
(1 5.11142e-15 0)
(1 4.54917e-15 0)
(1 4.20679e-15 0)
(1 2.73798e-15 0)
(1 2.77635e-15 0)
(1 2.63253e-15 0)
(1 3.38705e-15 0)
(1 4.56119e-15 0)
(1 4.33379e-15 0)
(1 4.92631e-15 0)
(1 4.26322e-15 0)
(1 3.5958e-15 0)
(1 4.1289e-15 0)
(1 3.62993e-15 0)
(1 4.48253e-15 0)
(1 3.56023e-15 0)
(1 3.36911e-15 0)
(1 3.48281e-15 0)
(1 1.77161e-15 0)
(1 2.2579e-15 0)
(1 1.84939e-15 0)
(1 3.30328e-15 0)
(1 3.89097e-15 0)
(1 4.771e-15 0)
(1 4.2412e-15 0)
(1 3.90224e-15 0)
(1 2.81916e-15 0)
(1 2.46467e-15 0)
(1 2.13449e-15 0)
(1 8.83479e-16 0)
(1 1.18276e-17 0)
(1 9.6597e-16 0)
(1 1.87066e-15 0)
(1 2.07392e-15 0)
(1 1.55005e-15 0)
(1 2.26155e-15 0)
(1 1.57501e-15 0)
(1 2.01023e-15 0)
(1 1.30756e-15 0)
(1 1.23929e-15 0)
(1 3.63769e-16 0)
(1 -1.49213e-16 0)
(1 2.84507e-16 0)
(1 7.74417e-16 0)
(1 1.17096e-15 0)
(1 1.0431e-15 0)
(1 1.23172e-15 0)
(1 1.22285e-15 0)
(1 1.90052e-15 0)
(1 2.19004e-15 0)
(1 2.89419e-15 0)
(1 2.69131e-15 0)
(1 3.07961e-15 0)
(1 3.121e-15 0)
(1 3.93917e-15 0)
(1 3.87982e-15 0)
(1 4.47047e-16 0)
(1 1.03682e-15 0)
(1 2.0733e-15 0)
(1 1.3146e-15 0)
(1 9.84724e-16 0)
(1 1.39366e-15 0)
(1 2.35093e-15 0)
(1 2.21797e-15 0)
(1 2.27504e-15 0)
(1 2.88909e-15 0)
(1 3.09227e-15 0)
(1 3.68768e-15 0)
(1 3.34135e-15 0)
(1 1.9784e-15 0)
(1 2.14792e-15 0)
(1 1.54272e-15 0)
(1 1.45001e-15 0)
(1 2.62685e-15 0)
(1 1.25809e-15 0)
(1 1.48227e-15 0)
(1 -1.01133e-16 0)
(1 6.37463e-17 0)
(1 1.3213e-15 0)
(1 1.67791e-15 0)
(1 1.7727e-15 0)
(1 1.73248e-15 0)
(1 1.34787e-15 0)
(1 3.20767e-16 0)
(1 -1.55676e-16 0)
(1 -1.61222e-17 0)
(1 -8.74407e-16 0)
(1 4.9855e-16 0)
(1 4.58253e-17 0)
(1 5.66212e-16 0)
(1 -6.05139e-16 0)
(1 5.07548e-16 0)
(1 -1.08815e-16 0)
(1 1.03538e-15 0)
(1 2.70083e-16 0)
(1 1.59346e-15 0)
(1 1.18698e-15 0)
(1 2.94061e-15 0)
(1 2.81288e-15 0)
(1 3.11174e-15 0)
(1 3.37468e-15 0)
(1 2.838e-15 0)
(1 3.19248e-15 0)
(1 2.56148e-15 0)
(1 3.69136e-15 0)
(1 4.25281e-15 0)
(1 4.65888e-15 0)
(1 4.87226e-15 0)
(1 4.71203e-15 0)
(1 4.57113e-15 0)
(1 4.87914e-15 0)
(1 4.36284e-15 0)
(1 3.84496e-15 0)
(1 3.99987e-15 0)
(1 4.0613e-15 0)
(1 4.65596e-15 0)
(1 4.2071e-15 0)
(1 3.9593e-15 0)
(1 4.11273e-15 0)
(1 3.48789e-15 0)
(1 3.58408e-15 0)
(1 2.73805e-15 0)
(1 3.2693e-15 0)
(1 4.00043e-15 0)
(1 4.48043e-15 0)
(1 3.57152e-15 0)
(1 1.97502e-15 0)
(1 2.04174e-15 0)
(1 1.40002e-15 0)
(1 1.11428e-15 0)
(1 9.03935e-16 0)
(1 1.87092e-15 0)
(1 2.80205e-15 0)
(1 2.56788e-15 0)
(1 2.16219e-15 0)
(1 1.98029e-15 0)
(1 1.83193e-15 0)
(1 1.51253e-15 0)
(1 7.02695e-16 0)
(1 4.12827e-16 0)
(1 5.1329e-16 0)
(1 4.49177e-16 0)
(1 1.25569e-15 0)
(1 1.19496e-15 0)
(1 1.30339e-15 0)
(1 7.34237e-16 0)
(1 2.1126e-15 0)
(1 1.17714e-15 0)
(1 2.38156e-15 0)
(1 2.18729e-15 0)
(1 3.14924e-15 0)
(1 1.97557e-15 0)
(1 2.71661e-15 0)
(1 3.05033e-15 0)
(1 5.31952e-15 0)
(1 4.37378e-15 0)
(1 1.96774e-16 0)
(1 8.97421e-16 0)
(1 8.8522e-16 0)
(1 1.87305e-15 0)
(1 5.24356e-16 0)
(1 1.5792e-15 0)
(1 1.98461e-15 0)
(1 1.68536e-15 0)
(1 3.01627e-15 0)
(1 2.24883e-15 0)
(1 1.806e-15 0)
(1 2.57204e-15 0)
(1 2.73862e-15 0)
(1 1.51945e-15 0)
(1 2.43634e-15 0)
(1 1.79473e-15 0)
(1 3.41242e-15 0)
(1 1.97464e-15 0)
(1 1.99199e-15 0)
(1 1.38314e-15 0)
(1 1.02493e-15 0)
(1 7.92364e-16 0)
(1 5.22961e-16 0)
(1 -1.82505e-17 0)
(1 2.1659e-16 0)
(1 1.24623e-15 0)
(1 2.25016e-15 0)
(1 8.26967e-16 0)
(1 5.99966e-16 0)
(1 -9.02883e-16 0)
(1 -1.05991e-15 0)
(1 -4.85306e-16 0)
(1 -3.72008e-16 0)
(1 7.31637e-16 0)
(1 7.28951e-16 0)
(1 8.54018e-16 0)
(1 6.80429e-16 0)
(1 3.76823e-16 0)
(1 3.88366e-16 0)
(1 1.28471e-15 0)
(1 2.49267e-15 0)
(1 1.5423e-15 0)
(1 2.54914e-15 0)
(1 1.5426e-15 0)
(1 2.64171e-15 0)
(1 2.49523e-15 0)
(1 3.80407e-15 0)
(1 3.35604e-15 0)
(1 4.57247e-15 0)
(1 5.2661e-15 0)
(1 5.5971e-15 0)
(1 5.07487e-15 0)
(1 5.57904e-15 0)
(1 4.6445e-15 0)
(1 5.0128e-15 0)
(1 4.34949e-15 0)
(1 4.27588e-15 0)
(1 3.63723e-15 0)
(1 4.35683e-15 0)
(1 3.84158e-15 0)
(1 4.93527e-15 0)
(1 3.41673e-15 0)
(1 4.87612e-15 0)
(1 3.2757e-15 0)
(1 3.52149e-15 0)
(1 2.94726e-15 0)
(1 3.65237e-15 0)
(1 2.44211e-15 0)
(1 2.9233e-15 0)
(1 2.68928e-15 0)
(1 3.34392e-15 0)
(1 2.57554e-15 0)
(1 1.50174e-15 0)
(1 6.03789e-16 0)
(1 1.07345e-15 0)
(1 1.78273e-15 0)
(1 3.09692e-15 0)
(1 2.15608e-15 0)
(1 2.62935e-15 0)
(1 1.70636e-15 0)
(1 2.04097e-15 0)
(1 1.29699e-15 0)
(1 2.09201e-15 0)
(1 7.39928e-16 0)
(1 7.43588e-16 0)
(1 9.44114e-16 0)
(1 1.19385e-15 0)
(1 8.64804e-16 0)
(1 1.38455e-15 0)
(1 5.4705e-16 0)
(1 1.8176e-15 0)
(1 7.45081e-16 0)
(1 1.97117e-15 0)
(1 1.39652e-15 0)
(1 2.15408e-15 0)
(1 1.79154e-15 0)
(1 2.46246e-15 0)
(1 2.83344e-15 0)
(1 3.24815e-15 0)
(1 3.09034e-15 0)
(1 6.96201e-16 0)
(1 4.27968e-18 0)
(1 1.39753e-15 0)
(1 1.72735e-15 0)
(1 1.13184e-15 0)
(1 1.33263e-15 0)
(1 4.89842e-16 0)
(1 2.45914e-15 0)
(1 2.80747e-15 0)
(1 4.35466e-15 0)
(1 3.60322e-15 0)
(1 2.58514e-15 0)
(1 2.07702e-15 0)
(1 1.92645e-15 0)
(1 1.80514e-15 0)
(1 2.23209e-15 0)
(1 2.82289e-15 0)
(1 1.50542e-16 0)
(1 1.1881e-15 0)
(1 -1.77224e-16 0)
(1 9.68292e-16 0)
(1 1.33112e-15 0)
(1 1.86971e-15 0)
(1 2.08779e-15 0)
(1 1.81047e-15 0)
(1 6.78336e-16 0)
(1 1.34542e-16 0)
(1 3.59679e-16 0)
(1 1.02351e-15 0)
(1 4.2054e-16 0)
(1 -1.03095e-16 0)
(1 -7.81998e-16 0)
(1 -7.82543e-16 0)
(1 -9.76407e-16 0)
(1 -1.46389e-16 0)
(1 -9.83871e-16 0)
(1 4.62653e-16 0)
(1 1.7159e-16 0)
(1 9.2663e-16 0)
(1 6.4009e-16 0)
(1 1.84778e-15 0)
(1 1.2699e-15 0)
(1 1.56439e-15 0)
(1 1.07052e-15 0)
(1 2.44069e-15 0)
(1 3.92324e-15 0)
(1 4.96591e-15 0)
(1 4.6778e-15 0)
(1 4.87552e-15 0)
(1 4.65645e-15 0)
(1 4.64615e-15 0)
(1 4.60755e-15 0)
(1 4.66399e-15 0)
(1 5.16287e-15 0)
(1 5.37323e-15 0)
(1 4.15312e-15 0)
(1 3.71916e-15 0)
(1 3.73298e-15 0)
(1 4.31067e-15 0)
(1 3.9858e-15 0)
(1 5.42912e-15 0)
(1 5.12355e-15 0)
(1 4.53593e-15 0)
(1 3.31902e-15 0)
(1 3.17998e-15 0)
(1 2.54721e-15 0)
(1 2.67395e-15 0)
(1 2.67857e-15 0)
(1 1.9147e-15 0)
(1 2.47695e-15 0)
(1 3.64198e-15 0)
(1 3.04503e-15 0)
(1 1.70672e-15 0)
(1 1.12902e-15 0)
(1 1.49517e-15 0)
(1 1.28659e-15 0)
(1 1.88338e-15 0)
(1 1.80554e-15 0)
(1 2.25052e-15 0)
(1 1.94566e-15 0)
(1 2.37628e-15 0)
(1 2.57531e-15 0)
(1 2.09421e-15 0)
(1 1.4787e-15 0)
(1 6.13093e-16 0)
(1 2.06422e-16 0)
(1 6.78714e-16 0)
(1 5.55133e-16 0)
(1 1.51555e-15 0)
(1 1.28232e-15 0)
(1 1.36195e-15 0)
(1 1.43755e-15 0)
(1 1.70113e-15 0)
(1 1.5812e-15 0)
(1 1.62542e-15 0)
(1 3.50826e-15 0)
(1 3.37731e-15 0)
(1 2.87608e-15 0)
(1 9.07437e-16 0)
(1 1.73904e-15 0)
(1 1.09635e-15 0)
(1 7.69426e-16 0)
(1 4.15686e-16 0)
(1 1.30946e-15 0)
(1 1.8283e-15 0)
(1 1.82162e-15 0)
(1 2.02875e-15 0)
(1 2.16403e-15 0)
(1 1.54216e-15 0)
(1 3.14045e-15 0)
(1 4.18902e-15 0)
(1 3.7119e-15 0)
(1 1.85446e-15 0)
(1 2.29873e-15 0)
(1 1.36627e-15 0)
(1 1.52732e-15 0)
(1 1.13331e-15 0)
(1 1.26491e-15 0)
(1 2.09628e-15 0)
(1 1.75396e-15 0)
(1 2.18882e-15 0)
(1 -3.45514e-16 0)
(1 3.1937e-16 0)
(1 -9.82521e-16 0)
(1 1.7469e-15 0)
(1 9.53017e-16 0)
(1 -1.23623e-15 0)
(1 -8.19695e-16 0)
(1 -4.54083e-16 0)
(1 -6.52578e-16 0)
(1 -5.74607e-16 0)
(1 -1.12701e-15 0)
(1 -8.90971e-16 0)
(1 -6.78531e-16 0)
(1 1.71595e-17 0)
(1 5.82505e-16 0)
(1 1.3329e-15 0)
(1 6.66212e-16 0)
(1 5.95014e-16 0)
(1 7.36724e-16 0)
(1 -1.41021e-16 0)
(1 1.46834e-15 0)
(1 4.13423e-16 0)
(1 1.58495e-15 0)
(1 1.95554e-15 0)
(1 3.95977e-15 0)
(1 3.9562e-15 0)
(1 5.77356e-15 0)
(1 5.15335e-15 0)
(1 5.03771e-15 0)
(1 4.03142e-15 0)
(1 4.36717e-15 0)
(1 4.83138e-15 0)
(1 5.11789e-15 0)
(1 5.09404e-15 0)
(1 4.73163e-15 0)
(1 3.78415e-15 0)
(1 4.25289e-15 0)
(1 2.56555e-15 0)
(1 3.03487e-15 0)
(1 2.61693e-15 0)
(1 4.76294e-15 0)
(1 5.01047e-15 0)
(1 5.74776e-15 0)
(1 4.77192e-15 0)
(1 3.2763e-15 0)
(1 2.01712e-15 0)
(1 1.61295e-15 0)
(1 1.43992e-15 0)
(1 1.71079e-15 0)
(1 1.62776e-15 0)
(1 1.56217e-15 0)
(1 2.15035e-15 0)
(1 2.81336e-15 0)
(1 2.40717e-15 0)
(1 1.4544e-15 0)
(1 2.80909e-16 0)
(1 1.59708e-15 0)
(1 1.26394e-15 0)
(1 2.07786e-15 0)
(1 1.60595e-15 0)
(1 1.77558e-15 0)
(1 9.83358e-16 0)
(1 1.45672e-15 0)
(1 1.31829e-15 0)
(1 1.56163e-15 0)
(1 7.76437e-16 0)
(1 1.27977e-15 0)
(1 9.4037e-16 0)
(1 1.2178e-15 0)
(1 1.19831e-15 0)
(1 1.40189e-15 0)
(1 8.55553e-16 0)
(1 9.59382e-16 0)
(1 1.08529e-15 0)
(1 2.68123e-15 0)
(1 1.8259e-15 0)
(1 1.76221e-15 0)
(1 7.4333e-16 0)
(1 1.17201e-15 0)
(1 3.83349e-17 0)
(1 1.88566e-15 0)
(1 1.64755e-16 0)
(1 7.48838e-16 0)
(1 2.06721e-15 0)
(1 2.46326e-15 0)
(1 2.40875e-15 0)
(1 2.4864e-15 0)
(1 2.17093e-15 0)
(1 1.37445e-15 0)
(1 2.49576e-15 0)
(1 3.40693e-15 0)
(1 2.17057e-15 0)
(1 3.08873e-15 0)
(1 1.43893e-15 0)
(1 9.89098e-16 0)
(1 2.62508e-16 0)
(1 1.76487e-15 0)
(1 1.16233e-15 0)
(1 1.24705e-15 0)
(1 5.82595e-16 0)
(1 1.58916e-16 0)
(1 -3.87768e-16 0)
(1 -2.61562e-16 0)
(1 1.03841e-15 0)
(1 6.46061e-16 0)
(1 -1.6508e-17 0)
(1 -5.03485e-16 0)
(1 -8.00776e-16 0)
(1 -6.09961e-16 0)
(1 -1.3055e-15 0)
(1 -1.52907e-15 0)
(1 -6.55977e-16 0)
(1 -9.06897e-16 0)
(1 1.13121e-15 0)
(1 1.614e-15 0)
(1 1.30848e-15 0)
(1 -4.46641e-16 0)
(1 -7.34617e-17 0)
(1 -7.5149e-16 0)
(1 -9.6061e-16 0)
(1 5.01668e-16 0)
(1 1.395e-15 0)
(1 3.64055e-15 0)
(1 3.3395e-15 0)
(1 3.41932e-15 0)
(1 3.2696e-15 0)
(1 4.50484e-15 0)
(1 3.91911e-15 0)
(1 3.78585e-15 0)
(1 2.70318e-15 0)
(1 3.34867e-15 0)
(1 4.77222e-15 0)
(1 5.01021e-15 0)
(1 4.68622e-15 0)
(1 5.64603e-15 0)
(1 5.36497e-15 0)
(1 5.91757e-15 0)
(1 4.54794e-15 0)
(1 4.1027e-15 0)
(1 2.52154e-15 0)
(1 2.9776e-15 0)
(1 2.59283e-15 0)
(1 4.26692e-15 0)
(1 3.44696e-15 0)
(1 4.21726e-15 0)
(1 2.91666e-15 0)
(1 3.03734e-15 0)
(1 2.37212e-15 0)
(1 1.80183e-15 0)
(1 1.37743e-15 0)
(1 1.75879e-15 0)
(1 2.36409e-15 0)
(1 3.61804e-15 0)
(1 2.27954e-15 0)
(1 2.22615e-15 0)
(1 1.44425e-15 0)
(1 2.42657e-15 0)
(1 1.818e-15 0)
(1 1.97307e-15 0)
(1 1.23079e-15 0)
(1 7.80173e-16 0)
(1 8.90315e-16 0)
(1 1.33552e-15 0)
(1 1.32e-15 0)
(1 1.77913e-15 0)
(1 3.47716e-16 0)
(1 1.61876e-15 0)
(1 1.44455e-15 0)
(1 1.46706e-15 0)
(1 1.03192e-15 0)
(1 1.27857e-15 0)
(1 9.90509e-16 0)
(1 1.41161e-15 0)
(1 8.20362e-16 0)
(1 1.73766e-15 0)
(1 1.62995e-15 0)
(1 2.24775e-15 0)
(1 1.75089e-15 0)
(1 1.07295e-15 0)
(1 5.54114e-16 0)
(1 1.15363e-15 0)
(1 1.68177e-15 0)
(1 1.79251e-15 0)
(1 2.47533e-15 0)
(1 1.45546e-15 0)
(1 3.5732e-16 0)
(1 5.21396e-16 0)
(1 2.04745e-15 0)
(1 2.90087e-15 0)
(1 2.49888e-15 0)
(1 2.2319e-15 0)
(1 2.45015e-15 0)
(1 1.51911e-15 0)
(1 1.15154e-15 0)
(1 9.88161e-16 0)
(1 -5.8909e-16 0)
(1 1.0602e-15 0)
(1 1.53792e-16 0)
(1 7.17576e-16 0)
(1 3.26045e-16 0)
(1 1.14124e-15 0)
(1 7.46338e-16 0)
(1 1.75061e-15 0)
(1 7.2416e-16 0)
(1 5.49071e-17 0)
(1 -2.34243e-16 0)
(1 -7.106e-16 0)
(1 -1.24724e-15 0)
(1 -1.18885e-15 0)
(1 -1.21751e-15 0)
(1 -4.89548e-16 0)
(1 -5.24504e-16 0)
(1 -1.64413e-15 0)
(1 -6.18543e-16 0)
(1 -3.57087e-16 0)
(1 -5.86586e-16 0)
(1 -2.37838e-16 0)
(1 -8.32997e-17 0)
(1 -3.58272e-16 0)
(1 4.67699e-16 0)
(1 1.06345e-15 0)
(1 1.3657e-15 0)
(1 2.85393e-15 0)
(1 2.58688e-15 0)
(1 3.41551e-15 0)
(1 2.86298e-15 0)
(1 2.49615e-15 0)
(1 2.81754e-15 0)
(1 2.77839e-15 0)
(1 3.77026e-15 0)
(1 4.7517e-15 0)
(1 4.57672e-15 0)
(1 5.17112e-15 0)
(1 4.75569e-15 0)
(1 4.97965e-15 0)
(1 5.04937e-15 0)
(1 4.90138e-15 0)
(1 4.56183e-15 0)
(1 4.68435e-15 0)
(1 4.69712e-15 0)
(1 3.53905e-15 0)
(1 3.42861e-15 0)
(1 3.37064e-15 0)
(1 3.84179e-15 0)
(1 3.00111e-15 0)
(1 3.43629e-15 0)
(1 3.5176e-15 0)
(1 3.71186e-15 0)
(1 2.68623e-15 0)
(1 1.9437e-15 0)
(1 2.36479e-15 0)
(1 1.98124e-15 0)
(1 2.4567e-15 0)
(1 2.14296e-15 0)
(1 2.56403e-15 0)
(1 2.09812e-15 0)
(1 1.50474e-15 0)
(1 1.49845e-15 0)
(1 1.10913e-15 0)
(1 1.20325e-15 0)
(1 8.055e-16 0)
(1 4.78707e-16 0)
(1 1.26378e-15 0)
(1 7.1624e-16 0)
(1 -1.25881e-16 0)
(1 -1.75711e-16 0)
(1 1.30634e-16 0)
(1 1.60949e-16 0)
(1 6.46381e-16 0)
(1 8.97641e-16 0)
(1 9.95894e-16 0)
(1 1.97687e-15 0)
(1 1.40125e-15 0)
(1 2.27582e-15 0)
(1 1.02165e-15 0)
(1 1.51418e-15 0)
(1 2.30705e-15 0)
(1 2.15317e-15 0)
(1 1.78104e-15 0)
(1 -4.89046e-19 0)
(1 1.63826e-16 0)
(1 9.11436e-16 0)
(1 1.91877e-15 0)
(1 2.31014e-15 0)
(1 2.73972e-15 0)
(1 3.86983e-15 0)
(1 3.00336e-15 0)
(1 1.57513e-15 0)
(1 1.35304e-15 0)
(1 -5.89747e-17 0)
(1 4.92663e-17 0)
(1 1.925e-15 0)
(1 6.2936e-16 0)
(1 2.11314e-15 0)
(1 1.11068e-15 0)
(1 7.80615e-16 0)
(1 2.20561e-16 0)
(1 -1.82101e-17 0)
(1 1.64984e-17 0)
(1 4.08314e-16 0)
(1 1.23256e-15 0)
(1 6.91467e-16 0)
(1 -2.22653e-16 0)
(1 -1.6079e-15 0)
(1 -1.38013e-15 0)
(1 -1.48264e-15 0)
(1 -1.35015e-15 0)
(1 -1.84146e-15 0)
(1 -2.31927e-15 0)
(1 -4.90186e-16 0)
(1 -6.39768e-16 0)
(1 1.59505e-16 0)
(1 -1.36608e-16 0)
(1 -1.2677e-15 0)
(1 5.57785e-17 0)
(1 -9.86126e-16 0)
(1 -1.92046e-16 0)
(1 -4.22501e-16 0)
(1 2.80006e-16 0)
(1 8.28596e-16 0)
(1 1.30054e-15 0)
(1 2.09247e-15 0)
(1 8.12263e-16 0)
(1 7.82524e-16 0)
(1 6.57745e-16 0)
(1 1.97229e-15 0)
(1 2.04699e-15 0)
(1 2.52269e-15 0)
(1 2.62613e-15 0)
(1 4.8474e-15 0)
(1 5.06071e-15 0)
(1 4.9325e-15 0)
(1 4.15013e-15 0)
(1 4.48831e-15 0)
(1 4.26073e-15 0)
(1 5.02863e-15 0)
(1 3.84551e-15 0)
(1 3.6561e-15 0)
(1 2.86357e-15 0)
(1 3.38807e-15 0)
(1 2.34124e-15 0)
(1 3.49843e-15 0)
(1 2.4697e-15 0)
(1 3.20308e-15 0)
(1 2.085e-15 0)
(1 2.60311e-15 0)
(1 1.97769e-15 0)
(1 3.02528e-15 0)
(1 1.63086e-15 0)
(1 2.14773e-15 0)
(1 1.88344e-15 0)
(1 2.18096e-15 0)
(1 2.23577e-15 0)
(1 2.41507e-15 0)
(1 1.43001e-15 0)
(1 1.12901e-15 0)
(1 6.46262e-16 0)
(1 1.04361e-15 0)
(1 1.21149e-15 0)
(1 2.86639e-17 0)
(1 7.17499e-16 0)
(1 6.57524e-16 0)
(1 1.33398e-15 0)
(1 8.04606e-16 0)
(1 -2.00757e-17 0)
(1 -1.23463e-16 0)
(1 -5.31501e-16 0)
(1 -4.13644e-16 0)
(1 5.65775e-16 0)
(1 1.18107e-15 0)
(1 9.6078e-16 0)
(1 1.62265e-15 0)
(1 1.02342e-15 0)
(1 1.68839e-15 0)
(1 1.39544e-15 0)
(1 1.6273e-15 0)
(1 1.37079e-15 0)
(1 1.3307e-15 0)
(1 1.58568e-15 0)
(1 -8.60172e-16 0)
(1 5.68746e-16 0)
(1 9.83041e-16 0)
(1 1.85406e-15 0)
(1 1.68725e-15 0)
(1 2.3909e-15 0)
(1 2.86043e-15 0)
(1 4.23976e-15 0)
(1 2.65508e-15 0)
(1 1.42322e-15 0)
(1 9.08402e-16 0)
(1 1.74247e-16 0)
(1 1.23143e-16 0)
(1 9.955e-16 0)
(1 1.43844e-15 0)
(1 1.25939e-15 0)
(1 1.28913e-15 0)
(1 4.36384e-17 0)
(1 -6.59092e-16 0)
(1 -7.01108e-16 0)
(1 -7.65207e-16 0)
(1 1.88226e-16 0)
(1 6.03282e-16 0)
(1 3.76708e-16 0)
(1 -1.33952e-15 0)
(1 -1.82902e-15 0)
(1 -1.46268e-15 0)
(1 -9.9804e-16 0)
(1 -1.19116e-15 0)
(1 -1.5907e-15 0)
(1 -1.60712e-15 0)
(1 -3.0492e-15 0)
(1 -1.60187e-15 0)
(1 -1.01539e-15 0)
(1 -1.63313e-15 0)
(1 -1.23201e-15 0)
(1 -1.77592e-15 0)
(1 -3.80313e-16 0)
(1 -1.20213e-15 0)
(1 -1.90249e-16 0)
(1 -8.96464e-16 0)
(1 -4.57956e-16 0)
(1 -1.1195e-16 0)
(1 1.77313e-16 0)
(1 3.10404e-16 0)
(1 2.98313e-16 0)
(1 1.29388e-15 0)
(1 2.57709e-15 0)
(1 2.71978e-15 0)
(1 3.73351e-15 0)
(1 3.31013e-15 0)
(1 3.798e-15 0)
(1 4.13949e-15 0)
(1 4.12082e-15 0)
(1 3.5747e-15 0)
(1 3.66158e-15 0)
(1 3.07315e-15 0)
(1 4.76285e-15 0)
(1 4.89865e-15 0)
(1 4.84204e-15 0)
(1 3.69877e-15 0)
(1 3.4807e-15 0)
(1 3.12491e-15 0)
(1 2.7245e-15 0)
(1 1.60876e-15 0)
(1 2.91129e-15 0)
(1 1.95298e-15 0)
(1 2.05701e-15 0)
(1 1.34663e-15 0)
(1 1.94236e-15 0)
(1 2.3523e-15 0)
(1 2.80381e-15 0)
(1 2.73548e-15 0)
(1 2.71514e-15 0)
(1 2.43569e-15 0)
(1 1.89893e-15 0)
(1 8.8463e-16 0)
(1 6.51442e-16 0)
(1 3.29086e-16 0)
(1 7.08069e-16 0)
(1 2.46226e-16 0)
(1 -1.45604e-16 0)
(1 1.18493e-16 0)
(1 2.18125e-16 0)
(1 5.17129e-16 0)
(1 8.62107e-16 0)
(1 3.00867e-16 0)
(1 6.3874e-16 0)
(1 6.2208e-16 0)
(1 6.52697e-16 0)
(1 4.83306e-16 0)
(1 9.14368e-16 0)
(1 8.47843e-16 0)
(1 1.47679e-15 0)
(1 1.05067e-15 0)
(1 1.62114e-15 0)
(1 1.01274e-15 0)
(1 6.68558e-16 0)
(1 1.26464e-15 0)
(1 1.32185e-15 0)
(1 6.46877e-16 0)
(1 1.18201e-15 0)
(1 1.9119e-15 0)
(1 1.45809e-15 0)
(1 9.20229e-16 0)
(1 1.25016e-15 0)
(1 7.74578e-16 0)
(1 1.41787e-15 0)
(1 1.77485e-15 0)
(1 1.84233e-15 0)
(1 1.82802e-15 0)
(1 1.08984e-15 0)
(1 -4.17473e-16 0)
(1 3.2467e-16 0)
(1 1.51755e-16 0)
(1 1.29591e-15 0)
(1 1.37119e-15 0)
(1 1.28893e-15 0)
(1 9.28075e-16 0)
(1 1.0709e-15 0)
(1 7.41475e-17 0)
(1 -7.94729e-16 0)
(1 -1.00112e-15 0)
(1 -1.37873e-15 0)
(1 -1.72557e-15 0)
(1 -2.20362e-15 0)
(1 -1.91417e-15 0)
(1 -2.29987e-15 0)
(1 -3.08283e-15 0)
(1 -2.46043e-15 0)
(1 -3.06703e-15 0)
(1 -2.41652e-15 0)
(1 -2.43268e-15 0)
(1 -1.84006e-15 0)
(1 -1.51133e-15 0)
(1 -1.76993e-15 0)
(1 -1.93384e-15 0)
(1 -1.55091e-15 0)
(1 -1.80102e-15 0)
(1 -9.1586e-16 0)
(1 -4.34303e-16 0)
(1 -8.07713e-16 0)
(1 -1.45282e-15 0)
(1 -8.09076e-17 0)
(1 1.07656e-15 0)
(1 1.76315e-15 0)
(1 1.4904e-15 0)
(1 1.27651e-15 0)
(1 1.19134e-15 0)
(1 2.27431e-15 0)
(1 2.66671e-15 0)
(1 3.75089e-15 0)
(1 2.69188e-15 0)
(1 3.89532e-15 0)
(1 3.3832e-15 0)
(1 2.75697e-15 0)
(1 2.73186e-15 0)
(1 3.20462e-15 0)
(1 3.44969e-15 0)
(1 3.69216e-15 0)
(1 3.79547e-15 0)
(1 3.26419e-15 0)
(1 2.95124e-15 0)
(1 2.7353e-15 0)
(1 2.26714e-15 0)
(1 1.94859e-15 0)
(1 1.62667e-15 0)
(1 1.35881e-15 0)
(1 7.60986e-16 0)
(1 2.22615e-15 0)
(1 1.7076e-15 0)
(1 2.30123e-15 0)
(1 2.21488e-15 0)
(1 1.55473e-15 0)
(1 1.84683e-15 0)
(1 1.7985e-15 0)
(1 5.66991e-16 0)
(1 2.60341e-16 0)
(1 -4.27485e-16 0)
(1 4.2725e-16 0)
(1 1.35977e-15 0)
(1 -4.33517e-16 0)
(1 6.30433e-16 0)
(1 -4.01026e-16 0)
(1 -3.18753e-16 0)
(1 -9.72253e-17 0)
(1 8.32181e-16 0)
(1 1.04539e-15 0)
(1 7.94109e-16 0)
(1 3.12071e-16 0)
(1 3.22463e-16 0)
(1 4.47884e-16 0)
(1 8.22574e-16 0)
(1 9.17596e-16 0)
(1 1.30366e-15 0)
(1 6.24858e-16 0)
(1 7.71672e-16 0)
(1 5.87578e-16 0)
(1 1.5497e-15 0)
(1 1.60855e-15 0)
(1 5.76322e-16 0)
(1 -2.17135e-16 0)
(1 9.50258e-16 0)
(1 9.04731e-16 0)
(1 1.16033e-15 0)
(1 2.46132e-15 0)
(1 3.65465e-15 0)
(1 2.61356e-15 0)
(1 2.34869e-15 0)
(1 1.20573e-15 0)
(1 6.32696e-16 0)
(1 4.44663e-16 0)
(1 1.11793e-15 0)
(1 -2.11674e-16 0)
(1 1.75147e-16 0)
(1 6.06111e-17 0)
(1 1.1914e-15 0)
(1 1.05091e-15 0)
(1 1.84762e-15 0)
(1 -6.59275e-17 0)
(1 -2.47712e-16 0)
(1 -6.6342e-16 0)
(1 -1.54382e-15 0)
(1 -2.6514e-15 0)
(1 -2.55087e-15 0)
(1 -2.47723e-15 0)
(1 -2.87358e-15 0)
(1 -3.27049e-15 0)
(1 -2.97196e-15 0)
(1 -3.2656e-15 0)
(1 -2.89207e-15 0)
(1 -2.4184e-15 0)
(1 -2.65888e-15 0)
(1 -2.0148e-15 0)
(1 -1.33676e-15 0)
(1 -2.3664e-15 0)
(1 -2.26617e-15 0)
(1 -3.18975e-15 0)
(1 -1.82966e-15 0)
(1 -1.40633e-15 0)
(1 -7.35267e-16 0)
(1 -7.92915e-16 0)
(1 1.38032e-16 0)
(1 -2.67728e-16 0)
(1 1.9678e-16 0)
(1 -9.89711e-17 0)
(1 8.47471e-16 0)
(1 6.76932e-16 0)
(1 8.71367e-16 0)
(1 1.31452e-15 0)
(1 1.58163e-15 0)
(1 1.64553e-15 0)
(1 2.23814e-15 0)
(1 2.55257e-15 0)
(1 3.77181e-15 0)
(1 3.20622e-15 0)
(1 4.93002e-15 0)
(1 3.19346e-15 0)
(1 3.36505e-15 0)
(1 2.60012e-15 0)
(1 2.56229e-15 0)
(1 2.03215e-15 0)
(1 1.38314e-15 0)
(1 1.20362e-15 0)
(1 2.05932e-15 0)
(1 1.11456e-15 0)
(1 1.28318e-15 0)
(1 1.38706e-15 0)
(1 1.1358e-15 0)
(1 1.79317e-15 0)
(1 1.31788e-15 0)
(1 1.23597e-15 0)
(1 8.12459e-16 0)
(1 4.40058e-16 0)
(1 1.01901e-15 0)
(1 5.02088e-16 0)
(1 5.55021e-16 0)
(1 3.96445e-16 0)
(1 -1.03908e-16 0)
(1 -1.35039e-16 0)
(1 -4.70722e-16 0)
(1 4.28839e-16 0)
(1 3.63884e-17 0)
(1 -2.279e-17 0)
(1 -6.28664e-16 0)
(1 -1.07226e-15 0)
(1 -5.25813e-16 0)
(1 -4.94396e-18 0)
(1 -5.00938e-16 0)
(1 5.09712e-16 0)
(1 -7.86749e-17 0)
(1 1.25401e-15 0)
(1 2.70639e-16 0)
(1 -4.51693e-16 0)
(1 -5.76036e-16 0)
(1 2.16851e-17 0)
(1 7.0831e-16 0)
(1 7.63355e-16 0)
(1 1.39705e-15 0)
(1 1.10223e-15 0)
(1 -1.04198e-16 0)
(1 -1.05566e-15 0)
(1 3.11158e-16 0)
(1 5.68049e-16 0)
(1 1.79637e-15 0)
(1 2.23103e-15 0)
(1 2.65045e-15 0)
(1 2.3909e-15 0)
(1 1.44616e-15 0)
(1 8.04822e-16 0)
(1 1.24461e-15 0)
(1 1.61461e-15 0)
(1 1.2282e-15 0)
(1 7.90502e-16 0)
(1 -2.7998e-16 0)
(1 -2.30021e-16 0)
(1 -7.1799e-16 0)
(1 2.30609e-16 0)
(1 2.64284e-16 0)
(1 -1.25489e-16 0)
(1 -4.18899e-16 0)
(1 -1.1275e-15 0)
(1 -1.1617e-15 0)
(1 -1.78701e-15 7.09815e-48)
(1 -2.18244e-15 0)
(1 -2.9805e-15 0)
(1 -3.4027e-15 0)
(1 -3.54638e-15 0)
(1 -3.0959e-15 0)
(1 -3.27292e-15 0)
(1 -3.45741e-15 0)
(1 -3.91446e-15 0)
(1 -4.18239e-15 0)
(1 -3.06415e-15 0)
(1 -2.80986e-15 0)
(1 -2.40668e-15 0)
(1 -1.74729e-15 0)
(1 -2.01252e-15 0)
(1 -1.38111e-15 0)
(1 -7.78344e-16 0)
(1 -1.5281e-15 0)
(1 -1.71572e-15 0)
(1 -1.16754e-15 0)
(1 -1.11396e-15 0)
(1 -1.27175e-15 -8.12011e-48)
(1 -8.82072e-16 0)
(1 -1.5828e-16 -8.06728e-48)
(1 7.01407e-16 0)
(1 1.30207e-15 0)
(1 1.9219e-15 0)
(1 8.90035e-16 0)
(1 1.81223e-15 0)
(1 2.99777e-15 0)
(1 3.07186e-15 0)
(1 2.41959e-15 0)
(1 3.01607e-15 0)
(1 3.2469e-15 0)
(1 3.05548e-15 0)
(1 3.28222e-15 0)
(1 2.17907e-15 0)
(1 1.74305e-15 0)
(1 1.3609e-15 0)
(1 1.10364e-15 0)
(1 1.37463e-15 0)
(1 1.3322e-15 0)
(1 1.27714e-15 0)
(1 1.00755e-15 0)
(1 1.16646e-15 0)
(1 1.47914e-15 0)
(1 1.07897e-15 2.39176e-48)
(1 6.04792e-16 -2.22026e-48)
(1 -3.24964e-16 -2.1166e-48)
(1 4.73638e-16 2.01347e-48)
(1 3.5867e-16 2.02923e-48)
(1 7.31907e-16 -2.01421e-48)
(1 8.77256e-16 -1.94834e-48)
(1 5.66142e-16 1.81503e-48)
(1 2.46167e-16 1.63629e-48)
(1 -5.65156e-16 -1.49151e-48)
(1 -1.1643e-15 -1.44942e-48)
(1 -1.37773e-15 0)
(1 5.7221e-16 0)
(1 -3.80845e-16 -2.46379e-48)
(1 -4.34977e-16 0)
(1 -4.77635e-16 -2.30002e-48)
(1 6.09888e-16 1.20394e-48)
(1 -2.7411e-16 -2.29245e-48)
(1 -6.71497e-17 0)
(1 3.0915e-16 -1.81051e-48)
(1 2.13429e-16 8.52891e-49)
(1 -9.67251e-16 -1.61771e-48)
(1 -5.10741e-16 0)
(1 -9.66424e-16 -1.21191e-48)
(1 -3.75497e-16 0)
(1 -4.16532e-16 0)
(1 2.41382e-16 -6.35385e-49)
(1 7.63906e-16 -5.74687e-49)
(1 7.49543e-16 0)
(1 1.67812e-16 -3.15474e-49)
(1 -4.88823e-17 -9.1135e-50)
(1 -6.82544e-17 0)
(1 9.3527e-16 0)
(1 8.67881e-16 0)
(1 1.40085e-15 0)
(1 1.10431e-15 0)
(1 8.02059e-16 0)
(1 1.21352e-15 0)
(1 2.16528e-15 0)
(1 2.13351e-15 0)
(1 1.38956e-15 0)
(1 9.42597e-16 0)
(1 5.87032e-16 0)
(1 -2.26044e-16 0)
(1 5.35634e-16 0)
(1 4.71751e-16 0)
(1 5.98923e-16 0)
(1 3.67097e-16 0)
(1 1.50933e-16 0)
(1 -8.48162e-16 0)
(1 -4.7252e-16 0)
(1 -9.99075e-16 0)
(1 -8.95921e-16 0)
(1 -1.8581e-15 0)
(1 -1.41523e-15 -7.23341e-48)
(1 -3.31213e-15 0)
(1 -3.5516e-15 0)
(1 -4.45675e-15 0)
(1 -3.02445e-15 0)
(1 -2.54271e-15 0)
(1 -2.17451e-15 0)
(1 -2.93997e-15 0)
(1 -2.48903e-15 0)
(1 -4.32472e-15 0)
(1 -4.89235e-15 0)
(1 -5.69264e-15 0)
(1 -3.71716e-15 0)
(1 -2.81654e-15 0)
(1 -1.45013e-15 0)
(1 -2.60922e-15 0)
(1 -1.04199e-15 0)
(1 -1.69274e-15 0)
(1 -1.59595e-15 0)
(1 -2.62397e-15 0)
(1 -1.49711e-15 0)
(1 -9.00063e-16 8.19011e-48)
(1 -3.78065e-16 0)
(1 -2.70666e-16 8.13392e-48)
(1 -6.63277e-16 0)
(1 -2.13911e-16 0)
(1 6.10265e-16 0)
(1 1.61484e-15 0)
(1 2.00396e-15 0)
(1 2.31418e-15 0)
(1 2.57888e-15 0)
(1 2.92167e-15 0)
(1 3.13042e-15 0)
(1 3.23509e-15 0)
(1 3.07787e-15 0)
(1 2.54324e-15 0)
(1 2.1764e-15 0)
(1 5.20111e-16 0)
(1 1.55248e-16 0)
(1 1.41017e-15 0)
(1 9.34275e-16 0)
(1 8.68295e-16 0)
(1 -2.08929e-16 0)
(1 6.93402e-16 0)
(1 -1.04233e-15 0)
(1 1.80024e-16 0)
(1 -7.32983e-17 -2.40346e-48)
(1 4.5659e-16 2.23436e-48)
(1 -5.08117e-16 2.13344e-48)
(1 1.25536e-16 -2.03286e-48)
(1 -6.80792e-16 -2.05051e-48)
(1 -9.09943e-16 2.03639e-48)
(1 -2.29103e-16 1.97035e-48)
(1 -9.86743e-17 -1.83601e-48)
(1 -1.04279e-15 -1.65594e-48)
(1 -8.68627e-16 1.5104e-48)
(1 -1.14978e-15 1.46907e-48)
(1 -1.48894e-15 0)
(1 -1.55868e-15 0)
(1 -1.35321e-15 2.53578e-48)
(1 -1.34414e-15 0)
(1 -9.22499e-16 2.40909e-48)
(1 -4.49546e-16 -1.26677e-48)
(1 1.76112e-16 2.42915e-48)
(1 -1.05444e-15 0)
(1 7.72836e-16 1.94316e-48)
(1 -8.05868e-16 -9.11898e-49)
(1 -4.17523e-17 1.71646e-48)
(1 -1.32831e-15 0)
(1 -7.97215e-16 1.27065e-48)
(1 2.84115e-16 0)
(1 4.41679e-16 0)
(1 -6.62192e-16 6.52607e-49)
(1 -4.96134e-16 5.95869e-49)
(1 -5.55251e-16 0)
(1 7.12443e-17 3.35161e-49)
(1 5.05368e-16 9.87655e-50)
(1 2.35792e-16 0)
(1 2.33636e-15 0)
(1 4.58376e-16 0)
(1 1.01101e-15 0)
(1 6.56871e-16 0)
(1 6.51418e-16 0)
(1 6.01667e-16 0)
(1 6.02232e-16 0)
(1 2.06941e-15 0)
(1 1.5526e-15 0)
(1 7.64546e-16 0)
(1 -7.10227e-17 0)
(1 3.66498e-16 0)
(1 6.89295e-16 0)
(1 1.12464e-15 0)
(1 7.89045e-16 0)
(1 7.3451e-16 0)
(1 -1.22709e-15 0)
(1 -2.27107e-15 0)
(1 -2.56663e-15 0)
(1 -1.9997e-15 0)
(1 -6.73781e-16 0)
(1 -1.69921e-15 0)
(1 -2.49065e-15 0)
(1 -3.31791e-15 0)
(1 -3.39904e-15 0)
(1 -3.93226e-15 0)
(1 -2.84882e-15 0)
(1 -3.29644e-15 0)
(1 -2.61527e-15 0)
(1 -3.67262e-15 0)
(1 -3.19898e-15 0)
(1 -3.78733e-15 0)
(1 -4.43235e-15 0)
(1 -4.7246e-15 0)
(1 -4.42554e-15 0)
(1 -3.94834e-15 0)
(1 -2.77891e-15 0)
(1 -2.45222e-15 0)
(1 -1.71252e-15 0)
(1 -2.13977e-15 0)
(1 -2.14186e-15 0)
(1 -2.56148e-15 0)
(1 -1.63222e-15 0)
(1 -1.49813e-15 0)
(1 -1.08993e-15 0)
(1 -1.53918e-15 0)
(1 -6.49139e-16 0)
(1 4.61755e-16 0)
(1 2.54148e-16 0)
(1 1.40446e-15 0)
(1 4.26721e-16 0)
(1 6.57574e-16 0)
(1 1.28783e-15 0)
(1 1.94666e-15 0)
(1 2.43052e-15 0)
(1 3.83872e-15 0)
(1 4.54014e-15 0)
(1 2.8354e-15 0)
(1 2.05168e-15 0)
(1 6.22552e-16 0)
(1 1.51996e-15 0)
(1 5.08975e-16 0)
(1 6.85176e-16 0)
(1 1.43385e-17 0)
(1 -3.52474e-16 0)
(1 2.14578e-16 0)
(1 -5.3786e-16 0)
(1 -7.12255e-16 0)
(1 -9.37918e-16 0)
(1 -6.3118e-16 0)
(1 -6.54756e-16 0)
(1 -1.00348e-15 0)
(1 -8.24428e-16 0)
(1 -7.91205e-16 0)
(1 -1.51687e-15 0)
(1 -6.60168e-16 0)
(1 -9.42138e-16 0)
(1 -8.01283e-16 0)
(1 -2.12717e-15 0)
(1 -2.06716e-15 0)
(1 -2.99153e-15 0)
(1 -2.19141e-15 0)
(1 -1.88168e-15 0)
(1 -3.00192e-16 0)
(1 -1.35982e-15 0)
(1 -1.06176e-15 0)
(1 -9.22534e-16 0)
(1 -8.43359e-16 0)
(1 -2.36245e-16 0)
(1 -2.84217e-16 0)
(1 -9.10612e-16 0)
(1 -2.63138e-16 0)
(1 -4.46845e-16 0)
(1 -6.33362e-16 0)
(1 -8.68868e-16 0)
(1 -1.16324e-15 0)
(1 -1.15819e-15 0)
(1 1.43247e-16 0)
(1 1.7116e-16 0)
(1 -2.28949e-16 0)
(1 9.08536e-16 0)
(1 7.04282e-16 0)
(1 1.46101e-15 0)
(1 1.56315e-15 0)
(1 1.86924e-15 0)
(1 1.23577e-15 0)
(1 -3.17423e-16 0)
(1 2.21197e-16 0)
(1 6.12946e-16 0)
(1 7.28859e-16 0)
(1 -2.82108e-16 0)
(1 1.28393e-15 0)
(1 3.06933e-16 0)
(1 2.87704e-16 0)
(1 2.26501e-16 0)
(1 -5.17187e-16 0)
(1 -8.50381e-16 0)
(1 -1.76524e-15 0)
(1 -9.7461e-16 0)
(1 -1.29363e-15 0)
(1 -1.66597e-15 0)
(1 -2.62132e-15 0)
(1 -2.89894e-15 0)
(1 -2.28278e-15 0)
(1 -2.05086e-15 0)
(1 -3.21968e-15 0)
(1 -5.02863e-15 0)
(1 -5.95003e-15 0)
(1 -4.8336e-15 0)
(1 -4.68451e-15 0)
(1 -4.57284e-15 0)
(1 -4.22559e-15 0)
(1 -3.80447e-15 0)
(1 -4.30467e-15 0)
(1 -3.59861e-15 0)
(1 -4.16645e-15 0)
(1 -3.65621e-15 0)
(1 -2.39849e-15 0)
(1 -2.73821e-15 0)
(1 -2.35485e-15 0)
(1 -2.61341e-15 0)
(1 -2.01011e-15 0)
(1 -1.93275e-15 0)
(1 -1.86333e-15 0)
(1 -1.5847e-15 0)
(1 -1.14891e-15 0)
(1 -4.89849e-16 0)
(1 2.65723e-17 0)
(1 -8.96977e-16 0)
(1 -5.62889e-17 0)
(1 3.12435e-16 0)
(1 8.64256e-16 0)
(1 1.27033e-15 0)
(1 2.19805e-15 0)
(1 2.55769e-15 0)
(1 2.08981e-15 0)
(1 1.36824e-15 0)
(1 1.21429e-15 0)
(1 6.66929e-16 0)
(1 1.4164e-15 0)
(1 1.58605e-15 0)
(1 -4.01141e-18 0)
(1 5.30597e-16 0)
(1 -4.42956e-16 0)
(1 3.44101e-16 0)
(1 -5.85559e-16 0)
(1 -4.04101e-16 0)
(1 -1.56574e-15 0)
(1 -2.09006e-15 0)
(1 -2.12526e-15 0)
(1 -1.62231e-15 0)
(1 -1.71306e-15 0)
(1 -4.13634e-16 0)
(1 -9.08087e-16 0)
(1 -1.63347e-15 0)
(1 -2.42862e-15 0)
(1 -1.43016e-15 0)
(1 -1.63819e-15 0)
(1 -2.91439e-15 0)
(1 -2.21798e-15 0)
(1 -2.45882e-15 0)
(1 -1.8349e-15 0)
(1 -1.29596e-15 0)
(1 -5.89209e-16 0)
(1 -6.30234e-16 0)
(1 -1.05675e-15 0)
(1 -1.17797e-15 0)
(1 -1.357e-15 0)
(1 -7.44628e-16 0)
(1 -1.51452e-15 0)
(1 -1.3357e-15 0)
(1 -8.6027e-16 0)
(1 -1.41288e-15 0)
(1 -1.52203e-15 0)
(1 -4.49355e-16 0)
(1 -7.36275e-16 0)
(1 -6.84559e-16 0)
(1 -1.38951e-15 0)
(1 -1.1731e-15 0)
(1 -2.97323e-16 0)
(1 2.12013e-16 0)
(1 1.23538e-15 0)
(1 6.00758e-16 0)
(1 8.76278e-16 0)
(1 2.43935e-16 0)
(1 1.70874e-15 0)
(1 5.38187e-16 0)
(1 1.17009e-15 0)
(1 1.01002e-15 0)
(1 3.99153e-16 0)
(1 -4.63506e-16 0)
(1 3.82925e-16 0)
(1 -5.38971e-16 0)
(1 -2.80241e-16 0)
(1 -4.65355e-16 0)
(1 -5.24746e-16 0)
(1 3.74604e-16 0)
(1 4.13375e-16 0)
(1 -2.82284e-16 0)
(1 -1.45544e-15 0)
(1 -2.89976e-15 0)
(1 -4.13429e-15 0)
(1 -2.94135e-15 0)
(1 -3.27585e-15 0)
(1 -2.79584e-15 0)
(1 -3.53597e-15 0)
(1 -5.23082e-15 0)
(1 -5.32251e-15 0)
(1 -5.78089e-15 0)
(1 -4.42266e-15 0)
(1 -4.51442e-15 0)
(1 -4.52174e-15 0)
(1 -5.14249e-15 0)
(1 -5.54496e-15 0)
(1 -4.25581e-15 0)
(1 -4.50189e-15 0)
(1 -3.10821e-15 0)
(1 -3.38074e-15 0)
(1 -3.17689e-15 0)
(1 -2.9315e-15 0)
(1 -2.45151e-15 0)
(1 -2.15904e-15 0)
(1 -2.01354e-15 0)
(1 -1.55798e-15 0)
(1 -1.39662e-15 0)
(1 -2.06923e-15 0)
(1 -1.97248e-15 0)
(1 -1.96186e-15 0)
(1 -8.3288e-16 0)
(1 -7.03097e-16 0)
(1 1.99249e-16 0)
(1 1.02813e-15 0)
(1 1.27853e-15 0)
(1 2.09681e-15 0)
(1 1.59036e-15 0)
(1 1.97232e-16 0)
(1 9.39796e-17 0)
(1 6.03992e-16 0)
(1 1.338e-15 0)
(1 1.08424e-15 0)
(1 -1.56343e-17 0)
(1 2.4692e-16 0)
(1 -4.95166e-16 0)
(1 5.71272e-17 0)
(1 -3.96363e-16 0)
(1 -4.10707e-16 0)
(1 -6.00449e-16 0)
(1 -6.04721e-16 0)
(1 -1.33587e-15 0)
(1 -1.55739e-15 0)
(1 -1.4757e-15 0)
(1 -1.7777e-15 0)
(1 -2.15342e-15 0)
(1 -2.90127e-15 0)
(1 -2.2621e-15 0)
(1 -3.20348e-15 0)
(1 -3.10177e-15 0)
(1 -2.72468e-15 0)
(1 -2.73277e-15 0)
(1 -2.13212e-15 0)
(1 -2.73648e-15 0)
(1 -2.5047e-15 0)
(1 -1.7264e-15 0)
(1 -2.19584e-15 0)
(1 -1.7948e-15 0)
(1 -1.66629e-15 0)
(1 -1.1497e-15 0)
(1 -1.59904e-15 0)
(1 -1.89699e-15 0)
(1 -1.56625e-15 0)
(1 -6.24061e-16 0)
(1 -1.12331e-15 0)
(1 -1.07868e-15 0)
(1 -1.36192e-15 0)
(1 -8.91103e-16 0)
(1 -3.61596e-16 0)
(1 -1.41258e-18 0)
(1 -4.47385e-16 0)
(1 -5.39938e-17 0)
(1 1.29304e-15 0)
(1 1.02387e-15 0)
(1 1.68476e-15 0)
(1 -9.80007e-17 0)
(1 -7.99247e-17 0)
(1 -1.08709e-15 0)
(1 -2.19021e-16 0)
(1 6.29628e-16 0)
(1 4.22137e-16 0)
(1 1.98581e-16 0)
(1 -3.66242e-16 0)
(1 1.00183e-15 0)
(1 -1.78428e-17 0)
(1 9.53568e-16 0)
(1 -3.2553e-17 0)
(1 -6.45469e-16 0)
(1 -1.14779e-15 0)
(1 -1.62976e-15 0)
(1 -1.25019e-15 0)
(1 -2.2045e-15 0)
(1 -2.3479e-15 0)
(1 -3.75005e-15 0)
(1 -2.9675e-15 0)
(1 -3.81823e-15 0)
(1 -3.02901e-15 0)
(1 -3.03632e-15 0)
(1 -2.05847e-15 0)
(1 -2.99603e-15 0)
(1 -4.47246e-15 0)
(1 -6.08391e-15 0)
(1 -5.83226e-15 0)
(1 -4.97957e-15 0)
(1 -3.41132e-15 0)
(1 -3.09532e-15 0)
(1 -3.43737e-15 0)
(1 -4.89952e-15 0)
(1 -4.93612e-15 0)
(1 -4.82301e-15 0)
(1 -4.33954e-15 0)
(1 -5.09198e-15 0)
(1 -3.64956e-15 0)
(1 -3.83486e-15 0)
(1 -2.73035e-15 0)
(1 -2.11952e-15 0)
(1 -2.32087e-15 0)
(1 -2.52119e-15 0)
(1 -3.3725e-15 0)
(1 -2.6197e-15 0)
(1 -1.88988e-15 0)
(1 -6.98109e-16 0)
(1 -1.34566e-15 0)
(1 -1.97856e-16 0)
(1 2.13462e-16 0)
(1 9.3939e-16 0)
(1 -9.71456e-17 0)
(1 2.7245e-17 0)
(1 -2.60815e-16 0)
(1 7.73573e-16 0)
(1 9.7811e-16 0)
(1 1.30394e-15 0)
(1 9.92499e-16 0)
(1 9.14047e-16 0)
(1 8.77304e-16 0)
(1 -5.80007e-16 0)
(1 -4.6598e-16 0)
(1 -5.38795e-16 0)
(1 2.15142e-17 0)
(1 -4.17405e-16 0)
(1 1.02787e-16 0)
(1 -1.60689e-15 0)
(1 -1.12192e-15 0)
(1 -1.58305e-15 0)
(1 -1.17114e-15 0)
(1 -1.77836e-15 0)
(1 -2.27347e-15 0)
(1 -2.43792e-15 0)
(1 -2.46537e-15 0)
(1 -2.46565e-15 0)
(1 -3.25781e-15 0)
(1 -2.70127e-15 0)
(1 -3.00067e-15 0)
(1 -2.55043e-15 0)
(1 -3.05529e-15 0)
(1 -1.69699e-15 0)
(1 -2.51738e-15 0)
(1 -1.76584e-15 0)
(1 -1.9674e-15 0)
(1 -1.48423e-15 0)
(1 -2.00347e-15 0)
(1 -1.84579e-15 0)
(1 -1.87967e-15 0)
(1 -1.31459e-15 0)
(1 -1.73358e-15 0)
(1 -1.22424e-15 0)
(1 -1.31445e-15 0)
(1 -3.67943e-16 0)
(1 -6.54858e-16 0)
(1 -6.31769e-16 0)
(1 -4.45961e-16 0)
(1 -4.71826e-16 0)
(1 9.60858e-16 0)
(1 9.98856e-16 0)
(1 -6.09336e-17 0)
(1 -6.90413e-16 0)
(1 -7.67069e-16 0)
(1 -6.0339e-16 0)
(1 6.27816e-16 0)
(1 1.70735e-15 0)
(1 8.05222e-16 0)
(1 -1.03388e-15 0)
(1 -7.37341e-17 0)
(1 9.13726e-16 0)
(1 -9.21946e-17 0)
(1 1.36772e-16 0)
(1 -1.75698e-16 0)
(1 -1.76545e-16 0)
(1 -6.13816e-16 0)
(1 -8.57106e-16 0)
(1 -1.93701e-15 0)
(1 -1.89555e-15 0)
(1 -1.24464e-15 0)
(1 -3.10867e-15 0)
(1 -3.03923e-15 0)
(1 -4.2356e-15 0)
(1 -4.5831e-15 0)
(1 -5.21415e-15 0)
(1 -3.89882e-15 0)
(1 -4.69463e-15 0)
(1 -5.40976e-15 0)
(1 -5.77637e-15 0)
(1 -5.13386e-15 0)
(1 -4.66258e-15 0)
(1 -4.12477e-15 0)
(1 -4.1579e-15 0)
(1 -4.04154e-15 0)
(1 -4.99764e-15 0)
(1 -4.24143e-15 0)
(1 -5.07974e-15 0)
(1 -3.74765e-15 0)
(1 -4.81489e-15 0)
(1 -3.59e-15 0)
(1 -3.50983e-15 0)
(1 -2.07385e-15 0)
(1 -2.58211e-15 0)
(1 -2.87878e-15 0)
(1 -3.2142e-15 0)
(1 -2.28329e-15 0)
(1 -3.16207e-15 0)
(1 -2.77642e-15 0)
(1 -1.90475e-15 0)
(1 -1.55578e-15 0)
(1 -7.11846e-16 0)
(1 -2.91361e-16 0)
(1 1.31295e-16 0)
(1 9.57659e-17 0)
(1 1.24714e-16 0)
(1 -1.59261e-17 0)
(1 -4.63695e-16 0)
(1 2.87667e-16 0)
(1 6.60229e-16 0)
(1 2.05742e-16 0)
(1 6.18817e-16 0)
(1 -1.20105e-16 0)
(1 6.56881e-16 0)
(1 -5.38463e-16 0)
(1 4.53728e-16 0)
(1 -1.5706e-15 0)
(1 -1.76896e-15 0)
(1 -2.78607e-15 0)
(1 -2.21135e-15 0)
(1 -1.7537e-15 0)
(1 -2.14823e-15 0)
(1 -1.91312e-15 0)
(1 -2.33892e-15 0)
(1 -2.6646e-15 0)
(1 -3.86695e-15 0)
(1 -3.57323e-15 0)
(1 -3.65696e-15 0)
(1 -3.30236e-15 0)
(1 -2.05724e-15 0)
(1 -2.53595e-15 0)
(1 -1.69484e-15 0)
(1 -1.9638e-15 0)
(1 -2.00236e-15 0)
(1 -2.42457e-15 0)
(1 -2.37571e-15 0)
(1 -2.67971e-15 0)
(1 -2.9717e-15 0)
(1 -2.07503e-15 0)
(1 -1.05409e-15 0)
(1 -1.07647e-15 0)
(1 -8.89639e-16 0)
(1 -1.42298e-15 0)
(1 -1.44279e-15 0)
(1 -1.32331e-15 0)
(1 -3.01323e-16 0)
(1 -1.10568e-15 0)
(1 -9.45923e-16 0)
(1 -1.46449e-15 0)
(1 -1.09617e-15 0)
(1 1.89031e-17 0)
(1 1.32319e-16 0)
(1 -2.08621e-16 0)
(1 3.1862e-16 0)
(1 -2.15985e-16 0)
(1 2.78739e-16 0)
(1 -1.92763e-16 0)
(1 3.21232e-16 0)
(1 -7.21355e-17 0)
(1 1.06639e-16 0)
(1 -4.47262e-17 0)
(1 4.82675e-16 0)
(1 4.32177e-17 0)
(1 -3.63257e-16 0)
(1 1.21096e-15 0)
(1 -1.89426e-16 0)
(1 -1.99717e-15 0)
(1 -2.67149e-15 0)
(1 -2.384e-15 0)
(1 -2.73301e-15 0)
(1 -2.20648e-15 0)
(1 -3.08317e-15 0)
(1 -3.08654e-15 0)
(1 -3.80694e-15 0)
(1 -4.59489e-15 0)
(1 -5.23744e-15 0)
(1 -4.99787e-15 0)
(1 -5.75042e-15 0)
(1 -4.59848e-15 0)
(1 -4.18164e-15 0)
(1 -3.16168e-15 0)
(1 -4.40908e-15 0)
(1 -4.81614e-15 0)
(1 -5.44295e-15 0)
(1 -4.79911e-15 0)
(1 -4.63576e-15 0)
(1 -4.16358e-15 0)
(1 -4.28313e-15 0)
(1 -4.11605e-15 0)
(1 -3.26454e-15 0)
(1 -3.09454e-15 0)
(1 -2.73558e-15 0)
(1 -3.08929e-15 0)
(1 -3.87958e-15 0)
(1 -2.95321e-15 0)
(1 -3.13067e-15 0)
(1 -3.04841e-15 0)
(1 -3.25907e-15 0)
(1 -2.9385e-15 0)
(1 -1.7865e-15 0)
(1 -8.08878e-16 0)
(1 -1.30888e-15 0)
(1 -8.64134e-16 0)
(1 -6.50695e-16 0)
(1 -2.99732e-16 0)
(1 -7.99633e-17 0)
(1 -1.22576e-16 0)
(1 1.89527e-16 0)
(1 2.97872e-16 0)
(1 1.14613e-15 0)
(1 6.4803e-16 0)
(1 1.89026e-16 0)
(1 -1.49749e-16 0)
(1 7.55211e-16 0)
(1 3.96036e-16 0)
(1 2.1737e-16 0)
(1 -1.21104e-15 0)
(1 -3.61202e-16 0)
(1 -1.72239e-15 0)
(1 -9.07488e-16 0)
(1 -2.38304e-15 0)
(1 -2.19305e-15 0)
(1 -2.62905e-15 0)
(1 -3.36092e-15 0)
(1 -3.38297e-15 0)
(1 -4.00378e-15 0)
(1 -3.78987e-15 0)
(1 -4.37967e-15 0)
(1 -3.28969e-15 0)
(1 -2.48096e-15 0)
(1 -2.31855e-15 0)
(1 -2.41972e-15 0)
(1 -1.66488e-15 0)
(1 -2.96184e-15 0)
(1 -2.55339e-15 0)
(1 -3.44654e-15 0)
(1 -3.40188e-15 0)
(1 -2.64155e-15 0)
(1 -2.54088e-15 0)
(1 -2.06664e-15 0)
(1 -1.39613e-15 0)
(1 -9.60604e-16 0)
(1 -3.60596e-16 0)
(1 -7.01694e-16 0)
(1 -4.64991e-16 0)
(1 -1.33411e-15 0)
(1 -5.35808e-16 0)
(1 -6.27672e-16 0)
(1 -2.50695e-16 0)
(1 5.30155e-16 0)
(1 3.73655e-17 0)
(1 2.18807e-16 0)
(1 -7.77227e-17 0)
(1 2.18129e-16 0)
(1 6.85375e-16 0)
(1 3.83839e-16 0)
(1 -8.0567e-16 0)
(1 -3.46923e-16 0)
(1 -1.18608e-15 0)
(1 6.00153e-16 0)
(1 -6.70889e-16 0)
(1 -4.76725e-16 0)
(1 -8.0666e-16 0)
(1 -9.60284e-17 0)
(1 1.9828e-16 0)
(1 1.50034e-16 0)
(1 -1.28984e-15 0)
(1 -3.46566e-15 0)
(1 -1.9298e-15 0)
(1 -3.31102e-15 0)
(1 -3.38167e-15 0)
(1 -3.02284e-15 0)
(1 -2.81077e-15 0)
(1 -3.55862e-15 0)
(1 -3.32051e-15 0)
(1 -2.79296e-15 0)
(1 -4.08057e-15 0)
(1 -4.16192e-15 0)
(1 -5.03198e-15 0)
(1 -3.67498e-15 0)
(1 -4.85926e-15 0)
(1 -5.59743e-15 0)
(1 -5.40175e-15 0)
(1 -5.24461e-15 0)
(1 -4.5962e-15 0)
(1 -4.77457e-15 0)
(1 -4.3506e-15 0)
(1 -3.89732e-15 0)
(1 -4.48916e-15 0)
(1 -3.76246e-15 0)
(1 -3.28094e-15 0)
(1 -3.16073e-15 0)
(1 -3.37061e-15 0)
(1 -4.0151e-15 0)
(1 -3.3959e-15 0)
(1 -3.02153e-15 0)
(1 -2.87852e-15 0)
(1 -2.37657e-15 0)
(1 -1.71844e-15 0)
(1 -2.43908e-15 0)
(1 -1.62325e-15 0)
(1 -2.15688e-15 0)
(1 -1.14374e-15 0)
(1 -7.94215e-16 0)
(1 -2.24734e-16 0)
(1 6.07274e-16 0)
(1 3.91759e-16 0)
(1 5.72682e-17 0)
(1 -1.46459e-17 0)
(1 2.3554e-16 0)
(1 1.10049e-15 0)
(1 5.71386e-16 0)
(1 4.20367e-16 0)
(1 -1.14881e-15 0)
(1 -4.9574e-16 0)
(1 -1.26249e-15 0)
(1 -4.09025e-16 0)
(1 -7.32566e-16 0)
(1 -1.91973e-16 0)
(1 -1.46543e-15 0)
(1 -2.53164e-15 0)
(1 -2.3999e-15 0)
(1 -2.75287e-15 0)
(1 -3.25902e-15 0)
(1 -3.47556e-15 0)
(1 -2.56118e-15 0)
(1 -2.33919e-15 0)
(1 -2.99165e-15 0)
(1 -2.90833e-15 0)
(1 -4.11039e-15 0)
(1 -3.19798e-15 0)
(1 -2.87651e-15 0)
(1 -2.89811e-15 0)
(1 -3.06937e-15 0)
(1 -2.93169e-15 0)
(1 -3.87823e-15 0)
(1 -2.74829e-15 0)
(1 -2.7309e-15 0)
(1 -3.09597e-15 0)
(1 -3.70495e-15 0)
(1 -2.77957e-15 0)
(1 -2.1598e-15 0)
(1 -8.63224e-16 0)
(1 -4.942e-16 0)
(1 2.36218e-16 0)
(1 -9.59884e-16 0)
(1 -7.10128e-16 0)
(1 -8.40302e-16 0)
(1 6.88576e-16 0)
(1 7.95425e-16 0)
(1 1.68072e-16 0)
(1 2.97928e-16 0)
(1 -5.25249e-17 0)
(1 -9.88431e-17 0)
(1 -5.14229e-16 0)
(1 3.27544e-17 0)
(1 -5.81996e-16 0)
(1 1.00911e-17 0)
(1 -3.53249e-16 0)
(1 -1.15013e-16 0)
(1 -3.03377e-16 0)
(1 2.70821e-16 0)
(1 1.31545e-16 0)
(1 2.61655e-16 0)
(1 -1.40671e-15 0)
(1 -1.29465e-15 0)
(1 -1.74891e-15 0)
(1 -1.95124e-15 0)
(1 -3.02301e-15 0)
(1 -2.47276e-15 0)
(1 -3.75938e-15 0)
(1 -3.31812e-15 0)
(1 -4.00887e-15 0)
(1 -3.73736e-15 0)
(1 -4.21189e-15 0)
(1 -3.80241e-15 0)
(1 -3.91493e-15 0)
(1 -4.01461e-15 0)
(1 -3.77526e-15 0)
(1 -3.295e-15 0)
(1 -3.58459e-15 0)
(1 -4.15788e-15 0)
(1 -4.60207e-15 0)
(1 -5.79176e-15 0)
(1 -5.45356e-15 0)
(1 -5.27904e-15 0)
(1 -4.54189e-15 0)
(1 -3.5856e-15 0)
(1 -3.3827e-15 0)
(1 -3.71582e-15 0)
(1 -3.48151e-15 0)
(1 -3.90939e-15 0)
(1 -2.83347e-15 0)
(1 -3.57854e-15 0)
(1 -3.15835e-15 0)
(1 -3.69784e-15 0)
(1 -3.7839e-15 0)
(1 -2.74322e-15 0)
(1 -2.14421e-15 0)
(1 -2.42152e-15 0)
(1 -1.84403e-15 0)
(1 -1.36574e-15 0)
(1 -1.07917e-15 0)
(1 -1.65702e-15 0)
(1 -8.66792e-16 0)
(1 -8.98823e-16 0)
(1 -5.65581e-16 0)
(1 -5.03783e-16 0)
(1 1.17074e-16 0)
(1 2.09686e-16 0)
(1 1.02669e-15 0)
(1 4.06676e-16 0)
(1 2.55051e-16 0)
(1 -6.65369e-16 0)
(1 -8.76718e-16 0)
(1 -4.66651e-16 0)
(1 -2.89512e-16 0)
(1 -1.43184e-15 0)
(1 -3.93723e-16 0)
(1 -2.23818e-15 0)
(1 -2.50784e-15 0)
(1 -3.7894e-15 0)
(1 -3.87359e-15 0)
(1 -3.54562e-15 0)
(1 -2.98891e-15 0)
(1 -2.72701e-15 0)
(1 -2.37243e-15 0)
(1 -2.8268e-15 0)
(1 -3.03899e-15 0)
(1 -3.6373e-15 0)
(1 -3.26435e-15 0)
(1 -3.3888e-15 0)
(1 -3.47237e-15 0)
(1 -3.32599e-15 0)
(1 -3.64501e-15 0)
(1 -3.33732e-15 0)
(1 -2.36278e-15 0)
(1 -2.15687e-15 0)
(1 -2.13945e-15 0)
(1 -2.17558e-15 0)
(1 -2.0746e-15 0)
(1 -2.23045e-15 0)
(1 -1.74228e-15 0)
(1 -1.0003e-15 0)
(1 -9.01035e-16 0)
(1 -1.40098e-15 0)
(1 -1.2395e-15 0)
(1 -9.90472e-16 0)
(1 -6.36058e-16 0)
(1 -8.87126e-16 0)
(1 1.53658e-16 0)
(1 -9.25909e-16 0)
(1 3.29159e-16 0)
(1 6.89935e-16 0)
(1 -1.52819e-16 0)
(1 1.30757e-16 0)
(1 -9.50806e-16 0)
(1 -2.23199e-15 0)
(1 -6.79585e-16 0)
(1 -7.56462e-16 0)
(1 1.50129e-16 0)
(1 9.6854e-16 0)
(1 9.71186e-16 0)
(1 -5.70907e-17 0)
(1 -1.45922e-15 0)
(1 -2.95712e-15 0)
(1 -2.09907e-15 0)
(1 -2.08175e-15 0)
(1 -1.64838e-15 0)
(1 -1.8867e-15 0)
(1 -3.15406e-15 0)
(1 -2.86809e-15 0)
(1 -3.50593e-15 0)
(1 -2.87396e-15 0)
(1 -3.91745e-15 0)
(1 -4.62377e-15 0)
(1 -3.76413e-15 0)
(1 -4.00709e-15 0)
(1 -3.18045e-15 0)
(1 -5.12457e-15 0)
(1 -4.94386e-15 0)
(1 -4.48157e-15 0)
(1 -4.72649e-15 0)
(1 -4.20832e-15 0)
(1 -3.9039e-15 0)
(1 -3.86851e-15 0)
(1 -3.77342e-15 0)
(1 -3.89916e-15 0)
(1 -4.02724e-15 0)
(1 -3.70984e-15 0)
(1 -4.48982e-15 0)
(1 -4.59708e-15 0)
(1 -4.34123e-15 0)
(1 -3.22916e-15 0)
(1 -2.81455e-15 0)
(1 -2.8593e-15 0)
(1 -2.98088e-15 0)
(1 -2.73413e-15 0)
(1 -1.60285e-15 0)
(1 -9.68464e-16 0)
(1 -4.03139e-16 0)
(1 -8.50937e-16 0)
(1 -2.11766e-15 0)
(1 -2.19741e-15 0)
(1 -2.18693e-15 0)
(1 -1.75002e-15 0)
(1 -9.62471e-16 0)
(1 4.4322e-18 0)
(1 4.77968e-16 0)
(1 8.80137e-16 0)
(1 5.48477e-16 0)
(1 -8.57342e-17 0)
(1 -3.95612e-16 0)
(1 -4.33881e-16 0)
(1 -9.77991e-16 0)
(1 -7.98441e-16 0)
(1 -1.38577e-15 0)
(1 -1.90917e-15 0)
(1 -3.0313e-15 0)
(1 -2.52044e-15 0)
(1 -2.21156e-15 0)
(1 -2.86589e-15 0)
(1 -3.32885e-15 0)
(1 -2.76914e-15 0)
(1 -2.8015e-15 0)
(1 -2.85154e-15 0)
(1 -3.459e-15 0)
(1 -3.04141e-15 0)
(1 -3.56924e-15 0)
(1 -3.32803e-15 0)
(1 -4.12401e-15 0)
(1 -4.03256e-15 0)
(1 -3.21687e-15 0)
(1 -3.58879e-15 0)
(1 -3.47518e-15 0)
(1 -3.17638e-15 0)
(1 -3.00835e-15 0)
(1 -2.80004e-15 0)
(1 -2.58862e-15 0)
(1 -1.77911e-15 0)
(1 -1.65577e-15 0)
(1 -1.86661e-15 0)
(1 -1.64564e-15 0)
(1 -1.6145e-15 0)
(1 -1.91339e-15 0)
(1 -1.5381e-15 0)
(1 -1.5183e-15 0)
(1 -1.22294e-15 0)
(1 -1.78115e-15 0)
(1 -2.04603e-15 0)
(1 9.71145e-16 0)
(1 -1.96402e-16 0)
(1 -2.99935e-16 0)
(1 -8.77851e-16 0)
(1 -7.06315e-16 0)
(1 -1.23693e-15 0)
(1 -6.26751e-16 0)
(1 -2.45982e-15 0)
(1 -1.55119e-15 0)
(1 -2.29844e-15 0)
(1 -8.39942e-16 0)
(1 -4.42623e-16 0)
(1 -5.65991e-16 0)
(1 -6.64303e-16 0)
(1 -7.301e-16 0)
(1 -1.53496e-17 0)
(1 1.62362e-16 0)
(1 -7.31996e-16 0)
(1 -1.10312e-15 0)
(1 -2.00291e-15 0)
(1 -2.18471e-15 0)
(1 -3.43409e-15 0)
(1 -4.31788e-15 0)
(1 -3.60958e-15 0)
(1 -3.09651e-15 0)
(1 -4.23729e-15 0)
(1 -4.40685e-15 0)
(1 -3.35726e-15 0)
(1 -4.51667e-15 0)
(1 -5.32766e-15 0)
(1 -5.42436e-15 0)
(1 -4.21102e-15 0)
(1 -3.26958e-15 0)
(1 -2.45995e-15 0)
(1 -3.16485e-15 0)
(1 -4.2201e-15 0)
(1 -3.33771e-15 0)
(1 -3.59764e-15 0)
(1 -4.05083e-15 0)
(1 -3.74616e-15 0)
(1 -4.41967e-15 0)
(1 -3.95164e-15 0)
(1 -4.5928e-15 0)
(1 -3.26298e-15 0)
(1 -3.89805e-15 0)
(1 -3.08919e-15 0)
(1 -2.25857e-15 0)
(1 -2.51053e-15 0)
(1 -1.49294e-15 0)
(1 -1.49506e-15 0)
(1 -1.3533e-15 0)
(1 -1.47229e-15 0)
(1 -1.45127e-15 0)
(1 -1.38253e-15 0)
(1 -1.76293e-15 0)
(1 -1.1592e-15 0)
(1 -6.58102e-16 0)
(1 -5.501e-16 0)
(1 -8.40652e-16 0)
(1 -9.85169e-16 0)
(1 -9.95879e-16 0)
(1 -2.94303e-16 0)
(1 -5.79547e-17 0)
(1 4.50215e-16 0)
(1 5.04817e-16 0)
(1 -1.18464e-15 0)
(1 -1.99148e-15 0)
(1 -3.0129e-15 0)
(1 -4.49633e-15 0)
(1 -4.01208e-15 0)
(1 -3.41885e-15 0)
(1 -2.62201e-15 0)
(1 -2.53193e-15 0)
(1 -1.88753e-15 0)
(1 -1.41441e-15 0)
(1 -2.18828e-15 0)
(1 -3.11144e-15 0)
(1 -3.33515e-15 0)
(1 -3.76832e-15 0)
(1 -3.39653e-15 0)
(1 -3.3367e-15 0)
(1 -3.44431e-15 0)
(1 -3.01411e-15 0)
(1 -4.34558e-15 0)
(1 -3.66647e-15 0)
(1 -3.07206e-15 0)
(1 -3.17706e-15 0)
(1 -2.82999e-15 0)
(1 -1.77279e-15 0)
(1 -1.52443e-15 0)
(1 -1.59062e-15 0)
(1 -1.2073e-15 0)
(1 -1.54891e-15 0)
(1 -1.4618e-15 0)
(1 -1.96643e-15 0)
(1 -9.46771e-16 0)
(1 -2.24071e-15 0)
(1 -1.77417e-15 0)
(1 -3.27909e-15 0)
(1 -3.20061e-15 0)
(1 5.09588e-16 0)
(1 -1.53119e-16 0)
(1 6.57627e-16 0)
(1 2.50632e-17 0)
(1 9.08522e-17 0)
(1 -1.00938e-15 0)
(1 -1.10521e-15 0)
(1 -2.3543e-15 0)
(1 -1.67738e-15 0)
(1 -8.0282e-16 0)
(1 -7.13204e-16 0)
(1 -6.74278e-16 0)
(1 -6.30336e-16 0)
(1 -3.98774e-16 0)
(1 -9.83707e-16 0)
(1 -3.9562e-16 0)
(1 -1.90211e-15 0)
(1 -3.39071e-16 0)
(1 -2.05365e-15 0)
(1 -1.93046e-16 0)
(1 -7.80891e-16 0)
(1 -1.57083e-15 0)
(1 -3.39665e-15 0)
(1 -3.67402e-15 0)
(1 -4.18079e-15 0)
(1 -4.41908e-15 0)
(1 -5.3512e-15 0)
(1 -4.13595e-15 0)
(1 -4.38554e-15 0)
(1 -4.07679e-15 0)
(1 -4.10618e-15 0)
(1 -3.5264e-15 0)
(1 -2.3298e-15 0)
(1 -3.17461e-15 0)
(1 -3.52213e-15 0)
(1 -4.33827e-15 0)
(1 -4.12334e-15 0)
(1 -4.04871e-15 0)
(1 -3.29587e-15 0)
(1 -3.05834e-15 0)
(1 -2.76024e-15 0)
(1 -3.61396e-15 0)
(1 -3.91271e-15 0)
(1 -4.46441e-15 0)
(1 -3.69034e-15 0)
(1 -3.56662e-15 0)
(1 -2.59741e-15 0)
(1 -2.48605e-15 0)
(1 -2.40704e-15 0)
(1 -2.02309e-15 0)
(1 -2.25716e-15 0)
(1 -1.56236e-15 0)
(1 -5.07705e-16 0)
(1 -9.60649e-16 0)
(1 -1.15785e-15 0)
(1 -1.42105e-15 0)
(1 -1.27453e-15 0)
(1 -1.16588e-15 0)
(1 -6.0401e-16 0)
(1 -7.9249e-16 0)
(1 -3.67784e-16 0)
(1 4.36691e-16 0)
(1 3.49007e-16 0)
(1 -2.82557e-16 0)
(1 -5.32247e-16 0)
(1 -1.0872e-15 0)
(1 -1.25568e-15 0)
(1 -1.93456e-15 0)
(1 -2.81757e-15 0)
(1 -3.70515e-15 0)
(1 -3.88509e-15 0)
(1 -3.20728e-15 0)
(1 -2.27242e-15 0)
(1 -2.48161e-15 0)
(1 -2.09402e-15 0)
(1 -2.86709e-15 0)
(1 -3.41753e-15 0)
(1 -3.10755e-15 0)
(1 -2.85371e-15 0)
(1 -2.7906e-15 0)
(1 -2.30415e-15 0)
(1 -3.01878e-15 0)
(1 -3.47098e-15 0)
(1 -3.5454e-15 0)
(1 -3.3008e-15 0)
(1 -2.68793e-15 0)
(1 -2.8699e-15 0)
(1 -2.43369e-15 0)
(1 -1.95032e-15 0)
(1 -1.53218e-15 0)
(1 -1.8268e-15 0)
(1 -1.91793e-15 0)
(1 -2.09162e-15 0)
(1 -1.77296e-15 0)
(1 -1.96716e-15 0)
(1 -1.76694e-15 0)
(1 -2.61727e-15 0)
(1 -2.02046e-15 0)
(1 -3.5275e-15 0)
(1 -2.9047e-15 0)
(1 -8.35777e-16 0)
(1 -8.9203e-16 0)
(1 1.64399e-16 0)
(1 3.35861e-16 0)
(1 7.14641e-16 0)
(1 2.33291e-16 0)
(1 9.47834e-17 0)
(1 -1.36023e-15 0)
(1 -1.31003e-15 0)
(1 -1.05257e-15 0)
(1 -1.01153e-15 0)
(1 -1.30572e-15 0)
(1 -6.11949e-16 0)
(1 -9.32385e-16 0)
(1 -1.41379e-15 0)
(1 -1.12032e-15 0)
(1 -2.22916e-15 0)
(1 -3.09938e-16 0)
(1 -1.36517e-15 0)
(1 -1.32045e-15 0)
(1 -1.33665e-15 0)
(1 -1.0749e-15 0)
(1 -1.56752e-15 0)
(1 -2.85305e-15 0)
(1 -3.94958e-15 0)
(1 -4.03279e-15 0)
(1 -4.23066e-15 0)
(1 -4.62387e-15 0)
(1 -4.63898e-15 0)
(1 -4.40426e-15 0)
(1 -3.38375e-15 0)
(1 -2.38329e-15 0)
(1 -3.06658e-15 0)
(1 -4.18623e-15 0)
(1 -3.51595e-15 0)
(1 -3.6853e-15 0)
(1 -3.35827e-15 0)
(1 -3.9319e-15 0)
(1 -2.5576e-15 0)
(1 -2.60199e-15 0)
(1 -3.48085e-15 0)
(1 -3.2967e-15 0)
(1 -3.48591e-15 0)
(1 -3.30672e-15 0)
(1 -3.34512e-15 0)
(1 -2.56782e-15 0)
(1 -2.01318e-15 0)
(1 -1.88086e-15 0)
(1 -2.23854e-15 0)
(1 -2.08552e-15 0)
(1 -1.3656e-15 0)
(1 -1.31574e-15 0)
(1 -1.49802e-15 0)
(1 -1.59751e-15 0)
(1 -1.41008e-15 0)
(1 -9.35366e-16 0)
(1 -8.04774e-16 0)
(1 -4.82874e-16 0)
(1 5.28382e-16 0)
(1 5.1815e-16 0)
(1 3.86782e-16 0)
(1 -4.58957e-18 0)
(1 -3.61591e-16 0)
(1 -1.43569e-15 0)
(1 -1.21925e-15 0)
(1 -1.28481e-15 0)
(1 -1.01025e-15 0)
(1 -1.32027e-15 0)
(1 -1.529e-15 0)
(1 -1.48179e-15 0)
(1 -2.0641e-15 0)
(1 -2.80879e-15 0)
(1 -1.99923e-15 0)
(1 -3.02337e-15 0)
(1 -2.71312e-15 0)
(1 -2.27611e-15 0)
(1 -2.81772e-15 0)
(1 -2.39798e-15 0)
(1 -2.65843e-15 0)
(1 -2.5187e-15 0)
(1 -2.16138e-15 0)
(1 -1.59307e-15 0)
(1 -3.0167e-15 0)
(1 -2.40316e-15 0)
(1 -2.95197e-15 0)
(1 -2.81316e-15 0)
(1 -2.64982e-15 0)
(1 -2.47946e-15 0)
(1 -2.94677e-15 0)
(1 -1.87483e-15 0)
(1 -1.87319e-15 0)
(1 -1.69149e-15 0)
(1 -1.94314e-15 0)
(1 -1.45724e-15 0)
(1 -1.71938e-15 0)
(1 -1.60475e-15 0)
(1 -1.35602e-15 0)
(1 -8.73536e-16 0)
(1 -1.32323e-15 0)
(1 -1.01402e-15 0)
(1 -4.02613e-16 0)
(1 5.79602e-17 0)
(1 -2.58561e-16 0)
(1 1.77625e-16 0)
(1 -1.39138e-16 0)
(1 -1.56399e-16 0)
(1 -8.55686e-16 0)
(1 5.22429e-16 0)
(1 -1.31527e-15 0)
(1 -1.94411e-15 0)
(1 -1.25995e-15 0)
(1 -1.65387e-15 0)
(1 -1.04075e-15 0)
(1 -1.35357e-15 0)
(1 -6.24682e-16 0)
(1 -5.49833e-16 0)
(1 6.24087e-17 0)
(1 -1.23708e-15 0)
(1 -1.50294e-15 0)
(1 -2.17212e-15 0)
(1 -2.51135e-15 0)
(1 -2.69798e-15 0)
(1 -2.31263e-15 0)
(1 -2.82831e-15 0)
(1 -1.77907e-15 0)
(1 -2.59884e-15 0)
(1 -2.47738e-15 0)
(1 -3.53373e-15 0)
(1 -2.89082e-15 0)
(1 -3.03838e-15 0)
(1 -2.92415e-15 0)
(1 -3.05023e-15 0)
(1 -3.57335e-15 0)
(1 -3.77522e-15 0)
(1 -4.44654e-15 0)
(1 -3.10848e-15 0)
(1 -2.92771e-15 0)
(1 -2.69774e-15 0)
(1 -2.75217e-15 0)
(1 -3.3146e-15 0)
(1 -4.0469e-15 0)
(1 -2.99133e-15 0)
(1 -2.93448e-15 0)
(1 -2.48969e-15 0)
(1 -2.99034e-15 0)
(1 -2.96831e-15 0)
(1 -2.71025e-15 0)
(1 -1.84165e-15 0)
(1 -2.20522e-15 0)
(1 -2.24886e-15 0)
(1 -1.92025e-15 0)
(1 -1.22447e-15 0)
(1 -1.78683e-15 0)
(1 -1.49886e-15 0)
(1 -8.29497e-16 0)
(1 -1.92057e-17 0)
(1 2.86696e-16 0)
(1 -7.69739e-17 0)
(1 -5.98565e-16 0)
(1 -7.59549e-16 0)
(1 -7.45028e-16 0)
(1 -3.75516e-16 0)
(1 -9.21327e-17 0)
(1 8.16837e-16 0)
(1 2.7088e-16 0)
(1 -4.63743e-16 0)
(1 -1.669e-15 0)
(1 -1.69983e-15 0)
(1 -1.42972e-15 0)
(1 -1.59935e-15 0)
(1 -2.11711e-15 0)
(1 -2.41418e-15 0)
(1 -2.13705e-15 0)
(1 -1.81641e-15 0)
(1 -1.85403e-15 0)
(1 -2.31462e-15 0)
(1 -2.41099e-15 0)
(1 -2.61448e-15 0)
(1 -2.93889e-15 0)
(1 -2.10976e-15 0)
(1 -2.381e-15 0)
(1 -1.64753e-15 0)
(1 -1.86444e-15 0)
(1 -1.7133e-15 0)
(1 -2.1548e-15 0)
(1 -2.10789e-15 0)
(1 -2.47244e-15 0)
(1 -1.51372e-15 0)
(1 -1.1779e-15 0)
(1 -1.28261e-15 0)
(1 -2.16986e-15 0)
(1 -1.07109e-15 0)
(1 -1.71579e-15 0)
(1 -1.03097e-15 0)
(1 -1.59593e-15 0)
(1 -9.98526e-16 0)
(1 -1.26551e-15 0)
(1 -1.44059e-15 0)
(1 -1.06011e-15 0)
(1 -9.99494e-16 0)
(1 -1.6064e-16 0)
(1 9.8036e-16 0)
(1 4.15872e-16 0)
(1 1.57407e-16 0)
(1 2.06568e-17 0)
(1 -4.08136e-16 0)
(1 -1.18567e-15 0)
(1 -2.2965e-16 0)
(1 -8.63039e-16 0)
(1 -8.84716e-16 0)
(1 -1.39702e-15 0)
(1 -1.92084e-15 0)
(1 -1.33053e-15 0)
(1 -1.32736e-15 0)
(1 -1.15809e-15 0)
(1 -1.51804e-15 0)
(1 5.82921e-16 0)
(1 -1.10369e-15 0)
(1 -7.89895e-16 0)
(1 -5.47061e-16 0)
(1 -8.02675e-16 0)
(1 -1.71792e-15 0)
(1 -2.37392e-15 0)
(1 -2.89368e-15 0)
(1 -2.85434e-15 0)
(1 -2.64117e-15 0)
(1 -2.69747e-15 0)
(1 -2.70279e-15 0)
(1 -2.06416e-15 0)
(1 -2.77443e-15 0)
(1 -3.42342e-15 0)
(1 -4.28341e-15 0)
(1 -3.70922e-15 0)
(1 -2.406e-15 0)
(1 -3.18475e-15 0)
(1 -1.91032e-15 0)
(1 -2.33265e-15 0)
(1 -1.96542e-15 0)
(1 -2.76584e-15 0)
(1 -3.80565e-15 0)
(1 -3.40807e-15 0)
(1 -3.29626e-15 0)
(1 -3.17449e-15 0)
(1 -3.14388e-15 0)
(1 -1.84266e-15 0)
(1 -2.15048e-15 0)
(1 -1.65584e-15 0)
(1 -1.77224e-15 0)
(1 -1.37298e-15 0)
(1 -1.32605e-15 0)
(1 -2.14421e-15 0)
(1 -1.58259e-15 0)
(1 -1.60537e-15 0)
(1 -5.65571e-16 0)
(1 -2.5273e-16 0)
(1 3.29688e-16 0)
(1 4.08548e-16 0)
(1 -4.36111e-16 0)
(1 -8.69579e-16 0)
(1 -1.23833e-15 0)
(1 -5.62925e-16 0)
(1 2.69031e-16 0)
(1 5.73696e-17 0)
(1 5.87039e-16 0)
(1 -3.796e-16 0)
(1 -7.77743e-16 0)
(1 -1.30111e-15 0)
(1 -1.03449e-15 0)
(1 -1.65391e-15 0)
(1 -1.35353e-15 0)
(1 -1.46888e-15 0)
(1 -1.06161e-15 0)
(1 -1.70214e-15 0)
(1 -1.34166e-15 0)
(1 -2.63265e-15 0)
(1 -3.03614e-15 0)
(1 -2.57136e-15 0)
(1 -2.00472e-15 0)
(1 -1.09079e-15 0)
(1 -1.53699e-15 0)
(1 -1.67207e-15 0)
(1 -2.47947e-15 0)
(1 -1.82956e-15 0)
(1 -2.12973e-15 0)
(1 -1.38351e-15 0)
(1 -1.70081e-15 0)
(1 -1.98461e-15 0)
(1 -1.68605e-15 0)
(1 -9.98491e-16 0)
(1 -1.00067e-15 0)
(1 -1.44318e-15 0)
(1 -1.33121e-15 0)
(1 -1.09633e-15 0)
(1 -1.00026e-15 0)
(1 -7.89748e-16 0)
(1 -1.02426e-15 0)
(1 -1.23798e-15 0)
(1 -1.32e-15 0)
(1 -1.12001e-15 0)
(1 -8.98398e-16 0)
(1 5.21456e-16 0)
(1 5.99423e-16 0)
(1 9.40166e-16 0)
(1 8.62549e-16 0)
(1 -1.74124e-16 0)
(1 -6.2635e-16 0)
(1 -6.76604e-16 0)
(1 -1.27808e-15 0)
(1 -1.12972e-15 0)
(1 -1.52735e-15 0)
(1 -2.93553e-15 0)
(1 -1.8163e-15 0)
(1 -1.01403e-15 0)
(1 -3.03476e-16 0)
(1 -1.05474e-15 0)
(1 -1.38621e-15 0)
(1 -1.04173e-15 0)
(1 -8.72206e-16 0)
(1 -3.19336e-17 0)
(1 -2.78283e-16 0)
(1 -4.71668e-17 0)
(1 -1.32669e-15 0)
(1 -1.54222e-15 0)
(1 -1.94572e-15 0)
(1 -2.94601e-15 0)
(1 -2.72337e-15 0)
(1 -2.76329e-15 0)
(1 -3.10622e-15 0)
(1 -3.06982e-15 0)
(1 -3.21493e-15 0)
(1 -1.86044e-15 0)
(1 -1.89497e-15 0)
(1 -1.87691e-15 0)
(1 -6.85822e-16 0)
(1 -1.70519e-15 0)
(1 -1.74e-15 0)
(1 -2.35567e-15 0)
(1 -1.99375e-15 0)
(1 -2.61334e-15 0)
(1 -2.47153e-15 0)
(1 -2.05567e-15 0)
(1 -2.21866e-15 0)
(1 -2.0169e-15 0)
(1 -2.37571e-15 0)
(1 -1.91869e-15 0)
(1 -2.13378e-15 0)
(1 -1.58917e-15 0)
(1 -1.42711e-15 0)
(1 -1.65812e-15 0)
(1 -1.32552e-15 0)
(1 -1.06634e-15 0)
(1 -1.07182e-15 0)
(1 -7.16199e-16 0)
(1 -5.73382e-16 0)
(1 -5.60146e-16 0)
(1 -3.13903e-16 0)
(1 -2.85418e-16 0)
(1 -1.25697e-16 0)
(1 -1.62591e-16 0)
(1 3.51945e-16 0)
(1 5.1898e-16 0)
(1 4.00447e-16 0)
(1 -2.65602e-16 0)
(1 -8.72195e-16 0)
(1 -1.15285e-15 0)
(1 -1.05295e-15 0)
(1 -2.01069e-16 0)
(1 5.3622e-16 0)
(1 3.18928e-16 0)
(1 5.57357e-16 0)
(1 1.2422e-16 0)
(1 -8.97543e-16 0)
(1 -2.29781e-15 0)
(1 -2.18326e-15 0)
(1 -2.29587e-15 0)
(1 -2.18488e-15 0)
(1 -1.42345e-15 0)
(1 -1.53644e-15 0)
(1 -1.46413e-15 0)
(1 -1.87473e-15 0)
(1 -9.21561e-16 0)
(1 -7.34287e-16 0)
(1 -1.06283e-15 0)
(1 -2.41078e-15 0)
(1 -1.63094e-15 0)
(1 -1.0656e-15 0)
(1 -3.66643e-16 0)
(1 -9.58698e-16 0)
(1 -1.00984e-15 0)
(1 -1.07029e-15 0)
(1 -4.71651e-16 0)
(1 -1.88358e-15 0)
(1 -1.24829e-15 0)
(1 -1.73698e-15 0)
(1 -4.79157e-16 0)
(1 -1.14688e-15 0)
(1 -1.64637e-16 0)
(1 -3.81577e-17 0)
(1 1.19505e-16 0)
(1 8.42244e-16 0)
(1 9.45737e-16 0)
(1 1.93724e-17 0)
(1 1.04963e-16 0)
(1 4.89269e-17 0)
(1 3.0898e-16 0)
(1 -1.50474e-15 0)
(1 -8.20938e-16 0)
(1 -1.22129e-15 0)
(1 2.39693e-17 0)
(1 -1.15912e-15 0)
(1 -2.44548e-16 0)
(1 -1.33673e-15 0)
(1 -1.24055e-15 0)
(1 -1.05744e-15 0)
(1 -6.75318e-16 0)
(1 -9.57222e-16 0)
(1 -8.43095e-16 0)
(1 2.25596e-16 0)
(1 5.00346e-16 0)
(1 -6.02228e-16 0)
(1 -5.84051e-16 0)
(1 -1.19235e-15 0)
(1 -1.54324e-15 0)
(1 -1.40993e-15 0)
(1 -2.34388e-15 0)
(1 -2.81464e-15 0)
(1 -2.58991e-15 0)
(1 -2.34963e-15 0)
(1 -2.6224e-15 0)
(1 -1.61337e-15 0)
(1 -1.60445e-15 0)
(1 -2.1772e-15 0)
(1 -2.09929e-15 0)
(1 -1.61619e-15 0)
(1 -1.45542e-15 0)
(1 -6.59321e-16 0)
(1 -1.23218e-15 0)
(1 -1.53891e-15 0)
(1 -2.78659e-15 0)
(1 -1.67388e-15 0)
(1 -1.80372e-15 0)
(1 -2.09183e-15 0)
(1 -1.84942e-15 0)
(1 -1.28116e-15 0)
(1 -1.64603e-15 0)
(1 -1.72311e-15 0)
(1 -2.12788e-15 0)
(1 -1.94046e-15 0)
(1 -2.19033e-15 0)
(1 -1.80611e-15 0)
(1 -1.26347e-15 0)
(1 -7.0379e-16 0)
(1 -2.7056e-16 0)
(1 -1.39224e-16 0)
(1 -9.97705e-17 0)
(1 -3.18841e-16 0)
(1 2.43838e-16 0)
(1 5.46415e-16 0)
(1 7.69663e-17 0)
(1 -2.18861e-16 0)
(1 -1.44747e-16 0)
(1 -6.21443e-16 0)
(1 3.89205e-17 0)
(1 -3.71425e-16 0)
(1 1.25327e-16 0)
(1 9.87317e-17 0)
(1 -2.65713e-16 0)
(1 -2.20077e-16 0)
(1 6.96032e-17 0)
(1 -2.07752e-16 0)
(1 -2.2743e-16 0)
(1 -4.68481e-16 0)
(1 -1.41419e-16 0)
(1 -9.094e-16 0)
(1 -2.98743e-16 0)
(1 -4.73815e-16 0)
(1 -4.94798e-16 0)
(1 -1.14199e-15 0)
(1 -1.61898e-15 0)
(1 -1.53971e-15 0)
(1 -1.00134e-15 0)
(1 -7.70858e-16 0)
(1 -4.53558e-16 0)
(1 -9.64056e-16 0)
(1 -5.87842e-16 0)
(1 -5.90172e-16 0)
(1 -5.82625e-16 0)
(1 -1.27903e-15 0)
(1 -1.45503e-15 0)
(1 -1.36909e-15 0)
(1 -9.45527e-16 0)
(1 -8.57965e-16 0)
(1 -1.00759e-15 0)
(1 -8.25389e-16 0)
(1 -7.52496e-16 0)
(1 -3.8044e-16 0)
(1 -6.81294e-17 0)
(1 4.07276e-16 0)
(1 4.80973e-16 0)
(1 7.37578e-16 0)
(1 5.99813e-16 0)
(1 -1.4086e-16 0)
(1 -1.89059e-16 0)
(1 -4.12346e-16 0)
(1 1.5183e-16 0)
(1 -7.61013e-16 0)
(1 -6.88624e-16 0)
(1 -5.85694e-16 0)
(1 -4.84287e-16 0)
(1 -6.98193e-16 0)
(1 6.33746e-16 0)
(1 -4.12226e-16 0)
(1 -2.44047e-16 0)
(1 -1.32694e-15 0)
(1 -3.2164e-16 0)
(1 -2.08204e-16 0)
(1 4.01142e-16 0)
(1 5.39184e-16 0)
(1 -5.09233e-16 0)
(1 -7.46106e-16 0)
(1 -7.2123e-16 0)
(1 -8.2427e-16 0)
(1 -8.48821e-16 0)
(1 -1.76932e-15 0)
(1 -1.66145e-15 0)
(1 -1.74179e-15 0)
(1 -1.31182e-15 0)
(1 -1.03893e-15 0)
(1 -1.69522e-15 0)
(1 -1.16024e-15 0)
(1 -1.743e-15 0)
(1 -1.34069e-15 0)
(1 -1.33304e-15 0)
(1 -1.60158e-15 0)
(1 -7.09317e-16 0)
(1 -1.01081e-15 0)
(1 -1.15869e-15 0)
(1 -1.37848e-15 0)
(1 -1.51775e-15 0)
(1 -1.62573e-15 0)
(1 -1.30007e-15 0)
(1 -1.45102e-15 0)
(1 -1.81881e-15 0)
(1 -8.33988e-16 0)
(1 -1.25426e-15 0)
(1 -9.42132e-16 0)
(1 -1.02831e-15 0)
(1 -1.62338e-15 0)
(1 -1.06991e-15 0)
(1 -6.84447e-16 0)
(1 -5.18725e-16 0)
(1 -2.18803e-16 0)
(1 -1.02392e-16 0)
(1 3.93016e-16 0)
(1 4.04971e-16 0)
(1 -4.28142e-16 0)
(1 -9.57111e-17 0)
(1 4.25494e-17 0)
(1 -3.88159e-16 0)
(1 -8.14273e-16 0)
(1 -9.45605e-16 0)
(1 -9.71819e-16 0)
(1 -2.76202e-16 0)
(1 1.5923e-17 0)
(1 6.39235e-16 0)
(1 9.86294e-16 0)
(1 -6.17678e-17 0)
(1 -5.26703e-16 0)
(1 -8.62227e-16 0)
(1 -7.66879e-16 0)
(1 -4.94184e-16 0)
(1 -4.77095e-16 0)
(1 -5.12282e-16 0)
(1 -1.02729e-15 0)
(1 -5.07127e-16 0)
(1 -2.11027e-16 0)
(1 -4.70638e-16 0)
(1 -5.93994e-16 0)
(1 -8.55541e-16 0)
(1 -6.98948e-16 0)
(1 -9.24182e-16 0)
(1 -1.02996e-15 0)
(1 -1.08349e-15 0)
(1 -6.99838e-16 0)
(1 -7.80482e-16 0)
(1 -6.3816e-16 0)
(1 -7.60914e-16 0)
(1 -7.2709e-16 0)
(1 -8.87466e-16 0)
(1 -6.38071e-16 0)
(1 -8.09016e-16 0)
(1 1.82759e-17 0)
(1 -3.59976e-16 0)
(1 -1.89783e-16 0)
(1 -4.10146e-16 0)
(1 -3.78991e-16 0)
(1 -2.7824e-16 0)
(1 9.66644e-17 0)
(1 3.93231e-16 0)
(1 4.52251e-17 0)
(1 -2.07221e-16 0)
(1 6.0164e-16 0)
(1 1.34506e-16 0)
(1 3.04009e-16 0)
(1 -4.79261e-16 0)
(1 6.44728e-16 0)
(1 -4.43025e-16 0)
(1 -3.53e-17 0)
(1 -1.31838e-15 0)
(1 -6.23543e-16 0)
(1 -8.05901e-16 0)
(1 4.0245e-16 0)
(1 -3.44924e-16 0)
(1 -4.40357e-16 0)
(1 4.96693e-17 0)
(1 2.81827e-16 0)
(1 4.47384e-16 0)
(1 -1.7711e-16 0)
(1 -3.40338e-16 0)
(1 1.60507e-16 0)
(1 -1.67169e-16 0)
(1 -2.43554e-16 0)
(1 3.33346e-16 0)
(1 -1.09035e-15 0)
(1 -7.14797e-16 0)
(1 -3.80714e-16 0)
(1 -3.04137e-16 0)
(1 -8.48473e-16 0)
(1 -6.45223e-16 0)
(1 -1.07856e-15 0)
(1 -2.1795e-15 0)
(1 -9.14351e-16 0)
(1 -7.06287e-16 0)
(1 -5.83281e-16 0)
(1 -2.14742e-16 0)
(1 -8.29945e-16 0)
(1 -8.87051e-16 0)
(1 -6.75597e-16 0)
(1 -4.00947e-18 0)
(1 -8.03072e-16 0)
(1 -5.36731e-16 0)
(1 -7.39914e-16 0)
(1 -8.78098e-16 0)
(1 -7.44796e-16 0)
(1 -1.01684e-15 0)
(1 -1.03121e-15 0)
(1 -5.23991e-16 0)
(1 -4.76548e-16 0)
(1 -7.75737e-16 0)
(1 -3.29428e-16 0)
(1 1.60711e-16 0)
(1 -6.42443e-16 0)
(1 3.10601e-17 0)
(1 -1.48443e-16 0)
(1 -3.59601e-17 0)
(1 -3.14912e-16 0)
(1 -5.08201e-16 0)
(1 -3.56548e-16 0)
(1 -1.14298e-16 0)
(1 -2.25608e-16 0)
(1 -7.08033e-16 0)
(1 1.06354e-16 0)
(1 -2.17758e-16 0)
(1 2.77084e-16 0)
(1 -1.27372e-17 0)
(1 2.20912e-16 0)
(1 6.5072e-17 0)
(1 -6.37499e-16 0)
(1 -7.53853e-16 0)
(1 -2.79452e-16 0)
(1 -3.53021e-16 0)
(1 -3.39104e-16 0)
(1 -8.97651e-16 0)
(1 -1.08013e-15 0)
(1 -9.76034e-16 0)
(1 -6.99045e-16 0)
(1 -2.73077e-16 0)
(1 -4.30861e-16 0)
(1 -3.59663e-16 0)
(1 -1.43736e-16 0)
(1 -2.40628e-16 0)
(1 -5.12618e-16 0)
(1 -7.83737e-16 0)
(1 -8.07279e-16 0)
(1 -7.25236e-16 0)
(1 -4.3685e-16 0)
(1 1.37386e-16 0)
(1 -1.83983e-17 0)
(1 -6.25583e-17 0)
(1 -5.71174e-16 0)
(1 -2.35956e-16 0)
(1 -8.0085e-16 0)
(1 -8.60071e-16 0)
(1 -1.22464e-15 0)
(1 -6.51272e-16 0)
(1 -6.44518e-16 0)
(1 3.78179e-17 0)
(1 3.24786e-16 0)
(1 1.37403e-15 0)
(1 3.90561e-16 0)
(1 -4.25641e-16 0)
(1 8.1165e-16 0)
(1 -1.14033e-16 0)
(1 5.94467e-17 0)
(1 -2.77305e-16 0)
(1 3.03635e-16 0)
(1 2.69435e-17 0)
(1 -3.29427e-16 0)
(1 -5.76066e-16 0)
(1 -7.03101e-16 0)
(1 -3.65678e-16 0)
(1 -1.21504e-16 0)
(1 -9.3205e-16 0)
(1 -2.58707e-16 0)
(1 3.81877e-16 0)
(1 5.33878e-16 0)
(1 7.3465e-16 0)
(1 6.7923e-16 0)
(1 5.11076e-16 0)
(1 5.61307e-16 0)
(1 -3.1028e-17 0)
(1 -3.74347e-16 0)
(1 -2.34443e-16 0)
(1 -6.74364e-16 0)
(1 -8.455e-16 0)
(1 -4.74383e-16 0)
(1 -2.61078e-16 0)
(1 -5.19484e-16 0)
(1 2.47073e-16 0)
(1 -1.64017e-16 0)
(1 -1.16749e-15 0)
(1 -9.47333e-16 0)
(1 -6.39908e-16 0)
(1 -3.4047e-16 0)
(1 5.33474e-17 0)
(1 1.63439e-16 0)
(1 4.5225e-16 0)
(1 3.72508e-16 0)
(1 2.26116e-16 0)
(1 -3.58372e-16 0)
(1 -9.20249e-16 0)
(1 -9.20467e-16 0)
(1 -7.38266e-16 0)
(1 -2.72427e-16 0)
(1 -4.64154e-16 0)
(1 -3.9033e-16 0)
(1 -5.36928e-16 0)
(1 -5.1982e-17 0)
(1 -5.01042e-16 0)
(1 -5.385e-16 0)
(1 -2.78553e-16 0)
(1 -8.61113e-16 0)
(1 -1.01128e-16 0)
(1 -2.38522e-16 0)
(1 -2.30399e-16 0)
(1 2.89171e-16 0)
(1 3.51479e-16 0)
(1 7.56576e-17 0)
(1 3.66781e-16 0)
(1 -1.45235e-16 0)
(1 -3.00877e-16 0)
(1 3.13537e-16 0)
(1 2.58767e-16 0)
(1 5.31213e-16 0)
(1 3.13928e-16 0)
(1 -1.21524e-16 0)
(1 7.03709e-17 0)
(1 -7.80732e-16 0)
(1 -5.66634e-16 0)
(1 -2.82582e-16 0)
(1 -2.76553e-16 0)
(1 8.58922e-17 0)
(1 6.58865e-16 0)
(1 2.11706e-16 0)
(1 2.55421e-16 0)
(1 6.5179e-17 0)
(1 2.26766e-16 0)
(1 1.66709e-16 0)
(1 3.40541e-16 0)
(1 2.97567e-16 0)
(1 2.37028e-16 0)
(1 -2.85397e-16 0)
(1 -1.41999e-16 0)
(1 -4.59264e-17 0)
(1 9.50276e-17 0)
(1 -2.43776e-16 0)
(1 -1.71803e-16 0)
(1 -6.68411e-16 0)
(1 -6.33444e-16 0)
(1 -7.51218e-16 0)
(1 -1.28132e-17 0)
(1 -3.77256e-16 0)
(1 -4.41052e-16 0)
(1 -5.785e-16 0)
(1 -5.53155e-16 0)
(1 -1.36103e-16 0)
(1 2.08225e-16 0)
(1 6.71801e-16 0)
(1 1.03824e-15 0)
(1 1.24757e-16 0)
)
;

boundaryField
{
    inlet
    {
        type            calculated;
        value           uniform (1 0 0);
    }
    outlet
    {
        type            calculated;
        value           nonuniform List<vector> 
40
(
(1 -1.36313e-16 0)
(1 -8.14088e-16 0)
(1 -6.05808e-16 0)
(1 -2.17245e-16 0)
(1 3.04567e-16 0)
(1 1.2856e-15 0)
(1 1.32626e-15 0)
(1 2.26141e-15 0)
(1 3.82417e-15 0)
(1 4.31229e-15 0)
(1 3.00749e-15 0)
(1 1.65113e-15 0)
(1 1.11353e-15 0)
(1 1.02983e-15 0)
(1 1.74095e-15 0)
(1 1.55398e-15 0)
(1 1.31788e-15 0)
(1 1.64585e-15 0)
(1 1.16513e-15 0)
(1 2.07207e-17 -9.1135e-50)
(1 5.65535e-16 9.87655e-50)
(1 2.29505e-16 0)
(1 -1.10487e-15 0)
(1 1.39141e-17 0)
(1 -3.98437e-16 0)
(1 -9.95324e-16 0)
(1 6.40789e-16 0)
(1 9.10012e-16 0)
(1 -7.54015e-16 0)
(1 -1.90845e-15 0)
(1 -3.06444e-15 0)
(1 -2.76924e-15 0)
(1 -8.81246e-16 0)
(1 -8.84714e-16 0)
(1 -8.12763e-16 0)
(1 8.95686e-16 0)
(1 7.74508e-16 0)
(1 7.9994e-17 0)
(1 4.16248e-16 0)
(1 1.34711e-16 0)
)
;
    }
    down
    {
        type            empty;
    }
    up
    {
        type            empty;
    }
    sides
    {
        type            calculated;
        value           nonuniform List<vector> 
200
(
(1 0 0)
(1 0 0)
(1 0 0)
(1 0 0)
(1 0 0)
(1 0 0)
(1 0 0)
(1 0 0)
(1 0 0)
(1 0 0)
(1 0 0)
(1 0 0)
(1 0 0)
(1 0 0)
(1 0 0)
(1 0 0)
(1 0 0)
(1 0 0)
(1 0 0)
(1 0 0)
(1 0 0)
(1 0 0)
(1 0 0)
(1 0 0)
(1 0 0)
(1 0 0)
(1 0 0)
(1 0 0)
(1 0 0)
(1 0 0)
(1 0 0)
(1 0 0)
(1 0 0)
(1 0 0)
(1 0 0)
(1 0 0)
(1 0 0)
(1 0 0)
(1 0 0)
(1 0 0)
(1 0 0)
(1 0 0)
(1 0 0)
(1 0 0)
(1 0 0)
(1 0 0)
(1 0 0)
(1 0 0)
(1 0 0)
(1 0 0)
(1 0 0)
(1 0 0)
(1 0 0)
(1 0 0)
(1 0 0)
(1 0 0)
(1 0 0)
(1 0 0)
(1 0 0)
(1 0 0)
(1 0 0)
(1 0 0)
(1 0 0)
(1 0 0)
(1 0 0)
(1 0 0)
(1 0 0)
(1 0 0)
(1 0 0)
(1 0 0)
(1 0 0)
(1 0 0)
(1 0 0)
(1 0 0)
(1 0 0)
(1 0 0)
(1 0 0)
(1 0 0)
(1 0 0)
(1 0 0)
(1 0 0)
(1 0 0)
(1 0 0)
(1 0 0)
(1 0 0)
(1 0 0)
(1 0 0)
(1 0 0)
(1 0 0)
(1 0 0)
(1 0 0)
(1 0 0)
(1 0 0)
(1 0 0)
(1 0 0)
(1 0 0)
(1 0 0)
(1 0 0)
(1 0 0)
(1 0 0)
(1 0 0)
(1 0 0)
(1 0 0)
(1 0 0)
(1 0 0)
(1 0 0)
(1 0 0)
(1 0 0)
(1 0 0)
(1 0 0)
(1 0 0)
(1 0 0)
(1 0 0)
(1 0 0)
(1 0 0)
(1 0 0)
(1 0 0)
(1 0 0)
(1 0 0)
(1 0 0)
(1 0 0)
(1 0 0)
(1 0 0)
(1 0 0)
(1 0 0)
(1 0 0)
(1 0 0)
(1 0 0)
(1 0 0)
(1 0 0)
(1 0 0)
(1 0 0)
(1 0 0)
(1 0 0)
(1 0 0)
(1 0 0)
(1 0 0)
(1 0 0)
(1 0 0)
(1 0 0)
(1 0 0)
(1 0 0)
(1 0 0)
(1 0 0)
(1 0 0)
(1 0 0)
(1 0 0)
(1 0 0)
(1 0 0)
(1 0 0)
(1 0 0)
(1 0 0)
(1 0 0)
(1 0 0)
(1 0 0)
(1 0 0)
(1 0 0)
(1 0 0)
(1 0 0)
(1 0 0)
(1 0 0)
(1 0 0)
(1 0 0)
(1 0 0)
(1 0 0)
(1 0 0)
(1 0 0)
(1 0 0)
(1 0 0)
(1 0 0)
(1 0 0)
(1 0 0)
(1 0 0)
(1 0 0)
(1 0 0)
(1 0 0)
(1 0 0)
(1 0 0)
(1 0 0)
(1 0 0)
(1 0 0)
(1 0 0)
(1 0 0)
(1 0 0)
(1 0 0)
(1 0 0)
(1 0 0)
(1 0 0)
(1 0 0)
(1 0 0)
(1 0 0)
(1 0 0)
(1 0 0)
(1 0 0)
(1 0 0)
(1 0 0)
(1 0 0)
(1 0 0)
(1 0 0)
(1 0 0)
)
;
    }
}

