/*--------------------------------*- C++ -*----------------------------------*\
| =========                 |                                                 |
| \\      /  F ield         | OpenFOAM: The Open Source CFD Toolbox           |
|  \\    /   O peration     | Version:  v2012                                 |
|   \\  /    A nd           | Website:  www.openfoam.com                      |
|    \\/     M anipulation  |                                                 |
\*---------------------------------------------------------------------------*/
FoamFile
{
    version     2.0;
    format      ascii;
    class       volVectorField;
    location    "0";
    object      U;
}
// * * * * * * * * * * * * * * * * * * * * * * * * * * * * * * * * * * * * * //

dimensions      [0 1 -1 0 0 0 0];


internalField   nonuniform List<vector> 
4000
(
(1 -3.47541e-15 0)
(1 8.35151e-15 0)
(1 -6.35119e-15 0)
(1 6.18085e-15 0)
(1 -5.04642e-16 0)
(1 -3.73299e-15 0)
(1 4.62716e-15 0)
(1 -1.62352e-15 0)
(1 -2.21549e-15 0)
(1 -5.99827e-16 0)
(1 1.38777e-15 0)
(1 3.18654e-15 0)
(1 4.4846e-15 0)
(1 -2.88902e-16 0)
(1 6.46143e-15 0)
(1 -4.41534e-15 0)
(1 -4.78798e-15 0)
(1 -4.64775e-15 0)
(1 -7.17772e-16 0)
(1 -2.61209e-15 0)
(1 -1.48591e-15 0)
(1 -8.45902e-15 0)
(1 -1.11264e-15 0)
(1 -5.20928e-15 0)
(1 6.61459e-15 0)
(1 -3.29059e-15 0)
(1 6.90692e-15 0)
(1 2.09324e-15 0)
(1 3.44489e-15 0)
(1 6.43576e-15 0)
(1 4.45034e-15 0)
(1 -2.35992e-15 0)
(1 -3.8199e-15 0)
(1 -3.08577e-15 0)
(1 -4.55636e-16 0)
(1 1.6525e-15 0)
(1 8.6425e-15 0)
(1 4.94746e-15 0)
(1 1.50392e-15 0)
(1 -1.56354e-15 0)
(1 -3.61853e-15 0)
(1 -6.11529e-15 0)
(1 -3.54625e-15 0)
(1 2.82752e-15 0)
(1 3.67563e-15 0)
(1 -1.18577e-15 0)
(1 3.20553e-15 0)
(1 -1.52233e-15 0)
(1 -4.82244e-15 0)
(1 1.72476e-15 0)
(1 -2.36833e-15 0)
(1 5.98749e-15 0)
(1 3.26889e-16 0)
(1 2.62059e-15 0)
(1 -9.3971e-18 0)
(1 -7.20136e-15 0)
(1 -7.70157e-16 0)
(1 9.88959e-16 0)
(1 5.84289e-15 0)
(1 4.67465e-15 0)
(1 2.7054e-15 0)
(1 -9.04774e-16 0)
(1 2.85386e-15 0)
(1 -5.65984e-16 0)
(1 -9.29556e-16 0)
(1 -3.70601e-16 0)
(1 8.01655e-17 0)
(1 1.98665e-15 0)
(1 -3.45912e-15 0)
(1 6.0351e-16 0)
(1 -5.01995e-15 0)
(1 -1.50747e-15 0)
(1 -1.51378e-16 0)
(1 -5.91026e-16 0)
(1 -5.94593e-15 0)
(1 -3.38223e-15 0)
(1 -2.54083e-15 0)
(1 7.46765e-16 0)
(1 4.67325e-16 0)
(1 1.17382e-15 0)
(1 4.83202e-15 0)
(1 3.70261e-16 0)
(1 1.3765e-15 0)
(1 1.59828e-15 0)
(1 -4.04644e-15 0)
(1 -7.08463e-16 0)
(1 -3.08698e-15 0)
(1 -2.59237e-15 0)
(1 7.19906e-15 0)
(1 2.81892e-15 0)
(1 -3.47337e-16 0)
(1 1.49392e-15 0)
(1 -5.65822e-15 0)
(1 8.60224e-16 0)
(1 -1.59235e-15 0)
(1 -5.83365e-15 0)
(1 -2.06698e-15 0)
(1 -4.72008e-16 0)
(1 4.72734e-16 0)
(1 3.43888e-17 0)
(1 -1.29895e-17 0)
(1 4.43532e-15 0)
(1 -5.51444e-15 0)
(1 6.32896e-15 0)
(1 1.25091e-15 0)
(1 -7.42202e-15 0)
(1 6.42599e-15 0)
(1 -3.57238e-15 0)
(1 -1.24033e-15 0)
(1 -1.61482e-15 0)
(1 -5.62825e-16 0)
(1 2.70663e-15 0)
(1 1.00832e-14 0)
(1 8.3902e-15 0)
(1 7.30614e-15 0)
(1 -7.5567e-15 0)
(1 -8.17604e-15 0)
(1 -6.60558e-15 0)
(1 -2.3827e-15 0)
(1 -4.55809e-15 0)
(1 -1.77017e-15 0)
(1 -9.80219e-15 0)
(1 -1.64613e-15 0)
(1 -1.10347e-14 0)
(1 8.07782e-15 0)
(1 -4.58967e-15 0)
(1 8.51151e-15 0)
(1 2.47087e-15 0)
(1 5.18543e-15 0)
(1 6.47291e-15 0)
(1 7.10748e-15 0)
(1 8.02088e-16 0)
(1 -6.98915e-15 0)
(1 -1.99919e-15 0)
(1 -8.65914e-16 0)
(1 2.88584e-15 0)
(1 8.25356e-15 0)
(1 7.21185e-15 0)
(1 3.3561e-16 0)
(1 -4.56659e-15 0)
(1 -8.24876e-15 0)
(1 -9.79587e-15 0)
(1 -5.48276e-15 0)
(1 1.51973e-15 0)
(1 5.3989e-15 0)
(1 -3.70592e-15 0)
(1 2.50106e-15 0)
(1 5.72513e-16 0)
(1 3.7346e-15 0)
(1 -2.60343e-15 0)
(1 -7.50787e-15 0)
(1 -1.32e-16 0)
(1 9.75448e-16 0)
(1 3.00628e-15 0)
(1 8.74173e-16 0)
(1 -3.93461e-16 0)
(1 2.31129e-15 0)
(1 5.34121e-15 0)
(1 7.39095e-16 0)
(1 3.90728e-15 0)
(1 -6.04078e-15 0)
(1 -2.44264e-15 0)
(1 2.77193e-15 0)
(1 1.01084e-15 0)
(1 3.41304e-15 0)
(1 1.60989e-15 0)
(1 -3.39681e-15 0)
(1 -1.42832e-15 0)
(1 -5.85867e-15 0)
(1 -1.79824e-15 0)
(1 -2.35717e-15 0)
(1 -5.14491e-16 0)
(1 5.25829e-15 0)
(1 1.20988e-15 0)
(1 1.70395e-15 0)
(1 -3.54264e-15 0)
(1 7.1838e-16 0)
(1 3.76593e-15 0)
(1 1.77837e-15 0)
(1 1.50035e-15 0)
(1 4.65526e-15 0)
(1 -1.59934e-15 0)
(1 1.86096e-15 0)
(1 2.86169e-15 0)
(1 1.75873e-15 0)
(1 1.13369e-15 0)
(1 -2.55438e-15 0)
(1 -4.08152e-15 0)
(1 2.57956e-16 0)
(1 1.18413e-15 0)
(1 1.35352e-15 0)
(1 2.23408e-15 0)
(1 -5.8739e-15 0)
(1 1.24432e-15 0)
(1 -3.25484e-15 0)
(1 -3.29936e-15 0)
(1 -3.20082e-15 0)
(1 2.68179e-15 0)
(1 -3.53515e-15 0)
(1 -4.48182e-15 0)
(1 2.43878e-15 0)
(1 -7.1307e-15 0)
(1 -6.84598e-16 0)
(1 -6.2376e-15 0)
(1 4.74332e-15 0)
(1 3.9383e-16 0)
(1 6.92276e-15 0)
(1 5.49331e-15 0)
(1 -7.99293e-16 0)
(1 -1.76516e-15 0)
(1 5.98634e-17 0)
(1 4.63022e-15 0)
(1 5.4679e-15 0)
(1 1.32911e-14 0)
(1 -9.00084e-16 0)
(1 -2.75895e-15 0)
(1 -4.42613e-15 0)
(1 -1.63624e-16 0)
(1 -1.77945e-16 0)
(1 -5.58448e-16 0)
(1 -2.44851e-16 0)
(1 -1.33836e-17 0)
(1 -9.06715e-15 0)
(1 -9.73574e-15 0)
(1 -3.63508e-15 0)
(1 4.82012e-15 0)
(1 1.05163e-14 0)
(1 9.16727e-15 0)
(1 1.26296e-14 0)
(1 1.05982e-14 0)
(1 1.11485e-14 0)
(1 2.60917e-15 0)
(1 -2.48895e-16 0)
(1 -4.33868e-15 0)
(1 -5.13861e-15 0)
(1 -3.70587e-15 0)
(1 -3.93957e-15 0)
(1 5.26937e-15 0)
(1 -1.96199e-16 0)
(1 -5.89557e-15 0)
(1 -4.73162e-15 0)
(1 -5.30578e-15 0)
(1 -8.74037e-15 0)
(1 -5.09617e-15 0)
(1 -7.35706e-16 0)
(1 -5.13185e-16 0)
(1 9.32745e-16 0)
(1 6.31652e-15 0)
(1 -1.79544e-16 0)
(1 -2.56705e-15 0)
(1 -2.16601e-16 0)
(1 4.56789e-17 0)
(1 3.7143e-15 0)
(1 -2.66652e-15 0)
(1 2.02647e-15 0)
(1 8.11697e-15 0)
(1 3.21721e-15 0)
(1 3.00123e-15 0)
(1 -2.39102e-15 0)
(1 -3.50835e-15 0)
(1 -6.44527e-15 0)
(1 1.53587e-15 0)
(1 4.42907e-15 0)
(1 -1.4093e-15 0)
(1 4.48879e-15 0)
(1 2.84986e-15 0)
(1 -1.35085e-15 0)
(1 -3.87109e-15 0)
(1 -1.52069e-15 0)
(1 -2.34051e-15 0)
(1 -9.09873e-16 0)
(1 2.50094e-16 0)
(1 -1.09804e-15 0)
(1 -3.4084e-16 0)
(1 5.41469e-16 0)
(1 2.89232e-16 0)
(1 -8.16401e-16 0)
(1 1.31064e-15 0)
(1 -2.27865e-15 0)
(1 2.73423e-15 0)
(1 3.48784e-16 0)
(1 -3.75911e-15 0)
(1 -5.87002e-17 0)
(1 -2.12959e-15 0)
(1 5.43949e-15 0)
(1 -3.41693e-16 0)
(1 4.78405e-16 0)
(1 -2.35151e-15 0)
(1 -5.8309e-15 0)
(1 -2.32273e-15 0)
(1 -7.49088e-16 0)
(1 2.42907e-15 0)
(1 -1.46521e-15 0)
(1 -2.22796e-16 0)
(1 -1.60423e-15 0)
(1 -2.42254e-15 0)
(1 -4.10814e-15 0)
(1 -2.53448e-15 0)
(1 -3.85749e-15 0)
(1 -2.60429e-15 0)
(1 3.49251e-15 0)
(1 -7.23071e-15 0)
(1 -3.1836e-15 0)
(1 -1.14597e-14 0)
(1 6.41629e-15 0)
(1 -8.75531e-16 0)
(1 6.10456e-15 0)
(1 5.40336e-15 0)
(1 -2.70752e-15 0)
(1 1.67508e-15 0)
(1 5.77813e-15 0)
(1 1.2909e-14 0)
(1 6.5475e-15 0)
(1 4.77935e-15 0)
(1 3.54315e-15 0)
(1 -2.36807e-15 0)
(1 -1.20829e-15 0)
(1 -5.50004e-15 0)
(1 -1.38199e-14 0)
(1 -3.8925e-16 0)
(1 2.14235e-15 0)
(1 4.40256e-15 0)
(1 -1.38793e-15 0)
(1 8.23529e-16 0)
(1 2.63274e-15 0)
(1 3.85821e-15 0)
(1 6.3264e-15 0)
(1 1.07747e-14 0)
(1 1.09607e-14 0)
(1 9.99552e-15 0)
(1 7.23061e-15 0)
(1 5.88408e-16 0)
(1 2.04727e-15 0)
(1 2.25482e-16 0)
(1 2.46765e-16 0)
(1 -4.14353e-15 0)
(1 -4.14039e-15 0)
(1 -3.7257e-15 0)
(1 -2.08475e-16 0)
(1 1.3654e-15 0)
(1 4.48974e-15 0)
(1 -2.76546e-15 0)
(1 -9.03887e-15 0)
(1 -6.76341e-15 0)
(1 -4.40938e-15 0)
(1 5.65073e-15 0)
(1 6.48101e-15 0)
(1 6.09815e-15 0)
(1 -2.4667e-15 0)
(1 2.5663e-15 0)
(1 4.08092e-15 0)
(1 1.86274e-15 0)
(1 -4.00128e-15 0)
(1 -8.65866e-15 0)
(1 -1.10304e-15 0)
(1 8.68357e-16 0)
(1 4.73317e-16 0)
(1 -8.74601e-16 0)
(1 -4.44681e-15 0)
(1 -1.51042e-15 0)
(1 4.03025e-15 0)
(1 5.41361e-15 0)
(1 3.08378e-15 0)
(1 5.35186e-15 0)
(1 5.04629e-16 0)
(1 -1.47022e-16 0)
(1 -2.64391e-15 0)
(1 -4.21012e-15 0)
(1 -4.60278e-15 0)
(1 -3.41276e-15 0)
(1 -3.08868e-15 0)
(1 2.48936e-15 0)
(1 -2.19006e-15 0)
(1 -1.94462e-15 0)
(1 1.61363e-16 0)
(1 -2.38615e-15 0)
(1 1.863e-15 0)
(1 -4.9544e-15 0)
(1 3.53375e-16 0)
(1 5.30008e-15 0)
(1 2.64188e-15 0)
(1 2.54334e-15 0)
(1 -1.45834e-15 0)
(1 9.42368e-16 0)
(1 5.64078e-17 0)
(1 -4.56255e-16 0)
(1 5.10509e-15 0)
(1 6.42833e-16 0)
(1 2.77535e-15 0)
(1 6.80399e-16 0)
(1 -3.42207e-15 0)
(1 1.24552e-16 0)
(1 -9.6715e-16 0)
(1 3.5591e-16 0)
(1 -2.77348e-16 0)
(1 -6.70586e-15 0)
(1 -9.55743e-15 0)
(1 -5.26067e-15 0)
(1 -4.34023e-15 0)
(1 -1.61528e-15 0)
(1 2.80706e-15 0)
(1 -4.5332e-16 0)
(1 -8.06587e-15 0)
(1 -2.14761e-15 0)
(1 3.3119e-15 0)
(1 1.09282e-15 0)
(1 6.94425e-16 0)
(1 -5.45906e-16 0)
(1 -1.47507e-15 0)
(1 -3.98096e-15 0)
(1 5.26695e-15 0)
(1 2.63787e-15 0)
(1 6.42941e-15 0)
(1 -2.50754e-15 0)
(1 1.19046e-14 0)
(1 1.28289e-15 0)
(1 3.69768e-15 0)
(1 -8.0501e-15 0)
(1 -1.13278e-14 0)
(1 -9.96381e-15 0)
(1 -7.55681e-16 0)
(1 -2.05536e-15 0)
(1 7.29185e-15 0)
(1 8.12762e-15 0)
(1 1.2146e-14 0)
(1 5.28377e-15 0)
(1 6.89765e-15 0)
(1 8.36112e-15 0)
(1 1.05203e-14 0)
(1 3.7965e-15 0)
(1 8.41619e-15 0)
(1 6.52499e-15 0)
(1 1.90391e-15 0)
(1 -9.66643e-16 0)
(1 -4.73876e-15 0)
(1 -9.37955e-15 0)
(1 -5.82812e-15 0)
(1 -8.3936e-15 0)
(1 -6.15667e-15 0)
(1 -1.1946e-15 0)
(1 -2.6846e-15 0)
(1 -4.66521e-15 0)
(1 -3.86256e-15 0)
(1 -3.30752e-15 0)
(1 -2.58616e-15 0)
(1 1.35279e-15 0)
(1 4.9342e-15 0)
(1 4.84371e-15 0)
(1 4.13635e-15 0)
(1 6.12709e-15 0)
(1 -6.70307e-16 0)
(1 -4.13731e-15 0)
(1 -5.59242e-15 0)
(1 -5.44955e-16 0)
(1 3.66199e-15 0)
(1 6.90382e-15 0)
(1 4.50396e-15 0)
(1 6.75256e-16 0)
(1 -1.57671e-15 0)
(1 -3.95938e-15 0)
(1 -1.12821e-16 0)
(1 -2.0976e-16 0)
(1 2.69563e-15 0)
(1 5.63442e-15 0)
(1 1.24072e-15 0)
(1 -1.13878e-15 0)
(1 -1.07417e-15 0)
(1 -3.23013e-15 0)
(1 -2.75866e-15 0)
(1 -1.46449e-15 0)
(1 2.31838e-15 0)
(1 1.00008e-15 0)
(1 4.21679e-15 0)
(1 -2.00425e-15 0)
(1 3.22645e-15 0)
(1 -2.32482e-15 0)
(1 7.2147e-15 0)
(1 2.13001e-15 0)
(1 5.85066e-15 0)
(1 4.24469e-15 0)
(1 2.67548e-15 0)
(1 1.54242e-16 0)
(1 -1.42485e-15 0)
(1 5.21819e-15 0)
(1 1.78313e-16 0)
(1 3.34072e-15 0)
(1 1.34934e-15 0)
(1 -1.03222e-15 0)
(1 -7.34327e-16 0)
(1 -5.18446e-15 0)
(1 -2.43839e-15 0)
(1 -3.49698e-15 0)
(1 -7.35584e-16 0)
(1 -2.61064e-16 0)
(1 -2.67499e-15 0)
(1 -3.71045e-15 0)
(1 -3.58482e-15 0)
(1 -3.53484e-17 0)
(1 -4.79345e-15 0)
(1 -1.3164e-15 0)
(1 -2.08783e-15 0)
(1 -1.03673e-15 0)
(1 -6.06661e-15 0)
(1 4.44155e-15 0)
(1 -4.86261e-15 0)
(1 6.61391e-15 0)
(1 -4.90686e-15 0)
(1 -6.28319e-15 0)
(1 1.01965e-15 0)
(1 -1.05234e-15 0)
(1 1.02741e-14 0)
(1 1.34846e-15 0)
(1 -1.44868e-16 0)
(1 4.04949e-16 0)
(1 4.23181e-15 0)
(1 4.13442e-15 0)
(1 3.95205e-15 0)
(1 3.26871e-16 0)
(1 3.83225e-15 0)
(1 -4.22443e-15 0)
(1 6.36309e-15 0)
(1 -8.84521e-16 0)
(1 2.82281e-18 0)
(1 2.16674e-15 0)
(1 2.29439e-15 0)
(1 -1.33321e-16 0)
(1 3.41695e-15 0)
(1 1.36201e-14 0)
(1 1.13074e-14 0)
(1 1.60361e-14 0)
(1 5.39423e-15 0)
(1 6.04836e-15 0)
(1 -5.13246e-15 0)
(1 -7.4003e-15 0)
(1 -5.14925e-15 0)
(1 7.86867e-16 0)
(1 1.08942e-15 0)
(1 2.04789e-15 0)
(1 -5.27535e-15 0)
(1 -6.40358e-15 0)
(1 -4.41091e-15 0)
(1 -2.16162e-15 0)
(1 3.92403e-15 0)
(1 5.9634e-15 0)
(1 6.18658e-16 0)
(1 -3.94783e-15 0)
(1 -4.51387e-15 0)
(1 -4.54858e-15 0)
(1 1.85117e-15 0)
(1 8.16801e-15 0)
(1 2.57601e-15 0)
(1 -8.83585e-16 0)
(1 -2.85603e-15 0)
(1 -8.48766e-16 0)
(1 3.99947e-15 0)
(1 4.72751e-15 0)
(1 2.20833e-15 0)
(1 3.22545e-17 0)
(1 9.16146e-15 0)
(1 3.08755e-15 0)
(1 6.24834e-15 0)
(1 -1.78652e-15 0)
(1 3.65732e-17 0)
(1 -3.4182e-15 0)
(1 2.27693e-15 0)
(1 3.21848e-15 0)
(1 7.52418e-15 0)
(1 7.72371e-15 0)
(1 1.20681e-14 0)
(1 1.28741e-14 0)
(1 4.33764e-15 0)
(1 -5.11808e-15 0)
(1 -8.95135e-16 0)
(1 -2.38145e-15 0)
(1 -5.84411e-15 0)
(1 -5.19677e-15 0)
(1 -6.70259e-15 0)
(1 1.66709e-15 0)
(1 3.18814e-15 0)
(1 1.15879e-14 0)
(1 6.28852e-15 0)
(1 3.60146e-15 0)
(1 3.49106e-15 0)
(1 1.87922e-15 0)
(1 -4.97424e-16 0)
(1 -1.33888e-15 0)
(1 -1.60377e-15 0)
(1 -1.43529e-15 0)
(1 -5.99831e-15 0)
(1 -3.65609e-15 0)
(1 -3.34566e-15 0)
(1 6.12169e-17 0)
(1 -2.4862e-15 0)
(1 -2.58079e-15 0)
(1 -1.14504e-15 0)
(1 -1.05326e-15 0)
(1 5.12132e-15 0)
(1 1.86836e-15 0)
(1 4.38722e-15 0)
(1 5.9358e-15 0)
(1 -4.69315e-15 0)
(1 -1.38102e-15 0)
(1 -2.75319e-15 0)
(1 8.26156e-15 0)
(1 -5.01105e-17 0)
(1 -1.80185e-15 0)
(1 -1.26015e-14 0)
(1 -1.17698e-14 0)
(1 6.53333e-16 0)
(1 4.38537e-16 0)
(1 1.38381e-14 0)
(1 1.37618e-15 0)
(1 1.8139e-15 0)
(1 1.06246e-15 0)
(1 1.03704e-15 0)
(1 2.27149e-15 0)
(1 1.00949e-14 0)
(1 4.77306e-15 0)
(1 5.02117e-15 0)
(1 1.03067e-14 0)
(1 7.71104e-15 0)
(1 4.9533e-16 0)
(1 6.60093e-16 0)
(1 -2.22077e-15 0)
(1 -1.0476e-14 0)
(1 -3.97339e-15 0)
(1 -4.44475e-15 0)
(1 1.03892e-14 0)
(1 9.86532e-15 0)
(1 1.32146e-14 0)
(1 1.21142e-14 0)
(1 4.10544e-15 0)
(1 -6.07582e-15 0)
(1 -9.28523e-15 0)
(1 -7.88394e-16 0)
(1 6.22631e-15 0)
(1 3.84965e-15 0)
(1 1.00965e-15 0)
(1 -7.56005e-16 0)
(1 -5.70093e-15 0)
(1 -2.42688e-15 0)
(1 -4.31337e-15 0)
(1 9.14771e-15 0)
(1 6.46139e-15 0)
(1 -1.07766e-15 0)
(1 -2.89736e-15 0)
(1 -6.90968e-15 0)
(1 -9.01688e-15 0)
(1 8.04704e-15 0)
(1 9.67318e-15 0)
(1 5.33349e-15 0)
(1 -6.89943e-16 0)
(1 1.25885e-15 0)
(1 -1.10258e-15 0)
(1 -3.12784e-15 0)
(1 2.64931e-15 0)
(1 1.64327e-15 0)
(1 -3.87147e-16 0)
(1 -1.76552e-15 0)
(1 5.05105e-15 0)
(1 4.39898e-15 0)
(1 6.07655e-15 0)
(1 3.64683e-15 0)
(1 1.34248e-15 0)
(1 -2.00372e-15 0)
(1 -3.02756e-16 0)
(1 -1.39915e-15 0)
(1 3.68252e-15 0)
(1 4.67192e-15 0)
(1 1.36538e-15 0)
(1 1.65309e-15 0)
(1 -1.93606e-15 0)
(1 -2.31242e-15 0)
(1 1.37273e-15 0)
(1 4.54633e-15 0)
(1 4.7074e-15 0)
(1 1.18445e-17 0)
(1 1.75024e-15 0)
(1 4.36928e-15 0)
(1 6.9313e-15 0)
(1 7.55775e-15 0)
(1 4.9292e-15 0)
(1 4.51207e-15 0)
(1 3.42862e-15 0)
(1 1.86231e-15 0)
(1 1.07923e-15 0)
(1 3.7428e-15 0)
(1 1.16149e-15 0)
(1 7.49259e-16 0)
(1 4.98814e-15 0)
(1 8.35434e-17 0)
(1 3.81927e-15 0)
(1 2.70479e-15 0)
(1 -9.31283e-16 0)
(1 1.80152e-15 0)
(1 4.59412e-15 0)
(1 3.50978e-15 0)
(1 3.83136e-15 0)
(1 6.05114e-15 0)
(1 6.5608e-15 0)
(1 -7.42418e-15 0)
(1 4.30862e-15 0)
(1 -1.87649e-15 0)
(1 4.85663e-15 0)
(1 2.32766e-15 0)
(1 -3.41685e-15 0)
(1 -3.3261e-15 0)
(1 -7.36359e-15 0)
(1 -1.91535e-15 0)
(1 -2.2339e-15 0)
(1 -1.17459e-15 0)
(1 -8.9114e-15 0)
(1 4.11129e-15 0)
(1 4.45444e-15 0)
(1 7.64519e-15 0)
(1 7.58349e-15 0)
(1 4.51611e-15 0)
(1 6.50941e-15 0)
(1 8.68466e-15 0)
(1 8.34281e-15 0)
(1 -5.28045e-15 0)
(1 -9.00073e-15 0)
(1 -8.5628e-15 0)
(1 -6.29134e-16 0)
(1 -2.92326e-15 0)
(1 1.04643e-14 0)
(1 4.84091e-15 0)
(1 1.14068e-14 0)
(1 2.26397e-15 0)
(1 -5.34205e-15 0)
(1 3.91474e-15 0)
(1 1.78288e-15 0)
(1 1.04077e-15 0)
(1 2.11365e-15 0)
(1 1.77625e-15 0)
(1 -1.51093e-15 0)
(1 8.72461e-16 0)
(1 -7.29637e-16 0)
(1 3.43935e-15 0)
(1 -5.86188e-15 0)
(1 -6.07029e-15 0)
(1 -5.21177e-15 0)
(1 5.57289e-15 0)
(1 5.41826e-15 0)
(1 6.36864e-15 0)
(1 5.54037e-15 0)
(1 -2.88246e-15 0)
(1 3.40563e-15 0)
(1 -1.05276e-15 0)
(1 2.09466e-15 0)
(1 -1.15203e-15 0)
(1 2.00203e-15 0)
(1 6.08807e-15 0)
(1 4.08614e-15 0)
(1 1.39538e-15 0)
(1 1.19933e-15 0)
(1 6.37187e-15 0)
(1 -4.83449e-16 0)
(1 7.51284e-16 0)
(1 -3.0687e-15 0)
(1 2.61673e-15 0)
(1 6.3282e-15 0)
(1 9.36779e-15 0)
(1 1.61636e-15 0)
(1 2.06778e-15 0)
(1 5.85765e-15 0)
(1 6.10587e-15 0)
(1 2.14825e-15 0)
(1 1.61087e-15 0)
(1 -1.58922e-15 0)
(1 2.4363e-15 0)
(1 7.80386e-15 0)
(1 3.89645e-15 0)
(1 1.97403e-15 0)
(1 5.17719e-15 0)
(1 1.10938e-14 0)
(1 5.89161e-15 0)
(1 4.72568e-15 0)
(1 2.49419e-15 0)
(1 2.59732e-15 0)
(1 1.74888e-15 0)
(1 -2.70542e-15 0)
(1 3.14916e-17 0)
(1 1.66053e-15 0)
(1 2.75065e-15 0)
(1 5.72305e-15 0)
(1 -1.37131e-15 0)
(1 -1.55538e-15 0)
(1 4.18053e-15 0)
(1 7.27352e-16 0)
(1 2.85439e-15 0)
(1 -6.50937e-16 0)
(1 3.247e-16 0)
(1 3.62624e-17 0)
(1 1.47334e-15 0)
(1 3.01098e-15 0)
(1 1.05891e-15 0)
(1 3.87551e-15 0)
(1 5.1866e-15 0)
(1 1.15831e-14 0)
(1 -1.37447e-16 0)
(1 -1.27703e-15 0)
(1 5.08232e-15 0)
(1 -9.72403e-15 0)
(1 -4.46925e-15 0)
(1 -7.73404e-15 0)
(1 1.87003e-15 0)
(1 -4.99209e-16 0)
(1 -7.97997e-15 0)
(1 4.18043e-15 0)
(1 -4.01693e-15 0)
(1 6.0214e-15 0)
(1 3.57831e-15 0)
(1 8.16784e-15 0)
(1 1.15142e-15 0)
(1 9.21331e-15 0)
(1 8.94734e-16 0)
(1 1.54531e-14 0)
(1 9.97024e-15 0)
(1 -2.82569e-15 0)
(1 -4.40695e-15 0)
(1 5.23999e-15 0)
(1 -7.71977e-15 0)
(1 -4.30291e-16 0)
(1 -2.12431e-15 0)
(1 -1.59953e-15 0)
(1 5.44981e-15 0)
(1 2.65115e-15 0)
(1 -9.88382e-15 0)
(1 -6.44698e-16 0)
(1 -1.48482e-14 0)
(1 -4.96476e-15 0)
(1 2.12235e-15 0)
(1 1.18297e-14 0)
(1 5.2083e-15 0)
(1 4.3047e-15 0)
(1 3.10131e-15 0)
(1 -1.00577e-16 0)
(1 4.02666e-15 0)
(1 -7.94959e-17 0)
(1 -4.00064e-15 0)
(1 8.38195e-15 0)
(1 7.85414e-15 0)
(1 1.28007e-14 0)
(1 1.67401e-14 0)
(1 1.10735e-14 0)
(1 1.37957e-15 0)
(1 1.23237e-15 0)
(1 -7.1339e-15 0)
(1 -1.21091e-14 0)
(1 -5.93296e-15 0)
(1 2.37638e-15 0)
(1 2.37335e-15 0)
(1 4.19727e-15 0)
(1 8.99412e-16 0)
(1 -3.00754e-15 0)
(1 4.60742e-15 0)
(1 8.98015e-15 0)
(1 5.5563e-15 0)
(1 2.33701e-15 0)
(1 3.52451e-15 0)
(1 6.37167e-15 0)
(1 -7.29925e-15 0)
(1 2.87943e-16 0)
(1 -1.1397e-15 0)
(1 1.43187e-14 0)
(1 1.60903e-14 0)
(1 1.50819e-14 0)
(1 1.38473e-14 0)
(1 1.57063e-14 0)
(1 5.25819e-15 0)
(1 4.15187e-15 0)
(1 3.64593e-15 0)
(1 9.61046e-16 0)
(1 -7.05323e-15 0)
(1 -1.78221e-15 0)
(1 -1.06838e-16 0)
(1 2.29655e-15 0)
(1 -1.37602e-15 0)
(1 9.89868e-15 0)
(1 6.398e-15 0)
(1 1.26276e-14 0)
(1 5.60209e-15 0)
(1 -2.30959e-15 0)
(1 -2.53988e-15 0)
(1 -6.36357e-15 0)
(1 -2.41074e-15 0)
(1 1.74544e-15 0)
(1 3.98647e-15 0)
(1 2.57723e-15 0)
(1 4.59782e-15 0)
(1 -1.89224e-15 0)
(1 2.77277e-15 0)
(1 4.38903e-15 0)
(1 1.02143e-14 0)
(1 7.62527e-15 0)
(1 1.10916e-14 0)
(1 1.2224e-14 0)
(1 1.73121e-14 0)
(1 1.82484e-14 0)
(1 3.24947e-15 0)
(1 7.05061e-16 0)
(1 4.56558e-15 0)
(1 -3.70845e-15 0)
(1 -5.55968e-15 0)
(1 -4.83346e-16 0)
(1 -1.37484e-15 0)
(1 4.41399e-15 0)
(1 3.38281e-16 0)
(1 4.637e-15 0)
(1 -8.54905e-16 0)
(1 6.57104e-15 0)
(1 6.99575e-15 0)
(1 -1.86761e-15 0)
(1 -1.29812e-15 0)
(1 -3.63496e-15 0)
(1 3.3426e-15 0)
(1 5.41163e-15 0)
(1 -3.1718e-15 0)
(1 -1.00041e-14 0)
(1 -3.60577e-15 0)
(1 3.99435e-15 0)
(1 3.89697e-15 0)
(1 -3.00379e-15 0)
(1 3.7212e-15 0)
(1 5.37798e-15 0)
(1 1.26386e-14 0)
(1 -4.22764e-15 0)
(1 1.16151e-15 0)
(1 -1.83659e-15 0)
(1 -8.39659e-15 0)
(1 -5.88743e-15 0)
(1 2.00524e-16 0)
(1 3.48323e-16 0)
(1 -2.42786e-15 0)
(1 2.15446e-15 0)
(1 -3.20546e-15 0)
(1 -5.83658e-16 0)
(1 -5.48148e-15 0)
(1 3.6072e-15 0)
(1 3.65222e-16 0)
(1 9.27078e-15 0)
(1 4.59898e-15 0)
(1 9.32999e-15 0)
(1 5.90081e-15 0)
(1 2.92074e-15 0)
(1 -1.01167e-15 0)
(1 -5.58811e-15 0)
(1 5.26748e-15 0)
(1 1.3365e-15 0)
(1 6.41927e-15 0)
(1 4.93826e-15 0)
(1 1.02788e-15 0)
(1 2.57804e-15 0)
(1 3.86527e-15 0)
(1 -4.70865e-16 0)
(1 5.2761e-15 0)
(1 7.95166e-15 0)
(1 1.57569e-15 0)
(1 6.053e-15 0)
(1 4.72537e-15 0)
(1 8.75055e-15 0)
(1 7.39917e-15 0)
(1 1.0023e-14 0)
(1 7.161e-15 0)
(1 1.26341e-15 0)
(1 6.69621e-15 0)
(1 9.91764e-15 0)
(1 1.37041e-14 0)
(1 7.16661e-15 0)
(1 2.04702e-15 0)
(1 7.09566e-15 0)
(1 -5.31677e-16 0)
(1 4.31077e-15 0)
(1 -8.15913e-16 0)
(1 3.31462e-16 0)
(1 5.23142e-15 0)
(1 7.22403e-15 0)
(1 6.81042e-15 0)
(1 7.39661e-15 0)
(1 6.28478e-15 0)
(1 7.3139e-15 0)
(1 -1.19633e-15 0)
(1 -2.54162e-15 0)
(1 -9.33592e-17 0)
(1 -3.92508e-15 0)
(1 3.71554e-15 0)
(1 1.47903e-15 0)
(1 1.53478e-15 0)
(1 2.33003e-15 0)
(1 7.19916e-15 0)
(1 2.19842e-16 0)
(1 6.2552e-15 0)
(1 2.93926e-15 0)
(1 8.27035e-15 0)
(1 5.72821e-15 0)
(1 1.17356e-14 0)
(1 1.36357e-14 0)
(1 2.56003e-14 0)
(1 1.99234e-14 0)
(1 2.05669e-16 0)
(1 8.56157e-16 0)
(1 -2.58036e-15 0)
(1 1.62232e-15 0)
(1 -3.49722e-15 0)
(1 2.72269e-16 0)
(1 1.06253e-15 0)
(1 -1.38207e-15 0)
(1 5.62088e-15 0)
(1 -9.46865e-15 0)
(1 -1.27345e-14 0)
(1 7.75088e-17 0)
(1 2.06955e-16 0)
(1 -1.80034e-15 0)
(1 6.01285e-15 0)
(1 1.30667e-15 0)
(1 1.11561e-14 0)
(1 -4.73489e-15 0)
(1 2.35418e-15 0)
(1 -5.11882e-16 0)
(1 -9.62677e-16 0)
(1 -1.60127e-15 0)
(1 -1.71773e-15 0)
(1 -7.57537e-15 0)
(1 -4.91119e-15 0)
(1 4.8543e-15 0)
(1 1.57702e-14 0)
(1 8.6812e-15 0)
(1 1.03461e-14 0)
(1 -7.28153e-15 0)
(1 -7.45516e-15 0)
(1 -8.01745e-15 0)
(1 -4.42475e-15 0)
(1 -2.49248e-17 0)
(1 7.42866e-15 0)
(1 4.66143e-15 0)
(1 -6.50176e-16 0)
(1 1.9817e-15 0)
(1 -7.00778e-16 0)
(1 5.40001e-15 0)
(1 1.34653e-14 0)
(1 -2.61246e-15 0)
(1 2.38641e-15 0)
(1 -8.43759e-16 0)
(1 -1.37935e-16 0)
(1 -2.71376e-15 0)
(1 2.29688e-15 0)
(1 -1.59795e-16 0)
(1 8.64765e-15 0)
(1 5.96944e-15 0)
(1 1.79616e-15 0)
(1 1.29601e-15 0)
(1 3.64602e-15 0)
(1 3.10635e-15 0)
(1 1.06677e-14 0)
(1 3.72011e-15 0)
(1 9.36865e-15 0)
(1 6.10023e-16 0)
(1 5.81938e-15 0)
(1 3.2093e-16 0)
(1 9.61498e-15 0)
(1 -9.61692e-16 0)
(1 1.11849e-14 0)
(1 1.48919e-15 0)
(1 7.06989e-15 0)
(1 1.96308e-15 0)
(1 1.05991e-14 0)
(1 6.47014e-15 0)
(1 1.00381e-14 0)
(1 3.89797e-15 0)
(1 1.22038e-14 0)
(1 4.33101e-15 0)
(1 -5.30481e-16 0)
(1 -2.64958e-15 0)
(1 -4.48629e-16 0)
(1 4.64273e-15 0)
(1 1.13653e-14 0)
(1 5.65289e-15 0)
(1 7.97739e-15 0)
(1 5.52398e-16 0)
(1 7.84212e-15 0)
(1 1.1538e-15 0)
(1 5.72654e-15 0)
(1 1.90617e-15 0)
(1 -7.84929e-16 0)
(1 7.4448e-15 0)
(1 1.96379e-15 0)
(1 1.45253e-15 0)
(1 2.74962e-15 0)
(1 9.54679e-17 0)
(1 5.96655e-15 0)
(1 1.95479e-15 0)
(1 1.34558e-15 0)
(1 -1.62883e-16 0)
(1 1.48794e-15 0)
(1 6.00217e-15 0)
(1 1.32243e-14 0)
(1 1.27133e-14 0)
(1 1.14329e-14 0)
(1 1.20695e-14 0)
(1 4.49622e-15 0)
(1 -5.55082e-15 0)
(1 1.54359e-15 0)
(1 -1.38259e-15 0)
(1 -1.04916e-15 0)
(1 -5.99679e-15 0)
(1 -4.01904e-15 0)
(1 -3.27945e-15 0)
(1 5.43764e-15 0)
(1 1.25199e-14 0)
(1 4.24526e-15 0)
(1 2.60144e-15 0)
(1 -3.29283e-15 0)
(1 -2.0063e-15 0)
(1 -5.73363e-15 0)
(1 2.06117e-15 0)
(1 4.90748e-15 0)
(1 -5.77196e-15 0)
(1 -9.11292e-16 0)
(1 -2.25351e-15 0)
(1 -5.28724e-15 0)
(1 -3.38415e-15 0)
(1 -1.47996e-15 0)
(1 9.43865e-15 0)
(1 4.359e-15 0)
(1 2.23309e-16 0)
(1 5.53163e-16 0)
(1 3.87421e-15 0)
(1 9.33789e-15 0)
(1 5.34926e-15 0)
(1 1.49859e-16 0)
(1 -2.21523e-15 0)
(1 -7.34551e-15 0)
(1 -5.27485e-15 0)
(1 1.78736e-15 0)
(1 -6.44741e-15 0)
(1 -4.05005e-15 0)
(1 -5.15109e-15 0)
(1 1.94181e-15 0)
(1 -1.37235e-16 0)
(1 8.8377e-15 0)
(1 -3.72297e-15 0)
(1 -4.00423e-15 0)
(1 -9.1468e-15 0)
(1 6.61746e-15 0)
(1 7.99781e-15 0)
(1 1.44777e-14 0)
(1 9.15568e-15 0)
(1 3.69929e-15 0)
(1 -1.22699e-15 0)
(1 -1.86192e-15 0)
(1 2.60286e-15 0)
(1 3.68633e-15 0)
(1 1.17431e-14 0)
(1 1.25817e-14 0)
(1 8.49353e-15 0)
(1 2.61436e-15 0)
(1 2.92371e-15 0)
(1 -6.91303e-16 0)
(1 -1.2623e-15 0)
(1 5.30324e-15 0)
(1 1.11391e-14 0)
(1 7.7788e-15 0)
(1 1.26077e-15 0)
(1 -3.68726e-15 0)
(1 2.93012e-15 0)
(1 6.7541e-15 0)
(1 6.92436e-15 0)
(1 3.39245e-15 0)
(1 5.79607e-15 0)
(1 1.04931e-14 0)
(1 4.48777e-15 0)
(1 4.72311e-15 0)
(1 2.92853e-15 0)
(1 3.53482e-15 0)
(1 3.2425e-15 0)
(1 5.45944e-15 0)
(1 5.35338e-15 0)
(1 8.40036e-15 0)
(1 3.06921e-15 0)
(1 1.35071e-14 0)
(1 8.91317e-15 0)
(1 5.24392e-15 0)
(1 8.80949e-16 0)
(1 -4.35274e-15 0)
(1 2.72999e-15 0)
(1 -2.03548e-15 0)
(1 9.09243e-16 0)
(1 3.57108e-15 0)
(1 3.71851e-16 0)
(1 5.04253e-15 0)
(1 5.03641e-15 0)
(1 3.23611e-15 0)
(1 4.57426e-15 0)
(1 3.6993e-15 0)
(1 1.50204e-14 0)
(1 1.33549e-14 0)
(1 1.09669e-14 0)
(1 2.79664e-16 0)
(1 6.24293e-15 0)
(1 5.78045e-15 0)
(1 6.5554e-16 0)
(1 -2.80572e-15 0)
(1 -3.29831e-15 0)
(1 1.058e-15 0)
(1 5.24324e-15 0)
(1 2.74402e-15 0)
(1 -1.49092e-15 0)
(1 -2.83148e-15 0)
(1 7.81391e-15 0)
(1 1.10403e-14 0)
(1 -2.32835e-15 0)
(1 6.37397e-16 0)
(1 7.04063e-15 0)
(1 1.48682e-15 0)
(1 -4.68143e-15 0)
(1 -1.02741e-14 0)
(1 -8.16087e-15 0)
(1 -9.54388e-16 0)
(1 -9.31437e-16 0)
(1 -2.71736e-15 0)
(1 -7.51312e-15 0)
(1 9.66455e-16 0)
(1 -3.52751e-15 0)
(1 1.27629e-14 0)
(1 5.1778e-15 0)
(1 -3.67062e-15 0)
(1 -2.93735e-15 0)
(1 -2.11519e-16 0)
(1 -2.77067e-15 0)
(1 -3.42398e-15 0)
(1 -1.04046e-15 0)
(1 -5.8822e-15 0)
(1 -5.15192e-16 0)
(1 2.14503e-15 0)
(1 3.09908e-15 0)
(1 5.60216e-15 0)
(1 8.6875e-16 0)
(1 2.79093e-15 0)
(1 -1.83087e-15 0)
(1 -1.11649e-14 0)
(1 -1.1154e-15 0)
(1 -3.26647e-15 0)
(1 -1.62365e-15 0)
(1 -1.12496e-15 0)
(1 6.26386e-15 0)
(1 6.99881e-15 0)
(1 1.38532e-14 0)
(1 4.30907e-15 0)
(1 4.16536e-15 0)
(1 1.53423e-15 0)
(1 -1.3411e-15 0)
(1 2.53311e-15 0)
(1 6.70839e-15 0)
(1 8.38439e-15 0)
(1 2.61585e-15 0)
(1 4.60789e-15 0)
(1 3.57071e-15 0)
(1 -6.11663e-15 0)
(1 -2.85242e-15 0)
(1 1.08567e-15 0)
(1 1.30837e-14 0)
(1 1.38058e-14 0)
(1 1.5932e-14 0)
(1 1.01523e-14 0)
(1 1.41734e-15 0)
(1 -5.85993e-15 0)
(1 -8.05161e-16 0)
(1 -1.41035e-15 0)
(1 2.77193e-15 0)
(1 8.97125e-16 0)
(1 6.65959e-15 0)
(1 7.25194e-15 0)
(1 1.07455e-14 0)
(1 9.45667e-15 0)
(1 3.50415e-15 0)
(1 -4.26563e-15 0)
(1 5.14947e-15 0)
(1 6.9838e-15 0)
(1 8.51553e-15 0)
(1 4.15059e-15 0)
(1 5.37831e-15 0)
(1 -3.97406e-16 0)
(1 2.04722e-15 0)
(1 4.14382e-15 0)
(1 3.5493e-15 0)
(1 -6.01058e-16 0)
(1 1.05056e-15 0)
(1 -2.33194e-15 0)
(1 3.13482e-15 0)
(1 2.40259e-15 0)
(1 2.52185e-15 0)
(1 3.16012e-15 0)
(1 1.68325e-15 0)
(1 3.03353e-15 0)
(1 1.05545e-14 0)
(1 6.01635e-15 0)
(1 7.19138e-15 0)
(1 3.17315e-15 0)
(1 6.79758e-15 0)
(1 -2.92947e-15 0)
(1 9.64619e-15 0)
(1 -6.35979e-15 0)
(1 -2.56924e-15 0)
(1 5.25594e-15 0)
(1 5.37561e-15 0)
(1 2.13628e-15 0)
(1 5.02514e-15 0)
(1 -1.22399e-15 0)
(1 -6.97522e-15 0)
(1 1.98682e-16 0)
(1 8.22284e-15 0)
(1 3.57005e-15 0)
(1 9.41597e-15 0)
(1 -1.52245e-15 0)
(1 -1.50888e-14 0)
(1 -1.2985e-14 0)
(1 2.11132e-15 0)
(1 5.8613e-15 0)
(1 -2.57302e-15 0)
(1 1.54203e-15 0)
(1 -1.08635e-14 0)
(1 -3.45674e-15 0)
(1 -8.00768e-15 0)
(1 6.61448e-15 0)
(1 -1.54578e-15 0)
(1 1.05854e-15 0)
(1 -6.40061e-16 0)
(1 1.04683e-15 0)
(1 -3.10118e-15 0)
(1 -5.72956e-15 0)
(1 1.75097e-15 0)
(1 2.46399e-15 0)
(1 4.40102e-15 0)
(1 1.08492e-14 0)
(1 5.24655e-15 0)
(1 4.54189e-15 0)
(1 -9.79508e-16 0)
(1 -1.23153e-15 0)
(1 -3.57384e-15 0)
(1 -1.22774e-14 0)
(1 -5.52424e-15 0)
(1 -1.38113e-15 0)
(1 1.56434e-14 0)
(1 4.54436e-15 0)
(1 3.73591e-15 0)
(1 -3.1815e-15 0)
(1 4.56728e-15 0)
(1 3.51173e-15 0)
(1 1.80793e-15 0)
(1 2.37059e-17 0)
(1 -5.441e-15 0)
(1 7.71427e-15 0)
(1 -1.04017e-15 0)
(1 3.96557e-15 0)
(1 8.67749e-15 0)
(1 1.13611e-14 0)
(1 1.02585e-14 0)
(1 1.0219e-14 0)
(1 2.66762e-15 0)
(1 2.83349e-16 0)
(1 1.48349e-16 0)
(1 4.0013e-16 0)
(1 8.92392e-15 0)
(1 8.12116e-15 0)
(1 1.02805e-14 0)
(1 3.82814e-15 0)
(1 4.58488e-15 0)
(1 6.94339e-16 0)
(1 1.68678e-15 0)
(1 3.14056e-15 0)
(1 4.17023e-15 0)
(1 1.16799e-14 0)
(1 1.26571e-14 0)
(1 8.61862e-15 0)
(1 1.32547e-14 0)
(1 4.06402e-15 0)
(1 7.01022e-15 0)
(1 8.94716e-15 0)
(1 8.8679e-15 0)
(1 1.66453e-15 0)
(1 4.33215e-15 0)
(1 3.77404e-15 0)
(1 4.27555e-15 0)
(1 3.85468e-15 0)
(1 1.96791e-15 0)
(1 -4.05756e-15 0)
(1 4.48592e-15 0)
(1 4.85651e-15 0)
(1 5.28825e-15 0)
(1 -5.24027e-16 0)
(1 3.30361e-15 0)
(1 4.7777e-15 0)
(1 5.09001e-15 0)
(1 3.33652e-16 0)
(1 2.43535e-15 0)
(1 7.89862e-15 0)
(1 9.09086e-15 0)
(1 9.39932e-15 0)
(1 8.57852e-15 0)
(1 1.50044e-15 0)
(1 3.72821e-15 0)
(1 6.02014e-15 0)
(1 5.38026e-15 0)
(1 6.16335e-15 0)
(1 -1.8696e-15 0)
(1 -9.95087e-15 0)
(1 -8.17684e-15 0)
(1 1.54559e-15 0)
(1 7.14339e-15 0)
(1 2.41731e-17 0)
(1 8.91259e-15 0)
(1 -1.33856e-15 0)
(1 -7.68495e-15 0)
(1 -1.18445e-14 0)
(1 -1.05366e-14 0)
(1 -1.9363e-14 0)
(1 6.38642e-15 0)
(1 -7.10151e-15 0)
(1 -5.46273e-15 0)
(1 -1.49186e-15 0)
(1 5.00959e-16 0)
(1 7.15441e-15 0)
(1 1.15812e-14 0)
(1 5.23724e-15 0)
(1 6.19255e-15 0)
(1 -3.6109e-16 0)
(1 -1.0918e-15 0)
(1 -2.39665e-15 0)
(1 -2.01304e-16 0)
(1 -2.30901e-15 0)
(1 2.74855e-15 0)
(1 2.66127e-15 0)
(1 -6.84184e-15 0)
(1 -3.43864e-15 0)
(1 -4.38789e-15 0)
(1 -9.85019e-16 0)
(1 2.60627e-15 0)
(1 2.30795e-15 0)
(1 1.44425e-15 0)
(1 4.0855e-15 0)
(1 1.5137e-15 0)
(1 -1.65072e-15 0)
(1 7.46924e-15 0)
(1 6.41146e-15 0)
(1 9.36302e-15 0)
(1 -3.79392e-15 0)
(1 -2.54508e-15 0)
(1 3.9277e-15 0)
(1 -3.21974e-15 0)
(1 6.34148e-15 0)
(1 6.35616e-15 0)
(1 1.06727e-15 0)
(1 -1.38989e-15 0)
(1 -6.58631e-16 0)
(1 7.47577e-15 0)
(1 4.44054e-15 0)
(1 4.99017e-15 0)
(1 6.4806e-15 0)
(1 8.42649e-15 0)
(1 1.13423e-14 0)
(1 5.06848e-15 0)
(1 4.68768e-15 0)
(1 3.85949e-15 0)
(1 5.21867e-15 0)
(1 5.74535e-15 0)
(1 1.06732e-14 0)
(1 1.12382e-14 0)
(1 6.40887e-15 0)
(1 5.13931e-15 0)
(1 -3.6526e-16 0)
(1 1.0578e-14 0)
(1 1.20969e-14 0)
(1 1.18894e-14 0)
(1 1.22176e-14 0)
(1 1.05081e-14 0)
(1 8.52777e-15 0)
(1 7.02364e-15 0)
(1 8.30916e-15 0)
(1 5.74641e-15 0)
(1 5.62794e-15 0)
(1 2.91941e-15 0)
(1 2.81049e-15 0)
(1 6.58993e-15 0)
(1 2.48091e-15 0)
(1 -4.87946e-15 0)
(1 -5.91934e-15 0)
(1 -2.28835e-15 0)
(1 4.50137e-16 0)
(1 -3.53028e-16 0)
(1 7.63214e-16 0)
(1 3.20327e-15 0)
(1 7.44746e-15 0)
(1 5.98508e-15 0)
(1 9.99559e-15 0)
(1 3.04369e-15 0)
(1 6.60882e-15 0)
(1 8.41144e-15 0)
(1 1.12824e-14 0)
(1 1.09466e-14 0)
(1 -1.82791e-15 0)
(1 -4.98455e-16 0)
(1 -1.51227e-15 0)
(1 7.23332e-15 0)
(1 8.62697e-16 0)
(1 3.6211e-15 0)
(1 8.90285e-15 0)
(1 6.24492e-15 0)
(1 -3.37359e-16 0)
(1 9.93882e-16 0)
(1 -8.67545e-15 0)
(1 -6.61301e-15 0)
(1 -6.64298e-15 0)
(1 -6.50728e-15 0)
(1 4.27917e-15 0)
(1 2.29826e-15 0)
(1 -2.50036e-15 0)
(1 -1.4764e-14 0)
(1 -1.30213e-14 0)
(1 -5.0264e-15 0)
(1 2.47913e-16 0)
(1 1.13986e-14 0)
(1 1.4555e-15 0)
(1 -2.58434e-15 0)
(1 -1.47915e-14 0)
(1 -4.43899e-16 0)
(1 -3.02832e-15 0)
(1 5.52789e-15 0)
(1 -4.62152e-15 0)
(1 -4.45766e-16 0)
(1 3.62641e-15 0)
(1 2.67422e-15 0)
(1 8.41149e-15 0)
(1 4.58652e-15 0)
(1 -5.45899e-16 0)
(1 6.27623e-15 0)
(1 3.515e-15 0)
(1 3.4272e-15 0)
(1 1.87516e-15 0)
(1 1.3869e-16 0)
(1 8.74788e-15 0)
(1 8.4639e-15 0)
(1 4.39511e-15 0)
(1 -9.44203e-15 0)
(1 -1.13994e-14 0)
(1 -7.70804e-15 0)
(1 -4.16056e-15 0)
(1 -2.9057e-15 0)
(1 1.84223e-15 0)
(1 1.06175e-15 0)
(1 6.74086e-15 0)
(1 8.00621e-15 0)
(1 1.44787e-15 0)
(1 8.62667e-16 0)
(1 2.58704e-15 0)
(1 3.91787e-15 0)
(1 9.14924e-15 0)
(1 2.92117e-15 0)
(1 2.70213e-15 0)
(1 2.86706e-15 0)
(1 8.14538e-16 0)
(1 -4.5858e-15 0)
(1 8.30679e-15 0)
(1 -1.70268e-15 0)
(1 7.58052e-15 0)
(1 1.82722e-15 0)
(1 6.57642e-15 0)
(1 4.4282e-15 0)
(1 7.81854e-15 0)
(1 4.18319e-15 0)
(1 5.70344e-15 0)
(1 5.67774e-15 0)
(1 8.764e-15 0)
(1 8.5656e-15 0)
(1 1.24486e-14 0)
(1 1.38208e-15 0)
(1 7.20617e-15 0)
(1 6.49923e-15 0)
(1 6.35616e-15 0)
(1 5.42744e-15 0)
(1 -2.76579e-16 0)
(1 2.14764e-15 0)
(1 4.41904e-15 0)
(1 4.38936e-15 0)
(1 -7.03287e-16 0)
(1 -2.80744e-15 0)
(1 -2.31864e-15 0)
(1 -2.98434e-15 0)
(1 -9.2288e-16 0)
(1 1.6341e-15 0)
(1 8.59588e-15 0)
(1 9.14497e-15 0)
(1 8.14476e-15 0)
(1 1.71755e-16 0)
(1 6.21955e-15 0)
(1 6.51375e-15 0)
(1 6.10987e-15 0)
(1 6.63047e-15 0)
(1 8.59811e-15 0)
(1 8.56701e-15 0)
(1 -9.32255e-15 0)
(1 4.2984e-15 0)
(1 -2.0433e-15 0)
(1 1.61047e-15 0)
(1 1.20947e-15 0)
(1 2.93999e-15 0)
(1 6.65162e-15 0)
(1 1.3478e-14 0)
(1 8.50112e-15 0)
(1 2.12426e-15 0)
(1 2.33759e-15 0)
(1 -6.83083e-15 0)
(1 -6.14693e-15 0)
(1 -3.46217e-15 0)
(1 -2.43605e-15 0)
(1 -2.58254e-15 0)
(1 3.25167e-15 0)
(1 -1.14875e-14 0)
(1 -6.91025e-15 0)
(1 -7.69315e-16 0)
(1 2.75603e-16 0)
(1 6.20635e-17 0)
(1 -4.81923e-15 0)
(1 6.78998e-16 0)
(1 -8.63706e-15 0)
(1 -1.12427e-14 0)
(1 -9.02572e-16 0)
(1 -1.80436e-15 0)
(1 7.63564e-16 0)
(1 1.97444e-15 0)
(1 -2.99908e-15 0)
(1 -1.03401e-14 0)
(1 1.65294e-15 0)
(1 4.39295e-15 0)
(1 7.72461e-16 0)
(1 1.50479e-15 0)
(1 -2.13742e-15 0)
(1 1.29649e-15 0)
(1 -5.29248e-15 0)
(1 -5.0718e-15 0)
(1 -2.70209e-15 0)
(1 1.07758e-15 0)
(1 2.54356e-15 0)
(1 -1.91908e-15 0)
(1 -4.72052e-15 0)
(1 -5.26774e-15 0)
(1 1.93218e-15 0)
(1 -2.65947e-16 0)
(1 -3.2692e-15 0)
(1 7.74094e-15 0)
(1 -1.75155e-15 0)
(1 2.15984e-15 0)
(1 7.63648e-16 0)
(1 4.8529e-15 0)
(1 -1.4e-15 0)
(1 4.18749e-15 0)
(1 8.9146e-17 0)
(1 8.40917e-15 0)
(1 1.04111e-14 0)
(1 1.30942e-14 0)
(1 -1.65779e-15 0)
(1 -3.07906e-15 0)
(1 2.27305e-15 0)
(1 3.39229e-15 0)
(1 7.55801e-15 0)
(1 1.06897e-14 0)
(1 5.72973e-15 0)
(1 5.68814e-15 0)
(1 3.32838e-15 0)
(1 4.2556e-15 0)
(1 1.4136e-14 0)
(1 8.39617e-15 0)
(1 1.15724e-14 0)
(1 1.27589e-14 0)
(1 1.11696e-14 0)
(1 3.90648e-15 0)
(1 5.22331e-15 0)
(1 5.24053e-15 0)
(1 5.94885e-15 0)
(1 6.48776e-15 0)
(1 3.41977e-15 0)
(1 5.19369e-15 0)
(1 4.55723e-15 0)
(1 -5.79005e-16 0)
(1 -3.98598e-15 0)
(1 4.91337e-15 0)
(1 2.84836e-15 0)
(1 9.03028e-15 0)
(1 4.94219e-15 0)
(1 3.7577e-15 0)
(1 7.84178e-15 0)
(1 7.66944e-15 0)
(1 5.09317e-15 0)
(1 5.26904e-15 0)
(1 5.93664e-15 0)
(1 6.00444e-15 0)
(1 1.59106e-15 0)
(1 2.8276e-15 0)
(1 9.10933e-15 0)
(1 7.0454e-15 0)
(1 2.38861e-15 0)
(1 1.39017e-15 0)
(1 1.23554e-14 0)
(1 -4.7717e-16 0)
(1 1.6429e-15 0)
(1 -8.56637e-17 0)
(1 -6.16354e-15 0)
(1 -4.27469e-15 0)
(1 -4.56624e-17 0)
(1 -1.96222e-15 0)
(1 2.56124e-15 0)
(1 -3.74445e-15 0)
(1 -5.2242e-15 0)
(1 -6.08983e-15 0)
(1 -5.69231e-15 0)
(1 -3.22321e-16 0)
(1 -3.20553e-16 0)
(1 9.03583e-15 0)
(1 3.14113e-15 0)
(1 1.79526e-15 0)
(1 1.04367e-15 0)
(1 -2.71318e-15 0)
(1 -2.88369e-15 0)
(1 -4.63648e-15 0)
(1 -4.77702e-15 0)
(1 -3.69889e-15 0)
(1 2.08665e-16 0)
(1 -7.4648e-15 0)
(1 -7.59824e-15 0)
(1 -5.40622e-15 0)
(1 -1.2898e-15 0)
(1 -2.71554e-15 0)
(1 1.12999e-15 0)
(1 -3.64801e-16 0)
(1 -2.02296e-15 0)
(1 -3.90085e-15 0)
(1 -3.55211e-15 0)
(1 -2.46464e-15 0)
(1 -6.04437e-15 0)
(1 -4.1235e-15 0)
(1 -4.01167e-15 0)
(1 -6.30468e-15 0)
(1 -2.93469e-15 0)
(1 1.32958e-15 0)
(1 5.83614e-15 0)
(1 3.74906e-15 0)
(1 1.65099e-15 0)
(1 -1.85074e-17 0)
(1 -8.50965e-16 0)
(1 4.69296e-15 0)
(1 2.85742e-16 0)
(1 1.71036e-15 0)
(1 -1.48458e-15 0)
(1 7.56402e-15 0)
(1 -3.35002e-17 0)
(1 -3.13693e-15 0)
(1 -3.45398e-15 0)
(1 -4.40327e-15 0)
(1 -3.27455e-15 0)
(1 3.49198e-15 0)
(1 5.81017e-15 0)
(1 7.13356e-15 0)
(1 5.05918e-15 0)
(1 9.13567e-15 0)
(1 6.02356e-15 0)
(1 4.99053e-15 0)
(1 2.16628e-15 0)
(1 2.54463e-15 0)
(1 2.86704e-15 0)
(1 3.91517e-15 0)
(1 1.03772e-14 0)
(1 1.18005e-14 0)
(1 1.32766e-14 0)
(1 8.17523e-15 0)
(1 9.32162e-15 0)
(1 4.82213e-15 0)
(1 1.70118e-15 0)
(1 2.77685e-15 0)
(1 -2.23701e-15 0)
(1 5.27232e-15 0)
(1 1.16754e-14 0)
(1 6.98495e-15 0)
(1 1.2076e-14 0)
(1 6.19566e-15 0)
(1 -4.4713e-16 0)
(1 -2.65502e-15 0)
(1 8.21615e-15 0)
(1 9.46909e-15 0)
(1 4.96195e-15 0)
(1 2.96035e-15 0)
(1 4.00543e-16 0)
(1 3.66392e-15 0)
(1 9.3382e-15 0)
(1 8.46761e-15 0)
(1 1.30517e-14 0)
(1 4.38854e-15 0)
(1 8.02324e-16 0)
(1 1.10175e-15 0)
(1 7.95928e-15 0)
(1 7.86265e-15 0)
(1 2.98728e-15 0)
(1 -9.45087e-15 0)
(1 5.01769e-15 0)
(1 1.70545e-15 0)
(1 1.28631e-15 0)
(1 3.75057e-15 0)
(1 1.34689e-14 0)
(1 4.24597e-15 0)
(1 3.54731e-15 0)
(1 8.55532e-16 0)
(1 -5.36172e-15 0)
(1 -5.52177e-15 0)
(1 3.49764e-15 0)
(1 -2.7484e-15 0)
(1 -1.0871e-15 0)
(1 -4.79186e-15 0)
(1 1.41972e-15 0)
(1 7.97716e-16 0)
(1 5.61347e-15 0)
(1 2.75503e-16 0)
(1 -5.98239e-16 0)
(1 -4.01193e-15 0)
(1 -6.74786e-15 0)
(1 -1.27555e-14 0)
(1 -5.75842e-15 0)
(1 -4.97195e-15 0)
(1 -4.56531e-15 0)
(1 -7.70361e-15 0)
(1 -7.46394e-15 0)
(1 -9.74853e-15 0)
(1 6.06145e-15 0)
(1 1.24625e-15 0)
(1 -8.61656e-16 0)
(1 1.89973e-15 0)
(1 2.59856e-15 0)
(1 -1.48287e-15 0)
(1 -5.17557e-15 0)
(1 -7.099e-15 0)
(1 -1.02534e-15 0)
(1 -1.38193e-15 0)
(1 1.43758e-15 0)
(1 -1.35858e-15 0)
(1 -2.00241e-15 0)
(1 -3.79274e-15 0)
(1 1.72575e-15 0)
(1 -2.75092e-15 0)
(1 -1.55109e-15 0)
(1 -2.91393e-15 0)
(1 -3.73013e-15 0)
(1 -5.73504e-15 0)
(1 7.63957e-16 0)
(1 -1.2567e-15 0)
(1 3.67225e-15 0)
(1 2.12663e-15 0)
(1 4.06129e-15 0)
(1 1.43388e-15 0)
(1 1.1057e-14 0)
(1 -2.0263e-15 0)
(1 -2.9207e-16 0)
(1 -5.19395e-15 0)
(1 -5.41414e-17 0)
(1 6.232e-15 0)
(1 -1.00235e-15 0)
(1 -1.38369e-15 0)
(1 1.43054e-15 0)
(1 2.60581e-16 0)
(1 2.86502e-15 0)
(1 3.01462e-15 0)
(1 3.0869e-15 0)
(1 7.83602e-15 0)
(1 3.01501e-15 0)
(1 6.3653e-15 0)
(1 7.21034e-15 0)
(1 3.95835e-15 0)
(1 6.64893e-15 0)
(1 9.93711e-15 0)
(1 7.11148e-15 0)
(1 4.67738e-15 0)
(1 2.80023e-15 0)
(1 5.64226e-15 0)
(1 2.26172e-15 0)
(1 6.41063e-15 0)
(1 6.01038e-15 0)
(1 6.16346e-15 0)
(1 4.09251e-15 0)
(1 -6.26764e-15 0)
(1 3.69996e-15 0)
(1 6.21731e-15 0)
(1 2.33146e-15 0)
(1 2.95643e-15 0)
(1 -1.28476e-15 0)
(1 1.30921e-14 0)
(1 4.91203e-15 0)
(1 1.85107e-15 0)
(1 5.39635e-16 0)
(1 2.33142e-15 0)
(1 2.44643e-15 0)
(1 4.26253e-15 0)
(1 6.30274e-15 0)
(1 3.01512e-15 0)
(1 -1.937e-15 0)
(1 -1.06501e-14 0)
(1 -6.03082e-16 0)
(1 -8.24498e-16 0)
(1 2.77856e-15 0)
(1 4.03238e-15 0)
(1 8.80754e-15 0)
(1 4.60571e-15 0)
(1 2.14514e-15 0)
(1 -6.41746e-16 0)
(1 2.06325e-15 0)
(1 3.85806e-15 0)
(1 3.51968e-15 0)
(1 1.14139e-15 0)
(1 -1.44941e-15 0)
(1 -3.52255e-15 0)
(1 -1.15569e-14 0)
(1 -1.07226e-15 0)
(1 -4.13101e-16 0)
(1 4.74582e-15 0)
(1 -4.05931e-15 0)
(1 -7.24991e-16 0)
(1 -1.24226e-15 0)
(1 -1.19977e-15 1.27296e-47)
(1 -4.83313e-15 0)
(1 -5.18985e-15 0)
(1 -7.05509e-15 0)
(1 -5.28956e-15 0)
(1 -7.44134e-15 0)
(1 -3.5504e-15 0)
(1 -3.0423e-15 0)
(1 -8.41946e-15 0)
(1 -1.51243e-14 0)
(1 -5.08891e-15 0)
(1 -2.40925e-15 0)
(1 3.181e-15 0)
(1 1.74656e-15 0)
(1 9.1597e-16 0)
(1 1.56894e-15 0)
(1 5.31143e-15 0)
(1 8.82019e-16 0)
(1 -3.34128e-16 0)
(1 -3.54323e-15 0)
(1 -3.32114e-15 0)
(1 -7.7054e-15 -2.16986e-47)
(1 -3.13254e-15 0)
(1 -3.12807e-16 -2.14971e-47)
(1 -1.01431e-16 0)
(1 -5.31139e-15 0)
(1 -2.63464e-15 0)
(1 -2.36344e-15 0)
(1 3.19244e-15 0)
(1 3.51416e-15 0)
(1 4.43249e-15 0)
(1 -1.8796e-15 0)
(1 7.29213e-16 0)
(1 1.05061e-15 0)
(1 -3.99365e-15 0)
(1 5.76298e-15 0)
(1 2.35051e-15 0)
(1 1.72267e-15 0)
(1 -3.33064e-15 0)
(1 -4.3607e-15 0)
(1 -3.36215e-15 0)
(1 3.22475e-15 0)
(1 4.98833e-15 0)
(1 4.3011e-15 0)
(1 3.41654e-15 0)
(1 6.87344e-15 0)
(1 7.35032e-15 1.00389e-47)
(1 2.22664e-15 -9.84591e-48)
(1 2.58615e-15 -1.01123e-47)
(1 3.35145e-15 8.53503e-48)
(1 4.42949e-15 8.82993e-48)
(1 4.87935e-15 -9.17163e-48)
(1 1.01034e-14 -8.03196e-48)
(1 8.90022e-15 7.25618e-48)
(1 6.34996e-15 6.82549e-48)
(1 2.07973e-15 -6.27221e-48)
(1 9.92686e-17 -5.11661e-48)
(1 1.99701e-15 0)
(1 1.2491e-14 0)
(1 3.32306e-15 -9.67875e-48)
(1 2.2666e-15 0)
(1 5.90749e-15 -8.9183e-48)
(1 1.24172e-14 5.42907e-48)
(1 4.28055e-15 -1.16626e-47)
(1 5.8465e-15 0)
(1 5.51499e-15 -1.00348e-47)
(1 1.03805e-15 4.53316e-48)
(1 -1.4306e-15 -8.87194e-48)
(1 2.67434e-15 0)
(1 1.32261e-15 -4.78369e-48)
(1 4.21031e-15 0)
(1 1.81554e-15 0)
(1 4.72087e-15 -3.34728e-48)
(1 1.83527e-15 -1.87134e-48)
(1 6.90733e-15 0)
(1 1.79369e-15 -9.10182e-49)
(1 -2.70255e-15 -2.67259e-49)
(1 -1.3442e-15 0)
(1 2.99971e-15 0)
(1 3.62851e-15 0)
(1 1.25032e-15 0)
(1 -1.55984e-17 0)
(1 2.52918e-15 0)
(1 -2.21243e-15 0)
(1 5.21323e-15 0)
(1 5.42353e-15 0)
(1 2.22076e-15 0)
(1 8.64624e-17 0)
(1 -3.03801e-15 0)
(1 -5.03757e-15 0)
(1 7.63084e-16 0)
(1 -2.56648e-16 0)
(1 2.89201e-15 0)
(1 -6.96362e-16 0)
(1 1.9812e-15 0)
(1 -1.46915e-15 0)
(1 6.05493e-16 0)
(1 -6.59762e-15 0)
(1 -7.51915e-16 0)
(1 -1.62819e-15 0)
(1 3.8937e-15 -1.27296e-47)
(1 -5.9078e-15 0)
(1 -3.61608e-15 0)
(1 -2.11153e-14 0)
(1 -4.618e-15 0)
(1 1.34612e-16 0)
(1 4.6267e-15 0)
(1 1.8053e-15 0)
(1 8.48509e-15 0)
(1 -8.87366e-15 0)
(1 -1.12658e-14 0)
(1 -1.49406e-14 0)
(1 -6.17815e-15 0)
(1 -8.11383e-16 0)
(1 2.64337e-15 0)
(1 -2.72259e-15 0)
(1 4.02773e-15 0)
(1 1.55558e-15 0)
(1 4.53451e-17 0)
(1 -7.84926e-15 0)
(1 -6.19776e-15 0)
(1 -6.84246e-15 2.16986e-47)
(1 -3.91046e-15 0)
(1 -1.46391e-15 2.14971e-47)
(1 -3.34787e-15 0)
(1 -4.14886e-15 0)
(1 -2.72268e-15 0)
(1 -1.77438e-15 0)
(1 6.89036e-15 0)
(1 8.43131e-15 0)
(1 5.33777e-15 0)
(1 7.13026e-15 0)
(1 1.82075e-15 0)
(1 1.51993e-15 0)
(1 5.10553e-15 0)
(1 1.82427e-15 0)
(1 -2.30404e-15 0)
(1 -9.26399e-15 0)
(1 -1.1947e-14 0)
(1 3.32903e-15 0)
(1 -1.71663e-15 0)
(1 2.54448e-15 0)
(1 -3.40446e-16 0)
(1 2.47141e-15 0)
(1 -9.4947e-15 0)
(1 4.80445e-15 0)
(1 -2.06657e-15 -1.00389e-47)
(1 9.68295e-15 9.84591e-48)
(1 7.64927e-16 1.01123e-47)
(1 3.58176e-15 -8.53503e-48)
(1 -1.79937e-15 -8.82993e-48)
(1 -2.01735e-15 9.17163e-48)
(1 8.28631e-15 8.03196e-48)
(1 9.02872e-15 -7.25618e-48)
(1 3.57811e-15 -6.82549e-48)
(1 2.74535e-15 6.27221e-48)
(1 1.53972e-15 5.11661e-48)
(1 1.34177e-15 0)
(1 1.73006e-15 0)
(1 -8.41094e-17 9.67875e-48)
(1 4.75674e-15 0)
(1 3.2958e-15 8.9183e-48)
(1 7.91203e-15 -5.42907e-48)
(1 9.62163e-15 1.16626e-47)
(1 9.68959e-16 0)
(1 7.01613e-15 1.00348e-47)
(1 -4.73709e-16 -4.53316e-48)
(1 3.97242e-15 8.87194e-48)
(1 -6.2689e-15 0)
(1 2.23485e-15 4.78369e-48)
(1 9.30807e-15 0)
(1 7.31127e-15 0)
(1 -5.49708e-15 3.34728e-48)
(1 -5.60475e-15 1.87134e-48)
(1 -5.24501e-16 0)
(1 3.14463e-15 9.10182e-49)
(1 3.19837e-15 2.67259e-49)
(1 8.68584e-16 0)
(1 8.85747e-15 0)
(1 9.20841e-16 0)
(1 2.29604e-15 0)
(1 -3.14136e-15 0)
(1 -4.38827e-16 0)
(1 -2.93584e-15 0)
(1 -3.83922e-15 0)
(1 1.0414e-14 0)
(1 2.22521e-15 0)
(1 -7.29682e-16 0)
(1 -3.71498e-15 0)
(1 -1.16173e-15 0)
(1 6.45071e-16 0)
(1 8.95973e-16 0)
(1 3.98884e-15 0)
(1 1.40022e-14 0)
(1 -2.70878e-15 0)
(1 -5.75713e-15 0)
(1 -5.291e-15 0)
(1 -3.28043e-15 0)
(1 -3.89838e-15 0)
(1 -6.52667e-15 0)
(1 -2.34817e-15 0)
(1 9.50853e-16 0)
(1 -1.57889e-15 0)
(1 -6.77711e-15 0)
(1 -3.24679e-15 0)
(1 -2.84751e-15 0)
(1 1.01169e-16 0)
(1 1.51742e-15 0)
(1 -6.22608e-15 0)
(1 -4.45803e-15 0)
(1 -1.17047e-14 0)
(1 -6.69015e-15 0)
(1 -8.35825e-15 0)
(1 -3.58652e-15 0)
(1 -2.23707e-15 0)
(1 5.52407e-15 0)
(1 3.43888e-15 0)
(1 -3.80476e-15 0)
(1 -4.25816e-15 0)
(1 -1.13457e-15 0)
(1 -1.12894e-15 0)
(1 -9.96026e-16 0)
(1 -4.84891e-15 0)
(1 -5.6501e-15 0)
(1 -3.88202e-15 0)
(1 2.26966e-15 0)
(1 -7.70303e-15 0)
(1 -3.05512e-15 0)
(1 2.63966e-15 0)
(1 7.78447e-15 0)
(1 3.54773e-16 0)
(1 -1.16256e-16 0)
(1 1.3748e-15 0)
(1 8.93088e-15 0)
(1 2.04065e-14 0)
(1 5.77477e-16 0)
(1 -4.66665e-15 0)
(1 -6.32983e-15 0)
(1 -9.44323e-16 0)
(1 -2.78375e-15 0)
(1 1.12091e-15 0)
(1 -3.72524e-15 0)
(1 -1.34759e-15 0)
(1 2.80211e-15 0)
(1 -4.30774e-15 0)
(1 -5.71721e-15 0)
(1 -1.96431e-15 0)
(1 -5.17657e-16 0)
(1 -4.14842e-15 0)
(1 -4.05744e-15 0)
(1 1.58199e-15 0)
(1 2.84724e-15 0)
(1 4.33071e-15 0)
(1 7.69114e-15 0)
(1 3.62379e-15 0)
(1 6.83492e-15 0)
(1 1.06598e-15 0)
(1 -3.17871e-15 0)
(1 -7.94084e-15 0)
(1 2.93655e-15 0)
(1 4.37577e-16 0)
(1 4.33722e-15 0)
(1 2.57581e-16 0)
(1 7.95906e-15 0)
(1 7.56179e-15 0)
(1 1.41907e-15 0)
(1 4.48008e-15 0)
(1 3.09981e-15 0)
(1 8.76782e-16 0)
(1 1.01624e-15 0)
(1 5.77549e-15 0)
(1 3.54801e-15 0)
(1 -5.46647e-15 0)
(1 -6.98584e-15 0)
(1 -7.27906e-15 0)
(1 2.6594e-15 0)
(1 1.6556e-15 0)
(1 -1.13641e-15 0)
(1 2.51979e-15 0)
(1 1.15468e-15 0)
(1 5.8191e-15 0)
(1 6.658e-15 0)
(1 6.95074e-15 0)
(1 4.55004e-15 0)
(1 -4.92616e-15 0)
(1 -1.53079e-15 0)
(1 -2.2979e-16 0)
(1 -3.53738e-15 0)
(1 -2.84724e-15 0)
(1 7.1934e-15 0)
(1 -1.87045e-16 0)
(1 4.79837e-15 0)
(1 -1.82268e-15 0)
(1 2.09474e-15 0)
(1 -1.36061e-15 0)
(1 -1.01139e-14 0)
(1 -2.24371e-17 0)
(1 -2.58494e-15 0)
(1 -3.33873e-15 0)
(1 -2.90055e-15 0)
(1 -7.34594e-15 0)
(1 5.47531e-15 0)
(1 8.31126e-15 0)
(1 5.01808e-15 0)
(1 -1.46914e-14 0)
(1 -1.40949e-14 0)
(1 -6.34768e-15 0)
(1 -6.39662e-15 0)
(1 -1.59745e-14 0)
(1 -8.59443e-15 0)
(1 -8.80167e-15 0)
(1 -5.21093e-15 0)
(1 1.01088e-15 0)
(1 -6.34079e-16 0)
(1 -4.10449e-15 0)
(1 2.41941e-16 0)
(1 1.53117e-15 0)
(1 -1.89306e-15 0)
(1 1.19546e-15 0)
(1 8.2118e-17 0)
(1 -3.22361e-15 0)
(1 -3.87432e-15 0)
(1 1.0148e-15 0)
(1 -2.89274e-15 0)
(1 -6.14013e-16 0)
(1 4.40141e-15 0)
(1 -6.40654e-15 0)
(1 -6.18351e-16 0)
(1 -1.72853e-15 0)
(1 -3.12839e-16 0)
(1 8.81304e-16 0)
(1 2.66122e-15 0)
(1 4.02506e-15 0)
(1 2.64842e-15 0)
(1 -4.56414e-15 0)
(1 -5.37966e-15 0)
(1 -7.54411e-15 0)
(1 2.82737e-15 0)
(1 5.44865e-15 0)
(1 -4.17675e-15 0)
(1 4.73512e-15 0)
(1 7.20203e-16 0)
(1 -4.09725e-15 0)
(1 -1.07287e-14 0)
(1 -7.33143e-15 0)
(1 -1.06286e-14 0)
(1 1.19203e-15 0)
(1 -3.7083e-15 0)
(1 -1.55795e-15 0)
(1 -5.06945e-15 0)
(1 6.52469e-15 0)
(1 6.90969e-15 0)
(1 -1.07666e-15 0)
(1 -1.86143e-15 0)
(1 -6.96202e-17 0)
(1 -2.01565e-15 0)
(1 -2.23652e-15 0)
(1 3.95062e-15 0)
(1 1.95006e-15 0)
(1 6.19134e-15 0)
(1 5.49005e-15 0)
(1 9.56362e-15 0)
(1 6.65693e-15 0)
(1 6.1838e-16 0)
(1 3.77714e-15 0)
(1 2.24554e-17 0)
(1 1.56732e-15 0)
(1 -2.71047e-15 0)
(1 1.94636e-15 0)
(1 8.33342e-16 0)
(1 -2.84092e-15 0)
(1 -3.38131e-15 0)
(1 2.97215e-15 0)
(1 1.33227e-15 0)
(1 -4.03783e-15 0)
(1 -6.45795e-15 0)
(1 -4.42781e-15 0)
(1 -1.99584e-15 0)
(1 1.51778e-15 0)
(1 3.40117e-16 0)
(1 4.33978e-15 0)
(1 3.17502e-15 0)
(1 1.26359e-15 0)
(1 5.87217e-15 0)
(1 2.13998e-15 0)
(1 -3.9761e-15 0)
(1 1.06591e-15 0)
(1 -2.52153e-15 0)
(1 -2.2185e-15 0)
(1 2.83406e-16 0)
(1 7.46033e-16 0)
(1 -2.48364e-15 0)
(1 1.04781e-16 0)
(1 2.13883e-17 0)
(1 1.29925e-14 0)
(1 8.68794e-15 0)
(1 3.67869e-15 0)
(1 -1.92077e-15 0)
(1 -7.48717e-15 0)
(1 -4.15256e-15 0)
(1 5.85472e-16 0)
(1 1.96132e-15 0)
(1 3.77863e-15 0)
(1 -3.23066e-15 0)
(1 -8.42475e-15 0)
(1 -1.08751e-14 0)
(1 -1.42732e-14 0)
(1 -8.90951e-15 0)
(1 -5.41016e-15 0)
(1 -8.2007e-15 0)
(1 -1.21642e-14 0)
(1 -1.7106e-14 0)
(1 -4.34589e-15 0)
(1 -2.4616e-15 0)
(1 4.53551e-15 0)
(1 -6.01279e-15 0)
(1 -4.59574e-16 0)
(1 2.13719e-15 0)
(1 3.32959e-15 0)
(1 4.90276e-15 0)
(1 -2.42573e-15 0)
(1 6.59444e-16 0)
(1 1.38882e-15 0)
(1 -6.19485e-15 0)
(1 -1.26088e-14 0)
(1 -1.02379e-14 0)
(1 -1.81631e-15 0)
(1 -3.74898e-15 0)
(1 -2.53242e-15 0)
(1 2.28263e-15 0)
(1 4.96118e-15 0)
(1 9.41456e-15 0)
(1 8.7868e-15 0)
(1 -8.40519e-15 0)
(1 -1.27796e-14 0)
(1 -4.33702e-15 0)
(1 7.50465e-16 0)
(1 9.2588e-16 0)
(1 9.73097e-17 0)
(1 -1.02482e-15 0)
(1 4.95259e-16 0)
(1 1.67008e-15 0)
(1 -2.4615e-15 0)
(1 -3.73175e-15 0)
(1 -1.26196e-15 0)
(1 -2.31162e-17 0)
(1 -5.45588e-17 0)
(1 7.77234e-16 0)
(1 -1.46213e-15 0)
(1 -2.30749e-15 0)
(1 -6.10081e-15 0)
(1 -8.0754e-15 0)
(1 -1.8498e-15 0)
(1 -2.88459e-15 0)
(1 -6.26742e-15 0)
(1 -7.47601e-15 0)
(1 -2.02836e-16 0)
(1 4.35601e-15 0)
(1 -7.99677e-16 0)
(1 -2.97541e-15 0)
(1 2.97551e-15 0)
(1 1.77276e-15 0)
(1 1.99312e-15 0)
(1 -2.43122e-15 0)
(1 4.73881e-15 0)
(1 2.06347e-16 0)
(1 -1.10753e-15 0)
(1 -1.12153e-16 0)
(1 7.11569e-15 0)
(1 2.61031e-15 0)
(1 -2.47039e-15 0)
(1 -3.54156e-15 0)
(1 -1.22077e-15 0)
(1 3.71369e-16 0)
(1 1.30269e-15 0)
(1 2.59159e-16 0)
(1 1.77206e-15 0)
(1 5.50161e-15 0)
(1 5.1003e-15 0)
(1 6.24895e-15 0)
(1 1.30903e-15 0)
(1 -2.36727e-15 0)
(1 -7.82212e-15 0)
(1 -5.4006e-15 0)
(1 8.21516e-15 0)
(1 -4.01674e-15 0)
(1 -5.70905e-15 0)
(1 3.62156e-15 0)
(1 5.67883e-15 0)
(1 -7.41387e-15 0)
(1 3.28919e-15 0)
(1 -4.23939e-15 0)
(1 2.61581e-15 0)
(1 8.96042e-16 0)
(1 5.5489e-15 0)
(1 2.97485e-15 0)
(1 -6.06591e-15 0)
(1 -2.26679e-15 0)
(1 -4.95767e-15 0)
(1 9.21479e-16 0)
(1 1.84968e-15 0)
(1 4.02258e-15 0)
(1 -1.13325e-15 0)
(1 -6.67125e-16 0)
(1 7.19093e-15 0)
(1 -5.75578e-15 0)
(1 -1.28165e-14 0)
(1 -1.86727e-14 0)
(1 -8.48484e-15 0)
(1 2.5711e-15 0)
(1 1.93036e-15 0)
(1 -6.53098e-15 0)
(1 -8.99336e-15 0)
(1 -4.72946e-15 0)
(1 -7.76496e-15 0)
(1 -6.52121e-15 0)
(1 -1.32059e-14 0)
(1 -3.80184e-15 0)
(1 -6.95827e-15 0)
(1 2.88397e-15 0)
(1 4.93489e-16 0)
(1 7.37236e-16 0)
(1 -9.99754e-15 0)
(1 -8.29566e-15 0)
(1 -8.19021e-15 0)
(1 -6.40584e-15 0)
(1 -9.51298e-16 0)
(1 -5.25752e-15 0)
(1 6.7206e-16 0)
(1 2.00795e-16 0)
(1 4.35098e-15 0)
(1 -3.6584e-15 0)
(1 -3.28349e-15 0)
(1 -9.65772e-15 0)
(1 -1.13397e-15 0)
(1 6.66059e-15 0)
(1 8.06408e-15 0)
(1 1.42702e-15 0)
(1 -8.5238e-16 0)
(1 2.97305e-15 0)
(1 -5.54728e-15 0)
(1 9.96342e-16 0)
(1 7.13908e-15 0)
(1 6.99559e-15 0)
(1 6.45854e-15 0)
(1 1.8967e-15 0)
(1 -9.22972e-15 0)
(1 6.95284e-16 0)
(1 -1.4976e-15 0)
(1 2.57799e-15 0)
(1 -7.68449e-16 0)
(1 -4.2732e-15 0)
(1 -6.26153e-15 0)
(1 -4.02575e-15 0)
(1 -7.53176e-16 0)
(1 -5.67382e-15 0)
(1 3.08092e-15 0)
(1 -5.68256e-16 0)
(1 2.53869e-16 0)
(1 -2.18921e-15 0)
(1 5.04748e-15 0)
(1 -1.94571e-15 0)
(1 3.0873e-15 0)
(1 -9.60009e-16 0)
(1 4.4938e-15 0)
(1 2.46536e-15 0)
(1 2.47822e-15 0)
(1 1.95914e-15 0)
(1 3.0635e-15 0)
(1 -9.56161e-16 0)
(1 -1.79825e-15 0)
(1 -2.57955e-15 0)
(1 2.10907e-15 0)
(1 -2.55726e-15 0)
(1 -1.27759e-15 0)
(1 5.06513e-16 0)
(1 -2.25593e-15 0)
(1 4.40246e-15 0)
(1 4.47274e-15 0)
(1 -1.80542e-15 0)
(1 -8.43357e-15 0)
(1 -1.88478e-15 0)
(1 -7.12793e-15 0)
(1 6.47591e-15 0)
(1 1.39739e-14 0)
(1 5.73259e-15 0)
(1 -5.56804e-15 0)
(1 1.0463e-14 0)
(1 -9.71516e-16 0)
(1 -7.69433e-15 0)
(1 -5.2773e-15 0)
(1 9.8217e-17 0)
(1 1.3915e-15 0)
(1 4.41261e-15 0)
(1 5.51442e-15 0)
(1 -8.53991e-15 0)
(1 -4.42635e-15 0)
(1 5.44273e-15 0)
(1 9.81169e-15 0)
(1 7.36182e-15 0)
(1 -9.48539e-15 0)
(1 -9.16511e-15 0)
(1 -6.44418e-15 0)
(1 -7.79811e-15 0)
(1 -1.09456e-14 0)
(1 -5.77454e-15 0)
(1 -6.26557e-15 0)
(1 -1.10498e-14 0)
(1 -8.10783e-15 0)
(1 5.78084e-17 0)
(1 -1.698e-15 0)
(1 -3.91022e-15 0)
(1 -7.28096e-15 0)
(1 -3.89575e-15 0)
(1 -3.42076e-15 0)
(1 1.13211e-16 0)
(1 -8.72095e-15 0)
(1 -6.67587e-15 0)
(1 -2.39457e-16 0)
(1 4.24529e-16 0)
(1 -1.35243e-15 0)
(1 -9.32812e-16 0)
(1 -7.7136e-15 0)
(1 -1.43329e-15 0)
(1 -5.86889e-15 0)
(1 -4.82984e-15 0)
(1 -6.46566e-15 0)
(1 -3.77841e-15 0)
(1 -2.85672e-15 0)
(1 -3.76399e-15 0)
(1 -1.51068e-15 0)
(1 -4.30738e-15 0)
(1 -8.54522e-15 0)
(1 -4.06938e-15 0)
(1 -1.38263e-15 0)
(1 5.76059e-15 0)
(1 5.46243e-17 0)
(1 -1.51726e-15 0)
(1 1.56967e-16 0)
(1 2.57387e-15 0)
(1 4.3631e-15 0)
(1 1.06745e-15 0)
(1 5.57409e-15 0)
(1 -4.98414e-15 0)
(1 -2.15951e-15 0)
(1 -5.33494e-15 0)
(1 -3.67093e-15 0)
(1 -2.43425e-15 0)
(1 -3.80952e-16 0)
(1 -2.48851e-15 0)
(1 -4.75027e-16 0)
(1 -4.91126e-15 0)
(1 -9.65906e-15 0)
(1 -8.09296e-15 0)
(1 -2.8486e-15 0)
(1 -3.35568e-15 0)
(1 2.06575e-16 0)
(1 -1.93945e-15 0)
(1 3.58364e-15 0)
(1 5.44365e-15 0)
(1 4.03805e-15 0)
(1 -1.11284e-15 0)
(1 2.99177e-15 0)
(1 -2.00389e-15 0)
(1 -5.19366e-15 0)
(1 1.05246e-15 0)
(1 4.99832e-15 0)
(1 5.19406e-15 0)
(1 3.51842e-16 0)
(1 -2.43298e-15 0)
(1 -1.31064e-16 0)
(1 -1.15261e-17 0)
(1 2.8355e-15 0)
(1 -2.85814e-15 0)
(1 -1.56745e-15 0)
(1 -5.50197e-15 0)
(1 -5.73181e-15 0)
(1 -1.81004e-15 0)
(1 1.03505e-15 0)
(1 -1.36327e-15 0)
(1 4.57654e-16 0)
(1 -6.16819e-17 0)
(1 -2.61153e-16 0)
(1 2.55442e-15 0)
(1 -1.87157e-15 0)
(1 -2.22855e-15 0)
(1 4.91921e-15 0)
(1 7.29419e-15 0)
(1 1.94168e-15 0)
(1 -7.59184e-16 0)
(1 -5.7249e-15 0)
(1 4.00345e-15 0)
(1 -3.89679e-16 0)
(1 -6.63569e-16 0)
(1 -2.37018e-15 0)
(1 1.90546e-15 0)
(1 -2.45294e-16 0)
(1 1.8556e-15 0)
(1 -7.20564e-16 0)
(1 -2.93059e-15 0)
(1 -6.85247e-15 0)
(1 -1.00016e-14 0)
(1 -7.85863e-15 0)
(1 -7.22656e-15 0)
(1 -9.02701e-15 0)
(1 -1.98212e-15 0)
(1 -1.64921e-15 0)
(1 -1.56871e-16 0)
(1 -4.16934e-15 0)
(1 -7.60599e-15 0)
(1 -8.49581e-15 0)
(1 -7.57142e-15 0)
(1 -3.89272e-15 0)
(1 -4.24753e-15 0)
(1 -1.63975e-15 0)
(1 -4.47537e-15 0)
(1 1.69143e-15 0)
(1 -9.36513e-16 0)
(1 -1.03904e-15 0)
(1 -1.82978e-15 0)
(1 2.7912e-15 0)
(1 -2.12772e-17 0)
(1 -6.63689e-15 0)
(1 3.49304e-17 0)
(1 -5.13793e-15 0)
(1 -1.04959e-14 0)
(1 3.11956e-15 0)
(1 1.75498e-15 0)
(1 -9.57733e-15 0)
(1 -4.67114e-15 0)
(1 -7.717e-15 0)
(1 -9.33788e-16 0)
(1 -4.87038e-16 0)
(1 -3.73277e-15 0)
(1 3.22753e-15 0)
(1 3.81603e-15 0)
(1 1.91936e-15 0)
(1 1.38232e-15 0)
(1 3.05092e-15 0)
(1 8.99019e-16 0)
(1 9.56892e-15 0)
(1 -2.29163e-15 0)
(1 1.71061e-15 0)
(1 -9.89845e-17 0)
(1 6.38082e-15 0)
(1 2.93298e-15 0)
(1 7.2381e-15 0)
(1 -1.0661e-14 0)
(1 -1.08717e-15 0)
(1 -4.60283e-15 0)
(1 -6.09603e-15 0)
(1 -4.40511e-15 0)
(1 -9.0866e-15 0)
(1 -7.85535e-15 0)
(1 -7.05862e-15 0)
(1 -1.24317e-15 0)
(1 -4.71038e-15 0)
(1 1.17959e-16 0)
(1 5.66925e-16 0)
(1 6.62206e-15 0)
(1 -2.5807e-15 0)
(1 2.09405e-16 0)
(1 -1.82906e-15 0)
(1 -7.02238e-16 0)
(1 -3.07002e-15 0)
(1 -7.24458e-16 0)
(1 -5.52185e-16 0)
(1 3.14488e-15 0)
(1 3.56365e-15 0)
(1 4.67094e-15 0)
(1 7.15211e-15 0)
(1 4.46997e-15 0)
(1 -9.98075e-16 0)
(1 5.15443e-16 0)
(1 -1.86784e-15 0)
(1 1.53075e-15 0)
(1 4.22342e-15 0)
(1 -2.62004e-15 0)
(1 2.2509e-15 0)
(1 -3.56131e-16 0)
(1 4.56299e-15 0)
(1 4.91944e-15 0)
(1 4.60622e-15 0)
(1 -3.34763e-16 0)
(1 2.08491e-15 0)
(1 -1.05177e-14 0)
(1 4.22757e-15 0)
(1 -6.06791e-15 0)
(1 2.687e-15 0)
(1 2.07708e-15 0)
(1 2.49209e-15 0)
(1 -1.66536e-16 0)
(1 4.30783e-15 0)
(1 -2.55055e-15 0)
(1 -1.45307e-14 0)
(1 3.49847e-15 0)
(1 -1.02623e-15 0)
(1 -9.60639e-15 0)
(1 -5.6175e-15 0)
(1 -7.54579e-16 0)
(1 -1.37464e-15 0)
(1 3.51902e-15 0)
(1 1.35824e-15 0)
(1 2.60598e-15 0)
(1 -2.40172e-15 0)
(1 -5.59733e-15 0)
(1 5.1566e-15 0)
(1 -7.89176e-15 0)
(1 -6.62186e-15 0)
(1 -6.19587e-15 0)
(1 -1.03785e-14 0)
(1 -1.09389e-14 0)
(1 -6.11872e-15 0)
(1 -1.87747e-15 0)
(1 -5.17233e-15 0)
(1 -6.5078e-15 0)
(1 6.16885e-17 0)
(1 4.88815e-15 0)
(1 2.35095e-16 0)
(1 -4.68264e-15 0)
(1 -3.37895e-15 0)
(1 4.75113e-17 0)
(1 -4.88194e-15 0)
(1 -8.15237e-16 0)
(1 4.52737e-15 0)
(1 -2.82378e-15 0)
(1 -2.82847e-15 0)
(1 -2.37536e-15 0)
(1 -9.95013e-15 0)
(1 -5.90201e-15 0)
(1 -7.83474e-15 0)
(1 -3.77859e-15 0)
(1 2.119e-15 0)
(1 3.0455e-15 0)
(1 5.68336e-15 0)
(1 4.39937e-15 0)
(1 1.4916e-15 0)
(1 5.04157e-15 0)
(1 2.06492e-15 0)
(1 -8.6654e-16 0)
(1 -9.62717e-16 0)
(1 -2.14109e-16 0)
(1 -1.82883e-15 0)
(1 1.57197e-15 0)
(1 3.93218e-15 0)
(1 7.04541e-15 0)
(1 -3.04067e-15 0)
(1 -2.52976e-15 0)
(1 -6.26637e-16 0)
(1 -3.20948e-15 0)
(1 -3.78804e-15 0)
(1 -3.92699e-16 0)
(1 6.38349e-16 0)
(1 -1.80962e-15 0)
(1 -5.82897e-15 0)
(1 -6.18933e-15 0)
(1 -7.93639e-15 0)
(1 -5.42588e-16 0)
(1 -5.4836e-16 0)
(1 -3.62187e-16 0)
(1 3.38966e-15 0)
(1 3.15989e-15 0)
(1 -3.95344e-15 0)
(1 1.24088e-16 0)
(1 -3.12719e-15 0)
(1 -2.88352e-15 0)
(1 -7.44424e-15 0)
(1 -2.32722e-15 0)
(1 -3.40049e-15 0)
(1 4.18088e-15 0)
(1 8.50495e-16 0)
(1 6.90664e-15 0)
(1 2.85617e-15 0)
(1 2.49425e-15 0)
(1 -9.331e-16 0)
(1 6.37142e-15 0)
(1 5.29953e-15 0)
(1 -7.41756e-16 0)
(1 -2.22682e-16 0)
(1 -2.49528e-15 0)
(1 -6.28114e-16 0)
(1 -3.37259e-15 0)
(1 4.70667e-15 0)
(1 -1.87682e-15 0)
(1 8.31363e-15 0)
(1 -5.94473e-16 0)
(1 4.78354e-15 0)
(1 -7.04195e-15 0)
(1 6.74631e-15 0)
(1 1.2517e-15 0)
(1 8.48245e-15 0)
(1 -8.54355e-15 0)
(1 -9.13484e-16 0)
(1 -2.3785e-15 0)
(1 -2.19155e-15 0)
(1 -1.64476e-15 0)
(1 -4.11485e-16 0)
(1 -1.21752e-14 0)
(1 -5.03042e-15 0)
(1 -7.27153e-15 0)
(1 -1.75874e-15 0)
(1 -2.8471e-15 0)
(1 1.21324e-15 0)
(1 -5.07396e-16 0)
(1 -5.21876e-15 0)
(1 -9.63326e-16 0)
(1 3.54093e-15 0)
(1 1.69794e-15 0)
(1 9.26421e-16 0)
(1 -3.74986e-15 0)
(1 -1.37804e-14 0)
(1 -7.61641e-15 0)
(1 -6.87372e-15 0)
(1 -4.10625e-15 0)
(1 3.78399e-15 0)
(1 2.88386e-15 0)
(1 -1.1307e-15 0)
(1 -2.77864e-15 0)
(1 -2.37961e-15 0)
(1 -5.56375e-16 0)
(1 -2.55367e-15 0)
(1 1.70178e-16 0)
(1 -6.85709e-15 0)
(1 -1.36607e-14 0)
(1 8.85121e-17 0)
(1 6.22278e-16 0)
(1 -3.84959e-15 0)
(1 -4.59271e-16 0)
(1 -6.25059e-16 0)
(1 -2.68896e-15 0)
(1 -5.17413e-15 0)
(1 -5.37326e-15 0)
(1 -6.55237e-15 0)
(1 8.79513e-16 0)
(1 4.97498e-15 0)
(1 7.5248e-15 0)
(1 6.20205e-15 0)
(1 2.66149e-15 0)
(1 -8.4874e-16 0)
(1 6.43428e-16 0)
(1 -2.72808e-15 0)
(1 3.23369e-15 0)
(1 5.29743e-15 0)
(1 2.12267e-15 0)
(1 -1.02782e-15 0)
(1 5.45819e-15 0)
(1 -7.49073e-15 0)
(1 -4.42998e-15 0)
(1 -1.17041e-14 0)
(1 -9.07552e-15 0)
(1 -6.19485e-15 0)
(1 -3.24488e-15 0)
(1 4.09981e-15 0)
(1 5.67172e-17 0)
(1 -1.4784e-15 0)
(1 -4.29225e-15 0)
(1 -4.91758e-15 0)
(1 -3.37312e-15 0)
(1 -2.36895e-15 0)
(1 -6.37007e-15 0)
(1 -4.44388e-15 0)
(1 -7.76842e-16 0)
(1 4.29453e-16 0)
(1 3.23647e-15 0)
(1 7.01269e-16 0)
(1 -8.28298e-17 0)
(1 1.96282e-15 0)
(1 2.53529e-15 0)
(1 1.95857e-16 0)
(1 3.00072e-15 0)
(1 -1.68714e-15 0)
(1 3.18425e-15 0)
(1 -8.93152e-16 0)
(1 -1.43012e-15 0)
(1 2.35438e-15 0)
(1 -2.03635e-15 0)
(1 -5.81284e-15 0)
(1 -1.37923e-16 0)
(1 -5.9423e-15 0)
(1 2.56806e-15 0)
(1 3.87758e-15 0)
(1 -1.68129e-15 0)
(1 5.38528e-15 0)
(1 -5.21451e-15 0)
(1 -1.07618e-14 0)
(1 1.27946e-15 0)
(1 1.36152e-15 0)
(1 2.7615e-15 0)
(1 1.07306e-14 0)
(1 4.85006e-15 0)
(1 4.98102e-15 0)
(1 -2.7673e-15 0)
(1 -9.49022e-15 0)
(1 -1.9699e-15 0)
(1 -1.91772e-18 0)
(1 1.17213e-14 0)
(1 7.55719e-16 0)
(1 -7.21018e-15 0)
(1 -9.21106e-15 0)
(1 -1.58461e-14 0)
(1 -2.51737e-15 0)
(1 -3.89809e-15 0)
(1 -3.42515e-15 0)
(1 -1.88332e-15 0)
(1 -3.05987e-15 0)
(1 1.84184e-15 0)
(1 -1.21449e-14 0)
(1 -1.62397e-15 0)
(1 -4.72676e-15 0)
(1 -5.09796e-15 0)
(1 2.32404e-15 0)
(1 5.9341e-15 0)
(1 1.02901e-15 0)
(1 -5.96236e-15 0)
(1 -2.31031e-16 0)
(1 -1.31445e-15 0)
(1 -8.2834e-15 0)
(1 -1.32467e-14 0)
(1 -8.13804e-15 0)
(1 -5.59798e-16 0)
(1 4.46691e-15 0)
(1 1.1792e-15 0)
(1 2.75671e-15 0)
(1 -1.04212e-14 0)
(1 -3.40399e-15 0)
(1 4.09077e-15 0)
(1 7.7155e-15 0)
(1 8.32368e-15 0)
(1 -3.06763e-15 0)
(1 -9.89637e-15 0)
(1 -5.26624e-15 0)
(1 -5.61911e-15 0)
(1 -5.88324e-15 0)
(1 1.43338e-16 0)
(1 6.38892e-15 0)
(1 7.8718e-15 0)
(1 1.03043e-14 0)
(1 -2.27451e-16 0)
(1 -8.75147e-16 0)
(1 1.24081e-16 0)
(1 -8.07604e-16 0)
(1 -1.17566e-15 0)
(1 -3.26263e-15 0)
(1 3.31138e-16 0)
(1 -3.57404e-15 0)
(1 -7.46075e-15 0)
(1 -4.96736e-15 0)
(1 -6.27308e-15 0)
(1 -5.89749e-15 0)
(1 -6.09199e-15 0)
(1 -8.14743e-15 0)
(1 -6.04062e-15 0)
(1 -2.86457e-15 0)
(1 -4.39959e-15 0)
(1 -2.06181e-16 0)
(1 6.09497e-16 0)
(1 -3.59737e-15 0)
(1 -1.03066e-14 0)
(1 -3.07495e-16 0)
(1 1.42778e-15 0)
(1 -4.04875e-15 0)
(1 -1.13953e-16 0)
(1 -3.54019e-15 0)
(1 -1.32104e-15 0)
(1 6.88379e-16 0)
(1 2.26954e-15 0)
(1 2.50207e-15 0)
(1 1.39641e-15 0)
(1 1.6229e-15 0)
(1 -1.79991e-15 0)
(1 1.24831e-15 0)
(1 -2.0906e-15 0)
(1 -2.00479e-15 0)
(1 -1.88866e-15 0)
(1 -2.46735e-15 0)
(1 -7.70477e-15 0)
(1 -1.0413e-14 0)
(1 2.61657e-15 0)
(1 -3.08764e-15 0)
(1 -2.67267e-15 0)
(1 -9.93742e-16 0)
(1 1.95959e-15 0)
(1 -2.54914e-15 0)
(1 4.80346e-16 0)
(1 -1.61342e-14 0)
(1 -6.95558e-15 0)
(1 -1.52492e-14 0)
(1 5.25846e-16 0)
(1 3.90679e-15 0)
(1 8.78126e-15 0)
(1 -1.44244e-15 0)
(1 3.42588e-15 0)
(1 3.86525e-15 0)
(1 7.2326e-15 0)
(1 6.44623e-15 0)
(1 2.93729e-15 0)
(1 -3.2143e-15 0)
(1 -5.90489e-15 0)
(1 -1.23894e-14 0)
(1 -1.16021e-14 0)
(1 3.94155e-15 0)
(1 3.66505e-15 0)
(1 -5.78227e-15 0)
(1 -1.41062e-15 0)
(1 -2.06634e-15 0)
(1 -9.64872e-15 0)
(1 -1.02644e-14 0)
(1 -6.14289e-15 0)
(1 9.35771e-17 0)
(1 -1.88836e-15 0)
(1 8.28321e-15 0)
(1 6.24073e-15 0)
(1 -2.76868e-15 0)
(1 -2.16565e-16 0)
(1 -4.53486e-16 0)
(1 -2.10803e-15 0)
(1 -1.90683e-15 0)
(1 -1.11674e-14 0)
(1 -2.31041e-15 0)
(1 -6.01605e-16 0)
(1 7.58836e-16 0)
(1 -7.63727e-15 0)
(1 -4.25438e-15 0)
(1 -5.99207e-15 0)
(1 -5.0287e-15 0)
(1 5.62336e-15 0)
(1 1.05664e-15 0)
(1 1.29412e-15 0)
(1 -3.67393e-16 0)
(1 -2.66254e-15 0)
(1 -1.74972e-15 0)
(1 -1.91625e-15 0)
(1 -8.28558e-16 0)
(1 -3.55028e-16 0)
(1 -2.09102e-15 0)
(1 -3.7022e-15 0)
(1 8.24938e-16 0)
(1 -3.62822e-15 0)
(1 -3.81038e-16 0)
(1 4.85814e-15 0)
(1 1.02413e-14 0)
(1 2.34335e-15 0)
(1 -6.3313e-15 0)
(1 -4.34518e-15 0)
(1 -9.24519e-15 0)
(1 -1.70059e-14 0)
(1 -1.43823e-14 0)
(1 -7.19246e-15 0)
(1 -3.84193e-15 0)
(1 -2.53528e-15 0)
(1 2.13721e-15 0)
(1 4.62219e-15 0)
(1 3.63258e-16 0)
(1 5.02008e-16 0)
(1 -4.7867e-15 0)
(1 -3.30881e-15 0)
(1 8.87822e-16 0)
(1 -2.0664e-15 0)
(1 -2.14592e-15 0)
(1 -9.14442e-16 0)
(1 -9.32318e-15 0)
(1 -7.06318e-15 0)
(1 -3.76789e-15 0)
(1 -4.66144e-15 0)
(1 -1.62317e-16 0)
(1 6.30786e-15 0)
(1 4.51222e-15 0)
(1 1.69368e-15 0)
(1 8.59611e-16 0)
(1 -1.69744e-16 0)
(1 5.04281e-15 0)
(1 -1.90027e-15 0)
(1 2.18315e-15 0)
(1 -4.73652e-15 0)
(1 -8.28982e-15 0)
(1 -1.52117e-14 0)
(1 -1.22013e-14 0)
(1 1.99799e-15 0)
(1 -2.61369e-15 0)
(1 5.0397e-15 0)
(1 -5.44484e-16 0)
(1 4.42028e-15 0)
(1 -5.94231e-15 0)
(1 -2.24783e-15 0)
(1 -1.09302e-14 0)
(1 -3.76574e-15 0)
(1 -1.46442e-15 0)
(1 2.28485e-15 0)
(1 2.63387e-15 0)
(1 -4.87963e-15 0)
(1 -1.7428e-15 0)
(1 1.97483e-15 0)
(1 2.74226e-15 0)
(1 -6.25654e-15 0)
(1 5.65971e-15 0)
(1 -5.32847e-16 0)
(1 1.22314e-14 0)
(1 7.60399e-15 0)
(1 5.04695e-15 0)
(1 2.61598e-15 0)
(1 -2.69597e-15 0)
(1 -1.19232e-14 0)
(1 -1.29521e-14 0)
(1 -1.27426e-14 0)
(1 -6.17369e-15 0)
(1 -8.34711e-15 0)
(1 -3.22091e-15 0)
(1 -7.90655e-15 0)
(1 -9.43448e-16 0)
(1 3.49249e-15 0)
(1 9.88942e-15 0)
(1 7.01249e-15 0)
(1 -5.10888e-16 0)
(1 -3.52051e-15 0)
(1 -7.29589e-15 0)
(1 -4.26635e-15 0)
(1 3.58049e-16 0)
(1 3.29183e-15 0)
(1 1.40835e-16 0)
(1 -8.39717e-15 0)
(1 -1.27702e-14 0)
(1 -6.89854e-15 0)
(1 -2.46652e-15 0)
(1 -5.58362e-16 0)
(1 -3.50633e-15 0)
(1 -2.24159e-15 0)
(1 -5.16646e-15 0)
(1 -5.39246e-15 0)
(1 3.02231e-15 0)
(1 3.79766e-15 0)
(1 6.52161e-16 0)
(1 2.97368e-15 0)
(1 -9.93597e-16 0)
(1 -2.87456e-15 0)
(1 -5.64151e-15 0)
(1 9.88938e-16 0)
(1 -1.78384e-15 0)
(1 3.14841e-15 0)
(1 6.05237e-16 0)
(1 3.59064e-15 0)
(1 4.96431e-16 0)
(1 -1.60005e-15 0)
(1 -1.10782e-15 0)
(1 -2.50865e-15 0)
(1 -2.63156e-15 0)
(1 -1.05152e-14 0)
(1 -9.52141e-15 0)
(1 -1.04739e-14 0)
(1 -7.78749e-15 0)
(1 -1.86453e-15 0)
(1 9.63188e-17 0)
(1 1.82428e-15 0)
(1 -1.88346e-15 0)
(1 -2.99842e-15 0)
(1 -2.59721e-15 0)
(1 -8.71342e-16 0)
(1 7.74579e-15 0)
(1 7.7138e-15 0)
(1 -6.0213e-15 0)
(1 -9.19271e-15 0)
(1 -7.02634e-15 0)
(1 -2.14153e-15 0)
(1 2.14647e-15 0)
(1 -2.36773e-15 0)
(1 -1.09274e-15 0)
(1 -6.4525e-16 0)
(1 4.17683e-15 0)
(1 1.53763e-15 0)
(1 -3.11084e-16 0)
(1 7.48593e-16 0)
(1 3.66888e-15 0)
(1 -3.89273e-15 0)
(1 -4.06666e-15 0)
(1 -6.00587e-15 0)
(1 -9.1104e-15 0)
(1 -1.83845e-14 0)
(1 -1.11093e-14 0)
(1 -2.85397e-15 0)
(1 -4.06537e-15 0)
(1 3.55507e-15 0)
(1 1.66995e-16 0)
(1 4.68741e-16 0)
(1 -2.30603e-15 0)
(1 3.73944e-15 0)
(1 -6.65564e-15 0)
(1 -5.31596e-15 0)
(1 6.23808e-16 0)
(1 1.73476e-15 0)
(1 -2.37167e-15 0)
(1 -6.27034e-15 0)
(1 -4.78629e-15 0)
(1 1.91429e-15 0)
(1 6.17947e-16 0)
(1 -9.0181e-15 0)
(1 6.10278e-15 0)
(1 5.31593e-15 0)
(1 2.9722e-15 0)
(1 6.91567e-15 0)
(1 8.21296e-15 0)
(1 7.78696e-15 0)
(1 -5.36113e-15 0)
(1 -1.13141e-14 0)
(1 -8.03057e-15 0)
(1 -5.54614e-15 0)
(1 -7.64878e-15 0)
(1 -7.17282e-15 0)
(1 -6.73211e-15 0)
(1 1.83001e-15 0)
(1 3.14589e-15 0)
(1 -1.26862e-15 0)
(1 -7.03832e-15 0)
(1 2.01989e-15 0)
(1 -3.9448e-15 0)
(1 -2.31521e-15 0)
(1 -7.93372e-15 0)
(1 -2.52091e-15 0)
(1 -4.05566e-15 0)
(1 7.3764e-15 0)
(1 -3.66489e-15 0)
(1 -7.53951e-15 0)
(1 -1.83622e-15 0)
(1 -4.8821e-15 0)
(1 -1.13291e-15 0)
(1 1.2374e-15 0)
(1 -4.60818e-16 0)
(1 -2.63736e-15 0)
(1 -1.16905e-16 0)
(1 2.29097e-15 0)
(1 1.12216e-15 0)
(1 -4.49698e-15 0)
(1 -5.41655e-15 0)
(1 -1.62305e-15 0)
(1 2.11814e-15 0)
(1 4.75093e-15 0)
(1 2.8939e-15 0)
(1 4.05567e-15 0)
(1 3.41912e-15 0)
(1 9.67451e-15 0)
(1 3.91293e-15 0)
(1 -1.31068e-15 0)
(1 -7.40693e-15 0)
(1 -2.52478e-15 0)
(1 -4.69178e-15 0)
(1 -5.6513e-16 0)
(1 -3.97199e-15 0)
(1 1.10863e-17 0)
(1 -2.1472e-15 0)
(1 -1.36291e-15 0)
(1 -2.49189e-15 0)
(1 1.75729e-15 0)
(1 -5.59628e-15 0)
(1 -3.35155e-15 0)
(1 -4.0185e-16 0)
(1 -2.5488e-15 0)
(1 -1.2699e-15 0)
(1 -1.37126e-15 0)
(1 2.58096e-15 0)
(1 2.35129e-15 0)
(1 -2.45226e-16 0)
(1 -1.18161e-15 0)
(1 5.36484e-15 0)
(1 7.30608e-16 0)
(1 -2.1298e-15 0)
(1 -3.30968e-15 0)
(1 -4.16438e-15 0)
(1 -8.0438e-15 0)
(1 1.56445e-15 0)
(1 -8.2239e-16 0)
(1 2.44259e-15 0)
(1 2.3838e-15 0)
(1 1.14553e-15 0)
(1 -3.96198e-15 0)
(1 -4.43181e-15 0)
(1 -8.83469e-16 0)
(1 -3.62241e-15 0)
(1 -6.92471e-15 0)
(1 -4.27359e-15 0)
(1 -2.40202e-15 0)
(1 7.58805e-17 0)
(1 -1.67843e-15 0)
(1 1.11246e-15 0)
(1 8.31257e-16 0)
(1 1.95652e-16 0)
(1 7.3119e-16 0)
(1 4.15103e-15 0)
(1 -4.72032e-15 0)
(1 -5.83093e-15 0)
(1 -7.49926e-15 0)
(1 -8.09493e-15 0)
(1 1.2159e-15 0)
(1 -4.55457e-15 0)
(1 1.33328e-15 0)
(1 7.0744e-15 0)
(1 3.27661e-15 0)
(1 -8.80924e-16 0)
(1 2.13257e-15 0)
(1 -6.56037e-15 0)
(1 -4.69937e-15 0)
(1 -5.72567e-15 0)
(1 -1.92994e-15 0)
(1 1.423e-15 0)
(1 1.30757e-15 0)
(1 -1.51556e-15 0)
(1 -6.77733e-16 0)
(1 -4.69222e-15 0)
(1 -2.41854e-15 0)
(1 -5.13927e-17 0)
(1 6.54768e-15 0)
(1 3.18584e-15 0)
(1 -6.19502e-15 0)
(1 -1.30934e-14 0)
(1 -9.28585e-15 0)
(1 -4.64017e-15 0)
(1 -4.67981e-15 0)
(1 -3.16959e-15 0)
(1 -3.20397e-15 0)
(1 -3.24301e-15 0)
(1 -3.84626e-15 0)
(1 -6.06385e-16 0)
(1 -2.9692e-15 0)
(1 5.66851e-15 0)
(1 -5.38128e-15 0)
(1 -9.92954e-15 0)
(1 6.09786e-16 0)
(1 8.7477e-16 0)
(1 3.05613e-15 0)
(1 1.62651e-15 0)
(1 -1.0798e-15 0)
(1 -1.22038e-15 0)
(1 -5.0076e-15 0)
(1 -4.77197e-15 0)
(1 -1.24499e-15 0)
(1 5.54126e-15 0)
(1 3.78929e-15 0)
(1 3.56805e-15 0)
(1 -3.35957e-15 0)
(1 1.48452e-15 0)
(1 -2.32394e-15 0)
(1 5.45215e-15 0)
(1 4.34386e-15 0)
(1 7.06476e-15 0)
(1 1.94859e-15 0)
(1 1.93681e-15 0)
(1 -5.28602e-15 0)
(1 -5.61231e-15 0)
(1 -1.37355e-15 0)
(1 -3.71386e-15 0)
(1 -4.38724e-15 0)
(1 -3.39815e-15 0)
(1 2.23385e-15 0)
(1 1.99635e-15 0)
(1 -4.67351e-16 0)
(1 -1.64823e-15 0)
(1 -5.65162e-16 0)
(1 -4.52777e-15 0)
(1 -4.45361e-15 0)
(1 9.85579e-16 0)
(1 6.01283e-16 0)
(1 5.14426e-15 0)
(1 1.09798e-15 0)
(1 6.68663e-15 0)
(1 1.30451e-15 0)
(1 -8.90263e-16 0)
(1 -2.16761e-15 0)
(1 2.27304e-15 0)
(1 2.01636e-15 0)
(1 3.03879e-15 0)
(1 -2.98437e-15 0)
(1 4.43281e-15 0)
(1 1.63103e-15 0)
(1 2.83044e-15 0)
(1 -1.85752e-15 0)
(1 3.26522e-16 0)
(1 -2.2185e-16 0)
(1 -4.18923e-15 0)
(1 -5.21172e-15 0)
(1 -4.74187e-15 0)
(1 -1.76149e-15 0)
(1 2.74426e-15 0)
(1 2.78087e-15 0)
(1 7.32174e-16 0)
(1 2.93139e-15 0)
(1 1.20156e-15 0)
(1 -2.62854e-15 0)
(1 7.23617e-15 0)
(1 1.75485e-15 0)
(1 -6.60607e-15 0)
(1 -9.48218e-15 0)
(1 -4.03694e-15 0)
(1 -7.49079e-15 0)
(1 -6.6002e-15 0)
(1 -3.36154e-15 0)
(1 1.27979e-15 0)
(1 8.00118e-15 0)
(1 -3.80665e-15 0)
(1 2.60855e-15 0)
(1 8.22867e-15 0)
(1 5.21978e-15 0)
(1 -8.98521e-16 0)
(1 -4.62486e-15 0)
(1 -9.3445e-15 0)
(1 -9.91766e-15 0)
(1 -2.91237e-15 0)
(1 -4.67905e-15 0)
(1 1.09536e-15 0)
(1 1.56921e-15 0)
(1 9.55946e-16 0)
(1 -7.56893e-15 0)
(1 -1.15558e-14 0)
(1 -1.81606e-15 0)
(1 2.82881e-15 0)
(1 -1.01966e-15 0)
(1 6.58785e-15 0)
(1 -2.71404e-15 0)
(1 -8.69657e-15 0)
(1 -9.88923e-15 0)
(1 -4.83916e-15 0)
(1 -8.55344e-15 0)
(1 -3.07707e-15 0)
(1 -7.40255e-15 0)
(1 -7.66089e-15 0)
(1 4.18273e-15 0)
(1 5.03606e-15 0)
(1 8.76311e-15 0)
(1 9.00043e-16 0)
(1 2.05754e-15 0)
(1 3.76518e-16 0)
(1 -5.70517e-15 0)
(1 -4.75535e-15 0)
(1 -4.48555e-15 0)
(1 2.98892e-15 0)
(1 4.78597e-15 0)
(1 7.24312e-15 0)
(1 4.11614e-15 0)
(1 3.79248e-15 0)
(1 8.63891e-17 0)
(1 -1.11598e-16 0)
(1 -9.4671e-16 0)
(1 5.17369e-15 0)
(1 4.21156e-15 0)
(1 5.1174e-15 0)
(1 -4.4298e-15 0)
(1 -3.26825e-15 0)
(1 -3.24141e-15 0)
(1 2.93177e-15 0)
(1 -4.25629e-15 0)
(1 1.27055e-15 0)
(1 -3.94131e-15 0)
(1 -4.26898e-16 0)
(1 -2.72504e-15 0)
(1 -5.51465e-16 0)
(1 -8.05996e-15 0)
(1 -9.15255e-15 0)
(1 -2.24644e-15 0)
(1 2.25653e-15 0)
(1 6.33101e-15 0)
(1 3.44641e-15 0)
(1 1.91829e-15 0)
(1 -3.22926e-15 0)
(1 -3.78292e-15 0)
(1 -2.02625e-15 0)
(1 3.86855e-15 0)
(1 1.52874e-15 0)
(1 -1.75998e-15 0)
(1 -1.07949e-15 0)
(1 6.26544e-15 0)
(1 2.81209e-15 0)
(1 3.86955e-15 0)
(1 2.42042e-15 0)
(1 1.90249e-15 0)
(1 1.90457e-15 0)
(1 1.77922e-15 0)
(1 -6.18548e-16 0)
(1 -1.52963e-15 0)
(1 -3.94361e-15 0)
(1 -5.76549e-15 0)
(1 -3.57769e-15 0)
(1 1.13777e-15 0)
(1 6.43391e-17 0)
(1 5.7855e-15 0)
(1 6.09209e-15 0)
(1 -2.94073e-15 0)
(1 3.28616e-15 0)
(1 -2.80757e-15 0)
(1 2.65499e-15 0)
(1 -4.48564e-15 0)
(1 -1.1156e-14 0)
(1 -2.17198e-14 0)
(1 -7.20894e-15 0)
(1 -5.21092e-15 0)
(1 2.4811e-16 0)
(1 -2.90093e-15 0)
(1 -1.07933e-15 0)
(1 3.94127e-15 0)
(1 1.46881e-15 0)
(1 2.23991e-15 0)
(1 8.14523e-16 0)
(1 7.93224e-15 0)
(1 2.19702e-15 0)
(1 3.46788e-16 0)
(1 -6.41386e-15 0)
(1 -3.11263e-15 0)
(1 -4.33164e-15 0)
(1 -6.77057e-15 0)
(1 -3.22999e-15 0)
(1 -3.72267e-15 0)
(1 -5.96165e-15 0)
(1 -1.92577e-15 0)
(1 -5.04833e-15 0)
(1 3.38609e-16 0)
(1 3.84479e-15 0)
(1 3.58885e-15 0)
(1 5.69371e-15 0)
(1 4.36367e-15 0)
(1 -3.62951e-15 0)
(1 -7.484e-15 0)
(1 -5.33492e-15 0)
(1 2.24183e-15 0)
(1 -5.8169e-16 0)
(1 3.36307e-15 0)
(1 -4.66885e-15 0)
(1 -3.27716e-15 0)
(1 -6.51081e-15 0)
(1 1.62792e-15 0)
(1 3.80226e-15 0)
(1 -2.29735e-15 0)
(1 4.9741e-15 0)
(1 -2.3396e-16 0)
(1 7.88036e-16 0)
(1 1.50603e-15 0)
(1 8.92875e-16 0)
(1 -3.40099e-15 0)
(1 -4.51703e-15 0)
(1 -1.2902e-15 0)
(1 4.20588e-15 0)
(1 2.98661e-15 0)
(1 2.74077e-15 0)
(1 4.53408e-15 0)
(1 9.9349e-15 0)
(1 3.06435e-15 0)
(1 -1.07896e-15 0)
(1 -4.27643e-15 0)
(1 -4.57466e-15 0)
(1 1.72568e-15 0)
(1 6.12816e-15 0)
(1 9.77201e-15 0)
(1 6.98106e-15 0)
(1 8.21111e-15 0)
(1 2.55736e-16 0)
(1 -3.90034e-15 0)
(1 -2.97797e-15 0)
(1 -7.95081e-15 0)
(1 -8.05064e-15 0)
(1 9.04636e-16 0)
(1 5.78342e-16 0)
(1 4.48288e-15 0)
(1 -1.02246e-15 0)
(1 5.66354e-15 0)
(1 2.6878e-15 0)
(1 2.96971e-15 0)
(1 -7.80838e-15 0)
(1 -6.0085e-16 0)
(1 4.84296e-15 0)
(1 7.69415e-15 0)
(1 -1.70572e-15 0)
(1 -3.21141e-15 0)
(1 -6.22238e-16 0)
(1 8.76306e-15 0)
(1 -2.32623e-15 0)
(1 2.32464e-15 0)
(1 -1.26714e-15 0)
(1 4.63444e-15 0)
(1 -1.63826e-15 0)
(1 2.86172e-15 0)
(1 1.91003e-15 0)
(1 2.33777e-15 0)
(1 5.78981e-15 0)
(1 2.8292e-15 0)
(1 -7.29564e-16 0)
(1 -1.97031e-16 0)
(1 3.93875e-15 0)
(1 -3.34657e-15 0)
(1 -3.88533e-15 0)
(1 -2.336e-15 0)
(1 -3.16177e-15 0)
(1 4.63378e-15 0)
(1 -5.68901e-15 0)
(1 -3.27477e-15 0)
(1 -1.55816e-14 0)
(1 1.06603e-15 0)
(1 -2.94057e-15 0)
(1 1.7959e-15 0)
(1 -6.30078e-16 0)
(1 3.34857e-17 0)
(1 5.91601e-15 0)
(1 3.98225e-15 0)
(1 2.88478e-15 0)
(1 9.42573e-16 0)
(1 -3.1486e-15 0)
(1 1.68254e-15 0)
(1 4.76187e-16 0)
(1 -5.19317e-15 0)
(1 -1.24111e-14 0)
(1 -7.6865e-15 0)
(1 -6.7223e-15 0)
(1 -3.58538e-15 0)
(1 -3.79725e-15 0)
(1 3.36655e-15 0)
(1 -5.56498e-15 0)
(1 -6.19529e-15 0)
(1 -2.88829e-15 0)
(1 1.05051e-15 0)
(1 9.03681e-15 0)
(1 8.28594e-15 0)
(1 1.02136e-15 0)
(1 -8.06022e-15 0)
(1 -2.94087e-15 0)
(1 -2.47529e-15 0)
(1 -1.04953e-16 0)
(1 7.61388e-15 0)
(1 2.3458e-15 0)
(1 -4.16649e-15 0)
(1 -5.04805e-15 0)
(1 -4.01653e-15 0)
(1 -2.90345e-15 0)
(1 6.32631e-16 0)
(1 -1.01944e-15 0)
(1 -4.37067e-15 0)
(1 5.46495e-16 0)
(1 4.49196e-15 0)
(1 5.19064e-16 0)
(1 -1.27933e-15 0)
(1 -4.98511e-15 0)
(1 -1.28001e-16 0)
(1 4.02602e-15 0)
(1 1.39777e-15 0)
(1 -1.58489e-15 0)
(1 5.97558e-16 0)
(1 1.3102e-15 0)
(1 1.0299e-15 0)
(1 -7.5814e-17 0)
(1 9.31013e-15 0)
(1 8.28881e-15 0)
(1 2.4091e-15 0)
(1 -1.64572e-15 0)
(1 1.00145e-15 0)
(1 -4.82673e-15 0)
(1 3.33512e-15 0)
(1 4.03622e-15 0)
(1 4.03984e-15 0)
(1 -2.38753e-15 0)
(1 4.13435e-15 0)
(1 6.91638e-15 0)
(1 2.29001e-15 0)
(1 2.1271e-17 0)
(1 -2.34351e-15 0)
(1 -1.45302e-16 0)
(1 3.27606e-15 0)
(1 7.23876e-15 0)
(1 3.786e-15 0)
(1 2.29033e-16 0)
(1 7.02009e-16 0)
(1 4.05568e-15 0)
(1 2.63948e-15 0)
(1 -4.42895e-16 0)
(1 -3.96011e-15 0)
(1 -3.23041e-15 0)
(1 3.40844e-16 0)
(1 1.31453e-15 0)
(1 1.74301e-15 0)
(1 1.48167e-15 0)
(1 -6.83657e-16 0)
(1 1.11615e-15 0)
(1 2.74582e-15 0)
(1 3.12326e-15 0)
(1 2.1267e-15 0)
(1 6.32678e-15 0)
(1 1.41812e-15 0)
(1 -1.1817e-16 0)
(1 -3.23962e-15 0)
(1 -4.65209e-16 0)
(1 -2.89809e-15 0)
(1 -3.10867e-15 0)
(1 -2.19563e-15 0)
(1 -3.68483e-15 0)
(1 4.85065e-16 0)
(1 -4.89207e-15 0)
(1 7.72587e-15 0)
(1 -5.42696e-15 0)
(1 5.96687e-15 0)
(1 -5.55027e-15 0)
(1 2.21592e-15 0)
(1 -7.95854e-16 0)
(1 6.1494e-15 0)
(1 4.95e-15 0)
(1 -4.54566e-15 0)
(1 2.46259e-15 0)
(1 -1.06902e-15 0)
(1 -2.43983e-15 0)
(1 -3.68715e-17 0)
(1 -1.49682e-15 0)
(1 -7.53287e-15 0)
(1 -8.5533e-15 0)
(1 2.62169e-15 0)
(1 6.98366e-16 0)
(1 3.96013e-16 0)
(1 -2.08873e-15 0)
(1 2.04772e-16 0)
(1 1.52368e-15 0)
(1 -3.96167e-15 0)
(1 3.20231e-16 0)
(1 3.71911e-15 0)
(1 9.12533e-16 0)
(1 2.21808e-16 0)
(1 -2.34864e-15 0)
(1 -4.33486e-15 0)
(1 -6.37855e-15 0)
(1 -4.75647e-15 0)
(1 3.55943e-15 0)
(1 5.16133e-15 0)
(1 2.98762e-15 0)
(1 -4.56639e-15 0)
(1 1.68357e-15 0)
(1 -3.54253e-15 0)
(1 -5.35245e-15 0)
(1 3.77544e-15 0)
(1 -2.68709e-15 0)
(1 2.28068e-15 0)
(1 3.24977e-15 0)
(1 3.60729e-15 0)
(1 3.4757e-15 0)
(1 3.62884e-15 0)
(1 -1.39235e-15 0)
(1 7.59775e-16 0)
(1 3.43434e-15 0)
(1 -1.53427e-15 0)
(1 -5.86311e-15 0)
(1 -4.41816e-15 0)
(1 -4.81673e-15 0)
(1 -1.22728e-15 0)
(1 -2.61162e-15 0)
(1 1.29301e-14 0)
(1 1.15126e-14 0)
(1 3.8344e-15 0)
(1 -5.54839e-16 0)
(1 -9.26636e-15 0)
(1 -6.00839e-15 0)
(1 -2.7643e-15 0)
(1 2.8936e-15 0)
(1 -6.93274e-16 0)
(1 -1.13102e-15 0)
(1 5.14051e-15 0)
(1 7.10772e-15 0)
(1 4.02807e-15 0)
(1 3.08774e-15 0)
(1 -1.6883e-15 0)
(1 2.20977e-15 0)
(1 -1.92904e-15 0)
(1 -2.80383e-17 0)
(1 -3.24055e-15 0)
(1 -1.691e-15 0)
(1 -2.23073e-15 0)
(1 7.79364e-16 0)
(1 -4.01393e-15 0)
(1 3.85616e-15 0)
(1 6.45698e-15 0)
(1 3.91744e-15 0)
(1 1.81034e-15 0)
(1 4.65509e-15 0)
(1 1.06188e-16 0)
(1 2.83385e-15 0)
(1 1.96837e-16 0)
(1 1.75017e-15 0)
(1 1.65741e-15 0)
(1 -5.44222e-15 0)
(1 -4.92469e-17 0)
(1 1.28633e-15 0)
(1 4.56887e-16 0)
(1 1.30048e-15 0)
(1 1.22672e-15 0)
(1 -7.07039e-16 0)
(1 1.76277e-16 0)
(1 2.90878e-15 0)
(1 -1.07452e-15 0)
(1 -1.46751e-15 0)
(1 -4.25013e-15 0)
(1 -4.76904e-15 0)
(1 -3.3485e-15 0)
(1 1.44117e-15 0)
(1 -2.19777e-15 0)
(1 1.38218e-15 0)
(1 2.28768e-15 0)
(1 3.14805e-15 0)
(1 7.06025e-15 0)
(1 -5.77634e-15 0)
(1 -3.67437e-15 0)
(1 -2.56484e-15 0)
(1 7.32874e-15 0)
(1 6.37984e-15 0)
(1 5.03828e-15 0)
(1 5.53308e-16 0)
(1 -4.68187e-16 0)
(1 -1.57787e-15 0)
(1 2.13618e-15 0)
(1 3.74221e-15 0)
(1 2.89498e-15 0)
(1 -2.42845e-15 0)
(1 -1.09906e-14 0)
(1 1.81697e-15 0)
(1 -2.46181e-15 0)
(1 2.96176e-15 0)
(1 1.30731e-15 0)
(1 -2.30219e-15 0)
(1 -1.16195e-15 0)
(1 4.32782e-15 0)
(1 1.69289e-15 0)
(1 -6.74063e-15 0)
(1 -2.60732e-15 0)
(1 3.75009e-15 0)
(1 6.60816e-15 0)
(1 1.74227e-15 0)
(1 -4.70469e-15 0)
(1 -5.9604e-15 0)
(1 -2.88598e-15 0)
(1 -9.32991e-16 0)
(1 1.58984e-15 0)
(1 6.13194e-15 0)
(1 4.98492e-15 0)
(1 1.40656e-15 0)
(1 6.92783e-16 0)
(1 1.77309e-16 0)
(1 -1.43918e-15 0)
(1 -2.84011e-15 0)
(1 -3.99861e-15 0)
(1 2.9386e-16 0)
(1 -5.5578e-17 0)
(1 -4.46204e-15 0)
(1 -4.09977e-15 0)
(1 3.1171e-15 0)
(1 -1.7879e-15 0)
(1 -1.197e-15 0)
(1 2.21697e-16 0)
(1 1.91563e-15 0)
(1 1.81294e-15 0)
(1 -3.18719e-15 0)
(1 -3.72191e-15 0)
(1 -5.48167e-16 0)
(1 -1.6689e-15 0)
(1 6.8092e-16 0)
(1 -8.60593e-16 0)
(1 -2.68512e-15 0)
(1 -4.44657e-16 0)
(1 1.17785e-16 0)
(1 3.23172e-15 0)
(1 3.12871e-15 0)
(1 1.33228e-15 0)
(1 4.3579e-15 0)
(1 3.79892e-15 0)
(1 6.80555e-16 0)
(1 -2.75072e-15 0)
(1 -6.92956e-15 0)
(1 -3.0653e-15 0)
(1 5.37393e-16 0)
(1 2.7697e-15 0)
(1 3.6682e-15 0)
(1 3.412e-15 0)
(1 -2.56454e-15 0)
(1 -2.8233e-16 0)
(1 -4.92128e-15 0)
(1 -1.95206e-15 0)
(1 -1.29975e-15 0)
(1 7.37364e-16 0)
(1 4.10645e-15 0)
(1 1.12933e-15 0)
(1 1.09948e-15 0)
(1 1.82949e-15 0)
(1 -5.23584e-16 0)
(1 -4.50092e-16 0)
(1 1.95026e-15 0)
(1 1.52588e-15 0)
(1 -5.55836e-16 0)
(1 2.51349e-15 0)
(1 5.26606e-16 0)
(1 1.26571e-15 0)
(1 -4.09923e-15 0)
(1 -4.23662e-16 0)
(1 -4.26871e-15 0)
(1 -6.34747e-17 0)
(1 -3.07086e-15 0)
(1 -6.93569e-15 0)
(1 -7.39201e-16 0)
(1 4.14969e-15 0)
(1 3.16068e-15 0)
(1 3.3244e-15 0)
(1 -1.43834e-15 0)
(1 1.85625e-15 0)
(1 3.84052e-16 0)
(1 3.43994e-15 0)
(1 8.82163e-16 0)
(1 3.49064e-15 0)
(1 1.6187e-15 0)
(1 -3.83256e-15 0)
(1 -3.22381e-15 0)
(1 -2.82809e-15 0)
(1 1.31855e-15 0)
(1 4.62879e-15 0)
(1 9.55774e-16 0)
(1 -7.75424e-15 0)
(1 -2.57621e-15 0)
(1 -3.08468e-15 0)
(1 -1.83939e-15 0)
(1 -2.01952e-15 0)
(1 3.01388e-15 0)
(1 6.2299e-15 0)
(1 6.61622e-15 0)
(1 1.52362e-15 0)
(1 -5.93326e-16 0)
(1 -6.0987e-15 0)
(1 -4.04428e-15 0)
(1 2.02741e-15 0)
(1 1.86115e-15 0)
(1 -3.72367e-16 0)
(1 -5.42938e-15 0)
(1 -2.30696e-15 0)
(1 -7.80124e-16 0)
(1 9.23904e-17 0)
(1 4.52656e-15 0)
(1 -1.49071e-15 0)
(1 -3.29066e-15 0)
(1 -1.95995e-15 0)
(1 -2.24809e-15 0)
(1 -5.64397e-16 0)
(1 2.17605e-15 0)
(1 1.46256e-15 0)
(1 1.61006e-15 0)
(1 2.32872e-15 0)
(1 -5.17221e-16 0)
(1 6.38962e-16 0)
(1 2.7681e-15 0)
(1 3.97802e-16 0)
(1 2.71164e-15 0)
(1 -2.63662e-16 0)
(1 -2.19482e-16 0)
(1 1.17314e-15 0)
(1 -6.64335e-15 0)
(1 -2.93066e-15 0)
(1 -3.20908e-15 0)
(1 -1.02433e-15 0)
(1 1.45721e-15 0)
(1 3.90688e-15 0)
(1 -2.23818e-15 0)
(1 2.83828e-15 0)
(1 4.30407e-15 0)
(1 1.90848e-15 0)
(1 3.97893e-15 0)
(1 2.94756e-15 0)
(1 4.93144e-15 0)
(1 5.01238e-15 0)
(1 -1.15231e-17 0)
(1 -1.81814e-15 0)
(1 -2.25185e-15 0)
(1 -6.42595e-16 0)
(1 7.13668e-16 0)
(1 4.24759e-16 0)
(1 -3.76955e-15 0)
(1 -1.17651e-15 0)
(1 -5.68788e-15 0)
(1 -2.37464e-15 0)
(1 -3.33031e-15 0)
(1 8.41502e-16 0)
(1 -9.89825e-16 0)
(1 -1.78151e-15 0)
(1 3.84489e-15 0)
(1 -9.12308e-16 0)
(1 7.50673e-15 0)
(1 -9.99241e-16 0)
(1 -2.2417e-15 0)
)
;

boundaryField
{
    inlet
    {
        type            fixedValue;
        value           uniform (1 0 0);
    }
    outlet
    {
        type            zeroGradient;
    }
    down
    {
        type            empty;
    }
    up
    {
        type            empty;
    }
    sides
    {
        type            slip;
    }
}

