/*--------------------------------*- C++ -*----------------------------------*\
| =========                 |                                                 |
| \\      /  F ield         | OpenFOAM: The Open Source CFD Toolbox           |
|  \\    /   O peration     | Version:  v2012                                 |
|   \\  /    A nd           | Website:  www.openfoam.com                      |
|    \\/     M anipulation  |                                                 |
\*---------------------------------------------------------------------------*/
FoamFile
{
    version     2.0;
    format      ascii;
    class       volScalarField;
    location    "0";
    object      pRec;
}
// * * * * * * * * * * * * * * * * * * * * * * * * * * * * * * * * * * * * * //

dimensions      [0 2 -2 0 0 0 0];


internalField   nonuniform List<scalar> 
4000
(
-6.9508e-13
-6.89568e-13
-6.9078e-13
-6.9381e-13
-6.91749e-13
-6.92066e-13
-6.9078e-13
-6.85881e-13
-6.75824e-13
-6.71976e-13
-6.73299e-13
-6.67837e-13
-6.5688e-13
-6.43056e-13
-6.29632e-13
-6.23156e-13
-6.18455e-13
-6.15942e-13
-6.08771e-13
-5.9517e-13
-5.8425e-13
-5.77177e-13
-5.71809e-13
-5.64569e-13
-5.5417e-13
-5.43498e-13
-5.41381e-13
-5.35767e-13
-5.29261e-13
-5.18419e-13
-5.02415e-13
-4.95515e-13
-4.93377e-13
-4.91328e-13
-4.86212e-13
-4.83199e-13
-4.74004e-13
-4.55693e-13
-4.3824e-13
-4.34592e-13
-4.35057e-13
-4.33031e-13
-4.33117e-13
-4.26693e-13
-4.15299e-13
-4.06353e-13
-3.97541e-13
-3.88231e-13
-3.78769e-13
-3.70734e-13
-3.61462e-13
-3.53296e-13
-3.45777e-13
-3.3667e-13
-3.28331e-13
-3.15677e-13
-3.08789e-13
-3.0588e-13
-3.03264e-13
-3.00129e-13
-2.91818e-13
-2.84478e-13
-2.74458e-13
-2.62593e-13
-2.5449e-13
-2.47071e-13
-2.42759e-13
-2.34815e-13
-2.24304e-13
-2.16853e-13
-2.09524e-13
-2.02758e-13
-1.89893e-13
-1.82903e-13
-1.81844e-13
-1.77533e-13
-1.73786e-13
-1.67511e-13
-1.58642e-13
-1.45691e-13
-1.33031e-13
-1.27459e-13
-1.18982e-13
-1.14642e-13
-1.10316e-13
-1.04557e-13
-9.53766e-14
-8.74944e-14
-8.38536e-14
-7.98848e-14
-7.38376e-14
-6.73666e-14
-6.02463e-14
-5.43015e-14
-4.54261e-14
-3.63612e-14
-2.81544e-14
-1.9926e-14
-1.12972e-14
-2.80903e-15
-6.91697e-13
-6.90496e-13
-6.93641e-13
-6.93561e-13
-6.94079e-13
-6.90793e-13
-6.88045e-13
-6.85684e-13
-6.80371e-13
-6.75444e-13
-6.69757e-13
-6.64403e-13
-6.55091e-13
-6.43703e-13
-6.32679e-13
-6.26315e-13
-6.21468e-13
-6.14535e-13
-6.05702e-13
-5.98368e-13
-5.87822e-13
-5.75957e-13
-5.68022e-13
-5.6141e-13
-5.52076e-13
-5.45946e-13
-5.42605e-13
-5.36478e-13
-5.2812e-13
-5.14747e-13
-5.05495e-13
-4.98812e-13
-4.92833e-13
-4.88214e-13
-4.83653e-13
-4.79572e-13
-4.72086e-13
-4.59302e-13
-4.45142e-13
-4.38569e-13
-4.34876e-13
-4.3237e-13
-4.29923e-13
-4.24778e-13
-4.1697e-13
-4.06539e-13
-3.96114e-13
-3.88068e-13
-3.7902e-13
-3.68317e-13
-3.60413e-13
-3.52444e-13
-3.45763e-13
-3.37794e-13
-3.2938e-13
-3.18369e-13
-3.08722e-13
-3.04174e-13
-3.01589e-13
-2.9861e-13
-2.93969e-13
-2.84505e-13
-2.75534e-13
-2.64337e-13
-2.56135e-13
-2.46878e-13
-2.40382e-13
-2.3396e-13
-2.26365e-13
-2.18249e-13
-2.09867e-13
-2.02714e-13
-1.94748e-13
-1.8594e-13
-1.81605e-13
-1.74228e-13
-1.72427e-13
-1.65345e-13
-1.55641e-13
-1.43935e-13
-1.34167e-13
-1.28868e-13
-1.22717e-13
-1.17033e-13
-1.08323e-13
-1.02291e-13
-9.3535e-14
-8.55715e-14
-8.22317e-14
-7.84137e-14
-7.53643e-14
-6.98728e-14
-6.39303e-14
-5.2492e-14
-4.38792e-14
-3.69973e-14
-2.7732e-14
-2.01254e-14
-1.29556e-14
-4.58333e-15
-6.91244e-13
-6.90322e-13
-6.92509e-13
-6.95677e-13
-6.96631e-13
-6.92164e-13
-6.87137e-13
-6.84617e-13
-6.78691e-13
-6.75142e-13
-6.70063e-13
-6.63692e-13
-6.54739e-13
-6.44976e-13
-6.34507e-13
-6.26852e-13
-6.20959e-13
-6.1399e-13
-6.0618e-13
-5.9717e-13
-5.86619e-13
-5.77766e-13
-5.68975e-13
-5.62213e-13
-5.53846e-13
-5.48335e-13
-5.43581e-13
-5.35484e-13
-5.25905e-13
-5.12897e-13
-5.06086e-13
-4.99049e-13
-4.92762e-13
-4.89679e-13
-4.85511e-13
-4.80905e-13
-4.7087e-13
-4.60819e-13
-4.49811e-13
-4.38806e-13
-4.34055e-13
-4.29129e-13
-4.29323e-13
-4.25381e-13
-4.17996e-13
-4.06805e-13
-3.94943e-13
-3.85411e-13
-3.79549e-13
-3.74094e-13
-3.62556e-13
-3.52748e-13
-3.43454e-13
-3.34797e-13
-3.27699e-13
-3.1943e-13
-3.08913e-13
-3.06263e-13
-3.06218e-13
-2.99864e-13
-2.91692e-13
-2.79714e-13
-2.71393e-13
-2.6563e-13
-2.58861e-13
-2.5049e-13
-2.43123e-13
-2.32846e-13
-2.25074e-13
-2.15304e-13
-2.06968e-13
-2.00018e-13
-1.91314e-13
-1.85559e-13
-1.81091e-13
-1.76487e-13
-1.713e-13
-1.654e-13
-1.55091e-13
-1.4464e-13
-1.39362e-13
-1.30977e-13
-1.18938e-13
-1.13386e-13
-1.07982e-13
-1.04562e-13
-9.82596e-14
-8.8799e-14
-8.21175e-14
-7.64439e-14
-7.29588e-14
-6.91972e-14
-6.21115e-14
-5.36444e-14
-4.32319e-14
-3.44002e-14
-2.83551e-14
-2.11365e-14
-1.64617e-14
-5.22375e-15
-6.92274e-13
-6.93473e-13
-6.9423e-13
-6.90562e-13
-6.94933e-13
-6.89207e-13
-6.87182e-13
-6.84809e-13
-6.82781e-13
-6.77393e-13
-6.68328e-13
-6.591e-13
-6.51294e-13
-6.45627e-13
-6.43136e-13
-6.3308e-13
-6.19081e-13
-6.10649e-13
-6.05243e-13
-5.96083e-13
-5.87221e-13
-5.79662e-13
-5.69767e-13
-5.56403e-13
-5.49283e-13
-5.46053e-13
-5.42841e-13
-5.37395e-13
-5.25742e-13
-5.16898e-13
-5.10008e-13
-5.02088e-13
-4.93485e-13
-4.87606e-13
-4.81215e-13
-4.80301e-13
-4.71136e-13
-4.59434e-13
-4.50957e-13
-4.41466e-13
-4.37232e-13
-4.34165e-13
-4.29145e-13
-4.2261e-13
-4.13095e-13
-4.03071e-13
-3.94663e-13
-3.89246e-13
-3.80931e-13
-3.67733e-13
-3.58038e-13
-3.51723e-13
-3.45502e-13
-3.3886e-13
-3.27106e-13
-3.20312e-13
-3.11073e-13
-3.05956e-13
-3.05138e-13
-2.98668e-13
-2.9007e-13
-2.81026e-13
-2.75464e-13
-2.6803e-13
-2.58273e-13
-2.49635e-13
-2.41969e-13
-2.32861e-13
-2.25755e-13
-2.17651e-13
-2.10708e-13
-2.03319e-13
-1.94328e-13
-1.86872e-13
-1.80593e-13
-1.75122e-13
-1.71612e-13
-1.64662e-13
-1.54952e-13
-1.45368e-13
-1.38144e-13
-1.318e-13
-1.21054e-13
-1.11663e-13
-1.07196e-13
-1.02335e-13
-9.59113e-14
-8.83254e-14
-8.10062e-14
-7.69782e-14
-7.49693e-14
-6.95542e-14
-6.38725e-14
-5.22391e-14
-4.32639e-14
-3.69144e-14
-2.99161e-14
-2.03416e-14
-1.32962e-14
-4.83586e-15
-6.93315e-13
-6.97664e-13
-6.94239e-13
-6.89715e-13
-6.86289e-13
-6.8968e-13
-6.89861e-13
-6.88245e-13
-6.81952e-13
-6.74465e-13
-6.66046e-13
-6.60744e-13
-6.51088e-13
-6.43464e-13
-6.41964e-13
-6.36185e-13
-6.25701e-13
-6.15255e-13
-6.029e-13
-5.90959e-13
-5.85994e-13
-5.78678e-13
-5.64628e-13
-5.55319e-13
-5.52504e-13
-5.49048e-13
-5.44402e-13
-5.36173e-13
-5.27973e-13
-5.1915e-13
-5.10576e-13
-5.03304e-13
-4.94351e-13
-4.88112e-13
-4.82194e-13
-4.79499e-13
-4.70172e-13
-4.59396e-13
-4.48368e-13
-4.40898e-13
-4.37293e-13
-4.36256e-13
-4.29376e-13
-4.21105e-13
-4.10795e-13
-4.00885e-13
-3.9328e-13
-3.87586e-13
-3.79726e-13
-3.71351e-13
-3.61568e-13
-3.54511e-13
-3.46399e-13
-3.38164e-13
-3.27717e-13
-3.18931e-13
-3.12369e-13
-3.07438e-13
-3.04065e-13
-2.97162e-13
-2.89869e-13
-2.81524e-13
-2.73176e-13
-2.67089e-13
-2.61558e-13
-2.54831e-13
-2.46811e-13
-2.34241e-13
-2.25418e-13
-2.15245e-13
-2.07098e-13
-2.00578e-13
-1.94074e-13
-1.87037e-13
-1.77322e-13
-1.72121e-13
-1.69993e-13
-1.64373e-13
-1.5726e-13
-1.47299e-13
-1.39541e-13
-1.33913e-13
-1.21286e-13
-1.10967e-13
-1.03978e-13
-9.91193e-14
-9.55424e-14
-9.10687e-14
-8.32756e-14
-7.84491e-14
-7.38974e-14
-6.92093e-14
-6.17257e-14
-5.59387e-14
-4.78548e-14
-3.73522e-14
-2.9977e-14
-2.26453e-14
-1.28829e-14
-2.50991e-15
-6.89949e-13
-6.9925e-13
-6.9586e-13
-6.86895e-13
-6.90713e-13
-6.94342e-13
-6.92573e-13
-6.88395e-13
-6.80123e-13
-6.67077e-13
-6.63448e-13
-6.59543e-13
-6.55553e-13
-6.45422e-13
-6.3883e-13
-6.37981e-13
-6.27472e-13
-6.17697e-13
-6.07482e-13
-5.94188e-13
-5.83712e-13
-5.72389e-13
-5.55542e-13
-5.52092e-13
-5.53022e-13
-5.5231e-13
-5.44369e-13
-5.35054e-13
-5.26955e-13
-5.22158e-13
-5.12129e-13
-5.02688e-13
-4.94219e-13
-4.91087e-13
-4.8765e-13
-4.78317e-13
-4.67937e-13
-4.59139e-13
-4.48522e-13
-4.43285e-13
-4.399e-13
-4.36742e-13
-4.278e-13
-4.21541e-13
-4.11027e-13
-3.98987e-13
-3.89451e-13
-3.83911e-13
-3.7982e-13
-3.71203e-13
-3.63724e-13
-3.53892e-13
-3.44846e-13
-3.35894e-13
-3.26311e-13
-3.20569e-13
-3.14952e-13
-3.08706e-13
-3.0245e-13
-2.97967e-13
-2.91922e-13
-2.82419e-13
-2.74162e-13
-2.67084e-13
-2.57911e-13
-2.53003e-13
-2.47576e-13
-2.35401e-13
-2.26425e-13
-2.1825e-13
-2.08579e-13
-2.00882e-13
-1.95463e-13
-1.88902e-13
-1.79264e-13
-1.74592e-13
-1.68782e-13
-1.61235e-13
-1.56189e-13
-1.49636e-13
-1.42173e-13
-1.33056e-13
-1.19087e-13
-1.08768e-13
-1.04697e-13
-1.01478e-13
-9.76396e-14
-8.90255e-14
-8.23911e-14
-7.80264e-14
-7.34829e-14
-6.94121e-14
-6.00316e-14
-5.51933e-14
-4.80134e-14
-4.06674e-14
-3.01603e-14
-2.1502e-14
-1.09628e-14
-1.37914e-15
-6.95089e-13
-6.95942e-13
-6.95418e-13
-6.91936e-13
-6.89431e-13
-6.92893e-13
-6.92091e-13
-6.86074e-13
-6.782e-13
-6.67579e-13
-6.59537e-13
-6.58674e-13
-6.57578e-13
-6.46756e-13
-6.40095e-13
-6.35148e-13
-6.31291e-13
-6.22933e-13
-6.04709e-13
-5.87112e-13
-5.71396e-13
-5.67538e-13
-5.65618e-13
-5.63182e-13
-5.58251e-13
-5.51805e-13
-5.41193e-13
-5.32624e-13
-5.28635e-13
-5.23972e-13
-5.15008e-13
-5.01719e-13
-4.95303e-13
-4.87092e-13
-4.81928e-13
-4.75888e-13
-4.69707e-13
-4.64394e-13
-4.53688e-13
-4.41983e-13
-4.35027e-13
-4.30515e-13
-4.25735e-13
-4.21542e-13
-4.14578e-13
-4.04051e-13
-3.92545e-13
-3.83092e-13
-3.76625e-13
-3.70827e-13
-3.63323e-13
-3.5714e-13
-3.47979e-13
-3.3623e-13
-3.27787e-13
-3.21582e-13
-3.14679e-13
-3.033e-13
-2.98576e-13
-2.97277e-13
-2.96137e-13
-2.87945e-13
-2.76598e-13
-2.64589e-13
-2.55031e-13
-2.49643e-13
-2.42159e-13
-2.31127e-13
-2.22033e-13
-2.17526e-13
-2.16692e-13
-2.07074e-13
-1.9678e-13
-1.91736e-13
-1.82089e-13
-1.72714e-13
-1.64907e-13
-1.57593e-13
-1.52058e-13
-1.47818e-13
-1.41363e-13
-1.3228e-13
-1.24044e-13
-1.14982e-13
-1.08459e-13
-9.81258e-14
-9.46911e-14
-9.08548e-14
-8.29039e-14
-7.9701e-14
-7.30025e-14
-6.48921e-14
-6.0344e-14
-5.4714e-14
-4.82506e-14
-3.82733e-14
-2.99824e-14
-2.01182e-14
-1.10606e-14
-3.56776e-15
-6.94447e-13
-6.94112e-13
-6.92063e-13
-6.92835e-13
-6.9542e-13
-6.95085e-13
-6.91919e-13
-6.85306e-13
-6.76628e-13
-6.68978e-13
-6.63106e-13
-6.57504e-13
-6.5393e-13
-6.44713e-13
-6.40712e-13
-6.35021e-13
-6.31348e-13
-6.22253e-13
-5.99861e-13
-5.88409e-13
-5.83997e-13
-5.77039e-13
-5.66635e-13
-5.57108e-13
-5.54117e-13
-5.47774e-13
-5.36869e-13
-5.30724e-13
-5.25967e-13
-5.21388e-13
-5.14879e-13
-5.07112e-13
-5.00988e-13
-4.9446e-13
-4.82911e-13
-4.74879e-13
-4.68337e-13
-4.59518e-13
-4.51432e-13
-4.42148e-13
-4.36344e-13
-4.34152e-13
-4.27055e-13
-4.2512e-13
-4.19049e-13
-4.04282e-13
-3.88922e-13
-3.75156e-13
-3.73768e-13
-3.72669e-13
-3.68376e-13
-3.60577e-13
-3.47725e-13
-3.36319e-13
-3.25301e-13
-3.18842e-13
-3.15092e-13
-3.09296e-13
-3.0065e-13
-2.94419e-13
-2.91775e-13
-2.84884e-13
-2.77491e-13
-2.68951e-13
-2.60538e-13
-2.51744e-13
-2.42865e-13
-2.32872e-13
-2.26904e-13
-2.19908e-13
-2.12536e-13
-2.07048e-13
-1.95771e-13
-1.83499e-13
-1.76303e-13
-1.73312e-13
-1.68724e-13
-1.6136e-13
-1.56842e-13
-1.50873e-13
-1.41999e-13
-1.32466e-13
-1.20485e-13
-1.09764e-13
-1.01458e-13
-9.7701e-14
-9.57087e-14
-9.23812e-14
-8.50406e-14
-7.82283e-14
-7.06386e-14
-6.52382e-14
-6.07237e-14
-5.59179e-14
-4.66924e-14
-3.67134e-14
-2.99908e-14
-2.15506e-14
-1.23817e-14
-2.01466e-15
-6.96741e-13
-6.9861e-13
-6.93556e-13
-6.87247e-13
-6.91277e-13
-6.94133e-13
-6.93923e-13
-6.86448e-13
-6.73935e-13
-6.70612e-13
-6.64052e-13
-6.54222e-13
-6.48263e-13
-6.44591e-13
-6.41707e-13
-6.375e-13
-6.30968e-13
-6.19976e-13
-6.03478e-13
-5.90546e-13
-5.82835e-13
-5.74671e-13
-5.70628e-13
-5.63355e-13
-5.54024e-13
-5.44251e-13
-5.35973e-13
-5.30861e-13
-5.29116e-13
-5.22382e-13
-5.15705e-13
-5.08208e-13
-4.97884e-13
-4.87646e-13
-4.8334e-13
-4.75979e-13
-4.67264e-13
-4.58417e-13
-4.5354e-13
-4.48093e-13
-4.42576e-13
-4.35476e-13
-4.23928e-13
-4.15726e-13
-4.12017e-13
-4.04782e-13
-3.94136e-13
-3.83802e-13
-3.77144e-13
-3.70066e-13
-3.63217e-13
-3.56156e-13
-3.46329e-13
-3.3755e-13
-3.29483e-13
-3.24356e-13
-3.16089e-13
-3.09098e-13
-3.01372e-13
-2.95379e-13
-2.88956e-13
-2.8225e-13
-2.76003e-13
-2.68332e-13
-2.57791e-13
-2.47624e-13
-2.41412e-13
-2.33638e-13
-2.25961e-13
-2.1875e-13
-2.11168e-13
-2.07537e-13
-1.99807e-13
-1.89772e-13
-1.78607e-13
-1.73677e-13
-1.69673e-13
-1.62832e-13
-1.57299e-13
-1.48271e-13
-1.42456e-13
-1.33297e-13
-1.20767e-13
-1.11328e-13
-1.03681e-13
-9.84143e-14
-9.65216e-14
-9.16624e-14
-8.44673e-14
-7.82123e-14
-7.03502e-14
-6.43722e-14
-5.77558e-14
-5.31088e-14
-4.63037e-14
-3.7683e-14
-2.85991e-14
-1.7799e-14
-8.4048e-15
7.40649e-16
-6.96783e-13
-6.96135e-13
-6.96013e-13
-6.92997e-13
-6.89744e-13
-6.9202e-13
-6.90567e-13
-6.89076e-13
-6.812e-13
-6.66835e-13
-6.5867e-13
-6.51376e-13
-6.49375e-13
-6.47623e-13
-6.43385e-13
-6.36709e-13
-6.26894e-13
-6.20231e-13
-6.10408e-13
-5.95072e-13
-5.82963e-13
-5.70548e-13
-5.65292e-13
-5.58237e-13
-5.55446e-13
-5.49481e-13
-5.3926e-13
-5.33351e-13
-5.27654e-13
-5.2221e-13
-5.16666e-13
-5.08156e-13
-4.97882e-13
-4.86594e-13
-4.8005e-13
-4.74419e-13
-4.69868e-13
-4.59798e-13
-4.54128e-13
-4.48719e-13
-4.39301e-13
-4.29957e-13
-4.23139e-13
-4.16178e-13
-4.14637e-13
-4.09031e-13
-3.9813e-13
-3.85915e-13
-3.7722e-13
-3.6746e-13
-3.60203e-13
-3.55945e-13
-3.47915e-13
-3.38743e-13
-3.3004e-13
-3.22502e-13
-3.1546e-13
-3.08102e-13
-3.01166e-13
-2.9746e-13
-2.92602e-13
-2.88514e-13
-2.81229e-13
-2.68944e-13
-2.54675e-13
-2.40652e-13
-2.33647e-13
-2.28838e-13
-2.25122e-13
-2.24793e-13
-2.18717e-13
-2.0999e-13
-2.02544e-13
-1.92192e-13
-1.79748e-13
-1.71002e-13
-1.66524e-13
-1.60711e-13
-1.56535e-13
-1.48154e-13
-1.41818e-13
-1.336e-13
-1.22478e-13
-1.1474e-13
-1.05825e-13
-9.7479e-14
-9.32013e-14
-8.74144e-14
-8.3681e-14
-7.88288e-14
-6.89605e-14
-6.02293e-14
-5.49241e-14
-5.03766e-14
-4.18618e-14
-3.33231e-14
-2.50686e-14
-1.59836e-14
-6.2443e-15
-1.32382e-16
-6.95121e-13
-6.94439e-13
-6.93638e-13
-6.94975e-13
-6.95237e-13
-6.89895e-13
-6.87972e-13
-6.85407e-13
-6.79406e-13
-6.72109e-13
-6.59378e-13
-6.49892e-13
-6.49027e-13
-6.48819e-13
-6.43705e-13
-6.39252e-13
-6.26927e-13
-6.18453e-13
-6.10055e-13
-5.9641e-13
-5.87113e-13
-5.7176e-13
-5.61624e-13
-5.57107e-13
-5.51189e-13
-5.46183e-13
-5.41565e-13
-5.34853e-13
-5.29391e-13
-5.24123e-13
-5.15804e-13
-5.06846e-13
-4.9683e-13
-4.88707e-13
-4.8399e-13
-4.75804e-13
-4.67379e-13
-4.60052e-13
-4.557e-13
-4.47053e-13
-4.39008e-13
-4.29608e-13
-4.23202e-13
-4.20745e-13
-4.17776e-13
-4.07631e-13
-3.94951e-13
-3.82186e-13
-3.74039e-13
-3.66014e-13
-3.63119e-13
-3.5785e-13
-3.47373e-13
-3.38224e-13
-3.28705e-13
-3.25241e-13
-3.18241e-13
-3.1042e-13
-3.00354e-13
-2.91389e-13
-2.89334e-13
-2.81505e-13
-2.76043e-13
-2.7154e-13
-2.57515e-13
-2.43414e-13
-2.33756e-13
-2.28145e-13
-2.25551e-13
-2.27838e-13
-2.20071e-13
-2.12517e-13
-2.03242e-13
-1.91324e-13
-1.77731e-13
-1.67296e-13
-1.66146e-13
-1.64284e-13
-1.6033e-13
-1.51806e-13
-1.45677e-13
-1.37119e-13
-1.22258e-13
-1.11348e-13
-1.0078e-13
-9.19894e-14
-9.4036e-14
-9.20221e-14
-8.42162e-14
-7.74233e-14
-6.73038e-14
-6.1033e-14
-5.44415e-14
-4.83966e-14
-4.35479e-14
-3.64259e-14
-2.13864e-14
-7.42209e-15
1.09106e-15
-1.44264e-15
-6.9824e-13
-6.96316e-13
-6.94164e-13
-6.9583e-13
-6.94408e-13
-6.89361e-13
-6.89471e-13
-6.86226e-13
-6.7883e-13
-6.69253e-13
-6.61024e-13
-6.53246e-13
-6.45413e-13
-6.42299e-13
-6.3905e-13
-6.33207e-13
-6.30071e-13
-6.23884e-13
-6.12388e-13
-5.97791e-13
-5.86374e-13
-5.78587e-13
-5.67675e-13
-5.57812e-13
-5.51063e-13
-5.40753e-13
-5.37114e-13
-5.34197e-13
-5.30752e-13
-5.26628e-13
-5.17988e-13
-5.075e-13
-4.9555e-13
-4.8627e-13
-4.80647e-13
-4.73608e-13
-4.69451e-13
-4.62825e-13
-4.57952e-13
-4.45607e-13
-4.37588e-13
-4.26754e-13
-4.22888e-13
-4.23004e-13
-4.161e-13
-4.07538e-13
-3.95817e-13
-3.85587e-13
-3.75275e-13
-3.65835e-13
-3.5908e-13
-3.5584e-13
-3.47292e-13
-3.41092e-13
-3.3377e-13
-3.24212e-13
-3.16446e-13
-3.08124e-13
-3.0001e-13
-2.94147e-13
-2.91756e-13
-2.91362e-13
-2.80591e-13
-2.68382e-13
-2.4998e-13
-2.40079e-13
-2.33603e-13
-2.3036e-13
-2.25615e-13
-2.23369e-13
-2.17127e-13
-2.15844e-13
-2.09689e-13
-1.97069e-13
-1.76621e-13
-1.60464e-13
-1.59309e-13
-1.65332e-13
-1.62558e-13
-1.51884e-13
-1.44722e-13
-1.34448e-13
-1.24468e-13
-1.15764e-13
-1.05548e-13
-9.49222e-14
-8.8847e-14
-8.79536e-14
-8.26571e-14
-7.59374e-14
-6.52307e-14
-6.03533e-14
-5.4467e-14
-4.71835e-14
-3.92439e-14
-3.25948e-14
-2.0288e-14
-9.0595e-15
-2.57362e-15
-1.61608e-15
-6.95866e-13
-6.9557e-13
-6.88102e-13
-6.96967e-13
-6.96617e-13
-6.93627e-13
-6.87588e-13
-6.80943e-13
-6.74079e-13
-6.64364e-13
-6.59524e-13
-6.54552e-13
-6.53459e-13
-6.47304e-13
-6.4105e-13
-6.36885e-13
-6.31992e-13
-6.25219e-13
-6.1326e-13
-5.98831e-13
-5.80139e-13
-5.66425e-13
-5.57425e-13
-5.55653e-13
-5.51077e-13
-5.46677e-13
-5.40006e-13
-5.33837e-13
-5.31496e-13
-5.28638e-13
-5.21047e-13
-5.08227e-13
-4.98293e-13
-4.9027e-13
-4.85691e-13
-4.75501e-13
-4.66133e-13
-4.61325e-13
-4.55401e-13
-4.45412e-13
-4.36169e-13
-4.31967e-13
-4.27401e-13
-4.21566e-13
-4.10482e-13
-4.01288e-13
-3.93842e-13
-3.85964e-13
-3.77191e-13
-3.69507e-13
-3.62694e-13
-3.562e-13
-3.44783e-13
-3.34786e-13
-3.36041e-13
-3.35031e-13
-3.19664e-13
-3.04905e-13
-2.96193e-13
-2.88163e-13
-2.85582e-13
-2.8266e-13
-2.81443e-13
-2.71501e-13
-2.54784e-13
-2.45508e-13
-2.32573e-13
-2.31075e-13
-2.25835e-13
-2.20687e-13
-2.16788e-13
-2.16588e-13
-2.10464e-13
-1.94939e-13
-1.78124e-13
-1.65303e-13
-1.62513e-13
-1.6595e-13
-1.58958e-13
-1.49502e-13
-1.42947e-13
-1.35245e-13
-1.27204e-13
-1.17442e-13
-1.06798e-13
-9.44398e-14
-8.8815e-14
-8.82961e-14
-8.14699e-14
-7.42353e-14
-6.56985e-14
-5.88748e-14
-5.11744e-14
-4.52722e-14
-3.98147e-14
-3.14519e-14
-2.05154e-14
-1.08134e-14
-1.62656e-15
3.20084e-16
-6.92557e-13
-7.02318e-13
-6.97214e-13
-6.9242e-13
-6.92919e-13
-6.91432e-13
-6.86821e-13
-6.8539e-13
-6.74663e-13
-6.60663e-13
-6.56677e-13
-6.54772e-13
-6.51955e-13
-6.48169e-13
-6.43594e-13
-6.34066e-13
-6.23546e-13
-6.15769e-13
-6.10176e-13
-6.01332e-13
-5.94442e-13
-5.85926e-13
-5.73416e-13
-5.5555e-13
-5.41732e-13
-5.35539e-13
-5.3775e-13
-5.35574e-13
-5.32931e-13
-5.30736e-13
-5.21873e-13
-5.09414e-13
-4.94256e-13
-4.82151e-13
-4.76844e-13
-4.72395e-13
-4.722e-13
-4.67828e-13
-4.56252e-13
-4.49847e-13
-4.38813e-13
-4.28514e-13
-4.25936e-13
-4.18822e-13
-4.09812e-13
-4.0071e-13
-3.91042e-13
-3.85981e-13
-3.8086e-13
-3.71924e-13
-3.63829e-13
-3.54e-13
-3.46389e-13
-3.38954e-13
-3.34004e-13
-3.28242e-13
-3.21641e-13
-3.14197e-13
-3.05552e-13
-2.93818e-13
-2.8437e-13
-2.77694e-13
-2.72003e-13
-2.66297e-13
-2.56121e-13
-2.47772e-13
-2.389e-13
-2.32244e-13
-2.26397e-13
-2.23236e-13
-2.19261e-13
-2.11456e-13
-2.03975e-13
-1.95874e-13
-1.8124e-13
-1.70401e-13
-1.63056e-13
-1.60939e-13
-1.58621e-13
-1.50369e-13
-1.43779e-13
-1.333e-13
-1.2591e-13
-1.16374e-13
-1.05488e-13
-9.61515e-14
-9.13636e-14
-8.6857e-14
-8.2524e-14
-7.38039e-14
-6.59626e-14
-6.1849e-14
-5.38037e-14
-4.49122e-14
-3.50888e-14
-2.65595e-14
-1.91506e-14
-1.22154e-14
-4.38572e-15
-1.39767e-16
-6.9196e-13
-6.96074e-13
-6.98198e-13
-6.94138e-13
-6.93277e-13
-6.94318e-13
-6.83817e-13
-6.72515e-13
-6.67317e-13
-6.65226e-13
-6.62603e-13
-6.58626e-13
-6.55338e-13
-6.49659e-13
-6.43875e-13
-6.35377e-13
-6.28734e-13
-6.24579e-13
-6.15236e-13
-6.00834e-13
-5.81347e-13
-5.67989e-13
-5.58773e-13
-5.49011e-13
-5.49333e-13
-5.47687e-13
-5.42925e-13
-5.35579e-13
-5.31149e-13
-5.2981e-13
-5.23805e-13
-5.1282e-13
-4.99729e-13
-4.82498e-13
-4.72078e-13
-4.72753e-13
-4.73652e-13
-4.69221e-13
-4.62035e-13
-4.50904e-13
-4.36492e-13
-4.27233e-13
-4.19601e-13
-4.14599e-13
-4.09189e-13
-4.0347e-13
-3.96155e-13
-3.87161e-13
-3.80476e-13
-3.78748e-13
-3.69973e-13
-3.52049e-13
-3.41263e-13
-3.33897e-13
-3.2818e-13
-3.2644e-13
-3.2247e-13
-3.13387e-13
-3.00838e-13
-2.90902e-13
-2.87352e-13
-2.82686e-13
-2.75446e-13
-2.66207e-13
-2.5198e-13
-2.4172e-13
-2.37176e-13
-2.34856e-13
-2.30006e-13
-2.23093e-13
-2.1625e-13
-2.11563e-13
-2.04476e-13
-1.94453e-13
-1.82551e-13
-1.67202e-13
-1.61841e-13
-1.60008e-13
-1.60667e-13
-1.55839e-13
-1.47221e-13
-1.36843e-13
-1.25667e-13
-1.13687e-13
-1.03846e-13
-9.66813e-14
-9.20833e-14
-8.63013e-14
-7.99848e-14
-7.29344e-14
-6.63224e-14
-6.06775e-14
-5.44505e-14
-4.49182e-14
-3.43074e-14
-2.39725e-14
-1.52823e-14
-9.44371e-15
-2.60985e-15
-8.51089e-16
-6.90566e-13
-6.99378e-13
-7.00145e-13
-6.95105e-13
-6.91856e-13
-6.97233e-13
-6.93374e-13
-6.79034e-13
-6.6074e-13
-6.56519e-13
-6.55571e-13
-6.56822e-13
-6.55677e-13
-6.52722e-13
-6.47276e-13
-6.36531e-13
-6.26968e-13
-6.18835e-13
-6.06193e-13
-5.97364e-13
-5.89059e-13
-5.76096e-13
-5.63868e-13
-5.49732e-13
-5.48591e-13
-5.46653e-13
-5.44795e-13
-5.39846e-13
-5.31968e-13
-5.28926e-13
-5.20418e-13
-5.08375e-13
-4.98545e-13
-4.83325e-13
-4.71297e-13
-4.70328e-13
-4.71795e-13
-4.69974e-13
-4.61541e-13
-4.51603e-13
-4.35562e-13
-4.26024e-13
-4.23123e-13
-4.17268e-13
-4.09355e-13
-4.0151e-13
-3.98479e-13
-3.91468e-13
-3.80474e-13
-3.68901e-13
-3.60824e-13
-3.54756e-13
-3.45289e-13
-3.32215e-13
-3.32906e-13
-3.30111e-13
-3.21879e-13
-3.15219e-13
-3.07538e-13
-2.93224e-13
-2.85628e-13
-2.78852e-13
-2.70578e-13
-2.63e-13
-2.5167e-13
-2.4408e-13
-2.34892e-13
-2.31957e-13
-2.26688e-13
-2.26203e-13
-2.188e-13
-2.14782e-13
-2.07994e-13
-1.94122e-13
-1.79702e-13
-1.67857e-13
-1.64875e-13
-1.61903e-13
-1.56864e-13
-1.51868e-13
-1.46035e-13
-1.37257e-13
-1.26584e-13
-1.14157e-13
-1.07045e-13
-1.00096e-13
-9.26738e-14
-8.58155e-14
-8.0017e-14
-7.19398e-14
-6.48573e-14
-5.85475e-14
-5.04476e-14
-4.13842e-14
-3.39115e-14
-2.75561e-14
-1.36278e-14
-6.33036e-15
1.34229e-16
2.12378e-16
-6.97518e-13
-6.96548e-13
-6.9299e-13
-6.89115e-13
-6.90663e-13
-6.85444e-13
-6.80868e-13
-6.8209e-13
-6.77458e-13
-6.69562e-13
-6.64398e-13
-6.55393e-13
-6.49226e-13
-6.48061e-13
-6.45773e-13
-6.38258e-13
-6.29257e-13
-6.26003e-13
-6.14317e-13
-5.97283e-13
-5.77594e-13
-5.64628e-13
-5.58799e-13
-5.57002e-13
-5.50073e-13
-5.49007e-13
-5.44935e-13
-5.38105e-13
-5.32473e-13
-5.27308e-13
-5.20193e-13
-5.07942e-13
-4.95658e-13
-4.8275e-13
-4.74481e-13
-4.73264e-13
-4.76424e-13
-4.70066e-13
-4.60571e-13
-4.49778e-13
-4.36148e-13
-4.23472e-13
-4.20838e-13
-4.1782e-13
-4.13808e-13
-4.02648e-13
-3.93395e-13
-3.89397e-13
-3.84032e-13
-3.72137e-13
-3.59978e-13
-3.54409e-13
-3.46819e-13
-3.35997e-13
-3.27827e-13
-3.25174e-13
-3.19471e-13
-3.14297e-13
-3.08344e-13
-2.98436e-13
-2.87553e-13
-2.79354e-13
-2.69973e-13
-2.62278e-13
-2.55635e-13
-2.45273e-13
-2.35215e-13
-2.26742e-13
-2.23805e-13
-2.26294e-13
-2.18226e-13
-2.13126e-13
-2.06158e-13
-1.94828e-13
-1.83716e-13
-1.71406e-13
-1.61271e-13
-1.56927e-13
-1.56252e-13
-1.57182e-13
-1.50974e-13
-1.36066e-13
-1.25421e-13
-1.12477e-13
-1.07542e-13
-1.02358e-13
-9.50036e-14
-8.48168e-14
-7.57431e-14
-7.09243e-14
-6.49513e-14
-5.79652e-14
-5.21177e-14
-4.35053e-14
-3.30071e-14
-2.29899e-14
-1.39302e-14
-7.66912e-15
-2.6719e-16
1.58984e-15
-6.97021e-13
-6.95758e-13
-6.93292e-13
-6.91092e-13
-6.96944e-13
-6.94063e-13
-6.81152e-13
-6.74465e-13
-6.69459e-13
-6.66234e-13
-6.65097e-13
-6.62721e-13
-6.51086e-13
-6.43845e-13
-6.40721e-13
-6.35542e-13
-6.30954e-13
-6.23585e-13
-6.11061e-13
-5.94727e-13
-5.80528e-13
-5.66254e-13
-5.56958e-13
-5.57294e-13
-5.57209e-13
-5.48678e-13
-5.41169e-13
-5.38317e-13
-5.35776e-13
-5.29845e-13
-5.22465e-13
-5.09658e-13
-4.95687e-13
-4.81937e-13
-4.71159e-13
-4.71797e-13
-4.70536e-13
-4.68014e-13
-4.64311e-13
-4.54317e-13
-4.39773e-13
-4.27483e-13
-4.20358e-13
-4.12149e-13
-4.09926e-13
-4.04168e-13
-3.95856e-13
-3.86247e-13
-3.79338e-13
-3.7231e-13
-3.60665e-13
-3.54898e-13
-3.47034e-13
-3.37215e-13
-3.33907e-13
-3.29316e-13
-3.17733e-13
-3.08336e-13
-3.03764e-13
-2.9564e-13
-2.89543e-13
-2.79402e-13
-2.71113e-13
-2.63747e-13
-2.54759e-13
-2.43847e-13
-2.37167e-13
-2.2715e-13
-2.20853e-13
-2.1888e-13
-2.1719e-13
-2.14132e-13
-2.07962e-13
-1.94973e-13
-1.82564e-13
-1.7241e-13
-1.65732e-13
-1.5925e-13
-1.58491e-13
-1.55217e-13
-1.48093e-13
-1.37902e-13
-1.26855e-13
-1.15427e-13
-1.06526e-13
-9.72462e-14
-9.07069e-14
-8.64299e-14
-8.04634e-14
-7.12436e-14
-6.40422e-14
-5.68664e-14
-4.9126e-14
-4.07988e-14
-3.14144e-14
-2.47695e-14
-1.56839e-14
-5.70993e-15
7.09267e-17
-8.7621e-17
-6.91972e-13
-6.94929e-13
-6.94957e-13
-6.93395e-13
-6.91751e-13
-6.85488e-13
-6.80871e-13
-6.77403e-13
-6.76062e-13
-6.71552e-13
-6.6608e-13
-6.61476e-13
-6.53805e-13
-6.45248e-13
-6.39254e-13
-6.31761e-13
-6.28957e-13
-6.22124e-13
-6.09428e-13
-5.97032e-13
-5.80271e-13
-5.67049e-13
-5.62199e-13
-5.58353e-13
-5.49955e-13
-5.45909e-13
-5.45396e-13
-5.42571e-13
-5.35155e-13
-5.25353e-13
-5.17313e-13
-5.08253e-13
-4.95353e-13
-4.83131e-13
-4.73541e-13
-4.77234e-13
-4.78136e-13
-4.70042e-13
-4.59466e-13
-4.47032e-13
-4.36343e-13
-4.30043e-13
-4.22259e-13
-4.12301e-13
-4.07016e-13
-4.00063e-13
-3.98216e-13
-3.96198e-13
-3.82547e-13
-3.68946e-13
-3.58679e-13
-3.55964e-13
-3.47399e-13
-3.36604e-13
-3.32529e-13
-3.29074e-13
-3.20945e-13
-3.09905e-13
-3.01475e-13
-2.947e-13
-2.91876e-13
-2.82763e-13
-2.72119e-13
-2.6242e-13
-2.509e-13
-2.43276e-13
-2.34215e-13
-2.2865e-13
-2.21778e-13
-2.17286e-13
-2.1321e-13
-2.13963e-13
-2.08703e-13
-1.94975e-13
-1.82662e-13
-1.72393e-13
-1.6772e-13
-1.62153e-13
-1.5428e-13
-1.46863e-13
-1.50669e-13
-1.45213e-13
-1.28493e-13
-1.15934e-13
-1.06572e-13
-9.63202e-14
-8.89202e-14
-8.58557e-14
-8.00897e-14
-7.14249e-14
-6.34694e-14
-5.70073e-14
-4.99678e-14
-3.94644e-14
-3.37332e-14
-2.34574e-14
-1.30258e-14
-4.13443e-15
9.86018e-16
-4.74111e-16
-6.99139e-13
-6.96152e-13
-6.94109e-13
-6.91054e-13
-6.86124e-13
-6.83461e-13
-6.80395e-13
-6.80281e-13
-6.77332e-13
-6.71943e-13
-6.65298e-13
-6.61015e-13
-6.54851e-13
-6.49024e-13
-6.41229e-13
-6.30191e-13
-6.20026e-13
-6.13866e-13
-6.09103e-13
-6.00837e-13
-5.82783e-13
-5.71078e-13
-5.62368e-13
-5.55461e-13
-5.52024e-13
-5.48307e-13
-5.46472e-13
-5.42955e-13
-5.33329e-13
-5.28159e-13
-5.18473e-13
-5.07418e-13
-4.93595e-13
-4.81121e-13
-4.75966e-13
-4.76602e-13
-4.74551e-13
-4.68501e-13
-4.59306e-13
-4.48242e-13
-4.36662e-13
-4.27477e-13
-4.22791e-13
-4.16585e-13
-4.11554e-13
-4.0446e-13
-3.94097e-13
-3.86703e-13
-3.81595e-13
-3.73201e-13
-3.65927e-13
-3.55798e-13
-3.45949e-13
-3.37364e-13
-3.30982e-13
-3.23717e-13
-3.19212e-13
-3.11863e-13
-3.011e-13
-2.94913e-13
-2.92646e-13
-2.84729e-13
-2.73202e-13
-2.60638e-13
-2.52062e-13
-2.43515e-13
-2.34115e-13
-2.26948e-13
-2.21581e-13
-2.17415e-13
-2.149e-13
-2.14117e-13
-2.07528e-13
-1.91925e-13
-1.81622e-13
-1.72723e-13
-1.6722e-13
-1.61677e-13
-1.57708e-13
-1.53392e-13
-1.47299e-13
-1.39195e-13
-1.29655e-13
-1.19803e-13
-1.11617e-13
-9.63362e-14
-8.77704e-14
-8.28801e-14
-7.986e-14
-6.82477e-14
-6.07339e-14
-5.6056e-14
-5.3884e-14
-4.12011e-14
-2.97952e-14
-2.26288e-14
-1.46252e-14
-1.71439e-15
2.57247e-17
-1.62685e-15
-7.01736e-13
-6.95536e-13
-6.89722e-13
-6.90359e-13
-6.82641e-13
-6.83633e-13
-6.80715e-13
-6.81396e-13
-6.80662e-13
-6.70705e-13
-6.64547e-13
-6.61539e-13
-6.59632e-13
-6.50372e-13
-6.41309e-13
-6.33274e-13
-6.24741e-13
-6.14435e-13
-6.08135e-13
-5.94275e-13
-5.82692e-13
-5.70648e-13
-5.59382e-13
-5.53719e-13
-5.50153e-13
-5.51843e-13
-5.47535e-13
-5.41703e-13
-5.33962e-13
-5.26286e-13
-5.18775e-13
-5.0926e-13
-4.93901e-13
-4.83891e-13
-4.74565e-13
-4.72128e-13
-4.7279e-13
-4.68775e-13
-4.59724e-13
-4.48945e-13
-4.39834e-13
-4.30717e-13
-4.22262e-13
-4.15695e-13
-4.09691e-13
-4.0261e-13
-3.93857e-13
-3.88958e-13
-3.84228e-13
-3.7359e-13
-3.62651e-13
-3.51794e-13
-3.45376e-13
-3.40149e-13
-3.34184e-13
-3.27759e-13
-3.20444e-13
-3.10419e-13
-3.03654e-13
-2.98778e-13
-2.93615e-13
-2.83363e-13
-2.6914e-13
-2.59135e-13
-2.50268e-13
-2.41362e-13
-2.32192e-13
-2.27991e-13
-2.21214e-13
-2.2116e-13
-2.15931e-13
-2.10289e-13
-2.0092e-13
-1.89432e-13
-1.80073e-13
-1.71058e-13
-1.70676e-13
-1.68777e-13
-1.59473e-13
-1.5093e-13
-1.44553e-13
-1.36786e-13
-1.28374e-13
-1.18671e-13
-1.06546e-13
-9.41478e-14
-8.90501e-14
-8.5535e-14
-7.88455e-14
-7.40001e-14
-6.79272e-14
-5.65602e-14
-4.67536e-14
-3.8717e-14
-2.99815e-14
-2.02642e-14
-1.28334e-14
-7.93123e-15
-2.68129e-15
-1.5562e-15
-6.99735e-13
-6.93798e-13
-6.92273e-13
-6.90388e-13
-6.86958e-13
-6.83524e-13
-6.77978e-13
-6.80434e-13
-6.79976e-13
-6.74353e-13
-6.68007e-13
-6.60865e-13
-6.58291e-13
-6.48459e-13
-6.38404e-13
-6.28497e-13
-6.18586e-13
-6.14365e-13
-6.08744e-13
-5.96745e-13
-5.84336e-13
-5.72174e-13
-5.6125e-13
-5.57286e-13
-5.56126e-13
-5.49466e-13
-5.4322e-13
-5.35942e-13
-5.2916e-13
-5.26796e-13
-5.20679e-13
-5.13658e-13
-5.01595e-13
-4.90495e-13
-4.7254e-13
-4.68532e-13
-4.67971e-13
-4.65333e-13
-4.59576e-13
-4.48807e-13
-4.41622e-13
-4.309e-13
-4.24886e-13
-4.14041e-13
-4.0996e-13
-4.04025e-13
-3.99187e-13
-3.9075e-13
-3.8048e-13
-3.66384e-13
-3.62046e-13
-3.56898e-13
-3.49481e-13
-3.36194e-13
-3.28897e-13
-3.22378e-13
-3.14996e-13
-3.12756e-13
-3.04556e-13
-3.02734e-13
-3.02895e-13
-2.8079e-13
-2.67251e-13
-2.61036e-13
-2.52824e-13
-2.44731e-13
-2.35002e-13
-2.28156e-13
-2.18445e-13
-2.15391e-13
-2.10925e-13
-2.13043e-13
-2.0622e-13
-1.93793e-13
-1.78089e-13
-1.667e-13
-1.70629e-13
-1.67491e-13
-1.59683e-13
-1.53405e-13
-1.46401e-13
-1.37266e-13
-1.27427e-13
-1.16724e-13
-1.07183e-13
-9.56474e-14
-8.83053e-14
-8.60701e-14
-8.02823e-14
-6.9824e-14
-6.17189e-14
-5.61143e-14
-4.7776e-14
-3.81735e-14
-3.42125e-14
-2.69171e-14
-1.32327e-14
-4.12351e-15
2.1824e-15
-5.29505e-16
-6.94249e-13
-6.96313e-13
-6.95971e-13
-6.90025e-13
-6.84471e-13
-6.84879e-13
-6.82656e-13
-6.7884e-13
-6.77797e-13
-6.73181e-13
-6.69629e-13
-6.64756e-13
-6.56454e-13
-6.47082e-13
-6.39224e-13
-6.31806e-13
-6.2623e-13
-6.21486e-13
-6.1107e-13
-5.94276e-13
-5.755e-13
-5.62062e-13
-5.58538e-13
-5.5889e-13
-5.56418e-13
-5.4896e-13
-5.39983e-13
-5.35935e-13
-5.29231e-13
-5.2788e-13
-5.24769e-13
-5.09206e-13
-4.96272e-13
-4.87851e-13
-4.79096e-13
-4.74554e-13
-4.70399e-13
-4.64108e-13
-4.57719e-13
-4.49282e-13
-4.40956e-13
-4.30439e-13
-4.22547e-13
-4.17426e-13
-4.15003e-13
-4.05167e-13
-3.97234e-13
-3.84708e-13
-3.8122e-13
-3.73131e-13
-3.61086e-13
-3.55503e-13
-3.48914e-13
-3.40228e-13
-3.31796e-13
-3.1855e-13
-3.06938e-13
-3.10318e-13
-3.13954e-13
-3.04732e-13
-2.94743e-13
-2.82987e-13
-2.70749e-13
-2.63401e-13
-2.52093e-13
-2.40621e-13
-2.31391e-13
-2.26173e-13
-2.24198e-13
-2.18587e-13
-2.12409e-13
-2.06951e-13
-2.01168e-13
-1.88571e-13
-1.80147e-13
-1.72268e-13
-1.66515e-13
-1.67329e-13
-1.66204e-13
-1.55906e-13
-1.44512e-13
-1.32094e-13
-1.2376e-13
-1.12127e-13
-1.03855e-13
-9.8137e-14
-8.88345e-14
-8.49041e-14
-7.76819e-14
-6.96633e-14
-6.64673e-14
-5.81122e-14
-4.96476e-14
-4.00031e-14
-3.33355e-14
-2.45915e-14
-1.65281e-14
-5.60739e-15
4.82963e-16
-1.0218e-15
-6.99962e-13
-6.91004e-13
-6.89731e-13
-6.83546e-13
-6.86589e-13
-6.8817e-13
-6.90028e-13
-6.8704e-13
-6.79257e-13
-6.71958e-13
-6.6603e-13
-6.60487e-13
-6.52543e-13
-6.48553e-13
-6.43207e-13
-6.31242e-13
-6.1985e-13
-6.1111e-13
-6.04791e-13
-5.95113e-13
-5.83014e-13
-5.68804e-13
-5.62567e-13
-5.57538e-13
-5.53117e-13
-5.49974e-13
-5.46841e-13
-5.38861e-13
-5.29689e-13
-5.24872e-13
-5.18099e-13
-5.10398e-13
-5.0009e-13
-4.89936e-13
-4.78564e-13
-4.71522e-13
-4.69323e-13
-4.61469e-13
-4.54288e-13
-4.47098e-13
-4.40703e-13
-4.34665e-13
-4.2856e-13
-4.18189e-13
-4.12483e-13
-4.02658e-13
-3.94993e-13
-3.91882e-13
-3.83268e-13
-3.71682e-13
-3.59238e-13
-3.53321e-13
-3.45635e-13
-3.34756e-13
-3.27846e-13
-3.24293e-13
-3.17706e-13
-3.15681e-13
-3.09109e-13
-2.98678e-13
-2.97302e-13
-2.86749e-13
-2.73282e-13
-2.63332e-13
-2.52195e-13
-2.4095e-13
-2.35638e-13
-2.28601e-13
-2.23907e-13
-2.20842e-13
-2.13728e-13
-2.03877e-13
-1.97802e-13
-1.88198e-13
-1.82533e-13
-1.7297e-13
-1.6836e-13
-1.64069e-13
-1.60188e-13
-1.55552e-13
-1.44131e-13
-1.32677e-13
-1.22194e-13
-1.13053e-13
-1.0711e-13
-9.92512e-14
-9.20777e-14
-8.31477e-14
-7.55221e-14
-7.16536e-14
-6.36252e-14
-5.57277e-14
-4.96571e-14
-4.36833e-14
-3.48232e-14
-2.58497e-14
-1.71308e-14
-6.81757e-15
1.14434e-15
6.42838e-16
-6.97134e-13
-6.91762e-13
-6.92963e-13
-6.87948e-13
-6.86293e-13
-6.86802e-13
-6.83976e-13
-6.78298e-13
-6.77734e-13
-6.78157e-13
-6.71981e-13
-6.61056e-13
-6.50739e-13
-6.50626e-13
-6.39182e-13
-6.3098e-13
-6.21147e-13
-6.14245e-13
-6.07504e-13
-5.98896e-13
-5.80905e-13
-5.67188e-13
-5.59085e-13
-5.5523e-13
-5.51654e-13
-5.50435e-13
-5.45858e-13
-5.37178e-13
-5.28598e-13
-5.23694e-13
-5.19231e-13
-5.1104e-13
-5.02312e-13
-4.91406e-13
-4.80282e-13
-4.72193e-13
-4.67789e-13
-4.61167e-13
-4.53798e-13
-4.45461e-13
-4.40692e-13
-4.3314e-13
-4.27571e-13
-4.19345e-13
-4.13297e-13
-4.07051e-13
-3.98177e-13
-3.87235e-13
-3.80744e-13
-3.71265e-13
-3.60199e-13
-3.52776e-13
-3.44099e-13
-3.39627e-13
-3.37383e-13
-3.26394e-13
-3.16809e-13
-3.10993e-13
-3.06753e-13
-2.994e-13
-2.94415e-13
-2.85997e-13
-2.72457e-13
-2.62875e-13
-2.51216e-13
-2.42885e-13
-2.30722e-13
-2.23459e-13
-2.22175e-13
-2.2202e-13
-2.14232e-13
-2.07121e-13
-1.99091e-13
-1.89211e-13
-1.79659e-13
-1.7188e-13
-1.6995e-13
-1.66511e-13
-1.61521e-13
-1.5464e-13
-1.43105e-13
-1.32807e-13
-1.18698e-13
-1.13126e-13
-1.06605e-13
-9.45723e-14
-8.63664e-14
-8.47626e-14
-8.24481e-14
-7.3805e-14
-6.07421e-14
-5.25954e-14
-4.91786e-14
-4.03364e-14
-3.56361e-14
-2.78139e-14
-1.42931e-14
-3.43989e-15
1.40145e-15
1.51138e-16
-6.89076e-13
-6.92215e-13
-6.92003e-13
-6.90884e-13
-6.92574e-13
-6.89612e-13
-6.83146e-13
-6.83009e-13
-6.81141e-13
-6.74395e-13
-6.64906e-13
-6.56029e-13
-6.48616e-13
-6.45885e-13
-6.44042e-13
-6.351e-13
-6.22613e-13
-6.14995e-13
-6.03154e-13
-5.94506e-13
-5.82205e-13
-5.69552e-13
-5.59396e-13
-5.53142e-13
-5.47851e-13
-5.46977e-13
-5.43183e-13
-5.39348e-13
-5.35157e-13
-5.29458e-13
-5.18518e-13
-5.03537e-13
-4.9604e-13
-4.89055e-13
-4.8479e-13
-4.78224e-13
-4.73463e-13
-4.64732e-13
-4.54444e-13
-4.44878e-13
-4.37178e-13
-4.32353e-13
-4.25845e-13
-4.20229e-13
-4.14525e-13
-4.07571e-13
-4.00114e-13
-3.89409e-13
-3.80093e-13
-3.70792e-13
-3.61373e-13
-3.491e-13
-3.4358e-13
-3.39083e-13
-3.36662e-13
-3.2611e-13
-3.16694e-13
-3.11734e-13
-3.062e-13
-2.98755e-13
-2.90554e-13
-2.84135e-13
-2.75607e-13
-2.66391e-13
-2.55725e-13
-2.41873e-13
-2.30273e-13
-2.2535e-13
-2.21222e-13
-2.18645e-13
-2.13574e-13
-2.07047e-13
-1.9728e-13
-1.8973e-13
-1.81777e-13
-1.73619e-13
-1.65431e-13
-1.62139e-13
-1.64997e-13
-1.56909e-13
-1.4366e-13
-1.33149e-13
-1.16358e-13
-1.11012e-13
-1.09538e-13
-9.90671e-14
-9.19113e-14
-8.47666e-14
-7.85057e-14
-7.05317e-14
-6.07521e-14
-5.53279e-14
-4.9812e-14
-4.14629e-14
-3.3446e-14
-2.57948e-14
-1.82871e-14
-7.31002e-15
-7.13192e-16
2.60822e-17
-6.88093e-13
-6.9433e-13
-6.9718e-13
-6.93044e-13
-6.88023e-13
-6.82814e-13
-6.77219e-13
-6.81438e-13
-6.85112e-13
-6.7509e-13
-6.65967e-13
-6.58632e-13
-6.51152e-13
-6.46239e-13
-6.3933e-13
-6.2997e-13
-6.20203e-13
-6.17864e-13
-6.07972e-13
-5.94363e-13
-5.8314e-13
-5.71588e-13
-5.62798e-13
-5.55501e-13
-5.48806e-13
-5.45444e-13
-5.42524e-13
-5.3803e-13
-5.33786e-13
-5.23398e-13
-5.12628e-13
-5.08909e-13
-5.05124e-13
-4.92952e-13
-4.80287e-13
-4.72309e-13
-4.67997e-13
-4.6145e-13
-4.54941e-13
-4.47961e-13
-4.35834e-13
-4.30487e-13
-4.2685e-13
-4.23446e-13
-4.18e-13
-4.09582e-13
-4.00896e-13
-3.90536e-13
-3.7785e-13
-3.68483e-13
-3.5999e-13
-3.50854e-13
-3.43667e-13
-3.40085e-13
-3.36915e-13
-3.297e-13
-3.20297e-13
-3.10324e-13
-3.0202e-13
-2.98966e-13
-2.92212e-13
-2.81577e-13
-2.70908e-13
-2.62805e-13
-2.54836e-13
-2.4572e-13
-2.38184e-13
-2.29241e-13
-2.207e-13
-2.13264e-13
-2.10998e-13
-2.08012e-13
-2.00527e-13
-1.91071e-13
-1.83309e-13
-1.76e-13
-1.66676e-13
-1.61826e-13
-1.57135e-13
-1.50681e-13
-1.41806e-13
-1.3178e-13
-1.20916e-13
-1.14121e-13
-1.08104e-13
-1.00744e-13
-9.06901e-14
-8.04943e-14
-7.5344e-14
-6.86702e-14
-6.13749e-14
-5.3984e-14
-5.09108e-14
-4.41642e-14
-3.41665e-14
-2.40224e-14
-1.70369e-14
-9.10513e-15
-3.1666e-15
8.4967e-16
-6.90461e-13
-6.90274e-13
-6.90232e-13
-6.92216e-13
-6.9342e-13
-6.88906e-13
-6.83908e-13
-6.82158e-13
-6.78258e-13
-6.71155e-13
-6.64958e-13
-6.6031e-13
-6.51254e-13
-6.41186e-13
-6.38382e-13
-6.39218e-13
-6.29606e-13
-6.1695e-13
-6.03585e-13
-5.93543e-13
-5.80471e-13
-5.67679e-13
-5.58805e-13
-5.52341e-13
-5.48787e-13
-5.44415e-13
-5.41476e-13
-5.38839e-13
-5.32353e-13
-5.23011e-13
-5.14404e-13
-5.11606e-13
-4.9909e-13
-4.89706e-13
-4.82658e-13
-4.75321e-13
-4.71042e-13
-4.63775e-13
-4.56139e-13
-4.45078e-13
-4.37804e-13
-4.32915e-13
-4.28274e-13
-4.24646e-13
-4.16591e-13
-4.0888e-13
-4.0196e-13
-3.912e-13
-3.76757e-13
-3.66437e-13
-3.58013e-13
-3.49903e-13
-3.47605e-13
-3.41827e-13
-3.33167e-13
-3.25633e-13
-3.19014e-13
-3.0965e-13
-3.01572e-13
-2.9645e-13
-2.92827e-13
-2.81394e-13
-2.70681e-13
-2.62101e-13
-2.53919e-13
-2.44507e-13
-2.33379e-13
-2.26187e-13
-2.21699e-13
-2.18937e-13
-2.16332e-13
-2.09234e-13
-2.01017e-13
-1.91321e-13
-1.81657e-13
-1.71733e-13
-1.65469e-13
-1.63317e-13
-1.57445e-13
-1.50968e-13
-1.42377e-13
-1.32086e-13
-1.21343e-13
-1.15465e-13
-1.12164e-13
-1.04178e-13
-9.30517e-14
-8.26245e-14
-7.63169e-14
-6.70462e-14
-5.80417e-14
-5.041e-14
-4.61803e-14
-4.275e-14
-3.70965e-14
-2.91473e-14
-1.67549e-14
-4.4862e-15
1.51252e-15
9.4601e-16
-6.89297e-13
-6.9345e-13
-7.00108e-13
-6.91908e-13
-6.87507e-13
-6.8298e-13
-6.76297e-13
-6.79633e-13
-6.79066e-13
-6.78995e-13
-6.72339e-13
-6.60002e-13
-6.48786e-13
-6.39078e-13
-6.3305e-13
-6.31657e-13
-6.32995e-13
-6.22125e-13
-6.06455e-13
-5.9497e-13
-5.79258e-13
-5.65221e-13
-5.57812e-13
-5.51212e-13
-5.46178e-13
-5.44464e-13
-5.43498e-13
-5.39405e-13
-5.33302e-13
-5.24968e-13
-5.19143e-13
-5.1227e-13
-5.02091e-13
-4.87024e-13
-4.75741e-13
-4.69892e-13
-4.65847e-13
-4.6195e-13
-4.56904e-13
-4.47348e-13
-4.39393e-13
-4.34828e-13
-4.30445e-13
-4.24135e-13
-4.17011e-13
-4.08373e-13
-3.98659e-13
-3.89902e-13
-3.81037e-13
-3.6898e-13
-3.59905e-13
-3.51455e-13
-3.42324e-13
-3.3608e-13
-3.31372e-13
-3.27453e-13
-3.19002e-13
-3.10801e-13
-3.01628e-13
-2.94213e-13
-2.92393e-13
-2.83169e-13
-2.73115e-13
-2.64222e-13
-2.53682e-13
-2.4216e-13
-2.32578e-13
-2.29718e-13
-2.22444e-13
-2.17325e-13
-2.1274e-13
-2.07971e-13
-2.04231e-13
-1.94179e-13
-1.78778e-13
-1.66678e-13
-1.66339e-13
-1.66037e-13
-1.59677e-13
-1.48992e-13
-1.39986e-13
-1.34655e-13
-1.24701e-13
-1.17776e-13
-1.12619e-13
-9.91806e-14
-8.77635e-14
-8.36061e-14
-7.75192e-14
-6.89354e-14
-5.87465e-14
-4.9108e-14
-4.24867e-14
-3.85544e-14
-3.78183e-14
-3.39207e-14
-1.88041e-14
-2.73988e-15
4.08125e-15
1.07516e-15
-6.89858e-13
-6.90242e-13
-6.94325e-13
-6.93804e-13
-6.9111e-13
-6.84933e-13
-6.81675e-13
-6.7987e-13
-6.77836e-13
-6.68698e-13
-6.62138e-13
-6.55857e-13
-6.5235e-13
-6.47104e-13
-6.42045e-13
-6.39133e-13
-6.29486e-13
-6.17214e-13
-6.06351e-13
-5.92655e-13
-5.78031e-13
-5.63858e-13
-5.5692e-13
-5.52413e-13
-5.46828e-13
-5.407e-13
-5.4195e-13
-5.36339e-13
-5.25104e-13
-5.20218e-13
-5.19713e-13
-5.1349e-13
-5.07093e-13
-4.95594e-13
-4.77175e-13
-4.66699e-13
-4.63636e-13
-4.60099e-13
-4.57075e-13
-4.48686e-13
-4.40835e-13
-4.34055e-13
-4.29815e-13
-4.2631e-13
-4.19773e-13
-4.13902e-13
-4.00019e-13
-3.86397e-13
-3.76485e-13
-3.64967e-13
-3.57874e-13
-3.53728e-13
-3.46287e-13
-3.37794e-13
-3.31008e-13
-3.25429e-13
-3.14144e-13
-3.07397e-13
-2.9997e-13
-2.94779e-13
-2.91442e-13
-2.80719e-13
-2.7051e-13
-2.62886e-13
-2.52268e-13
-2.40731e-13
-2.34075e-13
-2.27016e-13
-2.21352e-13
-2.23608e-13
-2.19366e-13
-2.12809e-13
-2.03281e-13
-1.90894e-13
-1.7737e-13
-1.6677e-13
-1.64515e-13
-1.65972e-13
-1.59588e-13
-1.5067e-13
-1.42112e-13
-1.34437e-13
-1.2393e-13
-1.15622e-13
-1.10995e-13
-1.01265e-13
-8.77259e-14
-8.25069e-14
-7.8055e-14
-7.11083e-14
-6.00667e-14
-4.84201e-14
-4.31301e-14
-4.05933e-14
-4.07269e-14
-3.36042e-14
-1.6737e-14
-5.39237e-15
9.69346e-16
1.38817e-15
-6.93599e-13
-6.93255e-13
-6.95447e-13
-6.90459e-13
-6.86352e-13
-6.85744e-13
-6.84235e-13
-6.80528e-13
-6.75125e-13
-6.68366e-13
-6.60089e-13
-6.55639e-13
-6.50592e-13
-6.47184e-13
-6.43056e-13
-6.36482e-13
-6.28461e-13
-6.1786e-13
-6.0403e-13
-5.92874e-13
-5.73406e-13
-5.64213e-13
-5.6063e-13
-5.5321e-13
-5.47812e-13
-5.43192e-13
-5.40437e-13
-5.4002e-13
-5.33837e-13
-5.25283e-13
-5.18089e-13
-5.09734e-13
-5.00165e-13
-4.85964e-13
-4.72447e-13
-4.64892e-13
-4.64722e-13
-4.61379e-13
-4.60032e-13
-4.51454e-13
-4.4119e-13
-4.3728e-13
-4.3211e-13
-4.22008e-13
-4.15689e-13
-4.10325e-13
-3.99698e-13
-3.84878e-13
-3.76013e-13
-3.67775e-13
-3.59228e-13
-3.54996e-13
-3.49966e-13
-3.35715e-13
-3.28535e-13
-3.23794e-13
-3.13481e-13
-3.06993e-13
-2.99945e-13
-2.95342e-13
-2.90221e-13
-2.81226e-13
-2.71023e-13
-2.64693e-13
-2.53402e-13
-2.42579e-13
-2.36377e-13
-2.32111e-13
-2.23383e-13
-2.14843e-13
-2.1188e-13
-2.08809e-13
-2.00979e-13
-1.90599e-13
-1.79724e-13
-1.69256e-13
-1.67328e-13
-1.64459e-13
-1.6025e-13
-1.51925e-13
-1.42869e-13
-1.33102e-13
-1.24004e-13
-1.17107e-13
-1.12974e-13
-1.01441e-13
-8.8913e-14
-8.38218e-14
-7.47426e-14
-6.58439e-14
-6.06476e-14
-5.24365e-14
-4.47857e-14
-4.1495e-14
-3.94635e-14
-3.1265e-14
-2.07499e-14
-8.56244e-15
-1.41005e-15
2.06304e-16
-6.85937e-13
-6.96822e-13
-6.97051e-13
-6.94496e-13
-6.90466e-13
-6.86902e-13
-6.85714e-13
-6.80504e-13
-6.74858e-13
-6.6689e-13
-6.54999e-13
-6.46789e-13
-6.45463e-13
-6.45166e-13
-6.41522e-13
-6.35929e-13
-6.30434e-13
-6.19935e-13
-6.03641e-13
-5.91264e-13
-5.81553e-13
-5.70758e-13
-5.60226e-13
-5.50761e-13
-5.45986e-13
-5.41199e-13
-5.39467e-13
-5.37009e-13
-5.31535e-13
-5.21936e-13
-5.12079e-13
-5.05279e-13
-4.97009e-13
-4.88891e-13
-4.81464e-13
-4.72545e-13
-4.66159e-13
-4.59873e-13
-4.56557e-13
-4.50363e-13
-4.42479e-13
-4.38148e-13
-4.30494e-13
-4.23448e-13
-4.18439e-13
-4.09178e-13
-3.97059e-13
-3.86152e-13
-3.77694e-13
-3.69021e-13
-3.59079e-13
-3.51426e-13
-3.47193e-13
-3.37922e-13
-3.30467e-13
-3.22654e-13
-3.11642e-13
-3.0792e-13
-3.0123e-13
-2.9542e-13
-2.87854e-13
-2.77767e-13
-2.65469e-13
-2.57468e-13
-2.52901e-13
-2.48166e-13
-2.41432e-13
-2.35267e-13
-2.27751e-13
-2.2059e-13
-2.11325e-13
-2.02914e-13
-1.94089e-13
-1.86212e-13
-1.79878e-13
-1.74404e-13
-1.70813e-13
-1.64193e-13
-1.56566e-13
-1.50229e-13
-1.44711e-13
-1.34786e-13
-1.24107e-13
-1.17172e-13
-1.10722e-13
-1.01009e-13
-9.14318e-14
-8.01319e-14
-7.28909e-14
-6.97841e-14
-6.31432e-14
-5.47854e-14
-4.8355e-14
-4.34506e-14
-3.8176e-14
-3.33891e-14
-2.62478e-14
-1.36992e-14
-6.86306e-15
-1.69968e-15
-6.91703e-13
-6.91777e-13
-6.92493e-13
-6.92597e-13
-6.90889e-13
-6.9035e-13
-6.87305e-13
-6.82573e-13
-6.71011e-13
-6.62816e-13
-6.53402e-13
-6.48245e-13
-6.43987e-13
-6.45326e-13
-6.44725e-13
-6.38934e-13
-6.28942e-13
-6.11672e-13
-6.00711e-13
-5.8815e-13
-5.7706e-13
-5.7255e-13
-5.66913e-13
-5.5803e-13
-5.5012e-13
-5.44795e-13
-5.39714e-13
-5.34491e-13
-5.31562e-13
-5.22999e-13
-5.11627e-13
-5.00114e-13
-4.93548e-13
-4.88668e-13
-4.79254e-13
-4.71205e-13
-4.65499e-13
-4.60364e-13
-4.56189e-13
-4.49754e-13
-4.44105e-13
-4.38309e-13
-4.29534e-13
-4.23551e-13
-4.15335e-13
-4.07646e-13
-3.97535e-13
-3.87559e-13
-3.77658e-13
-3.68611e-13
-3.58859e-13
-3.50559e-13
-3.47016e-13
-3.39652e-13
-3.32173e-13
-3.24067e-13
-3.13331e-13
-3.06811e-13
-2.98409e-13
-2.90947e-13
-2.87162e-13
-2.79509e-13
-2.70099e-13
-2.63132e-13
-2.52733e-13
-2.47028e-13
-2.40275e-13
-2.3593e-13
-2.28863e-13
-2.19479e-13
-2.07576e-13
-1.97958e-13
-1.92785e-13
-1.89675e-13
-1.83418e-13
-1.76033e-13
-1.70636e-13
-1.58906e-13
-1.55371e-13
-1.50933e-13
-1.47388e-13
-1.38892e-13
-1.26221e-13
-1.16525e-13
-1.08702e-13
-9.99332e-14
-8.96402e-14
-8.25892e-14
-7.55744e-14
-6.99095e-14
-6.37658e-14
-5.52362e-14
-4.82631e-14
-4.56233e-14
-3.91663e-14
-3.51461e-14
-2.63596e-14
-1.45614e-14
-8.27132e-15
-9.0486e-16
-6.93934e-13
-6.92877e-13
-6.89793e-13
-6.91967e-13
-6.90997e-13
-6.89581e-13
-6.8943e-13
-6.8675e-13
-6.72691e-13
-6.62629e-13
-6.50397e-13
-6.44843e-13
-6.43057e-13
-6.4303e-13
-6.3953e-13
-6.35126e-13
-6.26359e-13
-6.15252e-13
-6.0372e-13
-5.93155e-13
-5.79419e-13
-5.71629e-13
-5.65483e-13
-5.57116e-13
-5.48144e-13
-5.43422e-13
-5.40321e-13
-5.36149e-13
-5.28152e-13
-5.19308e-13
-5.08102e-13
-4.98093e-13
-4.95335e-13
-4.89466e-13
-4.84635e-13
-4.71458e-13
-4.63438e-13
-4.60701e-13
-4.57068e-13
-4.50765e-13
-4.44937e-13
-4.35417e-13
-4.27783e-13
-4.21439e-13
-4.16124e-13
-4.08657e-13
-3.98638e-13
-3.86363e-13
-3.79516e-13
-3.68018e-13
-3.60337e-13
-3.52986e-13
-3.45843e-13
-3.37469e-13
-3.29135e-13
-3.22309e-13
-3.13438e-13
-3.05325e-13
-2.95939e-13
-2.91498e-13
-2.89057e-13
-2.82655e-13
-2.69107e-13
-2.59924e-13
-2.51747e-13
-2.48234e-13
-2.41547e-13
-2.32748e-13
-2.2617e-13
-2.20408e-13
-2.12581e-13
-2.02878e-13
-1.91737e-13
-1.83694e-13
-1.78166e-13
-1.74502e-13
-1.7243e-13
-1.65143e-13
-1.55257e-13
-1.47831e-13
-1.42336e-13
-1.36689e-13
-1.29726e-13
-1.20552e-13
-1.11726e-13
-9.88149e-14
-8.71497e-14
-8.14538e-14
-7.53067e-14
-7.11249e-14
-6.53376e-14
-5.76796e-14
-5.16181e-14
-4.73712e-14
-4.11423e-14
-3.19887e-14
-2.26653e-14
-1.43568e-14
-8.09128e-15
-1.27261e-15
-6.93596e-13
-6.9088e-13
-6.91047e-13
-6.88091e-13
-6.92212e-13
-6.94793e-13
-6.86668e-13
-6.80652e-13
-6.71941e-13
-6.61639e-13
-6.52414e-13
-6.47446e-13
-6.46339e-13
-6.43428e-13
-6.38127e-13
-6.34445e-13
-6.28681e-13
-6.1671e-13
-6.02641e-13
-5.92142e-13
-5.78979e-13
-5.70939e-13
-5.65372e-13
-5.54756e-13
-5.48428e-13
-5.46842e-13
-5.40542e-13
-5.31841e-13
-5.26686e-13
-5.2132e-13
-5.125e-13
-5.03857e-13
-4.92836e-13
-4.82887e-13
-4.78764e-13
-4.72066e-13
-4.65427e-13
-4.62306e-13
-4.5772e-13
-4.5057e-13
-4.43329e-13
-4.34864e-13
-4.26707e-13
-4.21814e-13
-4.18393e-13
-4.0841e-13
-3.95112e-13
-3.84687e-13
-3.77636e-13
-3.69948e-13
-3.6073e-13
-3.51345e-13
-3.44277e-13
-3.3665e-13
-3.27113e-13
-3.21502e-13
-3.14733e-13
-3.07516e-13
-3.0195e-13
-2.94264e-13
-2.85215e-13
-2.75107e-13
-2.64671e-13
-2.60289e-13
-2.55917e-13
-2.51829e-13
-2.45968e-13
-2.35837e-13
-2.27514e-13
-2.19227e-13
-2.06812e-13
-1.97883e-13
-1.88735e-13
-1.85165e-13
-1.82454e-13
-1.77866e-13
-1.71364e-13
-1.63305e-13
-1.54973e-13
-1.48999e-13
-1.44812e-13
-1.36789e-13
-1.24979e-13
-1.16318e-13
-1.10651e-13
-1.02823e-13
-8.94511e-14
-8.07013e-14
-7.54165e-14
-7.27551e-14
-6.54763e-14
-5.79118e-14
-5.18923e-14
-4.73934e-14
-4.11002e-14
-3.29382e-14
-2.51469e-14
-1.50346e-14
-8.74101e-15
-3.29535e-15
-6.91648e-13
-6.87199e-13
-6.92839e-13
-6.94336e-13
-6.92315e-13
-6.90529e-13
-6.89379e-13
-6.81889e-13
-6.7307e-13
-6.64445e-13
-6.55439e-13
-6.46982e-13
-6.4115e-13
-6.37758e-13
-6.3406e-13
-6.31532e-13
-6.2538e-13
-6.17712e-13
-6.04435e-13
-5.92267e-13
-5.81781e-13
-5.75175e-13
-5.67737e-13
-5.59287e-13
-5.49756e-13
-5.44342e-13
-5.39823e-13
-5.30253e-13
-5.24642e-13
-5.19968e-13
-5.10378e-13
-5.02013e-13
-4.91688e-13
-4.83636e-13
-4.77874e-13
-4.72665e-13
-4.6396e-13
-4.61197e-13
-4.57987e-13
-4.52899e-13
-4.43696e-13
-4.34552e-13
-4.25967e-13
-4.19651e-13
-4.15615e-13
-4.08477e-13
-3.98442e-13
-3.86962e-13
-3.76421e-13
-3.67428e-13
-3.60209e-13
-3.52306e-13
-3.42907e-13
-3.35586e-13
-3.28103e-13
-3.20709e-13
-3.13496e-13
-3.06185e-13
-3.00793e-13
-2.951e-13
-2.84086e-13
-2.76546e-13
-2.68243e-13
-2.60409e-13
-2.56299e-13
-2.50374e-13
-2.41847e-13
-2.34343e-13
-2.27671e-13
-2.17304e-13
-2.08827e-13
-2.00314e-13
-1.90781e-13
-1.86258e-13
-1.8184e-13
-1.74862e-13
-1.68507e-13
-1.60617e-13
-1.54506e-13
-1.50027e-13
-1.45198e-13
-1.38857e-13
-1.28787e-13
-1.18535e-13
-1.08459e-13
-1.00522e-13
-9.00149e-14
-8.02327e-14
-7.53898e-14
-7.34752e-14
-6.8459e-14
-5.95045e-14
-5.07273e-14
-4.74023e-14
-4.13699e-14
-3.32768e-14
-2.34785e-14
-1.49151e-14
-9.465e-15
-3.26055e-15
-6.90809e-13
-6.85991e-13
-6.89607e-13
-6.9627e-13
-6.95548e-13
-6.92575e-13
-6.88753e-13
-6.81309e-13
-6.74251e-13
-6.65359e-13
-6.53642e-13
-6.44738e-13
-6.41455e-13
-6.40989e-13
-6.40209e-13
-6.32052e-13
-6.25516e-13
-6.15041e-13
-5.99834e-13
-5.89577e-13
-5.82024e-13
-5.75387e-13
-5.67459e-13
-5.57718e-13
-5.49436e-13
-5.45657e-13
-5.41456e-13
-5.3316e-13
-5.23135e-13
-5.15848e-13
-5.09275e-13
-4.98085e-13
-4.86579e-13
-4.82708e-13
-4.80578e-13
-4.74791e-13
-4.67272e-13
-4.61502e-13
-4.55544e-13
-4.47124e-13
-4.42824e-13
-4.34875e-13
-4.26771e-13
-4.22652e-13
-4.17824e-13
-4.08164e-13
-3.97705e-13
-3.86854e-13
-3.77436e-13
-3.66528e-13
-3.55612e-13
-3.48532e-13
-3.45976e-13
-3.37589e-13
-3.27762e-13
-3.20151e-13
-3.12675e-13
-3.07316e-13
-3.00975e-13
-2.92984e-13
-2.83547e-13
-2.76905e-13
-2.73131e-13
-2.65182e-13
-2.57454e-13
-2.46521e-13
-2.35518e-13
-2.28889e-13
-2.23628e-13
-2.19082e-13
-2.12792e-13
-2.04423e-13
-1.94818e-13
-1.85829e-13
-1.78782e-13
-1.73779e-13
-1.68859e-13
-1.63279e-13
-1.56027e-13
-1.46757e-13
-1.40228e-13
-1.36475e-13
-1.32066e-13
-1.20478e-13
-1.0711e-13
-9.68148e-14
-8.8356e-14
-8.0764e-14
-7.60835e-14
-7.54692e-14
-7.14852e-14
-6.31777e-14
-5.21642e-14
-4.67351e-14
-3.87686e-14
-3.20745e-14
-2.0286e-14
-1.26715e-14
-6.09246e-15
-1.30042e-15
-6.90657e-13
-6.8892e-13
-6.92767e-13
-6.93433e-13
-6.95309e-13
-6.94915e-13
-6.90453e-13
-6.80907e-13
-6.71247e-13
-6.63171e-13
-6.52535e-13
-6.47885e-13
-6.44365e-13
-6.40383e-13
-6.33856e-13
-6.27869e-13
-6.15925e-13
-6.1446e-13
-6.07588e-13
-5.97071e-13
-5.863e-13
-5.75487e-13
-5.68172e-13
-5.60341e-13
-5.53617e-13
-5.4517e-13
-5.36365e-13
-5.29109e-13
-5.21368e-13
-5.14388e-13
-5.12688e-13
-5.00918e-13
-4.87714e-13
-4.82583e-13
-4.75302e-13
-4.70807e-13
-4.66954e-13
-4.63659e-13
-4.58366e-13
-4.51215e-13
-4.43501e-13
-4.30957e-13
-4.2441e-13
-4.2017e-13
-4.15937e-13
-4.0943e-13
-4.01004e-13
-3.87971e-13
-3.78398e-13
-3.67774e-13
-3.57529e-13
-3.48422e-13
-3.43965e-13
-3.36707e-13
-3.27887e-13
-3.17062e-13
-3.08526e-13
-3.06798e-13
-3.02467e-13
-2.98529e-13
-2.86643e-13
-2.77285e-13
-2.67876e-13
-2.6086e-13
-2.54485e-13
-2.48304e-13
-2.41704e-13
-2.32385e-13
-2.23223e-13
-2.15463e-13
-2.08894e-13
-2.00564e-13
-1.91244e-13
-1.83737e-13
-1.77822e-13
-1.74739e-13
-1.71074e-13
-1.64429e-13
-1.56726e-13
-1.47774e-13
-1.41228e-13
-1.37062e-13
-1.27729e-13
-1.16575e-13
-1.07619e-13
-1.01557e-13
-9.29338e-14
-8.41375e-14
-7.84734e-14
-7.36288e-14
-6.7385e-14
-6.24446e-14
-5.48404e-14
-4.50551e-14
-3.74955e-14
-2.89322e-14
-2.07287e-14
-1.50899e-14
-9.13928e-15
-2.52715e-15
-6.91282e-13
-6.89136e-13
-6.88684e-13
-6.94979e-13
-6.96238e-13
-6.95303e-13
-6.89704e-13
-6.80413e-13
-6.72635e-13
-6.63463e-13
-6.52282e-13
-6.45112e-13
-6.43243e-13
-6.42229e-13
-6.36223e-13
-6.28717e-13
-6.22744e-13
-6.16761e-13
-6.05115e-13
-5.93359e-13
-5.83835e-13
-5.7443e-13
-5.66423e-13
-5.57376e-13
-5.50885e-13
-5.44937e-13
-5.37108e-13
-5.32724e-13
-5.25719e-13
-5.13553e-13
-5.07164e-13
-4.97779e-13
-4.88077e-13
-4.8278e-13
-4.77794e-13
-4.72894e-13
-4.6822e-13
-4.61545e-13
-4.55282e-13
-4.48057e-13
-4.43125e-13
-4.32617e-13
-4.2693e-13
-4.21667e-13
-4.15559e-13
-4.07794e-13
-3.99051e-13
-3.89903e-13
-3.77784e-13
-3.64416e-13
-3.56395e-13
-3.49089e-13
-3.45382e-13
-3.36091e-13
-3.28729e-13
-3.23411e-13
-3.12998e-13
-3.05095e-13
-3.0089e-13
-2.94844e-13
-2.87933e-13
-2.80134e-13
-2.69881e-13
-2.6084e-13
-2.52265e-13
-2.45189e-13
-2.38706e-13
-2.31602e-13
-2.24311e-13
-2.16754e-13
-2.10636e-13
-2.02341e-13
-1.93488e-13
-1.85229e-13
-1.77473e-13
-1.72993e-13
-1.71819e-13
-1.63945e-13
-1.54814e-13
-1.45311e-13
-1.39353e-13
-1.37228e-13
-1.32496e-13
-1.18989e-13
-1.08274e-13
-9.81628e-14
-8.85324e-14
-8.2142e-14
-7.8715e-14
-7.44372e-14
-7.01892e-14
-6.25987e-14
-5.63171e-14
-4.60217e-14
-3.77438e-14
-2.85975e-14
-1.90795e-14
-1.32019e-14
-8.67371e-15
-4.23967e-15
-6.89561e-13
-6.88922e-13
-6.91008e-13
-6.94808e-13
-6.96948e-13
-6.94487e-13
-6.9195e-13
-6.84596e-13
-6.74331e-13
-6.64728e-13
-6.5053e-13
-6.41889e-13
-6.43727e-13
-6.3948e-13
-6.34794e-13
-6.265e-13
-6.17585e-13
-6.15213e-13
-6.08589e-13
-6.01209e-13
-5.86907e-13
-5.75543e-13
-5.68066e-13
-5.59944e-13
-5.49002e-13
-5.40912e-13
-5.35217e-13
-5.30576e-13
-5.24479e-13
-5.19253e-13
-5.11772e-13
-4.97196e-13
-4.87447e-13
-4.7985e-13
-4.74775e-13
-4.71095e-13
-4.65875e-13
-4.62554e-13
-4.59135e-13
-4.51008e-13
-4.43323e-13
-4.33359e-13
-4.25744e-13
-4.1808e-13
-4.15392e-13
-4.08479e-13
-4.01449e-13
-3.90525e-13
-3.77555e-13
-3.67216e-13
-3.58074e-13
-3.48094e-13
-3.44268e-13
-3.35527e-13
-3.26659e-13
-3.20542e-13
-3.12028e-13
-3.06736e-13
-3.0235e-13
-2.96497e-13
-2.86537e-13
-2.77846e-13
-2.68424e-13
-2.60638e-13
-2.53718e-13
-2.47323e-13
-2.41454e-13
-2.32579e-13
-2.24462e-13
-2.17094e-13
-2.07706e-13
-1.97525e-13
-1.89629e-13
-1.84125e-13
-1.78862e-13
-1.75002e-13
-1.72686e-13
-1.64997e-13
-1.54439e-13
-1.43551e-13
-1.3977e-13
-1.37434e-13
-1.31985e-13
-1.19305e-13
-1.08117e-13
-9.77576e-14
-9.18001e-14
-8.33611e-14
-7.94215e-14
-7.35304e-14
-6.95151e-14
-6.49301e-14
-5.78186e-14
-4.73699e-14
-3.66763e-14
-2.59902e-14
-1.66555e-14
-1.14624e-14
-7.05792e-15
-5.64325e-15
)
;

boundaryField
{
    inlet
    {
        type            calculated;
        value           nonuniform List<scalar> 
40
(
-6.9508e-13
-6.91697e-13
-6.91244e-13
-6.92274e-13
-6.93315e-13
-6.89949e-13
-6.95089e-13
-6.94447e-13
-6.96741e-13
-6.96783e-13
-6.95121e-13
-6.9824e-13
-6.95866e-13
-6.92557e-13
-6.9196e-13
-6.90566e-13
-6.97518e-13
-6.97021e-13
-6.91972e-13
-6.99139e-13
-7.01736e-13
-6.99735e-13
-6.94249e-13
-6.99962e-13
-6.97134e-13
-6.89076e-13
-6.88093e-13
-6.90461e-13
-6.89297e-13
-6.89858e-13
-6.93599e-13
-6.85937e-13
-6.91703e-13
-6.93934e-13
-6.93596e-13
-6.91648e-13
-6.90809e-13
-6.90657e-13
-6.91282e-13
-6.89561e-13
)
;
    }
    outlet
    {
        type            calculated;
        value           uniform 0;
    }
    down
    {
        type            empty;
    }
    up
    {
        type            empty;
    }
    sides
    {
        type            calculated;
        value           nonuniform List<scalar> 
200
(
-6.9508e-13
-6.89568e-13
-6.9078e-13
-6.9381e-13
-6.91749e-13
-6.92066e-13
-6.9078e-13
-6.85881e-13
-6.75824e-13
-6.71976e-13
-6.73299e-13
-6.67837e-13
-6.5688e-13
-6.43056e-13
-6.29632e-13
-6.23156e-13
-6.18455e-13
-6.15942e-13
-6.08771e-13
-5.9517e-13
-5.8425e-13
-5.77177e-13
-5.71809e-13
-5.64569e-13
-5.5417e-13
-5.43498e-13
-5.41381e-13
-5.35767e-13
-5.29261e-13
-5.18419e-13
-5.02415e-13
-4.95515e-13
-4.93377e-13
-4.91328e-13
-4.86212e-13
-4.83199e-13
-4.74004e-13
-4.55693e-13
-4.3824e-13
-4.34592e-13
-4.35057e-13
-4.33031e-13
-4.33117e-13
-4.26693e-13
-4.15299e-13
-4.06353e-13
-3.97541e-13
-3.88231e-13
-3.78769e-13
-3.70734e-13
-3.61462e-13
-3.53296e-13
-3.45777e-13
-3.3667e-13
-3.28331e-13
-3.15677e-13
-3.08789e-13
-3.0588e-13
-3.03264e-13
-3.00129e-13
-2.91818e-13
-2.84478e-13
-2.74458e-13
-2.62593e-13
-2.5449e-13
-2.47071e-13
-2.42759e-13
-2.34815e-13
-2.24304e-13
-2.16853e-13
-2.09524e-13
-2.02758e-13
-1.89893e-13
-1.82903e-13
-1.81844e-13
-1.77533e-13
-1.73786e-13
-1.67511e-13
-1.58642e-13
-1.45691e-13
-1.33031e-13
-1.27459e-13
-1.18982e-13
-1.14642e-13
-1.10316e-13
-1.04557e-13
-9.53766e-14
-8.74944e-14
-8.38536e-14
-7.98848e-14
-7.38376e-14
-6.73666e-14
-6.02463e-14
-5.43015e-14
-4.54261e-14
-3.63612e-14
-2.81544e-14
-1.9926e-14
-1.12972e-14
-2.80903e-15
-6.89561e-13
-6.88922e-13
-6.91008e-13
-6.94808e-13
-6.96948e-13
-6.94487e-13
-6.9195e-13
-6.84596e-13
-6.74331e-13
-6.64728e-13
-6.5053e-13
-6.41889e-13
-6.43727e-13
-6.3948e-13
-6.34794e-13
-6.265e-13
-6.17585e-13
-6.15213e-13
-6.08589e-13
-6.01209e-13
-5.86907e-13
-5.75543e-13
-5.68066e-13
-5.59944e-13
-5.49002e-13
-5.40912e-13
-5.35217e-13
-5.30576e-13
-5.24479e-13
-5.19253e-13
-5.11772e-13
-4.97196e-13
-4.87447e-13
-4.7985e-13
-4.74775e-13
-4.71095e-13
-4.65875e-13
-4.62554e-13
-4.59135e-13
-4.51008e-13
-4.43323e-13
-4.33359e-13
-4.25744e-13
-4.1808e-13
-4.15392e-13
-4.08479e-13
-4.01449e-13
-3.90525e-13
-3.77555e-13
-3.67216e-13
-3.58074e-13
-3.48094e-13
-3.44268e-13
-3.35527e-13
-3.26659e-13
-3.20542e-13
-3.12028e-13
-3.06736e-13
-3.0235e-13
-2.96497e-13
-2.86537e-13
-2.77846e-13
-2.68424e-13
-2.60638e-13
-2.53718e-13
-2.47323e-13
-2.41454e-13
-2.32579e-13
-2.24462e-13
-2.17094e-13
-2.07706e-13
-1.97525e-13
-1.89629e-13
-1.84125e-13
-1.78862e-13
-1.75002e-13
-1.72686e-13
-1.64997e-13
-1.54439e-13
-1.43551e-13
-1.3977e-13
-1.37434e-13
-1.31985e-13
-1.19305e-13
-1.08117e-13
-9.77576e-14
-9.18001e-14
-8.33611e-14
-7.94215e-14
-7.35304e-14
-6.95151e-14
-6.49301e-14
-5.78186e-14
-4.73699e-14
-3.66763e-14
-2.59902e-14
-1.66555e-14
-1.14624e-14
-7.05792e-15
-5.64325e-15
)
;
    }
}

