/*--------------------------------*- C++ -*----------------------------------*\
| =========                 |                                                 |
| \\      /  F ield         | OpenFOAM: The Open Source CFD Toolbox           |
|  \\    /   O peration     | Version:  v2012                                 |
|   \\  /    A nd           | Website:  www.openfoam.com                      |
|    \\/     M anipulation  |                                                 |
\*---------------------------------------------------------------------------*/
FoamFile
{
    version     2.0;
    format      ascii;
    class       volVectorField;
    location    "0";
    object      U;
}
// * * * * * * * * * * * * * * * * * * * * * * * * * * * * * * * * * * * * * //

dimensions      [0 1 -1 0 0 0 0];


internalField   nonuniform List<vector> 
4000
(
(1 4.02355e-15 0)
(1 1.70556e-15 0)
(1 8.7909e-16 0)
(1 -3.27697e-16 0)
(1 -1.04827e-15 0)
(1 -3.80461e-15 0)
(1 -1.19266e-15 0)
(1 5.99454e-15 0)
(1 5.83026e-15 0)
(1 -3.22961e-15 0)
(1 -3.84919e-15 0)
(1 -1.22924e-15 0)
(1 -1.36206e-15 0)
(1 3.05577e-15 0)
(1 6.76942e-15 0)
(1 -3.61342e-15 0)
(1 -4.46023e-15 0)
(1 2.09183e-15 0)
(1 2.29441e-15 0)
(1 6.04997e-16 0)
(1 -4.68078e-15 0)
(1 -5.97022e-15 0)
(1 -2.01129e-15 0)
(1 3.95652e-16 0)
(1 1.58418e-15 0)
(1 1.7512e-15 0)
(1 8.93566e-16 0)
(1 2.65175e-16 0)
(1 3.38075e-15 0)
(1 1.49653e-15 0)
(1 3.16568e-15 0)
(1 -5.70066e-15 0)
(1 -6.00477e-15 0)
(1 -4.88173e-15 0)
(1 -3.84786e-16 0)
(1 -1.37952e-15 0)
(1 5.19653e-15 0)
(1 6.94329e-15 0)
(1 2.03863e-15 0)
(1 -4.55738e-15 0)
(1 -4.32676e-15 0)
(1 -6.00176e-15 0)
(1 -9.53448e-16 0)
(1 5.56918e-15 0)
(1 2.64169e-15 0)
(1 -9.55026e-16 0)
(1 -2.60203e-15 0)
(1 -8.13955e-16 0)
(1 -1.25812e-15 0)
(1 1.57803e-15 0)
(1 4.74498e-15 0)
(1 3.15441e-15 0)
(1 4.71327e-15 0)
(1 5.16067e-15 0)
(1 3.5915e-15 0)
(1 3.14648e-15 0)
(1 -2.15219e-15 0)
(1 7.92256e-17 0)
(1 -2.50275e-15 0)
(1 -7.75291e-17 0)
(1 -1.71571e-15 0)
(1 6.73858e-16 0)
(1 4.19585e-15 0)
(1 1.71726e-15 0)
(1 -2.99663e-15 0)
(1 -1.30564e-15 0)
(1 -3.05104e-15 0)
(1 3.56431e-15 0)
(1 -1.71972e-15 0)
(1 -3.77849e-15 0)
(1 -1.123e-15 0)
(1 7.67344e-16 0)
(1 -4.24109e-15 0)
(1 -4.67531e-15 0)
(1 -5.64804e-15 0)
(1 -3.37025e-16 0)
(1 -7.29456e-16 0)
(1 -1.41197e-15 0)
(1 -1.24975e-15 0)
(1 2.66961e-15 0)
(1 3.66642e-15 0)
(1 4.18753e-16 0)
(1 -1.75741e-15 0)
(1 -2.95991e-15 0)
(1 -8.53407e-15 0)
(1 -5.7579e-16 0)
(1 3.79488e-15 0)
(1 4.11856e-15 0)
(1 4.74402e-15 0)
(1 6.95832e-15 0)
(1 -1.69174e-15 0)
(1 3.02765e-15 0)
(1 -3.95471e-16 0)
(1 -7.84091e-16 0)
(1 -3.09635e-15 0)
(1 3.29355e-15 0)
(1 5.58904e-16 0)
(1 -2.23217e-15 0)
(1 -1.40763e-15 0)
(1 -1.65957e-15 0)
(1 2.48418e-15 0)
(1 3.48899e-15 0)
(1 9.6471e-16 0)
(1 -2.32398e-16 0)
(1 -1.0252e-15 0)
(1 -5.80795e-15 0)
(1 -3.11111e-15 0)
(1 8.63056e-15 0)
(1 6.54897e-15 0)
(1 1.26353e-15 0)
(1 -1.8253e-15 0)
(1 -4.16277e-15 0)
(1 -1.76033e-15 0)
(1 -3.31126e-16 0)
(1 7.9858e-15 0)
(1 -3.86765e-15 0)
(1 -9.85712e-15 0)
(1 6.2933e-15 0)
(1 3.77152e-15 0)
(1 3.63807e-15 0)
(1 -1.43916e-15 0)
(1 -7.51209e-15 0)
(1 -1.77853e-15 0)
(1 2.54165e-15 0)
(1 1.85108e-15 0)
(1 -1.47979e-15 0)
(1 -3.93408e-15 0)
(1 -6.21225e-15 0)
(1 7.55778e-15 0)
(1 -1.99523e-16 0)
(1 2.09237e-15 0)
(1 -2.53527e-15 0)
(1 -5.42215e-15 0)
(1 -2.89401e-15 0)
(1 1.64847e-15 0)
(1 -1.21886e-15 0)
(1 7.51399e-15 0)
(1 4.85436e-15 0)
(1 -6.02588e-15 0)
(1 -1.0059e-14 0)
(1 -9.48762e-15 0)
(1 -3.32271e-15 0)
(1 3.33184e-15 0)
(1 1.02924e-14 0)
(1 8.96975e-15 0)
(1 -1.20365e-15 0)
(1 -1.58542e-15 0)
(1 -3.1763e-15 0)
(1 7.08015e-16 0)
(1 -3.0027e-15 0)
(1 -1.26844e-15 0)
(1 1.22337e-15 0)
(1 5.30155e-15 0)
(1 2.5376e-15 0)
(1 4.19279e-15 0)
(1 4.13975e-15 0)
(1 2.12644e-15 0)
(1 3.00804e-15 0)
(1 -1.54962e-15 0)
(1 -4.01371e-15 0)
(1 -2.4838e-15 0)
(1 -3.15845e-15 0)
(1 2.37696e-15 0)
(1 1.92016e-15 0)
(1 -8.01863e-16 0)
(1 -4.53565e-15 0)
(1 -5.44835e-15 0)
(1 1.4092e-15 0)
(1 2.01222e-16 0)
(1 -2.74364e-15 0)
(1 1.64959e-15 0)
(1 9.05087e-16 0)
(1 1.17207e-15 0)
(1 -2.13049e-16 0)
(1 6.01833e-15 0)
(1 1.68255e-15 0)
(1 -2.4089e-15 0)
(1 -4.77958e-16 0)
(1 4.11989e-15 0)
(1 7.28263e-15 0)
(1 5.37691e-15 0)
(1 -5.04068e-15 0)
(1 -4.88031e-15 0)
(1 -2.27199e-15 0)
(1 -5.15166e-15 0)
(1 1.87387e-15 0)
(1 3.90272e-15 0)
(1 3.19892e-15 0)
(1 -2.05195e-16 0)
(1 4.71737e-15 0)
(1 -2.05866e-15 0)
(1 6.06957e-16 0)
(1 -1.66701e-15 0)
(1 1.35183e-15 0)
(1 -4.16085e-15 0)
(1 6.64478e-15 0)
(1 -1.49943e-15 0)
(1 -2.85792e-15 0)
(1 -3.03976e-15 0)
(1 -5.76263e-15 0)
(1 -4.34174e-15 0)
(1 4.89074e-15 0)
(1 -6.52604e-15 0)
(1 3.05723e-15 0)
(1 -1.98892e-15 0)
(1 1.24944e-15 0)
(1 1.2796e-15 0)
(1 4.68277e-15 0)
(1 5.35965e-15 0)
(1 3.35958e-15 0)
(1 2.6311e-15 0)
(1 -4.2091e-15 0)
(1 2.74379e-15 0)
(1 7.65526e-15 0)
(1 4.93034e-15 0)
(1 -3.4915e-15 0)
(1 -5.28294e-15 0)
(1 -3.46433e-15 0)
(1 -6.12798e-16 0)
(1 4.07196e-15 0)
(1 -6.58054e-15 0)
(1 -4.72599e-15 0)
(1 2.73105e-15 0)
(1 7.29648e-15 0)
(1 5.3106e-15 0)
(1 2.88905e-16 0)
(1 2.67878e-15 0)
(1 -5.79478e-15 0)
(1 9.56518e-15 0)
(1 -2.08205e-16 0)
(1 1.02227e-15 0)
(1 -1.23331e-15 0)
(1 -1.08598e-15 0)
(1 -5.08559e-15 0)
(1 -2.05546e-15 0)
(1 1.93494e-18 0)
(1 2.74443e-15 0)
(1 5.90812e-17 0)
(1 -1.01876e-14 0)
(1 -8.22711e-15 0)
(1 -3.82377e-15 0)
(1 -3.70459e-15 0)
(1 2.17035e-15 0)
(1 1.48643e-15 0)
(1 7.04501e-15 0)
(1 3.16907e-15 0)
(1 7.29192e-15 0)
(1 1.11715e-15 0)
(1 8.45269e-16 0)
(1 -2.26221e-15 0)
(1 3.30835e-15 0)
(1 1.18735e-15 0)
(1 5.30539e-15 0)
(1 -1.7799e-16 0)
(1 3.45392e-15 0)
(1 7.22345e-15 0)
(1 5.69399e-15 0)
(1 2.70148e-15 0)
(1 5.7498e-16 0)
(1 -4.35795e-15 0)
(1 -3.43979e-15 0)
(1 -4.77877e-15 0)
(1 -2.17899e-15 0)
(1 7.95892e-16 0)
(1 3.23438e-15 0)
(1 -9.24737e-16 0)
(1 -3.51028e-15 0)
(1 -2.43223e-15 0)
(1 7.60928e-16 0)
(1 -2.35955e-15 0)
(1 -1.77177e-15 0)
(1 -4.36625e-15 0)
(1 -8.74219e-16 0)
(1 2.69274e-15 0)
(1 4.32431e-15 0)
(1 -2.96501e-15 0)
(1 -2.76741e-15 0)
(1 -5.02076e-15 0)
(1 2.58061e-15 0)
(1 1.73785e-15 0)
(1 1.60476e-15 0)
(1 -4.91501e-15 0)
(1 -2.88665e-15 0)
(1 8.99025e-16 0)
(1 6.43285e-16 0)
(1 -1.37135e-16 0)
(1 2.21981e-15 0)
(1 2.35903e-15 0)
(1 -1.6219e-15 0)
(1 7.68746e-16 0)
(1 -3.02415e-15 0)
(1 3.13109e-15 0)
(1 -5.82434e-16 0)
(1 3.21413e-15 0)
(1 1.52988e-15 0)
(1 4.62276e-15 0)
(1 -3.14881e-15 0)
(1 -1.89776e-15 0)
(1 -3.88984e-15 0)
(1 -6.1764e-15 0)
(1 7.16884e-16 0)
(1 -5.0128e-15 0)
(1 -6.6395e-15 0)
(1 -6.57752e-15 0)
(1 4.19824e-15 0)
(1 9.28469e-15 0)
(1 1.06492e-14 0)
(1 -3.52649e-15 0)
(1 1.65389e-15 0)
(1 -1.94311e-15 0)
(1 2.16561e-15 0)
(1 -3.53735e-15 0)
(1 -4.04044e-16 0)
(1 1.35537e-14 0)
(1 1.15006e-14 0)
(1 6.14847e-15 0)
(1 2.09593e-15 0)
(1 -1.2797e-14 0)
(1 -1.57011e-15 0)
(1 3.29767e-15 0)
(1 -5.15415e-15 0)
(1 -5.10794e-15 0)
(1 -9.13592e-16 0)
(1 6.85662e-15 0)
(1 7.41828e-15 0)
(1 1.51482e-14 0)
(1 1.04051e-14 0)
(1 4.28054e-15 0)
(1 9.83115e-15 0)
(1 -2.03334e-15 0)
(1 1.98525e-15 0)
(1 -9.04471e-15 0)
(1 -4.01278e-15 0)
(1 -1.08708e-14 0)
(1 -6.32708e-15 0)
(1 -2.99323e-15 0)
(1 9.8456e-16 0)
(1 9.4226e-17 0)
(1 1.50313e-15 0)
(1 -9.56608e-15 0)
(1 5.2157e-16 0)
(1 -4.73917e-15 0)
(1 2.21548e-15 0)
(1 8.99357e-16 0)
(1 1.06717e-15 0)
(1 7.33913e-15 0)
(1 3.14489e-15 0)
(1 4.68154e-15 0)
(1 2.13192e-15 0)
(1 5.31325e-15 0)
(1 4.11442e-15 0)
(1 2.99147e-15 0)
(1 4.80331e-15 0)
(1 5.04126e-15 0)
(1 4.42829e-15 0)
(1 6.0535e-15 0)
(1 4.35385e-15 0)
(1 1.98598e-15 0)
(1 3.23713e-15 0)
(1 -2.32458e-15 0)
(1 -3.0696e-15 0)
(1 -4.51448e-15 0)
(1 -4.7782e-16 0)
(1 1.56532e-16 0)
(1 4.01839e-15 0)
(1 4.12462e-15 0)
(1 -1.165e-15 0)
(1 -4.07767e-15 0)
(1 -8.06366e-15 0)
(1 -9.97437e-15 0)
(1 -5.05338e-15 0)
(1 -1.81761e-15 0)
(1 -2.35671e-15 0)
(1 -1.52385e-15 0)
(1 -2.07747e-15 0)
(1 -6.16843e-16 0)
(1 9.77733e-16 0)
(1 9.80964e-16 0)
(1 2.80793e-15 0)
(1 -4.71314e-15 0)
(1 2.0215e-15 0)
(1 -2.37015e-15 0)
(1 -3.35176e-15 0)
(1 -6.22277e-16 0)
(1 -5.40401e-17 0)
(1 3.25345e-15 0)
(1 8.68355e-15 0)
(1 3.86431e-15 0)
(1 5.95038e-15 0)
(1 2.04329e-15 0)
(1 1.56809e-15 0)
(1 5.27858e-15 0)
(1 2.59398e-15 0)
(1 2.09381e-15 0)
(1 2.8647e-16 0)
(1 -2.07235e-15 0)
(1 -4.67406e-15 0)
(1 -3.75311e-15 0)
(1 -8.97338e-15 0)
(1 -4.12541e-15 0)
(1 4.93373e-15 0)
(1 -3.22903e-15 0)
(1 2.25643e-15 0)
(1 -5.88985e-15 0)
(1 6.71615e-15 0)
(1 -9.58466e-16 0)
(1 1.27212e-16 0)
(1 -6.58893e-15 0)
(1 -2.06576e-15 0)
(1 2.64925e-16 0)
(1 8.48017e-15 0)
(1 8.29151e-15 0)
(1 4.26276e-15 0)
(1 -1.3959e-15 0)
(1 4.60215e-15 0)
(1 6.86788e-15 0)
(1 2.9944e-15 0)
(1 -8.21182e-15 0)
(1 -4.52868e-15 0)
(1 -9.14503e-15 0)
(1 1.30039e-15 0)
(1 4.26985e-15 0)
(1 8.79248e-16 0)
(1 -1.51482e-15 0)
(1 2.04267e-16 0)
(1 1.17142e-14 0)
(1 4.96557e-15 0)
(1 6.94886e-15 0)
(1 5.99275e-15 0)
(1 -2.76243e-17 0)
(1 -2.47124e-15 0)
(1 3.29712e-15 0)
(1 -3.53096e-15 0)
(1 -4.73538e-16 0)
(1 -7.6753e-15 0)
(1 -5.51335e-15 0)
(1 -3.59261e-15 0)
(1 -8.12756e-15 0)
(1 -3.74674e-15 0)
(1 -5.03518e-15 0)
(1 -2.63519e-15 0)
(1 -5.27352e-15 0)
(1 -2.0664e-15 0)
(1 1.49184e-15 0)
(1 2.77775e-15 0)
(1 9.00751e-15 0)
(1 -1.17145e-15 0)
(1 5.44023e-15 0)
(1 6.38141e-15 0)
(1 3.85544e-15 0)
(1 -4.45017e-15 0)
(1 3.11857e-15 0)
(1 1.14805e-15 0)
(1 5.93244e-15 0)
(1 3.59701e-15 0)
(1 1.38417e-16 0)
(1 4.92182e-15 0)
(1 2.75551e-16 0)
(1 5.01289e-16 0)
(1 2.25216e-15 0)
(1 5.12036e-16 0)
(1 -1.74734e-15 0)
(1 -6.34349e-16 0)
(1 3.54202e-15 0)
(1 1.09019e-14 0)
(1 8.52058e-15 0)
(1 4.18904e-15 0)
(1 -4.89955e-15 0)
(1 -4.77747e-15 0)
(1 -6.77379e-15 0)
(1 -7.99651e-15 0)
(1 1.22713e-15 0)
(1 6.23024e-16 0)
(1 9.10213e-16 0)
(1 3.04447e-15 0)
(1 -4.812e-16 0)
(1 -2.13733e-15 0)
(1 4.14284e-15 0)
(1 3.89065e-15 0)
(1 1.68188e-15 0)
(1 -1.70375e-15 0)
(1 -6.69126e-15 0)
(1 -2.99288e-15 0)
(1 -1.59141e-15 0)
(1 4.26915e-15 0)
(1 5.77972e-15 0)
(1 5.92773e-15 0)
(1 6.36005e-16 0)
(1 5.22169e-15 0)
(1 -9.1572e-16 0)
(1 6.1728e-15 0)
(1 1.6879e-15 0)
(1 6.21269e-15 0)
(1 1.58221e-15 0)
(1 3.47444e-15 0)
(1 -2.19952e-15 0)
(1 -2.65119e-15 0)
(1 2.25404e-16 0)
(1 -1.29768e-15 0)
(1 1.62842e-15 0)
(1 -8.77697e-16 0)
(1 2.97846e-15 0)
(1 3.11391e-15 0)
(1 2.7848e-15 0)
(1 -1.2186e-15 0)
(1 -8.20389e-15 0)
(1 -6.88352e-15 0)
(1 -3.23763e-15 0)
(1 1.74312e-15 0)
(1 5.33392e-15 0)
(1 1.95578e-15 0)
(1 1.59292e-14 0)
(1 1.00151e-14 0)
(1 -4.14986e-15 0)
(1 2.56068e-15 0)
(1 9.74258e-16 0)
(1 3.97004e-15 0)
(1 -8.72409e-16 0)
(1 -9.79713e-15 0)
(1 -1.35402e-14 0)
(1 -3.4448e-15 0)
(1 1.37055e-14 0)
(1 1.60546e-14 0)
(1 4.05164e-15 0)
(1 3.54165e-15 0)
(1 3.20577e-16 0)
(1 2.97899e-15 0)
(1 4.07102e-15 0)
(1 2.78798e-16 0)
(1 6.29166e-15 0)
(1 -5.15071e-15 0)
(1 4.02865e-15 0)
(1 -4.3618e-15 0)
(1 2.16534e-15 0)
(1 -6.77581e-15 0)
(1 3.07929e-15 0)
(1 -1.70419e-16 0)
(1 -1.717e-15 0)
(1 -1.13852e-14 0)
(1 6.73328e-16 0)
(1 -8.53688e-15 0)
(1 -7.72607e-16 0)
(1 -1.92343e-15 0)
(1 7.0269e-15 0)
(1 9.57444e-15 0)
(1 7.70455e-16 0)
(1 7.36617e-16 0)
(1 2.17336e-15 0)
(1 7.36209e-15 0)
(1 6.63678e-15 0)
(1 6.61483e-15 0)
(1 3.65406e-15 0)
(1 1.74341e-15 0)
(1 5.31112e-15 0)
(1 3.64931e-15 0)
(1 1.05571e-15 0)
(1 3.3899e-15 0)
(1 -5.09874e-16 0)
(1 -1.53654e-15 0)
(1 8.20853e-15 0)
(1 1.50481e-15 0)
(1 1.06138e-15 0)
(1 -4.13968e-15 0)
(1 2.90259e-15 0)
(1 6.31575e-15 0)
(1 1.06321e-14 0)
(1 7.1999e-15 0)
(1 5.31457e-15 0)
(1 9.20704e-15 0)
(1 5.23459e-15 0)
(1 6.18971e-15 0)
(1 2.94129e-15 0)
(1 -3.39161e-16 0)
(1 -1.68485e-15 0)
(1 -2.17067e-16 0)
(1 -8.44922e-15 0)
(1 -5.32197e-15 0)
(1 -2.81789e-15 0)
(1 6.63197e-16 0)
(1 6.11399e-15 0)
(1 -2.01626e-15 0)
(1 3.60016e-15 0)
(1 2.81317e-15 0)
(1 -2.27004e-15 0)
(1 -6.99374e-15 0)
(1 -1.5624e-15 0)
(1 -1.50525e-15 0)
(1 -1.25052e-15 0)
(1 2.06548e-16 0)
(1 5.39911e-16 0)
(1 1.62383e-15 0)
(1 6.57481e-15 0)
(1 6.29203e-15 0)
(1 3.90174e-15 0)
(1 8.52318e-15 0)
(1 1.43853e-15 0)
(1 3.3569e-15 0)
(1 4.93082e-15 0)
(1 1.08629e-14 0)
(1 7.70831e-15 0)
(1 -1.09831e-15 0)
(1 -7.40182e-16 0)
(1 5.63174e-15 0)
(1 5.16752e-15 0)
(1 -3.43888e-15 0)
(1 -5.76082e-15 0)
(1 1.01246e-15 0)
(1 6.71287e-15 0)
(1 4.47753e-15 0)
(1 6.2941e-15 0)
(1 -5.66052e-15 0)
(1 3.24404e-15 0)
(1 -1.64424e-15 0)
(1 4.13284e-15 0)
(1 2.76576e-15 0)
(1 2.86725e-15 0)
(1 1.14295e-15 0)
(1 -3.17064e-16 0)
(1 -4.05773e-16 0)
(1 3.25803e-15 0)
(1 3.61492e-16 0)
(1 4.57623e-15 0)
(1 -2.37213e-15 0)
(1 -4.8973e-16 0)
(1 4.50916e-15 0)
(1 -8.91014e-15 0)
(1 8.91779e-16 0)
(1 -6.12273e-16 0)
(1 3.33484e-15 0)
(1 5.18306e-15 0)
(1 6.91626e-15 0)
(1 2.44548e-15 0)
(1 9.43836e-16 0)
(1 -6.65272e-15 0)
(1 -2.07311e-15 0)
(1 3.29969e-15 0)
(1 -3.97028e-15 0)
(1 2.1424e-15 0)
(1 -6.19544e-16 0)
(1 1.14547e-15 0)
(1 -5.92002e-15 0)
(1 6.99091e-15 0)
(1 5.88159e-15 0)
(1 1.02161e-14 0)
(1 2.90552e-16 0)
(1 -2.71209e-15 0)
(1 -4.2532e-15 0)
(1 -2.89354e-16 0)
(1 4.41999e-15 0)
(1 5.27707e-16 0)
(1 6.88798e-15 0)
(1 3.96575e-15 0)
(1 4.36763e-15 0)
(1 -3.57691e-15 0)
(1 2.68004e-15 0)
(1 1.64083e-15 0)
(1 6.03288e-15 0)
(1 3.05477e-15 0)
(1 9.34676e-16 0)
(1 3.33472e-15 0)
(1 5.94517e-15 0)
(1 5.87099e-15 0)
(1 4.77865e-15 0)
(1 -1.93335e-16 0)
(1 -3.6392e-15 0)
(1 1.74305e-15 0)
(1 1.61713e-15 0)
(1 6.56082e-15 0)
(1 3.48927e-15 0)
(1 3.69292e-15 0)
(1 7.56521e-15 0)
(1 -5.97334e-16 0)
(1 -2.38643e-15 0)
(1 -2.30424e-15 0)
(1 3.82611e-15 0)
(1 1.84636e-15 0)
(1 4.21805e-15 0)
(1 5.6262e-15 0)
(1 2.44385e-15 0)
(1 -1.20449e-16 0)
(1 -1.48232e-16 0)
(1 3.2153e-15 0)
(1 1.53749e-15 0)
(1 1.34899e-15 0)
(1 -3.9717e-16 0)
(1 6.14258e-15 0)
(1 4.48085e-15 0)
(1 5.55224e-15 0)
(1 -3.90938e-16 0)
(1 3.62972e-15 0)
(1 3.13595e-15 0)
(1 1.07819e-14 0)
(1 5.67475e-15 0)
(1 6.34332e-15 0)
(1 4.24058e-15 0)
(1 6.62863e-15 0)
(1 7.56947e-15 0)
(1 1.15234e-14 0)
(1 7.92477e-15 0)
(1 6.81588e-15 0)
(1 5.52779e-16 0)
(1 -2.06754e-15 0)
(1 -3.75576e-15 0)
(1 -1.3509e-15 0)
(1 -4.24221e-15 0)
(1 7.03955e-15 0)
(1 5.12082e-16 0)
(1 7.53601e-15 0)
(1 2.74223e-15 0)
(1 3.88633e-16 0)
(1 -1.51405e-15 0)
(1 -4.07369e-15 0)
(1 -5.97822e-16 0)
(1 1.30186e-14 0)
(1 4.28656e-15 0)
(1 8.21868e-15 0)
(1 7.3676e-15 0)
(1 6.27474e-15 0)
(1 6.03824e-15 0)
(1 -1.05205e-15 0)
(1 -3.34671e-15 0)
(1 -2.97671e-15 0)
(1 -8.32292e-15 0)
(1 -1.5305e-14 0)
(1 -9.74513e-15 0)
(1 -1.08939e-14 0)
(1 -1.52157e-15 0)
(1 4.52811e-15 0)
(1 1.35384e-14 0)
(1 6.24545e-15 0)
(1 1.14788e-14 0)
(1 7.79278e-16 0)
(1 -2.03221e-15 0)
(1 -5.29104e-15 0)
(1 2.80986e-15 0)
(1 -1.42789e-15 0)
(1 -2.30797e-15 0)
(1 -3.19003e-15 0)
(1 9.88968e-15 0)
(1 7.75499e-16 0)
(1 2.13872e-15 0)
(1 -5.19427e-15 0)
(1 -8.11656e-15 0)
(1 -2.68532e-15 0)
(1 2.53843e-15 0)
(1 7.04199e-15 0)
(1 6.38698e-15 0)
(1 3.32782e-15 0)
(1 2.96182e-15 0)
(1 -4.09639e-16 0)
(1 3.4254e-15 0)
(1 5.44549e-15 0)
(1 9.43318e-15 0)
(1 6.12098e-15 0)
(1 7.09815e-15 0)
(1 6.58422e-15 0)
(1 5.90508e-15 0)
(1 4.08034e-15 0)
(1 -6.36609e-15 0)
(1 -5.62328e-15 0)
(1 5.90786e-16 0)
(1 1.16074e-14 0)
(1 1.49028e-14 0)
(1 9.51357e-15 0)
(1 2.42388e-15 0)
(1 8.30719e-16 0)
(1 7.73769e-15 0)
(1 6.47642e-15 0)
(1 1.11234e-15 0)
(1 1.09551e-15 0)
(1 3.12609e-15 0)
(1 3.3913e-15 0)
(1 4.08781e-15 0)
(1 2.59588e-15 0)
(1 4.96423e-15 0)
(1 4.84807e-15 0)
(1 5.29221e-15 0)
(1 8.68614e-16 0)
(1 -1.58322e-15 0)
(1 -5.59135e-16 0)
(1 -2.59844e-15 0)
(1 -4.95886e-15 0)
(1 -1.52444e-15 0)
(1 2.18251e-15 0)
(1 7.72552e-15 0)
(1 2.6579e-15 0)
(1 1.3944e-15 0)
(1 4.21138e-15 0)
(1 6.27414e-16 0)
(1 1.11893e-15 0)
(1 3.99003e-15 0)
(1 5.38536e-15 0)
(1 7.98288e-15 0)
(1 5.16084e-15 0)
(1 4.72546e-15 0)
(1 8.07194e-15 0)
(1 6.36853e-15 0)
(1 1.57463e-14 0)
(1 1.11299e-14 0)
(1 1.23041e-14 0)
(1 -1.2514e-15 0)
(1 -5.18224e-15 0)
(1 -5.24758e-15 0)
(1 -7.54594e-15 0)
(1 -1.51762e-15 0)
(1 1.20955e-14 0)
(1 2.88155e-15 0)
(1 2.72509e-15 0)
(1 -2.44422e-15 0)
(1 -5.03192e-15 0)
(1 5.46628e-16 0)
(1 -2.6672e-16 0)
(1 7.5424e-15 0)
(1 1.17429e-14 0)
(1 6.18775e-15 0)
(1 8.75852e-15 0)
(1 5.46418e-16 0)
(1 7.18993e-15 0)
(1 -4.88435e-16 0)
(1 -5.59325e-15 0)
(1 -8.30207e-15 0)
(1 -3.55794e-15 0)
(1 1.59343e-15 0)
(1 5.12496e-15 0)
(1 -2.32697e-15 0)
(1 -6.04553e-15 0)
(1 -4.41222e-15 0)
(1 5.06374e-15 0)
(1 2.43271e-15 0)
(1 2.58276e-15 0)
(1 -4.2115e-15 0)
(1 -2.44115e-15 0)
(1 -9.50813e-15 0)
(1 -5.35491e-15 0)
(1 2.99477e-15 0)
(1 5.37075e-15 0)
(1 5.09838e-15 0)
(1 5.14272e-15 0)
(1 2.65483e-15 0)
(1 -5.99796e-15 0)
(1 -3.73877e-16 0)
(1 -3.98356e-15 0)
(1 -2.29732e-15 0)
(1 4.42612e-15 0)
(1 1.61905e-14 0)
(1 8.34461e-15 0)
(1 1.10299e-14 0)
(1 -3.68602e-15 0)
(1 1.14659e-16 0)
(1 1.55832e-15 0)
(1 1.92548e-15 0)
(1 5.93901e-15 0)
(1 7.3178e-15 0)
(1 1.64359e-14 0)
(1 5.91402e-15 0)
(1 5.4128e-15 0)
(1 6.00858e-15 0)
(1 2.73236e-16 0)
(1 6.201e-15 0)
(1 -1.74982e-15 0)
(1 3.36716e-15 0)
(1 7.31964e-17 0)
(1 2.56933e-15 0)
(1 3.92554e-16 0)
(1 -2.56342e-15 0)
(1 -5.78743e-16 0)
(1 5.77246e-15 0)
(1 2.27127e-14 0)
(1 1.66881e-14 0)
(1 1.14118e-14 0)
(1 8.47561e-15 0)
(1 1.07389e-14 0)
(1 1.0824e-14 0)
(1 2.09515e-15 0)
(1 3.74189e-17 0)
(1 -1.07127e-15 0)
(1 5.9373e-15 0)
(1 5.35964e-15 0)
(1 9.61965e-15 0)
(1 4.60459e-15 0)
(1 6.03603e-16 0)
(1 -1.7166e-15 0)
(1 -1.83724e-15 0)
(1 1.084e-15 0)
(1 6.50595e-16 0)
(1 -4.69578e-15 0)
(1 -1.5166e-18 0)
(1 -1.00551e-15 0)
(1 -1.40916e-16 0)
(1 9.48527e-16 0)
(1 1.4683e-15 0)
(1 4.22761e-15 0)
(1 8.20973e-15 0)
(1 1.08208e-14 0)
(1 1.23004e-14 0)
(1 1.31655e-14 0)
(1 1.9236e-14 0)
(1 2.25976e-14 0)
(1 2.11889e-14 0)
(1 2.00973e-14 0)
(1 -7.86662e-17 0)
(1 2.81284e-16 0)
(1 6.04888e-15 0)
(1 1.3668e-15 0)
(1 -1.90225e-16 0)
(1 -7.92591e-15 0)
(1 4.29105e-15 0)
(1 -7.93998e-16 0)
(1 3.56085e-15 0)
(1 2.01969e-16 0)
(1 7.1617e-15 0)
(1 6.7988e-15 0)
(1 4.1404e-15 0)
(1 -2.62466e-15 0)
(1 -2.20077e-15 0)
(1 -1.51937e-15 0)
(1 -5.06547e-15 0)
(1 5.63532e-15 0)
(1 -3.253e-16 0)
(1 5.70216e-15 0)
(1 -8.37193e-15 0)
(1 -1.14901e-14 0)
(1 -6.39524e-15 0)
(1 1.12661e-14 0)
(1 5.7524e-15 0)
(1 6.07601e-15 0)
(1 1.9044e-15 0)
(1 6.33343e-15 0)
(1 -4.90168e-15 0)
(1 3.12048e-16 0)
(1 -5.78618e-15 0)
(1 5.71661e-15 0)
(1 -3.54128e-15 0)
(1 3.18619e-15 0)
(1 -6.16127e-15 0)
(1 -7.85695e-16 0)
(1 -5.65925e-15 0)
(1 5.35715e-15 0)
(1 -7.52933e-15 0)
(1 -2.67291e-15 0)
(1 1.05514e-15 0)
(1 6.26224e-15 0)
(1 5.28501e-15 0)
(1 1.44179e-15 0)
(1 1.52064e-15 0)
(1 -4.66811e-15 0)
(1 1.31869e-15 0)
(1 2.93927e-16 0)
(1 8.03062e-17 0)
(1 4.24347e-15 0)
(1 4.05726e-15 0)
(1 7.78954e-15 0)
(1 1.03091e-14 0)
(1 5.88422e-15 0)
(1 6.90062e-15 0)
(1 5.64032e-15 0)
(1 5.84892e-15 0)
(1 9.38586e-17 0)
(1 6.72964e-15 0)
(1 7.7445e-15 0)
(1 1.14998e-14 0)
(1 2.9137e-15 0)
(1 5.09761e-15 0)
(1 2.90735e-15 0)
(1 2.70638e-15 0)
(1 3.39801e-15 0)
(1 8.27261e-15 0)
(1 1.23035e-14 0)
(1 2.02693e-14 0)
(1 1.91591e-14 0)
(1 6.12836e-15 0)
(1 2.12878e-15 0)
(1 4.54882e-15 0)
(1 3.5773e-15 0)
(1 -2.84706e-15 0)
(1 1.55251e-15 0)
(1 8.83742e-15 0)
(1 7.88776e-15 0)
(1 9.1479e-15 0)
(1 3.14386e-15 0)
(1 3.51782e-15 0)
(1 -9.53884e-16 0)
(1 -3.8616e-15 0)
(1 -3.20174e-15 0)
(1 -1.2791e-15 0)
(1 4.46909e-15 0)
(1 4.79873e-15 0)
(1 5.70203e-15 0)
(1 3.40823e-15 0)
(1 2.30511e-15 0)
(1 4.98441e-15 0)
(1 4.03911e-15 0)
(1 8.21778e-15 0)
(1 1.39762e-14 0)
(1 1.53782e-14 0)
(1 6.63699e-15 0)
(1 1.81837e-14 0)
(1 1.69523e-14 0)
(1 2.8552e-14 0)
(1 2.35978e-14 0)
(1 -1.22928e-15 0)
(1 1.85301e-15 0)
(1 -1.1338e-15 0)
(1 2.73688e-16 0)
(1 -6.8896e-15 0)
(1 -3.90518e-15 0)
(1 -2.43511e-16 0)
(1 -5.6386e-15 0)
(1 3.09488e-15 0)
(1 6.30906e-15 0)
(1 6.84384e-15 0)
(1 1.90692e-15 0)
(1 7.10321e-16 0)
(1 -3.04514e-15 0)
(1 -1.0904e-15 0)
(1 -1.99447e-15 0)
(1 1.20669e-14 0)
(1 4.93468e-15 0)
(1 -8.86127e-16 0)
(1 -2.13899e-15 0)
(1 -3.9907e-15 0)
(1 -2.44323e-15 0)
(1 -2.29527e-15 0)
(1 -4.16695e-15 0)
(1 -8.41997e-16 0)
(1 8.66687e-15 0)
(1 7.48972e-15 0)
(1 -1.28207e-15 0)
(1 -6.47008e-15 0)
(1 -2.67266e-15 0)
(1 -8.19106e-15 0)
(1 2.52211e-15 0)
(1 8.44852e-16 0)
(1 7.78002e-15 0)
(1 -4.92381e-16 0)
(1 -3.34163e-15 0)
(1 -1.38949e-15 0)
(1 -1.56934e-15 0)
(1 -2.68871e-15 0)
(1 -1.78376e-15 0)
(1 -2.65183e-15 0)
(1 -2.67858e-16 0)
(1 6.39127e-15 0)
(1 -4.20703e-15 0)
(1 -1.32266e-15 0)
(1 -1.44009e-15 0)
(1 3.26966e-15 0)
(1 1.76475e-15 0)
(1 3.86519e-15 0)
(1 7.54749e-15 0)
(1 1.71703e-14 0)
(1 1.18445e-14 0)
(1 1.47236e-14 0)
(1 6.84655e-15 0)
(1 5.23673e-15 0)
(1 1.78957e-15 0)
(1 -7.75948e-16 0)
(1 8.21978e-16 0)
(1 5.17586e-17 0)
(1 1.2667e-15 0)
(1 8.06976e-15 0)
(1 8.29786e-15 0)
(1 1.0282e-14 0)
(1 8.91352e-15 0)
(1 5.09446e-15 0)
(1 3.48995e-15 0)
(1 7.20687e-15 0)
(1 -2.31637e-15 0)
(1 3.66319e-15 0)
(1 9.84117e-15 0)
(1 1.09832e-14 0)
(1 1.2849e-14 0)
(1 4.42351e-15 0)
(1 1.10782e-15 0)
(1 -4.43964e-16 0)
(1 5.40963e-15 0)
(1 9.32017e-15 0)
(1 4.00414e-15 0)
(1 9.18815e-15 0)
(1 1.17052e-14 0)
(1 8.37535e-15 0)
(1 3.61455e-15 0)
(1 3.349e-15 0)
(1 -3.90427e-15 0)
(1 1.42027e-15 0)
(1 1.37047e-16 0)
(1 9.53176e-16 0)
(1 1.23266e-15 0)
(1 4.41656e-15 0)
(1 3.56812e-15 0)
(1 6.64937e-15 0)
(1 -2.59146e-15 0)
(1 1.1967e-14 0)
(1 7.33661e-15 0)
(1 1.14745e-14 0)
(1 6.93899e-15 0)
(1 1.04394e-14 0)
(1 1.03717e-14 0)
(1 2.12064e-14 0)
(1 2.16279e-14 0)
(1 1.75753e-15 0)
(1 -2.92517e-15 0)
(1 -8.32564e-16 0)
(1 2.37316e-15 0)
(1 -2.8483e-15 0)
(1 3.56299e-15 0)
(1 -1.05187e-14 0)
(1 4.86082e-15 0)
(1 -3.66308e-16 0)
(1 7.65366e-15 0)
(1 6.33706e-15 0)
(1 1.70175e-15 0)
(1 5.21803e-15 0)
(1 5.26041e-15 0)
(1 2.86344e-15 0)
(1 -8.37691e-15 0)
(1 9.38744e-16 0)
(1 -9.64063e-15 0)
(1 1.29762e-15 0)
(1 -1.48529e-14 0)
(1 1.00499e-15 0)
(1 -1.36768e-15 0)
(1 1.16946e-14 0)
(1 6.72097e-15 0)
(1 8.25204e-15 0)
(1 7.98633e-15 0)
(1 2.5222e-15 0)
(1 -1.70433e-15 0)
(1 2.14462e-15 0)
(1 2.79463e-16 0)
(1 -2.62432e-15 0)
(1 -8.30522e-15 0)
(1 -1.03262e-15 0)
(1 -3.12695e-15 0)
(1 -6.31187e-16 0)
(1 -1.18895e-14 0)
(1 1.03469e-16 0)
(1 5.29799e-15 0)
(1 2.4487e-15 0)
(1 -1.15467e-15 0)
(1 -4.2252e-15 0)
(1 -5.8789e-17 0)
(1 5.77614e-15 0)
(1 2.61283e-15 0)
(1 -9.76562e-15 0)
(1 1.63808e-15 0)
(1 1.80351e-15 0)
(1 2.70215e-15 0)
(1 1.16985e-14 0)
(1 6.37562e-15 0)
(1 1.28607e-14 0)
(1 1.11051e-14 0)
(1 8.15918e-15 0)
(1 2.75216e-15 0)
(1 2.96718e-15 0)
(1 -2.94997e-15 0)
(1 -4.92821e-15 0)
(1 -2.85584e-15 0)
(1 2.4116e-15 0)
(1 8.29673e-16 0)
(1 1.68142e-14 0)
(1 1.75706e-14 0)
(1 1.45791e-14 0)
(1 3.21549e-15 0)
(1 1.09253e-14 0)
(1 5.99176e-15 0)
(1 2.96247e-16 0)
(1 1.73054e-15 0)
(1 -8.17315e-16 0)
(1 3.21599e-15 0)
(1 1.26893e-14 0)
(1 1.1546e-14 0)
(1 8.95188e-15 0)
(1 -8.76286e-16 0)
(1 -2.44326e-15 0)
(1 2.54447e-15 0)
(1 3.90232e-15 0)
(1 4.71528e-15 0)
(1 8.21774e-15 0)
(1 1.08388e-14 0)
(1 4.25032e-15 0)
(1 9.46921e-15 0)
(1 7.76876e-15 0)
(1 6.39858e-15 0)
(1 5.35885e-15 0)
(1 -5.1243e-15 0)
(1 5.31516e-16 0)
(1 -1.62409e-15 0)
(1 7.94228e-15 0)
(1 5.44278e-15 0)
(1 2.23168e-15 0)
(1 -8.91644e-17 0)
(1 1.21727e-14 0)
(1 7.10295e-15 0)
(1 8.69217e-15 0)
(1 1.54798e-14 0)
(1 1.7471e-14 0)
(1 1.40291e-14 0)
(1 5.95772e-15 0)
(1 1.32738e-14 0)
(1 2.76766e-15 0)
(1 7.89708e-16 0)
(1 -5.51904e-15 0)
(1 -3.27847e-15 0)
(1 1.34136e-15 0)
(1 -6.01672e-15 0)
(1 -4.5969e-15 0)
(1 1.92819e-15 0)
(1 -2.59076e-15 0)
(1 7.27526e-16 0)
(1 5.4845e-15 0)
(1 7.43446e-15 0)
(1 2.93972e-15 0)
(1 5.51807e-15 0)
(1 -3.36323e-15 0)
(1 -4.99384e-15 0)
(1 -3.44977e-15 0)
(1 6.25569e-15 0)
(1 1.1059e-14 0)
(1 8.29704e-15 0)
(1 5.17647e-15 0)
(1 -1.05228e-14 0)
(1 -3.42256e-15 0)
(1 -6.23135e-15 0)
(1 1.06019e-15 0)
(1 4.692e-15 0)
(1 -3.22474e-15 0)
(1 -9.43269e-16 0)
(1 2.11249e-15 0)
(1 -5.72814e-15 0)
(1 -1.5784e-15 0)
(1 -1.5036e-14 0)
(1 -4.78331e-15 0)
(1 -3.23233e-15 0)
(1 -1.81983e-15 0)
(1 -3.35038e-15 0)
(1 1.04699e-14 0)
(1 3.80212e-15 0)
(1 -3.23949e-17 0)
(1 1.13542e-15 0)
(1 2.13779e-16 0)
(1 2.36739e-15 0)
(1 -1.72978e-15 0)
(1 -1.99872e-15 0)
(1 -9.07034e-15 0)
(1 3.24546e-15 0)
(1 4.56028e-15 0)
(1 1.51503e-14 0)
(1 1.09936e-14 0)
(1 1.40925e-14 0)
(1 4.56776e-15 0)
(1 6.2108e-15 0)
(1 3.18643e-15 0)
(1 2.49343e-15 0)
(1 1.93119e-15 0)
(1 6.75293e-15 0)
(1 8.23763e-17 0)
(1 -8.6406e-16 0)
(1 -8.85822e-15 0)
(1 -3.7659e-15 0)
(1 -6.74284e-15 0)
(1 8.52367e-15 0)
(1 8.34088e-15 0)
(1 1.35279e-14 0)
(1 1.72525e-14 0)
(1 1.47029e-14 0)
(1 3.19354e-15 0)
(1 -3.33211e-15 0)
(1 2.66461e-15 0)
(1 9.5316e-16 0)
(1 1.04124e-15 0)
(1 -3.09957e-15 0)
(1 7.45872e-15 0)
(1 7.98381e-15 0)
(1 4.46661e-15 0)
(1 3.8116e-15 0)
(1 -1.81349e-15 0)
(1 5.67645e-15 0)
(1 -1.8334e-15 0)
(1 4.92622e-15 0)
(1 5.7822e-15 0)
(1 9.62176e-15 0)
(1 5.69695e-15 0)
(1 1.12885e-14 0)
(1 6.12392e-15 0)
(1 3.99026e-15 0)
(1 2.58526e-15 0)
(1 8.13612e-15 0)
(1 9.73879e-15 0)
(1 2.94339e-15 0)
(1 3.10529e-15 0)
(1 6.22335e-15 0)
(1 3.18444e-15 0)
(1 5.21341e-15 0)
(1 1.98832e-15 0)
(1 8.05171e-15 0)
(1 1.02863e-14 0)
(1 1.01887e-14 0)
(1 4.07996e-15 0)
(1 5.98155e-15 0)
(1 -1.03741e-16 0)
(1 3.88334e-15 0)
(1 -3.94259e-15 0)
(1 -5.788e-15 0)
(1 -1.99776e-15 0)
(1 -3.21648e-15 0)
(1 7.39633e-16 0)
(1 -1.76488e-15 0)
(1 4.9543e-15 0)
(1 3.11553e-15 0)
(1 8.85553e-15 0)
(1 5.1974e-15 0)
(1 -7.30006e-15 0)
(1 -3.09409e-16 0)
(1 -4.14074e-15 0)
(1 4.17775e-15 0)
(1 -1.21443e-15 0)
(1 8.71257e-15 0)
(1 -6.03439e-15 0)
(1 6.83393e-15 0)
(1 -9.98693e-15 0)
(1 3.33557e-15 0)
(1 -1.03006e-14 0)
(1 2.40433e-15 0)
(1 2.90079e-15 0)
(1 9.3555e-15 0)
(1 3.07201e-15 0)
(1 4.97473e-15 0)
(1 -6.49112e-16 0)
(1 -2.41312e-15 0)
(1 -7.10878e-15 0)
(1 -1.36685e-14 0)
(1 -5.86646e-15 0)
(1 -9.3001e-15 0)
(1 4.28647e-15 0)
(1 1.44934e-14 0)
(1 1.12488e-14 0)
(1 -7.8778e-16 0)
(1 -5.88603e-16 0)
(1 -1.0436e-14 0)
(1 -8.64725e-15 0)
(1 -3.22808e-15 0)
(1 1.55487e-15 0)
(1 1.74933e-15 0)
(1 8.36851e-15 0)
(1 8.17686e-15 0)
(1 9.04168e-15 0)
(1 9.55175e-15 0)
(1 -8.37457e-16 0)
(1 5.98362e-15 0)
(1 -9.75182e-15 0)
(1 -4.07421e-16 0)
(1 2.97381e-15 0)
(1 1.13294e-14 0)
(1 5.4317e-15 0)
(1 1.28496e-14 0)
(1 4.9921e-15 0)
(1 1.03308e-14 0)
(1 2.38101e-15 0)
(1 5.00035e-15 0)
(1 -9.03877e-15 0)
(1 -6.74341e-16 0)
(1 -8.85114e-16 0)
(1 1.22833e-14 0)
(1 -8.05183e-16 0)
(1 1.14362e-14 0)
(1 7.03602e-15 0)
(1 8.38644e-15 0)
(1 5.60266e-15 0)
(1 1.12077e-15 0)
(1 -3.45208e-15 0)
(1 6.8359e-15 0)
(1 7.70671e-16 0)
(1 1.51383e-14 0)
(1 1.19764e-14 0)
(1 5.63869e-15 0)
(1 3.43797e-15 0)
(1 1.06189e-14 0)
(1 3.9281e-15 0)
(1 7.5571e-15 0)
(1 8.94408e-15 0)
(1 -3.78261e-16 0)
(1 5.4574e-15 0)
(1 1.00744e-14 0)
(1 5.3949e-15 0)
(1 8.4229e-15 0)
(1 3.90287e-15 0)
(1 1.14965e-14 0)
(1 7.25815e-15 0)
(1 5.54795e-15 0)
(1 7.76979e-15 0)
(1 1.00513e-14 0)
(1 2.79799e-15 0)
(1 3.40453e-15 0)
(1 6.14423e-16 0)
(1 8.3275e-15 0)
(1 6.22138e-15 0)
(1 1.09205e-14 0)
(1 7.03094e-15 0)
(1 7.11976e-15 0)
(1 1.25345e-15 0)
(1 1.64832e-16 0)
(1 1.44175e-15 0)
(1 -3.74187e-15 0)
(1 -9.09981e-16 0)
(1 -2.84888e-15 0)
(1 -2.40511e-15 0)
(1 -6.65617e-15 0)
(1 -1.84535e-15 0)
(1 4.43128e-15 0)
(1 8.15559e-15 0)
(1 2.42042e-16 0)
(1 1.77417e-15 0)
(1 -3.82636e-15 0)
(1 4.08278e-15 0)
(1 -5.6927e-17 0)
(1 -1.27457e-15 0)
(1 -4.76741e-15 0)
(1 -8.65013e-15 0)
(1 5.11155e-15 0)
(1 -1.84147e-15 0)
(1 2.40066e-15 0)
(1 -1.055e-15 0)
(1 2.34357e-15 0)
(1 3.0028e-15 0)
(1 2.43193e-15 0)
(1 5.04366e-15 0)
(1 8.20803e-16 0)
(1 -2.95953e-15 0)
(1 -2.89919e-15 0)
(1 -2.41838e-15 0)
(1 -2.41224e-15 0)
(1 2.26327e-16 0)
(1 -2.30259e-16 0)
(1 -2.35581e-16 0)
(1 7.55384e-15 0)
(1 -8.1381e-16 0)
(1 1.44146e-15 0)
(1 -6.93919e-16 0)
(1 -1.00987e-14 0)
(1 -6.70045e-15 0)
(1 -1.34536e-15 0)
(1 -1.33621e-15 0)
(1 4.19854e-15 0)
(1 6.63193e-15 0)
(1 3.84456e-15 0)
(1 7.22877e-15 0)
(1 -7.30039e-16 0)
(1 -3.31125e-15 0)
(1 -1.49983e-15 0)
(1 6.68294e-16 0)
(1 5.81965e-15 0)
(1 9.0338e-15 0)
(1 1.30596e-14 0)
(1 1.34959e-14 0)
(1 6.55116e-15 0)
(1 6.51074e-15 0)
(1 7.97615e-15 0)
(1 6.46933e-16 0)
(1 3.04171e-15 0)
(1 6.72732e-15 0)
(1 4.34534e-15 0)
(1 7.11658e-15 0)
(1 4.20442e-15 0)
(1 9.13556e-15 0)
(1 2.5349e-15 0)
(1 7.292e-15 0)
(1 7.38785e-15 0)
(1 1.30636e-14 0)
(1 8.86669e-15 0)
(1 1.00773e-14 0)
(1 8.20728e-15 0)
(1 1.87016e-15 0)
(1 6.4848e-15 0)
(1 7.20327e-15 0)
(1 8.2611e-15 0)
(1 8.46845e-15 0)
(1 4.6669e-15 0)
(1 4.18528e-15 0)
(1 6.48216e-15 0)
(1 7.08537e-15 0)
(1 3.62643e-15 0)
(1 2.66994e-15 0)
(1 8.2671e-15 0)
(1 5.52776e-15 0)
(1 3.75508e-15 0)
(1 2.59169e-15 0)
(1 5.45882e-15 0)
(1 -1.20214e-16 0)
(1 4.88336e-15 0)
(1 4.34163e-15 0)
(1 4.70169e-15 0)
(1 9.73633e-15 0)
(1 3.86628e-15 0)
(1 8.32426e-15 0)
(1 4.7213e-15 0)
(1 5.87398e-15 0)
(1 1.25536e-14 0)
(1 1.1865e-14 0)
(1 1.09246e-14 0)
(1 -1.86535e-15 0)
(1 -5.42703e-15 0)
(1 -5.5885e-16 0)
(1 2.18362e-16 0)
(1 6.94301e-15 0)
(1 4.97617e-15 0)
(1 1.58757e-14 0)
(1 5.37098e-15 0)
(1 -4.60638e-15 0)
(1 -8.30531e-15 0)
(1 -9.95566e-15 0)
(1 -8.73553e-15 0)
(1 3.53329e-15 0)
(1 -3.67473e-15 0)
(1 -1.16653e-15 0)
(1 -7.89229e-15 0)
(1 -6.60439e-16 0)
(1 5.75331e-16 0)
(1 4.29795e-15 0)
(1 -8.47095e-15 0)
(1 1.34616e-15 0)
(1 -8.45583e-16 0)
(1 9.01751e-15 0)
(1 3.45016e-16 0)
(1 -1.57721e-16 0)
(1 -4.13352e-15 0)
(1 -1.63464e-15 0)
(1 -7.90594e-15 0)
(1 -9.40029e-15 0)
(1 -9.11957e-15 0)
(1 8.47589e-16 0)
(1 5.6336e-15 0)
(1 3.36998e-15 0)
(1 7.39229e-15 0)
(1 -5.12053e-15 0)
(1 4.62537e-15 0)
(1 -5.27269e-15 0)
(1 7.47323e-16 0)
(1 -2.41868e-17 0)
(1 1.02076e-15 0)
(1 9.26947e-16 0)
(1 -3.18996e-15 0)
(1 4.1925e-15 0)
(1 1.41219e-15 0)
(1 7.53813e-15 0)
(1 -9.71571e-16 0)
(1 -1.50666e-15 0)
(1 -1.42733e-15 0)
(1 -3.03828e-15 0)
(1 -1.39678e-15 0)
(1 1.26341e-14 0)
(1 1.0065e-14 0)
(1 9.51777e-15 0)
(1 6.91356e-15 0)
(1 9.87156e-15 0)
(1 -1.22007e-15 0)
(1 4.77176e-15 0)
(1 1.09727e-15 0)
(1 -1.46986e-15 0)
(1 -5.14178e-15 0)
(1 3.40243e-16 0)
(1 1.31036e-16 0)
(1 5.07377e-15 0)
(1 4.43853e-15 0)
(1 8.98684e-15 0)
(1 -5.68017e-15 0)
(1 -1.4691e-15 0)
(1 -4.17397e-15 0)
(1 6.27257e-15 0)
(1 4.36723e-15 0)
(1 1.01321e-14 0)
(1 7.45846e-15 0)
(1 6.6915e-15 0)
(1 6.57772e-15 0)
(1 7.02208e-15 0)
(1 1.12674e-14 0)
(1 7.01113e-15 0)
(1 3.06678e-15 0)
(1 2.16045e-15 0)
(1 6.73914e-15 0)
(1 2.25249e-15 0)
(1 1.2619e-14 0)
(1 4.64053e-15 0)
(1 1.10345e-14 0)
(1 1.1158e-14 0)
(1 9.89453e-15 0)
(1 4.05152e-15 0)
(1 1.57232e-15 0)
(1 -2.73214e-15 0)
(1 2.73986e-15 0)
(1 2.47211e-16 0)
(1 3.9495e-15 0)
(1 2.18107e-15 0)
(1 2.25349e-15 0)
(1 4.42926e-15 0)
(1 9.36245e-15 0)
(1 8.63383e-15 0)
(1 5.35029e-15 0)
(1 9.02772e-15 0)
(1 9.46878e-15 0)
(1 -3.94335e-15 0)
(1 -3.85664e-15 0)
(1 1.40017e-15 0)
(1 8.71342e-15 0)
(1 3.76248e-15 0)
(1 2.64456e-15 0)
(1 1.06133e-15 0)
(1 9.29877e-15 0)
(1 4.071e-15 0)
(1 -1.53131e-15 0)
(1 -8.39243e-15 0)
(1 -6.81664e-15 0)
(1 -1.28539e-14 0)
(1 -7.22096e-15 0)
(1 -4.40015e-15 0)
(1 -1.08823e-15 0)
(1 -3.21792e-15 0)
(1 -2.18831e-15 0)
(1 -2.59845e-15 0)
(1 -1.57666e-14 0)
(1 -7.16432e-15 0)
(1 -1.53255e-15 0)
(1 1.10716e-14 0)
(1 1.57588e-14 0)
(1 6.29672e-15 0)
(1 4.30183e-15 0)
(1 -6.88551e-16 0)
(1 1.12064e-15 0)
(1 2.742e-17 0)
(1 1.64759e-15 0)
(1 -6.69619e-16 0)
(1 -4.10784e-15 0)
(1 -1.63722e-15 0)
(1 1.15814e-15 0)
(1 -8.1688e-15 0)
(1 -1.90333e-17 0)
(1 2.30111e-16 0)
(1 5.56657e-15 0)
(1 4.02599e-16 0)
(1 7.28238e-15 0)
(1 -4.82532e-15 0)
(1 -3.71649e-15 0)
(1 -1.1875e-14 0)
(1 -8.28162e-15 0)
(1 -4.87961e-15 0)
(1 -5.55788e-15 0)
(1 -8.59326e-15 0)
(1 1.29353e-15 0)
(1 5.79503e-15 0)
(1 8.6184e-15 0)
(1 5.79497e-15 0)
(1 6.02851e-15 0)
(1 6.90626e-15 0)
(1 4.16922e-15 0)
(1 5.80788e-15 0)
(1 -1.723e-16 0)
(1 -4.42622e-15 0)
(1 4.00182e-15 0)
(1 6.21412e-15 0)
(1 9.59058e-15 0)
(1 5.36191e-15 0)
(1 7.28166e-15 0)
(1 2.2001e-15 0)
(1 3.15512e-15 0)
(1 -5.49412e-15 0)
(1 4.31729e-16 0)
(1 -1.28257e-15 0)
(1 -3.24756e-16 0)
(1 -5.18984e-15 0)
(1 6.64587e-15 0)
(1 7.6486e-15 0)
(1 1.39233e-14 0)
(1 1.10001e-14 0)
(1 1.36576e-14 0)
(1 1.05115e-14 0)
(1 1.44927e-14 0)
(1 1.07248e-14 0)
(1 7.43633e-15 0)
(1 6.59737e-15 0)
(1 2.81619e-15 0)
(1 -4.5121e-16 0)
(1 3.17608e-15 0)
(1 2.38695e-15 0)
(1 3.38507e-15 0)
(1 8.27873e-15 0)
(1 1.28329e-14 0)
(1 8.78157e-15 0)
(1 7.76952e-15 0)
(1 3.57552e-15 0)
(1 3.93578e-15 0)
(1 4.84366e-15 0)
(1 3.61845e-15 0)
(1 -9.5768e-16 0)
(1 7.88221e-15 0)
(1 3.53051e-15 0)
(1 8.16118e-15 0)
(1 9.95558e-15 0)
(1 3.23647e-15 0)
(1 4.33744e-15 0)
(1 8.47863e-15 0)
(1 3.97574e-16 0)
(1 3.64387e-15 0)
(1 1.14134e-15 0)
(1 5.76462e-15 0)
(1 -7.08139e-15 0)
(1 -6.58683e-19 0)
(1 -6.29004e-15 0)
(1 1.2408e-15 0)
(1 3.37836e-15 0)
(1 7.40243e-15 0)
(1 1.1208e-16 0)
(1 -3.90542e-15 0)
(1 -1.65473e-14 0)
(1 -1.2297e-14 0)
(1 -6.29457e-15 0)
(1 2.1331e-15 0)
(1 -5.76698e-16 0)
(1 -4.69669e-15 0)
(1 -2.3521e-15 0)
(1 8.93518e-15 0)
(1 4.92506e-15 0)
(1 3.76554e-16 0)
(1 -3.35365e-15 0)
(1 -3.25065e-15 0)
(1 -3.37871e-15 0)
(1 -6.31422e-15 0)
(1 -2.43975e-15 0)
(1 -1.28006e-15 0)
(1 -3.85413e-15 0)
(1 3.72038e-15 0)
(1 -2.05066e-15 0)
(1 -3.31545e-15 0)
(1 -4.00039e-15 0)
(1 -7.02769e-16 0)
(1 2.47695e-15 0)
(1 1.39368e-15 0)
(1 1.02186e-14 0)
(1 1.28906e-15 0)
(1 -2.41056e-15 0)
(1 2.87041e-15 0)
(1 4.09465e-15 0)
(1 -4.28212e-15 0)
(1 -1.89945e-14 0)
(1 -7.79271e-15 0)
(1 -5.82812e-15 0)
(1 -4.40877e-16 0)
(1 4.25106e-15 0)
(1 -1.20882e-15 0)
(1 -9.45844e-15 0)
(1 -3.12402e-15 0)
(1 1.29652e-15 0)
(1 3.53953e-15 0)
(1 -2.45825e-15 0)
(1 4.03389e-15 0)
(1 3.0802e-15 0)
(1 1.29724e-15 0)
(1 -2.61231e-15 0)
(1 2.638e-15 0)
(1 8.51331e-15 0)
(1 7.65435e-15 0)
(1 6.8397e-15 0)
(1 -7.01162e-16 0)
(1 1.29613e-15 0)
(1 -2.19698e-15 0)
(1 3.73904e-16 0)
(1 1.72125e-15 0)
(1 1.41733e-15 0)
(1 2.22936e-15 0)
(1 -6.38811e-15 0)
(1 6.16779e-15 0)
(1 6.37134e-15 0)
(1 1.2448e-14 0)
(1 6.52781e-15 0)
(1 9.81853e-15 0)
(1 1.00481e-14 0)
(1 1.66283e-14 0)
(1 1.34819e-14 0)
(1 5.7203e-15 0)
(1 7.4922e-15 0)
(1 3.27982e-15 0)
(1 1.17809e-14 0)
(1 4.88923e-16 0)
(1 3.03394e-15 0)
(1 -2.87792e-15 0)
(1 1.1671e-15 0)
(1 4.53425e-15 0)
(1 8.81551e-15 0)
(1 9.87462e-15 0)
(1 1.09333e-14 0)
(1 3.01331e-15 0)
(1 9.27036e-15 0)
(1 2.65118e-15 0)
(1 1.85239e-15 0)
(1 5.72624e-15 0)
(1 9.03732e-15 0)
(1 1.57541e-15 0)
(1 3.1826e-15 0)
(1 2.92902e-15 0)
(1 1.03163e-14 0)
(1 1.13934e-14 0)
(1 5.80597e-16 0)
(1 -1.18928e-15 0)
(1 5.46725e-16 0)
(1 8.57928e-16 0)
(1 -4.19062e-15 0)
(1 1.2703e-14 0)
(1 9.05948e-15 0)
(1 4.30318e-15 0)
(1 3.7787e-15 0)
(1 1.39082e-15 0)
(1 -1.68265e-15 0)
(1 -9.53629e-15 0)
(1 -4.09098e-15 0)
(1 -1.42907e-14 0)
(1 -1.34686e-14 0)
(1 -7.76448e-15 0)
(1 -2.61291e-15 0)
(1 3.84864e-15 0)
(1 1.50798e-14 0)
(1 5.44133e-16 0)
(1 3.41439e-15 0)
(1 8.36845e-15 0)
(1 -1.84751e-15 0)
(1 -1.35346e-15 0)
(1 -4.62637e-15 0)
(1 -4.15521e-15 0)
(1 -5.51212e-15 0)
(1 1.2047e-16 0)
(1 -6.15492e-15 0)
(1 -3.65474e-15 0)
(1 -4.80691e-15 0)
(1 -2.08243e-15 0)
(1 -8.66522e-15 0)
(1 3.89792e-16 0)
(1 1.41273e-14 0)
(1 -9.93574e-16 0)
(1 4.19584e-15 0)
(1 -6.10751e-15 0)
(1 -4.78501e-15 0)
(1 -4.52107e-16 0)
(1 3.12335e-15 0)
(1 -5.60221e-15 0)
(1 3.25364e-15 0)
(1 3.07902e-15 0)
(1 -5.22446e-15 0)
(1 -8.95893e-15 0)
(1 -1.13368e-15 0)
(1 -2.22938e-16 0)
(1 -5.05878e-15 0)
(1 -4.84642e-15 0)
(1 -9.07378e-15 0)
(1 -7.40368e-15 0)
(1 -6.25886e-15 0)
(1 8.8234e-16 0)
(1 6.77504e-15 0)
(1 3.82292e-15 0)
(1 7.36653e-15 0)
(1 1.80266e-15 0)
(1 1.20136e-14 0)
(1 5.82815e-15 0)
(1 3.51498e-15 0)
(1 -4.50425e-15 0)
(1 -5.18623e-15 0)
(1 -2.40586e-15 0)
(1 1.18955e-16 0)
(1 -4.06295e-15 0)
(1 7.19503e-16 0)
(1 2.25728e-15 0)
(1 5.54226e-16 0)
(1 2.6855e-15 0)
(1 8.68174e-15 0)
(1 3.03717e-15 0)
(1 -6.08224e-16 0)
(1 6.66315e-15 0)
(1 1.36066e-14 0)
(1 7.22627e-15 0)
(1 2.03876e-15 0)
(1 5.03238e-15 0)
(1 5.84762e-15 0)
(1 2.34328e-15 0)
(1 3.18974e-15 0)
(1 1.20509e-14 0)
(1 8.8383e-15 0)
(1 7.63148e-15 0)
(1 -4.14508e-16 0)
(1 -2.16553e-16 0)
(1 1.88966e-15 0)
(1 6.62964e-15 0)
(1 4.76823e-15 0)
(1 2.06088e-15 0)
(1 5.55377e-15 0)
(1 9.49306e-15 0)
(1 1.81968e-15 0)
(1 -1.7515e-15 0)
(1 3.35936e-15 0)
(1 3.52994e-15 0)
(1 1.31901e-15 0)
(1 -1.30285e-15 0)
(1 1.32464e-14 0)
(1 1.37023e-14 0)
(1 -2.05168e-15 0)
(1 -6.56824e-15 0)
(1 1.4486e-15 0)
(1 -6.38741e-16 0)
(1 4.38233e-15 0)
(1 5.42456e-15 0)
(1 1.24007e-15 0)
(1 2.87903e-15 0)
(1 -6.85267e-16 0)
(1 -1.59905e-15 0)
(1 -7.77634e-16 0)
(1 -2.44156e-15 0)
(1 3.41e-16 0)
(1 -3.7799e-15 0)
(1 -1.44811e-14 0)
(1 -1.32549e-14 0)
(1 -2.34458e-15 0)
(1 -1.74105e-15 0)
(1 1.93148e-15 0)
(1 1.26694e-15 0)
(1 8.68052e-15 0)
(1 4.33937e-16 0)
(1 1.12056e-15 0)
(1 -4.25271e-16 2.08353e-47)
(1 1.92168e-15 0)
(1 -1.67425e-15 0)
(1 -4.30937e-15 0)
(1 -8.25824e-15 0)
(1 -3.38312e-15 0)
(1 -3.38711e-15 0)
(1 -5.48596e-16 0)
(1 -1.26193e-15 0)
(1 2.40475e-16 0)
(1 1.27162e-15 0)
(1 -1.70993e-16 0)
(1 -2.74594e-15 0)
(1 4.66553e-15 0)
(1 8.34281e-16 0)
(1 2.81666e-15 0)
(1 8.97916e-15 0)
(1 -3.7826e-16 0)
(1 -5.89738e-15 0)
(1 -2.11577e-15 0)
(1 -6.92424e-15 0)
(1 -8.92497e-15 -3.58401e-47)
(1 -1.06567e-14 0)
(1 -8.99227e-15 -3.73361e-47)
(1 1.04577e-15 0)
(1 5.49523e-15 0)
(1 -2.84394e-15 0)
(1 -7.47735e-15 0)
(1 -2.25005e-15 0)
(1 6.91082e-15 0)
(1 2.82753e-15 0)
(1 2.71546e-15 0)
(1 7.44928e-15 0)
(1 6.80713e-15 0)
(1 2.17646e-15 0)
(1 5.51941e-15 0)
(1 1.77114e-16 0)
(1 -6.63987e-15 0)
(1 -1.40277e-16 0)
(1 -1.73161e-15 0)
(1 4.89715e-16 0)
(1 -5.33433e-15 0)
(1 -1.9141e-15 0)
(1 -8.39077e-16 0)
(1 1.33006e-16 0)
(1 2.65635e-15 0)
(1 3.1352e-15 1.30804e-47)
(1 4.30126e-15 -1.29727e-47)
(1 -4.38444e-15 -1.25851e-47)
(1 1.50299e-15 1.09877e-47)
(1 2.31363e-15 1.15602e-47)
(1 1.21342e-14 -1.12285e-47)
(1 7.46726e-15 -1.14168e-47)
(1 7.80547e-15 1.01205e-47)
(1 9.16289e-15 8.92722e-48)
(1 5.0633e-15 -9.23185e-48)
(1 8.24986e-16 -8.64509e-48)
(1 -5.28813e-15 0)
(1 9.50704e-15 0)
(1 8.852e-15 -1.36243e-47)
(1 9.49402e-15 0)
(1 4.12192e-15 -1.64869e-47)
(1 8.92898e-15 7.828e-48)
(1 9.06765e-15 -1.43503e-47)
(1 7.82563e-15 0)
(1 6.02185e-15 -1.16937e-47)
(1 6.47703e-15 5.65467e-48)
(1 -5.06803e-16 -8.8236e-48)
(1 9.69419e-16 0)
(1 -5.91503e-15 -6.44217e-48)
(1 -2.42113e-16 0)
(1 2.2588e-15 0)
(1 1.70465e-15 -2.30473e-48)
(1 6.52994e-15 -2.49202e-48)
(1 2.65035e-15 0)
(1 3.70236e-15 -2.37374e-48)
(1 6.296e-15 -9.19251e-49)
(1 -1.92069e-15 0)
(1 2.09508e-15 0)
(1 1.51053e-15 0)
(1 3.39584e-15 0)
(1 3.64632e-15 0)
(1 -7.99766e-15 0)
(1 1.87307e-16 0)
(1 6.37129e-15 0)
(1 3.6828e-15 0)
(1 3.00785e-15 0)
(1 -4.29477e-16 0)
(1 1.51189e-16 0)
(1 -4.84747e-15 0)
(1 -3.09961e-15 0)
(1 -6.77741e-15 0)
(1 -2.47664e-15 0)
(1 3.0098e-15 0)
(1 -5.13229e-15 0)
(1 -1.11054e-14 0)
(1 4.848e-15 0)
(1 7.64494e-15 0)
(1 3.68284e-15 0)
(1 1.11269e-15 0)
(1 -3.79088e-15 -2.08353e-47)
(1 -6.90015e-15 0)
(1 -4.1501e-15 0)
(1 2.5561e-15 0)
(1 -3.73177e-16 0)
(1 -1.09356e-15 0)
(1 3.97344e-15 0)
(1 6.52736e-16 0)
(1 -2.01897e-15 0)
(1 -1.09669e-15 0)
(1 -1.12792e-14 0)
(1 -1.08677e-14 0)
(1 1.77823e-15 0)
(1 -2.92021e-15 0)
(1 3.18959e-15 0)
(1 -1.03687e-15 0)
(1 1.06744e-14 0)
(1 2.66116e-15 0)
(1 2.32548e-15 0)
(1 -9.26986e-15 0)
(1 -7.0184e-15 0)
(1 -7.87793e-16 3.58401e-47)
(1 2.24897e-15 0)
(1 -3.2343e-15 3.73361e-47)
(1 -6.45607e-15 0)
(1 -7.54711e-15 0)
(1 -1.06265e-14 0)
(1 -7.287e-16 0)
(1 1.05579e-16 0)
(1 1.10222e-15 0)
(1 -1.22567e-15 0)
(1 4.7142e-16 0)
(1 1.09508e-14 0)
(1 1.14481e-14 0)
(1 7.50349e-15 0)
(1 2.70042e-15 0)
(1 5.284e-15 0)
(1 -8.95394e-15 0)
(1 -2.38767e-15 0)
(1 9.20969e-16 0)
(1 -4.44512e-15 0)
(1 -3.187e-15 0)
(1 -9.71531e-15 0)
(1 -4.12034e-15 0)
(1 -5.70058e-15 0)
(1 -6.67291e-15 0)
(1 3.6572e-15 -1.30804e-47)
(1 -2.09935e-15 1.29727e-47)
(1 -6.76638e-17 1.25851e-47)
(1 4.6298e-15 -1.09877e-47)
(1 -2.20804e-15 -1.15602e-47)
(1 -4.63813e-16 1.12285e-47)
(1 3.64953e-15 1.14168e-47)
(1 8.23668e-15 -1.01205e-47)
(1 9.667e-16 -8.92722e-48)
(1 9.62778e-16 9.23185e-48)
(1 4.51142e-18 8.64509e-48)
(1 3.98999e-15 0)
(1 1.94232e-15 0)
(1 1.90492e-15 1.36243e-47)
(1 2.5562e-15 0)
(1 5.48082e-15 1.64869e-47)
(1 -9.76191e-17 -7.828e-48)
(1 7.87558e-15 1.43503e-47)
(1 3.20001e-15 0)
(1 1.1389e-14 1.16937e-47)
(1 5.94751e-15 -5.65467e-48)
(1 4.93748e-15 8.8236e-48)
(1 -1.5705e-15 0)
(1 -1.34749e-15 6.44217e-48)
(1 7.9655e-15 0)
(1 5.44885e-15 0)
(1 4.45044e-15 2.30473e-48)
(1 2.20471e-15 2.49202e-48)
(1 5.29409e-16 0)
(1 2.57986e-15 2.37374e-48)
(1 1.95845e-15 9.19251e-49)
(1 -6.78801e-16 0)
(1 1.15854e-14 0)
(1 -2.06375e-15 0)
(1 1.96379e-15 0)
(1 1.52182e-15 0)
(1 -8.44513e-16 0)
(1 -1.71724e-15 0)
(1 -1.23011e-15 0)
(1 -1.54141e-16 0)
(1 2.80149e-15 0)
(1 -1.26587e-16 0)
(1 -4.5113e-15 0)
(1 -1.35788e-15 0)
(1 2.13193e-15 0)
(1 5.04555e-16 0)
(1 3.4985e-15 0)
(1 -7.24139e-15 0)
(1 -8.25463e-15 0)
(1 -1.07208e-14 0)
(1 -8.00419e-15 0)
(1 -8.51157e-15 0)
(1 9.02074e-15 0)
(1 5.76563e-15 0)
(1 3.72111e-15 0)
(1 -7.11555e-15 0)
(1 -7.70723e-15 0)
(1 -2.55657e-15 0)
(1 8.47041e-15 0)
(1 1.06499e-15 0)
(1 7.976e-15 0)
(1 -2.68751e-15 0)
(1 4.39208e-15 0)
(1 -1.06647e-15 0)
(1 3.83322e-16 0)
(1 -2.40477e-15 0)
(1 -2.9753e-15 0)
(1 -9.31558e-15 0)
(1 1.33714e-15 0)
(1 -4.26043e-15 0)
(1 3.58048e-15 0)
(1 1.69934e-15 0)
(1 5.13452e-15 0)
(1 -3.90022e-15 0)
(1 -7.05246e-15 0)
(1 -1.13599e-14 0)
(1 -4.39434e-16 0)
(1 -7.00538e-15 0)
(1 -7.39931e-15 0)
(1 -4.0612e-15 0)
(1 -4.55147e-15 0)
(1 2.00155e-16 0)
(1 -4.33468e-15 0)
(1 -6.19213e-15 0)
(1 -9.15863e-15 0)
(1 -4.37535e-15 0)
(1 6.2968e-15 0)
(1 1.49229e-14 0)
(1 1.11631e-14 0)
(1 2.47348e-15 0)
(1 8.73467e-15 0)
(1 5.75682e-17 0)
(1 5.45935e-15 0)
(1 1.57294e-15 0)
(1 -6.37527e-16 0)
(1 -4.25564e-15 0)
(1 -1.01422e-14 0)
(1 -2.52458e-15 0)
(1 -5.17575e-15 0)
(1 -5.43336e-15 0)
(1 -2.65777e-15 0)
(1 1.85188e-16 0)
(1 1.76595e-16 0)
(1 1.9794e-15 0)
(1 -1.02514e-15 0)
(1 -9.61696e-16 0)
(1 -8.49776e-16 0)
(1 1.87594e-15 0)
(1 5.21041e-15 0)
(1 1.73633e-15 0)
(1 -3.66485e-15 0)
(1 2.78219e-15 0)
(1 -4.22295e-15 0)
(1 -3.62405e-15 0)
(1 3.17305e-15 0)
(1 1.17113e-14 0)
(1 1.77859e-15 0)
(1 3.86689e-15 0)
(1 1.51342e-15 0)
(1 1.88661e-15 0)
(1 1.93775e-15 0)
(1 4.52647e-15 0)
(1 4.8991e-15 0)
(1 8.87245e-15 0)
(1 1.03144e-15 0)
(1 3.17023e-15 0)
(1 6.73108e-15 0)
(1 -2.4427e-15 0)
(1 1.27951e-15 0)
(1 2.66325e-15 0)
(1 -3.50189e-15 0)
(1 -3.69418e-15 0)
(1 5.13076e-15 0)
(1 -5.15976e-16 0)
(1 5.10501e-15 0)
(1 7.16899e-15 0)
(1 1.26882e-15 0)
(1 -4.16149e-16 0)
(1 -6.5395e-15 0)
(1 -5.05179e-16 0)
(1 -5.2498e-15 0)
(1 4.26862e-16 0)
(1 -3.41851e-15 0)
(1 -1.20427e-15 0)
(1 4.66393e-15 0)
(1 -5.58431e-15 0)
(1 -3.65623e-15 0)
(1 1.31075e-15 0)
(1 1.30714e-15 0)
(1 -1.68104e-15 0)
(1 3.37142e-15 0)
(1 -1.6035e-15 0)
(1 5.74263e-15 0)
(1 -2.87939e-15 0)
(1 1.42073e-15 0)
(1 1.2741e-17 0)
(1 1.08275e-15 0)
(1 -1.18677e-14 0)
(1 -5.73465e-15 0)
(1 -6.5648e-15 0)
(1 -2.42912e-15 0)
(1 -4.94333e-15 0)
(1 6.26243e-15 0)
(1 7.15375e-15 0)
(1 1.07979e-14 0)
(1 -4.25729e-15 0)
(1 -2.2695e-15 0)
(1 -9.53913e-15 0)
(1 -4.80345e-15 0)
(1 2.96202e-15 0)
(1 -3.94564e-15 0)
(1 3.0757e-15 0)
(1 -1.03084e-15 0)
(1 -4.061e-16 0)
(1 -8.86625e-15 0)
(1 -6.47334e-15 0)
(1 -3.68732e-15 0)
(1 -3.30006e-16 0)
(1 -5.2601e-15 0)
(1 -7.22088e-15 0)
(1 -1.20328e-14 0)
(1 -1.08339e-14 0)
(1 -4.32182e-16 0)
(1 4.54664e-16 0)
(1 -8.39561e-16 0)
(1 4.67643e-15 0)
(1 7.09654e-15 0)
(1 3.01498e-15 0)
(1 1.05461e-15 0)
(1 3.95335e-16 0)
(1 -4.2197e-15 0)
(1 1.91612e-15 0)
(1 2.37969e-15 0)
(1 -2.83423e-15 0)
(1 -1.41409e-16 0)
(1 -1.05569e-14 0)
(1 1.87799e-15 0)
(1 -2.15612e-15 0)
(1 1.54674e-15 0)
(1 -1.70732e-15 0)
(1 -1.47655e-14 0)
(1 -1.01053e-14 0)
(1 -7.32289e-15 0)
(1 -3.97218e-15 0)
(1 -6.10621e-16 0)
(1 -2.85795e-15 0)
(1 -1.54909e-15 0)
(1 -8.27245e-16 0)
(1 2.38325e-15 0)
(1 -3.3492e-16 0)
(1 -3.18391e-16 0)
(1 -3.59313e-15 0)
(1 -4.86935e-15 0)
(1 8.2795e-16 0)
(1 3.89334e-15 0)
(1 8.69283e-15 0)
(1 1.16429e-14 0)
(1 5.9094e-15 0)
(1 -4.16036e-15 0)
(1 3.09241e-15 0)
(1 5.14421e-15 0)
(1 7.62022e-16 0)
(1 2.92322e-15 0)
(1 5.80452e-15 0)
(1 -1.90686e-15 0)
(1 -1.74704e-15 0)
(1 2.52197e-15 0)
(1 -2.23511e-15 0)
(1 8.0154e-17 0)
(1 -7.39092e-15 0)
(1 -1.01576e-14 0)
(1 -2.7889e-15 0)
(1 -8.79264e-16 0)
(1 5.87359e-15 0)
(1 -4.77621e-15 0)
(1 3.90658e-15 0)
(1 -6.08438e-15 0)
(1 7.16593e-15 0)
(1 -2.04705e-15 0)
(1 1.01158e-14 0)
(1 3.00392e-15 0)
(1 -1.14033e-15 0)
(1 -9.64513e-15 0)
(1 3.24308e-15 0)
(1 -9.3529e-15 0)
(1 -1.68487e-15 0)
(1 -6.72437e-15 0)
(1 4.80896e-15 0)
(1 1.06836e-14 0)
(1 9.67026e-15 0)
(1 8.91983e-16 0)
(1 -1.95157e-15 0)
(1 -5.52727e-15 0)
(1 -1.08045e-14 0)
(1 -7.39996e-15 0)
(1 -3.32394e-15 0)
(1 4.97554e-15 0)
(1 -4.29223e-15 0)
(1 -1.26992e-14 0)
(1 -1.60951e-15 0)
(1 -6.15681e-15 0)
(1 3.06477e-15 0)
(1 -1.07495e-15 0)
(1 7.58462e-15 0)
(1 2.99515e-15 0)
(1 -3.63756e-15 0)
(1 -2.9449e-15 0)
(1 -8.8667e-15 0)
(1 -5.38487e-15 0)
(1 6.76235e-16 0)
(1 -2.50385e-15 0)
(1 -1.28051e-15 0)
(1 1.47089e-15 0)
(1 -1.41822e-15 0)
(1 1.61084e-15 0)
(1 2.45829e-15 0)
(1 -4.87379e-15 0)
(1 -5.34373e-15 0)
(1 -5.0755e-15 0)
(1 -6.52261e-15 0)
(1 -8.7217e-15 0)
(1 -9.45837e-15 0)
(1 -4.60574e-15 0)
(1 1.78841e-15 0)
(1 7.92978e-16 0)
(1 3.00731e-15 0)
(1 -4.67971e-16 0)
(1 -6.9863e-15 0)
(1 -6.6419e-16 0)
(1 -1.68727e-15 0)
(1 -4.89946e-15 0)
(1 1.66548e-16 0)
(1 -1.03172e-14 0)
(1 -4.89056e-15 0)
(1 -8.2495e-15 0)
(1 -2.33632e-15 0)
(1 -2.61071e-15 0)
(1 -3.74466e-15 0)
(1 -6.15735e-17 0)
(1 1.79849e-16 0)
(1 -1.37727e-15 0)
(1 -7.49636e-15 0)
(1 -7.45827e-15 0)
(1 -1.33372e-16 0)
(1 -2.70074e-15 0)
(1 -6.20785e-15 0)
(1 -1.41856e-15 0)
(1 -4.27649e-15 0)
(1 -2.22498e-15 0)
(1 -1.3106e-15 0)
(1 -2.84016e-15 0)
(1 -8.00856e-16 0)
(1 -4.04972e-15 0)
(1 6.85626e-15 0)
(1 6.01976e-15 0)
(1 -2.92756e-15 0)
(1 2.59741e-16 0)
(1 3.52657e-15 0)
(1 1.02834e-15 0)
(1 3.14251e-15 0)
(1 2.27132e-15 0)
(1 1.58689e-15 0)
(1 4.61508e-15 0)
(1 3.70439e-15 0)
(1 6.04763e-15 0)
(1 -8.01752e-16 0)
(1 -2.62996e-16 0)
(1 8.81175e-16 0)
(1 1.50194e-15 0)
(1 -2.56486e-15 0)
(1 -2.80309e-15 0)
(1 7.32258e-15 0)
(1 -3.48636e-16 0)
(1 7.82164e-15 0)
(1 -3.0566e-15 0)
(1 -3.05399e-15 0)
(1 -5.87818e-15 0)
(1 -2.6073e-15 0)
(1 -4.35753e-15 0)
(1 -9.38896e-16 0)
(1 1.56389e-15 0)
(1 -9.35525e-15 0)
(1 -2.25286e-15 0)
(1 8.33008e-15 0)
(1 1.57052e-15 0)
(1 6.36779e-15 0)
(1 -2.98772e-15 0)
(1 -7.15359e-15 0)
(1 -9.65278e-19 0)
(1 1.82932e-15 0)
(1 -1.69151e-15 0)
(1 -7.47252e-15 0)
(1 -1.4683e-14 0)
(1 -2.55538e-15 0)
(1 -1.24306e-14 0)
(1 -8.71649e-16 0)
(1 -7.49285e-16 0)
(1 1.35706e-14 0)
(1 1.32582e-15 0)
(1 8.47001e-15 0)
(1 -6.49248e-15 0)
(1 -2.0215e-15 0)
(1 3.33096e-15 0)
(1 1.06452e-14 0)
(1 6.5622e-15 0)
(1 1.08973e-14 0)
(1 -2.23163e-15 0)
(1 -7.53626e-15 0)
(1 -4.38474e-15 0)
(1 -4.99031e-15 0)
(1 -8.33926e-15 0)
(1 -4.73923e-15 0)
(1 -3.54821e-15 0)
(1 -3.71024e-15 0)
(1 -1.44903e-15 0)
(1 -4.11089e-15 0)
(1 -3.07751e-17 0)
(1 -9.43107e-15 0)
(1 -7.48535e-15 0)
(1 -8.06368e-15 0)
(1 -9.06009e-15 0)
(1 -1.01402e-14 0)
(1 -6.23318e-15 0)
(1 -7.71248e-16 0)
(1 -2.00804e-15 0)
(1 -7.83513e-15 0)
(1 -4.29504e-15 0)
(1 -9.55676e-15 0)
(1 -1.71305e-15 0)
(1 -4.64857e-15 0)
(1 -3.33264e-15 0)
(1 -2.07076e-15 0)
(1 5.71948e-16 0)
(1 2.87326e-15 0)
(1 -2.12251e-15 0)
(1 3.5095e-16 0)
(1 -1.00404e-14 0)
(1 -2.14341e-15 0)
(1 -7.27029e-15 0)
(1 2.3168e-15 0)
(1 3.61431e-15 0)
(1 4.56076e-16 0)
(1 -2.86125e-15 0)
(1 2.70889e-15 0)
(1 5.42675e-16 0)
(1 -2.70848e-15 0)
(1 1.83179e-15 0)
(1 1.35675e-15 0)
(1 7.44466e-15 0)
(1 4.621e-16 0)
(1 -6.37226e-15 0)
(1 -6.52725e-15 0)
(1 -1.3479e-15 0)
(1 7.41302e-17 0)
(1 5.7272e-15 0)
(1 2.85591e-15 0)
(1 1.91343e-15 0)
(1 6.19252e-16 0)
(1 2.4657e-15 0)
(1 -4.25568e-15 0)
(1 -3.40361e-15 0)
(1 -2.00528e-15 0)
(1 -6.56682e-18 0)
(1 2.86802e-15 0)
(1 4.77014e-15 0)
(1 -1.43765e-15 0)
(1 8.1274e-16 0)
(1 5.0339e-15 0)
(1 -1.80578e-15 0)
(1 -6.66828e-15 0)
(1 -2.26752e-15 0)
(1 4.87755e-15 0)
(1 1.68596e-15 0)
(1 -8.54513e-16 0)
(1 3.01886e-15 0)
(1 -9.32767e-15 0)
(1 8.19546e-16 0)
(1 -2.50334e-15 0)
(1 2.26935e-16 0)
(1 -6.64361e-15 0)
(1 -9.09285e-15 0)
(1 -1.56899e-14 0)
(1 7.84741e-15 0)
(1 5.77503e-15 0)
(1 1.04077e-14 0)
(1 5.2992e-15 0)
(1 7.55707e-15 0)
(1 5.7176e-16 0)
(1 2.62096e-15 0)
(1 7.17516e-15 0)
(1 3.24361e-15 0)
(1 -2.8959e-15 0)
(1 -1.91507e-14 0)
(1 -9.38363e-15 0)
(1 -6.51996e-15 0)
(1 -5.41976e-15 0)
(1 -1.07354e-14 0)
(1 6.40893e-15 0)
(1 3.54415e-15 0)
(1 -3.54756e-15 0)
(1 -1.23379e-14 0)
(1 -8.54542e-15 0)
(1 5.22671e-15 0)
(1 5.53186e-15 0)
(1 1.22947e-16 0)
(1 1.39791e-15 0)
(1 -4.69865e-15 0)
(1 -5.53674e-16 0)
(1 -7.3117e-15 0)
(1 1.75577e-15 0)
(1 -4.87524e-15 0)
(1 3.84642e-15 0)
(1 -3.10614e-15 0)
(1 5.07489e-15 0)
(1 -8.65753e-16 0)
(1 -5.55053e-15 0)
(1 -3.95117e-15 0)
(1 -6.65014e-15 0)
(1 -1.18955e-14 0)
(1 -1.68759e-14 0)
(1 -7.60288e-15 0)
(1 -6.27315e-15 0)
(1 -2.78294e-15 0)
(1 -4.75898e-15 0)
(1 3.08397e-15 0)
(1 3.92025e-16 0)
(1 -9.79611e-16 0)
(1 -5.23303e-15 0)
(1 -9.36553e-15 0)
(1 -1.03252e-14 0)
(1 -3.12593e-15 0)
(1 -5.02468e-15 0)
(1 3.77059e-15 0)
(1 -5.98935e-15 0)
(1 3.23288e-15 0)
(1 -2.40161e-15 0)
(1 1.04813e-15 0)
(1 -9.09847e-15 0)
(1 -1.32257e-14 0)
(1 -1.08457e-14 0)
(1 -8.73206e-15 0)
(1 -3.70751e-15 0)
(1 -4.14194e-15 0)
(1 -9.74368e-16 0)
(1 -5.91026e-15 0)
(1 -2.40719e-15 0)
(1 -9.16808e-15 0)
(1 -3.85754e-15 0)
(1 -3.76755e-15 0)
(1 2.14777e-15 0)
(1 9.99138e-15 0)
(1 1.85986e-15 0)
(1 1.1758e-14 0)
(1 3.83621e-15 0)
(1 -1.23841e-15 0)
(1 3.06008e-15 0)
(1 -5.08526e-16 0)
(1 -5.90146e-15 0)
(1 -2.42468e-15 0)
(1 1.35038e-16 0)
(1 2.50691e-15 0)
(1 6.29347e-15 0)
(1 6.64432e-15 0)
(1 7.75263e-15 0)
(1 5.2576e-15 0)
(1 -9.95121e-16 0)
(1 3.80449e-15 0)
(1 -5.44725e-16 0)
(1 -7.37307e-15 0)
(1 -1.0241e-14 0)
(1 -5.84444e-15 0)
(1 -4.77678e-16 0)
(1 -1.41706e-15 0)
(1 1.24934e-15 0)
(1 1.51446e-15 0)
(1 -5.77716e-15 0)
(1 5.1576e-15 0)
(1 -2.22492e-15 0)
(1 8.91029e-16 0)
(1 -5.02281e-15 0)
(1 -6.71781e-15 0)
(1 -8.69395e-15 0)
(1 3.23873e-15 0)
(1 3.43141e-15 0)
(1 1.78011e-15 0)
(1 1.51745e-14 0)
(1 9.96062e-15 0)
(1 -2.44096e-15 0)
(1 -6.99912e-15 0)
(1 -3.70758e-15 0)
(1 -8.93537e-15 0)
(1 -5.10054e-15 0)
(1 -7.08838e-15 0)
(1 -1.58502e-15 0)
(1 2.27415e-15 0)
(1 -7.13905e-15 0)
(1 -1.28143e-14 0)
(1 -1.98508e-15 0)
(1 -3.03514e-15 0)
(1 -1.32731e-15 0)
(1 -3.10226e-15 0)
(1 7.29881e-15 0)
(1 5.20453e-15 0)
(1 3.98554e-15 0)
(1 -6.46146e-15 0)
(1 -3.02621e-15 0)
(1 -6.20267e-16 0)
(1 1.82528e-15 0)
(1 -3.80833e-15 0)
(1 3.19133e-15 0)
(1 4.14839e-15 0)
(1 3.75034e-15 0)
(1 -2.76891e-16 0)
(1 8.72368e-16 0)
(1 -2.24344e-15 0)
(1 -5.5846e-15 0)
(1 -7.24484e-15 0)
(1 -8.83615e-15 0)
(1 -1.07331e-14 0)
(1 -1.28479e-14 0)
(1 -6.93903e-15 0)
(1 -3.00131e-15 0)
(1 -4.96794e-15 0)
(1 -3.25166e-15 0)
(1 2.53933e-16 0)
(1 -2.88138e-15 0)
(1 -9.4746e-15 0)
(1 -4.91255e-15 0)
(1 -3.70989e-15 0)
(1 -7.37679e-15 0)
(1 5.14555e-15 0)
(1 -2.38325e-16 0)
(1 -1.35792e-15 0)
(1 -1.11528e-15 0)
(1 3.10263e-16 0)
(1 5.35808e-15 0)
(1 6.7213e-15 0)
(1 -6.13238e-15 0)
(1 -3.29756e-15 0)
(1 -4.20688e-15 0)
(1 -1.57455e-15 0)
(1 -3.20974e-15 0)
(1 -1.84755e-15 0)
(1 -5.49195e-15 0)
(1 -1.13266e-14 0)
(1 -5.19815e-15 0)
(1 -9.47286e-15 0)
(1 -4.09699e-15 0)
(1 -5.02344e-15 0)
(1 2.5052e-15 0)
(1 5.894e-15 0)
(1 3.69764e-15 0)
(1 6.62747e-15 0)
(1 6.94049e-15 0)
(1 -7.29269e-16 0)
(1 -6.32518e-16 0)
(1 -4.47953e-15 0)
(1 -7.56201e-15 0)
(1 -2.04839e-15 0)
(1 -4.59585e-15 0)
(1 -2.80262e-15 0)
(1 1.73812e-15 0)
(1 8.76775e-15 0)
(1 1.16993e-14 0)
(1 5.61392e-15 0)
(1 4.22697e-15 0)
(1 -1.34956e-15 0)
(1 -2.82907e-15 0)
(1 -3.3084e-15 0)
(1 8.64135e-16 0)
(1 2.72432e-15 0)
(1 2.31755e-16 0)
(1 7.04005e-17 0)
(1 -2.65257e-15 0)
(1 -6.5783e-15 0)
(1 1.34896e-15 0)
(1 -2.05531e-15 0)
(1 -5.18985e-15 0)
(1 -3.53172e-15 0)
(1 -8.16391e-16 0)
(1 -5.15338e-17 0)
(1 1.04098e-15 0)
(1 -1.14586e-15 0)
(1 -7.88256e-15 0)
(1 -3.40197e-15 0)
(1 7.98964e-15 0)
(1 1.50352e-14 0)
(1 6.35182e-15 0)
(1 -9.37879e-15 0)
(1 -4.99125e-15 0)
(1 -6.23482e-15 0)
(1 -8.90238e-16 0)
(1 3.47435e-15 0)
(1 -1.58456e-15 0)
(1 -9.54526e-15 0)
(1 -8.31603e-15 0)
(1 7.47129e-16 0)
(1 -5.72462e-15 0)
(1 4.61149e-15 0)
(1 5.66531e-16 0)
(1 -3.16075e-15 0)
(1 -9.53713e-16 0)
(1 -5.2114e-15 0)
(1 -4.63119e-15 0)
(1 -3.74597e-15 0)
(1 3.74964e-15 0)
(1 3.55917e-15 0)
(1 -5.90663e-16 0)
(1 5.48593e-15 0)
(1 3.44308e-15 0)
(1 2.41464e-15 0)
(1 -3.05534e-15 0)
(1 -6.28205e-16 0)
(1 -1.94481e-15 0)
(1 -5.04269e-15 0)
(1 -5.62068e-15 0)
(1 -4.06604e-15 0)
(1 -3.65849e-15 0)
(1 -9.18565e-15 0)
(1 -5.30234e-15 0)
(1 -9.30333e-15 0)
(1 -3.11416e-15 0)
(1 -5.6615e-15 0)
(1 -3.20262e-15 0)
(1 6.14406e-16 0)
(1 3.15766e-15 0)
(1 2.10688e-15 0)
(1 -2.09446e-15 0)
(1 -5.00979e-15 0)
(1 -5.49059e-15 0)
(1 -2.86266e-15 0)
(1 4.18701e-15 0)
(1 -4.54022e-16 0)
(1 6.95975e-15 0)
(1 -8.8776e-15 0)
(1 -8.27239e-16 0)
(1 -3.9907e-15 0)
(1 2.86133e-15 0)
(1 2.28097e-15 0)
(1 3.8002e-15 0)
(1 1.48125e-15 0)
(1 -4.69961e-15 0)
(1 -7.06538e-15 0)
(1 -8.43587e-15 0)
(1 -5.06361e-15 0)
(1 -8.20642e-15 0)
(1 -6.89306e-17 0)
(1 8.13776e-15 0)
(1 3.13227e-15 0)
(1 2.79968e-16 0)
(1 -8.1314e-15 0)
(1 3.18344e-15 0)
(1 4.25946e-15 0)
(1 3.59537e-17 0)
(1 -3.73619e-15 0)
(1 -2.80248e-15 0)
(1 -7.28816e-15 0)
(1 -3.85701e-15 0)
(1 -2.49514e-15 0)
(1 -5.27316e-15 0)
(1 -5.99331e-15 0)
(1 -2.93139e-15 0)
(1 -2.40987e-15 0)
(1 2.27303e-15 0)
(1 1.10047e-14 0)
(1 1.20492e-14 0)
(1 -8.34299e-16 0)
(1 -3.37037e-15 0)
(1 -5.61781e-15 0)
(1 2.54122e-15 0)
(1 5.91574e-15 0)
(1 -1.04116e-15 0)
(1 4.44956e-15 0)
(1 -1.51728e-15 0)
(1 -2.60228e-15 0)
(1 -5.64953e-16 0)
(1 -2.13529e-15 0)
(1 5.56249e-16 0)
(1 -5.84565e-15 0)
(1 -5.32594e-15 0)
(1 -4.95307e-15 0)
(1 1.0022e-14 0)
(1 2.25758e-15 0)
(1 2.47067e-15 0)
(1 6.09016e-15 0)
(1 1.30731e-15 0)
(1 2.5546e-15 0)
(1 1.29927e-15 0)
(1 -1.8892e-15 0)
(1 -9.79474e-15 0)
(1 -5.61341e-15 0)
(1 -5.0394e-15 0)
(1 -2.45447e-15 0)
(1 -5.52864e-15 0)
(1 -6.31709e-15 0)
(1 -7.04774e-15 0)
(1 -2.98903e-15 0)
(1 -5.92759e-15 0)
(1 -1.41276e-15 0)
(1 1.74368e-15 0)
(1 2.99841e-15 0)
(1 9.20773e-15 0)
(1 -9.54457e-16 0)
(1 7.46877e-16 0)
(1 -3.81469e-15 0)
(1 -4.21722e-15 0)
(1 -6.41953e-15 0)
(1 -2.70799e-15 0)
(1 3.01397e-15 0)
(1 4.07197e-15 0)
(1 1.88376e-15 0)
(1 3.01973e-15 0)
(1 -4.37315e-15 0)
(1 1.85152e-15 0)
(1 -2.97041e-15 0)
(1 2.30355e-15 0)
(1 -1.06517e-14 0)
(1 -8.68803e-15 0)
(1 -4.51838e-15 0)
(1 -2.25721e-15 0)
(1 -5.59292e-15 0)
(1 -2.70353e-15 0)
(1 -5.17661e-15 0)
(1 -8.81074e-15 0)
(1 -8.43509e-15 0)
(1 -3.31764e-16 0)
(1 -2.91471e-15 0)
(1 -3.66241e-15 0)
(1 -9.91307e-15 0)
(1 -3.7191e-15 0)
(1 -7.02495e-15 0)
(1 6.42939e-15 0)
(1 5.35739e-15 0)
(1 3.34257e-16 0)
(1 1.23017e-16 0)
(1 -8.32951e-15 0)
(1 -4.14244e-15 0)
(1 3.30783e-15 0)
(1 3.18419e-15 0)
(1 6.73371e-15 0)
(1 -1.60398e-15 0)
(1 -1.77282e-15 0)
(1 -1.00358e-14 0)
(1 -6.43512e-15 0)
(1 -5.84608e-15 0)
(1 -2.63656e-15 0)
(1 -1.78378e-15 0)
(1 4.56315e-15 0)
(1 1.07991e-15 0)
(1 -3.44263e-15 0)
(1 3.22702e-16 0)
(1 5.11197e-15 0)
(1 -3.62461e-15 0)
(1 -5.17882e-15 0)
(1 -5.87625e-15 0)
(1 -2.07966e-15 0)
(1 -3.89376e-15 0)
(1 -1.01299e-16 0)
(1 6.91693e-15 0)
(1 4.58479e-15 0)
(1 -7.11191e-16 0)
(1 -7.90627e-16 0)
(1 -6.69584e-15 0)
(1 -7.09818e-15 0)
(1 7.95342e-15 0)
(1 7.60916e-15 0)
(1 -1.80862e-15 0)
(1 -6.42249e-15 0)
(1 -9.28584e-15 0)
(1 -1.88368e-15 0)
(1 -9.951e-16 0)
(1 -1.34282e-15 0)
(1 -4.71508e-15 0)
(1 4.19183e-16 0)
(1 2.2549e-15 0)
(1 1.49054e-15 0)
(1 -1.51353e-15 0)
(1 -2.98498e-15 0)
(1 -1.29641e-14 0)
(1 -7.83318e-15 0)
(1 -4.33262e-15 0)
(1 3.77015e-15 0)
(1 2.21486e-15 0)
(1 7.76983e-15 0)
(1 5.49594e-15 0)
(1 -3.28752e-15 0)
(1 -7.20674e-15 0)
(1 -4.07426e-15 0)
(1 -2.49185e-15 0)
(1 -7.90506e-15 0)
(1 -3.85621e-15 0)
(1 -9.70809e-16 0)
(1 6.16916e-15 0)
(1 5.93256e-15 0)
(1 8.26175e-15 0)
(1 -1.43016e-15 0)
(1 -1.26015e-14 0)
(1 -5.7806e-15 0)
(1 -3.46892e-15 0)
(1 7.68606e-16 0)
(1 4.31832e-15 0)
(1 -1.58125e-15 0)
(1 -2.73701e-15 0)
(1 -5.88123e-15 0)
(1 -4.83361e-16 0)
(1 -3.23813e-15 0)
(1 -4.74712e-15 0)
(1 3.17476e-15 0)
(1 2.32155e-15 0)
(1 5.3019e-15 0)
(1 4.8939e-15 0)
(1 -6.64554e-16 0)
(1 -1.13245e-15 0)
(1 -1.15177e-14 0)
(1 -6.60477e-15 0)
(1 2.76319e-15 0)
(1 -3.42059e-15 0)
(1 -8.42203e-16 0)
(1 -1.45488e-16 0)
(1 4.65724e-15 0)
(1 -1.23797e-15 0)
(1 -7.06539e-16 0)
(1 -1.12787e-15 0)
(1 -9.41171e-15 0)
(1 -1.10331e-14 0)
(1 -7.80002e-15 0)
(1 -1.09465e-14 0)
(1 -5.13826e-15 0)
(1 -6.86374e-15 0)
(1 -8.20761e-16 0)
(1 -1.50707e-15 0)
(1 2.46605e-15 0)
(1 1.87615e-15 0)
(1 -1.18401e-15 0)
(1 3.83976e-15 0)
(1 -2.49617e-15 0)
(1 1.0738e-15 0)
(1 -4.22571e-15 0)
(1 -2.36169e-15 0)
(1 -4.74581e-15 0)
(1 -2.25119e-15 0)
(1 1.02909e-15 0)
(1 -8.81616e-17 0)
(1 -5.70397e-15 0)
(1 -1.84759e-15 0)
(1 3.04919e-15 0)
(1 2.34481e-15 0)
(1 -3.86554e-15 0)
(1 -4.44753e-15 0)
(1 -1.8326e-15 0)
(1 5.8603e-15 0)
(1 -7.97296e-15 0)
(1 -1.00645e-14 0)
(1 -7.32443e-15 0)
(1 -8.70381e-15 0)
(1 -3.84424e-15 0)
(1 -1.98048e-15 0)
(1 -1.10031e-15 0)
(1 -9.30222e-16 0)
(1 -3.61452e-15 0)
(1 -2.41008e-15 0)
(1 1.60365e-15 0)
(1 -1.30675e-16 0)
(1 -2.26692e-16 0)
(1 3.80567e-15 0)
(1 -1.83142e-15 0)
(1 -4.07645e-15 0)
(1 -4.60233e-15 0)
(1 -3.85614e-15 0)
(1 -9.0202e-15 0)
(1 -1.14132e-14 0)
(1 5.57035e-15 0)
(1 5.72556e-16 0)
(1 -3.60397e-15 0)
(1 -8.31939e-15 0)
(1 -6.64234e-15 0)
(1 -6.82884e-15 0)
(1 -8.6584e-15 0)
(1 -8.96608e-15 0)
(1 -1.22796e-15 0)
(1 -5.58383e-15 0)
(1 -8.7251e-15 0)
(1 -4.75554e-15 0)
(1 -9.97094e-15 0)
(1 2.00824e-15 0)
(1 7.34929e-15 0)
(1 1.70962e-14 0)
(1 1.01046e-14 0)
(1 -1.44556e-15 0)
(1 3.59244e-15 0)
(1 2.10807e-15 0)
(1 5.15414e-15 0)
(1 4.74062e-15 0)
(1 -3.20592e-15 0)
(1 -9.05262e-15 0)
(1 -3.84906e-15 0)
(1 -7.01138e-15 0)
(1 -1.33071e-14 0)
(1 2.77861e-17 0)
(1 -2.57522e-15 0)
(1 -5.36258e-15 0)
(1 -6.74466e-15 0)
(1 -5.11033e-15 0)
(1 -3.62013e-15 0)
(1 1.22871e-14 0)
(1 1.30288e-15 0)
(1 -4.91052e-15 0)
(1 4.97396e-15 0)
(1 2.78942e-15 0)
(1 4.1893e-17 0)
(1 -4.07025e-15 0)
(1 -3.15414e-15 0)
(1 -2.86404e-15 0)
(1 -1.15855e-14 0)
(1 -1.54356e-15 0)
(1 -3.77443e-15 0)
(1 7.35433e-16 0)
(1 2.41665e-15 0)
(1 -5.22442e-17 0)
(1 6.30967e-15 0)
(1 1.88659e-16 0)
(1 -4.94335e-15 0)
(1 -3.94092e-15 0)
(1 -2.80904e-15 0)
(1 -4.14862e-15 0)
(1 -7.17916e-15 0)
(1 -2.78142e-15 0)
(1 -7.91857e-16 0)
(1 -1.59107e-15 0)
(1 -7.24214e-15 0)
(1 -6.15128e-15 0)
(1 -1.22188e-15 0)
(1 -2.72454e-15 0)
(1 1.40728e-15 0)
(1 -3.51037e-15 0)
(1 4.0719e-15 0)
(1 2.9515e-15 0)
(1 -3.34735e-15 0)
(1 -7.17582e-15 0)
(1 -1.17157e-14 0)
(1 -1.03444e-14 0)
(1 -8.037e-15 0)
(1 -1.37973e-15 0)
(1 -4.76149e-15 0)
(1 1.32198e-15 0)
(1 3.67366e-15 0)
(1 5.02266e-15 0)
(1 -3.67427e-15 0)
(1 -3.02028e-15 0)
(1 3.5605e-16 0)
(1 -5.54533e-15 0)
(1 -5.48862e-15 0)
(1 -2.8692e-15 0)
(1 2.64272e-15 0)
(1 -5.01722e-15 0)
(1 -3.90009e-15 0)
(1 -2.72111e-16 0)
(1 -6.38399e-16 0)
(1 -5.55753e-15 0)
(1 -1.87325e-15 0)
(1 2.92207e-15 0)
(1 5.79314e-15 0)
(1 6.61883e-15 0)
(1 1.09344e-15 0)
(1 -4.18212e-15 0)
(1 -6.33182e-15 0)
(1 -3.10736e-16 0)
(1 -4.61759e-15 0)
(1 -3.99114e-15 0)
(1 -2.07528e-14 0)
(1 -2.24774e-14 0)
(1 2.46132e-15 0)
(1 -1.64842e-15 0)
(1 -1.41637e-16 0)
(1 1.9956e-15 0)
(1 -2.76601e-15 0)
(1 -3.05083e-15 0)
(1 -4.29557e-15 0)
(1 -1.03234e-14 0)
(1 -7.85102e-15 0)
(1 -8.1641e-15 0)
(1 -2.72513e-15 0)
(1 -7.61956e-15 0)
(1 -5.99513e-16 0)
(1 8.67194e-15 0)
(1 3.29298e-15 0)
(1 5.88797e-15 0)
(1 9.47974e-16 0)
(1 6.29801e-15 0)
(1 -1.67928e-16 0)
(1 6.20878e-15 0)
(1 -1.66872e-16 0)
(1 1.27232e-15 0)
(1 -1.24684e-14 0)
(1 -6.01936e-15 0)
(1 -1.00159e-16 0)
(1 4.06866e-15 0)
(1 -1.0477e-14 0)
(1 -7.82989e-15 0)
(1 -4.02898e-15 0)
(1 -7.81573e-15 0)
(1 4.21045e-15 0)
(1 3.25103e-15 0)
(1 6.66843e-15 0)
(1 -1.92355e-15 0)
(1 -4.83242e-15 0)
(1 -8.07442e-15 0)
(1 -4.31563e-15 0)
(1 -8.82963e-16 0)
(1 2.2515e-15 0)
(1 -1.15782e-16 0)
(1 3.99783e-15 0)
(1 -6.30808e-15 0)
(1 -1.51348e-15 0)
(1 -2.60599e-15 0)
(1 2.54353e-15 0)
(1 -3.28194e-15 0)
(1 -3.07146e-15 0)
(1 -2.13608e-15 0)
(1 -2.36422e-15 0)
(1 -1.43713e-15 0)
(1 -6.78073e-15 0)
(1 -5.82021e-15 0)
(1 2.09579e-15 0)
(1 -3.35567e-15 0)
(1 -6.69044e-15 0)
(1 -7.2756e-15 0)
(1 -3.62152e-15 0)
(1 -2.93161e-15 0)
(1 -6.34945e-15 0)
(1 9.74486e-16 0)
(1 3.84263e-16 0)
(1 3.12539e-15 0)
(1 2.5825e-15 0)
(1 1.35529e-15 0)
(1 -7.32753e-16 0)
(1 -3.48922e-15 0)
(1 -4.29104e-16 0)
(1 -2.48036e-15 0)
(1 1.48781e-16 0)
(1 -1.04147e-14 0)
(1 -1.26821e-14 0)
(1 -5.84317e-15 0)
(1 -4.7303e-16 0)
(1 -5.84035e-16 0)
(1 7.88293e-16 0)
(1 -9.14629e-16 0)
(1 -3.66272e-15 0)
(1 -3.69919e-16 0)
(1 6.32749e-16 0)
(1 -7.89181e-15 0)
(1 -1.41471e-15 0)
(1 -5.15094e-15 0)
(1 -2.95574e-15 0)
(1 -4.03003e-15 0)
(1 -3.94205e-15 0)
(1 4.38556e-16 0)
(1 3.86508e-16 0)
(1 1.55205e-15 0)
(1 3.47914e-15 0)
(1 3.62592e-15 0)
(1 3.68259e-15 0)
(1 -3.7639e-16 0)
(1 -2.40568e-15 0)
(1 -9.4962e-15 0)
(1 -6.58294e-15 0)
(1 -3.77665e-15 0)
(1 -7.67503e-15 0)
(1 -6.94387e-15 0)
(1 -1.90323e-14 0)
(1 -1.94202e-14 0)
(1 -7.74316e-15 0)
(1 -8.14887e-15 0)
(1 -3.50003e-15 0)
(1 3.90796e-15 0)
(1 6.92687e-15 0)
(1 3.89145e-15 0)
(1 3.63361e-15 0)
(1 -4.68178e-15 0)
(1 -7.28879e-15 0)
(1 -5.95714e-15 0)
(1 -7.58266e-15 0)
(1 -4.92854e-15 0)
(1 5.4591e-15 0)
(1 2.47146e-15 0)
(1 -1.32878e-15 0)
(1 1.03596e-16 0)
(1 -1.43428e-15 0)
(1 6.61101e-15 0)
(1 -4.5836e-15 0)
(1 -3.8861e-15 0)
(1 -2.88182e-15 0)
(1 4.66351e-15 0)
(1 2.46737e-16 0)
(1 2.41246e-15 0)
(1 -9.83958e-16 0)
(1 -3.32839e-15 0)
(1 -8.44549e-15 0)
(1 -1.11538e-14 0)
(1 -1.25253e-14 0)
(1 -9.23049e-15 0)
(1 -4.71211e-15 0)
(1 5.45775e-15 0)
(1 1.59609e-15 0)
(1 -6.43972e-15 0)
(1 -1.40504e-15 0)
(1 6.76674e-16 0)
(1 2.6526e-15 0)
(1 3.78012e-15 0)
(1 4.4646e-15 0)
(1 8.54123e-15 0)
(1 -8.12659e-15 0)
(1 2.62549e-15 0)
(1 -4.64608e-15 0)
(1 -1.60184e-15 0)
(1 -5.13645e-16 0)
(1 2.12368e-16 0)
(1 1.8611e-15 0)
(1 -2.40494e-15 0)
(1 -2.82205e-15 0)
(1 -1.31846e-15 0)
(1 -6.82234e-16 0)
(1 -1.93728e-15 0)
(1 -3.09232e-15 0)
(1 -6.19569e-15 0)
(1 -4.9113e-15 0)
(1 -2.45927e-15 0)
(1 -3.29574e-15 0)
(1 -3.88077e-15 0)
(1 1.42099e-15 0)
(1 2.47594e-15 0)
(1 -2.65931e-15 0)
(1 1.95661e-15 0)
(1 8.85769e-16 0)
(1 -7.40831e-16 0)
(1 -7.38981e-16 0)
(1 -2.95729e-15 0)
(1 -1.28537e-15 0)
(1 4.40761e-15 0)
(1 4.01622e-16 0)
(1 1.52716e-15 0)
(1 -1.79685e-15 0)
(1 -9.35175e-15 0)
(1 -3.36326e-15 0)
(1 -2.76569e-15 0)
(1 -1.68641e-15 0)
(1 9.39758e-16 0)
(1 3.66798e-15 0)
(1 3.08383e-15 0)
(1 -3.50453e-15 0)
(1 -3.17996e-17 0)
(1 2.35108e-15 0)
(1 7.5324e-15 0)
(1 -5.09173e-15 0)
(1 -5.33283e-15 0)
(1 -8.22984e-15 0)
(1 -2.68341e-15 0)
(1 1.27157e-16 0)
(1 1.26001e-15 0)
(1 2.35619e-16 0)
(1 2.79846e-16 0)
(1 1.21936e-15 0)
(1 2.03423e-15 0)
(1 -2.66699e-15 0)
(1 -4.04458e-15 0)
(1 -3.38062e-15 0)
(1 -4.44846e-15 0)
(1 -3.08533e-15 0)
(1 3.3363e-16 0)
(1 -4.37228e-15 0)
(1 -6.10756e-15 0)
(1 -4.53598e-15 0)
(1 -2.63808e-16 0)
(1 -4.34992e-15 0)
(1 4.41698e-15 0)
(1 7.70894e-16 0)
(1 5.6645e-17 0)
(1 -7.2455e-15 0)
(1 1.68454e-15 0)
(1 -8.76299e-15 0)
(1 -8.98051e-15 0)
(1 -2.56567e-15 0)
(1 4.06928e-15 0)
(1 -1.01766e-15 0)
(1 -7.38547e-15 0)
(1 5.81049e-15 0)
(1 -6.03357e-16 0)
(1 6.08285e-15 0)
(1 -1.45518e-16 0)
(1 -1.7223e-15 0)
(1 -4.02022e-15 0)
(1 -4.19778e-15 0)
(1 -4.19538e-15 0)
(1 4.64407e-15 0)
(1 -6.05701e-15 0)
(1 4.38099e-15 0)
(1 -1.95241e-15 0)
(1 6.20372e-15 0)
(1 -1.5648e-15 0)
(1 -4.16025e-15 0)
(1 -2.14605e-15 0)
(1 -9.08621e-15 0)
(1 -6.26418e-15 0)
(1 -2.80783e-15 0)
(1 5.58799e-16 0)
(1 -1.82783e-15 0)
(1 5.26471e-15 0)
(1 7.62711e-15 0)
(1 -4.568e-16 0)
(1 -5.22409e-15 0)
(1 -5.11605e-15 0)
(1 -8.58447e-15 0)
(1 -1.07907e-15 0)
(1 -7.9809e-16 0)
(1 3.12392e-15 0)
(1 -2.78049e-15 0)
(1 -6.06353e-15 0)
(1 -6.96287e-15 0)
(1 -2.21804e-15 0)
(1 -4.1561e-15 0)
(1 -1.4229e-15 0)
(1 -5.92539e-15 0)
(1 -1.07641e-15 0)
(1 -3.25387e-15 0)
(1 -6.02038e-15 0)
(1 -5.5116e-18 0)
(1 2.64766e-15 0)
(1 2.21085e-16 0)
(1 -2.98503e-17 0)
(1 2.15657e-15 0)
(1 -6.73551e-15 0)
(1 -5.26377e-15 0)
(1 -3.43685e-15 0)
(1 9.81841e-16 0)
(1 6.16721e-15 0)
(1 7.56871e-15 0)
(1 6.00134e-15 0)
(1 -1.55157e-15 0)
(1 -1.31745e-15 0)
(1 2.05539e-15 0)
(1 -1.52559e-15 0)
(1 -3.241e-15 0)
(1 -4.49458e-15 0)
(1 -2.81481e-15 0)
(1 -2.30029e-15 0)
(1 1.85237e-15 0)
(1 1.81649e-15 0)
(1 1.88066e-15 0)
(1 -7.39326e-16 0)
(1 -6.59585e-15 0)
(1 -1.08699e-15 0)
(1 1.86682e-15 0)
(1 4.17118e-15 0)
(1 -6.72593e-16 0)
(1 3.31332e-15 0)
(1 -3.09678e-16 0)
(1 4.68187e-16 0)
(1 -3.69768e-15 0)
(1 2.33194e-15 0)
(1 5.06802e-15 0)
(1 5.78092e-15 0)
(1 -2.3387e-15 0)
(1 5.21592e-15 0)
(1 -2.38555e-15 0)
(1 -1.79801e-16 0)
(1 -7.4021e-15 0)
(1 -3.0258e-15 0)
(1 -2.46266e-15 0)
(1 -7.16077e-15 0)
(1 -2.93257e-15 0)
(1 -3.69884e-15 0)
(1 -1.98014e-15 0)
(1 5.55111e-15 0)
(1 1.58852e-15 0)
(1 1.62433e-15 0)
(1 -4.85638e-15 0)
(1 -9.11405e-16 0)
(1 -6.24696e-15 0)
(1 -6.14858e-15 0)
(1 -6.76528e-15 0)
(1 -3.45788e-15 0)
(1 -2.49605e-15 0)
(1 -2.63991e-15 0)
(1 -2.85229e-15 0)
(1 -1.92261e-15 0)
(1 -3.26177e-15 0)
(1 -7.33429e-15 0)
(1 8.56436e-15 0)
(1 1.23367e-15 0)
(1 3.40311e-15 0)
(1 4.11515e-15 0)
(1 2.83969e-15 0)
(1 -4.28054e-15 0)
(1 1.47225e-16 0)
(1 -1.61864e-16 0)
(1 1.46983e-15 0)
(1 -4.60303e-15 0)
(1 2.01709e-15 0)
(1 -4.43401e-15 0)
(1 2.09798e-15 0)
(1 8.24484e-16 0)
(1 -3.49378e-15 0)
(1 -9.63502e-15 0)
(1 -9.20813e-15 0)
(1 -6.39549e-15 0)
(1 -4.82139e-15 0)
(1 3.9975e-15 0)
(1 2.55307e-15 0)
(1 3.6557e-16 0)
(1 1.59276e-15 0)
(1 -7.13052e-15 0)
(1 3.02866e-15 0)
(1 -4.26408e-15 0)
(1 5.09913e-16 0)
(1 -3.07604e-15 0)
(1 -2.23509e-15 0)
(1 -7.29176e-15 0)
(1 -6.02533e-15 0)
(1 -6.21366e-15 0)
(1 -3.88715e-15 0)
(1 1.94455e-15 0)
(1 -1.56369e-15 0)
(1 -2.49487e-17 0)
(1 -2.98772e-15 0)
(1 -2.55455e-16 0)
(1 4.73186e-16 0)
(1 -2.59642e-17 0)
(1 -4.25396e-15 0)
(1 -4.05689e-15 0)
(1 -1.63567e-15 0)
(1 -7.41749e-15 0)
(1 -5.13759e-15 0)
(1 -5.28174e-16 0)
(1 1.88899e-15 0)
(1 8.05197e-15 0)
(1 7.9444e-15 0)
(1 4.62192e-15 0)
(1 -1.54199e-15 0)
(1 -5.10817e-15 0)
(1 -8.1734e-16 0)
(1 -3.78019e-15 0)
(1 1.50382e-15 0)
(1 5.43049e-15 0)
(1 2.43454e-15 0)
(1 5.72789e-16 0)
(1 7.3254e-16 0)
(1 -2.95148e-15 0)
(1 -1.43768e-15 0)
(1 -1.61193e-15 0)
(1 3.38111e-15 0)
(1 3.78932e-15 0)
(1 7.85931e-15 0)
(1 -4.43852e-15 0)
(1 -3.62887e-15 0)
(1 -1.64874e-15 0)
(1 -8.26588e-17 0)
(1 1.28873e-15 0)
(1 -1.43319e-15 0)
(1 1.38385e-15 0)
(1 3.55634e-15 0)
(1 5.29296e-15 0)
(1 1.76359e-16 0)
(1 -2.15923e-16 0)
(1 1.90376e-15 0)
(1 1.52276e-15 0)
(1 1.4378e-16 0)
(1 -2.77048e-15 0)
(1 -5.35941e-15 0)
(1 -8.0451e-15 0)
(1 -2.96759e-15 0)
(1 -3.49831e-15 0)
(1 1.19246e-15 0)
(1 5.36997e-15 0)
(1 4.37553e-15 0)
(1 1.01646e-15 0)
(1 -1.38621e-15 0)
(1 -4.36554e-15 0)
(1 6.2886e-16 0)
(1 -7.72437e-15 0)
(1 -5.2718e-15 0)
(1 -6.5147e-15 0)
(1 -4.95156e-15 0)
(1 -4.48325e-15 0)
(1 -1.63361e-15 0)
(1 -1.75919e-15 0)
(1 -3.46258e-15 0)
(1 -5.30079e-15 0)
(1 -4.22492e-15 0)
(1 -9.8683e-16 0)
(1 3.17413e-15 0)
(1 6.81311e-15 0)
(1 1.03645e-14 0)
(1 4.46402e-16 0)
(1 2.86537e-17 0)
(1 7.32926e-15 0)
(1 -7.80286e-15 0)
(1 -7.80735e-15 0)
(1 -2.44117e-15 0)
(1 -1.08321e-14 0)
(1 -6.37644e-15 0)
(1 -4.10258e-15 0)
(1 2.92448e-15 0)
(1 3.74061e-15 0)
(1 -1.14791e-15 0)
(1 7.88546e-15 0)
(1 -1.02999e-15 0)
(1 2.47146e-15 0)
(1 -3.56992e-15 0)
(1 -2.84748e-16 0)
(1 -5.83574e-15 0)
(1 2.78604e-15 0)
(1 2.70306e-15 0)
(1 1.34294e-15 0)
(1 -2.37453e-15 0)
(1 -4.69844e-15 0)
(1 -6.23958e-15 0)
(1 2.41166e-15 0)
(1 -2.18148e-15 0)
(1 -8.25961e-15 0)
(1 -3.16806e-15 0)
(1 -1.80485e-15 0)
(1 1.34474e-15 0)
(1 4.28445e-16 0)
(1 -1.21066e-15 0)
(1 5.62674e-16 0)
(1 -4.95849e-16 0)
(1 4.14464e-15 0)
(1 -3.54369e-16 0)
(1 -2.77844e-15 0)
(1 -4.97734e-16 0)
(1 3.08757e-16 0)
(1 -2.02556e-15 0)
(1 -6.11188e-16 0)
(1 1.68551e-15 0)
(1 -1.78288e-15 0)
(1 3.34135e-15 0)
(1 1.81268e-15 0)
(1 1.71842e-15 0)
(1 5.46902e-15 0)
(1 2.99922e-16 0)
(1 4.24232e-15 0)
(1 8.17153e-15 0)
(1 2.61411e-15 0)
(1 -8.25393e-15 0)
(1 -4.96789e-15 0)
(1 -5.15543e-16 0)
(1 1.04083e-15 0)
(1 1.45267e-15 0)
(1 5.42577e-15 0)
(1 -1.07149e-16 0)
(1 -5.94617e-16 0)
(1 3.24547e-15 0)
(1 5.15086e-15 0)
(1 3.16101e-15 0)
(1 -1.14424e-15 0)
(1 -3.11114e-16 0)
(1 8.62368e-16 0)
(1 4.02796e-15 0)
(1 2.01532e-15 0)
(1 8.71089e-15 0)
(1 8.96102e-15 0)
(1 3.86434e-15 0)
(1 -8.24109e-15 0)
(1 -9.92697e-16 0)
(1 -5.72707e-15 0)
(1 -1.1309e-15 0)
(1 -4.05972e-15 0)
(1 -7.65501e-16 0)
(1 -1.4393e-15 0)
(1 2.37838e-15 0)
(1 5.56585e-15 0)
(1 4.36807e-15 0)
(1 -2.36128e-15 0)
(1 3.52174e-15 0)
(1 -6.25376e-15 0)
(1 4.43729e-15 0)
(1 -7.81222e-15 0)
(1 -1.94595e-15 0)
(1 -5.30817e-16 0)
(1 -1.04062e-15 0)
(1 -6.56042e-15 0)
(1 3.70949e-15 0)
(1 9.93274e-16 0)
(1 -3.87698e-15 0)
(1 -7.52274e-15 0)
(1 -7.66109e-15 0)
(1 -5.49744e-15 0)
(1 -2.743e-15 0)
(1 9.62595e-15 0)
(1 1.04086e-14 0)
(1 -4.22906e-15 0)
(1 2.60118e-15 0)
(1 5.2694e-17 0)
(1 -7.25303e-15 0)
(1 2.38949e-15 0)
(1 2.05744e-16 0)
(1 -7.46695e-16 0)
(1 -6.16129e-15 0)
(1 -3.77228e-16 0)
(1 -5.62722e-15 0)
(1 1.83235e-15 0)
(1 -3.13437e-15 0)
(1 3.16509e-17 0)
(1 -4.17502e-15 0)
(1 3.92994e-16 0)
(1 2.3451e-16 0)
(1 8.52719e-16 0)
(1 -5.26146e-15 0)
(1 3.74944e-16 0)
(1 -6.66313e-15 0)
(1 4.38223e-15 0)
(1 -1.77745e-15 0)
(1 -1.93949e-15 0)
(1 -2.74031e-15 0)
(1 -6.0538e-15 0)
(1 -5.35487e-15 0)
(1 -1.32937e-15 0)
(1 -7.49925e-15 0)
(1 -6.23267e-15 0)
(1 -7.78053e-15 0)
(1 -4.3407e-15 0)
(1 9.27779e-16 0)
(1 -1.39113e-15 0)
(1 -1.29363e-15 0)
(1 2.16723e-15 0)
(1 -1.31271e-15 0)
(1 9.39802e-16 0)
(1 3.75095e-15 0)
(1 3.75807e-15 0)
(1 4.19972e-15 0)
(1 4.08525e-15 0)
(1 3.70308e-15 0)
(1 -7.54744e-15 0)
(1 -6.65685e-17 0)
(1 2.20086e-15 0)
(1 9.94723e-16 0)
(1 1.27189e-15 0)
(1 1.96504e-15 0)
(1 4.72889e-15 0)
(1 3.2453e-15 0)
(1 4.46464e-15 0)
(1 1.3219e-15 0)
(1 2.21372e-15 0)
(1 4.92556e-15 0)
(1 4.70932e-15 0)
(1 9.43442e-15 0)
(1 8.17e-15 0)
(1 5.14793e-15 0)
(1 3.90639e-17 0)
(1 4.72094e-16 0)
(1 -2.0438e-15 0)
(1 -1.79366e-15 0)
(1 3.46164e-15 0)
(1 8.55347e-15 0)
(1 5.19031e-15 0)
(1 5.99208e-15 0)
(1 3.4581e-15 0)
(1 3.88917e-15 0)
(1 -6.46646e-15 0)
(1 -1.16328e-15 0)
(1 2.94778e-15 0)
(1 1.35394e-16 0)
(1 -4.50142e-16 0)
(1 -3.50017e-15 0)
(1 -1.96767e-15 0)
(1 -3.31973e-15 0)
(1 1.09099e-15 0)
(1 4.25055e-15 0)
(1 2.64531e-15 0)
(1 2.67359e-15 0)
(1 2.58321e-15 0)
(1 1.9158e-15 0)
(1 -1.96316e-15 0)
(1 2.26467e-15 0)
(1 -6.815e-15 0)
(1 3.43222e-15 0)
(1 -2.95215e-15 0)
(1 -4.30646e-15 0)
(1 4.67965e-15 0)
(1 1.40977e-16 0)
(1 1.97819e-15 0)
(1 -2.84585e-15 0)
(1 -2.78547e-15 0)
(1 1.29192e-15 0)
(1 -6.11665e-15 0)
(1 -2.12053e-15 0)
(1 3.11629e-15 0)
(1 4.24354e-15 0)
(1 5.43092e-15 0)
(1 1.0609e-15 0)
(1 -3.53147e-15 0)
(1 1.47054e-15 0)
(1 7.68417e-16 0)
(1 -1.53809e-15 0)
(1 -8.46782e-16 0)
(1 2.62077e-15 0)
(1 1.55225e-15 0)
(1 -5.52932e-15 0)
(1 1.22528e-15 0)
(1 -8.57175e-15 0)
(1 9.89925e-16 0)
(1 -2.62367e-15 0)
(1 -1.27299e-15 0)
(1 -4.05186e-15 0)
(1 -7.60896e-15 0)
(1 1.72379e-15 0)
(1 -1.82579e-15 0)
(1 -2.31307e-15 0)
(1 -3.93959e-18 0)
(1 2.47529e-15 0)
(1 3.31221e-15 0)
(1 -1.64334e-16 0)
(1 -7.60655e-16 0)
(1 -3.82653e-15 0)
(1 -7.57364e-15 0)
(1 -5.63091e-15 0)
(1 -6.17937e-15 0)
(1 3.78704e-16 0)
(1 7.39788e-16 0)
(1 -3.35271e-15 0)
(1 2.32749e-15 0)
(1 4.26504e-15 0)
(1 -1.18611e-15 0)
(1 -3.02428e-15 0)
(1 1.38918e-15 0)
(1 1.16817e-15 0)
(1 -3.76175e-15 0)
(1 -2.39472e-15 0)
(1 1.29419e-17 0)
(1 -5.85937e-17 0)
(1 1.73228e-15 0)
(1 5.15238e-16 0)
(1 -4.96479e-15 0)
(1 -3.49109e-15 0)
(1 3.44237e-15 0)
(1 7.66174e-16 0)
(1 3.27246e-15 0)
(1 2.78226e-15 0)
(1 3.25661e-15 0)
(1 1.34775e-15 0)
(1 5.82506e-16 0)
(1 1.2387e-15 0)
(1 3.03828e-16 0)
(1 1.84187e-15 0)
(1 -2.68707e-15 0)
(1 1.26602e-15 0)
(1 5.66315e-15 0)
(1 2.73865e-15 0)
(1 -4.96326e-15 0)
(1 1.31582e-15 0)
(1 1.85308e-15 0)
(1 4.10627e-15 0)
(1 1.84681e-15 0)
(1 6.30657e-15 0)
(1 4.9751e-15 0)
(1 6.8025e-16 0)
(1 6.4873e-16 0)
(1 3.41562e-15 0)
(1 -2.34678e-15 0)
(1 -7.41819e-15 0)
(1 2.20193e-16 0)
(1 4.08221e-16 0)
(1 4.44495e-15 0)
(1 -2.03042e-15 0)
(1 -1.98597e-15 0)
(1 9.19534e-16 0)
(1 8.6305e-16 0)
(1 1.3068e-15 0)
(1 8.87515e-15 0)
(1 1.30464e-16 0)
(1 -3.58305e-15 0)
(1 -1.44212e-15 0)
(1 8.31543e-15 0)
(1 -2.685e-15 0)
(1 3.71809e-15 0)
(1 -4.82778e-15 0)
(1 3.77718e-15 0)
(1 -2.43268e-15 0)
(1 4.09856e-15 0)
(1 -6.62679e-15 0)
(1 1.90082e-15 0)
(1 -5.83464e-15 0)
(1 2.94898e-15 0)
(1 1.14512e-15 0)
(1 -3.69495e-15 0)
(1 2.10887e-15 0)
(1 1.70433e-15 0)
(1 -3.85464e-16 0)
(1 3.85604e-15 0)
(1 3.48551e-15 0)
(1 8.13524e-15 0)
(1 4.15483e-16 0)
(1 -6.44557e-15 0)
(1 1.72576e-15 0)
(1 -1.47447e-15 0)
(1 2.98201e-16 0)
(1 3.80158e-15 0)
(1 3.34268e-15 0)
(1 -4.64153e-15 0)
(1 -2.54976e-15 0)
(1 -1.05908e-15 0)
(1 -3.88389e-15 0)
(1 -1.52906e-15 0)
(1 -3.25606e-15 0)
(1 -2.9049e-15 0)
(1 -3.41236e-16 0)
(1 4.89026e-16 0)
(1 3.23889e-15 0)
(1 -1.81408e-15 0)
(1 9.20393e-15 0)
(1 5.26361e-15 0)
(1 1.84873e-15 0)
(1 2.5284e-15 0)
(1 -5.78599e-15 0)
(1 -7.36388e-15 0)
(1 -8.24226e-15 0)
(1 -1.3683e-15 0)
(1 2.92451e-15 0)
(1 6.16301e-16 0)
(1 8.43736e-16 0)
(1 1.84016e-16 0)
(1 9.38959e-16 0)
(1 -4.63693e-15 0)
(1 7.9226e-16 0)
(1 -4.09581e-15 0)
(1 4.40768e-15 0)
(1 -2.16167e-15 0)
(1 -1.60636e-15 0)
(1 1.63061e-16 0)
(1 1.73138e-15 0)
(1 -9.0688e-16 0)
(1 5.24337e-16 0)
(1 2.418e-15 0)
(1 -3.59294e-15 0)
(1 3.71638e-15 0)
(1 8.61619e-16 0)
(1 3.83018e-15 0)
(1 3.63281e-15 0)
(1 1.30573e-15 0)
(1 -2.94648e-15 0)
(1 -2.73316e-15 0)
(1 -1.15471e-15 0)
(1 -4.64969e-17 0)
(1 -4.22969e-15 0)
(1 -3.72872e-15 0)
(1 -7.58734e-16 0)
(1 3.58359e-15 0)
(1 -4.46381e-16 0)
(1 -3.42544e-15 0)
(1 -6.53303e-16 0)
(1 -3.52997e-15 0)
(1 -1.32994e-15 0)
(1 3.11613e-15 0)
(1 3.86864e-15 0)
(1 2.26031e-15 0)
(1 -2.16042e-15 0)
(1 -1.24797e-15 0)
(1 3.34548e-15 0)
(1 4.65091e-15 0)
(1 2.52532e-15 0)
(1 2.11109e-15 0)
(1 4.22563e-15 0)
(1 4.95284e-17 0)
(1 -1.57775e-15 0)
(1 -7.27017e-15 0)
(1 -1.30726e-15 0)
(1 -4.7223e-15 0)
(1 -1.0468e-15 0)
(1 -1.37871e-15 0)
(1 5.72328e-15 0)
(1 2.3543e-15 0)
(1 -1.44332e-15 0)
(1 7.48136e-15 0)
(1 -2.2353e-15 0)
(1 1.73214e-15 0)
(1 -7.47031e-15 0)
(1 2.8436e-15 0)
(1 7.31253e-16 0)
(1 1.00035e-15 0)
(1 -5.16121e-15 0)
(1 -2.93421e-15 0)
(1 -3.60764e-15 0)
(1 3.86291e-15 0)
(1 -3.98262e-15 0)
(1 1.41262e-15 0)
(1 1.76658e-15 0)
(1 3.15964e-15 0)
(1 4.56718e-15 0)
(1 1.07943e-14 0)
(1 8.86041e-15 0)
(1 3.91613e-15 0)
(1 -2.52993e-15 0)
(1 -6.23998e-15 0)
(1 -4.12538e-15 0)
(1 -5.72621e-15 0)
(1 -2.76452e-15 0)
(1 -1.62197e-15 0)
(1 -8.90681e-16 0)
(1 -3.96632e-15 0)
(1 5.98615e-15 0)
(1 4.47922e-16 0)
(1 -2.41793e-15 0)
(1 -1.69485e-15 0)
(1 -3.91999e-15 0)
(1 -4.16889e-15 0)
(1 1.58994e-15 0)
(1 4.11827e-15 0)
(1 2.70678e-15 0)
(1 4.88179e-16 0)
(1 5.98264e-15 0)
(1 -7.98559e-19 0)
(1 -4.03631e-15 0)
(1 -1.80232e-15 0)
(1 -6.40138e-15 0)
(1 -4.33828e-15 0)
(1 -5.03625e-15 0)
(1 2.71227e-15 0)
(1 -4.35413e-16 0)
(1 -1.85102e-15 0)
(1 1.33619e-15 0)
(1 -2.24356e-15 0)
(1 -1.13077e-15 0)
(1 -5.39687e-15 0)
(1 6.6331e-16 0)
(1 -2.63643e-15 0)
(1 -2.80963e-16 0)
(1 -1.05495e-15 0)
(1 -3.85852e-16 0)
(1 2.31235e-15 0)
(1 4.24519e-15 0)
(1 -1.51729e-15 0)
(1 2.03931e-15 0)
(1 3.51988e-15 0)
(1 -1.99646e-15 0)
(1 3.4045e-15 0)
(1 2.81176e-16 0)
(1 -7.49e-18 0)
(1 1.36045e-15 0)
(1 -3.04678e-16 0)
(1 -2.99714e-15 0)
(1 -5.04439e-16 0)
(1 -2.27903e-15 0)
(1 2.06222e-15 0)
(1 5.62951e-15 0)
(1 6.27829e-15 0)
(1 4.64853e-15 0)
(1 2.23434e-15 0)
(1 1.83881e-15 0)
(1 1.58357e-16 0)
(1 2.688e-15 0)
(1 -3.24381e-15 0)
(1 -3.069e-15 0)
(1 2.00001e-15 0)
(1 1.03151e-15 0)
(1 -9.34081e-17 0)
(1 3.95786e-16 0)
(1 2.29268e-16 0)
(1 5.8076e-16 0)
(1 -2.51133e-15 0)
(1 -1.78656e-15 0)
(1 -4.10062e-15 0)
(1 9.67547e-16 0)
(1 1.83827e-15 0)
(1 1.02916e-15 0)
(1 -2.24822e-15 0)
(1 -1.7126e-16 0)
(1 -2.11088e-15 0)
(1 1.22036e-15 0)
(1 -4.94041e-15 0)
(1 6.58611e-15 0)
(1 3.05662e-15 0)
)
;

boundaryField
{
    inlet
    {
        type            fixedValue;
        value           uniform (1 0 0);
    }
    outlet
    {
        type            zeroGradient;
    }
    down
    {
        type            empty;
    }
    up
    {
        type            empty;
    }
    sides
    {
        type            slip;
    }
}

