/*--------------------------------*- C++ -*----------------------------------*\
| =========                 |                                                 |
| \\      /  F ield         | OpenFOAM: The Open Source CFD Toolbox           |
|  \\    /   O peration     | Version:  v2012                                 |
|   \\  /    A nd           | Website:  www.openfoam.com                      |
|    \\/     M anipulation  |                                                 |
\*---------------------------------------------------------------------------*/
FoamFile
{
    version     2.0;
    format      ascii;
    class       volVectorField;
    location    "0";
    object      U;
}
// * * * * * * * * * * * * * * * * * * * * * * * * * * * * * * * * * * * * * //

dimensions      [0 1 -1 0 0 0 0];


internalField   nonuniform List<vector> 
4000
(
(1 3.39886e-15 0)
(1 1.75752e-15 0)
(1 1.65476e-15 0)
(1 2.61837e-16 0)
(1 -5.43747e-16 0)
(1 -6.42575e-15 0)
(1 4.44227e-16 0)
(1 7.8972e-15 0)
(1 2.17292e-15 0)
(1 -3.9629e-15 0)
(1 -2.27109e-15 0)
(1 1.5707e-15 0)
(1 2.72273e-15 0)
(1 2.3538e-15 0)
(1 -3.33758e-15 0)
(1 -8.23191e-15 0)
(1 3.00411e-15 0)
(1 2.27026e-15 0)
(1 -3.65947e-16 0)
(1 -4.75127e-16 0)
(1 -4.55193e-15 0)
(1 -2.55121e-15 0)
(1 -1.52936e-15 0)
(1 -6.94092e-16 0)
(1 5.07387e-15 0)
(1 3.94476e-15 0)
(1 4.33052e-16 0)
(1 1.06309e-15 0)
(1 -4.61958e-15 0)
(1 -3.03811e-15 0)
(1 -6.51255e-15 0)
(1 -2.13672e-15 0)
(1 7.68396e-16 0)
(1 -2.34548e-15 0)
(1 3.77984e-16 0)
(1 2.88484e-15 0)
(1 8.47784e-15 0)
(1 2.66179e-15 0)
(1 4.71633e-15 0)
(1 -3.24331e-15 0)
(1 -5.5497e-15 0)
(1 -4.2371e-15 0)
(1 2.13115e-15 0)
(1 1.94757e-15 0)
(1 2.10334e-15 0)
(1 4.30951e-16 0)
(1 -3.16166e-15 0)
(1 2.95775e-15 0)
(1 1.90579e-15 0)
(1 2.79849e-15 0)
(1 2.15934e-15 0)
(1 3.152e-15 0)
(1 2.31004e-15 0)
(1 2.12087e-15 0)
(1 2.00255e-15 0)
(1 5.45343e-16 0)
(1 -2.58181e-15 0)
(1 2.42801e-15 0)
(1 -1.29655e-15 0)
(1 3.256e-15 0)
(1 -7.17895e-17 0)
(1 1.50516e-15 0)
(1 -7.41671e-16 0)
(1 -9.07473e-16 0)
(1 -7.44161e-16 0)
(1 -2.91709e-15 0)
(1 -1.37865e-17 0)
(1 3.46335e-15 0)
(1 -2.76099e-15 0)
(1 6.53605e-16 0)
(1 -2.89645e-15 0)
(1 1.37679e-15 0)
(1 -3.40058e-15 0)
(1 -5.07931e-15 0)
(1 -6.63825e-15 0)
(1 -2.7072e-15 0)
(1 -1.1985e-15 0)
(1 -1.10319e-15 0)
(1 -1.26433e-15 0)
(1 2.01753e-16 0)
(1 4.14317e-16 0)
(1 4.26182e-15 0)
(1 -4.54745e-16 0)
(1 -6.40468e-15 0)
(1 -1.38529e-15 0)
(1 5.65836e-15 0)
(1 1.14732e-15 0)
(1 1.70663e-15 0)
(1 1.42714e-15 0)
(1 3.04653e-15 0)
(1 -1.26958e-16 0)
(1 2.15916e-15 0)
(1 3.15229e-16 0)
(1 -1.01878e-15 0)
(1 -1.5229e-15 0)
(1 4.71939e-15 0)
(1 -2.25507e-15 0)
(1 -1.03163e-15 0)
(1 -4.40434e-16 0)
(1 -2.16012e-15 0)
(1 2.18749e-15 0)
(1 2.93771e-15 0)
(1 2.30123e-15 0)
(1 1.20392e-15 0)
(1 -2.04758e-15 0)
(1 -6.84828e-15 0)
(1 -1.70754e-15 0)
(1 7.78087e-15 0)
(1 5.42532e-15 0)
(1 1.11714e-15 0)
(1 -4.52936e-15 0)
(1 1.76026e-15 0)
(1 1.71146e-15 0)
(1 -1.12744e-16 0)
(1 -4.42647e-15 0)
(1 -7.95568e-15 0)
(1 5.045e-15 0)
(1 1.5151e-15 0)
(1 -1.19147e-16 0)
(1 1.99442e-15 0)
(1 -2.88319e-15 0)
(1 1.32897e-15 0)
(1 2.59157e-15 0)
(1 -1.85415e-15 0)
(1 2.05376e-15 0)
(1 -4.09294e-15 0)
(1 -6.28774e-15 0)
(1 -1.07281e-15 0)
(1 -3.04681e-15 0)
(1 6.65676e-16 0)
(1 1.08402e-15 0)
(1 -1.4705e-15 0)
(1 2.01992e-15 0)
(1 -2.9749e-15 0)
(1 -4.46011e-15 0)
(1 3.20118e-15 0)
(1 4.16893e-15 0)
(1 1.90715e-15 0)
(1 3.57611e-16 0)
(1 -4.4499e-15 0)
(1 -8.1562e-15 0)
(1 -2.2258e-15 0)
(1 3.89592e-15 0)
(1 7.83542e-15 0)
(1 4.64157e-15 0)
(1 -2.75926e-15 0)
(1 -4.91199e-15 0)
(1 -2.71592e-15 0)
(1 1.1177e-15 0)
(1 -2.73532e-15 0)
(1 -2.84207e-16 0)
(1 3.28475e-15 0)
(1 4.24338e-15 0)
(1 2.08339e-15 0)
(1 5.88691e-15 0)
(1 1.75822e-15 0)
(1 -1.47013e-15 0)
(1 1.66247e-15 0)
(1 -2.13721e-15 0)
(1 -3.00938e-15 0)
(1 -6.37909e-15 0)
(1 -1.83585e-15 0)
(1 7.2081e-15 0)
(1 2.9495e-15 0)
(1 -1.81989e-15 0)
(1 -6.3572e-15 0)
(1 2.96347e-18 0)
(1 1.50657e-15 0)
(1 -2.39419e-15 0)
(1 9.2778e-16 0)
(1 3.02467e-15 0)
(1 3.24628e-15 0)
(1 1.5293e-15 0)
(1 -6.7568e-17 0)
(1 9.66178e-17 0)
(1 -1.61396e-15 0)
(1 3.05987e-15 0)
(1 8.35669e-16 0)
(1 3.55962e-15 0)
(1 2.41156e-15 0)
(1 6.41758e-17 0)
(1 1.53033e-15 0)
(1 -2.03904e-15 0)
(1 -7.3394e-15 0)
(1 -6.97578e-16 0)
(1 7.78648e-15 0)
(1 5.4296e-15 0)
(1 -1.40582e-15 0)
(1 -2.90093e-15 0)
(1 -1.5697e-15 0)
(1 -3.54883e-15 0)
(1 1.74259e-15 0)
(1 6.15836e-17 0)
(1 6.5336e-16 0)
(1 -2.48794e-15 0)
(1 6.90775e-15 0)
(1 -4.5521e-15 0)
(1 2.3898e-15 0)
(1 -3.86599e-15 0)
(1 -6.15208e-15 0)
(1 -4.73003e-15 0)
(1 3.902e-15 0)
(1 -4.19313e-15 0)
(1 3.5093e-15 0)
(1 -5.19848e-15 0)
(1 2.94149e-15 0)
(1 1.89557e-15 0)
(1 -2.99726e-16 0)
(1 6.87003e-15 0)
(1 5.86265e-15 0)
(1 -1.67724e-15 0)
(1 1.32333e-15 0)
(1 8.28224e-15 0)
(1 -1.70759e-15 0)
(1 -1.37679e-15 0)
(1 -6.92537e-15 0)
(1 -4.77821e-15 0)
(1 -1.04634e-16 0)
(1 2.17116e-15 0)
(1 -2.34124e-15 0)
(1 4.60117e-16 0)
(1 4.55771e-15 0)
(1 4.20606e-15 0)
(1 4.12251e-15 0)
(1 1.88975e-15 0)
(1 -5.17192e-16 0)
(1 -4.05661e-15 0)
(1 7.80517e-16 0)
(1 5.64854e-15 0)
(1 2.55807e-15 0)
(1 3.57759e-15 0)
(1 -8.43028e-15 0)
(1 9.93542e-16 0)
(1 -3.91383e-15 0)
(1 -1.8181e-15 0)
(1 -8.39315e-16 0)
(1 -5.47219e-15 0)
(1 -1.8479e-15 0)
(1 -2.43841e-15 0)
(1 -2.79353e-15 0)
(1 -2.355e-15 0)
(1 9.6363e-16 0)
(1 3.88636e-15 0)
(1 7.17831e-15 0)
(1 4.30903e-15 0)
(1 1.97122e-15 0)
(1 8.57491e-15 0)
(1 -3.36032e-15 0)
(1 -2.40189e-16 0)
(1 -3.4096e-15 0)
(1 9.89316e-16 0)
(1 2.16503e-15 0)
(1 4.92976e-15 0)
(1 3.78332e-15 0)
(1 5.28809e-15 0)
(1 1.79863e-15 0)
(1 1.16314e-15 0)
(1 3.64543e-16 0)
(1 -4.22232e-15 0)
(1 -5.48922e-15 0)
(1 -2.3517e-15 0)
(1 3.37013e-16 0)
(1 7.28867e-15 0)
(1 4.59591e-15 0)
(1 -5.34213e-15 0)
(1 -4.20168e-15 0)
(1 1.79912e-15 0)
(1 -2.75706e-15 0)
(1 -2.74278e-15 0)
(1 -2.95227e-16 0)
(1 -1.67305e-16 0)
(1 -8.56954e-17 0)
(1 5.76359e-15 0)
(1 2.88468e-16 0)
(1 -4.38346e-15 0)
(1 -3.523e-15 0)
(1 -6.75165e-16 0)
(1 -3.69858e-16 0)
(1 2.8681e-15 0)
(1 -7.49147e-16 0)
(1 -1.83421e-16 0)
(1 1.12609e-16 0)
(1 -1.7078e-15 0)
(1 -3.66789e-15 0)
(1 -1.79361e-16 0)
(1 1.63295e-15 0)
(1 3.79466e-15 0)
(1 -9.2142e-16 0)
(1 -3.79626e-15 0)
(1 -9.13852e-16 0)
(1 -5.14916e-18 0)
(1 1.59918e-15 0)
(1 3.96228e-15 0)
(1 4.73235e-15 0)
(1 -1.39505e-15 0)
(1 2.33867e-15 0)
(1 -3.23493e-15 0)
(1 -1.29856e-16 0)
(1 -5.65985e-15 0)
(1 -4.84996e-15 0)
(1 1.69346e-16 0)
(1 -6.60514e-15 0)
(1 -4.23857e-15 0)
(1 -4.86497e-15 0)
(1 1.61276e-16 0)
(1 1.11766e-14 0)
(1 8.26413e-15 0)
(1 6.22039e-16 0)
(1 3.65304e-15 0)
(1 -1.35537e-15 0)
(1 3.28937e-15 0)
(1 -5.26253e-15 0)
(1 6.22535e-15 0)
(1 9.59236e-15 0)
(1 5.04358e-15 0)
(1 3.54948e-15 0)
(1 -7.7157e-15 0)
(1 -4.57641e-15 0)
(1 2.23787e-15 0)
(1 -4.4004e-15 0)
(1 7.396e-15 0)
(1 2.7337e-15 0)
(1 4.67986e-16 0)
(1 7.8672e-15 0)
(1 7.30157e-15 0)
(1 1.33732e-14 0)
(1 3.11488e-15 0)
(1 5.83103e-15 0)
(1 4.1348e-15 0)
(1 -7.5818e-16 0)
(1 -4.27292e-15 0)
(1 -1.67631e-14 0)
(1 -1.12875e-15 0)
(1 -6.44454e-15 0)
(1 1.54809e-15 0)
(1 -8.8112e-15 0)
(1 -1.96902e-15 0)
(1 2.76452e-16 0)
(1 9.17637e-16 0)
(1 -2.79395e-15 0)
(1 4.54097e-15 0)
(1 6.30528e-16 0)
(1 8.40179e-16 0)
(1 -5.44486e-15 0)
(1 3.19623e-15 0)
(1 7.18613e-15 0)
(1 9.26262e-15 0)
(1 5.62184e-15 0)
(1 1.38697e-15 0)
(1 2.18202e-15 0)
(1 3.17004e-15 0)
(1 3.93345e-15 0)
(1 4.56216e-15 0)
(1 1.04812e-14 0)
(1 1.91398e-15 0)
(1 -3.47527e-15 0)
(1 -4.09244e-15 0)
(1 2.93442e-16 0)
(1 1.61195e-15 0)
(1 -1.73845e-15 0)
(1 1.93279e-15 0)
(1 1.20579e-15 0)
(1 1.66922e-15 0)
(1 -2.17118e-15 0)
(1 7.82247e-16 0)
(1 2.62649e-15 0)
(1 -2.8541e-15 0)
(1 -6.31324e-15 0)
(1 -3.89619e-15 0)
(1 -2.49523e-15 0)
(1 -4.33412e-15 0)
(1 -1.69982e-15 0)
(1 4.55337e-15 0)
(1 -5.17901e-15 0)
(1 -1.13535e-14 0)
(1 -1.5274e-15 0)
(1 2.88393e-16 0)
(1 -6.96661e-16 0)
(1 9.58871e-16 0)
(1 -1.24025e-15 0)
(1 2.66221e-15 0)
(1 4.16222e-16 0)
(1 2.78442e-16 0)
(1 -2.93755e-15 0)
(1 -1.62776e-15 0)
(1 3.57397e-15 0)
(1 5.26345e-15 0)
(1 8.73194e-15 0)
(1 3.94123e-15 0)
(1 2.76345e-15 0)
(1 3.61067e-15 0)
(1 1.81777e-15 0)
(1 5.07971e-15 0)
(1 2.60362e-15 0)
(1 -1.00983e-15 0)
(1 -3.30765e-15 0)
(1 -6.26233e-15 0)
(1 -9.83831e-15 0)
(1 -5.4976e-15 0)
(1 7.44077e-16 0)
(1 4.83171e-15 0)
(1 -2.83212e-15 0)
(1 8.21538e-16 0)
(1 -2.58763e-15 0)
(1 4.05716e-15 0)
(1 1.6689e-15 0)
(1 -1.13298e-15 0)
(1 -2.86977e-15 0)
(1 -6.75942e-15 0)
(1 -3.72941e-15 0)
(1 1.44876e-14 0)
(1 -8.33156e-16 0)
(1 4.71392e-15 0)
(1 1.93188e-15 0)
(1 4.92571e-15 0)
(1 3.33564e-15 0)
(1 -2.3645e-16 0)
(1 -4.66777e-15 0)
(1 -5.21325e-15 0)
(1 -1.9388e-15 0)
(1 5.36503e-15 0)
(1 -3.91942e-15 0)
(1 -4.43256e-15 0)
(1 5.65827e-15 0)
(1 8.81966e-15 0)
(1 5.64683e-15 0)
(1 4.08897e-15 0)
(1 7.77028e-15 0)
(1 3.68351e-15 0)
(1 5.78406e-15 0)
(1 1.96281e-15 0)
(1 -1.53998e-15 0)
(1 -5.90021e-16 0)
(1 -2.89774e-15 0)
(1 -9.02232e-15 0)
(1 -1.46647e-14 0)
(1 -8.17903e-15 0)
(1 -2.93205e-15 0)
(1 -2.47586e-15 0)
(1 1.15703e-15 0)
(1 1.42655e-15 0)
(1 -2.7346e-15 0)
(1 2.43804e-15 0)
(1 -2.80445e-15 0)
(1 -1.35213e-15 0)
(1 6.90207e-16 0)
(1 7.64951e-16 0)
(1 9.65537e-15 0)
(1 2.15099e-15 0)
(1 4.83216e-15 0)
(1 2.72538e-15 0)
(1 3.02368e-15 0)
(1 1.5147e-15 0)
(1 6.21421e-15 0)
(1 1.67186e-15 0)
(1 -1.1109e-15 0)
(1 3.76963e-16 0)
(1 -2.99924e-15 0)
(1 1.49421e-15 0)
(1 -1.13593e-15 0)
(1 5.78984e-16 0)
(1 3.04157e-15 0)
(1 7.0878e-16 0)
(1 5.51941e-15 0)
(1 1.06221e-14 0)
(1 4.61448e-15 0)
(1 9.72105e-16 0)
(1 -6.36026e-15 0)
(1 6.38445e-16 0)
(1 -4.50158e-15 0)
(1 -2.66092e-15 0)
(1 2.53523e-16 0)
(1 2.3885e-15 0)
(1 -4.16427e-15 0)
(1 -1.4034e-15 0)
(1 6.07926e-16 0)
(1 -2.73972e-15 0)
(1 -2.8665e-15 0)
(1 3.17249e-15 0)
(1 3.84624e-15 0)
(1 8.29859e-16 0)
(1 -2.98088e-15 0)
(1 -1.85054e-15 0)
(1 2.46052e-15 0)
(1 4.92555e-15 0)
(1 1.63511e-15 0)
(1 5.18519e-15 0)
(1 3.48893e-15 0)
(1 4.51939e-15 0)
(1 1.76556e-15 0)
(1 4.31038e-15 0)
(1 -2.86149e-18 0)
(1 4.04557e-15 0)
(1 3.3811e-15 0)
(1 3.26605e-15 0)
(1 -2.87799e-15 0)
(1 -3.93146e-15 0)
(1 -6.94381e-15 0)
(1 3.59866e-16 0)
(1 5.84279e-15 0)
(1 -1.36804e-15 0)
(1 4.58848e-15 0)
(1 2.2232e-15 0)
(1 3.33851e-15 0)
(1 -6.26177e-15 0)
(1 -7.74852e-15 0)
(1 1.0586e-15 0)
(1 -2.31396e-15 0)
(1 -1.99518e-15 0)
(1 1.32951e-15 0)
(1 6.81955e-15 0)
(1 1.21423e-14 0)
(1 8.82139e-15 0)
(1 -3.94158e-15 0)
(1 1.70169e-15 0)
(1 -5.39807e-15 0)
(1 3.45542e-15 0)
(1 -2.81948e-15 0)
(1 -6.3179e-15 0)
(1 -3.57459e-15 0)
(1 -2.94983e-15 0)
(1 7.25675e-15 0)
(1 8.79113e-15 0)
(1 8.3185e-15 0)
(1 4.3721e-15 0)
(1 3.42993e-15 0)
(1 3.74846e-15 0)
(1 5.25077e-15 0)
(1 4.85175e-15 0)
(1 6.92974e-15 0)
(1 -4.97726e-15 0)
(1 4.40295e-16 0)
(1 -3.13664e-15 0)
(1 -4.87815e-16 0)
(1 -3.81613e-15 0)
(1 -2.2868e-15 0)
(1 -7.18574e-15 0)
(1 -1.45491e-15 0)
(1 -5.38073e-15 0)
(1 2.19383e-15 0)
(1 -2.65939e-15 0)
(1 4.10776e-15 0)
(1 3.4118e-15 0)
(1 7.74035e-15 0)
(1 -1.40263e-15 0)
(1 -1.95508e-15 0)
(1 2.8515e-15 0)
(1 5.82158e-15 0)
(1 4.62114e-15 0)
(1 6.44531e-15 0)
(1 2.55074e-15 0)
(1 5.77885e-15 0)
(1 4.57377e-15 0)
(1 7.76771e-15 0)
(1 4.73492e-15 0)
(1 -7.99707e-16 0)
(1 -5.67276e-15 0)
(1 -4.57663e-15 0)
(1 -2.84533e-15 0)
(1 7.78219e-15 0)
(1 6.90734e-15 0)
(1 1.19984e-15 0)
(1 -2.9183e-15 0)
(1 9.19366e-15 0)
(1 2.83619e-15 0)
(1 2.87783e-15 0)
(1 8.19029e-15 0)
(1 7.96238e-15 0)
(1 1.37295e-14 0)
(1 1.20934e-14 0)
(1 8.87633e-15 0)
(1 -4.96204e-16 0)
(1 -1.97341e-15 0)
(1 -5.39743e-15 0)
(1 -4.49775e-15 0)
(1 -6.66629e-15 0)
(1 -5.75578e-15 0)
(1 -6.50416e-16 0)
(1 2.00159e-15 0)
(1 4.33055e-15 0)
(1 4.30224e-17 0)
(1 3.56349e-15 0)
(1 -7.3056e-16 0)
(1 5.32507e-16 0)
(1 -1.92082e-15 0)
(1 -5.84989e-15 0)
(1 -2.32829e-15 0)
(1 -1.11353e-15 0)
(1 2.21043e-15 0)
(1 5.40847e-15 0)
(1 8.3298e-16 0)
(1 2.80026e-15 0)
(1 4.75245e-15 0)
(1 8.13928e-15 0)
(1 4.63927e-15 0)
(1 8.99853e-16 0)
(1 5.95314e-15 0)
(1 2.66404e-15 0)
(1 9.09152e-15 0)
(1 8.31381e-15 0)
(1 -1.58258e-15 0)
(1 1.00404e-15 0)
(1 4.60033e-15 0)
(1 6.37196e-15 0)
(1 -1.00297e-15 0)
(1 -3.30294e-15 0)
(1 2.68976e-15 0)
(1 2.92964e-16 0)
(1 7.21417e-16 0)
(1 4.27952e-15 0)
(1 -3.91414e-15 0)
(1 2.0366e-15 0)
(1 -1.5821e-15 0)
(1 1.88098e-15 0)
(1 -2.80142e-15 0)
(1 -7.70071e-16 0)
(1 5.68155e-16 0)
(1 7.83007e-16 0)
(1 4.84959e-15 0)
(1 4.24545e-15 0)
(1 2.80843e-15 0)
(1 7.66675e-15 0)
(1 2.62869e-15 0)
(1 -4.98245e-15 0)
(1 -1.26989e-14 0)
(1 -2.78351e-15 0)
(1 5.88712e-15 0)
(1 2.59123e-15 0)
(1 9.25378e-15 0)
(1 7.6481e-15 0)
(1 4.45153e-15 0)
(1 1.4085e-15 0)
(1 -3.98675e-16 0)
(1 -2.68125e-15 0)
(1 -5.28698e-15 0)
(1 -2.85597e-15 0)
(1 -7.27517e-16 0)
(1 -1.08079e-15 0)
(1 -2.24226e-15 0)
(1 4.7369e-16 0)
(1 5.10955e-15 0)
(1 1.90178e-14 0)
(1 5.76919e-15 0)
(1 4.76104e-15 0)
(1 -7.40986e-15 0)
(1 -5.06614e-15 0)
(1 -4.99858e-15 0)
(1 4.23824e-15 0)
(1 6.88296e-15 0)
(1 2.70888e-15 0)
(1 3.0753e-15 0)
(1 6.63178e-16 0)
(1 4.97531e-15 0)
(1 1.53353e-15 0)
(1 3.22753e-15 0)
(1 -1.13521e-15 0)
(1 9.20044e-16 0)
(1 1.23776e-15 0)
(1 2.24769e-15 0)
(1 4.41738e-15 0)
(1 6.7802e-15 0)
(1 1.65932e-15 0)
(1 4.5034e-15 0)
(1 1.96061e-15 0)
(1 -8.6196e-16 0)
(1 8.13773e-16 0)
(1 -5.17168e-16 0)
(1 6.60588e-15 0)
(1 5.72428e-15 0)
(1 1.06039e-14 0)
(1 6.76712e-15 0)
(1 -3.08715e-15 0)
(1 -7.09258e-15 0)
(1 -1.27687e-16 0)
(1 2.37338e-15 0)
(1 4.65368e-15 0)
(1 7.25879e-15 0)
(1 -3.07699e-16 0)
(1 1.20385e-15 0)
(1 1.00359e-15 0)
(1 6.1971e-15 0)
(1 1.59744e-15 0)
(1 8.91982e-16 0)
(1 -3.94692e-16 0)
(1 -3.20014e-15 0)
(1 3.90718e-15 0)
(1 5.31341e-15 0)
(1 6.65256e-15 0)
(1 5.82567e-15 0)
(1 7.28797e-15 0)
(1 -8.49979e-16 0)
(1 5.46987e-15 0)
(1 6.16265e-15 0)
(1 1.14281e-14 0)
(1 3.35358e-15 0)
(1 6.89035e-15 0)
(1 9.05563e-15 0)
(1 9.22518e-15 0)
(1 5.98607e-15 0)
(1 6.56163e-15 0)
(1 8.87454e-16 0)
(1 -1.70768e-15 0)
(1 -3.37031e-15 0)
(1 -1.4255e-15 0)
(1 3.61655e-15 0)
(1 2.4831e-15 0)
(1 1.39779e-15 0)
(1 1.55488e-15 0)
(1 -5.64528e-15 0)
(1 2.07131e-15 0)
(1 -5.12716e-15 0)
(1 -1.2014e-15 0)
(1 3.6942e-15 0)
(1 1.18721e-14 0)
(1 6.77691e-16 0)
(1 6.45151e-15 0)
(1 7.68848e-17 0)
(1 1.04161e-14 0)
(1 4.64866e-15 0)
(1 1.535e-15 0)
(1 3.90548e-16 0)
(1 -9.73149e-15 0)
(1 -1.00075e-14 0)
(1 -9.99296e-15 0)
(1 -9.94735e-15 0)
(1 -4.1121e-15 0)
(1 9.69169e-15 0)
(1 4.50401e-15 0)
(1 1.19747e-14 0)
(1 3.4569e-15 0)
(1 1.00285e-14 0)
(1 -1.61874e-16 0)
(1 -5.05703e-15 0)
(1 -1.91638e-15 0)
(1 -1.05206e-15 0)
(1 -3.58299e-15 0)
(1 5.19404e-15 0)
(1 3.37368e-16 0)
(1 1.44542e-15 0)
(1 1.19662e-15 0)
(1 4.70392e-15 0)
(1 -6.01912e-15 0)
(1 -5.77678e-15 0)
(1 -8.82454e-15 0)
(1 1.12284e-15 0)
(1 3.82445e-15 0)
(1 3.94163e-15 0)
(1 7.73673e-15 0)
(1 8.62762e-15 0)
(1 4.76214e-15 0)
(1 7.76389e-15 0)
(1 1.18759e-15 0)
(1 8.94445e-15 0)
(1 1.51084e-15 0)
(1 7.67966e-15 0)
(1 3.81987e-15 0)
(1 4.27891e-15 0)
(1 1.24502e-16 0)
(1 -3.02992e-17 0)
(1 -3.6994e-15 0)
(1 3.53642e-16 0)
(1 1.01553e-14 0)
(1 9.37089e-15 0)
(1 6.72173e-15 0)
(1 4.84273e-15 0)
(1 6.5515e-15 0)
(1 5.35703e-15 0)
(1 1.91983e-15 0)
(1 2.46887e-15 0)
(1 3.79042e-15 0)
(1 2.09398e-15 0)
(1 6.00826e-15 0)
(1 3.25312e-15 0)
(1 7.74757e-16 0)
(1 4.84381e-15 0)
(1 6.57286e-15 0)
(1 3.49521e-15 0)
(1 -2.34286e-15 0)
(1 2.05113e-16 0)
(1 -2.60816e-15 0)
(1 2.04723e-15 0)
(1 -1.87937e-15 0)
(1 -1.40089e-15 0)
(1 7.11797e-16 0)
(1 4.13496e-15 0)
(1 6.72532e-15 0)
(1 3.47261e-15 0)
(1 -2.16231e-15 0)
(1 4.38637e-15 0)
(1 3.92816e-15 0)
(1 1.43406e-15 0)
(1 2.13816e-15 0)
(1 8.83106e-16 0)
(1 7.24587e-15 0)
(1 1.02661e-14 0)
(1 1.10433e-14 0)
(1 1.00579e-14 0)
(1 1.2628e-14 0)
(1 7.20064e-15 0)
(1 1.16029e-14 0)
(1 -1.68863e-15 0)
(1 -4.12819e-15 0)
(1 -5.11277e-15 0)
(1 -9.9463e-15 0)
(1 4.01564e-16 0)
(1 6.48666e-15 0)
(1 8.6173e-15 0)
(1 2.87129e-15 0)
(1 -2.80007e-15 0)
(1 -2.52099e-16 0)
(1 -8.18208e-15 0)
(1 5.39992e-16 0)
(1 8.03795e-15 0)
(1 1.51338e-14 0)
(1 2.55087e-15 0)
(1 5.38218e-15 0)
(1 -1.19994e-15 0)
(1 8.41279e-15 0)
(1 -1.35296e-15 0)
(1 -3.59015e-15 0)
(1 -1.09532e-14 0)
(1 8.85109e-17 0)
(1 6.86474e-15 0)
(1 8.20395e-16 0)
(1 -5.17869e-15 0)
(1 1.89439e-15 0)
(1 1.2865e-15 0)
(1 2.07254e-15 0)
(1 2.14186e-15 0)
(1 3.76168e-15 0)
(1 -4.57911e-15 0)
(1 -3.32846e-15 0)
(1 -1.22681e-14 0)
(1 -4.59281e-15 0)
(1 1.34022e-15 0)
(1 5.93749e-15 0)
(1 4.72013e-15 0)
(1 4.10979e-15 0)
(1 -7.46892e-16 0)
(1 6.75832e-16 0)
(1 2.61016e-16 0)
(1 -7.92192e-15 0)
(1 -6.67029e-16 0)
(1 1.33321e-16 0)
(1 1.39932e-14 0)
(1 1.19034e-14 0)
(1 7.72941e-15 0)
(1 -1.52437e-16 0)
(1 7.48555e-15 0)
(1 3.23915e-15 0)
(1 5.66857e-15 0)
(1 3.05745e-15 0)
(1 8.65463e-15 0)
(1 1.2024e-14 0)
(1 6.54173e-15 0)
(1 7.06411e-15 0)
(1 -2.55764e-15 0)
(1 -2.698e-15 0)
(1 6.61094e-15 0)
(1 -2.3336e-15 0)
(1 -7.95361e-17 0)
(1 -4.04121e-15 0)
(1 8.84794e-16 0)
(1 -3.10107e-15 0)
(1 4.41565e-15 0)
(1 1.93259e-15 0)
(1 1.12102e-14 0)
(1 1.81275e-14 0)
(1 1.25023e-14 0)
(1 2.07315e-14 0)
(1 9.83033e-15 0)
(1 9.01896e-15 0)
(1 9.47653e-15 0)
(1 2.457e-15 0)
(1 2.38084e-15 0)
(1 -7.90468e-16 0)
(1 8.22473e-16 0)
(1 5.68404e-15 0)
(1 4.04313e-15 0)
(1 -1.71635e-15 0)
(1 2.72926e-15 0)
(1 2.16221e-15 0)
(1 3.71142e-15 0)
(1 -1.22482e-15 0)
(1 -6.37901e-16 0)
(1 1.3787e-15 0)
(1 -8.66525e-16 0)
(1 -9.37444e-17 0)
(1 2.48656e-15 0)
(1 3.34689e-16 0)
(1 4.84885e-16 0)
(1 2.02648e-15 0)
(1 4.12655e-15 0)
(1 9.42263e-15 0)
(1 1.35092e-14 0)
(1 1.59368e-14 0)
(1 1.9424e-14 0)
(1 2.10223e-14 0)
(1 2.22508e-14 0)
(1 2.09615e-14 0)
(1 1.82912e-16 0)
(1 5.7731e-16 0)
(1 4.76395e-15 0)
(1 1.98133e-15 0)
(1 -8.19752e-17 0)
(1 -2.35866e-15 0)
(1 1.26133e-15 0)
(1 -1.61281e-15 0)
(1 5.90427e-15 0)
(1 -8.08615e-16 0)
(1 3.15575e-15 0)
(1 -4.34113e-15 0)
(1 4.40611e-15 0)
(1 -1.51778e-15 0)
(1 -5.21749e-16 0)
(1 -3.75741e-15 0)
(1 -3.20284e-15 0)
(1 3.4094e-15 0)
(1 4.01621e-15 0)
(1 5.56704e-15 0)
(1 -1.02997e-14 0)
(1 -3.59059e-15 0)
(1 1.54518e-15 0)
(1 2.36214e-15 0)
(1 1.11792e-15 0)
(1 8.05856e-15 0)
(1 4.94515e-15 0)
(1 4.48566e-15 0)
(1 -3.92745e-15 0)
(1 3.31681e-15 0)
(1 -2.90528e-15 0)
(1 9.36689e-15 0)
(1 -9.03991e-16 0)
(1 -2.88788e-15 0)
(1 -9.0145e-15 0)
(1 2.78976e-16 0)
(1 -5.42728e-15 0)
(1 -2.39054e-15 0)
(1 2.94814e-15 0)
(1 4.76515e-15 0)
(1 -4.596e-15 0)
(1 -1.07051e-15 0)
(1 3.95293e-15 0)
(1 5.23404e-15 0)
(1 -4.8264e-15 0)
(1 4.80666e-16 0)
(1 5.01603e-15 0)
(1 3.17291e-15 0)
(1 8.74227e-15 0)
(1 5.90993e-15 0)
(1 8.23273e-15 0)
(1 3.73124e-15 0)
(1 6.39877e-15 0)
(1 4.39126e-15 0)
(1 2.37107e-15 0)
(1 6.28795e-15 0)
(1 2.4302e-15 0)
(1 6.87173e-15 0)
(1 1.12985e-14 0)
(1 4.46137e-15 0)
(1 2.42835e-15 0)
(1 1.44334e-15 0)
(1 5.41137e-15 0)
(1 7.56101e-17 0)
(1 4.39797e-15 0)
(1 3.74892e-15 0)
(1 9.17853e-15 0)
(1 2.10219e-14 0)
(1 1.99288e-14 0)
(1 1.20211e-14 0)
(1 3.54692e-15 0)
(1 8.28196e-15 0)
(1 -3.94499e-16 0)
(1 1.71668e-15 0)
(1 2.70551e-15 0)
(1 4.6536e-15 0)
(1 1.16101e-14 0)
(1 6.22874e-15 0)
(1 2.48345e-15 0)
(1 1.755e-15 0)
(1 5.02165e-15 0)
(1 3.04622e-17 0)
(1 -3.32094e-15 0)
(1 -1.25543e-15 0)
(1 3.52126e-16 0)
(1 2.00926e-15 0)
(1 5.16339e-15 0)
(1 8.3925e-15 0)
(1 3.36846e-15 0)
(1 1.47311e-15 0)
(1 2.36271e-15 0)
(1 3.95541e-15 0)
(1 9.77366e-15 0)
(1 1.2985e-14 0)
(1 1.69181e-14 0)
(1 1.01852e-14 0)
(1 1.45791e-14 0)
(1 1.24897e-14 0)
(1 2.79729e-14 0)
(1 2.55127e-14 0)
(1 -2.92999e-16 0)
(1 1.93161e-15 0)
(1 -4.20089e-15 0)
(1 1.13302e-15 0)
(1 -4.52925e-15 0)
(1 -2.91003e-15 0)
(1 -5.54685e-15 0)
(1 -1.16476e-15 0)
(1 4.22973e-15 0)
(1 3.04125e-15 0)
(1 7.50573e-15 0)
(1 8.61324e-16 0)
(1 -2.73922e-15 0)
(1 -1.04758e-14 0)
(1 1.40159e-15 0)
(1 -2.58983e-15 0)
(1 6.53022e-15 0)
(1 7.87796e-16 0)
(1 8.39613e-15 0)
(1 5.52293e-15 0)
(1 6.38009e-15 0)
(1 -1.11425e-15 0)
(1 -8.55417e-15 0)
(1 -1.89793e-15 0)
(1 2.98046e-15 0)
(1 -5.11292e-15 0)
(1 -2.99801e-15 0)
(1 -4.2151e-15 0)
(1 -4.35395e-15 0)
(1 -7.06671e-15 0)
(1 4.82614e-16 0)
(1 1.12999e-14 0)
(1 7.66385e-15 0)
(1 7.92259e-16 0)
(1 -8.42901e-15 0)
(1 1.82714e-15 0)
(1 -3.48002e-15 0)
(1 4.30239e-16 0)
(1 2.52688e-15 0)
(1 -8.73314e-16 0)
(1 -6.35446e-15 0)
(1 -3.58718e-15 0)
(1 -1.75991e-15 0)
(1 -8.80074e-16 0)
(1 -2.73152e-15 0)
(1 -4.62877e-15 0)
(1 1.07662e-14 0)
(1 3.81019e-15 0)
(1 8.84488e-15 0)
(1 1.54264e-14 0)
(1 1.71708e-14 0)
(1 1.13632e-14 0)
(1 7.20171e-15 0)
(1 6.56904e-16 0)
(1 1.59868e-15 0)
(1 -1.38022e-15 0)
(1 -7.57686e-16 0)
(1 4.76038e-15 0)
(1 2.28678e-15 0)
(1 8.04654e-15 0)
(1 5.54581e-15 0)
(1 5.89553e-15 0)
(1 3.2227e-15 0)
(1 1.73707e-15 0)
(1 3.97471e-15 0)
(1 1.21874e-14 0)
(1 7.31211e-15 0)
(1 2.57912e-15 0)
(1 1.20759e-14 0)
(1 3.14367e-15 0)
(1 9.59947e-15 0)
(1 1.37612e-14 0)
(1 4.08285e-15 0)
(1 3.31603e-15 0)
(1 8.89551e-15 0)
(1 8.12602e-15 0)
(1 1.04082e-14 0)
(1 1.16452e-14 0)
(1 8.50888e-15 0)
(1 5.82233e-15 0)
(1 -2.40883e-15 0)
(1 -1.1055e-15 0)
(1 -5.92794e-16 0)
(1 7.20932e-16 0)
(1 2.49695e-15 0)
(1 -1.81263e-15 0)
(1 1.63013e-15 0)
(1 2.57277e-15 0)
(1 5.49367e-15 0)
(1 2.13799e-15 0)
(1 4.8076e-15 0)
(1 -7.64736e-16 0)
(1 8.5457e-15 0)
(1 3.89937e-15 0)
(1 1.59992e-14 0)
(1 7.48622e-15 0)
(1 1.0136e-14 0)
(1 8.6013e-15 0)
(1 2.06941e-14 0)
(1 2.34012e-14 0)
(1 2.28571e-15 0)
(1 -2.8504e-15 0)
(1 -6.3488e-16 0)
(1 3.15593e-15 0)
(1 -2.76042e-15 0)
(1 -1.50806e-15 0)
(1 -5.87042e-15 0)
(1 5.5564e-15 0)
(1 -5.87064e-16 0)
(1 8.12636e-15 0)
(1 4.41206e-15 0)
(1 7.03406e-15 0)
(1 -2.45135e-16 0)
(1 -7.33319e-15 0)
(1 -9.96796e-17 0)
(1 -2.11547e-15 0)
(1 -2.2071e-17 0)
(1 -9.02547e-15 0)
(1 1.9571e-15 0)
(1 -1.3144e-14 0)
(1 4.01767e-15 0)
(1 4.79508e-15 0)
(1 1.20188e-14 0)
(1 9.88994e-15 0)
(1 6.42531e-15 0)
(1 -4.72839e-15 0)
(1 -3.79615e-15 0)
(1 5.6577e-15 0)
(1 2.1788e-15 0)
(1 2.52534e-15 0)
(1 -3.21037e-15 0)
(1 -5.50818e-15 0)
(1 2.55816e-15 0)
(1 1.69212e-15 0)
(1 -4.16407e-15 0)
(1 -7.35264e-15 0)
(1 1.68356e-15 0)
(1 5.28566e-16 0)
(1 -6.32842e-17 0)
(1 -5.35756e-15 0)
(1 -1.3195e-15 0)
(1 4.43439e-15 0)
(1 -2.32762e-15 0)
(1 -2.22545e-15 0)
(1 -2.78596e-15 0)
(1 2.16248e-15 0)
(1 2.54878e-15 0)
(1 1.19261e-14 0)
(1 1.20261e-14 0)
(1 1.65039e-14 0)
(1 9.31665e-15 0)
(1 6.17282e-15 0)
(1 -4.33755e-16 0)
(1 1.33546e-15 0)
(1 3.75351e-15 0)
(1 -1.23383e-15 0)
(1 -1.82232e-15 0)
(1 -3.95258e-15 0)
(1 5.35646e-15 0)
(1 1.29343e-14 0)
(1 1.53817e-14 0)
(1 2.13438e-15 0)
(1 6.55956e-15 0)
(1 8.02099e-16 0)
(1 1.06242e-14 0)
(1 4.95532e-15 0)
(1 7.7588e-15 0)
(1 4.0405e-15 0)
(1 -5.94891e-17 0)
(1 8.7757e-15 0)
(1 1.2802e-14 0)
(1 1.11761e-14 0)
(1 7.03026e-15 0)
(1 6.30605e-15 0)
(1 7.46949e-15 0)
(1 3.12353e-15 0)
(1 1.14564e-15 0)
(1 4.17153e-15 0)
(1 1.03236e-15 0)
(1 6.37915e-15 0)
(1 4.28696e-15 0)
(1 4.85912e-15 0)
(1 1.07756e-14 0)
(1 5.45484e-15 0)
(1 -1.17772e-15 0)
(1 -3.42854e-15 0)
(1 2.69631e-15 0)
(1 2.57045e-15 0)
(1 7.38034e-15 0)
(1 3.75678e-15 0)
(1 7.02239e-15 0)
(1 -4.37171e-16 0)
(1 8.15003e-15 0)
(1 7.54452e-15 0)
(1 8.17753e-15 0)
(1 1.15964e-14 0)
(1 1.03014e-14 0)
(1 1.33069e-14 0)
(1 1.22576e-14 0)
(1 1.71071e-14 0)
(1 4.06935e-15 0)
(1 -5.56419e-16 0)
(1 -2.86552e-15 0)
(1 6.83304e-16 0)
(1 -3.20436e-15 0)
(1 -5.35443e-15 0)
(1 -4.99993e-15 0)
(1 2.88209e-15 0)
(1 -1.16948e-15 0)
(1 1.33026e-16 0)
(1 7.21126e-15 0)
(1 8.7331e-15 0)
(1 8.6545e-16 0)
(1 9.51278e-16 0)
(1 -4.45787e-15 0)
(1 2.03305e-15 0)
(1 -6.48539e-15 0)
(1 8.74903e-15 0)
(1 3.42495e-15 0)
(1 1.01349e-14 0)
(1 6.96271e-15 0)
(1 -7.28328e-15 0)
(1 -4.85184e-15 0)
(1 -6.35937e-15 0)
(1 -2.54964e-15 0)
(1 -7.88096e-15 0)
(1 -1.66268e-15 0)
(1 3.19925e-15 0)
(1 -1.3987e-15 0)
(1 -5.0616e-16 0)
(1 -5.18947e-15 0)
(1 -8.84749e-15 0)
(1 -5.51704e-17 0)
(1 1.84672e-15 0)
(1 7.81566e-15 0)
(1 1.83071e-15 0)
(1 7.19872e-15 0)
(1 -4.23885e-15 0)
(1 -2.12305e-15 0)
(1 -3.13853e-15 0)
(1 -1.97991e-16 0)
(1 2.3846e-15 0)
(1 -1.00868e-14 0)
(1 -1.09481e-14 0)
(1 -2.65936e-15 0)
(1 1.03197e-14 0)
(1 4.98956e-15 0)
(1 2.44036e-14 0)
(1 1.66433e-14 0)
(1 1.35725e-14 0)
(1 2.85749e-15 0)
(1 5.01898e-15 0)
(1 -3.95818e-15 0)
(1 -2.2132e-16 0)
(1 2.20398e-16 0)
(1 1.03771e-17 0)
(1 1.81648e-16 0)
(1 2.39994e-15 0)
(1 4.58443e-16 0)
(1 -2.06802e-15 0)
(1 -5.92836e-15 0)
(1 8.98942e-16 0)
(1 5.04889e-15 0)
(1 1.63475e-14 0)
(1 1.12459e-14 0)
(1 7.39828e-15 0)
(1 6.73718e-15 0)
(1 8.38595e-15 0)
(1 3.14852e-16 0)
(1 1.13046e-15 0)
(1 4.11836e-15 0)
(1 -1.65073e-15 0)
(1 8.71091e-15 0)
(1 8.05659e-15 0)
(1 3.45928e-15 0)
(1 2.25997e-15 0)
(1 2.4654e-15 0)
(1 1.89309e-15 0)
(1 -2.01712e-15 0)
(1 7.20299e-15 0)
(1 8.34238e-15 0)
(1 1.29285e-14 0)
(1 5.96258e-15 0)
(1 4.61713e-15 0)
(1 1.50292e-15 0)
(1 4.91613e-15 0)
(1 3.37341e-15 0)
(1 8.14907e-15 0)
(1 4.09074e-15 0)
(1 5.71593e-15 0)
(1 6.97514e-15 0)
(1 3.87271e-15 0)
(1 -2.29377e-15 0)
(1 4.79645e-15 0)
(1 1.71401e-15 0)
(1 7.39394e-15 0)
(1 9.69687e-15 0)
(1 8.88765e-15 0)
(1 5.65492e-15 0)
(1 9.91414e-15 0)
(1 -4.73494e-17 0)
(1 4.83028e-15 0)
(1 -4.24302e-15 0)
(1 -6.74161e-15 0)
(1 -1.40202e-15 0)
(1 -3.67671e-15 0)
(1 -2.8313e-15 0)
(1 8.13099e-16 0)
(1 4.71627e-15 0)
(1 5.54628e-15 0)
(1 8.53629e-15 0)
(1 1.18503e-15 0)
(1 -5.87275e-15 0)
(1 -6.18602e-16 0)
(1 -4.44738e-15 0)
(1 3.74375e-15 0)
(1 -4.26542e-15 0)
(1 2.4343e-15 0)
(1 -6.0875e-15 0)
(1 9.47805e-15 0)
(1 -5.0285e-15 0)
(1 3.24569e-15 0)
(1 -9.28868e-15 0)
(1 -6.45579e-16 0)
(1 8.29659e-15 0)
(1 3.11708e-15 0)
(1 -3.31567e-16 0)
(1 -2.84453e-15 0)
(1 -5.2485e-15 0)
(1 -9.29651e-16 0)
(1 -1.92035e-15 0)
(1 -2.05434e-15 0)
(1 -3.34158e-15 0)
(1 -6.45736e-15 0)
(1 5.57819e-15 0)
(1 1.10682e-14 0)
(1 6.31172e-15 0)
(1 -1.70949e-15 0)
(1 -3.90911e-15 0)
(1 -1.03544e-14 0)
(1 -6.48322e-15 0)
(1 -3.42081e-15 0)
(1 -4.59831e-15 0)
(1 1.95616e-15 0)
(1 1.2234e-14 0)
(1 1.09802e-14 0)
(1 1.29044e-14 0)
(1 6.63784e-15 0)
(1 3.85883e-15 0)
(1 3.97236e-15 0)
(1 -1.47417e-15 0)
(1 3.87743e-15 0)
(1 -1.97275e-15 0)
(1 5.12503e-15 0)
(1 1.08881e-15 0)
(1 8.0584e-15 0)
(1 1.40706e-14 0)
(1 1.40351e-14 0)
(1 -1.52238e-15 0)
(1 3.35854e-15 0)
(1 -8.90099e-15 0)
(1 2.19134e-15 0)
(1 -4.48128e-15 0)
(1 8.45799e-15 0)
(1 -3.43619e-15 0)
(1 1.13762e-14 0)
(1 1.08063e-14 0)
(1 1.19662e-14 0)
(1 -6.97437e-16 0)
(1 1.77132e-15 0)
(1 1.04975e-15 0)
(1 1.48171e-15 0)
(1 9.56581e-15 0)
(1 1.44572e-14 0)
(1 3.71175e-15 0)
(1 5.14724e-15 0)
(1 7.10302e-15 0)
(1 1.47711e-14 0)
(1 1.3369e-14 0)
(1 7.38197e-15 0)
(1 4.14762e-15 0)
(1 7.73783e-15 0)
(1 3.14356e-15 0)
(1 -1.53041e-15 0)
(1 4.38782e-15 0)
(1 1.11827e-14 0)
(1 3.77065e-15 0)
(1 9.12462e-15 0)
(1 5.65531e-15 0)
(1 1.05946e-14 0)
(1 7.26103e-15 0)
(1 6.76778e-15 0)
(1 2.8568e-15 0)
(1 -1.95547e-15 0)
(1 -4.67056e-15 0)
(1 3.59402e-15 0)
(1 1.33927e-14 0)
(1 1.33266e-14 0)
(1 8.93405e-15 0)
(1 9.17482e-15 0)
(1 2.58442e-15 0)
(1 -1.43573e-15 0)
(1 2.17142e-15 0)
(1 -7.0694e-15 0)
(1 1.09529e-15 0)
(1 -4.28171e-15 0)
(1 1.17131e-16 0)
(1 -1.14587e-14 0)
(1 2.9297e-16 0)
(1 5.14665e-15 0)
(1 9.73916e-16 0)
(1 3.18843e-15 0)
(1 4.3852e-15 0)
(1 9.88769e-16 0)
(1 4.16191e-15 0)
(1 -5.21822e-15 0)
(1 -4.56056e-16 0)
(1 -1.3758e-14 0)
(1 -2.86436e-15 0)
(1 6.15456e-16 0)
(1 -4.90045e-15 0)
(1 3.98765e-15 0)
(1 6.03337e-15 0)
(1 8.84207e-15 0)
(1 9.89856e-15 0)
(1 9.07978e-15 0)
(1 3.52884e-15 0)
(1 -6.06632e-15 0)
(1 -7.82657e-15 0)
(1 -4.62342e-15 0)
(1 -1.15221e-15 0)
(1 5.50258e-16 0)
(1 1.06783e-15 0)
(1 -5.5581e-16 0)
(1 1.8994e-15 0)
(1 1.32754e-15 0)
(1 -4.17996e-15 0)
(1 1.61105e-15 0)
(1 -2.73341e-15 0)
(1 -7.28608e-15 0)
(1 -8.19712e-15 0)
(1 -8.32199e-15 0)
(1 5.5334e-15 0)
(1 1.27291e-14 0)
(1 6.91829e-15 0)
(1 8.52136e-15 0)
(1 9.47396e-15 0)
(1 -4.37017e-15 0)
(1 -6.40788e-15 0)
(1 2.85573e-16 0)
(1 6.51291e-15 0)
(1 5.5956e-15 0)
(1 5.80471e-15 0)
(1 9.01832e-15 0)
(1 9.14279e-15 0)
(1 9.07515e-15 0)
(1 1.02549e-14 0)
(1 7.15646e-15 0)
(1 8.295e-15 0)
(1 6.12861e-15 0)
(1 2.52554e-15 0)
(1 6.06447e-16 0)
(1 1.97098e-16 0)
(1 -2.59575e-15 0)
(1 3.47188e-15 0)
(1 3.9966e-15 0)
(1 1.48385e-14 0)
(1 1.43499e-14 0)
(1 9.7098e-15 0)
(1 7.46456e-15 0)
(1 3.96126e-15 0)
(1 5.3515e-15 0)
(1 7.81918e-15 0)
(1 1.19369e-14 0)
(1 6.25856e-15 0)
(1 8.4985e-15 0)
(1 6.388e-15 0)
(1 6.06435e-15 0)
(1 9.27694e-15 0)
(1 7.58077e-15 0)
(1 1.10984e-14 0)
(1 5.62573e-15 0)
(1 -1.36647e-16 0)
(1 3.69565e-15 0)
(1 3.037e-15 0)
(1 -7.84829e-16 0)
(1 2.72837e-15 0)
(1 1.56149e-15 0)
(1 3.55646e-15 0)
(1 6.73738e-15 0)
(1 2.09368e-15 0)
(1 5.32064e-15 0)
(1 6.73594e-15 0)
(1 3.93096e-15 0)
(1 6.62135e-15 0)
(1 7.56125e-16 0)
(1 1.04805e-14 0)
(1 1.14398e-14 0)
(1 1.19207e-14 0)
(1 1.15024e-14 0)
(1 -1.5255e-15 0)
(1 -3.30919e-15 0)
(1 -2.56199e-15 0)
(1 -2.2332e-15 0)
(1 7.47682e-15 0)
(1 4.59248e-15 0)
(1 1.49257e-14 0)
(1 4.30116e-15 0)
(1 -1.6563e-15 0)
(1 -1.25275e-14 0)
(1 -1.11603e-14 0)
(1 -1.74856e-15 0)
(1 -3.32996e-15 0)
(1 -1.14129e-15 0)
(1 2.67381e-15 0)
(1 -8.04085e-15 0)
(1 -2.22165e-15 0)
(1 -2.81313e-15 0)
(1 -2.39747e-15 0)
(1 -3.64206e-15 0)
(1 7.21331e-15 0)
(1 4.07501e-16 0)
(1 6.99272e-15 0)
(1 8.75865e-16 0)
(1 -1.81688e-15 0)
(1 -4.78739e-15 0)
(1 -4.20153e-15 0)
(1 -7.7347e-15 0)
(1 -7.0987e-15 0)
(1 -9.09211e-15 0)
(1 1.78778e-15 0)
(1 5.50262e-15 0)
(1 6.4145e-15 0)
(1 4.49027e-15 0)
(1 7.26482e-16 0)
(1 2.90526e-15 0)
(1 -5.54321e-15 0)
(1 2.50219e-16 0)
(1 -1.80588e-15 0)
(1 1.1116e-15 0)
(1 -9.98661e-15 0)
(1 -4.61966e-15 0)
(1 1.41007e-14 0)
(1 5.74453e-15 0)
(1 6.61844e-15 0)
(1 -8.50526e-16 0)
(1 4.84192e-15 0)
(1 8.53936e-17 0)
(1 -2.18337e-15 0)
(1 -1.63264e-16 0)
(1 9.89472e-15 0)
(1 8.03285e-15 0)
(1 7.98966e-15 0)
(1 1.42458e-15 0)
(1 3.49729e-15 0)
(1 3.71936e-15 0)
(1 2.31691e-15 0)
(1 1.69001e-15 0)
(1 8.64753e-15 0)
(1 -2.70795e-15 0)
(1 -3.39066e-16 0)
(1 3.05418e-16 0)
(1 8.90785e-16 0)
(1 -9.30522e-16 0)
(1 5.10994e-15 0)
(1 -2.33613e-15 0)
(1 -2.63379e-15 0)
(1 -1.49821e-15 0)
(1 7.44174e-15 0)
(1 2.66171e-15 0)
(1 6.0688e-15 0)
(1 7.05118e-15 0)
(1 1.48683e-14 0)
(1 1.09214e-14 0)
(1 1.16036e-14 0)
(1 7.79161e-15 0)
(1 2.40168e-15 0)
(1 1.87394e-15 0)
(1 4.66174e-15 0)
(1 1.15672e-14 0)
(1 4.69889e-15 0)
(1 9.17412e-15 0)
(1 6.03268e-15 0)
(1 1.48956e-14 0)
(1 9.10747e-15 0)
(1 5.29024e-15 0)
(1 8.03068e-17 0)
(1 -4.9252e-15 0)
(1 -2.22622e-15 0)
(1 7.55598e-16 0)
(1 -2.47032e-15 0)
(1 2.50484e-15 0)
(1 3.81405e-15 0)
(1 4.66029e-15 0)
(1 1.1211e-14 0)
(1 9.74481e-15 0)
(1 6.47926e-15 0)
(1 9.01284e-15 0)
(1 7.50942e-15 0)
(1 7.4179e-15 0)
(1 -4.61321e-15 0)
(1 -2.10553e-15 0)
(1 2.12518e-15 0)
(1 1.86691e-15 0)
(1 6.46168e-15 0)
(1 -2.51717e-15 0)
(1 -1.41038e-15 0)
(1 1.38867e-14 0)
(1 4.12276e-15 0)
(1 -2.88506e-16 0)
(1 -9.77406e-15 0)
(1 -8.26279e-15 0)
(1 -1.64999e-14 0)
(1 -5.05147e-15 0)
(1 -4.68125e-15 0)
(1 3.68241e-15 0)
(1 -1.69059e-15 0)
(1 -2.54526e-15 0)
(1 -1.14025e-14 0)
(1 -1.43373e-14 0)
(1 -3.94742e-15 0)
(1 2.23421e-15 0)
(1 1.32782e-14 0)
(1 1.31149e-14 0)
(1 6.68118e-15 0)
(1 6.38245e-16 0)
(1 -2.54763e-16 0)
(1 5.05781e-15 0)
(1 3.91485e-15 0)
(1 -9.28698e-16 0)
(1 6.36946e-17 0)
(1 -1.03706e-15 0)
(1 -2.15041e-15 0)
(1 -1.49374e-15 0)
(1 1.93471e-16 0)
(1 -5.55688e-15 0)
(1 -1.25352e-15 0)
(1 8.91586e-15 0)
(1 -3.97988e-15 0)
(1 -1.64235e-15 0)
(1 -1.13402e-14 0)
(1 -5.27446e-15 0)
(1 -5.16806e-15 0)
(1 -4.65518e-15 0)
(1 -2.98607e-15 0)
(1 -1.27262e-16 0)
(1 -1.56329e-15 0)
(1 5.09756e-15 0)
(1 5.8734e-15 0)
(1 4.77887e-15 0)
(1 2.37322e-15 0)
(1 6.05394e-15 0)
(1 7.93413e-15 0)
(1 -6.07624e-17 0)
(1 -1.20314e-18 0)
(1 9.75229e-16 0)
(1 2.12047e-15 0)
(1 4.20561e-15 0)
(1 5.04953e-15 0)
(1 9.23044e-15 0)
(1 7.75873e-15 0)
(1 8.10533e-15 0)
(1 -8.31095e-16 0)
(1 1.13759e-15 0)
(1 -7.67672e-15 0)
(1 -2.67491e-16 0)
(1 -3.58464e-15 0)
(1 -3.18319e-15 0)
(1 2.80957e-16 0)
(1 5.43384e-15 0)
(1 6.94927e-15 0)
(1 1.96839e-14 0)
(1 1.56498e-14 0)
(1 1.62901e-14 0)
(1 1.07698e-14 0)
(1 1.16316e-14 0)
(1 4.48002e-15 0)
(1 7.27395e-15 0)
(1 8.60952e-15 0)
(1 6.59086e-15 0)
(1 -1.65993e-15 0)
(1 -1.53167e-16 0)
(1 6.645e-15 0)
(1 7.89975e-15 0)
(1 1.20814e-14 0)
(1 1.44432e-14 0)
(1 3.69509e-15 0)
(1 1.50605e-15 0)
(1 1.73624e-15 0)
(1 2.18794e-15 0)
(1 -1.45015e-15 0)
(1 1.80563e-15 0)
(1 6.8219e-15 0)
(1 3.12426e-15 0)
(1 7.64582e-15 0)
(1 9.99001e-15 0)
(1 1.63783e-15 0)
(1 8.65341e-15 0)
(1 8.6321e-15 0)
(1 5.72241e-15 0)
(1 1.91182e-16 0)
(1 1.64115e-15 0)
(1 2.99301e-15 0)
(1 2.64872e-15 0)
(1 -5.235e-15 0)
(1 -7.65451e-16 0)
(1 -7.63263e-15 0)
(1 2.58586e-15 0)
(1 3.48027e-15 0)
(1 5.14701e-15 0)
(1 -5.74859e-15 0)
(1 -6.2174e-15 0)
(1 -1.06052e-14 0)
(1 -2.86354e-15 0)
(1 -7.33424e-15 0)
(1 -2.06763e-15 0)
(1 -1.85523e-15 0)
(1 -4.33862e-15 0)
(1 3.81991e-16 0)
(1 6.42082e-15 0)
(1 1.31807e-16 0)
(1 -4.57289e-16 0)
(1 9.24008e-16 0)
(1 -4.53991e-15 0)
(1 -8.30956e-15 0)
(1 1.37032e-15 0)
(1 5.36278e-15 0)
(1 6.13271e-16 0)
(1 1.28822e-15 0)
(1 -4.73367e-15 0)
(1 -4.27982e-15 0)
(1 -3.07747e-15 0)
(1 -6.15715e-16 0)
(1 7.51222e-15 0)
(1 3.29112e-15 0)
(1 -1.44848e-15 0)
(1 1.96767e-15 0)
(1 8.20057e-16 0)
(1 -8.47465e-15 0)
(1 -4.47557e-15 0)
(1 2.6536e-15 0)
(1 -1.39803e-15 0)
(1 -1.25304e-14 0)
(1 -7.94111e-16 0)
(1 -4.41453e-15 0)
(1 8.7394e-16 0)
(1 3.26237e-16 0)
(1 6.00957e-17 0)
(1 -3.74133e-15 0)
(1 -3.90376e-15 0)
(1 8.70059e-16 0)
(1 3.82695e-15 0)
(1 -5.71252e-16 0)
(1 2.52894e-15 0)
(1 -1.85515e-15 0)
(1 2.1247e-15 0)
(1 5.26993e-15 0)
(1 4.2103e-15 0)
(1 5.68687e-15 0)
(1 5.95941e-15 0)
(1 6.92782e-15 0)
(1 -1.0968e-15 0)
(1 -3.81495e-15 0)
(1 -6.45218e-15 0)
(1 -5.39857e-15 0)
(1 -1.21606e-15 0)
(1 3.39326e-15 0)
(1 6.52768e-16 0)
(1 2.81861e-15 0)
(1 5.3708e-15 0)
(1 6.48822e-15 0)
(1 1.44871e-14 0)
(1 1.06998e-14 0)
(1 1.29512e-14 0)
(1 1.07233e-14 0)
(1 1.61396e-14 0)
(1 8.39019e-15 0)
(1 6.1039e-15 0)
(1 2.12497e-15 0)
(1 6.02694e-15 0)
(1 1.50159e-14 0)
(1 3.48764e-16 0)
(1 6.61065e-15 0)
(1 3.59062e-16 0)
(1 6.83603e-15 0)
(1 4.77556e-15 0)
(1 7.38723e-15 0)
(1 6.79302e-15 0)
(1 6.23857e-15 0)
(1 4.92631e-16 0)
(1 3.59576e-15 0)
(1 2.07925e-15 0)
(1 5.78019e-15 0)
(1 3.44933e-15 0)
(1 2.77409e-15 0)
(1 -2.75669e-16 0)
(1 3.13802e-15 0)
(1 7.97566e-15 0)
(1 1.18315e-14 0)
(1 7.43529e-15 0)
(1 -2.76616e-16 0)
(1 -1.67165e-15 0)
(1 1.84842e-15 0)
(1 -4.22318e-15 0)
(1 -3.60477e-15 0)
(1 1.33793e-14 0)
(1 7.69803e-15 0)
(1 8.59144e-15 0)
(1 3.13346e-15 0)
(1 -5.04093e-15 0)
(1 -6.15291e-15 0)
(1 -4.60009e-15 0)
(1 -4.502e-16 0)
(1 -9.19503e-15 0)
(1 -6.45261e-15 0)
(1 -1.22741e-14 0)
(1 -3.91269e-15 0)
(1 -4.92046e-16 0)
(1 5.3182e-15 0)
(1 2.95647e-16 0)
(1 9.08557e-15 0)
(1 5.04223e-15 0)
(1 -2.79396e-15 0)
(1 -7.84213e-15 0)
(1 -4.6434e-15 0)
(1 3.25561e-15 0)
(1 -2.44296e-15 0)
(1 2.16461e-15 0)
(1 -5.50363e-15 0)
(1 1.27911e-15 0)
(1 -7.1152e-15 0)
(1 -3.66627e-15 0)
(1 -1.9814e-15 0)
(1 4.61072e-15 0)
(1 4.22836e-15 0)
(1 3.05695e-15 0)
(1 -2.54513e-15 0)
(1 -1.03925e-14 0)
(1 -9.04291e-15 0)
(1 -6.06038e-15 0)
(1 3.46445e-16 0)
(1 3.72694e-15 0)
(1 7.09931e-15 0)
(1 2.67425e-15 0)
(1 -1.76259e-15 0)
(1 -6.3801e-15 0)
(1 -2.56621e-15 0)
(1 -1.967e-16 0)
(1 -2.41205e-15 0)
(1 -3.24013e-15 0)
(1 -8.25351e-15 0)
(1 -6.59469e-15 0)
(1 -1.71469e-15 0)
(1 5.11037e-15 0)
(1 -3.39724e-15 0)
(1 4.09528e-15 0)
(1 1.22709e-14 0)
(1 5.45972e-15 0)
(1 6.26321e-15 0)
(1 5.30385e-15 0)
(1 3.16714e-15 0)
(1 -4.05766e-15 0)
(1 -4.61931e-15 0)
(1 -9.62647e-15 0)
(1 -3.45062e-15 0)
(1 -3.9175e-15 0)
(1 -4.02036e-15 0)
(1 7.86787e-16 0)
(1 6.0627e-15 0)
(1 1.20155e-15 0)
(1 6.74435e-15 0)
(1 6.33011e-15 0)
(1 6.94425e-15 0)
(1 4.72615e-15 0)
(1 6.9208e-15 0)
(1 5.01926e-15 0)
(1 9.75184e-15 0)
(1 6.73985e-15 0)
(1 5.15067e-16 0)
(1 4.57647e-15 0)
(1 1.10206e-14 0)
(1 1.1912e-14 0)
(1 1.02681e-14 0)
(1 8.38198e-15 0)
(1 1.59377e-15 0)
(1 -1.03961e-15 0)
(1 -2.0004e-15 0)
(1 9.47455e-16 0)
(1 3.64252e-16 0)
(1 2.55755e-15 0)
(1 5.94999e-15 0)
(1 7.88526e-15 0)
(1 3.22401e-15 0)
(1 -9.49797e-16 0)
(1 -3.56283e-15 0)
(1 7.26918e-16 0)
(1 6.7258e-15 0)
(1 1.11781e-14 0)
(1 1.06268e-14 0)
(1 3.86422e-15 0)
(1 -2.67654e-15 0)
(1 -4.52437e-15 0)
(1 -2.33215e-15 0)
(1 -3.38102e-15 0)
(1 9.58246e-16 0)
(1 8.90532e-15 0)
(1 6.1299e-15 0)
(1 2.80515e-15 0)
(1 -3.60284e-15 0)
(1 -3.24039e-15 0)
(1 -1.11323e-16 0)
(1 4.4454e-15 0)
(1 -1.52254e-15 0)
(1 -1.12135e-14 0)
(1 -1.41507e-14 0)
(1 -1.00824e-14 0)
(1 -7.46831e-15 0)
(1 1.5539e-15 0)
(1 3.07079e-15 0)
(1 -2.80268e-15 0)
(1 8.69563e-15 0)
(1 -2.36348e-15 0)
(1 -5.87667e-16 0)
(1 -8.80064e-16 -1.03454e-47)
(1 5.83377e-15 0)
(1 -1.40805e-15 0)
(1 -5.71208e-15 0)
(1 -5.26228e-16 0)
(1 -1.44219e-15 0)
(1 -1.84183e-15 0)
(1 -3.47021e-17 0)
(1 -4.98626e-16 0)
(1 -2.27682e-15 0)
(1 -1.7234e-15 0)
(1 -3.44354e-16 0)
(1 -4.36958e-16 0)
(1 1.27156e-16 0)
(1 3.68729e-15 0)
(1 4.57707e-15 0)
(1 -8.24774e-15 0)
(1 -7.06009e-15 0)
(1 -2.95828e-15 0)
(1 4.7359e-17 0)
(1 -3.11992e-15 0)
(1 -3.66325e-15 3.70011e-48)
(1 -2.18123e-15 0)
(1 -7.29913e-15 3.95178e-48)
(1 2.87615e-15 0)
(1 6.23454e-15 0)
(1 -2.3494e-16 0)
(1 -4.85185e-15 0)
(1 -4.21081e-15 0)
(1 6.74283e-15 0)
(1 4.04117e-15 0)
(1 4.85718e-15 0)
(1 3.51734e-15 0)
(1 6.84152e-15 0)
(1 4.71493e-15 0)
(1 -1.70881e-15 0)
(1 -3.09126e-15 0)
(1 9.68681e-16 0)
(1 -6.07504e-16 0)
(1 -6.77151e-15 0)
(1 -8.31946e-15 0)
(1 -6.4648e-15 0)
(1 -6.71061e-16 0)
(1 -4.24771e-15 0)
(1 3.0991e-15 0)
(1 2.61789e-15 0)
(1 2.10116e-15 -4.84327e-48)
(1 3.73674e-15 5.30776e-48)
(1 -8.43894e-16 4.39905e-48)
(1 3.45195e-15 -4.57342e-48)
(1 4.98031e-15 -4.40616e-48)
(1 1.26964e-14 4.32913e-48)
(1 4.57215e-15 3.39307e-48)
(1 1.18144e-14 -2.44869e-48)
(1 9.86716e-15 -2.69751e-48)
(1 6.40152e-15 3.1738e-48)
(1 1.18065e-15 3.02171e-48)
(1 -5.16564e-18 0)
(1 1.044e-14 0)
(1 7.70101e-15 4.54041e-48)
(1 9.06028e-15 0)
(1 5.21608e-15 3.5429e-48)
(1 7.22832e-15 -1.24509e-48)
(1 3.34671e-15 1.76502e-48)
(1 5.74508e-15 0)
(1 1.62719e-15 1.09335e-48)
(1 4.7997e-15 6.3833e-49)
(1 1.98292e-15 1.56422e-48)
(1 -1.61074e-16 0)
(1 -3.43473e-15 1.9889e-48)
(1 1.23439e-15 0)
(1 -2.15215e-15 0)
(1 3.90272e-15 -6.11868e-49)
(1 1.00095e-14 -6.55979e-49)
(1 6.1714e-15 0)
(1 4.1654e-17 5.74339e-49)
(1 1.36592e-15 2.38251e-49)
(1 -2.05387e-15 0)
(1 1.75319e-15 0)
(1 -2.08625e-15 0)
(1 5.09896e-15 0)
(1 -1.2234e-15 0)
(1 1.2496e-15 0)
(1 6.39932e-15 0)
(1 2.12285e-15 0)
(1 4.24534e-16 0)
(1 1.43272e-15 0)
(1 -1.06368e-16 0)
(1 -4.80986e-15 0)
(1 -7.1756e-15 0)
(1 -8.54422e-16 0)
(1 -1.79682e-16 0)
(1 -6.49409e-15 0)
(1 -8.80224e-15 0)
(1 -6.27735e-15 0)
(1 -1.92311e-15 0)
(1 2.71948e-15 0)
(1 5.3771e-15 0)
(1 6.56562e-16 0)
(1 -2.57261e-15 0)
(1 -4.75135e-15 1.03454e-47)
(1 -3.29191e-15 0)
(1 2.51762e-15 0)
(1 2.5578e-15 0)
(1 -1.81183e-15 0)
(1 4.7954e-15 0)
(1 -2.81769e-15 0)
(1 4.07186e-15 0)
(1 -2.99489e-15 0)
(1 -7.78899e-15 0)
(1 -6.65571e-15 0)
(1 -1.1283e-14 0)
(1 3.57879e-15 0)
(1 1.68002e-15 0)
(1 1.87123e-15 0)
(1 4.83247e-15 0)
(1 -1.18236e-15 0)
(1 -4.50047e-15 0)
(1 -8.12949e-16 0)
(1 -8.31996e-15 0)
(1 2.69817e-15 0)
(1 6.7139e-16 -3.70011e-48)
(1 6.03692e-16 0)
(1 -3.35641e-15 -3.95178e-48)
(1 -7.36897e-15 0)
(1 -1.75003e-15 0)
(1 -3.10648e-15 0)
(1 4.3945e-15 0)
(1 4.04737e-15 0)
(1 3.0713e-16 0)
(1 1.79393e-16 0)
(1 6.49387e-15 0)
(1 4.99414e-15 0)
(1 2.27845e-15 0)
(1 8.38595e-15 0)
(1 3.34961e-15 0)
(1 6.01485e-15 0)
(1 -5.07916e-15 0)
(1 -9.22715e-15 0)
(1 -1.00057e-14 0)
(1 -5.71361e-15 0)
(1 -5.49681e-15 0)
(1 -2.49016e-15 0)
(1 -3.44968e-15 0)
(1 -7.61557e-15 0)
(1 -4.14076e-15 0)
(1 -6.30863e-16 4.84327e-48)
(1 2.17165e-15 -5.30776e-48)
(1 4.8784e-15 -4.39905e-48)
(1 -3.25381e-15 4.57342e-48)
(1 -2.27325e-15 4.40616e-48)
(1 1.61619e-15 -4.32913e-48)
(1 3.23283e-15 -3.39307e-48)
(1 4.17111e-15 2.44869e-48)
(1 4.27769e-17 2.69751e-48)
(1 9.33372e-15 -3.1738e-48)
(1 7.12817e-15 -3.02171e-48)
(1 3.10636e-15 0)
(1 -3.82566e-16 0)
(1 5.37536e-15 -4.54041e-48)
(1 1.64212e-15 0)
(1 2.67593e-15 -3.5429e-48)
(1 4.83522e-15 1.24509e-48)
(1 8.27928e-15 -1.76502e-48)
(1 5.50148e-15 0)
(1 6.52454e-15 -1.09335e-48)
(1 -3.1328e-15 -6.3833e-49)
(1 3.72875e-15 -1.56422e-48)
(1 3.35719e-15 0)
(1 4.75424e-15 -1.9889e-48)
(1 6.19824e-15 0)
(1 4.46784e-15 0)
(1 5.25936e-16 6.11868e-49)
(1 2.24197e-15 6.55979e-49)
(1 3.75758e-15 0)
(1 -6.63502e-15 -5.74339e-49)
(1 -1.95702e-15 -2.38251e-49)
(1 4.92603e-16 0)
(1 5.98614e-15 0)
(1 -3.97416e-15 0)
(1 3.99142e-15 0)
(1 -8.37427e-16 0)
(1 2.85346e-15 0)
(1 8.17932e-16 0)
(1 -2.85699e-15 0)
(1 3.40926e-15 0)
(1 2.92039e-15 0)
(1 -7.67647e-16 0)
(1 -7.02572e-15 0)
(1 -1.1841e-15 0)
(1 2.29421e-15 0)
(1 9.06797e-15 0)
(1 -5.19274e-15 0)
(1 -1.14252e-14 0)
(1 -9.13085e-15 0)
(1 -1.19266e-14 0)
(1 -7.44185e-15 0)
(1 -6.20271e-15 0)
(1 7.19267e-15 0)
(1 1.14011e-15 0)
(1 4.50741e-15 0)
(1 -6.7879e-15 0)
(1 -2.15677e-15 0)
(1 -3.02865e-15 0)
(1 2.3375e-15 0)
(1 5.8696e-15 0)
(1 1.32429e-14 0)
(1 -1.95306e-16 0)
(1 3.7582e-15 0)
(1 -3.4097e-15 0)
(1 -5.28066e-16 0)
(1 -4.99959e-15 0)
(1 -7.50439e-16 0)
(1 -8.073e-15 0)
(1 -1.41458e-15 0)
(1 -4.34773e-15 0)
(1 1.99393e-15 0)
(1 -2.56758e-15 0)
(1 -1.80539e-16 0)
(1 -1.18123e-14 0)
(1 2.83813e-15 0)
(1 6.01536e-17 0)
(1 -6.18966e-15 0)
(1 -6.03774e-15 0)
(1 -9.6184e-15 0)
(1 2.13846e-16 0)
(1 3.16834e-15 0)
(1 1.5892e-16 0)
(1 -9.6655e-16 0)
(1 -3.78154e-15 0)
(1 -2.56641e-15 0)
(1 -4.35902e-15 0)
(1 -3.27243e-15 0)
(1 4.62521e-15 0)
(1 1.41328e-14 0)
(1 1.55784e-14 0)
(1 6.94686e-15 0)
(1 -2.35697e-15 0)
(1 -2.25364e-15 0)
(1 -2.70585e-15 0)
(1 2.04207e-15 0)
(1 -7.8208e-15 0)
(1 -9.31208e-15 0)
(1 -4.39225e-15 0)
(1 -4.12104e-15 0)
(1 7.52238e-17 0)
(1 -2.15572e-15 0)
(1 8.55132e-16 0)
(1 6.66646e-16 0)
(1 1.23139e-15 0)
(1 4.72154e-16 0)
(1 -1.65802e-15 0)
(1 -3.76286e-16 0)
(1 7.28855e-16 0)
(1 1.79106e-15 0)
(1 3.51696e-15 0)
(1 -1.93584e-16 0)
(1 -2.80108e-15 0)
(1 -2.80783e-15 0)
(1 3.00378e-15 0)
(1 7.10634e-15 0)
(1 1.19234e-14 0)
(1 -8.87065e-17 0)
(1 -1.02738e-15 0)
(1 -1.64778e-15 0)
(1 4.41709e-15 0)
(1 1.32394e-15 0)
(1 6.88101e-15 0)
(1 8.77707e-15 0)
(1 1.09703e-14 0)
(1 8.50253e-16 0)
(1 -1.68937e-16 0)
(1 1.7874e-15 0)
(1 -5.83649e-16 0)
(1 -1.41767e-16 0)
(1 -2.31551e-15 0)
(1 -4.16648e-15 0)
(1 -3.5171e-15 0)
(1 4.16752e-15 0)
(1 -3.14905e-15 0)
(1 6.37445e-15 0)
(1 4.49416e-15 0)
(1 4.37203e-15 0)
(1 3.56762e-15 0)
(1 -6.2268e-15 0)
(1 2.75682e-15 0)
(1 -4.93319e-15 0)
(1 -4.08902e-15 0)
(1 -2.76353e-15 0)
(1 2.68761e-15 0)
(1 1.61901e-15 0)
(1 -2.18614e-15 0)
(1 6.15333e-15 0)
(1 -4.95002e-15 0)
(1 -4.75798e-15 0)
(1 -9.9242e-15 0)
(1 1.44704e-15 0)
(1 -1.36178e-15 0)
(1 -2.12124e-15 0)
(1 2.3034e-16 0)
(1 9.42794e-15 0)
(1 1.33082e-15 0)
(1 -7.60376e-15 0)
(1 -1.0843e-14 0)
(1 -3.48997e-15 0)
(1 -7.38717e-15 0)
(1 -7.54542e-16 0)
(1 2.01512e-15 0)
(1 7.84255e-15 0)
(1 2.6576e-15 0)
(1 3.42666e-15 0)
(1 -1.25393e-15 0)
(1 -5.00241e-15 0)
(1 -7.21674e-15 0)
(1 -5.55142e-15 0)
(1 -5.57192e-15 0)
(1 1.59381e-15 0)
(1 4.16716e-15 0)
(1 -1.27772e-15 0)
(1 -1.02461e-15 0)
(1 -5.07248e-15 0)
(1 -2.88464e-15 0)
(1 -9.61952e-15 0)
(1 -4.15221e-15 0)
(1 -4.71445e-15 0)
(1 -6.37254e-15 0)
(1 -1.37405e-15 0)
(1 -5.21463e-15 0)
(1 -5.32226e-16 0)
(1 -3.12122e-16 0)
(1 5.21413e-15 0)
(1 5.57213e-15 0)
(1 3.23759e-15 0)
(1 5.34296e-16 0)
(1 2.62707e-15 0)
(1 1.41906e-16 0)
(1 -3.61762e-16 0)
(1 2.02526e-15 0)
(1 -1.69941e-15 0)
(1 -4.88343e-15 0)
(1 -3.43672e-15 0)
(1 -9.12001e-15 0)
(1 -2.1172e-15 0)
(1 -2.74095e-15 0)
(1 1.53621e-15 0)
(1 -5.7212e-15 0)
(1 -1.29789e-14 0)
(1 -1.14511e-14 0)
(1 -1.0853e-14 0)
(1 -1.96785e-16 0)
(1 2.88787e-15 0)
(1 1.15549e-15 0)
(1 -2.48856e-15 0)
(1 -7.8289e-16 0)
(1 4.89371e-15 0)
(1 -1.48872e-15 0)
(1 -2.70253e-15 0)
(1 -3.82495e-15 0)
(1 3.77107e-15 0)
(1 7.84213e-15 0)
(1 6.2762e-15 0)
(1 4.14342e-15 0)
(1 3.26341e-15 0)
(1 -3.14825e-16 0)
(1 -4.03397e-15 0)
(1 3.00105e-15 0)
(1 5.89165e-15 0)
(1 8.817e-15 0)
(1 4.30451e-15 0)
(1 3.96667e-15 0)
(1 -9.46588e-16 0)
(1 -3.33779e-15 0)
(1 2.44914e-15 0)
(1 2.54483e-16 0)
(1 -6.22763e-15 0)
(1 -1.02018e-14 0)
(1 -6.64859e-15 0)
(1 -2.54207e-15 0)
(1 -1.1644e-15 0)
(1 1.80367e-15 0)
(1 -2.78616e-15 0)
(1 3.68036e-15 0)
(1 -2.15634e-15 0)
(1 7.57015e-15 0)
(1 -1.06088e-15 0)
(1 1.10246e-14 0)
(1 -1.0771e-15 0)
(1 2.48591e-15 0)
(1 -8.47584e-15 0)
(1 1.97875e-15 0)
(1 -2.03353e-15 0)
(1 8.33917e-16 0)
(1 -5.09882e-15 0)
(1 7.17838e-15 0)
(1 -5.39053e-15 0)
(1 -1.68312e-15 0)
(1 3.43271e-15 0)
(1 2.75149e-15 0)
(1 -7.26229e-15 0)
(1 -1.07151e-14 0)
(1 1.44694e-15 0)
(1 1.106e-15 0)
(1 -4.70959e-15 0)
(1 -7.77228e-15 0)
(1 -1.22151e-14 0)
(1 -4.57074e-15 0)
(1 -2.00721e-15 0)
(1 1.03866e-14 0)
(1 1.43643e-15 0)
(1 -3.47238e-16 0)
(1 -5.95096e-15 0)
(1 -6.97974e-16 0)
(1 -6.17993e-15 0)
(1 -3.48397e-15 0)
(1 -6.96894e-15 0)
(1 -7.29511e-15 0)
(1 3.57669e-15 0)
(1 3.502e-15 0)
(1 2.47569e-15 0)
(1 8.41405e-15 0)
(1 -4.04726e-15 0)
(1 -8.85477e-15 0)
(1 -5.42943e-15 0)
(1 -8.2841e-15 0)
(1 -2.16456e-16 0)
(1 -6.39658e-15 0)
(1 -4.85656e-15 0)
(1 -1.14001e-16 0)
(1 3.28015e-15 0)
(1 1.03224e-15 0)
(1 1.04716e-14 0)
(1 -3.04552e-15 0)
(1 -9.41576e-15 0)
(1 -2.68972e-15 0)
(1 -3.63812e-15 0)
(1 -1.07882e-14 0)
(1 -5.95311e-15 0)
(1 -6.89078e-15 0)
(1 -1.23647e-14 0)
(1 -1.80522e-15 0)
(1 -2.52455e-15 0)
(1 6.32608e-15 0)
(1 -8.12469e-16 0)
(1 -6.68734e-15 0)
(1 -4.29368e-15 0)
(1 -2.78893e-15 0)
(1 -6.19148e-15 0)
(1 -3.53135e-15 0)
(1 -2.10947e-15 0)
(1 -7.86412e-15 0)
(1 -5.29467e-15 0)
(1 -2.54101e-15 0)
(1 -6.72318e-16 0)
(1 -1.63228e-15 0)
(1 -9.97342e-16 0)
(1 -1.52445e-15 0)
(1 1.56929e-16 0)
(1 -4.11514e-15 0)
(1 6.92775e-15 0)
(1 3.77338e-15 0)
(1 3.09076e-15 0)
(1 -3.11831e-15 0)
(1 -1.29965e-15 0)
(1 1.71876e-15 0)
(1 3.1043e-15 0)
(1 2.66462e-15 0)
(1 -3.11089e-15 0)
(1 -2.34373e-17 0)
(1 3.87166e-15 0)
(1 2.41555e-15 0)
(1 3.78672e-15 0)
(1 6.39792e-15 0)
(1 2.66322e-15 0)
(1 -2.45872e-15 0)
(1 3.67412e-16 0)
(1 -5.24475e-15 0)
(1 -2.06896e-15 0)
(1 5.50704e-15 0)
(1 1.45406e-15 0)
(1 3.14132e-15 0)
(1 -5.07712e-15 0)
(1 6.43264e-16 0)
(1 -4.56386e-15 0)
(1 -3.30308e-15 0)
(1 -2.56703e-15 0)
(1 -2.52567e-15 0)
(1 1.95451e-15 0)
(1 7.02014e-15 0)
(1 7.41296e-16 0)
(1 -1.02193e-15 0)
(1 -1.55805e-16 0)
(1 4.74308e-15 0)
(1 -8.44628e-15 0)
(1 3.36424e-15 0)
(1 -3.51267e-15 0)
(1 -7.27447e-15 0)
(1 -9.24189e-15 0)
(1 -7.6077e-15 0)
(1 -3.18296e-15 0)
(1 -6.20005e-15 0)
(1 -2.61594e-15 0)
(1 3.89552e-15 0)
(1 5.7955e-15 0)
(1 1.69913e-15 0)
(1 -6.72109e-15 0)
(1 9.01365e-16 0)
(1 5.55404e-16 0)
(1 9.33262e-15 0)
(1 -8.10367e-16 0)
(1 9.92329e-15 0)
(1 5.12242e-15 0)
(1 7.40187e-15 0)
(1 -8.94492e-15 0)
(1 -1.89825e-15 0)
(1 -6.80384e-15 0)
(1 -6.16201e-15 0)
(1 -6.89176e-15 0)
(1 -2.59439e-15 0)
(1 -5.00315e-15 0)
(1 -1.29048e-15 0)
(1 -1.6463e-15 0)
(1 -8.34463e-15 0)
(1 -2.4887e-15 0)
(1 -1.49716e-14 0)
(1 -6.03532e-15 0)
(1 -6.48823e-15 0)
(1 -1.91265e-15 0)
(1 -4.60208e-15 0)
(1 -5.34615e-15 0)
(1 2.4259e-15 0)
(1 -8.62405e-16 0)
(1 -6.33637e-15 0)
(1 -1.14325e-14 0)
(1 -3.79022e-15 0)
(1 -5.63683e-15 0)
(1 -3.22731e-15 0)
(1 -9.5668e-15 0)
(1 -3.79357e-15 0)
(1 3.65063e-15 0)
(1 2.28667e-15 0)
(1 -1.42721e-16 0)
(1 5.2719e-16 0)
(1 -5.05056e-15 0)
(1 -7.52048e-15 0)
(1 -6.44381e-15 0)
(1 1.97847e-15 0)
(1 2.53066e-15 0)
(1 3.36179e-15 0)
(1 -2.23419e-15 0)
(1 -5.75908e-16 0)
(1 -4.21854e-15 0)
(1 1.03356e-15 0)
(1 2.63885e-15 0)
(1 1.03325e-15 0)
(1 5.09764e-15 0)
(1 -3.42628e-15 0)
(1 -3.17487e-15 0)
(1 1.82919e-15 0)
(1 7.17421e-16 0)
(1 -4.55912e-15 0)
(1 7.26739e-15 0)
(1 -1.19624e-15 0)
(1 2.73488e-15 0)
(1 1.61198e-15 0)
(1 2.55063e-15 0)
(1 -1.06251e-15 0)
(1 -2.85345e-17 0)
(1 -4.41398e-15 0)
(1 7.4709e-16 0)
(1 -1.91944e-15 0)
(1 4.97935e-15 0)
(1 2.62827e-15 0)
(1 1.77276e-16 0)
(1 -8.81734e-15 0)
(1 -1.72089e-15 0)
(1 3.03879e-15 0)
(1 7.16333e-16 0)
(1 3.29824e-15 0)
(1 7.84692e-16 0)
(1 -2.64077e-15 0)
(1 4.88883e-15 0)
(1 -2.61985e-15 0)
(1 1.83687e-16 0)
(1 -4.69244e-15 0)
(1 1.8066e-15 0)
(1 -1.51932e-14 0)
(1 -1.11763e-14 0)
(1 2.04436e-15 0)
(1 8.33703e-15 0)
(1 3.99241e-15 0)
(1 1.14915e-14 0)
(1 1.7251e-15 0)
(1 6.77801e-15 0)
(1 1.65568e-15 0)
(1 7.2758e-15 0)
(1 1.58047e-15 0)
(1 -3.99351e-15 0)
(1 -5.82284e-15 0)
(1 -1.41384e-14 0)
(1 -6.31529e-15 0)
(1 -1.07796e-14 0)
(1 -5.01496e-15 0)
(1 -2.31633e-15 0)
(1 -1.8033e-15 0)
(1 -5.52107e-15 0)
(1 -6.51903e-15 0)
(1 -4.70547e-15 0)
(1 2.54115e-15 0)
(1 2.72537e-15 0)
(1 2.99301e-15 0)
(1 -4.83736e-15 0)
(1 -7.65423e-15 0)
(1 -7.00618e-15 0)
(1 -1.18126e-15 0)
(1 -1.73864e-15 0)
(1 2.33237e-15 0)
(1 -3.79065e-15 0)
(1 4.98605e-15 0)
(1 2.8448e-15 0)
(1 4.46652e-15 0)
(1 -6.58127e-15 0)
(1 -4.73957e-15 0)
(1 -7.97387e-15 0)
(1 -1.14673e-14 0)
(1 -1.1663e-14 0)
(1 -8.64455e-15 0)
(1 3.35717e-15 0)
(1 -7.89117e-15 0)
(1 -8.35486e-15 0)
(1 -4.81699e-16 0)
(1 -5.60026e-15 0)
(1 2.67731e-15 0)
(1 5.85127e-15 0)
(1 -7.02222e-15 0)
(1 -1.09225e-14 0)
(1 -4.11352e-15 0)
(1 -4.62797e-15 0)
(1 -9.229e-15 0)
(1 2.96003e-15 0)
(1 -5.9062e-15 0)
(1 2.33767e-15 0)
(1 -2.29615e-15 0)
(1 9.90035e-15 0)
(1 -7.48771e-15 0)
(1 -1.4755e-14 0)
(1 -1.96575e-14 0)
(1 -6.94837e-15 0)
(1 1.09154e-15 0)
(1 -3.42422e-15 0)
(1 -7.52063e-16 0)
(1 -6.9879e-15 0)
(1 -1.71954e-15 0)
(1 -8.7483e-15 0)
(1 -4.64846e-15 0)
(1 -7.03678e-15 0)
(1 3.87602e-15 0)
(1 9.33542e-15 0)
(1 9.37546e-15 0)
(1 2.36501e-15 0)
(1 1.47665e-16 0)
(1 -3.08528e-15 0)
(1 -3.13629e-15 0)
(1 1.5e-15 0)
(1 -7.79223e-16 0)
(1 -6.20895e-16 0)
(1 4.06361e-15 0)
(1 8.60569e-15 0)
(1 8.18101e-15 0)
(1 7.89835e-15 0)
(1 2.10883e-15 0)
(1 -1.43719e-15 0)
(1 -1.34436e-15 0)
(1 -1.98429e-15 0)
(1 -5.34707e-15 0)
(1 -2.21743e-15 0)
(1 -6.47895e-15 0)
(1 -5.77915e-15 0)
(1 -3.37644e-16 0)
(1 -5.64524e-15 0)
(1 -2.40011e-15 0)
(1 2.44829e-15 0)
(1 3.74362e-15 0)
(1 1.17597e-15 0)
(1 1.63021e-16 0)
(1 7.50326e-16 0)
(1 -1.1894e-14 0)
(1 -4.88587e-15 0)
(1 1.29449e-15 0)
(1 1.21642e-14 0)
(1 5.19726e-15 0)
(1 7.84753e-15 0)
(1 3.42529e-15 0)
(1 3.26774e-15 0)
(1 -2.5721e-15 0)
(1 -6.13538e-15 0)
(1 -8.2108e-16 0)
(1 -8.46928e-15 0)
(1 -1.32325e-14 0)
(1 -7.84223e-15 0)
(1 -2.65033e-15 0)
(1 -6.60321e-15 0)
(1 -7.19925e-15 0)
(1 -9.07538e-15 0)
(1 -8.14988e-16 0)
(1 -4.58624e-16 0)
(1 5.58678e-15 0)
(1 4.74437e-15 0)
(1 5.51879e-15 0)
(1 1.87988e-15 0)
(1 -6.54438e-15 0)
(1 -3.23691e-15 0)
(1 -3.28882e-15 0)
(1 -2.36214e-15 0)
(1 -1.43769e-15 0)
(1 -4.21896e-16 0)
(1 2.3464e-15 0)
(1 3.5185e-15 0)
(1 4.64847e-15 0)
(1 2.94231e-15 0)
(1 -2.75499e-16 0)
(1 -9.28901e-15 0)
(1 -6.09833e-15 0)
(1 -1.27226e-14 0)
(1 -9.75914e-15 0)
(1 -8.57755e-15 0)
(1 -2.26614e-15 0)
(1 -3.65101e-15 0)
(1 -5.46256e-15 0)
(1 -1.32546e-15 0)
(1 1.789e-15 0)
(1 -7.43949e-15 0)
(1 -1.08685e-14 0)
(1 -4.12738e-16 0)
(1 -3.26157e-15 0)
(1 -3.40026e-15 0)
(1 5.25543e-16 0)
(1 1.88386e-15 0)
(1 -7.13503e-15 0)
(1 -5.44019e-15 0)
(1 -2.08096e-15 0)
(1 3.7781e-15 0)
(1 1.08831e-14 0)
(1 5.23908e-15 0)
(1 7.53002e-17 0)
(1 -1.13913e-15 0)
(1 -8.88748e-15 0)
(1 -4.17601e-15 0)
(1 -2.39256e-15 0)
(1 -4.04983e-15 0)
(1 -2.43034e-15 0)
(1 -6.89407e-15 0)
(1 -1.10078e-14 0)
(1 -1.13767e-14 0)
(1 -5.54037e-15 0)
(1 -7.87877e-15 0)
(1 2.74291e-15 0)
(1 8.19382e-15 0)
(1 4.10958e-15 0)
(1 6.00329e-15 0)
(1 5.56278e-15 0)
(1 -3.43771e-15 0)
(1 1.88035e-15 0)
(1 -2.06895e-15 0)
(1 -4.30833e-15 0)
(1 -2.3707e-16 0)
(1 -2.09479e-15 0)
(1 2.02216e-15 0)
(1 7.29595e-15 0)
(1 2.42545e-15 0)
(1 -1.91886e-16 0)
(1 -2.49719e-15 0)
(1 4.01598e-15 0)
(1 1.9158e-15 0)
(1 2.75323e-15 0)
(1 -2.32887e-16 0)
(1 6.13507e-16 0)
(1 3.85731e-15 0)
(1 9.99076e-16 0)
(1 -3.36624e-15 0)
(1 -8.36561e-17 0)
(1 -5.84063e-15 0)
(1 8.78937e-16 0)
(1 -7.84377e-15 0)
(1 -2.5607e-15 0)
(1 2.06866e-16 0)
(1 4.53523e-16 0)
(1 6.6631e-15 0)
(1 -2.38805e-15 0)
(1 -1.239e-16 0)
(1 -3.01197e-15 0)
(1 1.50645e-15 0)
(1 1.43517e-15 0)
(1 1.0352e-14 0)
(1 4.08558e-15 0)
(1 -7.2997e-15 0)
(1 -6.3396e-15 0)
(1 -8.49407e-15 0)
(1 -6.44016e-15 0)
(1 -4.81149e-15 0)
(1 -4.59478e-15 0)
(1 -6.43658e-15 0)
(1 3.34757e-15 0)
(1 -3.1931e-15 0)
(1 -6.82944e-16 0)
(1 4.72276e-15 0)
(1 5.42985e-15 0)
(1 6.19882e-15 0)
(1 -6.91531e-15 0)
(1 -1.33919e-14 0)
(1 -9.19845e-15 0)
(1 -6.47049e-16 0)
(1 4.86028e-15 0)
(1 4.29679e-15 0)
(1 7.29051e-16 0)
(1 -5.14963e-15 0)
(1 -1.42514e-15 0)
(1 5.8407e-15 0)
(1 2.95848e-15 0)
(1 1.96907e-15 0)
(1 -4.79222e-15 0)
(1 -7.5222e-15 0)
(1 -6.35553e-15 0)
(1 -6.30283e-15 0)
(1 -6.73936e-15 0)
(1 -7.49984e-15 0)
(1 2.08258e-15 0)
(1 -7.24133e-15 0)
(1 -3.36321e-15 0)
(1 -4.36852e-15 0)
(1 -1.03999e-15 0)
(1 -4.69785e-15 0)
(1 -2.44721e-16 0)
(1 8.20713e-16 0)
(1 -6.56244e-15 0)
(1 -4.59526e-15 0)
(1 -7.89825e-16 0)
(1 2.88459e-15 0)
(1 5.57429e-15 0)
(1 1.94662e-15 0)
(1 8.40077e-16 0)
(1 -6.61847e-15 0)
(1 -7.22251e-18 0)
(1 -1.03804e-14 0)
(1 9.83557e-15 0)
(1 4.12082e-15 0)
(1 6.86641e-15 0)
(1 -4.77595e-15 0)
(1 -1.16132e-14 0)
(1 -6.20611e-15 0)
(1 -2.08079e-15 0)
(1 -3.51217e-15 0)
(1 -1.03316e-14 0)
(1 -1.64813e-15 0)
(1 1.92172e-15 0)
(1 3.18254e-15 0)
(1 -7.12673e-17 0)
(1 -4.88409e-15 0)
(1 3.45964e-15 0)
(1 1.17576e-15 0)
(1 9.43841e-16 0)
(1 6.36425e-16 0)
(1 -5.4082e-15 0)
(1 -7.10762e-15 0)
(1 1.33265e-15 0)
(1 -1.12837e-15 0)
(1 -6.52802e-15 0)
(1 -3.40876e-15 0)
(1 -2.74006e-15 0)
(1 8.74644e-16 0)
(1 -2.5746e-16 0)
(1 4.38752e-15 0)
(1 6.2185e-15 0)
(1 3.35911e-15 0)
(1 -2.76398e-15 0)
(1 -2.67655e-15 0)
(1 5.10852e-15 0)
(1 6.14438e-15 0)
(1 -1.74213e-16 0)
(1 5.37384e-15 0)
(1 2.39768e-15 0)
(1 -1.98302e-15 0)
(1 -7.0855e-15 0)
(1 -7.59434e-15 0)
(1 -6.20935e-15 0)
(1 -2.29284e-15 0)
(1 6.72362e-15 0)
(1 2.13339e-15 0)
(1 4.38094e-15 0)
(1 3.00853e-15 0)
(1 1.30318e-14 0)
(1 5.44461e-16 0)
(1 -1.94202e-15 0)
(1 -3.21813e-16 0)
(1 -2.48307e-16 0)
(1 -6.22685e-15 0)
(1 -6.68926e-15 0)
(1 -7.17016e-15 0)
(1 -1.04958e-14 0)
(1 -1.29895e-14 0)
(1 -7.07442e-15 0)
(1 -1.4556e-15 0)
(1 -1.45075e-15 0)
(1 -3.06338e-15 0)
(1 -1.08051e-15 0)
(1 2.23179e-15 0)
(1 8.5588e-15 0)
(1 1.17931e-14 0)
(1 -1.78029e-15 0)
(1 -1.38647e-15 0)
(1 3.82997e-16 0)
(1 -1.3626e-14 0)
(1 -1.2741e-14 0)
(1 -3.95314e-15 0)
(1 1.47226e-15 0)
(1 -1.00325e-16 0)
(1 2.11092e-15 0)
(1 3.99257e-15 0)
(1 3.53452e-15 0)
(1 3.58151e-16 0)
(1 3.95817e-15 0)
(1 -5.34594e-15 0)
(1 1.68587e-15 0)
(1 -4.99863e-15 0)
(1 -2.78139e-15 0)
(1 -1.36875e-14 0)
(1 -5.65713e-15 0)
(1 -5.81136e-15 0)
(1 -4.38362e-16 0)
(1 -3.66979e-15 0)
(1 -1.29106e-14 0)
(1 -8.36159e-15 0)
(1 -3.02659e-15 0)
(1 -6.4554e-15 0)
(1 -6.50311e-15 0)
(1 1.15389e-16 0)
(1 9.56727e-16 0)
(1 -2.18859e-15 0)
(1 4.94269e-15 0)
(1 1.06724e-15 0)
(1 4.08184e-15 0)
(1 -6.40689e-17 0)
(1 -7.0956e-15 0)
(1 -1.20578e-15 0)
(1 6.63986e-15 0)
(1 5.23544e-16 0)
(1 -1.40948e-15 0)
(1 -1.91174e-16 0)
(1 -4.73477e-15 0)
(1 -1.06356e-14 0)
(1 -5.76775e-15 0)
(1 -2.99996e-15 0)
(1 -5.4545e-15 0)
(1 -6.6048e-15 0)
(1 3.09651e-15 0)
(1 -3.77909e-15 0)
(1 -3.47143e-16 0)
(1 -2.64679e-15 0)
(1 1.27075e-15 0)
(1 -2.03406e-15 0)
(1 -1.01091e-17 0)
(1 -3.13012e-15 0)
(1 -1.90492e-16 0)
(1 -8.652e-16 0)
(1 7.04037e-15 0)
(1 2.65877e-15 0)
(1 2.80718e-15 0)
(1 -2.06587e-16 0)
(1 -8.41454e-15 0)
(1 -2.94459e-15 0)
(1 2.03544e-15 0)
(1 1.52904e-15 0)
(1 1.09075e-15 0)
(1 -4.82555e-15 0)
(1 -1.58904e-15 0)
(1 -2.62836e-16 0)
(1 -2.48772e-15 0)
(1 -2.78124e-15 0)
(1 -1.1508e-15 0)
(1 9.45559e-16 0)
(1 2.57353e-15 0)
(1 -2.63512e-15 0)
(1 -1.72964e-15 0)
(1 -4.31274e-15 0)
(1 -8.21846e-15 0)
(1 -1.03613e-14 0)
(1 -1.805e-15 0)
(1 -4.42047e-15 0)
(1 5.60826e-15 0)
(1 5.08428e-15 0)
(1 1.11007e-14 0)
(1 -1.30142e-15 0)
(1 4.77532e-16 0)
(1 -8.281e-15 0)
(1 -3.08307e-15 0)
(1 -2.791e-15 0)
(1 -7.01521e-15 0)
(1 -6.52999e-15 0)
(1 -6.37525e-15 0)
(1 8.00271e-15 0)
(1 7.83395e-15 0)
(1 1.37276e-15 0)
(1 -8.78039e-15 0)
(1 -2.73368e-15 0)
(1 2.95269e-15 0)
(1 2.98826e-15 0)
(1 3.10315e-15 0)
(1 -1.17954e-14 0)
(1 -7.96227e-15 0)
(1 -1.3197e-15 0)
(1 -3.1836e-15 0)
(1 1.1001e-16 0)
(1 -3.32089e-15 0)
(1 2.57423e-15 0)
(1 8.94074e-15 0)
(1 8.14778e-16 0)
(1 6.36593e-15 0)
(1 2.21631e-16 0)
(1 -1.78078e-15 0)
(1 -2.25482e-15 0)
(1 -1.87789e-15 0)
(1 -3.50723e-15 0)
(1 -4.60336e-15 0)
(1 -3.02235e-15 0)
(1 5.36274e-15 0)
(1 -6.82188e-16 0)
(1 -7.30188e-16 0)
(1 -4.63181e-15 0)
(1 -1.18995e-15 0)
(1 -3.6282e-15 0)
(1 -1.12881e-14 0)
(1 -1.42424e-14 0)
(1 -1.54246e-14 0)
(1 -8.19535e-15 0)
(1 -5.88098e-16 0)
(1 6.10752e-17 0)
(1 3.39297e-15 0)
(1 -1.6386e-15 0)
(1 2.89254e-15 0)
(1 -1.36541e-15 0)
(1 3.30755e-15 0)
(1 4.33802e-15 0)
(1 1.85506e-15 0)
(1 3.94018e-15 0)
(1 -7.46669e-15 0)
(1 -3.83665e-15 0)
(1 -1.12811e-14 0)
(1 -1.3657e-15 0)
(1 1.41727e-15 0)
(1 -5.86169e-15 0)
(1 -5.32595e-15 0)
(1 4.02257e-15 0)
(1 -1.32651e-15 0)
(1 -5.56605e-16 0)
(1 -5.74897e-15 0)
(1 -9.25929e-15 0)
(1 -5.29638e-15 0)
(1 -1.21005e-15 0)
(1 -1.00694e-15 0)
(1 -9.23223e-15 0)
(1 -3.90689e-15 0)
(1 -2.67117e-15 0)
(1 -1.11378e-15 0)
(1 3.38424e-15 0)
(1 1.55273e-15 0)
(1 -2.90362e-15 0)
(1 7.83114e-18 0)
(1 6.27693e-16 0)
(1 4.16014e-16 0)
(1 1.33921e-15 0)
(1 2.86599e-15 0)
(1 -1.82618e-15 0)
(1 -4.27787e-15 0)
(1 -5.78716e-15 0)
(1 -4.73748e-15 0)
(1 -5.21274e-15 0)
(1 -8.15496e-15 0)
(1 -9.22532e-15 0)
(1 6.39426e-15 0)
(1 2.06669e-15 0)
(1 6.41593e-16 0)
(1 -9.33629e-15 0)
(1 -1.3165e-14 0)
(1 -6.83502e-15 0)
(1 -8.49933e-15 0)
(1 -6.50682e-15 0)
(1 -6.18791e-15 0)
(1 -3.81559e-15 0)
(1 -6.19365e-15 0)
(1 -8.30003e-15 0)
(1 1.81023e-16 0)
(1 6.67663e-15 0)
(1 8.09014e-15 0)
(1 6.66536e-15 0)
(1 3.36143e-15 0)
(1 4.58019e-15 0)
(1 2.09439e-15 0)
(1 5.54142e-15 0)
(1 6.01295e-15 0)
(1 -8.83469e-16 0)
(1 -7.3774e-15 0)
(1 -1.28188e-14 0)
(1 -1.34132e-14 0)
(1 -4.97211e-15 0)
(1 -2.14008e-15 0)
(1 4.68754e-15 0)
(1 -2.40957e-15 0)
(1 -1.59346e-14 0)
(1 -1.20514e-14 0)
(1 -2.37928e-15 0)
(1 2.47749e-15 0)
(1 6.14256e-15 0)
(1 1.12181e-14 0)
(1 1.10054e-14 0)
(1 1.72204e-15 0)
(1 -6.29754e-15 0)
(1 -2.95777e-15 0)
(1 -5.24165e-15 0)
(1 5.96851e-16 0)
(1 -9.29978e-16 0)
(1 -6.30158e-15 0)
(1 -2.75162e-15 0)
(1 -1.27271e-15 0)
(1 1.1082e-15 0)
(1 6.00974e-16 0)
(1 7.31301e-15 0)
(1 -3.83444e-16 0)
(1 -4.23378e-15 0)
(1 -5.76071e-15 0)
(1 -8.91179e-15 0)
(1 -6.90024e-15 0)
(1 -9.66615e-15 0)
(1 -6.98409e-15 0)
(1 -5.96316e-15 0)
(1 2.51141e-16 0)
(1 -1.75429e-15 0)
(1 -6.73161e-15 0)
(1 -4.06458e-15 0)
(1 -2.39958e-15 0)
(1 -9.01155e-16 0)
(1 2.89916e-15 0)
(1 7.34123e-15 0)
(1 9.13326e-15 0)
(1 1.26555e-15 0)
(1 -7.32483e-15 0)
(1 -9.82726e-15 0)
(1 -9.63604e-15 0)
(1 -1.38925e-14 0)
(1 -8.16558e-15 0)
(1 -4.61366e-15 0)
(1 -4.11983e-15 0)
(1 6.07352e-15 0)
(1 7.37183e-15 0)
(1 3.01307e-15 0)
(1 -9.70577e-15 0)
(1 -7.13188e-15 0)
(1 -1.04327e-14 0)
(1 -2.13194e-15 0)
(1 -3.02451e-15 0)
(1 -1.59749e-15 0)
(1 -1.03484e-15 0)
(1 1.60775e-16 0)
(1 6.4588e-16 0)
(1 -9.53821e-16 0)
(1 1.56309e-16 0)
(1 -2.52795e-15 0)
(1 3.8835e-15 0)
(1 2.99242e-15 0)
(1 4.62279e-15 0)
(1 6.18849e-15 0)
(1 1.29763e-16 0)
(1 -4.48846e-15 0)
(1 -7.25882e-15 0)
(1 -2.33776e-16 0)
(1 -8.09736e-15 0)
(1 -1.17238e-14 0)
(1 -1.64878e-14 0)
(1 -1.72821e-14 0)
(1 2.88162e-15 0)
(1 -5.4246e-16 0)
(1 6.47346e-15 0)
(1 -1.09777e-15 0)
(1 -1.19498e-15 0)
(1 -6.05769e-15 0)
(1 -1.09605e-14 0)
(1 -7.99945e-15 0)
(1 -9.61429e-15 0)
(1 -2.7418e-15 0)
(1 -2.85494e-15 0)
(1 -8.20943e-15 0)
(1 5.66128e-15 0)
(1 7.76891e-15 0)
(1 4.9691e-15 0)
(1 2.54686e-15 0)
(1 -5.69093e-16 0)
(1 6.25757e-15 0)
(1 7.94822e-15 0)
(1 6.05468e-15 0)
(1 -1.55988e-15 0)
(1 -3.9252e-15 0)
(1 -6.22e-15 0)
(1 4.16133e-17 0)
(1 -1.29909e-14 0)
(1 -5.01866e-15 0)
(1 -1.09811e-14 0)
(1 -1.1735e-15 0)
(1 -8.19626e-15 0)
(1 -2.06269e-15 0)
(1 -3.18173e-15 0)
(1 -9.62159e-16 0)
(1 4.78775e-15 0)
(1 -7.33886e-15 0)
(1 8.49856e-15 0)
(1 -2.0052e-18 0)
(1 -1.74983e-15 0)
(1 5.6755e-16 0)
(1 -1.83632e-15 0)
(1 -1.77911e-15 0)
(1 3.6931e-15 0)
(1 -8.31267e-16 0)
(1 9.04947e-16 0)
(1 -3.76079e-15 0)
(1 -1.36645e-15 0)
(1 -2.50756e-15 0)
(1 -4.55846e-15 0)
(1 -5.52763e-15 0)
(1 -5.18281e-15 0)
(1 -2.76994e-15 0)
(1 -5.62598e-15 0)
(1 -1.16781e-15 0)
(1 -1.45919e-15 0)
(1 -7.5098e-15 0)
(1 -3.3936e-15 0)
(1 -6.02397e-15 0)
(1 -2.38756e-15 0)
(1 -2.41418e-15 0)
(1 -4.49379e-15 0)
(1 -2.16458e-15 0)
(1 8.48333e-16 0)
(1 3.48714e-15 0)
(1 1.45666e-16 0)
(1 2.51775e-15 0)
(1 4.20106e-15 0)
(1 7.50189e-16 0)
(1 1.0179e-15 0)
(1 -4.11639e-15 0)
(1 -5.3471e-15 0)
(1 -1.29223e-14 0)
(1 -1.26185e-14 0)
(1 -7.99193e-15 0)
(1 -2.67389e-16 0)
(1 -1.65421e-15 0)
(1 2.51202e-15 0)
(1 -2.68475e-15 0)
(1 -8.44649e-15 0)
(1 -5.14399e-15 0)
(1 -6.4623e-15 0)
(1 -3.4107e-15 0)
(1 -2.87445e-15 0)
(1 1.85627e-15 0)
(1 3.16082e-16 0)
(1 -4.86173e-15 0)
(1 -1.52484e-16 0)
(1 3.41488e-16 0)
(1 2.33694e-15 0)
(1 6.66313e-15 0)
(1 7.15589e-15 0)
(1 3.34336e-15 0)
(1 -1.92106e-15 0)
(1 -6.21704e-15 0)
(1 -4.74565e-15 0)
(1 -6.08668e-15 0)
(1 -2.75446e-15 0)
(1 -4.80363e-15 0)
(1 -8.48042e-15 0)
(1 -1.05833e-14 0)
(1 -1.61033e-14 0)
(1 -1.53975e-14 0)
(1 -5.95848e-15 0)
(1 -7.075e-15 0)
(1 1.25556e-16 0)
(1 5.25089e-15 0)
(1 1.00433e-14 0)
(1 2.50039e-15 0)
(1 -4.22569e-15 0)
(1 -5.30664e-15 0)
(1 -3.61624e-15 0)
(1 -1.27718e-14 0)
(1 -5.37721e-15 0)
(1 1.41337e-15 0)
(1 3.85359e-15 0)
(1 3.95355e-15 0)
(1 -9.37956e-16 0)
(1 -5.31917e-15 0)
(1 7.37494e-16 0)
(1 6.02854e-15 0)
(1 -1.12524e-16 0)
(1 6.40847e-15 0)
(1 -1.7137e-16 0)
(1 3.26471e-15 0)
(1 -6.41442e-16 0)
(1 -1.99275e-15 0)
(1 -5.92062e-15 0)
(1 -7.63179e-15 0)
(1 -1.04559e-14 0)
(1 -1.24184e-14 0)
(1 -1.61238e-14 0)
(1 -7.67905e-15 0)
(1 -5.51183e-15 0)
(1 2.06123e-15 0)
(1 -1.18422e-15 0)
(1 4.42809e-15 0)
(1 8.23626e-15 0)
(1 4.3059e-15 0)
(1 6.10664e-15 0)
(1 7.03294e-15 0)
(1 3.18915e-15 0)
(1 -5.48363e-15 0)
(1 -6.85614e-15 0)
(1 2.12108e-15 0)
(1 -2.72345e-15 0)
(1 3.67885e-16 0)
(1 -8.4497e-15 0)
(1 5.15178e-15 0)
(1 -2.84075e-16 0)
(1 -3.26519e-15 0)
(1 -1.83898e-15 0)
(1 -5.93218e-15 0)
(1 5.81534e-16 0)
(1 -3.75464e-15 0)
(1 -5.39613e-15 0)
(1 -7.24301e-15 0)
(1 -4.56183e-15 0)
(1 -1.6031e-15 0)
(1 -2.13377e-15 0)
(1 -4.72494e-15 0)
(1 8.91115e-16 0)
(1 5.32257e-15 0)
(1 4.91372e-15 0)
(1 2.97732e-15 0)
(1 -3.18792e-15 0)
(1 -3.31894e-15 0)
(1 -1.35984e-15 0)
(1 3.36954e-15 0)
(1 2.83892e-15 0)
(1 -3.11452e-15 0)
(1 8.76834e-16 0)
(1 1.06658e-15 0)
(1 -8.36595e-15 0)
(1 -2.75998e-15 0)
(1 -1.22922e-15 0)
(1 -4.79248e-15 0)
(1 3.50937e-15 0)
(1 -8.49159e-16 0)
(1 -1.95873e-15 0)
(1 -1.79514e-15 0)
(1 -9.63245e-16 0)
(1 -2.10491e-15 0)
(1 -5.26315e-16 0)
(1 3.09671e-15 0)
(1 -1.74466e-15 0)
(1 -2.96295e-15 0)
(1 -4.24663e-15 0)
(1 -2.20906e-15 0)
(1 1.02968e-15 0)
(1 7.65673e-15 0)
(1 2.35723e-15 0)
(1 3.06323e-15 0)
(1 2.46346e-16 0)
(1 -3.20174e-15 0)
(1 -2.18203e-15 0)
(1 -9.23283e-16 0)
(1 -4.05939e-15 0)
(1 -6.12878e-15 0)
(1 -7.99145e-15 0)
(1 -3.01595e-15 0)
(1 -2.66204e-15 0)
(1 -3.64943e-15 0)
(1 -5.64508e-15 0)
(1 3.54013e-15 0)
(1 -9.90627e-16 0)
(1 1.55862e-15 0)
(1 -2.73249e-15 0)
(1 4.3767e-15 0)
(1 -7.3226e-15 0)
(1 -9.67872e-16 0)
(1 -5.03842e-15 0)
(1 -1.39161e-15 0)
(1 -4.23298e-15 0)
(1 2.52505e-15 0)
(1 -3.53582e-15 0)
(1 -4.39291e-15 0)
(1 -1.09121e-15 0)
(1 2.44184e-15 0)
(1 4.79983e-15 0)
(1 -4.4491e-15 0)
(1 1.2325e-15 0)
(1 1.95203e-15 0)
(1 -2.25711e-15 0)
(1 -1.36627e-15 0)
(1 -8.30117e-15 0)
(1 -6.24009e-15 0)
(1 8.87782e-15 0)
(1 -6.18542e-16 0)
(1 -1.7091e-15 0)
(1 -1.56356e-14 0)
(1 -7.02274e-15 0)
(1 -6.76966e-15 0)
(1 -3.49506e-15 0)
(1 -2.01092e-15 0)
(1 -1.47926e-15 0)
(1 8.53155e-15 0)
(1 7.67536e-15 0)
(1 7.81287e-15 0)
(1 1.20648e-15 0)
(1 4.20538e-15 0)
(1 -5.73381e-15 0)
(1 -1.07844e-14 0)
(1 -6.20395e-15 0)
(1 -1.9989e-15 0)
(1 -2.93171e-15 0)
(1 -2.31756e-15 0)
(1 -3.92165e-15 0)
(1 1.25001e-16 0)
(1 -3.77144e-15 0)
(1 -3.67432e-15 0)
(1 -9.09006e-15 0)
(1 -5.52346e-15 0)
(1 -3.07453e-15 0)
(1 -5.36725e-15 0)
(1 -1.06309e-14 0)
(1 1.59829e-15 0)
(1 -1.59265e-15 0)
(1 3.16114e-15 0)
(1 3.1482e-15 0)
(1 2.85638e-15 0)
(1 -1.31585e-15 0)
(1 5.14053e-17 0)
(1 1.9249e-16 0)
(1 -3.05065e-15 0)
(1 1.28274e-15 0)
(1 4.55203e-15 0)
(1 7.18938e-15 0)
(1 7.43228e-15 0)
(1 2.28664e-15 0)
(1 -6.83364e-15 0)
(1 -2.39761e-15 0)
(1 -3.12708e-15 0)
(1 -5.93113e-15 0)
(1 -3.13386e-15 0)
(1 -2.39683e-16 0)
(1 -6.88027e-16 0)
(1 -8.92706e-16 0)
(1 -2.86658e-15 0)
(1 -2.56323e-16 0)
(1 -2.55292e-16 0)
(1 1.43529e-15 0)
(1 -4.37282e-15 0)
(1 -5.67874e-15 0)
(1 3.20788e-15 0)
(1 -1.96361e-16 0)
(1 4.35798e-15 0)
(1 2.93667e-15 0)
(1 2.65299e-15 0)
(1 9.4735e-16 0)
(1 4.99517e-15 0)
(1 7.10905e-15 0)
(1 3.82056e-15 0)
(1 1.86992e-16 0)
(1 -1.94125e-15 0)
(1 -7.57752e-15 0)
(1 -5.53578e-17 0)
(1 -7.23623e-15 0)
(1 -7.79347e-16 0)
(1 -5.40168e-15 0)
(1 -1.58147e-15 0)
(1 9.65856e-16 0)
(1 -3.52103e-15 0)
(1 -2.38365e-15 0)
(1 6.10965e-15 0)
(1 3.75321e-15 0)
(1 3.4113e-15 0)
(1 -5.32972e-15 0)
(1 2.63618e-15 0)
(1 -6.13421e-15 0)
(1 -9.19989e-15 0)
(1 -4.94437e-15 0)
(1 3.53649e-15 0)
(1 -1.86753e-15 0)
(1 -9.48871e-15 0)
(1 -9.73252e-15 0)
(1 -4.83553e-15 0)
(1 -2.9569e-15 0)
(1 1.65874e-14 0)
(1 -2.44665e-16 0)
(1 3.96845e-15 0)
(1 1.34678e-14 0)
(1 -7.24358e-15 0)
(1 -5.01419e-15 0)
(1 -3.86448e-15 0)
(1 4.48448e-15 0)
(1 -8.99243e-17 0)
(1 1.31123e-15 0)
(1 7.6464e-16 0)
(1 -2.36783e-15 0)
(1 -1.16777e-14 0)
(1 -6.52947e-15 0)
(1 -7.47755e-15 0)
(1 -1.15919e-15 0)
(1 -1.06202e-14 0)
(1 -3.50925e-15 0)
(1 -2.22446e-15 0)
(1 1.80318e-15 0)
(1 2.89471e-15 0)
(1 8.28136e-16 0)
(1 7.54323e-15 0)
(1 -2.71309e-16 0)
(1 -2.18504e-15 0)
(1 -4.00147e-15 0)
(1 -6.3952e-15 0)
(1 -3.68685e-16 0)
(1 -5.02137e-15 0)
(1 -4.57116e-15 0)
(1 -7.52736e-15 0)
(1 -3.38656e-15 0)
(1 -3.24281e-15 0)
(1 -2.45736e-15 0)
(1 -1.63548e-15 0)
(1 -3.7373e-15 0)
(1 -3.14648e-15 0)
(1 -1.38885e-15 0)
(1 1.36929e-15 0)
(1 -3.33521e-15 0)
(1 1.82113e-16 0)
(1 4.60423e-16 0)
(1 -1.54561e-16 0)
(1 -3.72343e-15 0)
(1 -1.80703e-15 0)
(1 1.77955e-15 0)
(1 2.00319e-15 0)
(1 2.53846e-15 0)
(1 4.73938e-15 0)
(1 7.27185e-15 0)
(1 5.5473e-15 0)
(1 -1.71208e-15 0)
(1 -5.09755e-15 0)
(1 -5.78825e-15 0)
(1 -3.42579e-15 0)
(1 3.5701e-15 0)
(1 2.92379e-15 0)
(1 5.31161e-15 0)
(1 2.19635e-15 0)
(1 -8.19121e-15 0)
(1 -3.46494e-15 0)
(1 -2.95776e-15 0)
(1 2.03447e-15 0)
(1 4.95024e-15 0)
(1 -3.4189e-15 0)
(1 -3.50349e-15 0)
(1 -3.49307e-15 0)
(1 1.62074e-16 0)
(1 1.11267e-15 0)
(1 4.79917e-15 0)
(1 4.51483e-15 0)
(1 -1.02068e-16 0)
(1 5.81609e-15 0)
(1 7.39315e-15 0)
(1 3.4424e-15 0)
(1 2.34949e-16 0)
(1 -1.75254e-15 0)
(1 -3.7322e-15 0)
(1 -3.2718e-15 0)
(1 -4.92845e-15 0)
(1 -3.32608e-15 0)
(1 -1.09539e-15 0)
(1 -2.71956e-15 0)
(1 8.49062e-16 0)
(1 -2.71933e-15 0)
(1 2.15007e-15 0)
(1 9.89249e-16 0)
(1 7.02692e-15 0)
(1 8.04161e-15 0)
(1 -5.68595e-15 0)
(1 -1.5048e-15 0)
(1 7.84056e-16 0)
(1 -6.17902e-15 0)
(1 -3.78583e-15 0)
(1 -8.44549e-15 0)
(1 -8.29114e-15 0)
(1 -6.15476e-15 0)
(1 -2.22234e-15 0)
(1 -6.83465e-16 0)
(1 -3.89404e-15 0)
(1 -5.30323e-15 0)
(1 -6.73641e-15 0)
(1 2.01894e-15 0)
(1 5.47087e-15 0)
(1 8.71065e-15 0)
(1 1.17225e-14 0)
(1 -2.23447e-15 0)
(1 2.96709e-15 0)
(1 -5.30055e-15 0)
(1 -1.21726e-14 0)
(1 -3.24478e-15 0)
(1 -4.32148e-15 0)
(1 -1.1241e-15 0)
(1 -7.39971e-15 0)
(1 -7.61976e-15 0)
(1 1.28573e-15 0)
(1 9.46798e-16 0)
(1 6.31442e-15 0)
(1 8.38616e-15 0)
(1 6.55321e-16 0)
(1 -2.89019e-16 0)
(1 -2.50562e-15 0)
(1 3.57472e-15 0)
(1 -2.55604e-15 0)
(1 4.37841e-15 0)
(1 -7.32132e-15 0)
(1 -4.10835e-15 0)
(1 -6.22454e-15 0)
(1 7.98188e-16 0)
(1 -1.54929e-15 0)
(1 -4.02661e-15 0)
(1 -4.70088e-15 0)
(1 1.93416e-15 0)
(1 -3.69617e-15 0)
(1 -6.69805e-15 0)
(1 -2.66814e-15 0)
(1 -4.82797e-15 0)
(1 6.40245e-15 0)
(1 -6.56537e-16 0)
(1 -1.13152e-18 0)
(1 7.05219e-16 0)
(1 1.56814e-15 0)
(1 4.35132e-16 0)
(1 -1.73051e-15 0)
(1 4.6542e-15 0)
(1 5.6964e-15 0)
(1 4.56107e-15 0)
(1 2.17402e-15 0)
(1 -1.20376e-16 0)
(1 -2.40069e-16 0)
(1 -2.99179e-15 0)
(1 5.76727e-16 0)
(1 1.84913e-15 0)
(1 1.14583e-15 0)
(1 5.70035e-15 0)
(1 1.10545e-16 0)
(1 4.82408e-15 0)
(1 2.69291e-15 0)
(1 -2.89931e-15 0)
(1 -5.47403e-15 0)
(1 -3.60141e-15 0)
(1 1.09079e-15 0)
(1 -1.78217e-15 0)
(1 -5.43707e-16 0)
(1 1.72142e-15 0)
(1 1.32988e-15 0)
(1 4.24392e-15 0)
(1 5.09546e-15 0)
(1 -1.15723e-15 0)
(1 3.22931e-16 0)
(1 4.44617e-15 0)
(1 4.88149e-15 0)
(1 5.89992e-15 0)
(1 6.9888e-15 0)
(1 4.74186e-15 0)
(1 7.27165e-16 0)
(1 -6.07911e-15 0)
(1 -6.17415e-15 0)
(1 -8.38145e-15 0)
(1 3.73255e-16 0)
(1 -2.88173e-15 0)
(1 6.00468e-15 0)
(1 5.80424e-16 0)
(1 3.41992e-15 0)
(1 7.25505e-15 0)
(1 2.92801e-15 0)
(1 -2.43941e-15 0)
(1 8.16434e-16 0)
(1 -8.37372e-17 0)
(1 3.9519e-15 0)
(1 -8.63268e-15 0)
(1 2.27478e-15 0)
(1 -3.66204e-15 0)
(1 -1.0876e-15 0)
(1 -8.15316e-15 0)
(1 -3.334e-15 0)
(1 -6.44972e-15 0)
(1 1.86108e-15 0)
(1 -6.00213e-15 0)
(1 -1.61976e-15 0)
(1 -1.06088e-14 0)
(1 4.82155e-15 0)
(1 2.07887e-15 0)
(1 4.76203e-15 0)
(1 1.18189e-14 0)
(1 1.0299e-14 0)
(1 -2.6588e-15 0)
(1 -4.29023e-15 0)
(1 -7.77492e-15 0)
(1 -8.06268e-15 0)
(1 -3.12366e-15 0)
(1 -2.77324e-15 0)
(1 3.59139e-15 0)
(1 -8.3062e-15 0)
(1 -7.10879e-16 0)
(1 -9.23537e-15 0)
(1 -4.10196e-15 0)
(1 3.03919e-15 0)
(1 6.88486e-15 0)
(1 -2.40334e-15 0)
(1 1.24042e-15 0)
(1 1.68145e-16 0)
(1 -1.01783e-15 0)
(1 -4.05953e-15 0)
(1 2.28955e-15 0)
(1 -4.86753e-15 0)
(1 -9.85775e-15 0)
(1 -8.11206e-15 0)
(1 1.57348e-15 0)
(1 -1.12662e-15 0)
(1 -4.24045e-15 0)
(1 -5.0987e-15 0)
(1 -1.88571e-15 0)
(1 -8.52049e-15 0)
(1 -7.42022e-15 0)
(1 -5.32156e-15 0)
(1 2.31826e-15 0)
(1 3.41391e-15 0)
(1 3.33226e-16 0)
(1 7.73545e-16 0)
(1 2.9841e-15 0)
(1 2.29297e-15 0)
(1 3.65393e-15 0)
(1 2.73022e-15 0)
(1 1.49865e-15 0)
(1 7.33982e-16 0)
(1 3.92268e-15 0)
(1 9.43836e-15 0)
(1 2.10741e-16 0)
(1 1.92152e-15 0)
(1 -3.77708e-15 0)
(1 3.78877e-15 0)
(1 3.50335e-17 0)
(1 2.74862e-15 0)
(1 3.89607e-15 0)
(1 2.56386e-15 0)
(1 4.83711e-15 0)
(1 5.70667e-15 0)
(1 1.62094e-15 0)
(1 4.80848e-15 0)
(1 5.36253e-15 0)
(1 2.41504e-15 0)
(1 -1.92637e-15 0)
(1 5.41775e-16 0)
(1 1.32889e-15 0)
(1 3.63043e-15 0)
(1 6.64085e-16 0)
(1 4.57072e-15 0)
(1 1.42777e-15 0)
(1 3.0561e-15 0)
(1 3.67951e-15 0)
(1 5.22724e-15 0)
(1 7.44859e-16 0)
(1 -6.64888e-16 0)
(1 -2.54416e-15 0)
(1 1.51222e-15 0)
(1 -1.93589e-15 0)
(1 -4.83176e-15 0)
(1 -5.64396e-15 0)
(1 1.57953e-15 0)
(1 4.83987e-15 0)
(1 6.87216e-15 0)
(1 6.63069e-15 0)
(1 2.32251e-15 0)
(1 1.30934e-15 0)
(1 3.17999e-15 0)
(1 -6.15566e-15 0)
(1 -2.42808e-15 0)
(1 1.89551e-15 0)
(1 5.18812e-15 0)
(1 -4.63917e-15 0)
(1 5.99088e-16 0)
(1 -3.88992e-15 0)
(1 2.80688e-15 0)
(1 -1.70219e-16 0)
(1 -4.58538e-15 0)
(1 2.22947e-15 0)
(1 -3.74903e-15 0)
(1 -2.26537e-15 0)
(1 8.27202e-16 0)
(1 2.68813e-15 0)
(1 7.49588e-15 0)
(1 8.96468e-16 0)
(1 4.04239e-15 0)
(1 4.81181e-15 0)
(1 2.59953e-15 0)
(1 -3.41507e-17 0)
(1 -2.8116e-15 0)
(1 -9.5755e-15 0)
(1 -7.96228e-16 0)
(1 -2.53898e-15 0)
(1 6.51713e-16 0)
(1 -1.20841e-15 0)
(1 -3.11804e-15 0)
(1 -3.66955e-15 0)
(1 -1.3368e-14 0)
(1 1.79664e-15 0)
(1 6.31778e-16 0)
(1 3.0393e-15 0)
(1 -2.24567e-15 0)
(1 -1.286e-15 0)
(1 7.35665e-16 0)
(1 -7.24458e-16 0)
(1 2.54594e-15 0)
(1 -5.26484e-16 0)
(1 -1.4884e-15 0)
(1 -9.05194e-15 0)
(1 -6.68678e-15 0)
(1 -3.44182e-15 0)
(1 -5.22404e-15 0)
(1 -1.02153e-15 0)
(1 5.90404e-15 0)
(1 4.03998e-16 0)
(1 -3.30839e-15 0)
(1 -1.97149e-15 0)
(1 -2.60527e-15 0)
(1 3.83974e-15 0)
(1 -3.79459e-17 0)
(1 4.57262e-17 0)
(1 -1.20815e-15 0)
(1 -6.08085e-16 0)
(1 -1.14655e-15 0)
(1 -1.96203e-15 0)
(1 1.39101e-15 0)
(1 1.27217e-15 0)
(1 2.39676e-15 0)
(1 3.39116e-15 0)
(1 1.82759e-15 0)
(1 1.91344e-15 0)
(1 -1.35452e-15 0)
(1 -4.61081e-16 0)
(1 1.5372e-16 0)
(1 5.83673e-15 0)
(1 3.76238e-15 0)
(1 6.3148e-17 0)
(1 9.44463e-16 0)
(1 -1.10556e-15 0)
(1 -2.72292e-15 0)
(1 -6.48766e-16 0)
(1 4.26624e-15 0)
(1 4.54859e-15 0)
(1 -3.97104e-15 0)
(1 -1.82583e-16 0)
(1 1.05861e-15 0)
(1 2.86249e-15 0)
(1 3.99989e-15 0)
(1 6.25599e-16 0)
(1 -2.87891e-16 0)
(1 7.25863e-16 0)
(1 2.76476e-15 0)
(1 3.39816e-15 0)
(1 5.39399e-16 0)
(1 2.42573e-15 0)
(1 -3.52424e-15 0)
(1 -2.6364e-15 0)
(1 2.45096e-16 0)
(1 2.67427e-15 0)
(1 6.95753e-16 0)
(1 -1.42461e-15 0)
(1 -2.09487e-15 0)
(1 4.215e-16 0)
(1 3.60114e-15 0)
(1 7.16575e-15 0)
(1 2.86561e-15 0)
(1 -7.40571e-16 0)
(1 2.38006e-16 0)
(1 1.64968e-15 0)
(1 -7.96194e-16 0)
(1 8.28054e-15 0)
(1 -2.94226e-15 0)
(1 7.45921e-16 0)
(1 -2.9303e-15 0)
(1 2.87809e-15 0)
(1 -1.84945e-15 0)
(1 5.37931e-15 0)
(1 -9.97658e-15 0)
(1 3.76909e-15 0)
(1 -4.59006e-15 0)
(1 5.50002e-16 0)
(1 9.10383e-16 0)
(1 -3.51927e-15 0)
(1 2.41037e-15 0)
(1 4.01528e-15 0)
(1 7.76956e-15 0)
(1 9.81454e-15 0)
(1 -7.17172e-16 0)
(1 5.57395e-15 0)
(1 -2.90064e-15 0)
(1 -1.03467e-14 0)
(1 -2.22692e-16 0)
(1 -2.38339e-15 0)
(1 -5.02958e-16 0)
(1 -5.47506e-17 0)
(1 6.36965e-15 0)
(1 -6.97684e-15 0)
(1 -6.44995e-15 0)
(1 8.15811e-16 0)
(1 -2.44576e-15 0)
(1 -4.46185e-16 0)
(1 2.44457e-15 0)
(1 -1.86134e-16 0)
(1 1.48447e-15 0)
(1 5.33729e-15 0)
(1 7.82234e-15 0)
(1 1.14659e-15 0)
(1 1.91794e-15 0)
(1 -3.89952e-15 0)
(1 -9.83056e-15 0)
(1 -7.64495e-15 0)
(1 -5.64533e-15 0)
(1 1.10487e-15 0)
(1 7.4258e-15 0)
(1 3.57604e-15 0)
(1 -4.96226e-15 0)
(1 -3.95374e-15 0)
(1 -4.95992e-15 0)
(1 -3.41448e-15 0)
(1 3.35157e-15 0)
(1 -4.44796e-17 0)
(1 3.77291e-15 0)
(1 6.59135e-16 0)
(1 4.3558e-16 0)
(1 3.97115e-16 0)
(1 2.54353e-15 0)
(1 8.89556e-17 0)
(1 1.84265e-15 0)
(1 8.19039e-16 0)
(1 1.04813e-15 0)
(1 6.17178e-15 0)
(1 -4.96422e-16 0)
(1 -1.22644e-16 0)
(1 -4.08383e-15 0)
(1 4.13046e-15 0)
(1 2.34028e-16 0)
(1 -2.44488e-15 0)
(1 -4.74379e-15 0)
(1 -1.73424e-15 0)
(1 -4.42423e-15 0)
(1 1.47761e-15 0)
(1 4.04201e-15 0)
(1 -1.19632e-15 0)
(1 -3.11282e-15 0)
(1 -9.59369e-16 0)
(1 -4.33583e-15 0)
(1 -4.20706e-16 0)
(1 5.06417e-16 0)
(1 2.03447e-15 0)
(1 1.94129e-15 0)
(1 -6.53765e-16 0)
(1 -3.45149e-15 0)
(1 3.88712e-15 0)
(1 4.44753e-15 0)
(1 3.39504e-15 0)
(1 1.74833e-15 0)
(1 3.11077e-16 0)
(1 2.75714e-15 0)
(1 -1.82248e-15 0)
(1 -1.7712e-15 0)
(1 -4.2296e-15 0)
(1 -2.35575e-15 0)
(1 -7.09235e-15 0)
(1 1.76094e-15 0)
(1 -2.697e-16 0)
(1 4.62934e-15 0)
(1 3.14375e-15 0)
(1 -1.40701e-15 0)
(1 6.4364e-15 0)
(1 -3.20086e-15 0)
(1 2.61913e-15 0)
(1 -2.31099e-15 0)
(1 -3.68174e-16 0)
(1 -1.51346e-15 0)
(1 -1.97278e-16 0)
(1 -3.22636e-15 0)
(1 -3.51971e-16 0)
(1 -6.41407e-15 0)
(1 -1.77798e-15 0)
(1 -1.33109e-16 0)
(1 1.17817e-15 0)
(1 3.73028e-15 0)
(1 9.07482e-16 0)
(1 3.91007e-15 0)
(1 1.00459e-14 0)
(1 9.38241e-15 0)
(1 7.3768e-15 0)
(1 -5.53645e-15 0)
(1 -5.55242e-16 0)
(1 -4.86068e-15 0)
(1 -8.67551e-15 0)
(1 -4.93688e-15 0)
(1 -4.08475e-15 0)
(1 -2.55739e-15 0)
(1 1.44597e-15 0)
(1 5.16471e-15 0)
(1 -7.32683e-16 0)
(1 -2.61909e-16 0)
(1 -4.36664e-15 0)
(1 -1.68596e-15 0)
(1 -3.01606e-15 0)
(1 5.20786e-16 0)
(1 2.77053e-15 0)
(1 3.74607e-15 0)
(1 3.35224e-15 0)
(1 4.28242e-15 0)
(1 -3.65923e-15 0)
(1 -1.94991e-15 0)
(1 -4.82299e-15 0)
(1 -5.36567e-15 0)
(1 -2.43051e-15 0)
(1 -1.80592e-15 0)
(1 2.66934e-15 0)
(1 -9.33255e-16 0)
(1 -3.43003e-16 0)
(1 -5.66642e-15 0)
(1 -3.10583e-15 0)
(1 -3.78988e-15 0)
(1 -3.78162e-15 0)
(1 2.91203e-15 0)
(1 -3.48162e-15 0)
(1 7.73886e-16 0)
(1 -4.3581e-16 0)
(1 1.00296e-15 0)
(1 2.95001e-15 0)
(1 3.09565e-15 0)
(1 5.97483e-16 0)
(1 -2.41685e-15 0)
(1 -9.65327e-16 0)
(1 5.35165e-15 0)
(1 5.84895e-15 0)
(1 2.50467e-15 0)
(1 5.9691e-16 0)
(1 -1.89086e-15 0)
(1 -3.11474e-15 0)
(1 -5.53681e-16 0)
(1 -7.51556e-18 0)
(1 -2.20252e-16 0)
(1 2.26888e-15 0)
(1 2.04997e-15 0)
(1 6.31601e-15 0)
(1 6.28597e-15 0)
(1 1.35572e-16 0)
(1 5.62078e-16 0)
(1 2.31306e-15 0)
(1 -1.83615e-15 0)
(1 -3.03576e-15 0)
(1 -2.00574e-17 0)
(1 -1.49978e-15 0)
(1 4.67877e-15 0)
(1 1.44416e-15 0)
(1 -1.54794e-15 0)
(1 2.68851e-16 0)
(1 1.03806e-15 0)
(1 -1.58234e-15 0)
(1 -2.45998e-15 0)
(1 -2.73888e-15 0)
(1 4.54594e-15 0)
(1 3.34918e-16 0)
(1 -7.05284e-17 0)
(1 -2.73184e-15 0)
(1 -1.29767e-15 0)
(1 -4.50693e-15 0)
(1 1.22821e-15 0)
(1 -6.30755e-16 0)
(1 3.54416e-15 0)
(1 -1.70505e-16 0)
)
;

boundaryField
{
    inlet
    {
        type            fixedValue;
        value           uniform (1 0 0);
    }
    outlet
    {
        type            zeroGradient;
    }
    down
    {
        type            empty;
    }
    up
    {
        type            empty;
    }
    sides
    {
        type            slip;
    }
}

