/*--------------------------------*- C++ -*----------------------------------*\
| =========                 |                                                 |
| \\      /  F ield         | OpenFOAM: The Open Source CFD Toolbox           |
|  \\    /   O peration     | Version:  v2012                                 |
|   \\  /    A nd           | Website:  www.openfoam.com                      |
|    \\/     M anipulation  |                                                 |
\*---------------------------------------------------------------------------*/
FoamFile
{
    version     2.0;
    format      ascii;
    class       volVectorField;
    location    "70";
    object      Usup;
}
// * * * * * * * * * * * * * * * * * * * * * * * * * * * * * * * * * * * * * //

dimensions      [0 1 -1 0 0 0 0];


internalField   nonuniform List<vector> 
4000
(
(-0.00368808 0.000267852 0)
(-0.0136016 0.0151409 0)
(-0.00861372 0.0175329 0)
(0.00326395 0.0125284 0)
(0.00787025 0.0208985 0)
(0.00445196 0.0139641 0)
(-0.0218443 0.00218839 0)
(-0.0389296 0.00163177 0)
(-0.0100655 0.0176682 0)
(0.00699185 0.0322308 0)
(0.00672926 0.0434568 0)
(0.0227733 0.0253888 0)
(0.0275928 0.013319 0)
(0.040961 0.0303487 0)
(0.0622408 0.0331846 0)
(0.0519045 -0.00896264 0)
(-0.00382959 -0.0321222 0)
(-0.0396891 -0.00403041 0)
(-0.0493101 0.000409952 0)
(-0.0453006 0.00123891 0)
(-0.0270801 -0.0081392 0)
(-0.0199209 -0.00362685 0)
(-7.00883e-05 0.0111939 0)
(0.0052602 0.00171503 0)
(0.00644465 0.0121039 0)
(0.0242414 0.0234601 0)
(0.0286332 0.0250825 0)
(0.00988493 0.028292 0)
(-0.0155997 0.0284165 0)
(-0.0291373 0.0324874 0)
(-0.0374533 0.0347984 0)
(-0.038155 0.0433824 0)
(-0.0150531 0.0407345 0)
(0.0193842 0.0230522 0)
(0.0269108 0.00299939 0)
(0.0271505 -0.00382066 0)
(0.0405152 -0.00809518 0)
(0.046372 -0.00258943 0)
(0.0491616 -0.00627635 0)
(0.0383954 -0.0126753 0)
(0.0184999 -0.023532 0)
(-0.00720791 -0.034252 0)
(-0.0433529 -0.04034 0)
(-0.0705646 -0.0179867 0)
(-0.0566736 0.018778 0)
(-0.00879112 0.0324361 0)
(0.00840837 0.0150101 0)
(-0.00152629 0.000983696 0)
(0.00359316 0.00273585 0)
(0.00371287 0.00228226 0)
(-0.011141 0.000698519 0)
(-0.00914286 0.00693321 0)
(0.00782243 0.000502419 0)
(0.0186869 -0.00794382 0)
(0.0239327 -0.0113396 0)
(0.0271505 0.00218909 0)
(0.022305 0.00682959 0)
(0.00261529 0.000863234 0)
(-0.0196469 0.00210326 0)
(-0.0309973 0.0019465 0)
(-0.0259889 0.00807511 0)
(-0.0155064 -0.00200259 0)
(-0.00120838 -0.000565348 0)
(0.0135241 -0.00429594 0)
(0.00892279 -0.00914155 0)
(-0.0112848 -0.0115277 0)
(-0.0252277 -0.00917343 0)
(-0.00352037 0.00612796 0)
(0.0220584 0.00298155 0)
(0.024467 -0.00276541 0)
(0.0375381 0.00146337 0)
(0.0564709 -0.00639733 0)
(0.0374321 -0.015031 0)
(-0.00172579 -0.0121533 0)
(-0.0258828 -0.00126948 0)
(-0.033462 -0.00140294 0)
(-0.0304822 -0.00841439 0)
(-0.0156476 -0.0162389 0)
(-0.00818593 -0.0219837 0)
(-0.0274326 -0.0294736 0)
(-0.0511474 -0.027806 0)
(-0.0283517 0.00150744 0)
(0.0182527 0.00693194 0)
(0.0320722 -0.00425232 0)
(0.0122416 -0.0141479 0)
(-0.0101776 -0.00643967 0)
(0.0137896 0.00267804 0)
(0.041886 -0.0122624 0)
(0.0328478 -0.030843 0)
(0.0223124 -0.0323551 0)
(0.0244684 -0.0298135 0)
(0.0149601 -0.0257976 0)
(-0.00644864 -0.0173853 0)
(-0.0196858 -0.00848717 0)
(-0.0239153 -0.0023289 0)
(-0.027936 -0.00428567 0)
(-0.0140117 0.0030287 0)
(-0.00722813 -0.00700378 0)
(-0.0152219 0.00251445 0)
(-0.00895664 0.00326697 0)
(-0.000637471 0.00880436 0)
(-0.0203391 0.0291712 0)
(-0.0250746 0.0474046 0)
(0.0027802 0.0423177 0)
(0.0107125 0.0555343 0)
(-0.0143233 0.0528904 0)
(-0.0595946 0.0310271 0)
(-0.0682902 0.0224181 0)
(-0.00379678 0.0481248 0)
(0.0317441 0.0813115 0)
(0.0182298 0.108033 0)
(0.0359751 0.0770495 0)
(0.0794397 0.0559298 0)
(0.120363 0.0728039 0)
(0.112578 0.0702577 0)
(0.0636373 -0.00367181 0)
(0.000723483 -0.0594522 0)
(-0.0616854 -0.0344298 0)
(-0.110594 -0.0141072 0)
(-0.114874 0.00236355 0)
(-0.0761491 -0.00899701 0)
(-0.0357236 -0.0154511 0)
(-0.00380274 0.0153873 0)
(0.0104991 0.0246967 0)
(0.0352683 0.0498527 0)
(0.0624723 0.0589412 0)
(0.0626335 0.056427 0)
(0.0217423 0.0737209 0)
(-0.0324849 0.093679 0)
(-0.0643626 0.108821 0)
(-0.0792872 0.121237 0)
(-0.0792181 0.129452 0)
(-0.0471099 0.108528 0)
(0.0126393 0.0721983 0)
(0.0465549 0.011089 0)
(0.0677867 -0.0159028 0)
(0.105019 -0.0224573 0)
(0.119061 -0.0154279 0)
(0.112453 -0.0372253 0)
(0.0798275 -0.0667543 0)
(0.0269381 -0.0762204 0)
(-0.0339966 -0.0867558 0)
(-0.0902175 -0.0830145 0)
(-0.114285 -0.031158 0)
(-0.0928309 0.0516369 0)
(-0.0397951 0.0741642 0)
(-0.0185987 0.0404009 0)
(-0.0140521 0.0103027 0)
(0.00550824 0.00907036 0)
(0.00250659 0.00746622 0)
(-0.0172155 -0.00227845 0)
(-0.0149244 0.0105863 0)
(0.00872814 0.0125429 0)
(0.0363727 -0.00821292 0)
(0.0657676 -0.0266042 0)
(0.0767062 -0.00905277 0)
(0.048026 0.00625236 0)
(0.0018111 0.00463797 0)
(-0.0426999 0.0139098 0)
(-0.0650615 0.0107247 0)
(-0.0642792 0.014525 0)
(-0.0444545 -0.0109958 0)
(-0.00805243 -0.00236601 0)
(0.0166296 -0.00853522 0)
(0.00931066 -0.01717 0)
(-0.0230351 -0.0258299 0)
(-0.0327945 -0.013697 0)
(0.00626638 0.0141618 0)
(0.0444158 0.00841001 0)
(0.0652875 -0.00227037 0)
(0.0927953 -0.00243021 0)
(0.114359 -0.0211044 0)
(0.0805763 -0.0449373 0)
(0.012102 -0.0349248 0)
(-0.0475131 -0.0172917 0)
(-0.0829605 -0.00821722 0)
(-0.0851447 -0.0349385 0)
(-0.0578263 -0.0543371 0)
(-0.045867 -0.0749036 0)
(-0.0760275 -0.0783993 0)
(-0.0874006 -0.0615544 0)
(-0.0365495 -0.00145469 0)
(0.0264371 0.0115182 0)
(0.048415 -0.00216031 0)
(0.0303716 -0.0151043 0)
(0.00832668 -0.00742872 0)
(0.036768 -0.00915836 0)
(0.0699295 -0.0487205 0)
(0.0677768 -0.0909579 0)
(0.0627247 -0.0907418 0)
(0.063713 -0.0836956 0)
(0.0431134 -0.0744361 0)
(6.48969e-05 -0.0518593 0)
(-0.0338529 -0.0243105 0)
(-0.0551844 -0.00717835 0)
(-0.0613152 -0.00961864 0)
(-0.0420117 -0.00705019 0)
(-0.0260251 -0.019508 0)
(-0.0273073 0.00301291 0)
(-0.0218229 0.00860341 0)
(-0.00706343 0.0172798 0)
(-0.0249883 0.031386 0)
(-0.0289562 0.0736215 0)
(-0.00246523 0.0873727 0)
(0.0115077 0.0937469 0)
(-0.0284098 0.0868879 0)
(-0.0928827 0.06882 0)
(-0.0905001 0.0653009 0)
(0.0060248 0.0974762 0)
(0.0605271 0.124267 0)
(0.0353583 0.134885 0)
(0.0482413 0.110458 0)
(0.111854 0.100854 0)
(0.165122 0.109235 0)
(0.137604 0.0820785 0)
(0.053246 0.0237328 0)
(-0.0224849 -0.0469004 0)
(-0.079642 -0.0656968 0)
(-0.130525 -0.0357365 0)
(-0.149412 0.00542265 0)
(-0.121235 0.00632712 0)
(-0.055925 -0.019551 0)
(0.0120857 -0.00655148 0)
(0.0359366 0.0437864 0)
(0.0531378 0.0818619 0)
(0.074277 0.102436 0)
(0.0859053 0.104019 0)
(0.0502318 0.120607 0)
(-0.0235967 0.156616 0)
(-0.0757692 0.189992 0)
(-0.104666 0.21483 0)
(-0.120395 0.198145 0)
(-0.0836604 0.161209 0)
(-0.0173687 0.119791 0)
(0.031394 0.0345343 0)
(0.0916397 -0.00995507 0)
(0.154443 -0.0331633 0)
(0.161366 -0.0596597 0)
(0.133843 -0.0998713 0)
(0.102446 -0.126304 0)
(0.0445261 -0.119268 0)
(-0.0380141 -0.114231 0)
(-0.100904 -0.0853797 0)
(-0.114877 -0.0304302 0)
(-0.102364 0.042784 0)
(-0.0730066 0.076106 0)
(-0.0540426 0.0620488 0)
(-0.0342174 0.0351038 0)
(-2.29384e-05 0.0291779 0)
(-0.00625097 0.0228995 0)
(-0.0224219 0.00296384 0)
(-0.0042357 0.00947817 0)
(0.0154767 0.0127961 0)
(0.0352551 0.00374152 0)
(0.0819455 -0.0163365 0)
(0.111714 -0.0216631 0)
(0.0757041 -0.0155267 0)
(0.0123795 0.00386553 0)
(-0.0538662 0.0202997 0)
(-0.0934702 0.0184625 0)
(-0.101397 0.00977622 0)
(-0.0672079 -0.00831002 0)
(-0.0109034 -0.00164543 0)
(0.0137074 -0.0129877 0)
(0.00289925 -0.0234216 0)
(-0.0259957 -0.0287187 0)
(-0.0233507 0.000785303 0)
(0.0187296 0.0286714 0)
(0.0606641 0.0132947 0)
(0.0917784 -0.00178112 0)
(0.124507 -0.0167232 0)
(0.141098 -0.0373926 0)
(0.105905 -0.061986 0)
(0.0275453 -0.0538725 0)
(-0.0531051 -0.0516286 0)
(-0.120467 -0.0461059 0)
(-0.140671 -0.0752631 0)
(-0.106396 -0.0958199 0)
(-0.0822104 -0.117181 0)
(-0.0965834 -0.110861 0)
(-0.0910103 -0.0705308 0)
(-0.0304224 -0.00473217 0)
(0.0329408 0.0236767 0)
(0.0609244 0.0239235 0)
(0.0439101 0.0111745 0)
(0.0141656 -0.00533988 0)
(0.0352997 -0.0373215 0)
(0.0714046 -0.0941491 0)
(0.0891774 -0.139299 0)
(0.0993883 -0.140157 0)
(0.0962893 -0.129825 0)
(0.0708013 -0.113695 0)
(0.0213038 -0.0839274 0)
(-0.028531 -0.0430993 0)
(-0.0716903 -0.0123443 0)
(-0.0916471 -0.0176072 0)
(-0.0692472 -0.0200518 0)
(-0.0358724 -0.0257215 0)
(-0.0296417 -0.0160632 0)
(-0.0333853 -0.00139517 0)
(-0.0129688 0.0267833 0)
(-0.021671 0.0488187 0)
(-0.0167769 0.093089 0)
(-0.00360299 0.119108 0)
(-0.0055634 0.115323 0)
(-0.0537399 0.115753 0)
(-0.110244 0.111351 0)
(-0.0852533 0.123488 0)
(0.0216198 0.14595 0)
(0.0662442 0.150057 0)
(0.0363477 0.158642 0)
(0.0621518 0.146445 0)
(0.148496 0.118569 0)
(0.191568 0.116176 0)
(0.137751 0.0891283 0)
(0.0299647 0.0441958 0)
(-0.0587564 -0.019431 0)
(-0.0976274 -0.073232 0)
(-0.130182 -0.0577235 0)
(-0.16007 -0.000454926 0)
(-0.157136 0.0297719 0)
(-0.0883036 0.0151267 0)
(0.0233447 -0.0075454 0)
(0.0746176 0.0242547 0)
(0.0916416 0.0743853 0)
(0.10416 0.14187 0)
(0.0998322 0.164735 0)
(0.0643576 0.167832 0)
(-0.00529327 0.197734 0)
(-0.0666636 0.248098 0)
(-0.126797 0.282312 0)
(-0.162639 0.257932 0)
(-0.118635 0.20994 0)
(-0.0558606 0.151104 0)
(0.00429408 0.0620258 0)
(0.090788 -0.000497422 0)
(0.15758 -0.0684782 0)
(0.166125 -0.128046 0)
(0.153477 -0.15047 0)
(0.132168 -0.152861 0)
(0.0638617 -0.143961 0)
(-0.0285533 -0.117921 0)
(-0.0949108 -0.0686088 0)
(-0.113538 -0.0220137 0)
(-0.0995705 0.024228 0)
(-0.0772582 0.0659176 0)
(-0.0739367 0.0598056 0)
(-0.052193 0.0475948 0)
(-0.0102142 0.0409949 0)
(-0.021289 0.027657 0)
(-0.0330027 0.0052032 0)
(-0.00648386 0.00906553 0)
(0.0219375 0.00603593 0)
(0.0476412 0.0200031 0)
(0.0883396 0.0235207 0)
(0.117825 -0.00904717 0)
(0.0941409 -0.0335602 0)
(0.030505 -0.0133984 0)
(-0.0562456 0.0250243 0)
(-0.113163 0.019624 0)
(-0.124462 -0.00308781 0)
(-0.081906 0.000776762 0)
(-0.0240881 0.00366067 0)
(0.000888356 -0.0124931 0)
(-0.00180974 -0.0338777 0)
(-0.0128485 -0.0101077 0)
(0.00170088 0.0275988 0)
(0.02763 0.0401408 0)
(0.0612771 0.0169333 0)
(0.102423 0.000334306 0)
(0.140925 -0.0195944 0)
(0.158189 -0.0470955 0)
(0.121051 -0.0728688 0)
(0.0298592 -0.0844806 0)
(-0.0696833 -0.0870567 0)
(-0.150684 -0.0920963 0)
(-0.178797 -0.112259 0)
(-0.142515 -0.123382 0)
(-0.110294 -0.133225 0)
(-0.103254 -0.115566 0)
(-0.0723199 -0.0557708 0)
(-0.00484126 0.00639337 0)
(0.0494396 0.0433733 0)
(0.0650301 0.0450042 0)
(0.0371815 0.023967 0)
(0.00117784 -0.0126421 0)
(0.017195 -0.0498001 0)
(0.0595736 -0.108367 0)
(0.10007 -0.154732 0)
(0.12695 -0.17156 0)
(0.127857 -0.162887 0)
(0.100439 -0.146309 0)
(0.0480455 -0.109019 0)
(-0.00849931 -0.0630774 0)
(-0.0777036 -0.0270484 0)
(-0.112791 -0.0192709 0)
(-0.0877597 -0.0221898 0)
(-0.056375 -0.0363894 0)
(-0.0393855 -0.0424585 0)
(-0.0302644 -0.0169478 0)
(-0.0178846 0.0257994 0)
(-0.0244366 0.0657458 0)
(-0.0139737 0.110216 0)
(-0.0132984 0.145849 0)
(-0.0130233 0.146331 0)
(-0.0540589 0.144359 0)
(-0.113757 0.136305 0)
(-0.0896087 0.157603 0)
(0.0142748 0.171562 0)
(0.0763391 0.155897 0)
(0.0565908 0.161206 0)
(0.0596516 0.175983 0)
(0.14413 0.153205 0)
(0.206368 0.124436 0)
(0.145339 0.0880014 0)
(0.0141817 0.0439573 0)
(-0.102645 -0.00349323 0)
(-0.135074 -0.040445 0)
(-0.125204 -0.046212 0)
(-0.13905 -0.00816943 0)
(-0.157218 0.0253683 0)
(-0.117904 0.0429268 0)
(0.000103581 0.0240776 0)
(0.0914417 0.0176714 0)
(0.145686 0.077074 0)
(0.153716 0.145069 0)
(0.116185 0.179114 0)
(0.0736829 0.184669 0)
(0.0180712 0.217845 0)
(-0.043854 0.276232 0)
(-0.131739 0.322618 0)
(-0.199816 0.322079 0)
(-0.168101 0.261366 0)
(-0.10629 0.164628 0)
(-0.0382624 0.0794286 0)
(0.0538797 -0.000752797 0)
(0.130347 -0.0904915 0)
(0.174539 -0.166378 0)
(0.182613 -0.188523 0)
(0.155905 -0.183154 0)
(0.0904319 -0.151978 0)
(0.00389369 -0.108062 0)
(-0.0751924 -0.0487845 0)
(-0.109508 -0.00132058 0)
(-0.0982478 0.0330399 0)
(-0.0903499 0.0477636 0)
(-0.0941592 0.0364156 0)
(-0.0641649 0.0459529 0)
(-0.0239381 0.0433424 0)
(-0.0380176 0.0155636 0)
(-0.0389522 0.00903299 0)
(-0.000110945 0.0136201 0)
(0.037426 0.0286225 0)
(0.0717733 0.040442 0)
(0.0894952 0.0488958 0)
(0.097131 0.0118547 0)
(0.0902612 -0.0168048 0)
(0.0569238 -0.0175038 0)
(-0.0451338 0.00884248 0)
(-0.140554 0.00392281 0)
(-0.143056 -0.00525003 0)
(-0.0837659 0.011993 0)
(-0.0323922 0.00502096 0)
(-0.0175446 -0.0150143 0)
(0.00332107 -0.00858213 0)
(0.0169542 0.0242371 0)
(0.0149429 0.0467836 0)
(0.0253362 0.0388755 0)
(0.0630838 0.0185348 0)
(0.110688 0.0103305 0)
(0.144114 -0.0182026 0)
(0.155051 -0.0563903 0)
(0.114673 -0.0961542 0)
(0.0260721 -0.128281 0)
(-0.0760047 -0.12095 0)
(-0.17414 -0.109908 0)
(-0.206981 -0.12169 0)
(-0.166692 -0.132145 0)
(-0.122173 -0.136856 0)
(-0.087352 -0.0949826 0)
(-0.0452955 -0.031731 0)
(0.0155399 0.0298724 0)
(0.0584416 0.0609737 0)
(0.0613982 0.055482 0)
(0.0239054 0.0261778 0)
(-0.0122293 -0.0138493 0)
(0.00359427 -0.043592 0)
(0.0432543 -0.0925641 0)
(0.0933338 -0.138397 0)
(0.138184 -0.177359 0)
(0.149017 -0.188092 0)
(0.128595 -0.170582 0)
(0.0815102 -0.1314 0)
(0.0138143 -0.0873895 0)
(-0.068529 -0.0581855 0)
(-0.121602 -0.0225036 0)
(-0.113688 -0.0197686 0)
(-0.0795776 -0.0345137 0)
(-0.0430904 -0.0437589 0)
(-0.0208065 -0.0147435 0)
(-0.0114163 0.0152473 0)
(-0.00961991 0.0756074 0)
(0.0026603 0.127341 0)
(-0.00785131 0.163815 0)
(-0.0317397 0.172638 0)
(-0.0837666 0.135996 0)
(-0.122015 0.141366 0)
(-0.0764777 0.171217 0)
(0.0133002 0.197961 0)
(0.0647899 0.176137 0)
(0.0708509 0.15345 0)
(0.0886214 0.171055 0)
(0.152563 0.174663 0)
(0.19013 0.128139 0)
(0.12141 0.0721924 0)
(-0.00902449 0.0362068 0)
(-0.115327 0.00458547 0)
(-0.14622 0.0111462 0)
(-0.139132 0.000749621 0)
(-0.145913 0.00465637 0)
(-0.155262 0.00327832 0)
(-0.116811 0.023539 0)
(-0.0121648 0.0399867 0)
(0.106707 0.0397937 0)
(0.186293 0.0833193 0)
(0.18454 0.137885 0)
(0.133004 0.174175 0)
(0.0897253 0.19633 0)
(0.0492069 0.237858 0)
(-0.00987161 0.291372 0)
(-0.114741 0.331622 0)
(-0.222695 0.33402 0)
(-0.235203 0.27733 0)
(-0.172568 0.16893 0)
(-0.0837898 0.0724549 0)
(0.0121158 0.000446318 0)
(0.0902476 -0.0714581 0)
(0.150382 -0.166556 0)
(0.191584 -0.207579 0)
(0.195257 -0.197571 0)
(0.134308 -0.159619 0)
(0.0385103 -0.104446 0)
(-0.0468745 -0.038265 0)
(-0.0967115 0.000505147 0)
(-0.107415 0.0297927 0)
(-0.110051 0.0189428 0)
(-0.0999359 0.0263778 0)
(-0.0633709 0.0389619 0)
(-0.0426605 0.0451706 0)
(-0.0522282 0.0113268 0)
(-0.0362705 0.0141491 0)
(0.0115683 0.0142476 0)
(0.0524006 0.0475497 0)
(0.0796272 0.0646452 0)
(0.0875578 0.0686912 0)
(0.0881615 0.043066 0)
(0.0843318 0.0214922 0)
(0.0503501 -0.00335032 0)
(-0.0506262 -0.0239132 0)
(-0.1411 -0.0186261 0)
(-0.137769 -0.00166251 0)
(-0.0902273 0.0059292 0)
(-0.0538803 0.00333189 0)
(-0.0135591 0.00751801 0)
(0.0257021 0.0322796 0)
(0.0285334 0.0448697 0)
(0.0177322 0.050223 0)
(0.0213638 0.0246543 0)
(0.0661324 0.00893503 0)
(0.11065 -0.00386911 0)
(0.131968 -0.0173707 0)
(0.138406 -0.0536826 0)
(0.0937607 -0.118227 0)
(0.0188505 -0.159788 0)
(-0.0674354 -0.149798 0)
(-0.176391 -0.126443 0)
(-0.228213 -0.120179 0)
(-0.189957 -0.120155 0)
(-0.120377 -0.103101 0)
(-0.0629797 -0.0610357 0)
(-0.0126471 -0.0161659 0)
(0.0432186 0.0457224 0)
(0.064033 0.0778282 0)
(0.0485317 0.0710234 0)
(0.00382122 0.0318019 0)
(-0.0258419 0.00101072 0)
(-0.00876947 -0.021379 0)
(0.0279589 -0.0729205 0)
(0.0768698 -0.124846 0)
(0.125335 -0.172423 0)
(0.159367 -0.196199 0)
(0.156651 -0.180714 0)
(0.109946 -0.158754 0)
(0.0336194 -0.119291 0)
(-0.0504198 -0.078494 0)
(-0.109115 -0.0422442 0)
(-0.121262 -0.0187383 0)
(-0.0972581 -0.0160662 0)
(-0.0479842 -0.0196356 0)
(-0.0163878 -0.00667555 0)
(0.000314595 0.0167381 0)
(0.00894927 0.0840446 0)
(0.00968816 0.13114 0)
(-0.0128304 0.148815 0)
(-0.0597955 0.15867 0)
(-0.0989438 0.138522 0)
(-0.106051 0.149666 0)
(-0.0608349 0.178274 0)
(0.013348 0.201209 0)
(0.0492617 0.194639 0)
(0.0689501 0.164831 0)
(0.100703 0.15312 0)
(0.144728 0.137922 0)
(0.165581 0.0930586 0)
(0.108632 0.0514323 0)
(-0.0152551 0.0281361 0)
(-0.116342 0.017457 0)
(-0.148857 0.0258239 0)
(-0.152394 0.0242043 0)
(-0.1648 0.00780765 0)
(-0.170183 -0.00722347 0)
(-0.112829 0.0190225 0)
(-0.00282447 0.0522971 0)
(0.115482 0.0624562 0)
(0.215586 0.0814542 0)
(0.221286 0.114401 0)
(0.159255 0.152706 0)
(0.116483 0.199908 0)
(0.0784193 0.240823 0)
(0.0116239 0.294597 0)
(-0.11373 0.31326 0)
(-0.247664 0.291636 0)
(-0.287151 0.236321 0)
(-0.24186 0.143246 0)
(-0.134917 0.0614017 0)
(-0.0151237 -0.00320555 0)
(0.0501717 -0.0530855 0)
(0.117881 -0.134963 0)
(0.198187 -0.184754 0)
(0.218595 -0.194698 0)
(0.170814 -0.171445 0)
(0.0876995 -0.114666 0)
(-0.0188362 -0.0443216 0)
(-0.0898884 -0.00716605 0)
(-0.117019 0.00955947 0)
(-0.120952 -0.00875079 0)
(-0.100928 0.0108899 0)
(-0.0655601 0.0282214 0)
(-0.0542345 0.0330112 0)
(-0.0665137 0.0202349 0)
(-0.0384852 0.0308128 0)
(0.0273728 0.0451327 0)
(0.0824757 0.0663009 0)
(0.0995437 0.0696834 0)
(0.087773 0.0701581 0)
(0.0751915 0.0700854 0)
(0.0640624 0.0414542 0)
(0.0242328 0.00926001 0)
(-0.0630692 -0.0321571 0)
(-0.13604 -0.0314698 0)
(-0.138393 -0.0213131 0)
(-0.0917002 -0.00787634 0)
(-0.039106 0.0174123 0)
(-0.000195092 0.0439553 0)
(0.0300103 0.0441206 0)
(0.0323635 0.0603284 0)
(0.00676921 0.0609118 0)
(0.00841234 0.0233157 0)
(0.0631713 0.0103505 0)
(0.11852 -0.0103578 0)
(0.137236 -0.0242025 0)
(0.107925 -0.0665988 0)
(0.0549997 -0.130091 0)
(0.00843041 -0.162658 0)
(-0.0591778 -0.157991 0)
(-0.170782 -0.140518 0)
(-0.227704 -0.110046 0)
(-0.182966 -0.0933522 0)
(-0.108612 -0.0669041 0)
(-0.0521859 -0.0346114 0)
(0.00904856 0.0105294 0)
(0.06931 0.0583669 0)
(0.0728422 0.0779441 0)
(0.0335825 0.0816808 0)
(-0.0137039 0.0431644 0)
(-0.031135 0.0283844 0)
(-0.0248302 0.000371025 0)
(-0.00286516 -0.0526415 0)
(0.050705 -0.113802 0)
(0.113038 -0.157424 0)
(0.163762 -0.175763 0)
(0.167968 -0.177565 0)
(0.128398 -0.177797 0)
(0.065308 -0.146573 0)
(-0.0261483 -0.098775 0)
(-0.0954653 -0.0628351 0)
(-0.112755 -0.026393 0)
(-0.0972086 -0.000694662 0)
(-0.0514093 0.0135892 0)
(-0.0168796 0.000207869 0)
(0.00969322 0.0319862 0)
(0.0219745 0.0936657 0)
(0.00707342 0.129595 0)
(-0.0214902 0.134334 0)
(-0.0657293 0.119132 0)
(-0.111119 0.134902 0)
(-0.108554 0.139712 0)
(-0.0487034 0.172083 0)
(0.0222817 0.179206 0)
(0.043049 0.176319 0)
(0.0533692 0.152047 0)
(0.0888272 0.114878 0)
(0.133064 0.088706 0)
(0.152429 0.0606927 0)
(0.0963763 0.0300523 0)
(-0.0190785 0.00670213 0)
(-0.112976 0.0185714 0)
(-0.14829 0.0343407 0)
(-0.167918 0.0309563 0)
(-0.188983 0.00817319 0)
(-0.16727 -0.0157255 0)
(-0.0904559 0.0110356 0)
(0.00694174 0.0374826 0)
(0.120173 0.0588542 0)
(0.220471 0.0817075 0)
(0.23509 0.0838321 0)
(0.193884 0.106778 0)
(0.150331 0.163328 0)
(0.111736 0.210326 0)
(0.0345231 0.264783 0)
(-0.124831 0.279831 0)
(-0.282721 0.248092 0)
(-0.340166 0.170144 0)
(-0.287794 0.0891676 0)
(-0.16914 0.0453422 0)
(-0.0426566 -0.00400511 0)
(0.0268617 -0.0487007 0)
(0.0872641 -0.0902313 0)
(0.177175 -0.143247 0)
(0.22615 -0.167772 0)
(0.202727 -0.135407 0)
(0.1289 -0.111623 0)
(0.0178725 -0.0937195 0)
(-0.0787599 -0.053576 0)
(-0.132616 -0.0434206 0)
(-0.131254 -0.0353401 0)
(-0.0908763 -0.0205438 0)
(-0.0606936 -0.00617326 0)
(-0.0578664 0.0101356 0)
(-0.0593449 0.0452843 0)
(-0.0198037 0.0762733 0)
(0.0396199 0.0904696 0)
(0.0761556 0.0897694 0)
(0.091092 0.0684835 0)
(0.0976957 0.0685785 0)
(0.0758167 0.086744 0)
(0.0449963 0.0598944 0)
(-0.00327669 0.0154452 0)
(-0.0850574 -0.0266365 0)
(-0.141183 -0.0349388 0)
(-0.12976 -0.0383848 0)
(-0.070133 -0.010552 0)
(-0.0217112 0.0199206 0)
(0.00308615 0.0422 0)
(0.0376392 0.0555661 0)
(0.0438443 0.0677917 0)
(-0.00258896 0.0728422 0)
(-0.00391782 0.0505789 0)
(0.0584742 0.029601 0)
(0.10627 0.000237286 0)
(0.112881 -0.0509845 0)
(0.0803137 -0.106458 0)
(0.0364631 -0.136896 0)
(0.00252846 -0.147322 0)
(-0.0566411 -0.142809 0)
(-0.154862 -0.130401 0)
(-0.213016 -0.0910488 0)
(-0.180902 -0.0658019 0)
(-0.100796 -0.0336791 0)
(-0.0283937 -0.000148602 0)
(0.0372717 0.0456114 0)
(0.0809527 0.0683254 0)
(0.0775028 0.0778184 0)
(0.0272198 0.0844094 0)
(-0.0244214 0.0677343 0)
(-0.0408722 0.0626827 0)
(-0.0474573 0.0257883 0)
(-0.0323012 -0.0304649 0)
(0.0237961 -0.0989617 0)
(0.101254 -0.141194 0)
(0.161081 -0.157444 0)
(0.164913 -0.165348 0)
(0.13498 -0.169918 0)
(0.0870498 -0.160536 0)
(0.00129461 -0.124965 0)
(-0.0685551 -0.0727335 0)
(-0.0885333 -0.0271299 0)
(-0.0787782 0.0165359 0)
(-0.0535829 0.0361103 0)
(-0.0240915 0.0143648 0)
(0.0107624 0.0480731 0)
(0.0199262 0.0937841 0)
(-0.00564812 0.107472 0)
(-0.0544367 0.108178 0)
(-0.084946 0.0918297 0)
(-0.102994 0.106139 0)
(-0.0924252 0.126109 0)
(-0.0399795 0.139 0)
(0.014372 0.140195 0)
(0.0336681 0.144368 0)
(0.0343619 0.126225 0)
(0.0698886 0.079608 0)
(0.123919 0.0489514 0)
(0.142073 0.0291156 0)
(0.0859284 0.00567849 0)
(-0.0124376 -0.00580871 0)
(-0.0925346 0.00716283 0)
(-0.144243 0.0154219 0)
(-0.182502 0.00327122 0)
(-0.213671 0.000994965 0)
(-0.183431 -0.0113494 0)
(-0.0875436 -0.0189413 0)
(0.0214094 0.0136338 0)
(0.140365 0.0516457 0)
(0.229112 0.069637 0)
(0.236534 0.046891 0)
(0.214734 0.062908 0)
(0.188667 0.111948 0)
(0.147752 0.155324 0)
(0.0569905 0.179087 0)
(-0.130369 0.19717 0)
(-0.328986 0.186325 0)
(-0.398938 0.136019 0)
(-0.32175 0.0715734 0)
(-0.184971 0.0259969 0)
(-0.0606474 -0.00223635 0)
(0.0132435 -0.0464807 0)
(0.0747036 -0.0616995 0)
(0.164108 -0.0978832 0)
(0.240843 -0.123942 0)
(0.21995 -0.116069 0)
(0.116839 -0.114565 0)
(0.0139931 -0.121822 0)
(-0.0685113 -0.101153 0)
(-0.121631 -0.0829416 0)
(-0.121584 -0.0513602 0)
(-0.0944985 -0.0528381 0)
(-0.0548048 -0.0425456 0)
(-0.0248527 0.00504034 0)
(-0.0230961 0.0642491 0)
(-0.0073275 0.0943345 0)
(0.0383227 0.0990826 0)
(0.0701744 0.098375 0)
(0.0899278 0.0951679 0)
(0.107989 0.0900585 0)
(0.0748092 0.0766238 0)
(0.0153135 0.057193 0)
(-0.0390311 0.00858936 0)
(-0.103131 -0.0150924 0)
(-0.150174 -0.0123446 0)
(-0.126949 -0.0213278 0)
(-0.0547735 0.00180043 0)
(-0.00458816 0.00556716 0)
(0.0240041 0.0317368 0)
(0.0493133 0.0676887 0)
(0.0483221 0.0686673 0)
(0.000639143 0.0643673 0)
(-0.0131276 0.0641962 0)
(0.0399997 0.039279 0)
(0.0756054 -0.0103683 0)
(0.0755968 -0.063776 0)
(0.0593909 -0.121715 0)
(0.0347489 -0.137247 0)
(0.00719276 -0.142454 0)
(-0.0507854 -0.117597 0)
(-0.143086 -0.104494 0)
(-0.195211 -0.072713 0)
(-0.15849 -0.0341062 0)
(-0.078836 0.0205885 0)
(-0.0112503 0.0487131 0)
(0.0451974 0.0754463 0)
(0.0838305 0.0818394 0)
(0.0816547 0.0880906 0)
(0.0293442 0.0898485 0)
(-0.0210078 0.0831662 0)
(-0.048741 0.0848865 0)
(-0.0765801 0.0530163 0)
(-0.0758057 0.00727294 0)
(-0.0118 -0.0534674 0)
(0.087007 -0.108796 0)
(0.159187 -0.148276 0)
(0.166877 -0.157197 0)
(0.134387 -0.152713 0)
(0.0955969 -0.148156 0)
(0.0316842 -0.116584 0)
(-0.0324049 -0.07028 0)
(-0.0559942 -0.0207819 0)
(-0.0569877 0.0192905 0)
(-0.0524958 0.0364843 0)
(-0.0373169 0.0176474 0)
(0.00356094 0.0397269 0)
(-0.000389536 0.0730604 0)
(-0.027324 0.0825735 0)
(-0.0653255 0.0800517 0)
(-0.0908847 0.0929769 0)
(-0.103052 0.0894937 0)
(-0.0960824 0.103074 0)
(-0.0448941 0.0849993 0)
(0.0248962 0.075744 0)
(0.0366581 0.0795683 0)
(0.0144474 0.0774934 0)
(0.0445617 0.0604351 0)
(0.110792 0.0524455 0)
(0.135695 0.0058812 0)
(0.0836672 -0.0392437 0)
(-0.00929289 -0.0412838 0)
(-0.0943365 -0.0395024 0)
(-0.153971 -0.0327462 0)
(-0.186176 -0.0227252 0)
(-0.210414 -0.0068092 0)
(-0.193634 0.00479564 0)
(-0.0831062 -0.0135047 0)
(0.049617 0.00221548 0)
(0.154327 0.0261363 0)
(0.211929 0.0376168 0)
(0.226396 0.00742505 0)
(0.238413 0.0222984 0)
(0.214743 0.0607438 0)
(0.157214 0.0842705 0)
(0.0616838 0.0612847 0)
(-0.121576 0.0611877 0)
(-0.326673 0.0908649 0)
(-0.419126 0.120119 0)
(-0.358202 0.0972044 0)
(-0.20807 0.0596015 0)
(-0.0768476 0.0262601 0)
(0.00420605 -0.025196 0)
(0.0702293 -0.060445 0)
(0.149419 -0.0824797 0)
(0.225819 -0.0907884 0)
(0.216148 -0.106543 0)
(0.124178 -0.112116 0)
(0.0209347 -0.104966 0)
(-0.0615209 -0.113847 0)
(-0.109616 -0.0976377 0)
(-0.122849 -0.0885527 0)
(-0.0967183 -0.0813928 0)
(-0.0282212 -0.0407911 0)
(0.0131463 0.00809046 0)
(0.00144355 0.0561214 0)
(0.00355044 0.0933928 0)
(0.0428293 0.114861 0)
(0.0757087 0.113952 0)
(0.0889763 0.122437 0)
(0.0886715 0.0881089 0)
(0.0557353 0.0421116 0)
(-0.00252451 0.0189489 0)
(-0.0561642 -0.000311961 0)
(-0.102475 -0.00675775 0)
(-0.149504 -0.000400847 0)
(-0.123817 0.00446551 0)
(-0.0544727 0.0224537 0)
(-0.00260806 0.0175464 0)
(0.0476133 0.0227847 0)
(0.0657252 0.0540079 0)
(0.0446838 0.055793 0)
(4.05186e-05 0.0581175 0)
(-0.0136696 0.065866 0)
(0.0148308 0.045813 0)
(0.0432469 -0.0264267 0)
(0.0438064 -0.0828333 0)
(0.037241 -0.11499 0)
(0.0284741 -0.120551 0)
(0.0192658 -0.128658 0)
(-0.0317956 -0.10307 0)
(-0.129759 -0.0825747 0)
(-0.172835 -0.0330494 0)
(-0.126076 0.0185799 0)
(-0.0543212 0.0628896 0)
(-0.00153507 0.0844104 0)
(0.0506689 0.0960209 0)
(0.0831674 0.102664 0)
(0.0810164 0.105819 0)
(0.0260692 0.107218 0)
(-0.0211672 0.104145 0)
(-0.0524275 0.0943864 0)
(-0.0911439 0.0638744 0)
(-0.0956738 0.040191 0)
(-0.0465751 0.0043548 0)
(0.0450015 -0.0548623 0)
(0.136055 -0.121372 0)
(0.168339 -0.153214 0)
(0.144059 -0.144254 0)
(0.112084 -0.120093 0)
(0.0539759 -0.074543 0)
(-0.00436538 -0.0379417 0)
(-0.0288749 -0.00367467 0)
(-0.0405768 0.00646094 0)
(-0.0525797 0.00766025 0)
(-0.046341 -0.00173215 0)
(0.000154531 0.0175555 0)
(-0.00723594 0.0505599 0)
(-0.0406846 0.0632782 0)
(-0.0753951 0.048778 0)
(-0.0985794 0.061462 0)
(-0.110086 0.048731 0)
(-0.105235 0.0424734 0)
(-0.0650268 0.0442746 0)
(0.00980537 0.0140432 0)
(0.0385582 -0.00725726 0)
(0.027613 0.00792716 0)
(0.0616591 0.0310577 0)
(0.0956031 0.05077 0)
(0.0864719 -0.00157313 0)
(0.0613638 -0.053148 0)
(-0.0057466 -0.0907597 0)
(-0.0835838 -0.107276 0)
(-0.1336 -0.0795414 0)
(-0.168835 -0.0335783 0)
(-0.201332 -0.0113304 0)
(-0.197332 0.0124686 0)
(-0.0982404 0.0221757 0)
(0.0428118 0.00990427 0)
(0.160104 -0.00287587 0)
(0.210471 -0.000710054 0)
(0.221434 -0.0164423 0)
(0.250664 -0.0283565 0)
(0.231171 -0.011999 0)
(0.145305 -0.0216459 0)
(0.0378649 -0.0469497 0)
(-0.109215 -0.0465299 0)
(-0.283676 0.00481593 0)
(-0.38887 0.0752724 0)
(-0.357018 0.103676 0)
(-0.224314 0.0869453 0)
(-0.107446 0.0488532 0)
(-0.0336156 -0.00104335 0)
(0.0490901 -0.0411249 0)
(0.156086 -0.054514 0)
(0.233593 -0.0593078 0)
(0.209747 -0.095096 0)
(0.11815 -0.103372 0)
(0.00802965 -0.0995004 0)
(-0.0714463 -0.109748 0)
(-0.11339 -0.0977791 0)
(-0.120465 -0.111381 0)
(-0.0694523 -0.0858251 0)
(0.00244964 -0.0396787 0)
(0.0398035 -0.0134696 0)
(0.0351262 0.0302115 0)
(0.0334809 0.0966104 0)
(0.0530621 0.142205 0)
(0.0770877 0.143005 0)
(0.0734825 0.126664 0)
(0.0519824 0.0682567 0)
(0.0266986 0.0207254 0)
(-0.014183 -0.000589847 0)
(-0.0577343 -0.00213668 0)
(-0.104537 -0.00681566 0)
(-0.144424 -0.00144907 0)
(-0.113143 0.0256067 0)
(-0.0479004 0.0228592 0)
(-0.00618293 0.0255795 0)
(0.0503567 0.0257012 0)
(0.0748231 0.0522981 0)
(0.0545053 0.0540949 0)
(0.0132833 0.0655934 0)
(-0.0148747 0.053916 0)
(-0.0188357 0.020292 0)
(-0.00899289 -0.0491592 0)
(0.0202905 -0.099974 0)
(0.0399243 -0.101016 0)
(0.0301239 -0.112999 0)
(0.0217267 -0.115196 0)
(-0.0192588 -0.0833327 0)
(-0.0976583 -0.0319744 0)
(-0.129763 0.0183348 0)
(-0.0986323 0.0617653 0)
(-0.0416291 0.0937658 0)
(0.00267543 0.129694 0)
(0.0501676 0.125065 0)
(0.0855872 0.11676 0)
(0.0831958 0.132629 0)
(0.0301045 0.13682 0)
(-0.0249155 0.121671 0)
(-0.0698484 0.107911 0)
(-0.10574 0.085827 0)
(-0.1077 0.0489321 0)
(-0.0698095 0.027375 0)
(0.00525936 -0.00252184 0)
(0.0953379 -0.0617741 0)
(0.155558 -0.119895 0)
(0.160993 -0.119964 0)
(0.146062 -0.0898493 0)
(0.0889128 -0.0346888 0)
(0.0151432 0.00218631 0)
(-0.0280852 0.00714103 0)
(-0.0522532 -0.0150463 0)
(-0.0595956 -0.0238859 0)
(-0.039011 -0.0154163 0)
(0.003681 0.00896509 0)
(-0.00920728 0.0238713 0)
(-0.0602663 0.017008 0)
(-0.089632 0.0117677 0)
(-0.10735 0.013197 0)
(-0.128341 0.000855755 0)
(-0.10643 -0.0150922 0)
(-0.0690591 0.000789583 0)
(-0.0127006 -0.0171927 0)
(0.0357363 -0.0549405 0)
(0.049022 -0.0510633 0)
(0.0845677 -0.0246841 0)
(0.0963987 -0.0219437 0)
(0.0687658 -0.0400644 0)
(0.0261786 -0.0657538 0)
(-0.0434975 -0.107566 0)
(-0.0836836 -0.124686 0)
(-0.100702 -0.105688 0)
(-0.139838 -0.049406 0)
(-0.182431 -0.00673298 0)
(-0.175927 0.0117944 0)
(-0.0920422 0.0292176 0)
(0.0247188 0.0172183 0)
(0.140991 0.000228709 0)
(0.197434 -0.0329805 0)
(0.202404 -0.071469 0)
(0.238632 -0.0990123 0)
(0.21709 -0.102051 0)
(0.12946 -0.11624 0)
(0.0422247 -0.104927 0)
(-0.0831873 -0.0886162 0)
(-0.234626 -0.0583121 0)
(-0.341247 -0.0022828 0)
(-0.34152 0.0540202 0)
(-0.237607 0.0705907 0)
(-0.128789 0.0507268 0)
(-0.0482932 0.0276689 0)
(0.044158 0.00416938 0)
(0.147503 -0.0116671 0)
(0.204433 -0.0454926 0)
(0.188379 -0.0990636 0)
(0.121475 -0.0997905 0)
(0.0130146 -0.0860335 0)
(-0.0664123 -0.0731195 0)
(-0.118763 -0.0771083 0)
(-0.122636 -0.089511 0)
(-0.0522343 -0.0763892 0)
(0.0177658 -0.0434487 0)
(0.0587585 -0.0100734 0)
(0.0782502 0.0248392 0)
(0.083457 0.0919237 0)
(0.076107 0.141433 0)
(0.0648143 0.147461 0)
(0.0355197 0.10299 0)
(0.0127213 0.0500926 0)
(0.00691307 0.0117063 0)
(-0.0181953 -0.00757507 0)
(-0.0605815 -0.00836949 0)
(-0.102825 -0.0118499 0)
(-0.127288 0.00938981 0)
(-0.107883 0.0483977 0)
(-0.056217 0.0345247 0)
(-0.00153747 0.0186362 0)
(0.0673292 0.0326932 0)
(0.0880315 0.0499516 0)
(0.057422 0.0655334 0)
(0.00447837 0.0528205 0)
(-0.0408885 0.0307202 0)
(-0.0536751 -0.0172202 0)
(-0.037322 -0.0665223 0)
(0.0132471 -0.0918081 0)
(0.0339514 -0.0910925 0)
(0.0221301 -0.0988111 0)
(0.042314 -0.0821558 0)
(0.0275669 -0.0582817 0)
(-0.0596649 0.00308355 0)
(-0.110796 0.0584416 0)
(-0.0788744 0.0920024 0)
(-0.0130338 0.115321 0)
(0.0134282 0.149973 0)
(0.0346659 0.152444 0)
(0.0845746 0.144368 0)
(0.0944435 0.163022 0)
(0.019667 0.167459 0)
(-0.0379666 0.141787 0)
(-0.0719616 0.117783 0)
(-0.125969 0.0904845 0)
(-0.129203 0.055865 0)
(-0.0749702 0.0490336 0)
(-0.0120448 0.0345564 0)
(0.0565212 -0.0077454 0)
(0.130032 -0.0647318 0)
(0.168115 -0.0760717 0)
(0.174375 -0.0459301 0)
(0.119336 -0.00940469 0)
(0.0228709 0.0153529 0)
(-0.0455379 0.007482 0)
(-0.067435 -0.0246322 0)
(-0.0578728 -0.02477 0)
(-0.0294756 -0.0068371 0)
(-0.00432837 0.0110646 0)
(-0.0293028 0.00049085 0)
(-0.0715129 -0.0228848 0)
(-0.0943857 -0.020352 0)
(-0.118112 -0.0303033 0)
(-0.138567 -0.0398945 0)
(-0.10968 -0.0477701 0)
(-0.068003 -0.0450301 0)
(-0.0298628 -0.0564502 0)
(0.0174457 -0.0846636 0)
(0.0557361 -0.0754251 0)
(0.0904344 -0.0596378 0)
(0.0923549 -0.0854332 0)
(0.0620909 -0.0998886 0)
(0.0183915 -0.121714 0)
(-0.044391 -0.118489 0)
(-0.0799941 -0.120764 0)
(-0.0786268 -0.109505 0)
(-0.098754 -0.0644696 0)
(-0.160727 0.00110467 0)
(-0.176283 0.0557631 0)
(-0.0999262 0.063507 0)
(0.0160864 0.0302179 0)
(0.118388 -0.0245976 0)
(0.153683 -0.0829636 0)
(0.169522 -0.116388 0)
(0.225444 -0.156327 0)
(0.216357 -0.193917 0)
(0.141734 -0.191995 0)
(0.0576871 -0.15742 0)
(-0.0740508 -0.124965 0)
(-0.217487 -0.106134 0)
(-0.301414 -0.052771 0)
(-0.296337 0.0134938 0)
(-0.217631 0.0473253 0)
(-0.12846 0.0491236 0)
(-0.0567028 0.0590664 0)
(0.0308985 0.039636 0)
(0.128846 0.00392855 0)
(0.176244 -0.0369815 0)
(0.173758 -0.0653966 0)
(0.128476 -0.0699441 0)
(0.0254173 -0.0567294 0)
(-0.0694833 -0.0580879 0)
(-0.131599 -0.0905897 0)
(-0.126782 -0.0651818 0)
(-0.042352 -0.0463397 0)
(0.0451032 -0.0202759 0)
(0.0849573 0.0127101 0)
(0.106334 0.0334163 0)
(0.116763 0.0783006 0)
(0.0927372 0.121591 0)
(0.0487657 0.115962 0)
(0.00263568 0.0699983 0)
(-0.0139812 0.0503785 0)
(-0.0145613 0.0115754 0)
(-0.0281845 -0.0102297 0)
(-0.0607293 -0.0146453 0)
(-0.0919775 -0.00967035 0)
(-0.101108 0.0149667 0)
(-0.0958218 0.0474972 0)
(-0.0707461 0.0492302 0)
(-0.00793124 0.0438794 0)
(0.0738397 0.0512726 0)
(0.1005 0.0565283 0)
(0.0593439 0.0549463 0)
(-0.00836122 0.0316745 0)
(-0.0613105 0.0173105 0)
(-0.0844562 -0.0257759 0)
(-0.0576324 -0.0672618 0)
(0.00809523 -0.0866491 0)
(0.0395865 -0.0985179 0)
(0.0397855 -0.0859763 0)
(0.0524401 -0.052843 0)
(0.0419951 -0.044838 0)
(-0.0154195 0.00785558 0)
(-0.0696825 0.0712861 0)
(-0.0631722 0.133499 0)
(-0.00566708 0.143771 0)
(0.0237967 0.153189 0)
(0.0410964 0.167488 0)
(0.0902401 0.18164 0)
(0.0992582 0.183574 0)
(0.0159096 0.171005 0)
(-0.0578153 0.165744 0)
(-0.102081 0.125266 0)
(-0.144433 0.0775514 0)
(-0.13065 0.0690222 0)
(-0.0779821 0.0723275 0)
(-0.0297458 0.0419774 0)
(0.0277062 0.013372 0)
(0.108893 -0.0234066 0)
(0.176416 -0.0289224 0)
(0.194799 -0.00809541 0)
(0.132148 -0.00444669 0)
(0.0246804 0.0152391 0)
(-0.0609571 0.0126218 0)
(-0.0799576 -0.00310762 0)
(-0.0522148 -0.00282893 0)
(-0.0280569 0.000671601 0)
(-0.0136256 0.00372289 0)
(-0.0506176 -0.00777439 0)
(-0.0876492 -0.0386644 0)
(-0.10392 -0.0560552 0)
(-0.127847 -0.0809276 0)
(-0.144926 -0.0760877 0)
(-0.111756 -0.0677335 0)
(-0.0749239 -0.0748859 0)
(-0.0393778 -0.0993159 0)
(0.0260091 -0.108624 0)
(0.073095 -0.0838471 0)
(0.0838604 -0.0749102 0)
(0.0738247 -0.102721 0)
(0.0487829 -0.130783 0)
(0.0181692 -0.152967 0)
(-0.0387447 -0.120503 0)
(-0.0750047 -0.103864 0)
(-0.0593018 -0.0889167 0)
(-0.0603661 -0.0649551 0)
(-0.0973306 -0.00856278 0)
(-0.134261 0.0451201 0)
(-0.11542 0.0638508 0)
(-0.0445888 0.0393442 0)
(0.0536223 -0.0451692 0)
(0.126337 -0.111648 0)
(0.145455 -0.146492 0)
(0.179228 -0.179969 0)
(0.189105 -0.235329 0)
(0.155291 -0.2456 0)
(0.0914747 -0.221947 0)
(-0.0442616 -0.164079 0)
(-0.178788 -0.132484 0)
(-0.248802 -0.0794565 0)
(-0.261695 -0.0157885 0)
(-0.203666 0.0252973 0)
(-0.111361 0.0446047 0)
(-0.0460869 0.0588651 0)
(0.0124001 0.0624961 0)
(0.098757 0.0506951 0)
(0.159168 0.0176572 0)
(0.167501 -0.0251217 0)
(0.128688 -0.0578138 0)
(0.0202001 -0.0654975 0)
(-0.0947918 -0.073188 0)
(-0.128811 -0.0707422 0)
(-0.0956249 -0.026365 0)
(-0.0248278 0.00708157 0)
(0.0559767 0.0195336 0)
(0.0937855 0.00869813 0)
(0.122996 0.017134 0)
(0.145869 0.0354843 0)
(0.102414 0.0617444 0)
(0.0264008 0.0621073 0)
(-0.0124978 0.0461161 0)
(-0.0296359 0.0391835 0)
(-0.0369642 0.0150209 0)
(-0.0369678 0.00387607 0)
(-0.0600121 -0.00602134 0)
(-0.0812777 -0.00972145 0)
(-0.0857605 0.00716016 0)
(-0.0832708 0.0342816 0)
(-0.0592703 0.0581621 0)
(2.19777e-05 0.0749423 0)
(0.077361 0.0884424 0)
(0.0922978 0.0777971 0)
(0.0416322 0.0348708 0)
(-0.0197939 0.0134462 0)
(-0.0789312 0.00569814 0)
(-0.111113 -0.0281497 0)
(-0.0771774 -0.0641706 0)
(-0.0051693 -0.0914627 0)
(0.0381413 -0.106082 0)
(0.0580629 -0.0925443 0)
(0.0732389 -0.0492998 0)
(0.0710939 -0.00509064 0)
(0.0229652 0.0287573 0)
(-0.0224755 0.0705125 0)
(-0.0304498 0.147727 0)
(-0.00364752 0.17103 0)
(0.0261701 0.16332 0)
(0.0518548 0.17488 0)
(0.0941006 0.19373 0)
(0.0860479 0.181168 0)
(0.00780849 0.157064 0)
(-0.0686153 0.148636 0)
(-0.132369 0.116877 0)
(-0.161844 0.0852598 0)
(-0.127046 0.0825124 0)
(-0.088915 0.068804 0)
(-0.0500766 0.0366736 0)
(0.0126554 0.0202669 0)
(0.1017 0.00915703 0)
(0.180553 0.00620389 0)
(0.192032 0.0124912 0)
(0.13489 -0.0048503 0)
(0.0329327 0.00762737 0)
(-0.062019 0.00920974 0)
(-0.0820862 0.0147811 0)
(-0.05885 0.00761074 0)
(-0.0321432 5.18496e-05 0)
(-0.0141735 -0.00975676 0)
(-0.0627004 -0.0210456 0)
(-0.10857 -0.0437957 0)
(-0.126658 -0.0752285 0)
(-0.133417 -0.110176 0)
(-0.128562 -0.0992545 0)
(-0.107432 -0.0687744 0)
(-0.088694 -0.0702545 0)
(-0.0509485 -0.0912457 0)
(0.0336468 -0.116976 0)
(0.0862456 -0.131794 0)
(0.0828252 -0.121679 0)
(0.0576334 -0.114344 0)
(0.0310792 -0.117297 0)
(0.0309413 -0.132993 0)
(-0.00466501 -0.117926 0)
(-0.0547843 -0.100907 0)
(-0.0497298 -0.0830106 0)
(-0.0409337 -0.0560736 0)
(-0.0822924 -0.00869727 0)
(-0.126376 0.0200331 0)
(-0.107928 0.0212967 0)
(-0.0678794 0.0196463 0)
(0.00378973 -0.00711962 0)
(0.0760145 -0.0991688 0)
(0.116632 -0.172376 0)
(0.158045 -0.199178 0)
(0.166671 -0.241561 0)
(0.150908 -0.254921 0)
(0.117892 -0.246564 0)
(-0.0068787 -0.207296 0)
(-0.152566 -0.158018 0)
(-0.211502 -0.114325 0)
(-0.213835 -0.0453239 0)
(-0.166589 0.02515 0)
(-0.0963711 0.0546409 0)
(-0.0359008 0.0637486 0)
(0.0321628 0.081157 0)
(0.102157 0.0967194 0)
(0.125257 0.050668 0)
(0.121144 -0.00870938 0)
(0.0996465 -0.0635597 0)
(0.0130472 -0.080767 0)
(-0.0760247 -0.0583691 0)
(-0.10103 -0.0181692 0)
(-0.0740887 0.011757 0)
(-0.0133206 0.0253985 0)
(0.0417981 0.0118117 0)
(0.0792341 -0.0174711 0)
(0.12281 -0.00187959 0)
(0.147186 -0.00447606 0)
(0.110778 -0.00175474 0)
(0.0364991 0.00190612 0)
(-0.0143949 0.0188901 0)
(-0.0366298 0.00580129 0)
(-0.0401413 0.00500605 0)
(-0.043306 -0.00575302 0)
(-0.0705361 -0.0175614 0)
(-0.0822893 -0.0153222 0)
(-0.0688931 -0.00365889 0)
(-0.0584605 0.0281531 0)
(-0.0408101 0.0679262 0)
(0.0147347 0.0987549 0)
(0.0768617 0.0986536 0)
(0.0626674 0.0702392 0)
(0.0142745 0.0406108 0)
(-0.0268954 0.00782031 0)
(-0.0884195 -0.0222826 0)
(-0.132002 -0.0461989 0)
(-0.10031 -0.0654644 0)
(-0.0191696 -0.091404 0)
(0.0416312 -0.106044 0)
(0.083323 -0.0949538 0)
(0.117246 -0.0416425 0)
(0.0985369 0.019629 0)
(0.0380661 0.0527841 0)
(0.014701 0.0985255 0)
(0.00703754 0.136006 0)
(0.00194856 0.155558 0)
(0.0231032 0.142367 0)
(0.0606979 0.161312 0)
(0.0932262 0.18631 0)
(0.0720102 0.159558 0)
(-0.00687214 0.123281 0)
(-0.0848763 0.124826 0)
(-0.145063 0.0991377 0)
(-0.165291 0.0845957 0)
(-0.137968 0.0842245 0)
(-0.106994 0.054392 0)
(-0.0612809 0.044082 0)
(0.0107033 0.0284702 0)
(0.100589 0.0205282 0)
(0.179593 0.0173195 0)
(0.186137 0.0121806 0)
(0.126986 -0.00444075 0)
(0.0327138 -0.00487646 0)
(-0.0583182 0.010877 0)
(-0.0836357 0.0212117 0)
(-0.0648368 0.00200676 0)
(-0.0330669 -0.00054595 0)
(-0.0132678 -0.0213419 0)
(-0.0615186 -0.0444788 0)
(-0.118376 -0.0540814 0)
(-0.146432 -0.0810012 0)
(-0.140675 -0.0920236 0)
(-0.110234 -0.0706539 0)
(-0.0862134 -0.0632206 0)
(-0.0869143 -0.0502348 0)
(-0.0687079 -0.060012 0)
(0.00173758 -0.103109 0)
(0.0755914 -0.145198 0)
(0.102824 -0.131729 0)
(0.0830287 -0.116031 0)
(0.0405228 -0.100998 0)
(0.0222533 -0.10841 0)
(-0.0118202 -0.126873 0)
(-0.047402 -0.112946 0)
(-0.025847 -0.0636212 0)
(-0.0065591 -0.0327959 0)
(-0.0432879 -0.0216905 0)
(-0.114891 -0.010152 0)
(-0.118818 -0.00309883 0)
(-0.0687155 -0.00647591 0)
(-0.0368414 -0.00302394 0)
(0.0020432 -0.0841806 0)
(0.0695822 -0.15361 0)
(0.126562 -0.205857 0)
(0.146959 -0.244564 0)
(0.151198 -0.24293 0)
(0.126952 -0.239373 0)
(0.0223159 -0.229628 0)
(-0.107836 -0.169371 0)
(-0.162187 -0.0999462 0)
(-0.154295 -0.0429051 0)
(-0.124423 0.0148723 0)
(-0.0766714 0.0540491 0)
(-0.0201446 0.0755177 0)
(0.0427373 0.102829 0)
(0.0815974 0.0954189 0)
(0.0856567 0.0383485 0)
(0.0859866 -0.0122942 0)
(0.07653 -0.0535434 0)
(0.0232554 -0.054483 0)
(-0.0508906 -0.0203646 0)
(-0.0804041 -0.00219821 0)
(-0.0673843 0.0143135 0)
(-0.0288304 0.00787326 0)
(0.0205093 -0.0210426 0)
(0.0801447 -0.0472241 0)
(0.129542 -0.0219148 0)
(0.143624 -0.016868 0)
(0.10547 -0.0290109 0)
(0.0405965 -0.0409889 0)
(-0.0100743 -0.0288443 0)
(-0.0398916 -0.0293993 0)
(-0.0452771 -0.0129693 0)
(-0.0532962 -0.0352868 0)
(-0.0668025 -0.0486803 0)
(-0.0708683 -0.0417604 0)
(-0.0536378 -0.0191355 0)
(-0.0304284 0.0238536 0)
(-0.00698548 0.0785528 0)
(0.0232751 0.127303 0)
(0.0574479 0.11315 0)
(0.051143 0.0644473 0)
(-0.00224229 0.0457414 0)
(-0.0635477 0.0127562 0)
(-0.115786 -0.0330682 0)
(-0.139791 -0.0682159 0)
(-0.107367 -0.0852785 0)
(-0.0322569 -0.090326 0)
(0.0377013 -0.10702 0)
(0.106765 -0.0847743 0)
(0.157857 -0.0367107 0)
(0.139868 0.0139102 0)
(0.0793812 0.0635516 0)
(0.0363851 0.114467 0)
(0.00871258 0.120568 0)
(-0.00183387 0.120193 0)
(0.0278119 0.112611 0)
(0.082187 0.133515 0)
(0.0917136 0.132244 0)
(0.0396614 0.118805 0)
(-0.0166611 0.0898873 0)
(-0.0842554 0.0843122 0)
(-0.158973 0.0868646 0)
(-0.169243 0.0972375 0)
(-0.14544 0.0846131 0)
(-0.114743 0.0596266 0)
(-0.0659389 0.0482492 0)
(-0.00226987 0.0206625 0)
(0.0948691 0.0129685 0)
(0.174658 0.00575497 0)
(0.175189 0.00460841 0)
(0.1206 -0.00858628 0)
(0.0418556 -0.0191661 0)
(-0.045325 0.00723943 0)
(-0.0906446 0.0203965 0)
(-0.0755987 0.00610592 0)
(-0.0318264 0.00302053 0)
(-0.0138302 -0.0219624 0)
(-0.0583784 -0.0595077 0)
(-0.116828 -0.0633865 0)
(-0.141503 -0.0587582 0)
(-0.116026 -0.0446424 0)
(-0.0994896 -0.0365398 0)
(-0.0855308 -0.0524722 0)
(-0.0798971 -0.0468233 0)
(-0.083517 -0.0422098 0)
(-0.0226709 -0.0651511 0)
(0.071517 -0.0850055 0)
(0.110446 -0.0961308 0)
(0.0860383 -0.103539 0)
(0.0418567 -0.107735 0)
(0.0161855 -0.120222 0)
(-0.0048542 -0.132832 0)
(-0.00638104 -0.0825546 0)
(0.00983322 -0.0253933 0)
(-0.0106384 -0.0184816 0)
(-0.0671458 -0.0342346 0)
(-0.114917 -0.0416431 0)
(-0.107863 -0.0244542 0)
(-0.0706195 -0.0256642 0)
(-0.0560686 -0.0402756 0)
(-0.0371768 -0.0770918 0)
(0.0250953 -0.132616 0)
(0.0896095 -0.188101 0)
(0.138465 -0.220594 0)
(0.154491 -0.221091 0)
(0.128256 -0.209896 0)
(0.0460865 -0.206825 0)
(-0.0547477 -0.165041 0)
(-0.115077 -0.0796808 0)
(-0.125088 -0.0269372 0)
(-0.0902748 0.0126163 0)
(-0.0463337 0.0452831 0)
(0.00547755 0.0685198 0)
(0.0519767 0.0926136 0)
(0.0592076 0.061405 0)
(0.0494727 0.025598 0)
(0.0557155 0.0124553 0)
(0.0693882 0.00362141 0)
(0.0368691 -0.00484648 0)
(-0.0393271 0.00325952 0)
(-0.0781927 -0.00603953 0)
(-0.0699495 -0.00981759 0)
(-0.0428694 -0.0238947 0)
(-0.00225772 -0.047754 0)
(0.0753031 -0.0586294 0)
(0.142276 -0.0499171 0)
(0.139662 -0.035721 0)
(0.0913318 -0.0508149 0)
(0.0354898 -0.0620491 0)
(-0.00649516 -0.0654233 0)
(-0.0251744 -0.0692163 0)
(-0.0444034 -0.0518641 0)
(-0.069326 -0.0636134 0)
(-0.0749721 -0.0633684 0)
(-0.0601988 -0.0569406 0)
(-0.0202376 -0.0216177 0)
(0.0138627 0.0374051 0)
(0.0358976 0.0948029 0)
(0.0410371 0.130177 0)
(0.0317925 0.127698 0)
(0.0145782 0.0738105 0)
(-0.0219197 0.0246905 0)
(-0.0827231 0.00159038 0)
(-0.14561 -0.0249369 0)
(-0.167946 -0.065913 0)
(-0.114194 -0.0785753 0)
(-0.0330535 -0.0831535 0)
(0.0473467 -0.094986 0)
(0.136019 -0.0705719 0)
(0.190065 -0.0333305 0)
(0.171754 0.00703973 0)
(0.110809 0.0503022 0)
(0.0548975 0.0904611 0)
(0.00921436 0.0890927 0)
(-0.0059754 0.0915739 0)
(0.0310631 0.0919339 0)
(0.0737903 0.0889814 0)
(0.0817617 0.0733007 0)
(0.0410408 0.0587257 0)
(-0.0311993 0.0460142 0)
(-0.0852638 0.0349118 0)
(-0.133074 0.0669839 0)
(-0.164038 0.0952365 0)
(-0.162573 0.0719991 0)
(-0.13085 0.0593167 0)
(-0.0875197 0.0360938 0)
(-0.0135608 0.0191164 0)
(0.0903816 0.0127388 0)
(0.173185 0.00310352 0)
(0.174342 0.00392258 0)
(0.107423 -0.0112847 0)
(0.0417347 -0.0345016 0)
(-0.0319095 -0.021281 0)
(-0.0864911 -0.000271715 0)
(-0.0777859 0.0101038 0)
(-0.0361196 0.00830664 0)
(-0.0189924 -0.0210412 0)
(-0.0550174 -0.0547397 0)
(-0.0920483 -0.0526241 0)
(-0.114065 -0.0362766 0)
(-0.110361 -0.0177641 0)
(-0.104931 -0.0294221 0)
(-0.0845202 -0.036506 0)
(-0.0712001 -0.0404355 0)
(-0.074663 -0.0223146 0)
(-0.0226274 -0.0131525 0)
(0.0595611 -0.0240925 0)
(0.0955338 -0.0630769 0)
(0.0802788 -0.0838713 0)
(0.0332967 -0.0889795 0)
(0.00790978 -0.0964176 0)
(0.0189067 -0.110696 0)
(0.0334662 -0.0626125 0)
(0.0219801 -0.0337553 0)
(-0.0134031 -0.0397744 0)
(-0.0615464 -0.0524661 0)
(-0.109588 -0.0342444 0)
(-0.109374 -0.00859926 0)
(-0.0828305 -0.000533014 0)
(-0.0770994 -0.0287139 0)
(-0.0680796 -0.0656213 0)
(-0.0139027 -0.116745 0)
(0.060497 -0.157804 0)
(0.121914 -0.184969 0)
(0.158957 -0.190297 0)
(0.138099 -0.169744 0)
(0.0567816 -0.166527 0)
(-0.0120097 -0.149062 0)
(-0.0574725 -0.0873507 0)
(-0.0825295 -0.0190669 0)
(-0.0668588 0.0344257 0)
(-0.0307898 0.0530086 0)
(0.0194478 0.0745326 0)
(0.0419838 0.072523 0)
(0.036169 0.0231818 0)
(0.0526116 0.00958126 0)
(0.0716845 0.0442607 0)
(0.0644877 0.0550028 0)
(0.0225141 0.0174309 0)
(-0.0532738 0.00672855 0)
(-0.0923533 -0.00624528 0)
(-0.0834232 -0.0270459 0)
(-0.0599436 -0.0440609 0)
(-0.008303 -0.0359625 0)
(0.0754508 -0.0361401 0)
(0.143626 -0.0580062 0)
(0.140665 -0.0614445 0)
(0.0843367 -0.0705168 0)
(0.0286133 -0.0781554 0)
(-0.0160907 -0.0861014 0)
(-0.030244 -0.0844924 0)
(-0.041145 -0.0938629 0)
(-0.0614983 -0.0955061 0)
(-0.0614699 -0.0836342 0)
(-0.0396243 -0.0471287 0)
(0.0163767 -0.00555942 0)
(0.0559205 0.0465986 0)
(0.0621017 0.0961633 0)
(0.0484936 0.123317 0)
(0.0172206 0.11631 0)
(-0.0231746 0.085754 0)
(-0.0537224 0.0308797 0)
(-0.0982466 -0.0131843 0)
(-0.163522 -0.0408113 0)
(-0.177319 -0.0543151 0)
(-0.118239 -0.0456085 0)
(-0.0427621 -0.0571077 0)
(0.0481388 -0.0645016 0)
(0.152803 -0.0667483 0)
(0.215082 -0.0340453 0)
(0.20097 -0.0104979 0)
(0.13984 0.0187955 0)
(0.063662 0.0434762 0)
(0.00809141 0.0504585 0)
(-0.00117794 0.0566522 0)
(0.0246848 0.0475229 0)
(0.0676665 0.0220791 0)
(0.0691973 0.0218384 0)
(0.0199692 -0.00820874 0)
(-0.033139 -0.0079516 0)
(-0.0671988 0.0182231 0)
(-0.112501 0.037745 0)
(-0.163154 0.0468322 0)
(-0.169401 0.0303672 0)
(-0.138906 0.0336978 0)
(-0.0937325 0.0262053 0)
(-0.0183796 0.0299398 0)
(0.0832823 0.0228231 0)
(0.167395 0.0100219 0)
(0.162868 -0.0110042 0)
(0.0897706 -0.0338893 0)
(0.0313596 -0.0368265 0)
(-0.0234243 -0.0329224 0)
(-0.0702204 -0.0243128 0)
(-0.0699585 -0.00499668 0)
(-0.0406692 0.00547011 0)
(-0.0141524 -0.026981 0)
(-0.0393405 -0.0427174 0)
(-0.0724548 -0.0338469 0)
(-0.0931553 -0.02368 0)
(-0.0937284 -0.0146301 0)
(-0.0996447 -0.0136276 0)
(-0.0823964 -0.0134461 0)
(-0.059801 -0.00879492 0)
(-0.0548469 0.00874692 0)
(-0.016128 0.0168042 0)
(0.0420222 0.00711609 0)
(0.0730682 -0.0237676 0)
(0.0728488 -0.0474803 0)
(0.0376414 -0.0571157 0)
(0.00425134 -0.0681003 0)
(0.0229608 -0.075978 0)
(0.0520327 -0.054519 0)
(0.0273746 -0.0409837 0)
(-0.024639 -0.0404601 0)
(-0.0641524 -0.046695 0)
(-0.0843607 -0.0322302 0)
(-0.0851766 0.0186904 0)
(-0.0876929 0.0136844 0)
(-0.106189 -0.0211586 0)
(-0.103968 -0.0483919 0)
(-0.0444028 -0.07673 0)
(0.0381968 -0.114515 0)
(0.113896 -0.13481 0)
(0.165664 -0.135488 0)
(0.146433 -0.137364 0)
(0.0627553 -0.124075 0)
(0.00569883 -0.104104 0)
(-0.01654 -0.060443 0)
(-0.0319722 -0.0040017 0)
(-0.0332458 0.0439556 0)
(-0.0125721 0.0614034 0)
(0.0240757 0.0662228 0)
(0.0181674 0.0655144 0)
(0.0163069 0.0342296 0)
(0.067555 0.0208338 0)
(0.0907377 0.0360352 0)
(0.0502462 0.0299755 0)
(0.000932051 0.0115593 0)
(-0.0581088 0.0101741 0)
(-0.105167 0.00388485 0)
(-0.100452 -0.0253916 0)
(-0.052448 -0.0369996 0)
(0.000447309 -0.0151046 0)
(0.0560851 -0.01999 0)
(0.120941 -0.0345273 0)
(0.128139 -0.0526634 0)
(0.0772029 -0.08851 0)
(0.0227009 -0.099182 0)
(-0.0119854 -0.0967724 0)
(-0.0312591 -0.079317 0)
(-0.0524937 -0.106746 0)
(-0.0614866 -0.103434 0)
(-0.0388436 -0.0847002 0)
(-0.00205471 -0.04072 0)
(0.0495531 -0.0080806 0)
(0.0896448 0.0313904 0)
(0.0933956 0.0747599 0)
(0.0570359 0.110735 0)
(0.0054541 0.10675 0)
(-0.0468654 0.0783733 0)
(-0.0932189 0.0406238 0)
(-0.133939 -0.0181414 0)
(-0.174352 -0.0529113 0)
(-0.17003 -0.0480358 0)
(-0.114938 -0.0334765 0)
(-0.0458528 -0.0356557 0)
(0.0410563 -0.0235307 0)
(0.158857 -0.0372484 0)
(0.231485 -0.0218841 0)
(0.210295 -0.0180424 0)
(0.149865 -0.0118732 0)
(0.0773235 -0.0204097 0)
(0.0179498 0.00832747 0)
(-0.00903827 0.0218092 0)
(0.00493434 -0.00145916 0)
(0.0545288 -0.0440004 0)
(0.0595516 -0.0601121 0)
(0.0196933 -0.0603667 0)
(-0.0107043 -0.0472378 0)
(-0.0501536 -0.00878776 0)
(-0.11019 -0.0024146 0)
(-0.16744 -0.00651137 0)
(-0.170238 -0.0129734 0)
(-0.132176 0.00389037 0)
(-0.0890391 0.0123547 0)
(-0.0155059 0.0294058 0)
(0.0754067 0.0272924 0)
(0.147007 0.00916336 0)
(0.139753 -0.025677 0)
(0.0852218 -0.0503812 0)
(0.0385272 -0.0350992 0)
(-0.0269636 -0.0364369 0)
(-0.0699833 -0.0322245 0)
(-0.0588749 -0.0173026 0)
(-0.0374003 0.00274022 0)
(-0.00344442 -0.0269572 0)
(-0.0134115 -0.0366498 0)
(-0.0440592 -0.0284441 0)
(-0.0745083 -0.0106445 0)
(-0.0834185 -0.0043016 0)
(-0.0885395 -0.000120881 0)
(-0.0682011 0.0136861 0)
(-0.0440086 0.0136906 0)
(-0.0463021 0.0261614 0)
(-0.0152955 0.0361831 0)
(0.0374091 0.025283 0)
(0.062252 0.0135522 0)
(0.0617569 -0.00362642 0)
(0.0231842 -0.0258672 0)
(-0.0019489 -0.0477821 0)
(0.031803 -0.0547866 0)
(0.0609934 -0.0369467 0)
(0.0330469 -0.0355965 0)
(-0.0178317 -0.0300685 0)
(-0.0565223 -0.0141207 0)
(-0.0631399 0.0158205 0)
(-0.0776307 0.0506972 0)
(-0.114325 0.031577 0)
(-0.124917 -0.00915829 0)
(-0.11092 -0.0326718 0)
(-0.0641597 -0.045744 0)
(0.0166166 -0.0751829 0)
(0.10588 -0.0800541 0)
(0.157106 -0.0913097 0)
(0.147211 -0.10814 0)
(0.0826742 -0.0961949 0)
(0.0369207 -0.0561633 0)
(0.0189246 -0.0166304 0)
(-0.00242965 0.0293054 0)
(-0.0150439 0.0526281 0)
(-0.0105093 0.0587652 0)
(0.0263295 0.0517628 0)
(0.0220241 0.0437682 0)
(0.00635127 0.0578166 0)
(0.056246 0.0519713 0)
(0.0798399 0.0223702 0)
(0.046977 -0.00184374 0)
(0.00749532 -0.0010287 0)
(-0.0602453 -0.00130976 0)
(-0.120565 0.00113746 0)
(-0.116094 0.00423024 0)
(-0.0553292 -0.00646006 0)
(0.00112578 -0.00928475 0)
(0.0581613 -0.00502636 0)
(0.116834 -0.0139406 0)
(0.0985804 -0.0381821 0)
(0.0482067 -0.0782227 0)
(0.0211265 -0.0965642 0)
(-0.00237527 -0.088038 0)
(-0.0379754 -0.0799336 0)
(-0.0588351 -0.10235 0)
(-0.0448712 -0.0953959 0)
(-0.0146384 -0.0575855 0)
(0.0176625 -0.0284147 0)
(0.0705155 -0.0185483 0)
(0.118064 0.0138974 0)
(0.121745 0.0417645 0)
(0.0733538 0.0773444 0)
(-0.00522946 0.0775038 0)
(-0.0704681 0.0415111 0)
(-0.1234 0.0309808 0)
(-0.165796 -0.00436927 0)
(-0.184367 -0.0342919 0)
(-0.162015 -0.0321845 0)
(-0.108279 -0.0176929 0)
(-0.0347849 0.0104069 0)
(0.0474083 0.0314776 0)
(0.154212 0.0137489 0)
(0.229159 -0.00556627 0)
(0.208066 -0.0229828 0)
(0.137663 -0.0353461 0)
(0.0779791 -0.0675538 0)
(0.0385878 -0.0480563 0)
(-0.00883181 -0.0261442 0)
(-0.0239733 -0.0318231 0)
(0.0245489 -0.078497 0)
(0.0575187 -0.103078 0)
(0.0301727 -0.0949045 0)
(0.00590068 -0.0931741 0)
(-0.0328003 -0.0682002 0)
(-0.109159 -0.0566357 0)
(-0.169165 -0.0604597 0)
(-0.160096 -0.0432308 0)
(-0.118929 -0.0190624 0)
(-0.074136 -0.00220341 0)
(-0.00728577 0.0296948 0)
(0.0676068 0.0277981 0)
(0.126626 0.0155426 0)
(0.116177 -0.0189105 0)
(0.0788745 -0.0278052 0)
(0.0367219 -0.0383646 0)
(-0.026861 -0.0442409 0)
(-0.0619887 -0.0287525 0)
(-0.0501099 -0.0126288 0)
(-0.0367947 -0.00362029 0)
(0.00581186 -0.0194437 0)
(0.00657018 -0.0359986 0)
(-0.0183662 -0.0366215 0)
(-0.0487181 -0.00974327 0)
(-0.0651461 0.013893 0)
(-0.0696919 0.019412 0)
(-0.058409 0.0248759 0)
(-0.0388449 0.0234749 0)
(-0.0280188 0.0421017 0)
(-0.00764674 0.0722311 0)
(0.0335098 0.0505346 0)
(0.0589842 0.0188541 0)
(0.0500513 0.00311441 0)
(0.0103106 -0.00958502 0)
(-0.0129916 0.00658922 0)
(0.0337971 0.00665546 0)
(0.0678702 -0.00329147 0)
(0.0330838 -0.0248764 0)
(-0.00914976 -0.0310349 0)
(-0.0314979 0.00386166 0)
(-0.0383744 0.0644999 0)
(-0.0756383 0.0943482 0)
(-0.133915 0.0785095 0)
(-0.155609 0.0274419 0)
(-0.132844 -0.0187492 0)
(-0.0772848 -0.0363855 0)
(0.0118155 -0.0502382 0)
(0.10145 -0.0479336 0)
(0.14506 -0.0556808 0)
(0.143568 -0.0513229 0)
(0.102392 -0.0401002 0)
(0.0662898 -0.00952266 0)
(0.0489957 0.0123816 0)
(0.0221374 0.0372091 0)
(-0.00806086 0.0391952 0)
(-0.0095372 0.0586192 0)
(0.0166508 0.0673313 0)
(0.0259271 0.0422432 0)
(0.0251389 0.0578782 0)
(0.0436008 0.059583 0)
(0.0524519 0.0188718 0)
(0.0334273 -0.00245116 0)
(0.000807812 -0.0142516 0)
(-0.057874 -0.0146671 0)
(-0.103172 0.00747732 0)
(-0.108671 0.0342388 0)
(-0.0653766 0.0198041 0)
(-0.0016429 0.00841671 0)
(0.0495629 0.00945403 0)
(0.0936857 -0.00832257 0)
(0.0783653 -0.0375228 0)
(0.0322405 -0.0527214 0)
(0.0139868 -0.0650984 0)
(-0.000693735 -0.0587514 0)
(-0.0421721 -0.0760955 0)
(-0.0637483 -0.0899293 0)
(-0.0280168 -0.0824201 0)
(0.0113246 -0.0722811 0)
(0.0278444 -0.0421924 0)
(0.0820529 -0.0127921 0)
(0.135491 0.0196042 0)
(0.141583 0.0216449 0)
(0.0848205 0.0319973 0)
(-0.0194717 0.0316853 0)
(-0.0797766 0.0135761 0)
(-0.125813 -0.00526048 0)
(-0.180965 -0.000846932 0)
(-0.194017 0.00924289 0)
(-0.157221 0.000745883 0)
(-0.0831971 0.0181482 0)
(-0.00944623 0.0588221 0)
(0.0436065 0.0804747 0)
(0.131571 0.0691671 0)
(0.204315 0.0260818 0)
(0.188155 -0.0209063 0)
(0.116812 -0.0533894 0)
(0.0677117 -0.0829473 0)
(0.0482024 -0.0995264 0)
(0.00283201 -0.0888103 0)
(-0.0334394 -0.0742967 0)
(0.00249288 -0.0910042 0)
(0.048118 -0.117062 0)
(0.027895 -0.139946 0)
(0.010126 -0.11729 0)
(-0.021864 -0.113268 0)
(-0.102933 -0.103612 0)
(-0.156004 -0.102995 0)
(-0.138368 -0.068184 0)
(-0.10092 -0.0442074 0)
(-0.0526512 -0.0153501 0)
(0.0063274 0.0160701 0)
(0.0638155 0.0292762 0)
(0.110358 0.0292889 0)
(0.104348 -0.00235931 0)
(0.0661213 -0.00997437 0)
(0.0204355 -0.0342244 0)
(-0.0269441 -0.0304284 0)
(-0.0545325 -0.00933418 0)
(-0.048616 0.00271958 0)
(-0.0345224 -0.00949504 0)
(0.00854071 -0.0160047 0)
(0.017151 -0.0362755 0)
(0.00915818 -0.0374534 0)
(-0.0107417 -0.00817186 0)
(-0.0407749 0.0178663 0)
(-0.0631932 0.025759 0)
(-0.0507733 0.0367748 0)
(-0.01895 0.052193 0)
(0.00040942 0.0743154 0)
(0.000539805 0.10134 0)
(0.00671309 0.075055 0)
(0.0348839 0.0134544 0)
(0.0472568 0.00670513 0)
(0.0309984 0.0162079 0)
(0.0140444 0.0471573 0)
(0.0273604 0.0647272 0)
(0.0394307 0.019793 0)
(0.0131557 -0.00444655 0)
(0.00283406 -0.00139146 0)
(0.0124689 0.0379632 0)
(0.00156085 0.0963263 0)
(-0.0695203 0.104938 0)
(-0.165854 0.0951285 0)
(-0.198708 0.0727709 0)
(-0.1599 0.0487888 0)
(-0.0889881 0.00637866 0)
(0.00694191 -0.0343398 0)
(0.101277 -0.0591175 0)
(0.154659 -0.0611167 0)
(0.159395 -0.0218325 0)
(0.114824 0.018378 0)
(0.0775783 0.0347931 0)
(0.0559353 0.0562361 0)
(0.0204015 0.0606505 0)
(0.00412577 0.0598638 0)
(0.0137304 0.069125 0)
(0.0177553 0.0590044 0)
(0.0182404 0.0525504 0)
(0.0217643 0.0449156 0)
(0.0295486 0.0313155 0)
(0.0353998 0.03112 0)
(0.0229093 0.0236082 0)
(-0.00209625 -0.00348637 0)
(-0.0457221 -0.00254673 0)
(-0.0867922 0.0289999 0)
(-0.109793 0.0372088 0)
(-0.0774611 0.0305225 0)
(-0.0098041 0.0207881 0)
(0.0425658 0.00759799 0)
(0.0792275 0.000441757 0)
(0.0632508 -0.0332609 0)
(0.0257507 -0.0411511 0)
(0.0150956 -0.0296235 0)
(-0.0114388 -0.030488 0)
(-0.0612611 -0.0600023 0)
(-0.063267 -0.0808809 0)
(-0.0311622 -0.0804142 0)
(0.0161004 -0.0920143 0)
(0.0628897 -0.0507481 0)
(0.117655 -0.0101393 0)
(0.145189 0.00210524 0)
(0.132659 0.000788091 0)
(0.0824364 -0.0124253 0)
(-0.0172559 -0.00532441 0)
(-0.0963564 -0.00285495 0)
(-0.133004 -0.0278616 0)
(-0.154419 -0.0122411 0)
(-0.18276 0.0228392 0)
(-0.15528 0.045479 0)
(-0.0655938 0.0752506 0)
(0.010873 0.0867093 0)
(0.054747 0.0998571 0)
(0.113907 0.103637 0)
(0.162628 0.0614978 0)
(0.149385 -0.011614 0)
(0.0918908 -0.0668621 0)
(0.0440256 -0.0881136 0)
(0.0343978 -0.111477 0)
(0.0100116 -0.122396 0)
(-0.0251058 -0.112687 0)
(-0.00621259 -0.100006 0)
(0.022427 -0.135732 0)
(0.0311106 -0.185421 0)
(0.0268156 -0.151554 0)
(-0.021293 -0.134458 0)
(-0.100078 -0.12242 0)
(-0.141622 -0.107909 0)
(-0.115562 -0.0858463 0)
(-0.0791441 -0.0738621 0)
(-0.0294634 -0.0354561 0)
(0.0250674 0.000112482 0)
(0.0758319 0.0332407 0)
(0.100633 0.0411866 0)
(0.0831711 0.0221719 0)
(0.0497897 -0.0129542 0)
(0.0144668 -0.0326815 0)
(-0.0172677 -0.0216174 0)
(-0.0475383 -0.00132951 0)
(-0.0605818 0.00322148 0)
(-0.0404672 -0.00755483 0)
(0.0125022 -0.0192898 0)
(0.0300311 -0.0305503 0)
(0.0340773 -0.0175355 0)
(0.0175078 0.00258718 0)
(-0.0194314 0.00844099 0)
(-0.038572 0.0126894 0)
(-0.0243468 0.0435424 0)
(0.00148084 0.0742117 0)
(0.0193866 0.0985659 0)
(0.00296151 0.11738 0)
(-0.0221532 0.091178 0)
(0.0165728 0.0310586 0)
(0.0587447 0.0324506 0)
(0.0454666 0.0538575 0)
(0.0267784 0.0595991 0)
(0.0164369 0.061467 0)
(0.0184784 0.032918 0)
(0.0177964 0.0252573 0)
(0.0213063 0.0382623 0)
(0.0388169 0.0776227 0)
(0.00875911 0.133599 0)
(-0.0789693 0.119136 0)
(-0.160128 0.0947058 0)
(-0.19215 0.109795 0)
(-0.183862 0.112705 0)
(-0.140198 0.0488917 0)
(-0.0376061 -0.0207505 0)
(0.0811117 -0.0492591 0)
(0.172499 -0.0462942 0)
(0.202747 -0.0188283 0)
(0.145456 0.0361059 0)
(0.0962147 0.0843208 0)
(0.0706777 0.095186 0)
(0.0279346 0.0880985 0)
(0.00160234 0.0897261 0)
(-0.00662455 0.0794037 0)
(0.00791128 0.0504032 0)
(0.0187038 0.0403336 0)
(0.0121458 0.0247471 0)
(0.0353858 0.0191798 0)
(0.0478872 0.0307792 0)
(0.00817701 0.0282003 0)
(-0.0191539 0.0188319 0)
(-0.0355975 0.0266027 0)
(-0.0763232 0.0420189 0)
(-0.110548 0.0319665 0)
(-0.0808629 0.0316512 0)
(-0.0221063 0.0317252 0)
(0.0310235 0.0260957 0)
(0.0603006 0.00487527 0)
(0.0448569 -0.0269974 0)
(0.0325459 -0.0293554 0)
(0.0201093 -0.015356 0)
(-0.0240489 -0.0281864 0)
(-0.0795387 -0.0361075 0)
(-0.0784008 -0.0576092 0)
(-0.0352477 -0.0731351 0)
(0.0345932 -0.0704735 0)
(0.0898797 -0.0492458 0)
(0.122989 -0.0147802 0)
(0.145693 -0.0131211 0)
(0.133016 -0.020233 0)
(0.0822621 -0.0593243 0)
(-0.0107892 -0.0566931 0)
(-0.0950718 -0.033185 0)
(-0.131849 -0.0249357 0)
(-0.143236 -0.00424919 0)
(-0.151509 0.0281946 0)
(-0.118937 0.08779 0)
(-0.0533687 0.105599 0)
(0.00802239 0.107133 0)
(0.0553933 0.123346 0)
(0.102764 0.114416 0)
(0.119105 0.0687124 0)
(0.0934993 -0.000488416 0)
(0.0605157 -0.071292 0)
(0.035099 -0.0902482 0)
(0.0234199 -0.0900834 0)
(0.00258135 -0.107421 0)
(-0.0161452 -0.124089 0)
(-0.013449 -0.120752 0)
(-0.0135292 -0.153382 0)
(0.017561 -0.180266 0)
(0.0490228 -0.171572 0)
(0.00107366 -0.156868 0)
(-0.0818631 -0.142883 0)
(-0.127625 -0.100653 0)
(-0.112049 -0.0855067 0)
(-0.0629716 -0.0877758 0)
(0.00202764 -0.0580432 0)
(0.0562652 -0.0140938 0)
(0.0923218 0.035913 0)
(0.0991486 0.0378796 0)
(0.0598588 0.0363523 0)
(0.0192964 0.0029645 0)
(0.00560383 -0.022346 0)
(-0.0144114 -0.0277587 0)
(-0.0487468 -0.0194894 0)
(-0.0668322 -0.0169254 0)
(-0.0426276 -0.00917285 0)
(0.0203842 -0.0137706 0)
(0.0545507 -0.0324518 0)
(0.0625077 -0.00843155 0)
(0.0320524 -0.00369868 0)
(-0.0136902 -0.00769742 0)
(-0.0207392 0.0195352 0)
(0.00890162 0.0591061 0)
(0.0343175 0.0799272 0)
(0.0436903 0.0904597 0)
(0.00554834 0.09352 0)
(-0.0473901 0.0884658 0)
(-7.12929e-05 0.0729832 0)
(0.0709903 0.0451448 0)
(0.0565574 0.0588542 0)
(0.0237842 0.0881439 0)
(0.0104166 0.0720735 0)
(0.0140678 0.0592732 0)
(0.0170666 0.0693568 0)
(0.0402353 0.0792766 0)
(0.0806253 0.0988762 0)
(0.029565 0.122959 0)
(-0.100951 0.125698 0)
(-0.175622 0.110701 0)
(-0.188226 0.122635 0)
(-0.207112 0.116198 0)
(-0.189083 0.0713142 0)
(-0.0666168 0.0340384 0)
(0.0817652 -0.00978494 0)
(0.17702 -0.0226987 0)
(0.22071 -0.000537396 0)
(0.19213 0.0600192 0)
(0.12317 0.125246 0)
(0.0614668 0.1176 0)
(0.0196163 0.107586 0)
(0.00127107 0.0964711 0)
(-0.0115338 0.0792684 0)
(-0.0074293 0.0496214 0)
(0.00258973 0.020371 0)
(0.00888245 0.00427454 0)
(0.0359291 0.0155895 0)
(0.0431061 0.0220531 0)
(0.0142362 0.0202569 0)
(-0.00414858 0.0390126 0)
(-0.0304994 0.0410818 0)
(-0.0855161 0.0389956 0)
(-0.120758 0.0225604 0)
(-0.0814395 0.0214853 0)
(-0.017907 0.0431262 0)
(0.0188374 0.0715533 0)
(0.0364702 0.0208679 0)
(0.034835 -0.0207327 0)
(0.0316975 -0.00782922 0)
(0.0140868 -0.0112884 0)
(-0.0277613 -0.0134953 0)
(-0.0831452 -0.0133775 0)
(-0.0899647 -0.0392602 0)
(-0.0393928 -0.059164 0)
(0.0354793 -0.040663 0)
(0.106092 -0.0332881 0)
(0.146737 -0.0239925 0)
(0.143783 -0.0337649 0)
(0.101187 -0.0631386 0)
(0.0578548 -0.110075 0)
(0.00377495 -0.0873476 0)
(-0.0717118 -0.0357668 0)
(-0.111001 -0.0059607 0)
(-0.115188 0.00344232 0)
(-0.115425 0.0337715 0)
(-0.099109 0.0888836 0)
(-0.0523868 0.0983886 0)
(0.0227853 0.122097 0)
(0.0589959 0.149182 0)
(0.0727951 0.124893 0)
(0.0774727 0.0640031 0)
(0.0461181 0.0102817 0)
(0.0259417 -0.0507841 0)
(0.0306219 -0.0724574 0)
(0.0225053 -0.0698579 0)
(-0.0139977 -0.0762167 0)
(-0.0337177 -0.109886 0)
(-0.0264231 -0.133393 0)
(-0.0199078 -0.154234 0)
(0.0192354 -0.15915 0)
(0.0455819 -0.161214 0)
(0.00141148 -0.164359 0)
(-0.0571242 -0.144392 0)
(-0.0978809 -0.0948701 0)
(-0.104736 -0.0747233 0)
(-0.0579752 -0.0645434 0)
(0.0250677 -0.0425626 0)
(0.0936023 -0.00518302 0)
(0.112287 0.0295907 0)
(0.0976711 0.0268049 0)
(0.0523813 0.0192055 0)
(-0.000615168 0.0136718 0)
(-0.0177857 -0.00078815 0)
(-0.027556 -0.028326 0)
(-0.0550389 -0.0435928 0)
(-0.0718179 -0.0464294 0)
(-0.0427014 -0.018965 0)
(0.0151966 -0.00669771 0)
(0.0641028 -0.0276543 0)
(0.0804142 -0.0293677 0)
(0.0392075 -0.0369527 0)
(0.0156455 -0.00535764 0)
(0.0261836 0.0569458 0)
(0.033997 0.0932857 0)
(0.0372362 0.0927248 0)
(0.0410989 0.070924 0)
(0.0122982 0.0480444 0)
(-0.0274379 0.056901 0)
(-0.00661123 0.0835832 0)
(0.0556886 0.060399 0)
(0.0829083 0.053922 0)
(0.040703 0.0826582 0)
(-0.00223383 0.083871 0)
(0.0174616 0.0802661 0)
(0.0320714 0.0913447 0)
(0.0414028 0.104374 0)
(0.0684411 0.111214 0)
(0.0254098 0.105031 0)
(-0.0913296 0.108902 0)
(-0.165734 0.108263 0)
(-0.191244 0.111589 0)
(-0.224336 0.106567 0)
(-0.202811 0.088945 0)
(-0.0987983 0.0961755 0)
(0.0385527 0.0399956 0)
(0.179231 0.0120374 0)
(0.264299 0.0356279 0)
(0.239462 0.0877155 0)
(0.140812 0.135181 0)
(0.0605994 0.131819 0)
(0.0158173 0.124934 0)
(-0.0154683 0.0849034 0)
(-0.0372009 0.0555794 0)
(-0.0316367 0.0282606 0)
(-0.0112335 -0.00243775 0)
(0.0114536 -0.00990264 0)
(0.0504966 -0.000392423 0)
(0.0524115 0.010958 0)
(0.0206886 0.0175682 0)
(-0.00488971 0.0374274 0)
(-0.0377122 0.02879 0)
(-0.0929862 0.0180805 0)
(-0.127227 0.0242379 0)
(-0.0700632 0.0432451 0)
(0.0101431 0.0608254 0)
(0.0101353 0.0755246 0)
(-0.0117637 0.0502528 0)
(0.0201 0.0304129 0)
(0.0365711 0.00523331 0)
(0.0138896 0.00140375 0)
(-0.0267029 -0.0140063 0)
(-0.0986525 -0.0203645 0)
(-0.111327 -0.0123643 0)
(-0.0347181 -0.0230153 0)
(0.0558675 -0.00959276 0)
(0.104897 -0.0100015 0)
(0.125701 -0.0356372 0)
(0.120046 -0.079348 0)
(0.0798803 -0.104748 0)
(0.0670543 -0.114275 0)
(0.0458773 -0.088891 0)
(-0.0338933 -0.04515 0)
(-0.102435 0.00133392 0)
(-0.114174 0.0158674 0)
(-0.0894891 0.0385031 0)
(-0.0727344 0.070137 0)
(-0.0305741 0.103051 0)
(0.0436377 0.132703 0)
(0.0558207 0.1431 0)
(0.0387933 0.138311 0)
(0.0339253 0.0822239 0)
(0.00870814 0.020737 0)
(-0.00017067 -0.0360926 0)
(0.021729 -0.058542 0)
(0.0217307 -0.0443701 0)
(-0.0254668 -0.0522426 0)
(-0.0566088 -0.0900282 0)
(-0.0443852 -0.115714 0)
(-0.0307657 -0.127742 0)
(0.0141334 -0.145481 0)
(0.0469006 -0.150045 0)
(0.0151642 -0.13781 0)
(-0.0290387 -0.114709 0)
(-0.07471 -0.0814577 0)
(-0.08822 -0.0555245 0)
(-0.0381421 -0.0232007 0)
(0.0462458 -0.003668 0)
(0.108957 0.013252 0)
(0.114185 0.0256562 0)
(0.0881782 0.0337939 0)
(0.0448067 0.0172447 0)
(-0.00324632 0.00469297 0)
(-0.0359733 -0.00644177 0)
(-0.0599543 -0.0320002 0)
(-0.0803637 -0.0568556 0)
(-0.073136 -0.0609602 0)
(-0.029923 -0.0208663 0)
(0.0171148 -0.00631329 0)
(0.0612061 -0.0210964 0)
(0.076581 -0.0496945 0)
(0.0678627 -0.0467348 0)
(0.0712447 0.0139654 0)
(0.0660615 0.0766715 0)
(0.0483979 0.12012 0)
(0.0303312 0.122709 0)
(0.0226954 0.079816 0)
(0.00644072 0.0199645 0)
(-0.0109097 -0.00193457 0)
(0.0117161 0.0340119 0)
(0.0569689 0.0524646 0)
(0.0790372 0.0532064 0)
(0.0500841 0.0637652 0)
(0.0110607 0.0912752 0)
(0.0201749 0.0891346 0)
(0.0338155 0.0680599 0)
(0.0525729 0.0958208 0)
(0.0778952 0.109364 0)
(0.0240802 0.0925377 0)
(-0.102582 0.0937999 0)
(-0.177576 0.093418 0)
(-0.193088 0.0986278 0)
(-0.226883 0.0905115 0)
(-0.19922 0.0834981 0)
(-0.104384 0.114518 0)
(0.0189182 0.108551 0)
(0.173674 0.0972361 0)
(0.277092 0.103595 0)
(0.266931 0.115519 0)
(0.158014 0.135924 0)
(0.0570657 0.140106 0)
(-0.0111778 0.113604 0)
(-0.045648 0.0589813 0)
(-0.048964 0.00904254 0)
(-0.0459866 -0.00799088 0)
(-0.0217514 -0.0287214 0)
(0.0134685 -0.0312451 0)
(0.053484 -0.0245237 0)
(0.0574783 -0.0178125 0)
(0.0336886 -0.00468278 0)
(0.00286196 0.0154338 0)
(-0.0471664 0.00852537 0)
(-0.0923858 -0.00307549 0)
(-0.106652 0.0245791 0)
(-0.0595329 0.0690654 0)
(0.00055723 0.0771201 0)
(0.00585503 0.0665962 0)
(-0.00152717 0.0844277 0)
(-0.00243778 0.0991644 0)
(0.00706856 0.0379174 0)
(-0.00234039 0.0178115 0)
(-0.0449505 -0.0175049 0)
(-0.082009 -0.0283178 0)
(-0.090918 0.00259714 0)
(-0.0353931 0.0152608 0)
(0.0478207 0.0223706 0)
(0.0903179 0.0082611 0)
(0.0994739 -0.0233654 0)
(0.0967596 -0.0857229 0)
(0.0790688 -0.112489 0)
(0.0725674 -0.108713 0)
(0.056911 -0.116382 0)
(-0.00396605 -0.0863214 0)
(-0.0657069 -0.0141092 0)
(-0.088379 0.0442083 0)
(-0.0768717 0.0618612 0)
(-0.0536289 0.0656088 0)
(-0.00873934 0.0912053 0)
(0.0497858 0.111077 0)
(0.0608637 0.134885 0)
(0.0262147 0.156885 0)
(-0.0101755 0.110632 0)
(-0.0413511 0.0321707 0)
(-0.0320842 -0.0309324 0)
(0.0254728 -0.0415877 0)
(0.0286088 -0.0334317 0)
(-0.045738 -0.0600099 0)
(-0.0783732 -0.064267 0)
(-0.052104 -0.0859974 0)
(-0.0398038 -0.102247 0)
(0.00474018 -0.110736 0)
(0.0530657 -0.123609 0)
(0.0292281 -0.104435 0)
(-0.0138243 -0.0779614 0)
(-0.052481 -0.0648044 0)
(-0.0600972 -0.0257929 0)
(-0.0183178 0.0093899 0)
(0.0528311 0.0186031 0)
(0.115183 0.0230999 0)
(0.126041 0.0333568 0)
(0.0883084 0.0360735 0)
(0.0255155 0.0200432 0)
(-0.0262513 -0.018268 0)
(-0.0562186 -0.0244556 0)
(-0.079909 -0.0349022 0)
(-0.0964686 -0.0474924 0)
(-0.0727318 -0.0417694 0)
(-0.0240623 -0.0149798 0)
(0.0139301 -0.00416956 0)
(0.0507343 -0.0221226 0)
(0.0783716 -0.0479913 0)
(0.100902 -0.0174417 0)
(0.119829 0.0292769 0)
(0.116847 0.0672058 0)
(0.0800982 0.106458 0)
(0.0197386 0.121715 0)
(-0.0224193 0.0841707 0)
(-0.0361009 0.020797 0)
(-0.00607607 -0.0208166 0)
(0.0433075 0.00970352 0)
(0.0781801 0.0345864 0)
(0.0977041 0.0297814 0)
(0.0730696 0.0288283 0)
(0.0186221 0.0613928 0)
(0.000524725 0.0888536 0)
(0.0353061 0.0783032 0)
(0.0686474 0.0790837 0)
(0.061895 0.0494903 0)
(0.0092783 0.0200849 0)
(-0.0955127 0.0366641 0)
(-0.16682 0.0913217 0)
(-0.197572 0.100204 0)
(-0.239035 0.0786814 0)
(-0.188002 0.0768784 0)
(-0.0824069 0.11622 0)
(0.0246955 0.154652 0)
(0.17537 0.171129 0)
(0.278489 0.171718 0)
(0.264943 0.150345 0)
(0.161516 0.137588 0)
(0.047625 0.111242 0)
(-0.0397429 0.0568856 0)
(-0.0878235 0.0326352 0)
(-0.0817412 -0.0102438 0)
(-0.0548162 -0.0359188 0)
(-0.0241614 -0.0507993 0)
(0.0180025 -0.0555606 0)
(0.0628656 -0.0418395 0)
(0.0683059 -0.0395334 0)
(0.0450991 -0.0319668 0)
(0.00337073 -0.0262092 0)
(-0.0541691 -0.0338141 0)
(-0.0852965 -0.0198608 0)
(-0.0793271 0.0178827 0)
(-0.0372772 0.070658 0)
(0.00216637 0.0892461 0)
(0.00943832 0.0987945 0)
(0.00658487 0.113425 0)
(-0.0189023 0.102533 0)
(-0.0270081 0.0738802 0)
(-0.0294152 0.0417832 0)
(-0.061881 0.0287724 0)
(-0.083824 0.013672 0)
(-0.0779812 0.013224 0)
(-0.0177358 0.0194368 0)
(0.0541259 0.0199251 0)
(0.0753928 0.00935065 0)
(0.0611365 -0.0140692 0)
(0.0591206 -0.0577693 0)
(0.0672749 -0.0957412 0)
(0.0678275 -0.104382 0)
(0.0650157 -0.125829 0)
(0.0428147 -0.103125 0)
(-0.00620358 -0.0307862 0)
(-0.0592714 0.0244671 0)
(-0.0757627 0.0528959 0)
(-0.0539535 0.0632549 0)
(-0.000385493 0.0833256 0)
(0.0724382 0.0902606 0)
(0.0864832 0.129754 0)
(0.0185593 0.15721 0)
(-0.0593221 0.119804 0)
(-0.0959489 0.0380695 0)
(-0.0539865 -0.0130129 0)
(0.0211816 -0.0175115 0)
(0.0101441 -0.0339432 0)
(-0.045767 -0.0594165 0)
(-0.0731886 -0.0535501 0)
(-0.0698379 -0.0794165 0)
(-0.0466625 -0.0914912 0)
(0.000514956 -0.0823578 0)
(0.0534826 -0.0879732 0)
(0.0506512 -0.0488047 0)
(0.00210468 -0.0266499 0)
(-0.0342255 -0.012777 0)
(-0.031487 0.0230136 0)
(-0.00346832 0.0389612 0)
(0.0578758 0.0377526 0)
(0.120435 0.0421441 0)
(0.122925 0.0465113 0)
(0.0756163 0.013712 0)
(-0.000443002 -0.00362428 0)
(-0.0443049 -0.0328939 0)
(-0.0600912 -0.0312747 0)
(-0.0928422 -0.0286731 0)
(-0.106088 -0.036734 0)
(-0.0758352 -0.021573 0)
(-0.0233668 -0.0114715 0)
(0.0115196 -0.00511661 0)
(0.0434542 -0.0101718 0)
(0.0928397 -0.0130431 0)
(0.136033 0.0264263 0)
(0.144152 0.057334 0)
(0.133503 0.0612082 0)
(0.0996555 0.0560502 0)
(0.025761 0.07065 0)
(-0.0391956 0.0702999 0)
(-0.0583411 0.0475327 0)
(-0.00711511 0.015476 0)
(0.063308 0.00801748 0)
(0.0808887 -0.0036724 0)
(0.0817823 -0.0171315 0)
(0.0778316 -0.034908 0)
(0.0571415 0.00345868 0)
(0.0321258 0.0615846 0)
(0.0240456 0.0669839 0)
(0.0271696 0.0279811 0)
(0.0292186 -0.0157371 0)
(0.00883584 -0.0187003 0)
(-0.0560384 0.00943262 0)
(-0.136332 0.071365 0)
(-0.207242 0.0800835 0)
(-0.248126 0.0703947 0)
(-0.174855 0.0833872 0)
(-0.0495189 0.104805 0)
(0.057945 0.170111 0)
(0.185905 0.218203 0)
(0.262566 0.216718 0)
(0.243677 0.17102 0)
(0.132149 0.119917 0)
(0.00155261 0.0685674 0)
(-0.0643833 0.00764666 0)
(-0.0898895 -0.0159785 0)
(-0.094027 -0.0175656 0)
(-0.0705723 -0.052079 0)
(-0.0314175 -0.0726565 0)
(0.0240382 -0.0732754 0)
(0.0681507 -0.0741211 0)
(0.0662632 -0.0846303 0)
(0.0434632 -0.078263 0)
(-0.000172956 -0.0715334 0)
(-0.0458243 -0.0659166 0)
(-0.0592116 -0.0379329 0)
(-0.0461683 0.0116883 0)
(-0.0139718 0.078606 0)
(0.0139712 0.0988666 0)
(0.0164915 0.115938 0)
(-0.00532815 0.131099 0)
(-0.0370901 0.107401 0)
(-0.0419176 0.0973759 0)
(-0.038385 0.0623434 0)
(-0.0669687 0.054775 0)
(-0.0932522 0.051411 0)
(-0.085013 0.0539 0)
(-0.0274508 0.0524909 0)
(0.0445684 0.0181944 0)
(0.0703549 -0.00711313 0)
(0.0556604 -0.0236955 0)
(0.0423215 -0.0357288 0)
(0.0500167 -0.0561736 0)
(0.0548189 -0.069468 0)
(0.0609795 -0.0859549 0)
(0.0675704 -0.0910723 0)
(0.028164 -0.0767947 0)
(-0.028336 -0.0419119 0)
(-0.0511666 0.00866128 0)
(-0.0350516 0.0433079 0)
(0.00677894 0.0900446 0)
(0.0795334 0.10597 0)
(0.106129 0.120593 0)
(0.0157821 0.118693 0)
(-0.0997467 0.109973 0)
(-0.139677 0.057165 0)
(-0.0723275 0.0190103 0)
(0.0118316 0.00700508 0)
(0.000376588 -0.010569 0)
(-0.057106 -0.0446277 0)
(-0.0899265 -0.080789 0)
(-0.0770401 -0.0996832 0)
(-0.0393622 -0.089786 0)
(0.0095611 -0.0602759 0)
(0.0797261 -0.0308637 0)
(0.0762688 0.0188803 0)
(0.0147829 0.0317831 0)
(-0.0135608 0.0478878 0)
(-0.0193941 0.0678724 0)
(-0.00477233 0.06234 0)
(0.0575437 0.0614096 0)
(0.123138 0.052343 0)
(0.105179 0.0374034 0)
(0.0493696 -0.00151637 0)
(-0.0135889 -0.0101705 0)
(-0.0547713 -0.00910905 0)
(-0.06516 -0.0328256 0)
(-0.100181 -0.0299688 0)
(-0.111814 -0.0301308 0)
(-0.0785673 -0.00918176 0)
(-0.026122 -0.00906806 0)
(0.0170181 -0.0127692 0)
(0.0566058 -0.00186319 0)
(0.114003 0.0387698 0)
(0.160058 0.0624338 0)
(0.152906 0.0734919 0)
(0.124427 0.0717749 0)
(0.0970616 0.0507803 0)
(0.0417913 0.0425837 0)
(-0.0266068 0.0393849 0)
(-0.0629898 0.0439423 0)
(-0.0219187 0.0284852 0)
(0.0413417 -0.0162268 0)
(0.0698825 -0.059699 0)
(0.0823688 -0.0687511 0)
(0.0928877 -0.070794 0)
(0.0911882 -0.0250024 0)
(0.0459591 0.00579838 0)
(0.00685139 0.0158939 0)
(0.0022145 -0.00831949 0)
(0.0208092 -0.0372939 0)
(0.020578 -0.0515898 0)
(-0.0363383 -0.0211322 0)
(-0.121329 0.0315391 0)
(-0.203897 0.0616876 0)
(-0.241261 0.0770501 0)
(-0.166364 0.0955261 0)
(-0.0212847 0.100976 0)
(0.106498 0.177177 0)
(0.209197 0.220098 0)
(0.244555 0.213061 0)
(0.195761 0.151442 0)
(0.0893855 0.0742489 0)
(-0.0306184 0.0482971 0)
(-0.0966835 0.0072563 0)
(-0.100494 -0.0368806 0)
(-0.102122 -0.0489968 0)
(-0.0892574 -0.0804814 0)
(-0.0341856 -0.0979616 0)
(0.0215886 -0.0964164 0)
(0.0579242 -0.116107 0)
(0.0671067 -0.125286 0)
(0.0547736 -0.117432 0)
(0.0105416 -0.109934 0)
(-0.033345 -0.0840462 0)
(-0.0339487 -0.0617088 0)
(-0.000858041 -0.00990546 0)
(0.0185866 0.0663914 0)
(0.0209567 0.116309 0)
(0.0246724 0.12827 0)
(-0.00740484 0.134678 0)
(-0.0502036 0.121098 0)
(-0.0651145 0.120071 0)
(-0.0639929 0.0975269 0)
(-0.0713657 0.0692757 0)
(-0.0841079 0.0639517 0)
(-0.075093 0.072095 0)
(-0.0402993 0.0680559 0)
(0.0153688 0.0339063 0)
(0.050723 0.0025847 0)
(0.0468618 -0.0215509 0)
(0.0421113 -0.0197465 0)
(0.0488528 -0.0262086 0)
(0.0512459 -0.0486428 0)
(0.0528812 -0.0542223 0)
(0.0513999 -0.0898769 0)
(0.0297596 -0.100347 0)
(0.00142594 -0.0623205 0)
(-0.016914 -0.0273318 0)
(0.000845008 -0.000829746 0)
(0.0399872 0.0571184 0)
(0.0891696 0.110574 0)
(0.0907037 0.107331 0)
(0.00675122 0.0703566 0)
(-0.10704 0.0775067 0)
(-0.163598 0.0813371 0)
(-0.0899505 0.0764893 0)
(0.00179331 0.0611174 0)
(-0.0244271 0.0130783 0)
(-0.0934809 -0.0615895 0)
(-0.109738 -0.104978 0)
(-0.0729169 -0.0889288 0)
(-0.0147679 -0.0711942 0)
(0.0461489 -0.0308733 0)
(0.1136 0.0257655 0)
(0.0985783 0.0498933 0)
(0.025595 0.0714483 0)
(-0.00499564 0.0908235 0)
(-0.0176074 0.0971351 0)
(-0.00462921 0.0949804 0)
(0.0540004 0.0916323 0)
(0.10551 0.0618217 0)
(0.0845605 0.0156354 0)
(0.0396042 -0.00158549 0)
(-0.0100852 -0.0109878 0)
(-0.0687317 -0.00308035 0)
(-0.087441 -0.0307595 0)
(-0.107376 -0.0475897 0)
(-0.111511 -0.0324402 0)
(-0.0835914 -0.0103215 0)
(-0.03077 -0.00539566 0)
(0.0261868 -0.00862276 0)
(0.0904685 0.0159656 0)
(0.143839 0.0715976 0)
(0.164262 0.0854246 0)
(0.154855 0.0788891 0)
(0.122904 0.0764706 0)
(0.087025 0.0609622 0)
(0.0288862 0.0297734 0)
(-0.0245523 0.0165021 0)
(-0.0514806 0.0332071 0)
(-0.0364029 0.0332309 0)
(0.0122839 -0.0352577 0)
(0.0538469 -0.0983333 0)
(0.0821208 -0.123346 0)
(0.114911 -0.110962 0)
(0.114653 -0.090953 0)
(0.0599017 -0.0638101 0)
(0.00842906 -0.0392388 0)
(-0.0193231 -0.042065 0)
(-0.0112076 -0.0633629 0)
(0.0117908 -0.0808744 0)
(-0.00341405 -0.0456676 0)
(-0.0830121 0.0145155 0)
(-0.180204 0.0612566 0)
(-0.228485 0.0797052 0)
(-0.161367 0.0895938 0)
(0.00752247 0.112726 0)
(0.143686 0.184371 0)
(0.211685 0.216449 0)
(0.212827 0.175467 0)
(0.143769 0.0937532 0)
(0.0598794 0.031227 0)
(-0.0428169 0.0132399 0)
(-0.121011 -0.00741384 0)
(-0.124449 -0.0383582 0)
(-0.118893 -0.0824141 0)
(-0.0994592 -0.09637 0)
(-0.0365788 -0.111986 0)
(0.0162302 -0.119644 0)
(0.0510187 -0.13608 0)
(0.0675817 -0.142076 0)
(0.0549392 -0.132317 0)
(0.0222452 -0.12935 0)
(-0.0148838 -0.103381 0)
(-0.0114684 -0.083728 0)
(0.0393843 -0.0433127 0)
(0.0689428 0.0252281 0)
(0.0490866 0.0981535 0)
(0.0198996 0.132369 0)
(-0.0197264 0.127957 0)
(-0.0554452 0.126266 0)
(-0.064995 0.140086 0)
(-0.0794164 0.123692 0)
(-0.0932059 0.0927813 0)
(-0.0906175 0.0702326 0)
(-0.0794048 0.0725174 0)
(-0.0510531 0.0724643 0)
(0.00256739 0.0512538 0)
(0.0370326 0.0127281 0)
(0.0475129 -0.00463532 0)
(0.0473381 -0.00351422 0)
(0.0366287 -0.0260603 0)
(0.0407399 -0.0657773 0)
(0.035193 -0.0808297 0)
(0.0357679 -0.099371 0)
(0.0479546 -0.0817874 0)
(0.0224068 -0.070497 0)
(-0.0110108 -0.0554046 0)
(0.0204435 -0.0244045 0)
(0.0812782 0.0218386 0)
(0.109041 0.0894157 0)
(0.0699533 0.0912748 0)
(-0.0112455 0.0471625 0)
(-0.0947667 0.0500097 0)
(-0.141278 0.0957089 0)
(-0.0858592 0.123538 0)
(-0.0316041 0.0959899 0)
(-0.0853717 0.0117926 0)
(-0.138853 -0.0627456 0)
(-0.1051 -0.0885751 0)
(-0.0479729 -0.0549094 0)
(0.00654998 -0.0310521 0)
(0.0831171 0.0029999 0)
(0.140764 0.0466183 0)
(0.111442 0.0571826 0)
(0.0469543 0.0870446 0)
(0.00829273 0.117749 0)
(-0.0123762 0.115293 0)
(-0.00410224 0.111772 0)
(0.0380794 0.0932887 0)
(0.0715944 0.0567319 0)
(0.061406 0.0161163 0)
(0.0302131 0.00833481 0)
(-0.0176057 -0.0193439 0)
(-0.0763714 -0.0337514 0)
(-0.109727 -0.0449619 0)
(-0.118361 -0.0590844 0)
(-0.106158 -0.0469 0)
(-0.0834391 -0.0341891 0)
(-0.0365495 -0.0095348 0)
(0.0372893 -0.00210024 0)
(0.116227 0.0413068 0)
(0.161436 0.099463 0)
(0.162239 0.104374 0)
(0.14588 0.0880458 0)
(0.114667 0.0829049 0)
(0.0704058 0.0618741 0)
(0.0208196 0.0225383 0)
(-0.00911232 0.0213973 0)
(-0.0337396 0.0277807 0)
(-0.0549076 0.0322889 0)
(-0.0392811 -0.0459108 0)
(0.018532 -0.139058 0)
(0.0827159 -0.17904 0)
(0.121921 -0.157368 0)
(0.126506 -0.163892 0)
(0.0803729 -0.134752 0)
(0.0156862 -0.1092 0)
(-0.0251827 -0.0984091 0)
(-0.0186768 -0.0810236 0)
(0.0225341 -0.0487932 0)
(0.0235837 -0.0158677 0)
(-0.0515285 -0.00312657 0)
(-0.163221 0.026536 0)
(-0.226226 0.0514355 0)
(-0.146616 0.0799069 0)
(0.0450341 0.126533 0)
(0.180593 0.169092 0)
(0.201823 0.189923 0)
(0.155025 0.130674 0)
(0.0920254 0.0471325 0)
(0.0341772 -0.00538986 0)
(-0.0534521 -0.0242381 0)
(-0.127676 -0.0340963 0)
(-0.147686 -0.0576959 0)
(-0.136304 -0.0776935 0)
(-0.102576 -0.0764564 0)
(-0.0435034 -0.0974446 0)
(0.0104986 -0.127151 0)
(0.0464069 -0.159937 0)
(0.0727732 -0.166111 0)
(0.0645741 -0.152169 0)
(0.029499 -0.150846 0)
(-0.00503493 -0.135413 0)
(0.0021762 -0.0921367 0)
(0.0688631 -0.0367309 0)
(0.110649 0.00852735 0)
(0.0872034 0.0490647 0)
(0.0344768 0.0930219 0)
(-0.0227238 0.107002 0)
(-0.0502087 0.128504 0)
(-0.0736342 0.145095 0)
(-0.102928 0.120964 0)
(-0.112322 0.0953107 0)
(-0.0982054 0.0725535 0)
(-0.0702948 0.0807023 0)
(-0.0505542 0.0947393 0)
(-0.0211638 0.0864054 0)
(0.0186698 0.0372788 0)
(0.0450422 0.00536669 0)
(0.0367685 -0.0139652 0)
(0.0128073 -0.0486225 0)
(0.0190399 -0.083578 0)
(0.0337224 -0.104014 0)
(0.0531544 -0.0977141 0)
(0.0501658 -0.0951744 0)
(0.016872 -0.109614 0)
(0.0103602 -0.0918648 0)
(0.0490824 -0.0365573 0)
(0.114105 0.0144616 0)
(0.130687 0.0680622 0)
(0.0511781 0.0685562 0)
(-0.0300617 0.0514555 0)
(-0.0751887 0.0460271 0)
(-0.110451 0.096437 0)
(-0.087815 0.127907 0)
(-0.0760516 0.0844204 0)
(-0.135207 0.0211907 0)
(-0.1607 -0.0153338 0)
(-0.0977469 -0.0351658 0)
(-0.0255463 -0.0338033 0)
(0.0313171 -0.00582098 0)
(0.105281 0.0227339 0)
(0.154531 0.0457875 0)
(0.129301 0.0575282 0)
(0.0719006 0.0948942 0)
(0.0189542 0.114602 0)
(-0.0172052 0.112209 0)
(-0.0146711 0.10355 0)
(0.0203077 0.0816134 0)
(0.0552002 0.0448212 0)
(0.0539431 0.0194775 0)
(0.0158888 -0.00243793 0)
(-0.0423724 -0.0497702 0)
(-0.0935832 -0.0856799 0)
(-0.117562 -0.0875058 0)
(-0.12634 -0.0706722 0)
(-0.116964 -0.0597841 0)
(-0.0855157 -0.0582131 0)
(-0.0315419 -0.018666 0)
(0.0521938 0.0150821 0)
(0.151914 0.058484 0)
(0.176652 0.0913035 0)
(0.145575 0.106806 0)
(0.133743 0.111659 0)
(0.104188 0.11715 0)
(0.0492831 0.0851918 0)
(0.0114852 0.0510919 0)
(-0.0037161 0.045219 0)
(-0.0235958 0.0128908 0)
(-0.06995 -0.0215877 0)
(-0.0945046 -0.090041 0)
(-0.0281913 -0.171217 0)
(0.0797671 -0.188911 0)
(0.131648 -0.185845 0)
(0.131217 -0.207204 0)
(0.0948005 -0.212644 0)
(0.0255173 -0.163869 0)
(-0.0111959 -0.126007 0)
(0.0113436 -0.0689875 0)
(0.0460074 -0.0351162 0)
(0.0179253 -0.0413383 0)
(-0.0619884 -0.0514695 0)
(-0.148117 -0.0209386 0)
(-0.195501 0.0456017 0)
(-0.111051 0.108729 0)
(0.0693327 0.150224 0)
(0.187722 0.14672 0)
(0.182294 0.122121 0)
(0.108397 0.0637589 0)
(0.0461906 0.015084 0)
(0.0118557 -0.0231777 0)
(-0.0575427 -0.0377863 0)
(-0.137528 -0.052537 0)
(-0.147137 -0.0706181 0)
(-0.12263 -0.0619463 0)
(-0.103939 -0.0567919 0)
(-0.0645311 -0.070374 0)
(-0.0217463 -0.109308 0)
(0.0284565 -0.15279 0)
(0.0770001 -0.180538 0)
(0.0670219 -0.169795 0)
(0.032137 -0.162438 0)
(0.0222686 -0.147785 0)
(0.0515257 -0.0986346 0)
(0.100822 -0.0439829 0)
(0.117465 -0.00794279 0)
(0.0959856 0.00739453 0)
(0.0479105 0.0313799 0)
(-0.00652131 0.0678902 0)
(-0.0378847 0.0995824 0)
(-0.0781515 0.119909 0)
(-0.120668 0.111406 0)
(-0.130524 0.094484 0)
(-0.100271 0.0831968 0)
(-0.0593032 0.0955161 0)
(-0.0404697 0.111026 0)
(-0.030853 0.112552 0)
(-0.011626 0.0723953 0)
(0.0222296 0.0173014 0)
(0.0205337 -0.0270985 0)
(-0.00241302 -0.0532089 0)
(0.0100762 -0.0842047 0)
(0.0316469 -0.115731 0)
(0.0451728 -0.111892 0)
(0.0379358 -0.132635 0)
(0.0196212 -0.134869 0)
(0.0341331 -0.104931 0)
(0.0875991 -0.0508701 0)
(0.145897 -0.0030808 0)
(0.136578 0.0320966 0)
(0.0469377 0.038114 0)
(-0.0360078 0.0516666 0)
(-0.0664551 0.0544703 0)
(-0.0820185 0.0892697 0)
(-0.0919327 0.115358 0)
(-0.104208 0.07585 0)
(-0.150802 0.0468844 0)
(-0.171657 0.0266006 0)
(-0.110721 0.0149369 0)
(-0.0202547 0.00572392 0)
(0.0518546 0.0269787 0)
(0.122542 0.0392616 0)
(0.166419 0.0449494 0)
(0.147489 0.0497303 0)
(0.0900408 0.0659505 0)
(0.0242975 0.0770524 0)
(-0.0147242 0.0946497 0)
(-0.0186637 0.0951179 0)
(0.00406486 0.0812936 0)
(0.0350407 0.0406717 0)
(0.0343603 -0.00613876 0)
(-0.0158212 -0.0542089 0)
(-0.0780544 -0.100238 0)
(-0.108652 -0.132459 0)
(-0.109535 -0.128489 0)
(-0.116018 -0.102155 0)
(-0.12308 -0.082127 0)
(-0.088391 -0.0706285 0)
(-0.0266202 -0.0216789 0)
(0.0510896 0.0347185 0)
(0.139718 0.0686973 0)
(0.171541 0.0744253 0)
(0.158885 0.105612 0)
(0.142795 0.137936 0)
(0.0926998 0.142419 0)
(0.0276598 0.116959 0)
(0.0050233 0.0877061 0)
(-0.0172756 0.061408 0)
(-0.0589063 0.0101831 0)
(-0.105482 -0.0807704 0)
(-0.125979 -0.141852 0)
(-0.0351331 -0.172037 0)
(0.0849606 -0.194653 0)
(0.114537 -0.223314 0)
(0.105798 -0.235378 0)
(0.104712 -0.241751 0)
(0.0665378 -0.210841 0)
(0.0281855 -0.16377 0)
(0.0303873 -0.095662 0)
(0.0258776 -0.0506955 0)
(-0.00304346 -0.0529841 0)
(-0.0480417 -0.0522404 0)
(-0.100467 -0.0251287 0)
(-0.137377 0.0527787 0)
(-0.0748464 0.124198 0)
(0.0687724 0.152224 0)
(0.156821 0.122285 0)
(0.139214 0.0742851 0)
(0.0766492 0.0221139 0)
(0.0306692 -0.0338329 0)
(0.00024748 -0.0475887 0)
(-0.067736 -0.0623004 0)
(-0.142372 -0.0691732 0)
(-0.143503 -0.0453599 0)
(-0.114121 -0.0359188 0)
(-0.0967338 -0.0140347 0)
(-0.0709304 -0.0271634 0)
(-0.0404913 -0.0816742 0)
(0.00148379 -0.122586 0)
(0.065033 -0.167897 0)
(0.0793898 -0.171411 0)
(0.0433012 -0.166477 0)
(0.0350583 -0.156578 0)
(0.0671163 -0.130863 0)
(0.12022 -0.0923977 0)
(0.13054 -0.0451534 0)
(0.0974803 -0.0179843 0)
(0.0613076 -5.65139e-05 0)
(0.0120857 0.0323279 0)
(-0.0241567 0.0646067 0)
(-0.0736139 0.0852697 0)
(-0.126744 0.084422 0)
(-0.134806 0.0736617 0)
(-0.0960206 0.0906745 0)
(-0.0453646 0.117631 0)
(-0.0305471 0.136204 0)
(-0.0391216 0.130167 0)
(-0.0382164 0.0987455 0)
(-0.0129281 0.0491232 0)
(0.00096679 -0.00549757 0)
(-0.013918 -0.0476492 0)
(-0.014258 -0.0916313 0)
(0.0219039 -0.133969 0)
(0.0441955 -0.14032 0)
(0.031431 -0.143972 0)
(0.0304298 -0.126789 0)
(0.0610979 -0.097856 0)
(0.109842 -0.0626061 0)
(0.159334 -0.0325152 0)
(0.145297 -0.00949072 0)
(0.0517742 0.0158683 0)
(-0.0284097 0.0494019 0)
(-0.0534333 0.0676712 0)
(-0.066603 0.0911215 0)
(-0.0937634 0.0935021 0)
(-0.11843 0.0683445 0)
(-0.160802 0.0584738 0)
(-0.172755 0.0502432 0)
(-0.102793 0.0505715 0)
(-0.00916951 0.0474403 0)
(0.0598527 0.0506373 0)
(0.118967 0.0447336 0)
(0.160587 0.0292976 0)
(0.142908 0.0336337 0)
(0.0919326 0.0420119 0)
(0.0432314 0.0616418 0)
(0.00302255 0.0741737 0)
(-0.0142625 0.0645153 0)
(-0.00748444 0.0469599 0)
(0.00349964 0.0112096 0)
(-0.0046341 -0.049524 0)
(-0.0451908 -0.117486 0)
(-0.0964203 -0.151489 0)
(-0.116862 -0.167867 0)
(-0.104993 -0.15883 0)
(-0.110336 -0.140778 0)
(-0.121619 -0.114105 0)
(-0.0807922 -0.074797 0)
(-0.0193799 -0.0253098 0)
(0.0470756 0.0327444 0)
(0.129565 0.0706253 0)
(0.166515 0.0942776 0)
(0.16564 0.126427 0)
(0.144449 0.148214 0)
(0.0831431 0.159487 0)
(0.0143652 0.146629 0)
(-0.0137541 0.111983 0)
(-0.0366053 0.0524587 0)
(-0.0985493 -0.0152655 0)
(-0.150567 -0.0853548 0)
(-0.132816 -0.124671 0)
(-0.0438567 -0.160976 0)
(0.0574432 -0.224099 0)
(0.108308 -0.268072 0)
(0.115421 -0.25238 0)
(0.102464 -0.246668 0)
(0.0658214 -0.245592 0)
(0.0521133 -0.185208 0)
(0.07172 -0.118464 0)
(0.0562384 -0.0883329 0)
(-0.000559734 -0.0581613 0)
(-0.0542709 -0.033818 0)
(-0.0796954 -0.00268991 0)
(-0.0920069 0.0388774 0)
(-0.0431425 0.105566 0)
(0.0632304 0.138748 0)
(0.126547 0.0969401 0)
(0.106328 0.0296706 0)
(0.0288254 -0.00855534 0)
(-0.00247167 -0.0465391 0)
(-0.00363193 -0.0548866 0)
(-0.0650727 -0.0655805 0)
(-0.114009 -0.0638389 0)
(-0.109454 -0.0364445 0)
(-0.0851429 -0.00775244 0)
(-0.0829961 0.00983148 0)
(-0.100824 0.00198428 0)
(-0.0803539 -0.0504786 0)
(-0.0258414 -0.0946776 0)
(0.0472228 -0.115597 0)
(0.0705578 -0.153956 0)
(0.0410022 -0.178328 0)
(0.0408924 -0.172368 0)
(0.0851733 -0.158774 0)
(0.145012 -0.118073 0)
(0.149987 -0.0813494 0)
(0.106157 -0.0432615 0)
(0.0634692 -0.0303835 0)
(0.0227768 0.00437938 0)
(-0.0131134 0.0423574 0)
(-0.0733373 0.0520671 0)
(-0.134712 0.0556804 0)
(-0.127582 0.0628552 0)
(-0.0661141 0.10026 0)
(-0.0206702 0.14292 0)
(-0.0226611 0.152685 0)
(-0.0461956 0.14473 0)
(-0.0554894 0.118822 0)
(-0.0358108 0.0899497 0)
(-0.0305494 0.0436966 0)
(-0.0463891 -0.0372769 0)
(-0.0372809 -0.10176 0)
(0.00657706 -0.142074 0)
(0.0419764 -0.152276 0)
(0.045286 -0.131069 0)
(0.044706 -0.109653 0)
(0.0672423 -0.0915776 0)
(0.117615 -0.0717385 0)
(0.16476 -0.0554277 0)
(0.15206 -0.0389838 0)
(0.0726243 -0.00279965 0)
(-0.0110491 0.0452518 0)
(-0.0430746 0.0781121 0)
(-0.0638568 0.0976593 0)
(-0.103182 0.0851558 0)
(-0.119136 0.0767032 0)
(-0.14981 0.0711844 0)
(-0.16218 0.0780184 0)
(-0.0992453 0.0686143 0)
(-0.0108385 0.0502984 0)
(0.0537466 0.0411643 0)
(0.105617 0.0253926 0)
(0.153863 0.00733555 0)
(0.152161 0.0154895 0)
(0.108609 0.0399627 0)
(0.050729 0.0662894 0)
(-0.00424168 0.0539106 0)
(-0.0254652 0.0317694 0)
(-0.0189173 0.00352851 0)
(-0.0189205 -0.0410705 0)
(-0.0446921 -0.101975 0)
(-0.0786228 -0.170755 0)
(-0.10814 -0.20618 0)
(-0.113875 -0.206045 0)
(-0.0975713 -0.189412 0)
(-0.100521 -0.164386 0)
(-0.102999 -0.131227 0)
(-0.0651464 -0.072504 0)
(-0.0133285 -0.0264438 0)
(0.0434981 0.0335884 0)
(0.122723 0.07666 0)
(0.165395 0.111431 0)
(0.163795 0.139353 0)
(0.144832 0.15643 0)
(0.0826919 0.168643 0)
(-0.00212805 0.161687 0)
(-0.0456341 0.123435 0)
(-0.0809024 0.0523526 0)
(-0.122913 -0.0240809 0)
(-0.146549 -0.0782308 0)
(-0.145548 -0.108313 0)
(-0.0798034 -0.161553 0)
(0.0245099 -0.218538 0)
(0.100923 -0.267349 0)
(0.11768 -0.263531 0)
(0.0956669 -0.267271 0)
(0.0892619 -0.25975 0)
(0.0936946 -0.165883 0)
(0.0722279 -0.111894 0)
(0.0437237 -0.111505 0)
(0.0165206 -0.0899962 0)
(-0.0209369 -0.0370184 0)
(-0.0551937 0.0155596 0)
(-0.0631351 0.0262224 0)
(-0.00637028 0.0682417 0)
(0.0570649 0.100362 0)
(0.0715967 0.0592458 0)
(0.0582602 -0.00542179 0)
(0.0199054 -0.0333269 0)
(-0.000891943 -0.0238065 0)
(-0.00783504 -0.0319129 0)
(-0.0648486 -0.0415587 0)
(-0.107971 -0.0337539 0)
(-0.0863903 -0.0341285 0)
(-0.0625725 -0.0117499 0)
(-0.0720042 -0.0205542 0)
(-0.0991384 -0.00702807 0)
(-0.0977594 -0.0172436 0)
(-0.0353671 -0.0535675 0)
(0.0292793 -0.0726337 0)
(0.0372253 -0.127916 0)
(0.0285923 -0.154008 0)
(0.0413752 -0.163973 0)
(0.090958 -0.161606 0)
(0.15377 -0.139915 0)
(0.157657 -0.119364 0)
(0.106343 -0.085649 0)
(0.0702298 -0.0480725 0)
(0.0439209 -0.00363155 0)
(-0.00537973 0.0317515 0)
(-0.0745771 0.0389265 0)
(-0.1245 0.0492811 0)
(-0.103397 0.0816328 0)
(-0.0348442 0.120286 0)
(-0.00103512 0.146535 0)
(-0.0196127 0.156657 0)
(-0.0500276 0.152708 0)
(-0.0598469 0.133766 0)
(-0.0453751 0.113517 0)
(-0.0673061 0.0707469 0)
(-0.0960585 -0.00924227 0)
(-0.0706119 -0.095669 0)
(-0.00167979 -0.139114 0)
(0.0572315 -0.137968 0)
(0.0591214 -0.100827 0)
(0.0481067 -0.0897818 0)
(0.0711187 -0.0842642 0)
(0.113527 -0.0859721 0)
(0.157582 -0.0820369 0)
(0.158195 -0.0545322 0)
(0.0911828 -0.00694292 0)
(0.0144614 0.0403751 0)
(-0.0239393 0.0793413 0)
(-0.0620957 0.0907193 0)
(-0.101557 0.0915266 0)
(-0.114017 0.097685 0)
(-0.140507 0.0855177 0)
(-0.15403 0.0872088 0)
(-0.105101 0.0704378 0)
(-0.0174311 0.0382177 0)
(0.0452266 0.00820885 0)
(0.0900926 -0.00342528 0)
(0.144598 0.00323035 0)
(0.157794 0.0142769 0)
(0.124121 0.0362236 0)
(0.0554566 0.0547931 0)
(-0.0121623 0.0372433 0)
(-0.0341301 0.0135443 0)
(-0.0396517 -0.0356027 0)
(-0.0515242 -0.0945416 0)
(-0.0789461 -0.158253 0)
(-0.104601 -0.21095 0)
(-0.111092 -0.229954 0)
(-0.10095 -0.220665 0)
(-0.0798526 -0.206974 0)
(-0.0833769 -0.176968 0)
(-0.0817042 -0.131757 0)
(-0.0455955 -0.0744893 0)
(-0.0070504 -0.0229174 0)
(0.0401525 0.0344939 0)
(0.117271 0.0787336 0)
(0.156964 0.108646 0)
(0.155835 0.129554 0)
(0.137284 0.152698 0)
(0.0746456 0.14872 0)
(-0.0136121 0.148225 0)
(-0.0714537 0.137775 0)
(-0.107167 0.0832975 0)
(-0.146616 0.00274271 0)
(-0.162004 -0.0723902 0)
(-0.148512 -0.114796 0)
(-0.0898089 -0.146774 0)
(0.00138961 -0.180694 0)
(0.0829416 -0.223336 0)
(0.109542 -0.251683 0)
(0.086603 -0.270364 0)
(0.110888 -0.261558 0)
(0.124073 -0.199847 0)
(0.0733525 -0.137757 0)
(0.0388356 -0.081916 0)
(0.0300505 -0.0492898 0)
(0.00946242 -0.0115163 0)
(-0.0393067 0.00759662 0)
(-0.0563732 -0.00385453 0)
(0.00710345 0.00100882 0)
(0.0501731 0.0352572 0)
(0.0418908 0.028026 0)
(0.0332384 -0.00265034 0)
(0.0136747 -0.0228214 0)
(0.000880818 -0.0119171 0)
(-0.0103693 -0.0279561 0)
(-0.0558056 -0.0375321 0)
(-0.0933241 -0.0114965 0)
(-0.0740895 -0.00937587 0)
(-0.0537078 -0.0231055 0)
(-0.0580909 -0.0349021 0)
(-0.0790735 -0.0267143 0)
(-0.0982783 -0.00989254 0)
(-0.0533864 -0.0106856 0)
(0.00245981 -0.0442233 0)
(0.0168325 -0.0987572 0)
(0.0151367 -0.130424 0)
(0.0273538 -0.162293 0)
(0.083851 -0.141821 0)
(0.146634 -0.141159 0)
(0.154247 -0.129905 0)
(0.122592 -0.097131 0)
(0.0919366 -0.0311474 0)
(0.0559238 -0.00384792 0)
(-0.000332287 0.0114162 0)
(-0.0719677 0.0258188 0)
(-0.108775 0.0525516 0)
(-0.076115 0.0979083 0)
(-0.015504 0.119708 0)
(0.0122887 0.124816 0)
(-0.00781849 0.147679 0)
(-0.0473894 0.15489 0)
(-0.0624623 0.148534 0)
(-0.0542788 0.120828 0)
(-0.0887453 0.0755992 0)
(-0.136517 0.00685895 0)
(-0.105847 -0.0676623 0)
(-0.00734187 -0.100035 0)
(0.0758406 -0.107546 0)
(0.0755337 -0.0834735 0)
(0.0423277 -0.0714605 0)
(0.0476206 -0.0634585 0)
(0.0903518 -0.0849778 0)
(0.154786 -0.0886737 0)
(0.174021 -0.0635594 0)
(0.113538 -0.0154159 0)
(0.031372 0.0364558 0)
(-0.0172716 0.0682776 0)
(-0.0553676 0.0780066 0)
(-0.0876751 0.0950572 0)
(-0.103698 0.101843 0)
(-0.131346 0.0892812 0)
(-0.14526 0.0833498 0)
(-0.110706 0.065971 0)
(-0.0409943 0.0236972 0)
(0.0263201 -0.018272 0)
(0.0935772 -0.0113002 0)
(0.151528 0.00524041 0)
(0.16054 0.0137066 0)
(0.128369 0.030597 0)
(0.0520411 0.0324751 0)
(-0.0218734 0.0147284 0)
(-0.0563866 -0.014038 0)
(-0.0701738 -0.0553327 0)
(-0.0795406 -0.117399 0)
(-0.102518 -0.178585 0)
(-0.107962 -0.213636 0)
(-0.0987386 -0.230729 0)
(-0.0892397 -0.219434 0)
(-0.0677922 -0.200654 0)
(-0.0586682 -0.164767 0)
(-0.0532175 -0.107978 0)
(-0.0244081 -0.0607711 0)
(0.00104556 -0.0223011 0)
(0.0359864 0.0289735 0)
(0.102898 0.0617094 0)
(0.139251 0.0883968 0)
(0.144377 0.110238 0)
(0.122629 0.121321 0)
(0.0628235 0.122881 0)
(-0.00468251 0.12461 0)
(-0.0653749 0.139025 0)
(-0.131524 0.112328 0)
(-0.174761 0.0322727 0)
(-0.167315 -0.0510734 0)
(-0.142139 -0.0992179 0)
(-0.0849459 -0.127723 0)
(-0.00624867 -0.146081 0)
(0.0567769 -0.187101 0)
(0.0745714 -0.237467 0)
(0.0641545 -0.240617 0)
(0.102681 -0.223639 0)
(0.136104 -0.209998 0)
(0.108148 -0.137381 0)
(0.0658274 -0.0476023 0)
(0.0399805 -0.000258461 0)
(0.00816693 -0.00162865 0)
(-0.0510321 -0.0143344 0)
(-0.0665726 -0.0341182 0)
(0.0193536 -0.0376025 0)
(0.0684659 -0.0160311 0)
(0.0337579 0.0081881 0)
(0.0133814 -0.00161502 0)
(0.0102297 -0.014675 0)
(-0.00258242 -0.017671 0)
(-0.0201236 -0.0408644 0)
(-0.0411378 -0.030912 0)
(-0.0694628 0.00476528 0)
(-0.0715185 0.00881489 0)
(-0.0547224 -0.0143958 0)
(-0.0482328 -0.0341164 0)
(-0.0577706 -0.0469562 0)
(-0.0671446 -0.0254127 0)
(-0.0451907 -0.00873219 0)
(-0.023228 -0.0196125 0)
(-0.0170073 -0.0588761 0)
(-0.0139704 -0.0986614 0)
(0.0264772 -0.135039 0)
(0.0842055 -0.120239 0)
(0.124744 -0.125409 0)
(0.143461 -0.104016 0)
(0.133166 -0.075324 0)
(0.100081 -0.036856 0)
(0.0453649 -0.0179943 0)
(-0.00428578 -0.0092612 0)
(-0.0561127 0.0235307 0)
(-0.0760211 0.0675378 0)
(-0.0535502 0.111403 0)
(-0.0114335 0.115135 0)
(0.0257617 0.104744 0)
(0.0128226 0.116081 0)
(-0.0325961 0.12343 0)
(-0.0597639 0.129687 0)
(-0.0650783 0.105437 0)
(-0.110077 0.0616367 0)
(-0.158784 0.0166128 0)
(-0.113668 -0.0206814 0)
(-0.00927553 -0.0466015 0)
(0.0755708 -0.0773008 0)
(0.0781073 -0.099589 0)
(0.0442464 -0.0901411 0)
(0.0334323 -0.0616776 0)
(0.0588371 -0.0598245 0)
(0.130796 -0.0491845 0)
(0.168883 -0.0318905 0)
(0.127632 -0.0159522 0)
(0.0495094 0.0164441 0)
(-0.00728932 0.0471356 0)
(-0.0427418 0.0614476 0)
(-0.0701332 0.092358 0)
(-0.091535 0.100606 0)
(-0.118689 0.0767646 0)
(-0.132915 0.0668574 0)
(-0.114938 0.0523594 0)
(-0.0582374 0.00542302 0)
(0.021736 -0.0160699 0)
(0.0921298 -0.00444659 0)
(0.137502 0.00186759 0)
(0.150327 0.00454389 0)
(0.120457 0.0133985 0)
(0.0421052 0.0122107 0)
(-0.0299827 0.00712137 0)
(-0.0551824 -0.0416479 0)
(-0.0783229 -0.0815941 0)
(-0.10388 -0.133101 0)
(-0.113819 -0.164164 0)
(-0.112066 -0.175339 0)
(-0.0924791 -0.196199 0)
(-0.066252 -0.191817 0)
(-0.0383194 -0.16645 0)
(-0.0257687 -0.136308 0)
(-0.0278675 -0.078121 0)
(-0.0170392 -0.0284856 0)
(0.00579576 -0.0112409 0)
(0.0254118 0.0214202 0)
(0.0848149 0.0443682 0)
(0.120804 0.0622365 0)
(0.117258 0.0825671 0)
(0.100421 0.0938736 0)
(0.0549924 0.104268 0)
(0.00374484 0.0994697 0)
(-0.0461816 0.102842 0)
(-0.122607 0.0886041 0)
(-0.18355 0.0424943 0)
(-0.172142 -0.0163217 0)
(-0.130322 -0.0608417 0)
(-0.0711253 -0.094706 0)
(-0.0130905 -0.119154 0)
(0.0236432 -0.144931 0)
(0.0586075 -0.18872 0)
(0.0660747 -0.185194 0)
(0.0838644 -0.166819 0)
(0.122683 -0.159743 0)
(0.124107 -0.114746 0)
(0.0836009 -0.0285903 0)
(0.0308983 0.0173424 0)
(-0.0101141 0.00991533 0)
(-0.0554999 -0.0150699 0)
(-0.0636074 -0.0386525 0)
(0.019137 -0.0378353 0)
(0.0712333 -0.0405024 0)
(0.0372857 -0.0209975 0)
(0.00530277 -0.0159685 0)
(-0.00239331 -0.011544 0)
(-0.0162549 -0.0229605 0)
(-0.0136532 -0.0359943 0)
(-0.0102713 -0.00916449 0)
(-0.0434012 0.013897 0)
(-0.0592535 0.0169546 0)
(-0.0516478 0.00284954 0)
(-0.0488564 -0.0287592 0)
(-0.0456522 -0.046163 0)
(-0.0492089 -0.0275575 0)
(-0.0315946 -0.0227364 0)
(-0.0198487 -0.0201424 0)
(-0.0280743 -0.0199107 0)
(-0.0301315 -0.0419366 0)
(0.00916323 -0.0918864 0)
(0.0652091 -0.116976 0)
(0.108797 -0.124671 0)
(0.128412 -0.0799703 0)
(0.112983 -0.0386371 0)
(0.0874607 -0.0310281 0)
(0.0419239 -0.0269002 0)
(0.00737982 -0.0101752 0)
(-0.0266306 0.0294854 0)
(-0.0465324 0.066927 0)
(-0.0384456 0.088559 0)
(-0.0157361 0.0933502 0)
(0.018428 0.0804228 0)
(0.0149731 0.0826304 0)
(-0.0204133 0.0783003 0)
(-0.0475334 0.084085 0)
(-0.0634181 0.0814539 0)
(-0.101079 0.0564798 0)
(-0.139372 0.0342136 0)
(-0.104526 0.00661286 0)
(-0.0217433 -0.0175336 0)
(0.0424871 -0.0522515 0)
(0.0547331 -0.0944313 0)
(0.0466032 -0.0872457 0)
(0.0364274 -0.0590278 0)
(0.0550525 -0.0397349 0)
(0.120245 -0.015978 0)
(0.141719 -0.00160661 0)
(0.101327 -0.00671981 0)
(0.0447273 0.00746567 0)
(-0.00129542 0.025471 0)
(-0.022679 0.0514152 0)
(-0.0407117 0.0840088 0)
(-0.0793194 0.0817485 0)
(-0.108334 0.0587302 0)
(-0.110881 0.0475381 0)
(-0.107706 0.0375968 0)
(-0.0613876 -0.00746248 0)
(0.0196005 -0.0255008 0)
(0.0807184 -0.0204793 0)
(0.117333 -0.00509315 0)
(0.127663 0.00955071 0)
(0.105251 0.00882075 0)
(0.0422643 0.0118461 0)
(-0.0392592 0.00738203 0)
(-0.079431 -0.0494293 0)
(-0.0877739 -0.105191 0)
(-0.091478 -0.130112 0)
(-0.0881418 -0.130116 0)
(-0.091532 -0.126964 0)
(-0.0804077 -0.136151 0)
(-0.0494188 -0.128133 0)
(-0.0216128 -0.110716 0)
(-0.00122023 -0.110951 0)
(0.00621889 -0.070226 0)
(-0.00375024 -0.0194899 0)
(-0.00253643 -0.00307532 0)
(0.016535 0.0111232 0)
(0.0554805 0.0343992 0)
(0.0845941 0.0397245 0)
(0.089783 0.0528375 0)
(0.0785288 0.0678739 0)
(0.0374985 0.072139 0)
(-0.000930404 0.0635576 0)
(-0.032725 0.0617547 0)
(-0.0938105 0.0576972 0)
(-0.139015 0.0302709 0)
(-0.127575 -0.000946746 0)
(-0.103689 -0.0342726 0)
(-0.0634708 -0.0540024 0)
(-0.0118032 -0.0729083 0)
(0.0123923 -0.0768099 0)
(0.030124 -0.109414 0)
(0.042971 -0.126119 0)
(0.0588221 -0.127759 0)
(0.0871951 -0.107379 0)
(0.109183 -0.0696171 0)
(0.088091 -0.00221491 0)
(0.0303426 0.013316 0)
(-0.0177195 0.0273885 0)
(-0.0619135 0.00210207 0)
(-0.0577746 -0.024279 0)
(0.018599 -0.0379851 0)
(0.0593543 -0.0478077 0)
(0.0277337 -0.0403055 0)
(0.00406035 -0.0214047 0)
(-0.000326089 -0.00410971 0)
(-0.0173055 -0.0105128 0)
(-0.00428306 -0.00339413 0)
(0.00616169 0.00481496 0)
(-0.026375 0.0129582 0)
(-0.0433171 0.0139879 0)
(-0.0449314 0.00623018 0)
(-0.0412791 -0.0229059 0)
(-0.0258932 -0.0452624 0)
(-0.0282584 -0.0153907 0)
(-0.0203799 -0.00204597 0)
(-0.00517525 -0.0143612 0)
(-0.0151548 0.00562867 0)
(-0.0438876 -0.00615264 0)
(-0.0212661 -0.0591451 0)
(0.0312702 -0.0912097 0)
(0.0841574 -0.097455 0)
(0.118983 -0.0505226 0)
(0.0922369 -0.00988286 0)
(0.0541731 -0.015555 0)
(0.0224113 -0.0340462 0)
(0.0121037 -0.00450721 0)
(-0.00835229 0.0117267 0)
(-0.0308146 0.031444 0)
(-0.0276285 0.052744 0)
(-0.0110893 0.0561138 0)
(0.0209727 0.0531473 0)
(0.0166786 0.0416936 0)
(-0.0161859 0.0452153 0)
(-0.0271261 0.0552372 0)
(-0.0371841 0.0580392 0)
(-0.0759274 0.0512644 0)
(-0.114878 0.0301928 0)
(-0.0859048 0.00398491 0)
(-0.0192938 -0.0108262 0)
(0.021531 -0.0304623 0)
(0.0346162 -0.0458469 0)
(0.0403466 -0.0466516 0)
(0.0297139 -0.0378017 0)
(0.0374171 -0.0311513 0)
(0.0863402 -0.0167852 0)
(0.0996083 -0.00292487 0)
(0.0727606 -0.00463485 0)
(0.0329252 0.00442956 0)
(0.00432634 0.0135078 0)
(-0.00169833 0.0463236 0)
(-0.0248417 0.0645329 0)
(-0.0621153 0.0529323 0)
(-0.0795839 0.0480203 0)
(-0.0774104 0.0392644 0)
(-0.0854631 0.0284462 0)
(-0.0599298 -0.0246203 0)
(0.0094599 -0.0394623 0)
(0.0638732 -0.0245768 0)
(0.0957516 -0.00207046 0)
(0.0968301 0.00958171 0)
(0.0761347 0.00976248 0)
(0.0303449 0.0137365 0)
(-0.0429991 -0.00248988 0)
(-0.0772944 -0.0352473 0)
(-0.071202 -0.0804743 0)
(-0.0616033 -0.0850576 0)
(-0.0553986 -0.0790034 0)
(-0.065207 -0.0830284 0)
(-0.0537292 -0.0798341 0)
(-0.0242059 -0.0696739 0)
(-0.0161497 -0.0576738 0)
(-0.000745341 -0.0671633 0)
(0.0203359 -0.0557675 0)
(0.0073585 -0.0288381 0)
(-0.00114597 -0.00490285 0)
(0.00866321 0.00220346 0)
(0.0248181 0.013732 0)
(0.0352 0.0174052 0)
(0.0380489 0.0207836 0)
(0.0337284 0.0239506 0)
(0.0130517 0.023426 0)
(-0.000640287 0.0205361 0)
(-0.00654764 0.0222759 0)
(-0.0388859 0.0260408 0)
(-0.0689611 0.0148029 0)
(-0.0625597 -0.00441545 0)
(-0.0451753 -0.0200679 0)
(-0.0233022 -0.0200546 0)
(-0.000815837 -0.0213453 0)
(0.000815487 -0.0229331 0)
(0.00470126 -0.0385486 0)
(0.010239 -0.044705 0)
(0.0216748 -0.0530072 0)
(0.0469733 -0.0391682 0)
(0.0637423 -0.014745 0)
(0.0420659 0.0104344 0)
(0.0102622 0.00360599 0)
(-0.00837357 0.0132562 0)
(-0.0373799 0.00452867 0)
(-0.0380288 -0.00525114 0)
(0.00277365 -0.019214 0)
(0.0285864 -0.0270467 0)
(0.018165 -0.0241257 0)
(0.00882984 -0.00779578 0)
(0.000220701 0.000658766 0)
(-0.00798405 -0.0036948 0)
(0.00120647 0.00569266 0)
(0.00647157 0.00235476 0)
(-0.00917044 0.00601587 0)
(-0.0175922 0.00572966 0)
(-0.0215595 0.00521235 0)
(-0.0276618 -0.00689373 0)
(-0.00661831 -0.0233393 0)
(0.00110691 -0.00389608 0)
(-0.00908099 0.00598415 0)
(0.000305163 -0.00438118 0)
(-0.00126477 0.00478894 0)
(-0.0313086 2.4401e-05 0)
(-0.0250236 -0.0201965 0)
(0.00654649 -0.0340135 0)
(0.0425778 -0.032897 0)
(0.0633303 -0.0133424 0)
(0.037582 -0.00264498 0)
(0.0105367 -0.00949024 0)
(0.00938066 -0.0211796 0)
(0.0121108 0.000842267 0)
(-0.00401512 0.00028581 0)
(-0.00725614 0.0069412 0)
(-0.00737526 0.0229534 0)
(-0.00581919 0.0229539 0)
(0.00553653 0.0220509 0)
(0.00678571 0.00602718 0)
(0.000494448 0.0137301 0)
(-0.0072185 0.0233125 0)
(-0.0124055 0.0199388 0)
(-0.0319206 0.0188846 0)
(-0.0563922 0.0108986 0)
(-0.0412735 0.00255423 0)
(-0.00876788 -0.00336319 0)
(0.0104302 -0.0105243 0)
(0.0142666 -0.0098502 0)
(0.0143627 -0.0141711 0)
(0.00705893 -0.0160566 0)
(0.0115169 -0.0173616 0)
(0.0425144 -0.00999367 0)
(0.0453967 0.000736008 0)
(0.0277291 -0.000106161 0)
(0.0115053 -0.000190211 0)
(0.0056602 0.00420481 0)
(0.00798301 0.0187254 0)
(-0.00808815 0.0245385 0)
(-0.0265737 0.0210823 0)
(-0.0325937 0.0220129 0)
(-0.0312524 0.0183601 0)
(-0.0500169 0.0124396 0)
(-0.039856 -0.019231 0)
(0.00996337 -0.0206946 0)
(0.0369123 -0.00869509 0)
(0.0443994 0.00297564 0)
(0.040726 0.00201793 0)
(0.0355183 0.00438558 0)
(0.0129792 0.00738194 0)
(-0.0257936 -0.0012651 0)
(-0.0452991 -0.0105058 0)
(-0.0348738 -0.0331593 0)
(-0.0186996 -0.0310668 0)
(-0.0197127 -0.0269367 0)
(-0.0258233 -0.0316402 0)
(-0.0193468 -0.0243982 0)
(-0.00571635 -0.0242062 0)
(-0.00580367 -0.0188711 0)
(-0.00181236 -0.0212093 0)
(0.0116227 -0.0199788 0)
(0.00822673 -0.015293 0)
(0.00127281 -0.000794535 0)
)
;

boundaryField
{
    inlet
    {
        type            fixedValue;
        value           uniform (0 0 0);
    }
    outlet
    {
        type            fixedValue;
        value           uniform (0 0 0);
    }
    down
    {
        type            empty;
    }
    up
    {
        type            empty;
    }
    sides
    {
        type            fixedValue;
        value           uniform (0 0 0);
    }
}

