/*--------------------------------*- C++ -*----------------------------------*\
| =========                 |                                                 |
| \\      /  F ield         | OpenFOAM: The Open Source CFD Toolbox           |
|  \\    /   O peration     | Version:  v2012                                 |
|   \\  /    A nd           | Website:  www.openfoam.com                      |
|    \\/     M anipulation  |                                                 |
\*---------------------------------------------------------------------------*/
FoamFile
{
    version     2.0;
    format      ascii;
    class       volVectorField;
    location    "0";
    object      U;
}
// * * * * * * * * * * * * * * * * * * * * * * * * * * * * * * * * * * * * * //

dimensions      [0 1 -1 0 0 0 0];


internalField   nonuniform List<vector> 
4000
(
(1 7.209e-18 0)
(1 1.77412e-15 0)
(1 -2.60924e-15 0)
(1 9.88294e-16 0)
(1 2.08554e-15 0)
(1 2.05249e-15 0)
(1 -1.33125e-15 0)
(1 -3.51937e-16 0)
(1 1.28058e-15 0)
(1 -6.06331e-15 0)
(1 -1.73037e-16 0)
(1 2.39139e-15 0)
(1 3.78369e-15 0)
(1 2.87075e-15 0)
(1 2.42875e-15 0)
(1 8.96064e-16 0)
(1 -1.38114e-16 0)
(1 -6.82543e-15 0)
(1 -1.5725e-15 0)
(1 -6.92114e-15 0)
(1 9.2898e-16 0)
(1 -1.46423e-14 0)
(1 -3.43731e-16 0)
(1 -1.95711e-15 0)
(1 1.9728e-15 0)
(1 1.20168e-15 0)
(1 -1.34382e-15 0)
(1 4.12657e-16 0)
(1 3.70828e-15 0)
(1 1.09166e-14 0)
(1 5.55893e-15 0)
(1 -5.71544e-17 0)
(1 -3.95717e-16 0)
(1 4.67041e-15 0)
(1 -1.94231e-15 0)
(1 3.90351e-15 0)
(1 4.3443e-15 0)
(1 3.899e-15 0)
(1 -1.92974e-15 0)
(1 -2.82977e-15 0)
(1 -1.46106e-15 0)
(1 4.23167e-16 0)
(1 -7.41306e-16 0)
(1 -2.2109e-17 0)
(1 -3.01698e-15 0)
(1 -3.01492e-15 0)
(1 7.72282e-16 0)
(1 2.82942e-15 0)
(1 -1.68832e-15 0)
(1 2.05013e-15 0)
(1 2.89496e-15 0)
(1 2.52247e-15 0)
(1 5.24159e-15 0)
(1 -1.1486e-15 0)
(1 -1.45022e-15 0)
(1 -5.09039e-15 0)
(1 -9.10011e-16 0)
(1 -4.47143e-16 0)
(1 -2.37447e-15 0)
(1 2.20433e-15 0)
(1 1.69242e-15 0)
(1 3.09324e-16 0)
(1 2.25163e-15 0)
(1 1.24171e-15 0)
(1 -4.33864e-15 0)
(1 -7.12673e-16 0)
(1 -6.90093e-16 0)
(1 2.93656e-15 0)
(1 1.26636e-15 0)
(1 1.63689e-15 0)
(1 -3.70521e-15 0)
(1 1.00976e-15 0)
(1 -4.37975e-15 0)
(1 -3.77909e-15 0)
(1 -4.43292e-15 0)
(1 -1.07386e-15 0)
(1 -1.66666e-15 0)
(1 -2.36787e-15 0)
(1 3.65908e-15 0)
(1 5.24801e-16 0)
(1 5.91113e-17 0)
(1 2.5622e-15 0)
(1 4.06225e-16 0)
(1 -4.49783e-15 0)
(1 4.56536e-16 0)
(1 6.77138e-16 0)
(1 -1.90531e-15 0)
(1 4.77937e-15 0)
(1 2.20698e-15 0)
(1 2.65982e-15 0)
(1 1.31596e-15 0)
(1 3.04446e-16 0)
(1 -2.45463e-15 0)
(1 -3.01469e-15 0)
(1 -2.82461e-15 0)
(1 -5.13498e-16 0)
(1 1.24599e-15 0)
(1 2.2372e-15 0)
(1 -2.53967e-15 0)
(1 -3.20944e-15 0)
(1 4.99106e-15 0)
(1 -1.89618e-15 0)
(1 -2.2305e-15 0)
(1 2.97101e-15 0)
(1 4.5076e-15 0)
(1 -2.8805e-16 0)
(1 -1.28954e-15 0)
(1 -4.78912e-15 0)
(1 5.02033e-15 0)
(1 -5.69643e-15 0)
(1 -4.7116e-16 0)
(1 6.59942e-15 0)
(1 6.37363e-15 0)
(1 3.67292e-15 0)
(1 2.72034e-15 0)
(1 2.29156e-15 0)
(1 3.07757e-15 0)
(1 -1.04246e-14 0)
(1 -3.11156e-15 0)
(1 -9.36957e-15 0)
(1 2.91774e-15 0)
(1 -1.52923e-14 0)
(1 5.70996e-16 0)
(1 -5.69217e-15 0)
(1 4.91389e-15 0)
(1 6.59845e-16 0)
(1 -5.77544e-15 0)
(1 -1.49446e-15 0)
(1 -3.47361e-16 0)
(1 8.17215e-15 0)
(1 5.3336e-15 0)
(1 -2.87864e-15 0)
(1 -2.16368e-15 0)
(1 8.2225e-15 0)
(1 1.07141e-15 0)
(1 6.20979e-15 0)
(1 2.66113e-15 0)
(1 5.46204e-15 0)
(1 -3.7632e-15 0)
(1 -5.64632e-15 0)
(1 -4.28494e-15 0)
(1 -2.3725e-15 0)
(1 -1.9576e-15 0)
(1 -8.56491e-16 0)
(1 -5.30628e-15 0)
(1 -1.87278e-15 0)
(1 -1.57898e-15 0)
(1 1.93977e-15 0)
(1 1.47264e-15 0)
(1 4.3515e-15 0)
(1 -5.0703e-16 0)
(1 8.94675e-16 0)
(1 4.4146e-16 0)
(1 2.41767e-15 0)
(1 6.20042e-16 0)
(1 -2.83142e-15 0)
(1 -3.88349e-15 0)
(1 1.01877e-15 0)
(1 -3.67246e-15 0)
(1 2.93729e-15 0)
(1 -9.0158e-16 0)
(1 -1.31329e-15 0)
(1 7.34865e-15 0)
(1 4.00679e-15 0)
(1 5.81295e-17 0)
(1 -1.88149e-15 0)
(1 -2.38048e-15 0)
(1 -1.76165e-15 0)
(1 -5.1898e-16 0)
(1 -5.30928e-16 0)
(1 1.31365e-15 0)
(1 1.66696e-15 0)
(1 2.82064e-15 0)
(1 -9.09244e-17 0)
(1 -2.00205e-15 0)
(1 1.66073e-15 0)
(1 3.89248e-15 0)
(1 -7.68775e-17 0)
(1 5.06167e-15 0)
(1 4.81871e-15 0)
(1 -2.75737e-15 0)
(1 4.61778e-15 0)
(1 -1.26645e-15 0)
(1 -4.69291e-15 0)
(1 2.06183e-15 0)
(1 4.08159e-15 0)
(1 -3.45803e-15 0)
(1 -5.56453e-17 0)
(1 -3.47778e-15 0)
(1 -9.76928e-16 0)
(1 -1.0131e-15 0)
(1 7.31244e-16 0)
(1 -5.80808e-15 0)
(1 -3.23269e-15 0)
(1 -1.27144e-15 0)
(1 3.4559e-15 0)
(1 1.52864e-15 0)
(1 7.09782e-15 0)
(1 -4.45308e-15 0)
(1 -5.62524e-15 0)
(1 5.31047e-15 0)
(1 -4.66585e-15 0)
(1 -6.051e-15 0)
(1 -1.46699e-15 0)
(1 3.26646e-16 0)
(1 -8.12305e-16 0)
(1 4.81112e-16 0)
(1 -2.73132e-16 0)
(1 1.81034e-15 0)
(1 4.06428e-15 0)
(1 2.60786e-15 0)
(1 7.78156e-15 0)
(1 -8.69742e-16 0)
(1 1.0659e-14 0)
(1 5.67881e-15 0)
(1 -4.20372e-15 0)
(1 -3.18732e-15 0)
(1 -3.76366e-16 0)
(1 -4.2561e-15 0)
(1 7.0248e-16 0)
(1 3.04541e-15 0)
(1 5.36128e-15 0)
(1 -6.17894e-15 0)
(1 -8.17723e-15 0)
(1 -1.91601e-15 0)
(1 1.45774e-15 0)
(1 2.70595e-15 0)
(1 3.4516e-15 0)
(1 3.59452e-15 0)
(1 5.932e-15 0)
(1 4.58285e-15 0)
(1 -1.21088e-15 0)
(1 -8.75008e-16 0)
(1 6.20475e-15 0)
(1 1.03026e-14 0)
(1 7.35146e-15 0)
(1 4.33729e-15 0)
(1 4.43287e-15 0)
(1 -4.93193e-15 0)
(1 -6.34553e-15 0)
(1 -3.0472e-15 0)
(1 -5.22002e-15 0)
(1 -1.01162e-14 0)
(1 -7.7582e-15 0)
(1 -7.25834e-15 0)
(1 1.49914e-15 0)
(1 2.81594e-15 0)
(1 9.26001e-16 0)
(1 -1.43062e-16 0)
(1 2.60908e-15 0)
(1 1.35209e-15 0)
(1 4.4935e-15 0)
(1 2.40757e-15 0)
(1 4.29182e-15 0)
(1 2.15601e-15 0)
(1 1.15909e-15 0)
(1 -3.66922e-15 0)
(1 -3.8616e-16 0)
(1 -3.60095e-15 0)
(1 -6.5357e-15 0)
(1 -1.97511e-15 0)
(1 6.44528e-16 0)
(1 2.96832e-15 0)
(1 1.16594e-15 0)
(1 3.20964e-15 0)
(1 1.79492e-15 0)
(1 -1.39158e-15 0)
(1 -3.55072e-16 0)
(1 -4.94766e-16 0)
(1 1.92303e-16 0)
(1 4.64298e-15 0)
(1 -5.99097e-16 0)
(1 -7.57854e-16 0)
(1 -2.58938e-15 0)
(1 -2.96928e-15 0)
(1 7.64358e-17 0)
(1 3.80736e-16 0)
(1 1.37484e-16 0)
(1 1.64265e-15 0)
(1 -2.26764e-15 0)
(1 1.22744e-15 0)
(1 -4.16369e-15 0)
(1 -2.86702e-15 0)
(1 -3.57991e-15 0)
(1 4.81762e-15 0)
(1 6.70999e-15 0)
(1 8.69623e-17 0)
(1 -1.12868e-15 0)
(1 -4.30776e-15 0)
(1 -5.94983e-16 0)
(1 -3.66125e-15 0)
(1 1.03517e-15 0)
(1 -9.56652e-16 0)
(1 -3.42871e-15 0)
(1 -3.16494e-15 0)
(1 1.46089e-15 0)
(1 -7.09775e-16 0)
(1 1.82691e-15 0)
(1 -8.6686e-16 0)
(1 -1.56923e-15 0)
(1 4.35161e-15 0)
(1 -4.5527e-15 0)
(1 -8.31491e-15 0)
(1 -6.84371e-15 0)
(1 6.84657e-15 0)
(1 3.62586e-15 0)
(1 2.57934e-15 0)
(1 2.53899e-15 0)
(1 7.74133e-17 0)
(1 -1.32033e-15 0)
(1 6.33745e-15 0)
(1 8.07892e-15 0)
(1 1.54481e-15 0)
(1 9.23855e-15 0)
(1 6.93517e-15 0)
(1 -5.43336e-15 0)
(1 -3.89347e-15 0)
(1 -1.59881e-15 0)
(1 -4.6008e-15 0)
(1 -2.99157e-15 0)
(1 -3.53751e-16 0)
(1 8.16453e-15 0)
(1 6.587e-16 0)
(1 4.68335e-15 0)
(1 7.17012e-16 0)
(1 -5.85142e-17 0)
(1 4.70874e-15 0)
(1 5.45782e-15 0)
(1 6.13029e-15 0)
(1 3.60561e-15 0)
(1 3.81873e-15 0)
(1 1.48637e-15 0)
(1 -2.83314e-15 0)
(1 -3.35819e-15 0)
(1 5.22396e-15 0)
(1 2.38276e-15 0)
(1 6.65054e-15 0)
(1 2.13383e-15 0)
(1 2.04526e-15 0)
(1 1.2557e-15 0)
(1 9.74151e-16 0)
(1 -2.77951e-15 0)
(1 -9.41919e-15 0)
(1 -6.11174e-15 0)
(1 -4.42349e-15 0)
(1 -2.5066e-15 0)
(1 7.79976e-15 0)
(1 6.70587e-15 0)
(1 2.41794e-15 0)
(1 1.48325e-15 0)
(1 4.10183e-15 0)
(1 4.68565e-15 0)
(1 1.31821e-15 0)
(1 -2.81952e-15 0)
(1 -5.43086e-15 0)
(1 -1.40652e-15 0)
(1 -1.35653e-15 0)
(1 -5.38871e-15 0)
(1 -4.39815e-15 0)
(1 -6.79188e-15 0)
(1 -1.35648e-15 0)
(1 2.0469e-15 0)
(1 2.06456e-15 0)
(1 4.93456e-15 0)
(1 2.35771e-15 0)
(1 -4.44274e-16 0)
(1 -2.88168e-15 0)
(1 9.18863e-16 0)
(1 -1.1027e-15 0)
(1 -6.03915e-16 0)
(1 -2.30034e-15 0)
(1 5.01933e-16 0)
(1 -1.39003e-15 0)
(1 -7.22755e-15 0)
(1 -2.55595e-15 0)
(1 -1.01342e-15 0)
(1 3.29813e-16 0)
(1 1.64122e-15 0)
(1 2.18371e-15 0)
(1 -7.26193e-17 0)
(1 6.51583e-15 0)
(1 -6.88586e-16 0)
(1 -3.29744e-15 0)
(1 -2.29038e-15 0)
(1 -1.87194e-15 0)
(1 3.78164e-15 0)
(1 5.19307e-15 0)
(1 5.18937e-15 0)
(1 4.71064e-15 0)
(1 2.60672e-15 0)
(1 2.27236e-15 0)
(1 -7.1164e-16 0)
(1 -5.00439e-16 0)
(1 -1.33878e-15 0)
(1 -4.66164e-15 0)
(1 -4.94847e-15 0)
(1 -2.07148e-15 0)
(1 -7.53163e-15 0)
(1 -5.41024e-15 0)
(1 -2.24879e-15 0)
(1 3.24756e-15 0)
(1 -8.8328e-16 0)
(1 -4.65138e-15 0)
(1 -2.57689e-15 0)
(1 5.98861e-15 0)
(1 5.12453e-15 0)
(1 -5.50164e-15 0)
(1 -4.68925e-15 0)
(1 -5.19584e-15 0)
(1 -1.24193e-15 0)
(1 5.86244e-15 0)
(1 1.39942e-15 0)
(1 9.27219e-15 0)
(1 7.47706e-16 0)
(1 1.07392e-14 0)
(1 4.02345e-15 0)
(1 1.74019e-15 0)
(1 -8.59423e-15 0)
(1 -7.29776e-15 0)
(1 -1.01994e-14 0)
(1 -6.50765e-15 0)
(1 -7.6246e-15 0)
(1 1.62144e-14 0)
(1 1.17349e-14 0)
(1 1.28306e-14 0)
(1 5.67526e-15 0)
(1 -2.32601e-15 0)
(1 6.51386e-15 0)
(1 7.57626e-15 0)
(1 3.43014e-15 0)
(1 5.63101e-15 0)
(1 -2.45595e-16 0)
(1 -4.1479e-16 0)
(1 -3.34339e-15 0)
(1 -1.71773e-15 0)
(1 2.6072e-16 0)
(1 3.17124e-15 0)
(1 4.04722e-15 0)
(1 1.93662e-15 0)
(1 -5.93668e-15 0)
(1 -8.17296e-15 0)
(1 -7.52898e-15 0)
(1 -4.7332e-15 0)
(1 -4.02999e-15 0)
(1 -5.66289e-15 0)
(1 -6.71239e-15 0)
(1 1.53365e-15 0)
(1 9.71279e-15 0)
(1 8.64254e-15 0)
(1 7.24189e-15 0)
(1 4.79635e-15 0)
(1 1.51075e-15 0)
(1 -3.41377e-15 0)
(1 -2.14474e-15 0)
(1 -8.21915e-18 0)
(1 2.11826e-15 0)
(1 1.64442e-15 0)
(1 -4.17269e-15 0)
(1 1.65683e-16 0)
(1 4.5475e-15 0)
(1 -6.98324e-16 0)
(1 -5.51587e-15 0)
(1 2.71995e-15 0)
(1 5.20746e-16 0)
(1 4.58147e-15 0)
(1 -1.35817e-15 0)
(1 6.50755e-17 0)
(1 -1.02782e-15 0)
(1 1.44655e-15 0)
(1 -4.16782e-16 0)
(1 4.99207e-15 0)
(1 1.58442e-15 0)
(1 1.68375e-15 0)
(1 -3.43931e-15 0)
(1 -2.4532e-15 0)
(1 -2.9232e-15 0)
(1 3.6036e-15 0)
(1 6.78707e-15 0)
(1 -2.39075e-15 0)
(1 4.77801e-15 0)
(1 3.88079e-15 0)
(1 6.61162e-15 0)
(1 -3.28039e-15 0)
(1 3.40408e-15 0)
(1 1.38738e-16 0)
(1 1.44058e-15 0)
(1 5.562e-15 0)
(1 -4.50209e-16 0)
(1 4.34752e-15 0)
(1 -1.73202e-15 0)
(1 4.71307e-15 0)
(1 -1.02883e-15 0)
(1 -5.00599e-15 0)
(1 2.97249e-15 0)
(1 4.61818e-16 0)
(1 -8.33901e-15 0)
(1 -4.97913e-15 0)
(1 -6.02837e-15 0)
(1 -6.96248e-15 0)
(1 -1.96693e-16 0)
(1 -3.90523e-15 0)
(1 4.18768e-15 0)
(1 -5.15722e-16 0)
(1 4.43309e-16 0)
(1 1.62738e-15 0)
(1 2.856e-15 0)
(1 -7.05224e-15 0)
(1 -9.79944e-15 0)
(1 -8.71913e-15 0)
(1 1.12951e-16 0)
(1 5.90101e-15 0)
(1 5.0555e-16 0)
(1 9.05732e-15 0)
(1 4.24885e-15 0)
(1 1.28258e-15 0)
(1 6.9306e-15 0)
(1 5.67413e-15 0)
(1 -1.42751e-15 0)
(1 1.52724e-15 0)
(1 -2.34969e-15 0)
(1 3.19819e-16 0)
(1 9.3582e-15 0)
(1 1.20694e-14 0)
(1 2.63163e-15 0)
(1 5.84982e-16 0)
(1 -7.24819e-15 0)
(1 -7.66286e-15 0)
(1 3.64108e-15 0)
(1 5.63336e-15 0)
(1 5.71548e-15 0)
(1 2.92776e-15 0)
(1 8.67501e-15 0)
(1 4.26184e-15 0)
(1 4.06677e-15 0)
(1 1.07251e-15 0)
(1 8.20564e-15 0)
(1 1.22038e-14 0)
(1 6.34815e-15 0)
(1 -6.24144e-15 0)
(1 -1.82097e-14 0)
(1 -8.11633e-15 0)
(1 -5.83653e-15 0)
(1 4.27804e-15 0)
(1 1.83387e-15 0)
(1 3.61097e-15 0)
(1 -1.96059e-15 0)
(1 1.21297e-16 0)
(1 -3.20236e-15 0)
(1 -1.23778e-15 0)
(1 2.15854e-15 0)
(1 2.52581e-15 0)
(1 2.78967e-15 0)
(1 -2.503e-15 0)
(1 5.56829e-16 0)
(1 5.35428e-15 0)
(1 2.26209e-15 0)
(1 -1.23576e-15 0)
(1 1.66158e-15 0)
(1 4.00703e-15 0)
(1 2.88982e-15 0)
(1 2.88487e-15 0)
(1 -3.16735e-15 0)
(1 -1.61761e-15 0)
(1 -6.17171e-15 0)
(1 -8.0805e-16 0)
(1 3.87586e-15 0)
(1 8.38803e-15 0)
(1 1.01901e-14 0)
(1 1.04682e-14 0)
(1 1.68267e-14 0)
(1 1.06752e-14 0)
(1 2.78397e-15 0)
(1 -5.76353e-15 0)
(1 -3.08022e-15 0)
(1 -7.42537e-15 0)
(1 -7.20246e-15 0)
(1 -6.80856e-15 0)
(1 4.81953e-16 0)
(1 2.24768e-15 0)
(1 1.10463e-14 0)
(1 8.31183e-15 0)
(1 9.15638e-15 0)
(1 2.61956e-15 0)
(1 6.2196e-16 0)
(1 -4.62945e-15 0)
(1 -4.11183e-15 0)
(1 -1.7328e-16 0)
(1 6.8812e-16 0)
(1 3.06002e-15 0)
(1 3.82694e-15 0)
(1 -2.62251e-15 0)
(1 -6.11786e-16 0)
(1 1.79512e-16 0)
(1 -2.74446e-15 0)
(1 3.19772e-15 0)
(1 -3.46902e-15 0)
(1 -1.9505e-16 0)
(1 2.01738e-15 0)
(1 1.81436e-15 0)
(1 3.47198e-15 0)
(1 -4.50524e-15 0)
(1 -7.54311e-16 0)
(1 4.37044e-15 0)
(1 -3.78961e-15 0)
(1 3.79288e-15 0)
(1 2.88445e-15 0)
(1 6.12511e-15 0)
(1 -1.08757e-14 0)
(1 -4.4877e-15 0)
(1 -1.43235e-15 0)
(1 -3.9399e-15 0)
(1 3.64094e-16 0)
(1 6.53849e-15 0)
(1 7.45437e-15 0)
(1 1.27754e-15 0)
(1 4.80221e-15 0)
(1 5.97927e-15 0)
(1 6.0672e-15 0)
(1 4.7425e-15 0)
(1 9.42692e-15 0)
(1 4.01715e-16 0)
(1 1.07483e-14 0)
(1 -4.56271e-15 0)
(1 -2.53151e-15 0)
(1 -7.39639e-15 0)
(1 -1.09483e-14 0)
(1 -2.88292e-16 0)
(1 3.03241e-15 0)
(1 8.06134e-15 0)
(1 5.43088e-15 0)
(1 5.89267e-15 0)
(1 5.81607e-15 0)
(1 3.94323e-15 0)
(1 -2.14684e-15 0)
(1 -5.7167e-17 0)
(1 5.37614e-16 0)
(1 5.59323e-15 0)
(1 4.38027e-15 0)
(1 2.01398e-15 0)
(1 -2.75485e-15 0)
(1 -5.14e-17 0)
(1 1.03127e-15 0)
(1 3.43927e-15 0)
(1 2.71106e-15 0)
(1 5.44223e-15 0)
(1 -1.35813e-15 0)
(1 -4.56843e-15 0)
(1 -9.33411e-15 0)
(1 8.03425e-15 0)
(1 9.20958e-15 0)
(1 7.14013e-15 0)
(1 -4.17865e-16 0)
(1 -6.41681e-15 0)
(1 -9.50527e-16 0)
(1 -4.17267e-16 0)
(1 3.1005e-15 0)
(1 2.17457e-15 0)
(1 9.67541e-16 0)
(1 -2.63088e-16 0)
(1 -2.42013e-15 0)
(1 4.79023e-16 0)
(1 2.098e-15 0)
(1 1.99512e-15 0)
(1 1.71918e-15 0)
(1 -2.16207e-15 0)
(1 -1.7556e-15 0)
(1 6.64889e-15 0)
(1 5.80952e-15 0)
(1 2.99244e-15 0)
(1 7.11988e-15 0)
(1 2.00621e-15 0)
(1 -3.6158e-16 0)
(1 -3.30946e-15 0)
(1 2.65566e-15 0)
(1 6.59802e-15 0)
(1 2.42546e-15 0)
(1 -1.11024e-15 0)
(1 1.91732e-15 0)
(1 4.61964e-15 0)
(1 3.94133e-15 0)
(1 4.32857e-15 0)
(1 7.61538e-15 0)
(1 4.75049e-15 0)
(1 9.16835e-16 0)
(1 1.93494e-15 0)
(1 2.99045e-15 0)
(1 3.68412e-15 0)
(1 7.5701e-15 0)
(1 4.83487e-15 0)
(1 4.59836e-15 0)
(1 1.01645e-15 0)
(1 2.1699e-15 0)
(1 1.46792e-15 0)
(1 -6.07373e-16 0)
(1 6.07547e-15 0)
(1 6.67924e-15 0)
(1 1.80739e-15 0)
(1 3.13515e-15 0)
(1 4.54427e-15 0)
(1 3.92137e-15 0)
(1 -1.7124e-15 0)
(1 -1.70075e-15 0)
(1 -3.66421e-15 0)
(1 3.3225e-15 0)
(1 3.08944e-15 0)
(1 4.57823e-16 0)
(1 6.51492e-15 0)
(1 -3.17357e-15 0)
(1 -3.07086e-15 0)
(1 -2.45566e-15 0)
(1 -1.42356e-14 0)
(1 -3.11224e-15 0)
(1 2.89634e-15 0)
(1 9.91179e-15 0)
(1 1.29911e-14 0)
(1 7.32844e-15 0)
(1 7.1802e-16 0)
(1 8.70213e-15 0)
(1 -1.2843e-15 0)
(1 1.74256e-14 0)
(1 -3.99918e-15 0)
(1 1.23213e-15 0)
(1 -1.24575e-14 0)
(1 -1.0243e-14 0)
(1 -8.85322e-15 0)
(1 5.71691e-15 0)
(1 1.07846e-14 0)
(1 7.2334e-15 0)
(1 5.69762e-15 0)
(1 1.0293e-16 0)
(1 -1.62823e-15 0)
(1 -5.67866e-15 0)
(1 -2.11499e-15 0)
(1 2.61634e-15 0)
(1 5.44705e-15 0)
(1 -1.89276e-15 0)
(1 -5.92338e-15 0)
(1 1.38943e-14 0)
(1 8.49165e-15 0)
(1 5.85578e-17 0)
(1 -1.32794e-14 0)
(1 -8.22397e-16 0)
(1 -2.73625e-15 0)
(1 3.96813e-15 0)
(1 5.6419e-15 0)
(1 2.3726e-15 0)
(1 -7.89156e-17 0)
(1 -2.9522e-15 0)
(1 4.815e-15 0)
(1 3.25795e-15 0)
(1 7.56772e-15 0)
(1 -1.45146e-15 0)
(1 6.91242e-15 0)
(1 6.73175e-15 0)
(1 5.76942e-15 0)
(1 -2.48768e-15 0)
(1 5.00282e-15 0)
(1 -3.924e-15 0)
(1 -3.01765e-15 0)
(1 -1.17383e-15 0)
(1 -7.46211e-16 0)
(1 -1.33345e-16 0)
(1 3.41379e-15 0)
(1 4.38337e-15 0)
(1 3.5072e-15 0)
(1 1.37004e-15 0)
(1 7.54147e-15 0)
(1 5.84411e-15 0)
(1 5.48802e-15 0)
(1 1.19931e-15 0)
(1 2.54216e-15 0)
(1 7.45047e-15 0)
(1 7.18476e-15 0)
(1 4.95432e-15 0)
(1 5.21952e-15 0)
(1 2.6072e-15 0)
(1 1.86837e-15 0)
(1 4.19927e-15 0)
(1 -2.16806e-15 0)
(1 -3.59772e-15 0)
(1 2.43527e-15 0)
(1 2.67839e-16 0)
(1 4.4547e-15 0)
(1 -9.19885e-16 0)
(1 4.45642e-15 0)
(1 9.03818e-15 0)
(1 3.78323e-15 0)
(1 1.32917e-15 0)
(1 3.25599e-16 0)
(1 -1.78646e-15 0)
(1 5.43688e-15 0)
(1 2.47036e-15 0)
(1 2.70829e-15 0)
(1 5.85753e-15 0)
(1 5.82645e-15 0)
(1 5.16353e-15 0)
(1 5.10542e-16 0)
(1 4.13433e-15 0)
(1 4.20964e-15 0)
(1 1.05676e-14 0)
(1 1.05938e-15 0)
(1 -2.43481e-15 0)
(1 1.42479e-15 0)
(1 -8.85409e-16 0)
(1 -3.56189e-16 0)
(1 -3.74317e-15 0)
(1 -2.51732e-15 0)
(1 8.12432e-15 0)
(1 -9.94314e-15 0)
(1 -6.5652e-15 0)
(1 -3.00132e-15 0)
(1 4.57786e-15 0)
(1 5.43991e-15 0)
(1 6.68318e-15 0)
(1 3.36857e-15 0)
(1 9.59348e-15 0)
(1 6.09393e-15 0)
(1 1.3199e-14 0)
(1 -3.38671e-15 0)
(1 -1.56563e-15 0)
(1 2.44334e-15 0)
(1 3.32119e-15 0)
(1 -5.17844e-15 0)
(1 -4.09128e-15 0)
(1 2.25987e-15 0)
(1 9.1454e-15 0)
(1 4.43731e-15 0)
(1 3.08113e-15 0)
(1 -4.07262e-15 0)
(1 -2.83842e-15 0)
(1 -1.47662e-14 0)
(1 -1.20463e-14 0)
(1 -7.98011e-15 0)
(1 3.13641e-15 0)
(1 7.61019e-15 0)
(1 7.46393e-15 0)
(1 3.08587e-16 0)
(1 4.37079e-15 0)
(1 3.61856e-15 0)
(1 4.37635e-15 0)
(1 -4.95887e-15 0)
(1 3.80291e-15 0)
(1 2.03114e-15 0)
(1 1.10164e-14 0)
(1 6.65717e-15 0)
(1 5.49165e-15 0)
(1 5.2407e-15 0)
(1 3.42926e-15 0)
(1 -9.30563e-15 0)
(1 -6.78739e-15 0)
(1 2.92927e-15 0)
(1 4.57727e-15 0)
(1 1.22773e-14 0)
(1 6.25404e-15 0)
(1 2.31207e-15 0)
(1 -1.6262e-15 0)
(1 -4.98316e-15 0)
(1 5.34369e-15 0)
(1 -5.00659e-15 0)
(1 5.29513e-15 0)
(1 -2.5902e-15 0)
(1 7.30619e-16 0)
(1 -1.05199e-15 0)
(1 -5.85511e-15 0)
(1 -2.34804e-15 0)
(1 1.11275e-14 0)
(1 1.49996e-14 0)
(1 1.57396e-14 0)
(1 1.95781e-14 0)
(1 1.50874e-14 0)
(1 8.21348e-15 0)
(1 1.2092e-14 0)
(1 8.19415e-15 0)
(1 5.13495e-15 0)
(1 -4.47775e-15 0)
(1 -6.25077e-15 0)
(1 -2.40814e-15 0)
(1 9.95524e-16 0)
(1 -1.98736e-15 0)
(1 6.70744e-15 0)
(1 1.04425e-14 0)
(1 5.93361e-15 0)
(1 6.57703e-15 0)
(1 3.45501e-15 0)
(1 -4.69017e-15 0)
(1 -3.34316e-15 0)
(1 -5.61926e-15 0)
(1 -7.78525e-16 0)
(1 4.02787e-15 0)
(1 3.1488e-15 0)
(1 5.06038e-15 0)
(1 7.17629e-15 0)
(1 1.00079e-14 0)
(1 8.30259e-15 0)
(1 1.08802e-14 0)
(1 7.01499e-15 0)
(1 1.09924e-14 0)
(1 1.28648e-14 0)
(1 1.56045e-14 0)
(1 2.02936e-14 0)
(1 6.67831e-16 0)
(1 1.71904e-15 0)
(1 7.49255e-15 0)
(1 -6.55395e-16 0)
(1 -4.99416e-15 0)
(1 1.52532e-15 0)
(1 2.8416e-15 0)
(1 4.11043e-15 0)
(1 -5.22535e-15 0)
(1 -1.01213e-14 0)
(1 1.92228e-15 0)
(1 2.20678e-15 0)
(1 6.52634e-15 0)
(1 5.72653e-15 0)
(1 6.30448e-15 0)
(1 3.93033e-15 0)
(1 2.21356e-15 0)
(1 2.20208e-15 0)
(1 2.88283e-15 0)
(1 -1.3755e-14 0)
(1 -1.09964e-15 0)
(1 -8.11219e-15 0)
(1 -8.53267e-16 0)
(1 2.56307e-15 0)
(1 3.35095e-15 0)
(1 8.7995e-15 0)
(1 6.93182e-15 0)
(1 7.19692e-16 0)
(1 3.6964e-15 0)
(1 2.66541e-15 0)
(1 -8.63238e-15 0)
(1 -1.07308e-14 0)
(1 -4.85426e-15 0)
(1 -4.92236e-15 0)
(1 -4.93028e-15 0)
(1 4.27724e-15 0)
(1 5.85842e-15 0)
(1 -1.8497e-15 0)
(1 2.0993e-15 0)
(1 8.97559e-15 0)
(1 9.49402e-15 0)
(1 3.23857e-15 0)
(1 6.38083e-15 0)
(1 4.67164e-15 0)
(1 -7.84768e-15 0)
(1 1.13711e-15 0)
(1 -2.70049e-15 0)
(1 3.09151e-15 0)
(1 -3.6188e-15 0)
(1 4.90008e-15 0)
(1 6.75656e-15 0)
(1 8.74604e-15 0)
(1 7.91869e-15 0)
(1 5.12119e-15 0)
(1 1.42075e-15 0)
(1 7.36818e-15 0)
(1 6.05974e-17 0)
(1 9.19427e-15 0)
(1 4.511e-16 0)
(1 1.96124e-15 0)
(1 3.04012e-15 0)
(1 4.22526e-15 0)
(1 7.15206e-15 0)
(1 2.71967e-15 0)
(1 1.88799e-15 0)
(1 8.23285e-15 0)
(1 1.15857e-14 0)
(1 9.37324e-15 0)
(1 1.50245e-14 0)
(1 8.46474e-15 0)
(1 3.78644e-15 0)
(1 2.7616e-15 0)
(1 1.14557e-16 0)
(1 6.35498e-15 0)
(1 2.38203e-15 0)
(1 4.02754e-15 0)
(1 4.9255e-15 0)
(1 4.40663e-15 0)
(1 5.31421e-15 0)
(1 4.05318e-15 0)
(1 1.69525e-15 0)
(1 1.58077e-16 0)
(1 2.73143e-15 0)
(1 1.11551e-15 0)
(1 1.71944e-15 0)
(1 3.79796e-16 0)
(1 5.27633e-15 0)
(1 1.695e-15 0)
(1 6.79582e-15 0)
(1 4.96661e-15 0)
(1 4.98865e-15 0)
(1 5.25162e-15 0)
(1 6.22228e-15 0)
(1 6.80508e-15 0)
(1 1.33762e-14 0)
(1 6.98171e-15 0)
(1 1.34415e-14 0)
(1 8.56463e-15 0)
(1 2.31346e-14 0)
(1 2.16603e-14 0)
(1 -7.98083e-17 0)
(1 -1.465e-15 0)
(1 7.56925e-16 0)
(1 5.28515e-15 0)
(1 -4.47557e-15 0)
(1 9.07772e-16 0)
(1 2.25654e-15 0)
(1 -8.86513e-15 0)
(1 3.9766e-15 0)
(1 -1.24206e-14 0)
(1 1.91364e-15 0)
(1 -8.63515e-15 0)
(1 2.83688e-15 0)
(1 1.01823e-14 0)
(1 9.68425e-15 0)
(1 1.02997e-14 0)
(1 2.79326e-15 0)
(1 -5.78381e-15 0)
(1 8.7741e-15 0)
(1 -2.89519e-15 0)
(1 -2.37326e-15 0)
(1 -1.05099e-14 0)
(1 -7.87681e-15 0)
(1 -4.19075e-15 0)
(1 -5.62272e-15 0)
(1 -3.53489e-16 0)
(1 3.58701e-15 0)
(1 1.07024e-14 0)
(1 8.91442e-15 0)
(1 9.22304e-16 0)
(1 -6.9725e-15 0)
(1 -7.95765e-15 0)
(1 -5.7311e-15 0)
(1 -4.08391e-15 0)
(1 -6.81021e-16 0)
(1 4.92524e-15 0)
(1 9.51735e-15 0)
(1 2.4164e-15 0)
(1 4.43734e-15 0)
(1 1.23136e-16 0)
(1 1.38253e-14 0)
(1 1.09959e-15 0)
(1 1.00435e-14 0)
(1 1.71851e-15 0)
(1 -2.1443e-15 0)
(1 -4.08752e-15 0)
(1 -1.32507e-15 0)
(1 3.15495e-15 0)
(1 1.93965e-15 0)
(1 -1.56692e-15 0)
(1 2.94809e-15 0)
(1 7.95025e-15 0)
(1 8.19302e-15 0)
(1 3.53256e-15 0)
(1 7.87143e-15 0)
(1 2.54254e-15 0)
(1 5.1175e-15 0)
(1 -4.24303e-15 0)
(1 8.87331e-15 0)
(1 -4.18026e-15 0)
(1 1.01024e-14 0)
(1 -4.13154e-15 0)
(1 4.17563e-15 0)
(1 5.86371e-15 0)
(1 1.291e-14 0)
(1 3.98492e-15 0)
(1 7.12256e-15 0)
(1 6.39865e-15 0)
(1 6.89767e-15 0)
(1 7.18783e-15 0)
(1 7.03817e-15 0)
(1 6.91027e-16 0)
(1 5.34602e-15 0)
(1 -4.40522e-16 0)
(1 -2.30021e-15 0)
(1 7.10147e-15 0)
(1 1.29939e-14 0)
(1 1.24312e-14 0)
(1 8.91841e-15 0)
(1 6.44494e-15 0)
(1 1.06482e-15 0)
(1 1.53572e-15 0)
(1 3.75609e-15 0)
(1 -3.62251e-15 0)
(1 1.0675e-15 0)
(1 -2.85287e-15 0)
(1 4.76773e-15 0)
(1 1.71167e-15 0)
(1 4.78852e-15 0)
(1 7.12885e-15 0)
(1 7.12604e-15 0)
(1 5.81434e-15 0)
(1 3.13405e-15 0)
(1 7.62492e-16 0)
(1 4.78079e-15 0)
(1 7.12807e-15 0)
(1 1.12113e-14 0)
(1 1.3545e-14 0)
(1 1.54501e-14 0)
(1 1.20186e-14 0)
(1 3.04616e-15 0)
(1 -4.73948e-15 0)
(1 3.19254e-15 0)
(1 -5.6975e-16 0)
(1 -3.0688e-16 0)
(1 -1.55224e-15 0)
(1 -1.05882e-15 0)
(1 -6.44172e-15 0)
(1 -5.70673e-15 0)
(1 3.25937e-15 0)
(1 6.7447e-15 0)
(1 7.81278e-15 0)
(1 2.53715e-15 0)
(1 7.26069e-18 0)
(1 -6.52993e-16 0)
(1 3.49001e-15 0)
(1 8.40906e-15 0)
(1 -2.04074e-15 0)
(1 1.23694e-16 0)
(1 -4.78952e-15 0)
(1 -1.07849e-14 0)
(1 -1.1639e-14 0)
(1 -4.05946e-15 0)
(1 5.91922e-15 0)
(1 1.1181e-14 0)
(1 4.91616e-15 0)
(1 6.95099e-15 0)
(1 5.29879e-15 0)
(1 4.90071e-15 0)
(1 4.08822e-15 0)
(1 4.14392e-16 0)
(1 -7.69297e-15 0)
(1 -8.26476e-15 0)
(1 -7.90399e-15 0)
(1 5.95732e-16 0)
(1 1.51158e-15 0)
(1 2.81433e-15 0)
(1 -7.81251e-15 0)
(1 3.19723e-15 0)
(1 1.28674e-15 0)
(1 1.13082e-14 0)
(1 1.36231e-15 0)
(1 -1.25126e-15 0)
(1 -7.95009e-15 0)
(1 5.19804e-15 0)
(1 3.70322e-15 0)
(1 9.44062e-15 0)
(1 7.74987e-15 0)
(1 7.03349e-15 0)
(1 8.55054e-16 0)
(1 5.50687e-16 0)
(1 7.37282e-15 0)
(1 4.08844e-15 0)
(1 5.39396e-15 0)
(1 7.42752e-15 0)
(1 3.15721e-15 0)
(1 2.61897e-15 0)
(1 -1.1829e-15 0)
(1 4.0987e-15 0)
(1 3.65268e-15 0)
(1 3.25281e-15 0)
(1 2.72702e-15 0)
(1 3.02502e-15 0)
(1 4.963e-15 0)
(1 9.92471e-15 0)
(1 3.91395e-15 0)
(1 1.67153e-15 0)
(1 6.81584e-15 0)
(1 -1.81915e-15 0)
(1 4.27405e-15 0)
(1 7.76829e-15 0)
(1 1.86077e-15 0)
(1 6.55787e-15 0)
(1 4.52471e-15 0)
(1 5.35396e-15 0)
(1 3.78261e-15 0)
(1 7.37372e-15 0)
(1 2.63821e-15 0)
(1 3.5962e-15 0)
(1 7.23578e-15 0)
(1 8.09179e-15 0)
(1 1.13121e-14 0)
(1 8.89414e-15 0)
(1 4.50918e-15 0)
(1 2.71889e-15 0)
(1 -8.69513e-15 0)
(1 -2.76302e-15 0)
(1 2.93779e-15 0)
(1 2.57039e-15 0)
(1 9.99932e-15 0)
(1 5.33852e-15 0)
(1 1.11236e-14 0)
(1 5.07074e-15 0)
(1 6.47271e-15 0)
(1 3.82303e-15 0)
(1 1.20695e-14 0)
(1 8.25224e-15 0)
(1 1.6471e-14 0)
(1 6.44609e-15 0)
(1 4.01454e-15 0)
(1 3.67588e-15 0)
(1 3.6783e-15 0)
(1 -4.50921e-15 0)
(1 -2.03019e-15 0)
(1 -9.56412e-16 0)
(1 1.06562e-16 0)
(1 1.83467e-15 0)
(1 5.80676e-15 0)
(1 -3.10198e-15 0)
(1 1.34286e-14 0)
(1 5.31464e-15 0)
(1 9.84682e-15 0)
(1 4.10308e-15 0)
(1 -7.12718e-16 0)
(1 -9.3626e-15 0)
(1 -9.88788e-15 0)
(1 6.95756e-16 0)
(1 5.17621e-15 0)
(1 6.82132e-15 0)
(1 -1.655e-17 0)
(1 -8.545e-15 0)
(1 -6.04566e-15 0)
(1 -9.31789e-15 0)
(1 -7.99888e-15 0)
(1 -5.37414e-15 0)
(1 1.21504e-15 0)
(1 1.31691e-14 0)
(1 6.92865e-16 0)
(1 -1.76526e-15 0)
(1 -4.46625e-15 0)
(1 -8.82232e-16 0)
(1 -5.13068e-15 0)
(1 -7.88263e-15 0)
(1 1.5744e-15 0)
(1 2.25011e-15 0)
(1 7.29041e-15 0)
(1 4.30092e-15 0)
(1 4.56037e-15 0)
(1 6.03642e-15 0)
(1 3.64165e-15 0)
(1 -8.00851e-15 0)
(1 -4.78573e-15 0)
(1 -7.58101e-15 0)
(1 -6.19237e-15 0)
(1 3.36418e-15 0)
(1 1.12042e-14 0)
(1 8.51362e-15 0)
(1 3.19234e-15 0)
(1 9.09559e-15 0)
(1 9.3828e-15 0)
(1 2.93141e-16 0)
(1 2.31107e-15 0)
(1 4.07688e-16 0)
(1 2.67323e-15 0)
(1 2.29304e-15 0)
(1 3.82555e-15 0)
(1 2.2188e-15 0)
(1 3.98376e-15 0)
(1 -2.04682e-15 0)
(1 -9.21383e-16 0)
(1 -4.6247e-15 0)
(1 7.16626e-15 0)
(1 1.30551e-14 0)
(1 1.66262e-14 0)
(1 1.35798e-14 0)
(1 7.31376e-15 0)
(1 -1.3816e-15 0)
(1 4.99333e-16 0)
(1 -3.02012e-15 0)
(1 -5.97896e-17 0)
(1 2.88991e-15 0)
(1 6.46132e-15 0)
(1 4.7958e-15 0)
(1 7.94292e-15 0)
(1 9.98927e-15 0)
(1 6.36829e-15 0)
(1 -5.52084e-15 0)
(1 -3.75518e-15 0)
(1 6.67894e-15 0)
(1 5.26973e-15 0)
(1 2.73307e-15 0)
(1 6.69769e-15 0)
(1 5.97185e-15 0)
(1 7.16538e-15 0)
(1 1.28695e-15 0)
(1 5.28061e-15 0)
(1 1.95849e-15 0)
(1 2.27728e-15 0)
(1 1.14539e-15 0)
(1 6.49237e-15 0)
(1 2.78321e-15 0)
(1 2.97288e-15 0)
(1 1.13605e-15 0)
(1 4.20788e-15 0)
(1 7.90587e-16 0)
(1 7.05907e-15 0)
(1 1.12779e-14 0)
(1 1.12435e-14 0)
(1 6.67454e-15 0)
(1 6.96207e-15 0)
(1 -3.96142e-15 0)
(1 8.48317e-15 0)
(1 -1.60367e-15 0)
(1 -2.90544e-15 0)
(1 -2.11628e-15 0)
(1 -1.9683e-15 0)
(1 -7.94814e-16 0)
(1 9.16458e-15 0)
(1 1.41804e-14 0)
(1 1.38238e-14 0)
(1 2.33208e-15 0)
(1 -3.37793e-15 0)
(1 -9.58206e-16 0)
(1 2.748e-16 0)
(1 -2.13246e-15 0)
(1 -6.36876e-15 0)
(1 -2.61902e-15 0)
(1 1.15586e-15 0)
(1 7.5398e-16 0)
(1 -2.41373e-15 0)
(1 -6.71635e-15 0)
(1 -7.01081e-15 0)
(1 -3.62485e-15 0)
(1 -5.36584e-15 0)
(1 -3.62413e-15 0)
(1 1.29731e-15 0)
(1 -2.77293e-15 0)
(1 -1.5949e-15 0)
(1 -1.71349e-15 0)
(1 -4.62941e-15 0)
(1 -3.73543e-15 0)
(1 -5.19935e-15 0)
(1 -5.21576e-15 0)
(1 -1.67716e-15 0)
(1 9.19387e-15 0)
(1 1.32478e-14 0)
(1 8.38377e-15 0)
(1 1.19774e-14 0)
(1 -1.3521e-15 0)
(1 4.50764e-15 0)
(1 -5.76507e-15 0)
(1 -2.92839e-15 0)
(1 -5.20666e-15 0)
(1 2.359e-15 0)
(1 9.66701e-15 0)
(1 3.2909e-15 0)
(1 1.97831e-15 0)
(1 7.87702e-16 0)
(1 6.45472e-15 0)
(1 5.96324e-15 0)
(1 1.67974e-15 0)
(1 -3.74969e-15 0)
(1 -6.52571e-16 0)
(1 -7.55932e-15 0)
(1 1.6871e-15 0)
(1 8.7517e-15 0)
(1 9.96158e-15 0)
(1 3.52089e-15 0)
(1 6.29645e-15 0)
(1 5.16045e-15 0)
(1 4.93538e-15 0)
(1 -2.61099e-16 0)
(1 2.0932e-15 0)
(1 5.40764e-15 0)
(1 1.32036e-14 0)
(1 1.23105e-14 0)
(1 3.52726e-15 0)
(1 3.9232e-15 0)
(1 9.27559e-16 0)
(1 3.68049e-15 0)
(1 3.79452e-15 0)
(1 8.56685e-15 0)
(1 5.94607e-15 0)
(1 8.88386e-15 0)
(1 4.76182e-15 0)
(1 9.75576e-15 0)
(1 1.72847e-15 0)
(1 8.9608e-15 0)
(1 1.55788e-14 0)
(1 6.09555e-15 0)
(1 3.22211e-15 0)
(1 -1.20483e-15 0)
(1 2.21496e-15 0)
(1 1.98435e-15 0)
(1 1.93538e-15 0)
(1 9.3494e-15 0)
(1 2.73389e-15 0)
(1 1.49003e-15 0)
(1 6.12151e-15 0)
(1 9.53402e-15 0)
(1 2.76402e-15 0)
(1 2.25187e-15 0)
(1 -1.36198e-15 0)
(1 -7.83665e-16 0)
(1 3.6165e-16 0)
(1 3.75158e-15 0)
(1 1.59093e-14 0)
(1 1.36666e-14 0)
(1 1.40696e-14 0)
(1 1.34417e-14 0)
(1 -3.79345e-16 0)
(1 4.43196e-15 0)
(1 2.8993e-15 0)
(1 -6.71976e-16 0)
(1 -1.37852e-15 0)
(1 1.43482e-15 0)
(1 -4.2767e-15 0)
(1 -6.11709e-15 0)
(1 4.22567e-15 0)
(1 8.34684e-15 0)
(1 4.82171e-15 0)
(1 6.2504e-15 0)
(1 -3.04587e-15 0)
(1 -6.10117e-15 0)
(1 1.79759e-15 0)
(1 -7.00138e-15 0)
(1 -6.30887e-15 0)
(1 -7.11291e-15 0)
(1 -5.79072e-15 0)
(1 -1.3927e-15 0)
(1 -8.92311e-15 0)
(1 -2.54298e-15 0)
(1 1.00256e-14 0)
(1 1.90024e-14 0)
(1 1.38765e-14 0)
(1 9.03272e-15 0)
(1 -6.92997e-15 0)
(1 -1.07712e-14 0)
(1 -9.3226e-15 0)
(1 -4.58884e-15 0)
(1 -4.23375e-15 0)
(1 -1.48339e-16 0)
(1 2.74003e-16 0)
(1 -1.04287e-14 0)
(1 2.82006e-15 0)
(1 2.02846e-15 0)
(1 6.4853e-15 0)
(1 6.28235e-15 0)
(1 2.12406e-16 0)
(1 4.69271e-15 0)
(1 1.14376e-15 0)
(1 6.62996e-15 0)
(1 -1.72949e-15 0)
(1 -1.56389e-16 0)
(1 3.91636e-15 0)
(1 1.19101e-15 0)
(1 1.7636e-15 0)
(1 -3.21298e-15 0)
(1 -3.48082e-15 0)
(1 9.02302e-15 0)
(1 9.63161e-15 0)
(1 5.73534e-15 0)
(1 -4.50654e-15 0)
(1 1.12084e-16 0)
(1 7.68672e-15 0)
(1 4.80968e-15 0)
(1 5.26196e-15 0)
(1 2.5542e-15 0)
(1 3.14498e-15 0)
(1 3.83926e-15 0)
(1 5.9916e-15 0)
(1 4.31786e-15 0)
(1 5.24469e-15 0)
(1 5.11172e-15 0)
(1 1.15679e-14 0)
(1 7.60563e-15 0)
(1 1.14989e-14 0)
(1 9.26311e-15 0)
(1 9.8411e-15 0)
(1 9.75281e-15 0)
(1 7.43305e-15 0)
(1 8.26834e-15 0)
(1 3.54011e-15 0)
(1 2.21358e-15 0)
(1 6.17802e-15 0)
(1 7.96191e-15 0)
(1 7.08618e-15 0)
(1 4.89163e-15 0)
(1 6.53874e-15 0)
(1 1.16364e-14 0)
(1 8.26456e-15 0)
(1 -1.49649e-15 0)
(1 2.40134e-15 0)
(1 3.78378e-15 0)
(1 6.78665e-15 0)
(1 1.25987e-16 0)
(1 -1.52542e-15 0)
(1 -1.99133e-15 0)
(1 2.28136e-15 0)
(1 2.10076e-16 0)
(1 2.78881e-15 0)
(1 4.73197e-16 0)
(1 7.4123e-15 0)
(1 3.74897e-15 0)
(1 8.56422e-15 0)
(1 4.54404e-15 0)
(1 9.76289e-15 0)
(1 1.21553e-14 0)
(1 1.5558e-14 0)
(1 1.45056e-14 0)
(1 -1.26938e-15 0)
(1 1.24476e-15 0)
(1 -7.54328e-15 0)
(1 5.82402e-15 0)
(1 1.72784e-16 0)
(1 6.64485e-15 0)
(1 8.33028e-15 0)
(1 1.06768e-14 0)
(1 6.19126e-15 0)
(1 -5.81892e-17 0)
(1 -1.16673e-15 0)
(1 -9.21917e-15 0)
(1 -2.54912e-15 0)
(1 -3.00913e-15 0)
(1 -3.61609e-16 0)
(1 5.71685e-16 0)
(1 -2.20088e-15 0)
(1 -4.77533e-15 0)
(1 -6.2422e-15 0)
(1 -7.34802e-15 0)
(1 -3.59627e-15 0)
(1 -4.69167e-15 0)
(1 -4.00898e-16 0)
(1 -3.12824e-15 0)
(1 2.48734e-15 0)
(1 -1.15714e-16 0)
(1 4.68815e-16 0)
(1 -8.96653e-15 0)
(1 -1.60401e-14 0)
(1 -5.0531e-15 0)
(1 -5.86253e-15 0)
(1 4.57914e-15 0)
(1 5.43225e-17 0)
(1 9.89679e-15 0)
(1 4.92488e-15 0)
(1 3.93745e-15 0)
(1 7.96543e-15 0)
(1 2.90009e-15 0)
(1 2.70647e-15 0)
(1 -3.7562e-15 0)
(1 1.66804e-15 0)
(1 4.41668e-15 0)
(1 6.55725e-15 0)
(1 2.45251e-15 0)
(1 -5.33738e-15 0)
(1 -3.81871e-15 0)
(1 3.40209e-15 0)
(1 -1.06368e-15 0)
(1 -6.01228e-16 0)
(1 -2.28026e-15 0)
(1 9.14601e-15 0)
(1 5.89386e-15 0)
(1 1.60932e-15 0)
(1 9.48988e-16 0)
(1 3.30337e-15 0)
(1 4.05093e-16 0)
(1 5.84053e-15 0)
(1 5.08456e-15 0)
(1 3.65024e-15 0)
(1 -5.26197e-15 0)
(1 -1.82897e-15 0)
(1 2.1543e-15 0)
(1 1.76801e-15 0)
(1 1.20495e-14 0)
(1 3.65072e-15 0)
(1 -6.11119e-15 0)
(1 5.26499e-15 0)
(1 1.67686e-15 0)
(1 1.62326e-14 0)
(1 8.28252e-15 0)
(1 5.55063e-15 0)
(1 4.9428e-15 0)
(1 9.39618e-15 0)
(1 1.51625e-15 0)
(1 9.10411e-15 0)
(1 2.77435e-15 0)
(1 3.92119e-15 0)
(1 9.07818e-15 0)
(1 5.11195e-15 0)
(1 1.46616e-14 0)
(1 9.05923e-17 0)
(1 5.83627e-15 0)
(1 1.20339e-15 0)
(1 4.26698e-15 0)
(1 4.7435e-16 0)
(1 -2.8738e-15 0)
(1 -1.35537e-15 0)
(1 -1.34361e-15 0)
(1 -1.53401e-15 0)
(1 -5.24695e-16 0)
(1 7.66927e-15 0)
(1 3.07116e-15 0)
(1 4.37221e-15 0)
(1 4.94632e-15 0)
(1 3.16487e-15 0)
(1 9.95558e-15 0)
(1 6.87827e-15 0)
(1 1.10923e-14 0)
(1 1.29598e-14 0)
(1 1.12017e-14 0)
(1 -3.99513e-15 0)
(1 -5.91996e-16 0)
(1 4.48552e-16 0)
(1 8.42634e-15 0)
(1 2.35037e-15 0)
(1 -3.91434e-15 0)
(1 8.73725e-15 0)
(1 1.45056e-14 0)
(1 1.43986e-14 0)
(1 2.75236e-15 0)
(1 -4.06704e-15 0)
(1 -1.25669e-14 0)
(1 -5.24344e-15 0)
(1 -6.85676e-15 0)
(1 -3.75276e-15 0)
(1 4.60046e-15 0)
(1 -4.94089e-16 0)
(1 -1.52671e-15 0)
(1 -6.34568e-15 0)
(1 -2.16422e-15 0)
(1 9.11462e-15 0)
(1 1.1077e-16 0)
(1 3.49659e-15 0)
(1 -4.16325e-15 0)
(1 -5.61002e-15 0)
(1 -9.43371e-15 0)
(1 -6.50087e-15 0)
(1 -7.0034e-15 0)
(1 -7.27005e-15 0)
(1 -3.28415e-15 0)
(1 -3.48965e-15 0)
(1 -3.06681e-15 0)
(1 -2.38561e-15 0)
(1 2.18282e-15 0)
(1 1.95986e-16 0)
(1 9.58423e-15 0)
(1 -1.48819e-15 0)
(1 8.16424e-16 0)
(1 2.18247e-15 0)
(1 -3.65827e-15 0)
(1 -4.65986e-15 0)
(1 -8.73153e-15 0)
(1 3.25159e-15 0)
(1 3.37001e-15 0)
(1 2.43005e-15 0)
(1 2.80103e-15 0)
(1 -6.5759e-16 0)
(1 6.25244e-16 0)
(1 3.95632e-15 0)
(1 -5.50777e-15 0)
(1 -2.04567e-15 0)
(1 -5.53418e-15 0)
(1 8.82823e-16 0)
(1 3.41432e-15 0)
(1 9.05848e-16 0)
(1 4.329e-16 0)
(1 8.35139e-16 0)
(1 4.88943e-15 0)
(1 9.7854e-15 0)
(1 6.16932e-15 0)
(1 8.35049e-17 0)
(1 4.31179e-15 0)
(1 -1.32902e-15 0)
(1 9.35941e-15 0)
(1 1.83077e-15 0)
(1 2.74826e-15 0)
(1 -2.75458e-15 0)
(1 3.30874e-15 0)
(1 7.38631e-15 0)
(1 5.15123e-15 0)
(1 7.62745e-15 0)
(1 1.08965e-14 0)
(1 1.47293e-14 0)
(1 1.66083e-14 0)
(1 1.15316e-14 0)
(1 6.20189e-15 0)
(1 7.9787e-15 0)
(1 7.95423e-15 0)
(1 8.77831e-15 0)
(1 2.45223e-15 0)
(1 3.75575e-15 0)
(1 8.50672e-15 0)
(1 6.05871e-15 0)
(1 -1.97933e-15 0)
(1 -3.6416e-15 0)
(1 1.61546e-15 0)
(1 3.98829e-15 0)
(1 2.09127e-15 0)
(1 5.13435e-15 0)
(1 4.15345e-15 0)
(1 7.09182e-15 0)
(1 8.33519e-15 0)
(1 4.81391e-15 0)
(1 7.96335e-15 0)
(1 9.06901e-15 0)
(1 1.60879e-14 0)
(1 8.59432e-15 0)
(1 2.1377e-15 0)
(1 6.66512e-15 0)
(1 6.55915e-15 0)
(1 4.02289e-15 0)
(1 6.66017e-16 0)
(1 7.58156e-15 0)
(1 1.60241e-15 0)
(1 2.59987e-15 0)
(1 2.93144e-15 0)
(1 4.39827e-15 0)
(1 6.20508e-17 0)
(1 -3.20351e-16 0)
(1 -2.70209e-15 0)
(1 -1.88856e-15 0)
(1 -2.27376e-15 0)
(1 -7.72689e-15 0)
(1 -9.45464e-15 0)
(1 -1.09074e-14 0)
(1 8.39604e-16 0)
(1 3.29716e-16 0)
(1 3.14549e-16 0)
(1 7.33648e-15 0)
(1 8.07081e-15 0)
(1 1.02946e-14 0)
(1 -9.89182e-16 0)
(1 -2.64921e-15 0)
(1 -1.44651e-15 0)
(1 -7.20914e-15 0)
(1 -4.99615e-15 0)
(1 -1.03647e-14 0)
(1 -7.57798e-15 0)
(1 -4.65951e-15 0)
(1 -9.69129e-15 0)
(1 7.26914e-16 0)
(1 -6.25168e-16 0)
(1 9.96144e-15 0)
(1 -7.01593e-15 0)
(1 -3.99912e-15 0)
(1 2.33802e-15 0)
(1 -6.51963e-15 0)
(1 -5.31803e-15 0)
(1 -4.23261e-15 0)
(1 -3.46594e-15 0)
(1 -3.53142e-15 0)
(1 -8.36784e-15 0)
(1 -3.80824e-15 0)
(1 -1.06112e-15 0)
(1 7.01643e-15 0)
(1 1.07376e-14 0)
(1 -1.40948e-15 0)
(1 1.5594e-15 0)
(1 7.40263e-16 0)
(1 3.02084e-15 0)
(1 -6.56662e-16 0)
(1 -1.22619e-15 0)
(1 8.74104e-16 0)
(1 6.06393e-15 0)
(1 4.24737e-15 0)
(1 -3.61082e-15 0)
(1 -9.27694e-15 0)
(1 -1.4158e-15 0)
(1 -1.55893e-15 0)
(1 5.80545e-15 0)
(1 -3.65645e-15 0)
(1 -1.80097e-15 0)
(1 4.23354e-15 0)
(1 1.31865e-15 0)
(1 2.69605e-15 0)
(1 1.15968e-14 0)
(1 5.82044e-15 0)
(1 5.0317e-15 0)
(1 1.25656e-15 0)
(1 2.00058e-15 0)
(1 1.11943e-14 0)
(1 1.32418e-14 0)
(1 9.61495e-15 0)
(1 1.27414e-14 0)
(1 5.63154e-15 0)
(1 9.302e-15 0)
(1 5.14564e-15 0)
(1 -1.35175e-16 0)
(1 2.84843e-15 0)
(1 5.68571e-15 0)
(1 1.87156e-14 0)
(1 4.68646e-15 0)
(1 7.08576e-15 0)
(1 5.57533e-15 0)
(1 6.22278e-16 0)
(1 -1.55076e-15 0)
(1 2.43097e-15 0)
(1 7.07251e-15 0)
(1 3.55742e-15 0)
(1 -4.16756e-16 0)
(1 3.21435e-15 0)
(1 4.11737e-15 0)
(1 8.57763e-15 0)
(1 1.10304e-14 0)
(1 1.4943e-14 0)
(1 8.67594e-15 0)
(1 5.47734e-15 0)
(1 1.57604e-15 0)
(1 8.21941e-15 0)
(1 7.74995e-15 0)
(1 1.69978e-15 0)
(1 -3.16964e-15 0)
(1 5.29091e-15 0)
(1 -3.5005e-15 0)
(1 5.7937e-15 0)
(1 7.82839e-15 0)
(1 9.85415e-15 0)
(1 8.4924e-15 0)
(1 6.36338e-15 0)
(1 -4.33369e-15 0)
(1 -2.0353e-15 0)
(1 -1.16644e-15 0)
(1 -4.72325e-15 0)
(1 -6.45094e-15 0)
(1 -5.73417e-15 0)
(1 -4.23487e-15 0)
(1 3.18241e-15 0)
(1 4.02042e-15 0)
(1 9.37657e-15 0)
(1 3.68387e-15 0)
(1 9.54607e-16 0)
(1 6.41476e-16 0)
(1 -1.10024e-14 0)
(1 -6.62741e-15 0)
(1 -5.41586e-15 0)
(1 -3.06286e-15 0)
(1 -6.00751e-15 0)
(1 -1.4116e-14 0)
(1 -9.06036e-15 0)
(1 -1.25852e-14 0)
(1 -8.84228e-16 0)
(1 7.5973e-15 0)
(1 2.27024e-15 0)
(1 9.13059e-16 0)
(1 -4.90361e-15 0)
(1 -5.58745e-15 0)
(1 -1.3388e-15 0)
(1 -7.5411e-15 0)
(1 -8.07844e-15 0)
(1 -4.41093e-15 0)
(1 7.54852e-15 0)
(1 -2.68876e-15 0)
(1 -1.54356e-15 0)
(1 2.93048e-15 0)
(1 2.1708e-15 0)
(1 9.34027e-16 0)
(1 -8.1608e-16 0)
(1 7.41951e-15 0)
(1 2.07595e-16 0)
(1 -6.43201e-15 0)
(1 7.12643e-16 0)
(1 -5.35589e-15 0)
(1 -4.71318e-16 0)
(1 -3.49009e-15 0)
(1 -3.69652e-15 0)
(1 -3.68171e-16 0)
(1 3.28828e-15 0)
(1 6.03562e-15 0)
(1 -1.00352e-15 0)
(1 2.88194e-15 0)
(1 2.23902e-15 0)
(1 -1.18139e-15 0)
(1 2.92559e-16 0)
(1 -3.25245e-15 0)
(1 -3.15654e-15 0)
(1 1.7582e-15 0)
(1 6.56307e-15 0)
(1 2.295e-15 0)
(1 1.00326e-15 0)
(1 7.20294e-18 0)
(1 3.17285e-15 0)
(1 7.42042e-15 0)
(1 7.37441e-15 0)
(1 8.90953e-15 0)
(1 5.15602e-15 0)
(1 5.43485e-15 0)
(1 4.16867e-15 0)
(1 8.13583e-15 0)
(1 6.67402e-15 0)
(1 8.52292e-15 0)
(1 7.52481e-15 0)
(1 3.67761e-15 0)
(1 -1.49319e-15 0)
(1 9.10445e-15 0)
(1 -1.66574e-15 0)
(1 -3.87485e-15 0)
(1 -2.09762e-15 0)
(1 9.67462e-15 0)
(1 -1.11962e-15 0)
(1 6.20464e-15 0)
(1 3.49739e-15 0)
(1 6.59115e-15 0)
(1 6.34819e-15 0)
(1 9.00517e-15 0)
(1 6.03237e-15 0)
(1 6.83818e-15 0)
(1 3.00165e-16 0)
(1 7.07475e-15 0)
(1 9.72425e-15 0)
(1 4.85916e-15 0)
(1 -4.17889e-16 0)
(1 -1.03084e-14 0)
(1 2.9894e-15 0)
(1 -2.34818e-15 0)
(1 4.81764e-15 0)
(1 4.61207e-15 0)
(1 5.63229e-15 0)
(1 7.65641e-15 0)
(1 5.0242e-15 0)
(1 9.25848e-15 0)
(1 -4.02054e-15 0)
(1 2.59005e-15 0)
(1 -4.0502e-15 0)
(1 -4.55917e-15 0)
(1 -6.75734e-15 0)
(1 -1.90799e-15 0)
(1 -9.34214e-15 0)
(1 2.31514e-15 0)
(1 2.21616e-16 0)
(1 7.65533e-15 0)
(1 1.16044e-15 0)
(1 2.18924e-15 0)
(1 -3.37022e-15 0)
(1 -4.38036e-15 1.60667e-46)
(1 -3.04394e-15 0)
(1 -8.81516e-16 0)
(1 -1.12471e-14 0)
(1 -6.21741e-15 0)
(1 -8.52411e-15 0)
(1 -4.24357e-15 0)
(1 -5.90607e-15 0)
(1 -2.04366e-15 0)
(1 -8.93016e-15 0)
(1 -3.65807e-15 0)
(1 -1.14699e-14 0)
(1 -6.13622e-15 0)
(1 2.05708e-15 0)
(1 4.57206e-15 0)
(1 2.07396e-15 0)
(1 5.05572e-15 0)
(1 2.99889e-15 0)
(1 3.45234e-16 0)
(1 -1.94734e-15 0)
(1 1.7444e-15 0)
(1 -5.41076e-15 -1.42938e-46)
(1 -1.34585e-15 0)
(1 -1.51831e-15 -1.39101e-46)
(1 4.0964e-15 0)
(1 -2.79098e-16 0)
(1 -2.95143e-15 0)
(1 1.47467e-15 0)
(1 -3.86459e-16 0)
(1 -1.1779e-15 0)
(1 5.48097e-17 0)
(1 -7.34708e-15 0)
(1 -2.01248e-15 0)
(1 3.35795e-15 0)
(1 2.67362e-15 0)
(1 2.41597e-15 0)
(1 -3.60482e-15 0)
(1 3.77571e-15 0)
(1 -9.24012e-16 0)
(1 -3.42037e-15 0)
(1 2.67708e-15 0)
(1 8.89251e-16 0)
(1 -1.98012e-16 0)
(1 1.17199e-15 0)
(1 2.74798e-15 0)
(1 -9.24311e-16 0)
(1 1.39974e-15 4.55498e-47)
(1 -2.25045e-15 -4.39385e-47)
(1 3.28871e-15 -4.23226e-47)
(1 7.49264e-15 4.09576e-47)
(1 1.0174e-14 4.04258e-47)
(1 1.00925e-14 -3.81865e-47)
(1 7.78441e-15 -3.80995e-47)
(1 1.07684e-14 3.65604e-47)
(1 7.26724e-15 3.46373e-47)
(1 1.04724e-15 -3.33795e-47)
(1 -1.27075e-15 -3.19286e-47)
(1 2.17637e-16 0)
(1 5.73184e-15 0)
(1 8.5733e-15 -5.67062e-47)
(1 5.93282e-15 0)
(1 8.75823e-15 -5.44908e-47)
(1 4.47213e-15 2.63359e-47)
(1 2.66179e-15 -5.03814e-47)
(1 -1.77132e-15 0)
(1 6.14428e-15 -4.03413e-47)
(1 4.2746e-15 1.85177e-47)
(1 2.53392e-15 -3.26951e-47)
(1 8.4445e-17 0)
(1 4.55938e-15 -2.83879e-47)
(1 7.3451e-15 0)
(1 3.88331e-15 0)
(1 1.01174e-14 -9.04335e-48)
(1 7.26751e-15 -7.39432e-48)
(1 5.05114e-15 0)
(1 5.23315e-16 -3.94179e-48)
(1 -8.88915e-16 -1.18151e-48)
(1 -1.78373e-15 0)
(1 1.2355e-15 0)
(1 1.06147e-15 0)
(1 6.22219e-15 0)
(1 6.44188e-15 0)
(1 5.88922e-15 0)
(1 6.77323e-15 0)
(1 1.6677e-15 0)
(1 1.00943e-15 0)
(1 5.58786e-15 0)
(1 -4.47748e-15 0)
(1 -2.8265e-15 0)
(1 -8.42793e-15 0)
(1 -6.87183e-16 0)
(1 -2.3048e-15 0)
(1 5.91871e-16 0)
(1 -1.32368e-15 0)
(1 6.31863e-15 0)
(1 -1.02103e-15 0)
(1 8.37707e-15 0)
(1 -3.14079e-16 0)
(1 -2.91346e-15 0)
(1 6.7496e-17 0)
(1 -6.25482e-15 -1.60667e-46)
(1 -6.84387e-15 0)
(1 -1.22483e-14 0)
(1 -1.50779e-14 0)
(1 -6.14831e-15 0)
(1 -2.25286e-17 0)
(1 7.58927e-15 0)
(1 -1.11702e-16 0)
(1 -4.59091e-15 0)
(1 -2.99591e-15 0)
(1 -8.42309e-15 0)
(1 -1.04928e-14 0)
(1 -9.31677e-15 0)
(1 -6.66644e-15 0)
(1 4.01314e-15 0)
(1 -1.22291e-15 0)
(1 9.4029e-15 0)
(1 -1.15497e-15 0)
(1 3.39716e-15 0)
(1 -3.75283e-15 0)
(1 -3.9634e-15 0)
(1 -1.40464e-15 1.42938e-46)
(1 -1.66319e-16 0)
(1 4.22431e-15 1.39101e-46)
(1 -6.6136e-15 0)
(1 -5.14973e-15 0)
(1 1.70771e-15 0)
(1 -2.5403e-15 0)
(1 2.53427e-15 0)
(1 -5.20187e-17 0)
(1 1.6496e-15 0)
(1 7.51072e-16 0)
(1 3.61032e-16 0)
(1 4.59391e-15 0)
(1 4.58116e-15 0)
(1 6.08293e-15 0)
(1 4.69697e-15 0)
(1 -5.96844e-15 0)
(1 -8.15841e-15 0)
(1 -6.22551e-16 0)
(1 -3.57859e-15 0)
(1 -1.7573e-15 0)
(1 -5.52041e-15 0)
(1 -3.14823e-15 0)
(1 -6.01356e-15 0)
(1 -1.56022e-16 0)
(1 -5.53581e-15 -4.55498e-47)
(1 4.03348e-15 4.39385e-47)
(1 4.75406e-15 4.23226e-47)
(1 1.48086e-15 -4.09576e-47)
(1 -4.51278e-16 -4.04258e-47)
(1 -5.28024e-16 3.81865e-47)
(1 1.05524e-14 3.80995e-47)
(1 9.75615e-15 -3.65604e-47)
(1 2.10435e-16 -3.46373e-47)
(1 -1.33921e-15 3.33795e-47)
(1 -1.13497e-15 3.19286e-47)
(1 2.34435e-15 0)
(1 -1.00377e-17 0)
(1 5.86223e-15 5.67062e-47)
(1 1.93245e-15 0)
(1 1.15023e-14 5.44908e-47)
(1 5.8051e-15 -2.63359e-47)
(1 7.92358e-15 5.03814e-47)
(1 -3.52892e-15 0)
(1 4.78332e-15 4.03413e-47)
(1 1.93708e-15 -1.85177e-47)
(1 -3.86773e-16 3.26951e-47)
(1 -1.70337e-15 0)
(1 4.97547e-15 2.83879e-47)
(1 1.03502e-14 0)
(1 8.09081e-15 0)
(1 -1.46441e-15 9.04335e-48)
(1 5.01433e-15 7.39432e-48)
(1 1.59064e-16 0)
(1 3.71295e-16 3.94179e-48)
(1 3.0831e-15 1.18151e-48)
(1 1.08363e-15 0)
(1 5.98584e-15 0)
(1 1.06566e-15 0)
(1 2.68317e-15 0)
(1 4.73035e-15 0)
(1 1.60683e-15 0)
(1 2.01105e-15 0)
(1 -1.45039e-15 0)
(1 4.42282e-15 0)
(1 2.26986e-16 0)
(1 4.47528e-15 0)
(1 -7.71461e-15 0)
(1 -5.7707e-15 0)
(1 -2.93147e-15 0)
(1 5.5047e-15 0)
(1 -2.6385e-15 0)
(1 3.25221e-15 0)
(1 3.2106e-15 0)
(1 2.75742e-15 0)
(1 -2.46803e-15 0)
(1 -3.35823e-16 0)
(1 1.06185e-15 0)
(1 -3.22824e-15 0)
(1 -3.1194e-15 0)
(1 -6.12306e-15 0)
(1 -1.07858e-14 0)
(1 -7.98101e-16 0)
(1 1.71012e-15 0)
(1 7.23914e-16 0)
(1 2.87781e-15 0)
(1 -2.94059e-15 0)
(1 -5.80929e-15 0)
(1 -4.37555e-15 0)
(1 -3.09553e-15 0)
(1 -5.32804e-15 0)
(1 -1.1872e-14 0)
(1 -1.29145e-14 0)
(1 -4.26418e-15 0)
(1 1.61102e-16 0)
(1 2.875e-15 0)
(1 -1.2906e-15 0)
(1 1.76971e-15 0)
(1 -1.02493e-16 0)
(1 6.95469e-16 0)
(1 -4.02311e-15 0)
(1 -3.26783e-15 0)
(1 -3.89406e-15 0)
(1 -4.88017e-15 0)
(1 2.00346e-15 0)
(1 -1.07002e-15 0)
(1 -2.12447e-15 0)
(1 -2.45407e-16 0)
(1 -1.38107e-16 0)
(1 -3.33145e-15 0)
(1 -5.8466e-15 0)
(1 -4.54972e-15 0)
(1 7.02636e-15 0)
(1 1.47929e-14 0)
(1 1.08311e-14 0)
(1 7.37371e-15 0)
(1 1.34428e-15 0)
(1 8.33401e-16 0)
(1 1.25417e-15 0)
(1 -6.79751e-15 0)
(1 -9.0258e-15 0)
(1 -3.45315e-15 0)
(1 -5.96154e-15 0)
(1 3.73195e-15 0)
(1 -5.62387e-15 0)
(1 -3.81915e-15 0)
(1 -1.0393e-15 0)
(1 -1.42633e-15 0)
(1 -4.87034e-15 0)
(1 -1.0862e-15 0)
(1 3.9464e-15 0)
(1 3.67866e-15 0)
(1 3.29823e-15 0)
(1 7.31869e-15 0)
(1 -9.64025e-16 0)
(1 -2.93632e-15 0)
(1 -4.4386e-15 0)
(1 -4.78572e-16 0)
(1 -2.61741e-15 0)
(1 2.96602e-15 0)
(1 6.19551e-15 0)
(1 4.99361e-15 0)
(1 3.85378e-15 0)
(1 7.60848e-15 0)
(1 1.36358e-15 0)
(1 9.62284e-15 0)
(1 3.38975e-15 0)
(1 1.63446e-15 0)
(1 4.7502e-15 0)
(1 6.8311e-15 0)
(1 8.20426e-15 0)
(1 -3.28537e-15 0)
(1 -4.357e-15 0)
(1 -7.34763e-15 0)
(1 1.01864e-15 0)
(1 3.36667e-15 0)
(1 -2.46302e-15 0)
(1 2.87685e-15 0)
(1 1.25665e-15 0)
(1 5.95202e-15 0)
(1 1.35878e-14 0)
(1 8.65906e-15 0)
(1 5.97366e-15 0)
(1 -5.96155e-15 0)
(1 -2.6105e-15 0)
(1 -6.97128e-15 0)
(1 4.51626e-15 0)
(1 2.67126e-15 0)
(1 -7.72858e-17 0)
(1 1.08163e-15 0)
(1 -2.34616e-15 0)
(1 1.09415e-15 0)
(1 -1.05694e-14 0)
(1 -5.95409e-15 0)
(1 -2.26018e-15 0)
(1 -8.80882e-16 0)
(1 -1.74718e-15 0)
(1 4.55961e-15 0)
(1 2.71112e-15 0)
(1 -6.18796e-15 0)
(1 -4.71712e-15 0)
(1 2.16144e-16 0)
(1 3.59072e-15 0)
(1 4.47547e-15 0)
(1 -4.85453e-15 0)
(1 -9.87167e-15 0)
(1 -8.89038e-15 0)
(1 -8.74524e-15 0)
(1 -9.47069e-15 0)
(1 -3.93793e-15 0)
(1 -1.11834e-14 0)
(1 -1.29628e-14 0)
(1 -3.3493e-15 0)
(1 -6.94269e-15 0)
(1 4.00682e-15 0)
(1 -9.45286e-16 0)
(1 3.72237e-15 0)
(1 1.39187e-15 0)
(1 4.22574e-15 0)
(1 -2.04259e-15 0)
(1 -6.77577e-15 0)
(1 -3.45603e-15 0)
(1 -7.88012e-16 0)
(1 -3.17303e-16 0)
(1 3.58367e-15 0)
(1 -1.82395e-15 0)
(1 -3.89128e-15 0)
(1 -2.0493e-15 0)
(1 9.14751e-16 0)
(1 -9.49825e-16 0)
(1 2.37925e-16 0)
(1 3.05567e-15 0)
(1 -3.89701e-15 0)
(1 2.46931e-15 0)
(1 -5.4964e-15 0)
(1 -2.19287e-15 0)
(1 9.27213e-15 0)
(1 7.74402e-15 0)
(1 -6.98225e-15 0)
(1 -1.4371e-15 0)
(1 -6.4406e-15 0)
(1 4.68686e-16 0)
(1 -1.21191e-14 0)
(1 4.49215e-15 0)
(1 -5.22754e-15 0)
(1 -1.51678e-15 0)
(1 -1.64398e-14 0)
(1 -1.1585e-14 0)
(1 -6.89142e-15 0)
(1 2.9064e-15 0)
(1 9.0344e-15 0)
(1 -4.91511e-16 0)
(1 -1.79363e-15 0)
(1 3.02825e-15 0)
(1 -1.87244e-15 0)
(1 1.18846e-15 0)
(1 -4.91466e-15 0)
(1 7.15772e-15 0)
(1 1.50654e-15 0)
(1 8.96736e-15 0)
(1 3.96475e-15 0)
(1 4.36386e-15 0)
(1 -4.33848e-15 0)
(1 2.90409e-15 0)
(1 9.13727e-15 0)
(1 5.94396e-15 0)
(1 -1.96652e-16 0)
(1 -4.25917e-15 0)
(1 -7.41009e-16 0)
(1 8.42948e-16 0)
(1 7.56068e-16 0)
(1 1.69998e-16 0)
(1 -9.16312e-16 0)
(1 -4.09294e-15 0)
(1 -3.73446e-15 0)
(1 -3.69864e-16 0)
(1 -1.86483e-15 0)
(1 -4.52457e-16 0)
(1 3.09553e-15 0)
(1 6.53873e-15 0)
(1 6.81285e-15 0)
(1 2.9092e-15 0)
(1 4.46683e-16 0)
(1 2.32178e-15 0)
(1 -2.98817e-15 0)
(1 -3.61518e-15 0)
(1 -1.10092e-14 0)
(1 3.67665e-15 0)
(1 8.35237e-15 0)
(1 1.97121e-15 0)
(1 1.1415e-15 0)
(1 4.35608e-15 0)
(1 5.88047e-16 0)
(1 2.40102e-15 0)
(1 3.50585e-15 0)
(1 3.92861e-15 0)
(1 -3.07052e-15 0)
(1 1.17154e-15 0)
(1 -1.13212e-15 0)
(1 -4.87423e-16 0)
(1 2.09916e-15 0)
(1 -1.80642e-16 0)
(1 -5.48797e-15 0)
(1 -4.45538e-15 0)
(1 -1.22882e-15 0)
(1 -1.28057e-14 0)
(1 -7.27989e-15 0)
(1 -5.15699e-15 0)
(1 -1.14808e-14 0)
(1 -1.06717e-14 0)
(1 -1.67355e-14 0)
(1 -1.07421e-14 0)
(1 -1.45049e-15 0)
(1 -4.34025e-15 0)
(1 -8.49898e-16 0)
(1 -2.67913e-15 0)
(1 1.61334e-15 0)
(1 3.41074e-15 0)
(1 4.65417e-16 0)
(1 1.74257e-16 0)
(1 -8.28151e-16 0)
(1 -5.83981e-16 0)
(1 1.98923e-15 0)
(1 -9.68292e-16 0)
(1 -8.9849e-15 0)
(1 -3.21634e-16 0)
(1 -3.19389e-15 0)
(1 -6.79349e-15 0)
(1 -2.07212e-16 0)
(1 -1.23936e-15 0)
(1 3.11334e-15 0)
(1 3.14378e-15 0)
(1 -1.28746e-14 0)
(1 -1.93947e-14 0)
(1 -1.05415e-14 0)
(1 -3.76549e-16 0)
(1 6.98794e-15 0)
(1 6.94375e-15 0)
(1 2.08221e-17 0)
(1 -1.84583e-15 0)
(1 2.82086e-15 0)
(1 -3.13141e-15 0)
(1 -1.04167e-15 0)
(1 -3.51072e-15 0)
(1 2.91379e-15 0)
(1 -2.75565e-16 0)
(1 -4.20704e-15 0)
(1 -5.79973e-15 0)
(1 -1.68921e-15 0)
(1 -4.51835e-15 0)
(1 -3.16114e-15 0)
(1 1.11773e-15 0)
(1 -1.41719e-15 0)
(1 -6.09496e-15 0)
(1 -2.10222e-15 0)
(1 -4.81628e-15 0)
(1 -1.57319e-15 0)
(1 9.36241e-16 0)
(1 1.25727e-15 0)
(1 4.86387e-15 0)
(1 2.03142e-15 0)
(1 5.17246e-16 0)
(1 -1.74355e-15 0)
(1 3.8033e-16 0)
(1 8.87271e-15 0)
(1 -5.05216e-15 0)
(1 -5.30183e-15 0)
(1 2.72155e-16 0)
(1 6.82176e-15 0)
(1 -8.74467e-16 0)
(1 1.52561e-15 0)
(1 6.69278e-16 0)
(1 1.54069e-15 0)
(1 1.12664e-15 0)
(1 -2.80259e-15 0)
(1 3.38864e-15 0)
(1 7.67482e-15 0)
(1 2.97651e-15 0)
(1 5.82548e-15 0)
(1 1.51295e-15 0)
(1 -1.6541e-15 0)
(1 -3.04287e-15 0)
(1 -9.96091e-15 0)
(1 8.85933e-15 0)
(1 -3.98198e-15 0)
(1 1.90179e-15 0)
(1 -8.83397e-15 0)
(1 2.47576e-15 0)
(1 5.8959e-15 0)
(1 3.1719e-15 0)
(1 6.65897e-15 0)
(1 -3.86776e-15 0)
(1 4.09295e-15 0)
(1 -3.38453e-15 0)
(1 -3.2012e-15 0)
(1 -8.4034e-15 0)
(1 -6.01456e-15 0)
(1 -8.16922e-15 0)
(1 -1.18257e-15 0)
(1 6.15133e-15 0)
(1 3.60332e-15 0)
(1 7.81205e-15 0)
(1 3.82416e-15 0)
(1 8.53687e-15 0)
(1 4.00586e-16 0)
(1 -9.13509e-15 0)
(1 -8.72522e-15 0)
(1 -9.77895e-15 0)
(1 -7.3512e-15 0)
(1 -3.6822e-15 0)
(1 -3.53878e-15 0)
(1 -8.79741e-15 0)
(1 -7.0487e-15 0)
(1 -8.94851e-15 0)
(1 -7.26807e-15 0)
(1 -9.87108e-15 0)
(1 -2.42908e-15 0)
(1 2.25197e-15 0)
(1 -2.5392e-15 0)
(1 4.23836e-15 0)
(1 -2.69874e-15 0)
(1 -2.40712e-15 0)
(1 -1.08732e-14 0)
(1 -5.23575e-15 0)
(1 -9.62722e-15 0)
(1 -3.82246e-15 0)
(1 -2.88449e-15 0)
(1 -2.35868e-15 0)
(1 1.02094e-15 0)
(1 1.83265e-15 0)
(1 -6.61965e-15 0)
(1 -8.67043e-15 0)
(1 -6.39213e-15 0)
(1 -1.28341e-14 0)
(1 3.1063e-15 0)
(1 -1.42193e-15 0)
(1 5.69971e-16 0)
(1 3.92651e-15 0)
(1 4.47775e-15 0)
(1 9.50122e-16 0)
(1 1.61232e-15 0)
(1 -4.55615e-15 0)
(1 5.69444e-15 0)
(1 6.966e-16 0)
(1 -3.1953e-15 0)
(1 1.06839e-15 0)
(1 6.17528e-15 0)
(1 3.14094e-15 0)
(1 1.64981e-15 0)
(1 -2.83303e-15 0)
(1 -3.90929e-15 0)
(1 1.41932e-15 0)
(1 -6.02763e-15 0)
(1 4.70713e-15 0)
(1 -2.746e-15 0)
(1 -4.39449e-15 0)
(1 -5.40256e-15 0)
(1 -2.06405e-15 0)
(1 2.49667e-15 0)
(1 5.52601e-15 0)
(1 9.66634e-16 0)
(1 2.51435e-15 0)
(1 7.77562e-16 0)
(1 5.51529e-16 0)
(1 -2.54253e-15 0)
(1 6.13493e-16 0)
(1 7.28204e-16 0)
(1 8.92534e-16 0)
(1 2.60073e-15 0)
(1 -1.31799e-15 0)
(1 -1.46183e-15 0)
(1 2.70868e-15 0)
(1 9.46849e-16 0)
(1 -2.35452e-15 0)
(1 -2.43212e-15 0)
(1 2.28514e-15 0)
(1 3.89733e-15 0)
(1 7.42377e-15 0)
(1 -7.50161e-17 0)
(1 -1.24529e-15 0)
(1 3.53415e-15 0)
(1 -1.3196e-15 0)
(1 -3.38547e-15 0)
(1 1.85889e-15 0)
(1 3.93437e-16 0)
(1 -2.3359e-15 0)
(1 8.28425e-15 0)
(1 2.01689e-15 0)
(1 -3.37344e-15 0)
(1 8.64269e-15 0)
(1 1.63342e-15 0)
(1 -7.08407e-15 0)
(1 5.11567e-15 0)
(1 1.79312e-15 0)
(1 -5.86958e-15 0)
(1 -1.62713e-15 0)
(1 -8.92697e-16 0)
(1 5.24148e-15 0)
(1 1.72148e-15 0)
(1 -6.21159e-15 0)
(1 -1.16081e-14 0)
(1 -2.65571e-15 0)
(1 -6.05377e-17 0)
(1 -1.36839e-15 0)
(1 -1.17295e-14 0)
(1 -7.74373e-15 0)
(1 -3.759e-15 0)
(1 -7.07912e-15 0)
(1 -4.78029e-15 0)
(1 -8.14392e-15 0)
(1 -9.98728e-16 0)
(1 -4.58366e-15 0)
(1 -1.9425e-15 0)
(1 -5.08388e-15 0)
(1 -1.26185e-15 0)
(1 -5.84752e-15 0)
(1 -4.94291e-15 0)
(1 -3.34567e-15 0)
(1 8.55295e-16 0)
(1 -5.64602e-15 0)
(1 -1.44987e-15 0)
(1 -3.85328e-15 0)
(1 -6.11597e-15 0)
(1 -1.12278e-14 0)
(1 -6.30683e-15 0)
(1 -7.00909e-15 0)
(1 -2.51382e-15 0)
(1 1.29974e-15 0)
(1 -4.46203e-16 0)
(1 -1.12759e-15 0)
(1 -6.24054e-15 0)
(1 -8.60484e-15 0)
(1 -7.57565e-15 0)
(1 -7.03203e-15 0)
(1 -1.82759e-15 0)
(1 -2.64233e-15 0)
(1 -4.20817e-15 0)
(1 1.87052e-15 0)
(1 9.35272e-16 0)
(1 5.68999e-15 0)
(1 -1.37615e-16 0)
(1 2.72588e-15 0)
(1 -1.19012e-15 0)
(1 -7.93196e-15 0)
(1 -8.07566e-15 0)
(1 -2.99469e-15 0)
(1 -2.04682e-15 0)
(1 -5.36689e-16 0)
(1 -5.08023e-15 0)
(1 4.34792e-16 0)
(1 -3.01849e-15 0)
(1 -5.99791e-15 0)
(1 -9.20664e-15 0)
(1 -1.10338e-15 0)
(1 -2.02069e-15 0)
(1 -3.20037e-17 0)
(1 -3.30005e-15 0)
(1 3.67251e-16 0)
(1 3.03427e-15 0)
(1 3.74398e-15 0)
(1 1.37125e-15 0)
(1 2.46791e-15 0)
(1 -4.26758e-15 0)
(1 9.94709e-16 0)
(1 -3.83574e-15 0)
(1 1.02209e-14 0)
(1 5.21946e-15 0)
(1 6.07614e-15 0)
(1 -9.56059e-16 0)
(1 -2.56508e-15 0)
(1 -7.25172e-15 0)
(1 2.94072e-15 0)
(1 2.18121e-15 0)
(1 7.39693e-16 0)
(1 -2.96418e-15 0)
(1 -1.51125e-15 0)
(1 -3.85061e-15 0)
(1 2.50943e-15 0)
(1 -1.97016e-15 0)
(1 3.50708e-15 0)
(1 -1.54863e-15 0)
(1 -1.52407e-17 0)
(1 1.97524e-15 0)
(1 8.47268e-16 0)
(1 6.70106e-15 0)
(1 8.23399e-17 0)
(1 8.17338e-15 0)
(1 2.2082e-15 0)
(1 -2.4395e-15 0)
(1 -4.06576e-15 0)
(1 4.53162e-15 0)
(1 3.76868e-15 0)
(1 2.53693e-15 0)
(1 2.60837e-16 0)
(1 -5.88324e-16 0)
(1 -1.51116e-15 0)
(1 -2.51238e-15 0)
(1 1.26735e-15 0)
(1 -6.46526e-15 0)
(1 -3.35871e-15 0)
(1 -3.65273e-16 0)
(1 -4.99087e-15 0)
(1 -2.09647e-15 0)
(1 -1.13708e-14 0)
(1 -1.46322e-14 0)
(1 -7.97633e-15 0)
(1 -2.10448e-15 0)
(1 -8.60565e-16 0)
(1 -3.6605e-15 0)
(1 -6.53071e-15 0)
(1 -5.59173e-15 0)
(1 -2.38149e-15 0)
(1 -1.92036e-15 0)
(1 1.13821e-15 0)
(1 -3.86627e-15 0)
(1 -5.09767e-15 0)
(1 -5.11483e-15 0)
(1 -5.98147e-15 0)
(1 4.87672e-15 0)
(1 -4.99017e-15 0)
(1 -2.32176e-15 0)
(1 -5.142e-15 0)
(1 -6.21258e-16 0)
(1 -7.88255e-15 0)
(1 -8.68396e-15 0)
(1 -6.41336e-16 0)
(1 8.01302e-16 0)
(1 4.19891e-15 0)
(1 9.26822e-16 0)
(1 -9.13053e-15 0)
(1 -5.76575e-15 0)
(1 -3.09241e-15 0)
(1 -4.04467e-15 0)
(1 -4.45223e-15 0)
(1 -6.18386e-15 0)
(1 4.35156e-16 0)
(1 -1.24011e-16 0)
(1 -3.26401e-15 0)
(1 4.4686e-15 0)
(1 5.86945e-15 0)
(1 4.17012e-15 0)
(1 5.35031e-15 0)
(1 4.48683e-15 0)
(1 2.07098e-15 0)
(1 4.94158e-15 0)
(1 4.01648e-15 0)
(1 -8.3821e-15 0)
(1 -9.965e-15 0)
(1 -4.98097e-15 0)
(1 -3.93323e-15 0)
(1 -5.2431e-16 0)
(1 -7.09628e-15 0)
(1 -2.20312e-15 0)
(1 -9.3368e-15 0)
(1 -2.21735e-15 0)
(1 -4.92346e-15 0)
(1 -1.70544e-16 0)
(1 -2.87668e-15 0)
(1 3.76126e-15 0)
(1 -6.35518e-16 0)
(1 -2.21867e-15 0)
(1 -1.87607e-15 0)
(1 -1.9069e-15 0)
(1 -2.23963e-15 0)
(1 -4.6501e-15 0)
(1 -1.37104e-15 0)
(1 5.99786e-15 0)
(1 6.05976e-15 0)
(1 4.98108e-15 0)
(1 2.70099e-15 0)
(1 3.67296e-15 0)
(1 -1.47987e-15 0)
(1 9.25903e-16 0)
(1 5.52457e-15 0)
(1 7.30084e-15 0)
(1 3.87583e-15 0)
(1 -4.16269e-15 0)
(1 2.1137e-15 0)
(1 -3.0027e-15 0)
(1 -5.05145e-16 0)
(1 -1.9669e-15 0)
(1 1.28215e-15 0)
(1 7.03557e-15 0)
(1 9.55686e-15 0)
(1 2.64573e-15 0)
(1 -1.87993e-15 0)
(1 -4.23256e-15 0)
(1 2.69061e-15 0)
(1 3.40083e-15 0)
(1 -6.6104e-16 0)
(1 5.01405e-15 0)
(1 1.21177e-14 0)
(1 -8.99237e-15 0)
(1 -8.43935e-15 0)
(1 -3.40513e-15 0)
(1 -7.47825e-15 0)
(1 -5.78173e-15 0)
(1 -9.60883e-15 0)
(1 -2.44386e-15 0)
(1 2.94727e-15 0)
(1 8.10017e-15 0)
(1 8.11596e-16 0)
(1 1.12325e-15 0)
(1 -9.18566e-16 0)
(1 -1.62781e-15 0)
(1 -5.2957e-15 0)
(1 -3.13099e-15 0)
(1 -8.08621e-15 0)
(1 -7.61938e-15 0)
(1 -6.50027e-15 0)
(1 3.65604e-15 0)
(1 -1.69891e-15 0)
(1 -4.49675e-16 0)
(1 -1.02788e-15 0)
(1 -3.84765e-15 0)
(1 -3.12457e-15 0)
(1 -3.07829e-15 0)
(1 -3.52354e-15 0)
(1 -4.99123e-15 0)
(1 -6.74819e-15 0)
(1 7.57558e-16 0)
(1 -7.2085e-15 0)
(1 2.16051e-15 0)
(1 -9.09733e-16 0)
(1 -3.5025e-15 0)
(1 -6.07933e-15 0)
(1 -1.40764e-15 0)
(1 -4.2261e-15 0)
(1 -3.9129e-15 0)
(1 -3.36266e-15 0)
(1 -3.09367e-15 0)
(1 5.77626e-16 0)
(1 1.71048e-15 0)
(1 2.49936e-15 0)
(1 -4.36205e-15 0)
(1 2.48922e-15 0)
(1 2.21071e-15 0)
(1 -5.9202e-15 0)
(1 -3.79957e-15 0)
(1 -3.98466e-15 0)
(1 3.65953e-15 0)
(1 6.72113e-16 0)
(1 2.41591e-15 0)
(1 -1.75208e-15 0)
(1 4.90091e-16 0)
(1 3.73468e-15 0)
(1 -3.28456e-15 0)
(1 8.75977e-16 0)
(1 3.77316e-15 0)
(1 -3.23289e-15 0)
(1 -2.12652e-15 0)
(1 -4.38681e-15 0)
(1 1.14931e-17 0)
(1 -5.96236e-15 0)
(1 -1.25997e-15 0)
(1 -1.91428e-15 0)
(1 1.40753e-15 0)
(1 -5.08484e-15 0)
(1 -2.72706e-15 0)
(1 -6.51665e-15 0)
(1 -1.04371e-14 0)
(1 -5.26126e-15 0)
(1 2.153e-15 0)
(1 -2.37543e-15 0)
(1 7.58955e-17 0)
(1 -1.94396e-15 0)
(1 3.39541e-15 0)
(1 -8.06221e-16 0)
(1 3.86781e-15 0)
(1 3.14903e-15 0)
(1 8.20871e-15 0)
(1 -4.91013e-15 0)
(1 -1.64037e-15 0)
(1 -1.40777e-16 0)
(1 1.23552e-14 0)
(1 8.41695e-15 0)
(1 -2.37463e-15 0)
(1 2.35055e-15 0)
(1 -6.48416e-15 0)
(1 6.39982e-17 0)
(1 -5.32559e-15 0)
(1 6.83461e-15 0)
(1 1.95104e-15 0)
(1 8.06532e-15 0)
(1 -9.16478e-16 0)
(1 7.30902e-15 0)
(1 -3.78871e-15 0)
(1 7.69351e-15 0)
(1 1.07413e-14 0)
(1 3.82582e-15 0)
(1 -3.88775e-15 0)
(1 6.46263e-16 0)
(1 -6.28502e-15 0)
(1 -2.3245e-15 0)
(1 -5.98908e-15 0)
(1 -2.92801e-15 0)
(1 -4.96764e-15 0)
(1 -8.33117e-15 0)
(1 -5.67995e-15 0)
(1 -6.87259e-15 0)
(1 -1.18376e-15 0)
(1 3.53284e-15 0)
(1 -4.23771e-15 0)
(1 -6.16217e-15 0)
(1 9.67944e-16 0)
(1 4.93575e-15 0)
(1 5.2526e-16 0)
(1 -9.61168e-16 0)
(1 -3.23924e-15 0)
(1 -1.38741e-14 0)
(1 -9.07711e-15 0)
(1 -3.81791e-15 0)
(1 3.66197e-15 0)
(1 1.41396e-15 0)
(1 3.35964e-15 0)
(1 -3.83526e-16 0)
(1 -5.18082e-15 0)
(1 -5.48345e-16 0)
(1 -1.13973e-14 0)
(1 -7.9759e-15 0)
(1 2.0897e-15 0)
(1 -8.80301e-15 0)
(1 -7.83618e-15 0)
(1 -1.3549e-15 0)
(1 -2.40966e-15 0)
(1 -6.20788e-15 0)
(1 5.24064e-16 0)
(1 -6.44171e-15 0)
(1 -3.84306e-15 0)
(1 1.7414e-16 0)
(1 -3.05151e-16 0)
(1 -3.87264e-15 0)
(1 -4.25968e-15 0)
(1 -2.69955e-15 0)
(1 -1.4704e-15 0)
(1 1.67338e-16 0)
(1 -2.6112e-16 0)
(1 1.28768e-15 0)
(1 -6.57795e-16 0)
(1 9.34653e-16 0)
(1 2.10443e-15 0)
(1 1.09817e-14 0)
(1 9.20962e-15 0)
(1 -8.01173e-15 0)
(1 2.55793e-15 0)
(1 2.32815e-15 0)
(1 1.05651e-15 0)
(1 -4.14537e-15 0)
(1 -9.75372e-15 0)
(1 -1.36517e-14 0)
(1 -7.31615e-15 0)
(1 -2.31357e-15 0)
(1 7.13706e-16 0)
(1 -8.7308e-16 0)
(1 -1.03653e-15 0)
(1 -4.75385e-15 0)
(1 -4.28467e-15 0)
(1 -9.10297e-15 0)
(1 -6.06032e-15 0)
(1 -5.01638e-15 0)
(1 2.93253e-16 0)
(1 -3.17075e-15 0)
(1 6.33401e-15 0)
(1 7.30273e-15 0)
(1 3.23253e-15 0)
(1 2.9554e-16 0)
(1 1.15902e-15 0)
(1 3.31466e-15 0)
(1 8.52865e-17 0)
(1 -1.98515e-15 0)
(1 7.55066e-16 0)
(1 -3.5374e-15 0)
(1 -1.64746e-15 0)
(1 -2.87307e-15 0)
(1 4.93385e-16 0)
(1 8.80158e-16 0)
(1 -1.29428e-15 0)
(1 -4.46033e-15 0)
(1 -1.12342e-15 0)
(1 -1.96954e-16 0)
(1 -4.27529e-16 0)
(1 4.5968e-15 0)
(1 -3.12461e-15 0)
(1 -1.00288e-14 0)
(1 -1.12507e-15 0)
(1 8.29686e-16 0)
(1 6.31899e-15 0)
(1 1.15892e-14 0)
(1 1.28936e-14 0)
(1 4.42189e-15 0)
(1 -2.50099e-15 0)
(1 -1.10656e-14 0)
(1 2.8412e-15 0)
(1 -1.7372e-15 0)
(1 -6.55409e-15 0)
(1 6.52172e-15 0)
(1 7.27264e-15 0)
(1 -8.74093e-15 0)
(1 -1.33719e-14 0)
(1 -6.41519e-15 0)
(1 4.47952e-16 0)
(1 -2.35166e-16 0)
(1 -2.5771e-15 0)
(1 -6.21093e-15 0)
(1 -3.33761e-15 0)
(1 -4.41825e-15 0)
(1 -8.74955e-15 0)
(1 -3.08779e-15 0)
(1 -1.28992e-15 0)
(1 -1.365e-15 0)
(1 -8.21735e-15 0)
(1 2.3712e-15 0)
(1 2.48317e-15 0)
(1 6.8291e-15 0)
(1 4.3898e-15 0)
(1 3.42739e-15 0)
(1 -5.30522e-15 0)
(1 -1.89008e-15 0)
(1 -1.04713e-14 0)
(1 -4.29041e-15 0)
(1 -6.02054e-15 0)
(1 -3.89961e-15 0)
(1 -1.4447e-14 0)
(1 -7.15262e-15 0)
(1 -3.66757e-15 0)
(1 1.64003e-15 0)
(1 2.337e-15 0)
(1 7.83903e-15 0)
(1 -4.64902e-16 0)
(1 -3.88785e-15 0)
(1 3.04123e-16 0)
(1 -1.97242e-15 0)
(1 -1.40707e-15 0)
(1 -1.868e-15 0)
(1 1.44103e-15 0)
(1 -6.36877e-15 0)
(1 -3.46797e-15 0)
(1 1.73118e-15 0)
(1 3.98808e-15 0)
(1 -8.59141e-16 0)
(1 -3.42484e-15 0)
(1 4.39661e-15 0)
(1 1.75824e-15 0)
(1 -7.1485e-16 0)
(1 -5.62873e-15 0)
(1 -7.50548e-15 0)
(1 -2.65984e-15 0)
(1 -8.95354e-15 0)
(1 -1.1516e-14 0)
(1 -1.08618e-14 0)
(1 -5.22408e-15 0)
(1 2.72049e-16 0)
(1 -4.90598e-15 0)
(1 2.46078e-15 0)
(1 6.94962e-16 0)
(1 -7.78855e-15 0)
(1 -1.07026e-14 0)
(1 -4.39962e-15 0)
(1 -2.25236e-15 0)
(1 2.78704e-15 0)
(1 1.80898e-15 0)
(1 -1.97334e-15 0)
(1 -2.06922e-15 0)
(1 1.41673e-15 0)
(1 -9.19519e-16 0)
(1 -1.15051e-15 0)
(1 4.65904e-15 0)
(1 1.4433e-15 0)
(1 -3.23382e-15 0)
(1 -1.52379e-15 0)
(1 -3.44992e-15 0)
(1 -7.91355e-16 0)
(1 2.2083e-15 0)
(1 -3.23816e-15 0)
(1 -9.17031e-15 0)
(1 -6.92912e-15 0)
(1 4.10572e-15 0)
(1 -7.83131e-15 0)
(1 9.24693e-17 0)
(1 -7.60318e-15 0)
(1 1.1169e-15 0)
(1 -3.13075e-15 0)
(1 -6.65833e-15 0)
(1 -1.0462e-14 0)
(1 -5.73746e-15 0)
(1 -7.94924e-15 0)
(1 -2.80572e-15 0)
(1 3.00037e-15 0)
(1 1.40711e-14 0)
(1 1.49407e-14 0)
(1 6.32252e-15 0)
(1 -3.31617e-15 0)
(1 5.74159e-15 0)
(1 -2.10502e-15 0)
(1 3.14553e-15 0)
(1 -9.53343e-16 0)
(1 3.79308e-15 0)
(1 -3.02393e-15 0)
(1 -7.6208e-15 0)
(1 -1.344e-15 0)
(1 -2.46888e-15 0)
(1 -5.76623e-15 0)
(1 -7.77654e-15 0)
(1 -4.19931e-15 0)
(1 -1.34844e-14 0)
(1 -1.31929e-14 0)
(1 -6.42547e-15 0)
(1 -8.06886e-16 0)
(1 -1.83728e-15 0)
(1 1.12596e-14 0)
(1 9.92459e-15 0)
(1 9.25138e-15 0)
(1 -8.88913e-15 0)
(1 -3.40106e-15 0)
(1 5.72094e-15 0)
(1 3.43561e-15 0)
(1 -5.48013e-15 0)
(1 -4.55572e-15 0)
(1 -3.23636e-15 0)
(1 -8.01449e-15 0)
(1 -7.99347e-15 0)
(1 2.1802e-16 0)
(1 -4.66012e-15 0)
(1 -5.91476e-15 0)
(1 -2.4348e-15 0)
(1 -5.0514e-15 0)
(1 -5.48077e-15 0)
(1 3.57273e-15 0)
(1 1.01875e-16 0)
(1 6.18841e-16 0)
(1 -3.39919e-15 0)
(1 -5.72843e-16 0)
(1 2.66039e-15 0)
(1 4.96978e-15 0)
(1 -4.18036e-16 0)
(1 -4.18577e-15 0)
(1 -4.28492e-15 0)
(1 -9.33816e-15 0)
(1 -5.1938e-15 0)
(1 1.70037e-15 0)
(1 8.70474e-15 0)
(1 2.95412e-15 0)
(1 -3.75567e-15 0)
(1 1.27624e-15 0)
(1 -1.80224e-14 0)
(1 -2.16328e-14 0)
(1 -1.10943e-14 0)
(1 -7.8853e-15 0)
(1 -4.13542e-16 0)
(1 5.86249e-15 0)
(1 2.08013e-15 0)
(1 -2.89949e-15 0)
(1 -8.46191e-15 0)
(1 -1.58064e-15 0)
(1 -4.14464e-16 0)
(1 2.31395e-15 0)
(1 -4.4747e-16 0)
(1 -1.7377e-15 0)
(1 -2.64802e-15 0)
(1 -6.12304e-15 0)
(1 -7.45331e-15 0)
(1 -3.50518e-16 0)
(1 -6.72798e-15 0)
(1 -4.54836e-15 0)
(1 6.02915e-15 0)
(1 5.97414e-15 0)
(1 1.31709e-16 0)
(1 1.64198e-16 0)
(1 -1.22616e-15 0)
(1 -5.90383e-16 0)
(1 -2.53189e-15 0)
(1 3.20313e-15 0)
(1 -2.48077e-15 0)
(1 -7.27989e-15 0)
(1 -1.27659e-14 0)
(1 -1.16767e-14 0)
(1 2.55363e-15 0)
(1 -4.51491e-15 0)
(1 5.74877e-15 0)
(1 -3.86865e-15 0)
(1 -1.04588e-15 0)
(1 -1.83226e-15 0)
(1 -4.94201e-15 0)
(1 -8.60768e-15 0)
(1 -9.05113e-15 0)
(1 1.87805e-15 0)
(1 5.03692e-15 0)
(1 5.77607e-16 0)
(1 2.6087e-16 0)
(1 1.02541e-14 0)
(1 1.11514e-15 0)
(1 5.71855e-15 0)
(1 -5.09997e-15 0)
(1 9.35739e-16 0)
(1 3.97016e-15 0)
(1 2.76651e-15 0)
(1 7.77652e-15 0)
(1 1.08769e-14 0)
(1 3.0869e-16 0)
(1 -4.57457e-15 0)
(1 -1.26726e-14 0)
(1 -1.33142e-14 0)
(1 -9.57654e-15 0)
(1 -3.25746e-15 0)
(1 -5.23236e-15 0)
(1 -1.32538e-14 0)
(1 -8.81967e-15 0)
(1 -7.007e-17 0)
(1 6.6396e-15 0)
(1 8.46252e-15 0)
(1 5.28149e-15 0)
(1 1.97998e-15 0)
(1 -7.03691e-15 0)
(1 -7.86848e-15 0)
(1 -3.09352e-15 0)
(1 -3.08397e-15 0)
(1 -4.43362e-15 0)
(1 -8.46558e-15 0)
(1 6.47201e-15 0)
(1 -6.56936e-15 0)
(1 -5.08241e-15 0)
(1 -8.30893e-16 0)
(1 -1.18672e-15 0)
(1 -5.17356e-15 0)
(1 -7.08965e-15 0)
(1 -2.83528e-15 0)
(1 -4.99131e-15 0)
(1 -4.3469e-15 0)
(1 2.23112e-15 0)
(1 3.44256e-15 0)
(1 -3.44072e-15 0)
(1 1.36959e-15 0)
(1 6.40442e-16 0)
(1 4.47641e-17 0)
(1 5.10133e-16 0)
(1 9.21252e-16 0)
(1 -1.47979e-15 0)
(1 -5.51192e-15 0)
(1 -5.10802e-15 0)
(1 6.45051e-15 0)
(1 1.08263e-14 0)
(1 1.15244e-15 0)
(1 -3.46352e-15 0)
(1 -4.93408e-15 0)
(1 -5.37658e-15 0)
(1 -1.35942e-14 0)
(1 -1.10581e-14 0)
(1 -6.36342e-15 0)
(1 -7.37729e-16 0)
(1 9.4905e-16 0)
(1 -3.12295e-15 0)
(1 -7.53128e-15 0)
(1 -8.00174e-15 0)
(1 -7.18626e-15 0)
(1 -2.98415e-15 0)
(1 7.00082e-15 0)
(1 1.9806e-15 0)
(1 -5.06034e-15 0)
(1 -3.44568e-15 0)
(1 -8.16838e-15 0)
(1 -3.96313e-15 0)
(1 4.91047e-16 0)
(1 2.50308e-15 0)
(1 -9.45427e-16 0)
(1 3.95019e-16 0)
(1 -2.93123e-15 0)
(1 -2.25872e-15 0)
(1 2.28318e-15 0)
(1 1.4731e-15 0)
(1 2.27586e-16 0)
(1 -4.23046e-16 0)
(1 -2.73447e-15 0)
(1 -1.07491e-14 0)
(1 -5.77569e-15 0)
(1 -1.26837e-14 0)
(1 -1.2675e-14 0)
(1 -1.62041e-15 0)
(1 -3.39895e-15 0)
(1 3.50649e-15 0)
(1 -2.9036e-15 0)
(1 1.37897e-16 0)
(1 -3.82964e-15 0)
(1 3.01518e-15 0)
(1 -1.35978e-14 0)
(1 -6.8196e-15 0)
(1 7.17857e-16 0)
(1 7.71314e-15 0)
(1 -3.22475e-15 0)
(1 -4.50781e-15 0)
(1 2.0348e-16 0)
(1 3.46688e-15 0)
(1 1.06126e-14 0)
(1 1.25023e-15 0)
(1 -2.93166e-15 0)
(1 5.55053e-15 0)
(1 1.48773e-15 0)
(1 3.9781e-15 0)
(1 6.96144e-15 0)
(1 2.46802e-15 0)
(1 -7.83255e-15 0)
(1 -9.71431e-15 0)
(1 -9.73207e-15 0)
(1 -2.65114e-15 0)
(1 -6.63032e-15 0)
(1 5.36603e-16 0)
(1 -4.95542e-15 0)
(1 -1.09634e-14 0)
(1 -1.90445e-15 0)
(1 4.6884e-15 0)
(1 -1.55013e-15 0)
(1 -2.51235e-15 0)
(1 -8.77325e-15 0)
(1 1.10239e-15 0)
(1 3.27315e-15 0)
(1 -7.06346e-15 0)
(1 -3.61049e-15 0)
(1 -2.21452e-15 0)
(1 -3.54475e-15 0)
(1 -1.27473e-15 0)
(1 3.91285e-15 0)
(1 -6.81434e-16 0)
(1 2.24401e-15 0)
(1 -6.63864e-15 0)
(1 -6.22065e-15 0)
(1 -1.55307e-15 0)
(1 8.60338e-16 0)
(1 -1.51274e-15 0)
(1 -2.7647e-15 0)
(1 -1.33881e-15 0)
(1 -3.99844e-15 0)
(1 -2.60971e-15 0)
(1 5.28211e-15 0)
(1 7.63485e-16 0)
(1 -4.3698e-15 0)
(1 3.34342e-15 0)
(1 5.59726e-15 0)
(1 7.39811e-15 0)
(1 4.96615e-15 0)
(1 -2.53917e-16 0)
(1 -2.6824e-15 0)
(1 -3.66275e-15 0)
(1 -7.19474e-15 0)
(1 -3.6864e-15 0)
(1 -6.75781e-15 0)
(1 -1.38874e-15 0)
(1 -1.56254e-15 0)
(1 1.66971e-15 0)
(1 -5.12987e-15 0)
(1 -3.87871e-15 0)
(1 1.63471e-15 0)
(1 1.20971e-15 0)
(1 -2.41515e-15 0)
(1 -9.38815e-16 0)
(1 -7.44305e-15 0)
(1 -4.5521e-15 0)
(1 2.18849e-15 0)
(1 3.31332e-15 0)
(1 5.90467e-16 0)
(1 2.4175e-16 0)
(1 -2.13777e-15 0)
(1 -4.53603e-16 0)
(1 -3.96117e-15 0)
(1 2.13417e-15 0)
(1 4.30381e-15 0)
(1 -1.47993e-15 0)
(1 -2.65039e-15 0)
(1 -1.38491e-15 0)
(1 1.18599e-15 0)
(1 -1.23971e-15 0)
(1 1.98271e-15 0)
(1 -4.4626e-15 0)
(1 -7.34662e-15 0)
(1 -3.37476e-15 0)
(1 -4.80031e-17 0)
(1 -2.91222e-15 0)
(1 -2.9576e-15 0)
(1 -1.34872e-15 0)
(1 -4.88436e-16 0)
(1 -3.95127e-15 0)
(1 5.88204e-15 0)
(1 -3.43023e-16 0)
(1 -5.9584e-15 0)
(1 -3.26411e-15 0)
(1 -2.74285e-15 0)
(1 -1.03159e-15 0)
(1 4.86259e-15 0)
(1 -1.45454e-15 0)
(1 5.77054e-15 0)
(1 2.19927e-17 0)
(1 -3.2217e-15 0)
(1 1.31046e-15 0)
(1 4.45273e-15 0)
(1 2.18177e-15 0)
(1 -2.89965e-15 0)
(1 -7.11489e-15 0)
(1 -7.59801e-15 0)
(1 -9.26279e-15 0)
(1 -3.94396e-15 0)
(1 2.58167e-15 0)
(1 4.12894e-17 0)
(1 -1.63788e-15 0)
(1 2.21971e-15 0)
(1 2.69023e-15 0)
(1 -7.4564e-16 0)
(1 2.44056e-15 0)
(1 4.69143e-15 0)
(1 5.59275e-16 0)
(1 2.3701e-16 0)
(1 -3.44793e-15 0)
(1 -2.24505e-15 0)
(1 -4.38173e-15 0)
(1 -1.50207e-14 0)
(1 -9.50823e-15 0)
(1 -7.90679e-15 0)
(1 -9.62909e-15 0)
(1 -6.72396e-15 0)
(1 -2.80824e-15 0)
(1 2.50545e-17 0)
(1 -3.95363e-15 0)
(1 8.12667e-15 0)
(1 -6.0758e-15 0)
(1 -5.50535e-15 0)
(1 -3.7597e-15 0)
(1 4.68337e-16 0)
(1 5.63329e-15 0)
(1 4.02434e-15 0)
(1 -2.91182e-15 0)
(1 -1.151e-15 0)
(1 -1.58203e-15 0)
(1 -6.04095e-15 0)
(1 -1.00543e-15 0)
(1 2.21219e-15 0)
(1 3.28748e-15 0)
(1 2.87911e-15 0)
(1 -4.06106e-15 0)
(1 1.04874e-15 0)
(1 2.48642e-15 0)
(1 5.66546e-15 0)
(1 4.37891e-15 0)
(1 2.06394e-15 0)
(1 -1.35166e-15 0)
(1 1.13372e-15 0)
(1 2.22784e-16 0)
(1 -5.99003e-15 0)
(1 -4.52356e-15 0)
(1 -2.52328e-15 0)
(1 3.81473e-16 0)
(1 -4.77172e-15 0)
(1 -1.92653e-15 0)
(1 2.62425e-15 0)
(1 3.50452e-15 0)
(1 -3.89385e-15 0)
(1 -1.44964e-15 0)
(1 -3.34655e-15 0)
(1 -5.5043e-15 0)
(1 -3.71975e-15 0)
(1 -8.4462e-16 0)
(1 1.34797e-15 0)
(1 1.40069e-15 0)
(1 3.0528e-15 0)
(1 -4.00416e-16 0)
(1 -3.06025e-15 0)
(1 -2.30062e-15 0)
(1 4.91274e-15 0)
(1 1.36069e-15 0)
(1 1.38107e-15 0)
(1 2.35589e-16 0)
(1 3.9061e-15 0)
(1 1.59953e-15 0)
(1 3.64952e-15 0)
(1 -2.16723e-15 0)
(1 -5.74579e-15 0)
(1 -6.70522e-16 0)
(1 7.63287e-16 0)
(1 3.21774e-15 0)
(1 -2.64557e-17 0)
(1 -2.0499e-15 0)
(1 4.49107e-15 0)
(1 1.5616e-16 0)
(1 4.12923e-15 0)
(1 -1.90941e-15 0)
(1 1.17058e-15 0)
(1 -7.18905e-15 0)
(1 6.13863e-15 0)
(1 -1.10003e-15 0)
(1 5.42928e-15 0)
(1 -6.12219e-15 0)
(1 -1.96602e-15 0)
(1 -1.24687e-14 0)
(1 -7.22941e-15 0)
(1 3.55881e-15 0)
(1 1.73533e-15 0)
(1 5.64601e-15 0)
(1 6.7969e-15 0)
(1 -3.85314e-15 0)
(1 -2.62313e-15 0)
(1 -2.08913e-15 0)
(1 -4.03986e-15 0)
(1 -2.08847e-15 0)
(1 -1.2452e-15 0)
(1 -4.47659e-15 0)
(1 -2.61037e-15 0)
(1 6.93421e-16 0)
(1 2.30375e-15 0)
(1 1.62138e-15 0)
(1 -7.29863e-16 0)
(1 -1.81722e-16 0)
(1 -1.00043e-14 0)
(1 -8.74413e-15 0)
(1 -6.04614e-15 0)
(1 -6.38409e-15 0)
(1 -4.78812e-15 0)
(1 4.73902e-17 0)
(1 -7.30219e-15 0)
(1 -1.95909e-15 0)
(1 -4.99877e-15 0)
(1 -1.61417e-15 0)
(1 -4.47527e-15 0)
(1 -2.04289e-15 0)
(1 -9.8037e-16 0)
(1 -4.04706e-15 0)
(1 -4.07917e-15 0)
(1 1.69488e-15 0)
(1 -6.51914e-16 0)
(1 1.30954e-15 0)
(1 -1.27166e-16 0)
(1 3.49358e-15 0)
(1 3.19149e-15 0)
(1 3.26745e-15 0)
(1 -2.51022e-15 0)
(1 -1.62366e-15 0)
(1 -3.14124e-15 0)
(1 3.13059e-15 0)
(1 3.15577e-15 0)
(1 1.00054e-15 0)
(1 6.26853e-15 0)
(1 -3.13647e-15 0)
(1 6.46317e-15 0)
(1 4.26335e-15 0)
(1 1.40604e-15 0)
(1 -2.25218e-15 0)
(1 -4.05328e-15 0)
(1 -9.17412e-15 0)
(1 -3.51986e-15 0)
(1 -2.34665e-15 0)
(1 2.05275e-15 0)
(1 -3.80154e-15 0)
(1 3.16129e-15 0)
(1 3.57099e-15 0)
(1 1.07342e-15 0)
(1 -3.6938e-15 0)
(1 -7.58266e-15 0)
(1 -1.51948e-15 0)
(1 4.68193e-15 0)
(1 7.78249e-16 0)
(1 -4.0218e-15 0)
(1 -2.3446e-16 0)
(1 -1.48568e-15 0)
(1 -1.32025e-15 0)
(1 -8.49749e-16 0)
(1 -3.69518e-16 0)
(1 2.17332e-15 0)
(1 2.50979e-16 0)
(1 -1.61121e-15 0)
(1 -2.0545e-15 0)
(1 -8.19451e-17 0)
(1 4.1898e-15 0)
(1 4.97376e-15 0)
(1 4.47884e-15 0)
(1 1.70955e-15 0)
(1 3.24807e-15 0)
(1 3.04313e-16 0)
(1 -3.03198e-15 0)
(1 -3.11697e-15 0)
(1 1.89942e-16 0)
(1 -7.01118e-16 0)
(1 7.82989e-16 0)
(1 2.17887e-15 0)
(1 2.78577e-15 0)
(1 3.54318e-15 0)
(1 -6.53405e-15 0)
(1 6.04445e-15 0)
(1 -2.34497e-15 0)
(1 -9.62886e-16 0)
(1 -2.97104e-15 0)
(1 -3.37372e-15 0)
(1 -6.38783e-15 0)
(1 -1.05033e-14 0)
(1 -1.20756e-14 0)
(1 -2.39545e-16 0)
(1 2.16599e-15 0)
(1 -1.17777e-15 0)
(1 8.24857e-16 0)
(1 1.08387e-15 0)
(1 -1.70441e-15 0)
(1 3.90515e-15 0)
(1 4.70739e-15 0)
(1 -7.00159e-16 0)
(1 -1.49464e-15 0)
(1 -1.74558e-15 0)
(1 4.22608e-16 0)
(1 1.26145e-15 0)
(1 -4.0199e-15 0)
(1 -7.28855e-15 0)
(1 -4.84967e-15 0)
(1 1.01621e-15 0)
(1 -3.67363e-15 0)
(1 -3.02853e-15 0)
(1 -7.42732e-17 0)
(1 -2.35384e-15 0)
(1 -5.45809e-15 0)
(1 -2.818e-15 0)
(1 -1.34954e-15 0)
(1 -2.95451e-15 0)
(1 -1.36252e-15 0)
(1 -1.0632e-15 0)
(1 5.85517e-15 0)
(1 -7.40287e-16 0)
(1 3.48374e-16 0)
(1 1.78813e-15 0)
(1 -4.09025e-16 0)
(1 -3.97135e-15 0)
(1 -5.39368e-15 0)
(1 -1.41339e-15 0)
(1 -7.10023e-16 0)
(1 -5.66787e-16 0)
(1 5.23593e-15 0)
(1 5.55939e-15 0)
(1 -1.15472e-15 0)
(1 -5.79777e-17 0)
(1 -2.03587e-15 0)
(1 -4.05641e-15 0)
(1 -4.81977e-15 0)
(1 8.9025e-16 0)
(1 4.38714e-15 0)
(1 9.8501e-15 0)
(1 3.87389e-15 0)
(1 1.07048e-14 0)
(1 3.02429e-15 0)
(1 -1.10637e-15 0)
(1 -1.00862e-14 0)
(1 -1.02999e-14 0)
(1 -7.9032e-15 0)
(1 1.09003e-14 0)
(1 1.57714e-14 0)
(1 1.232e-14 0)
(1 3.4353e-15 0)
(1 -1.28867e-15 0)
(1 -1.0417e-15 0)
(1 -5.00372e-15 0)
(1 -2.71625e-15 0)
(1 -5.85295e-15 0)
(1 1.47507e-15 0)
(1 4.83288e-15 0)
(1 -1.01048e-16 0)
(1 -6.54245e-16 0)
(1 3.65406e-15 0)
(1 5.66105e-15 0)
(1 -1.07507e-15 0)
(1 -6.64311e-15 0)
(1 -6.46358e-15 0)
(1 2.81679e-15 0)
(1 6.89006e-15 0)
(1 -6.41957e-16 0)
(1 1.90986e-15 0)
(1 -6.79844e-16 0)
(1 4.62877e-15 0)
(1 2.22015e-15 0)
(1 3.48765e-15 0)
(1 -2.79968e-15 0)
(1 3.66789e-15 0)
(1 3.3863e-15 0)
(1 4.65735e-15 0)
(1 1.25305e-15 0)
(1 6.35016e-15 0)
(1 8.94012e-15 0)
(1 2.9984e-15 0)
(1 -8.38063e-16 0)
(1 -1.59122e-15 0)
(1 -4.7715e-15 0)
(1 1.21153e-15 0)
(1 -1.82686e-15 0)
(1 9.2538e-16 0)
(1 -3.20935e-15 0)
(1 -1.01049e-15 0)
(1 -4.5828e-15 0)
(1 1.2697e-15 0)
(1 -1.12277e-14 0)
(1 4.83132e-15 0)
(1 3.32439e-15 0)
(1 -1.50556e-15 0)
(1 -7.81493e-15 0)
(1 3.8931e-15 0)
(1 4.34057e-15 0)
(1 -9.69378e-16 0)
(1 3.02543e-15 0)
(1 -1.95864e-16 0)
(1 -1.23548e-15 0)
(1 -6.07278e-16 0)
(1 -3.17731e-15 0)
(1 -2.54454e-16 0)
(1 -5.57241e-15 0)
(1 -4.66646e-15 0)
(1 -4.13556e-15 0)
(1 -5.66778e-15 0)
(1 -6.33272e-15 0)
(1 -2.86453e-15 0)
(1 -6.06908e-15 0)
(1 1.44912e-16 0)
(1 -1.03082e-15 0)
(1 -1.62328e-15 0)
(1 -1.40854e-15 0)
(1 -1.79638e-15 0)
(1 -2.61087e-15 0)
(1 -7.8538e-15 0)
(1 -6.29766e-15 0)
(1 -4.1066e-15 0)
(1 5.61709e-16 0)
(1 7.89222e-15 0)
(1 7.9437e-15 0)
(1 2.12222e-15 0)
(1 -3.5345e-15 0)
(1 -7.89574e-17 0)
(1 4.34595e-15 0)
(1 -7.90878e-16 0)
(1 2.36283e-15 0)
(1 -1.5598e-15 0)
(1 -5.04716e-15 0)
(1 -2.7144e-15 0)
(1 -8.22912e-15 0)
(1 -1.49726e-15 0)
(1 -5.74712e-16 0)
(1 9.18582e-15 0)
(1 6.05447e-15 0)
(1 5.5471e-15 0)
(1 -2.65266e-15 0)
(1 -2.12011e-15 0)
(1 -3.00424e-15 0)
(1 2.85711e-15 0)
(1 6.43339e-15 0)
(1 9.96643e-16 0)
(1 3.61448e-15 0)
(1 1.04489e-15 0)
(1 -2.91258e-15 0)
(1 4.00318e-15 0)
(1 3.31572e-15 0)
(1 4.54777e-15 0)
(1 3.69483e-15 0)
(1 1.41696e-15 0)
(1 -1.41085e-16 0)
(1 2.80475e-15 0)
(1 3.88926e-15 0)
(1 -2.37346e-16 0)
(1 -2.37133e-15 0)
(1 -1.70946e-15 0)
(1 -2.47747e-15 0)
(1 -6.88538e-16 0)
(1 7.6024e-15 0)
(1 2.01919e-15 0)
(1 1.54764e-15 0)
(1 1.20654e-15 0)
(1 5.34296e-15 0)
(1 2.05224e-15 0)
(1 1.72838e-15 0)
(1 -2.82952e-15 0)
(1 -1.08549e-15 0)
(1 6.30784e-16 0)
(1 2.97237e-15 0)
(1 -3.64596e-15 0)
(1 -2.62349e-15 0)
(1 1.19926e-15 0)
(1 1.34181e-15 0)
(1 7.55478e-15 0)
(1 2.28972e-15 0)
(1 5.30376e-15 0)
(1 8.63828e-15 0)
(1 1.13301e-15 0)
(1 -1.74972e-15 0)
(1 -3.30247e-15 0)
(1 -3.17116e-15 0)
(1 3.06277e-16 0)
(1 -3.07745e-15 0)
(1 2.39503e-15 0)
(1 -1.29179e-15 0)
(1 7.13884e-16 0)
(1 -8.0839e-15 0)
(1 -4.88382e-15 0)
(1 -1.08505e-14 0)
(1 1.55533e-14 0)
(1 4.29403e-15 0)
(1 3.39404e-15 0)
(1 -1.74511e-15 0)
(1 8.6977e-15 0)
(1 4.51147e-17 0)
(1 3.90169e-15 0)
(1 -3.16889e-15 0)
(1 -7.91073e-15 0)
(1 -3.42824e-15 0)
(1 -9.50626e-16 0)
(1 -1.1392e-15 0)
(1 5.45224e-16 0)
(1 -7.42881e-15 0)
(1 9.16234e-16 0)
(1 1.26899e-15 0)
(1 -4.1247e-15 0)
(1 -4.14699e-15 0)
(1 -3.63898e-17 0)
(1 -2.67863e-15 0)
(1 -5.02585e-15 0)
(1 -1.77989e-15 0)
(1 2.30995e-15 0)
(1 2.92428e-15 0)
(1 6.21619e-16 0)
(1 -1.44269e-15 0)
(1 -5.91049e-16 0)
(1 -5.47011e-15 0)
(1 -9.82119e-15 0)
(1 -2.04353e-15 0)
(1 6.18937e-15 0)
(1 -1.33816e-15 0)
(1 5.8901e-15 0)
(1 -2.77979e-16 0)
(1 1.98891e-15 0)
(1 2.49893e-16 0)
(1 -1.14236e-15 0)
(1 3.74422e-15 0)
(1 -6.00024e-16 0)
(1 -3.61048e-15 0)
(1 -7.0852e-16 0)
(1 -3.5997e-15 0)
(1 -1.07734e-15 0)
(1 2.46609e-15 0)
(1 7.30511e-15 0)
(1 4.65294e-15 0)
(1 3.99514e-15 0)
(1 1.65168e-16 0)
(1 -1.61853e-15 0)
(1 -9.50954e-15 0)
(1 -3.54504e-15 0)
(1 3.78125e-15 0)
(1 5.51301e-15 0)
(1 6.56169e-15 0)
(1 4.42925e-15 0)
(1 -5.09477e-15 0)
(1 -8.14457e-15 0)
(1 -3.41962e-16 0)
(1 -7.77218e-16 0)
(1 5.8797e-15 0)
(1 -2.37573e-16 0)
(1 5.37886e-15 0)
(1 2.68905e-16 0)
(1 3.83292e-15 0)
(1 -3.29639e-16 0)
(1 -5.03729e-15 0)
(1 2.82311e-15 0)
(1 -1.22664e-15 0)
(1 2.66223e-15 0)
(1 4.75548e-15 0)
(1 1.06072e-15 0)
(1 -4.55637e-15 0)
(1 2.23725e-16 0)
(1 3.17123e-16 0)
(1 -1.03732e-15 0)
(1 4.26273e-15 0)
(1 1.48507e-16 0)
(1 4.32723e-15 0)
(1 1.31443e-15 0)
(1 1.77421e-15 0)
(1 -6.99973e-15 0)
(1 -1.72143e-15 0)
(1 7.0571e-16 0)
(1 2.87213e-15 0)
(1 7.72426e-15 0)
(1 2.00567e-15 0)
(1 1.70909e-15 0)
(1 1.17568e-17 0)
(1 7.08532e-16 0)
(1 -3.32659e-15 0)
(1 -9.78965e-16 0)
(1 7.36118e-15 0)
(1 -1.20642e-15 0)
(1 1.73687e-15 0)
(1 2.5633e-15 0)
(1 -1.01103e-15 0)
(1 -1.32889e-15 0)
(1 -5.74377e-15 0)
(1 -9.27866e-15 0)
(1 -1.10143e-15 0)
(1 3.71207e-15 0)
(1 6.03358e-15 0)
(1 2.23102e-15 0)
(1 5.41626e-15 0)
(1 2.00974e-15 0)
(1 -2.68198e-15 0)
(1 1.88433e-16 0)
(1 -6.702e-15 0)
(1 -3.70356e-15 0)
(1 -2.02741e-15 0)
(1 1.68576e-15 0)
(1 1.34005e-15 0)
(1 3.82961e-15 0)
(1 6.71615e-15 0)
(1 3.1597e-15 0)
(1 5.11181e-15 0)
(1 5.71396e-15 0)
(1 1.29968e-15 0)
(1 -8.9637e-15 0)
(1 -2.39129e-16 0)
(1 -6.54862e-15 0)
(1 3.70039e-16 0)
(1 5.19596e-15 0)
(1 4.04745e-15 0)
(1 -2.13372e-15 0)
(1 -2.92748e-15 0)
(1 -3.20886e-15 0)
(1 -4.58292e-15 0)
(1 -2.10591e-15 0)
(1 -3.86567e-15 0)
(1 2.46613e-15 0)
(1 2.84207e-16 0)
(1 3.02835e-15 0)
(1 -1.76756e-15 0)
(1 -2.63537e-18 0)
(1 -1.20814e-15 0)
(1 2.539e-15 0)
(1 5.02329e-15 0)
(1 -7.29717e-16 0)
(1 1.38324e-15 0)
(1 -6.01989e-15 0)
(1 2.70576e-15 0)
(1 2.17429e-15 0)
(1 4.93366e-15 0)
(1 -4.49302e-15 0)
(1 -2.96951e-15 0)
(1 -4.38463e-15 0)
(1 -2.1679e-15 0)
(1 7.01197e-16 0)
(1 1.73412e-17 0)
(1 2.11507e-15 0)
(1 1.08777e-15 0)
(1 5.81573e-16 0)
(1 -1.16361e-15 0)
(1 -1.32277e-15 0)
(1 2.34064e-15 0)
(1 -1.85563e-15 0)
(1 -2.9039e-15 0)
(1 -5.10251e-15 0)
(1 3.1488e-17 0)
(1 2.68985e-15 0)
(1 3.12952e-15 0)
(1 -1.20151e-15 0)
(1 1.4389e-15 0)
(1 -2.19017e-15 0)
(1 -6.41286e-15 0)
(1 6.24097e-16 0)
(1 1.33254e-15 0)
(1 7.45372e-15 0)
(1 4.85128e-15 0)
(1 -3.0751e-16 0)
(1 -6.08076e-15 0)
(1 -3.48466e-15 0)
(1 -2.78202e-15 0)
(1 1.21684e-15 0)
(1 2.40434e-15 0)
(1 2.18431e-15 0)
(1 2.14628e-15 0)
(1 1.18316e-15 0)
(1 -3.07978e-15 0)
(1 -3.92748e-15 0)
(1 -4.57433e-15 0)
(1 -3.13452e-15 0)
(1 2.23229e-15 0)
(1 5.64482e-15 0)
(1 5.57451e-15 0)
(1 5.96523e-15 0)
(1 9.853e-16 0)
(1 6.74843e-16 0)
(1 -2.06913e-15 0)
(1 -4.13609e-16 0)
(1 2.74616e-15 0)
(1 2.66608e-15 0)
(1 1.22057e-15 0)
(1 8.21375e-17 0)
(1 -1.71023e-15 0)
(1 -4.72007e-15 0)
(1 -3.79434e-16 0)
(1 -3.95817e-15 0)
(1 8.25745e-16 0)
(1 -3.39042e-15 0)
(1 6.98605e-16 0)
(1 4.72767e-15 0)
(1 3.07074e-15 0)
(1 5.8642e-15 0)
(1 5.57177e-15 0)
(1 5.0047e-15 0)
(1 -7.64757e-15 0)
(1 -3.71735e-15 0)
(1 -3.57823e-15 0)
(1 5.19614e-16 0)
(1 -2.83398e-15 0)
(1 -2.96455e-15 0)
(1 3.49849e-15 0)
(1 9.16538e-16 0)
(1 2.44369e-15 0)
(1 5.0854e-15 0)
(1 -1.00565e-15 0)
(1 -7.75518e-15 0)
(1 -5.23679e-15 0)
(1 -6.20497e-15 0)
(1 -3.01646e-15 0)
(1 1.5899e-15 0)
(1 4.181e-15 0)
(1 3.4842e-15 0)
(1 1.17507e-15 0)
(1 -2.73587e-15 0)
(1 -4.10258e-15 0)
(1 -6.41416e-16 0)
(1 -2.62873e-15 0)
(1 1.88567e-15 0)
(1 4.71945e-15 0)
(1 1.52838e-15 0)
(1 5.046e-16 0)
(1 7.31082e-16 0)
(1 -3.58717e-17 0)
(1 7.67627e-16 0)
(1 -8.14859e-16 0)
(1 -5.277e-15 0)
(1 -3.75643e-15 0)
(1 -5.10904e-15 0)
(1 -2.52153e-15 0)
(1 1.53744e-15 0)
(1 4.4209e-15 0)
(1 3.73098e-15 0)
(1 -2.4556e-16 0)
(1 -1.09766e-16 0)
(1 -2.4926e-15 0)
(1 -2.79769e-15 0)
(1 -6.85192e-16 0)
(1 7.38944e-15 0)
(1 3.71764e-15 0)
(1 3.49518e-15 0)
(1 1.03714e-15 0)
(1 -1.32861e-15 0)
(1 -9.73032e-16 0)
(1 -8.98151e-16 0)
(1 -4.60325e-15 0)
(1 -3.80888e-15 0)
(1 -8.9247e-16 0)
(1 3.35603e-15 0)
(1 3.2594e-15 0)
(1 1.78236e-15 0)
(1 4.90763e-15 0)
(1 -3.15225e-16 0)
(1 -2.79555e-15 0)
(1 -8.67736e-16 0)
(1 6.42235e-16 0)
(1 4.7563e-15 0)
(1 2.15764e-15 0)
(1 -1.24947e-16 0)
(1 3.33268e-15 0)
(1 3.48585e-15 0)
(1 1.394e-15 0)
(1 -2.01115e-15 0)
(1 -1.92876e-15 0)
(1 -2.29337e-15 0)
(1 -1.34411e-15 0)
(1 -1.89806e-15 0)
(1 -2.14499e-15 0)
(1 -2.40326e-15 0)
(1 -2.42802e-15 0)
(1 -4.79814e-15 0)
(1 2.90084e-17 0)
(1 3.97765e-16 0)
(1 2.6357e-15 0)
(1 3.20282e-15 0)
(1 1.82716e-15 0)
)
;

boundaryField
{
    inlet
    {
        type            fixedValue;
        value           uniform (1 0 0);
    }
    outlet
    {
        type            zeroGradient;
    }
    down
    {
        type            empty;
    }
    up
    {
        type            empty;
    }
    sides
    {
        type            slip;
    }
}

