/*--------------------------------*- C++ -*----------------------------------*\
| =========                 |                                                 |
| \\      /  F ield         | OpenFOAM: The Open Source CFD Toolbox           |
|  \\    /   O peration     | Version:  v2012                                 |
|   \\  /    A nd           | Website:  www.openfoam.com                      |
|    \\/     M anipulation  |                                                 |
\*---------------------------------------------------------------------------*/
FoamFile
{
    version     2.0;
    format      ascii;
    class       volScalarField;
    location    "0";
    object      p;
}
// * * * * * * * * * * * * * * * * * * * * * * * * * * * * * * * * * * * * * //

dimensions      [0 2 -2 0 0 0 0];


internalField   nonuniform List<scalar> 
4000
(
-1.29941e-13
-1.32143e-13
-1.2492e-13
-1.2045e-13
-1.24838e-13
-1.27804e-13
-1.26954e-13
-1.22067e-13
-1.29783e-13
-1.30513e-13
-1.22438e-13
-1.31924e-13
-1.38507e-13
-1.43794e-13
-1.54924e-13
-1.59139e-13
-1.65738e-13
-1.73491e-13
-1.79754e-13
-1.76204e-13
-1.8665e-13
-1.86659e-13
-1.85538e-13
-1.98044e-13
-1.96973e-13
-2.04104e-13
-1.99621e-13
-2.01048e-13
-2.07033e-13
-2.20908e-13
-2.29006e-13
-2.2449e-13
-2.14528e-13
-2.15387e-13
-2.23343e-13
-2.15835e-13
-2.20074e-13
-2.33781e-13
-2.33503e-13
-2.28341e-13
-2.21807e-13
-2.20999e-13
-2.11975e-13
-2.1498e-13
-2.18052e-13
-2.17152e-13
-2.09768e-13
-2.16867e-13
-2.12134e-13
-2.03196e-13
-2.03693e-13
-2.03526e-13
-1.98773e-13
-1.95479e-13
-1.87468e-13
-1.80428e-13
-1.78984e-13
-1.7284e-13
-1.64869e-13
-1.57823e-13
-1.56316e-13
-1.5529e-13
-1.47914e-13
-1.48176e-13
-1.49993e-13
-1.4823e-13
-1.39163e-13
-1.37557e-13
-1.30829e-13
-1.31789e-13
-1.30246e-13
-1.19602e-13
-1.21568e-13
-1.16169e-13
-1.0852e-13
-1.03115e-13
-9.21136e-14
-9.6848e-14
-9.75737e-14
-8.95694e-14
-8.4999e-14
-7.51954e-14
-7.45992e-14
-7.13313e-14
-6.36842e-14
-6.16236e-14
-5.98171e-14
-6.16003e-14
-4.96499e-14
-4.057e-14
-3.06417e-14
-3.1758e-14
-2.35911e-14
-2.61672e-14
-2.55262e-14
-1.45693e-14
-1.48746e-14
-1.62746e-14
-9.21982e-15
-1.10649e-15
-1.28745e-13
-1.28769e-13
-1.24242e-13
-1.2337e-13
-1.24581e-13
-1.27581e-13
-1.25675e-13
-1.231e-13
-1.25659e-13
-1.29169e-13
-1.3099e-13
-1.3683e-13
-1.36768e-13
-1.4211e-13
-1.55812e-13
-1.55776e-13
-1.59411e-13
-1.73519e-13
-1.76104e-13
-1.78345e-13
-1.80449e-13
-1.83967e-13
-1.94002e-13
-2.01613e-13
-1.99956e-13
-2.0054e-13
-2.00353e-13
-2.04511e-13
-2.11679e-13
-2.23667e-13
-2.22472e-13
-2.21843e-13
-2.19805e-13
-2.15007e-13
-2.21267e-13
-2.20693e-13
-2.21286e-13
-2.24532e-13
-2.30691e-13
-2.31018e-13
-2.25799e-13
-2.18791e-13
-2.13211e-13
-2.15952e-13
-2.1573e-13
-2.17277e-13
-2.13798e-13
-2.15817e-13
-2.09257e-13
-2.06402e-13
-2.04089e-13
-2.08558e-13
-1.98614e-13
-1.89037e-13
-1.87591e-13
-1.79319e-13
-1.80596e-13
-1.71063e-13
-1.67488e-13
-1.5963e-13
-1.54698e-13
-1.51175e-13
-1.49873e-13
-1.46644e-13
-1.49156e-13
-1.51034e-13
-1.43462e-13
-1.35096e-13
-1.32799e-13
-1.28438e-13
-1.25505e-13
-1.20446e-13
-1.18573e-13
-1.14541e-13
-1.09827e-13
-1.02599e-13
-9.484e-14
-9.78174e-14
-9.706e-14
-9.13564e-14
-8.66572e-14
-7.76855e-14
-7.15444e-14
-6.87441e-14
-6.57307e-14
-6.19872e-14
-6.1814e-14
-6.05292e-14
-4.98684e-14
-3.89489e-14
-3.18736e-14
-2.71872e-14
-2.33849e-14
-2.71244e-14
-2.57568e-14
-1.83229e-14
-1.7599e-14
-1.23843e-14
-5.80829e-15
-1.76426e-15
-1.27535e-13
-1.27051e-13
-1.27714e-13
-1.22191e-13
-1.20821e-13
-1.26846e-13
-1.26561e-13
-1.25185e-13
-1.25919e-13
-1.25902e-13
-1.36109e-13
-1.40278e-13
-1.38381e-13
-1.41705e-13
-1.56124e-13
-1.55685e-13
-1.58565e-13
-1.6964e-13
-1.72769e-13
-1.8042e-13
-1.81496e-13
-1.82878e-13
-1.95465e-13
-2.04108e-13
-2.01566e-13
-1.97584e-13
-1.96359e-13
-2.04017e-13
-2.07812e-13
-2.22518e-13
-2.23559e-13
-2.21535e-13
-2.22178e-13
-2.17188e-13
-2.16872e-13
-2.15849e-13
-2.21953e-13
-2.26138e-13
-2.29691e-13
-2.29554e-13
-2.23446e-13
-2.19152e-13
-2.18451e-13
-2.15853e-13
-2.18345e-13
-2.16695e-13
-2.14247e-13
-2.18676e-13
-2.12481e-13
-2.0349e-13
-2.01042e-13
-2.08894e-13
-2.01377e-13
-1.92673e-13
-1.87148e-13
-1.79363e-13
-1.80167e-13
-1.71865e-13
-1.65108e-13
-1.57621e-13
-1.50694e-13
-1.54767e-13
-1.56274e-13
-1.47226e-13
-1.48791e-13
-1.45495e-13
-1.37578e-13
-1.35621e-13
-1.26894e-13
-1.3113e-13
-1.292e-13
-1.20669e-13
-1.23588e-13
-1.13758e-13
-1.09832e-13
-1.03793e-13
-9.36436e-14
-9.32231e-14
-9.43023e-14
-9.25438e-14
-8.58061e-14
-7.95842e-14
-7.01641e-14
-6.7961e-14
-6.68732e-14
-6.15856e-14
-5.75823e-14
-5.61454e-14
-5.12006e-14
-4.01063e-14
-3.29262e-14
-2.82675e-14
-2.34515e-14
-2.64222e-14
-2.51016e-14
-2.05565e-14
-1.88006e-14
-1.06466e-14
9.37549e-16
-2.133e-15
-1.26589e-13
-1.25214e-13
-1.22942e-13
-1.23852e-13
-1.24245e-13
-1.2933e-13
-1.29654e-13
-1.26134e-13
-1.26107e-13
-1.2794e-13
-1.36735e-13
-1.38077e-13
-1.39022e-13
-1.5006e-13
-1.50001e-13
-1.51253e-13
-1.61313e-13
-1.66918e-13
-1.71716e-13
-1.84632e-13
-1.83432e-13
-1.79045e-13
-1.88074e-13
-2.01584e-13
-2.04725e-13
-2.07252e-13
-2.02104e-13
-2.0663e-13
-2.10603e-13
-2.19193e-13
-2.23695e-13
-2.22441e-13
-2.21593e-13
-2.21293e-13
-2.15954e-13
-2.15558e-13
-2.20171e-13
-2.22714e-13
-2.30198e-13
-2.3373e-13
-2.22018e-13
-2.1408e-13
-2.12918e-13
-2.1857e-13
-2.25372e-13
-2.22848e-13
-2.16199e-13
-2.11207e-13
-2.0673e-13
-2.11443e-13
-2.0865e-13
-2.09134e-13
-2.0099e-13
-1.92276e-13
-1.83887e-13
-1.76448e-13
-1.76026e-13
-1.68955e-13
-1.62958e-13
-1.56659e-13
-1.57085e-13
-1.52425e-13
-1.47596e-13
-1.50814e-13
-1.50487e-13
-1.46675e-13
-1.4047e-13
-1.3589e-13
-1.26948e-13
-1.28197e-13
-1.23359e-13
-1.19813e-13
-1.16613e-13
-1.12765e-13
-1.13595e-13
-1.06114e-13
-9.20339e-14
-9.45288e-14
-9.03814e-14
-9.00067e-14
-8.49228e-14
-7.6764e-14
-7.42914e-14
-6.93708e-14
-7.09828e-14
-6.51422e-14
-6.08512e-14
-5.25703e-14
-5.19784e-14
-4.23949e-14
-3.48506e-14
-2.69557e-14
-2.36809e-14
-2.33794e-14
-2.45987e-14
-2.09268e-14
-1.71211e-14
-9.66038e-15
-2.5508e-15
-2.60689e-15
-1.26389e-13
-1.21297e-13
-1.24859e-13
-1.29432e-13
-1.29166e-13
-1.27747e-13
-1.32509e-13
-1.25905e-13
-1.26783e-13
-1.31727e-13
-1.39567e-13
-1.44234e-13
-1.34858e-13
-1.46065e-13
-1.49269e-13
-1.53916e-13
-1.58448e-13
-1.61828e-13
-1.72011e-13
-1.86676e-13
-1.88135e-13
-1.83333e-13
-1.98862e-13
-2.03282e-13
-1.96559e-13
-2.00974e-13
-2.02692e-13
-2.07781e-13
-2.11578e-13
-2.20119e-13
-2.24912e-13
-2.23339e-13
-2.18959e-13
-2.21043e-13
-2.15836e-13
-2.12214e-13
-2.15822e-13
-2.29454e-13
-2.36416e-13
-2.34668e-13
-2.17233e-13
-2.1043e-13
-2.10292e-13
-2.22978e-13
-2.26551e-13
-2.2629e-13
-2.20554e-13
-2.10402e-13
-2.0741e-13
-2.07578e-13
-2.04917e-13
-2.09232e-13
-1.97067e-13
-1.9344e-13
-1.86953e-13
-1.75115e-13
-1.73363e-13
-1.68897e-13
-1.65789e-13
-1.54369e-13
-1.57324e-13
-1.54387e-13
-1.50303e-13
-1.49545e-13
-1.45866e-13
-1.40216e-13
-1.38317e-13
-1.3909e-13
-1.29825e-13
-1.26327e-13
-1.25472e-13
-1.26846e-13
-1.21227e-13
-1.11532e-13
-1.16817e-13
-1.06938e-13
-9.78214e-14
-9.04993e-14
-9.03995e-14
-9.10973e-14
-8.6926e-14
-7.86901e-14
-7.22395e-14
-6.71906e-14
-7.37402e-14
-6.88299e-14
-5.78674e-14
-5.23191e-14
-4.72953e-14
-4.35341e-14
-3.62454e-14
-2.68326e-14
-2.49145e-14
-2.31552e-14
-1.94383e-14
-2.20457e-14
-1.15092e-14
-6.04035e-15
-2.36571e-15
-2.06083e-15
-1.28956e-13
-1.207e-13
-1.22492e-13
-1.32942e-13
-1.33676e-13
-1.27678e-13
-1.26258e-13
-1.28772e-13
-1.34315e-13
-1.38376e-13
-1.40159e-13
-1.40837e-13
-1.39651e-13
-1.51335e-13
-1.54117e-13
-1.49542e-13
-1.52176e-13
-1.58225e-13
-1.73203e-13
-1.85964e-13
-1.91721e-13
-1.93494e-13
-2.07668e-13
-2.0177e-13
-1.99423e-13
-2.00401e-13
-2.064e-13
-2.08816e-13
-2.16388e-13
-2.21184e-13
-2.23886e-13
-2.18935e-13
-2.21352e-13
-2.16848e-13
-2.1449e-13
-2.14438e-13
-2.17039e-13
-2.27296e-13
-2.32055e-13
-2.27688e-13
-2.18949e-13
-2.13351e-13
-2.1223e-13
-2.20631e-13
-2.21477e-13
-2.25278e-13
-2.25674e-13
-2.16498e-13
-2.08915e-13
-2.08592e-13
-2.03816e-13
-2.05047e-13
-1.98336e-13
-1.96651e-13
-1.87683e-13
-1.75546e-13
-1.73529e-13
-1.69706e-13
-1.62444e-13
-1.4927e-13
-1.50676e-13
-1.50797e-13
-1.53371e-13
-1.48686e-13
-1.45094e-13
-1.41747e-13
-1.38578e-13
-1.43185e-13
-1.357e-13
-1.26486e-13
-1.25131e-13
-1.20461e-13
-1.17376e-13
-1.12861e-13
-1.12924e-13
-1.08759e-13
-1.01229e-13
-9.09327e-14
-8.8529e-14
-9.05277e-14
-8.68406e-14
-8.31236e-14
-7.60122e-14
-7.19742e-14
-7.09514e-14
-6.43574e-14
-5.65609e-14
-5.36146e-14
-4.86847e-14
-4.68374e-14
-3.84534e-14
-2.81235e-14
-2.72963e-14
-2.29054e-14
-1.76474e-14
-1.73384e-14
-1.46922e-14
-8.14193e-15
-3.04409e-15
-3.57755e-15
-1.28265e-13
-1.27308e-13
-1.25676e-13
-1.31351e-13
-1.37292e-13
-1.28636e-13
-1.29974e-13
-1.32622e-13
-1.39009e-13
-1.40986e-13
-1.4839e-13
-1.40898e-13
-1.4163e-13
-1.42687e-13
-1.51291e-13
-1.64254e-13
-1.52968e-13
-1.59936e-13
-1.78284e-13
-1.91915e-13
-2.05384e-13
-1.98117e-13
-1.95005e-13
-1.96121e-13
-1.9558e-13
-1.9648e-13
-2.14123e-13
-2.17323e-13
-2.17435e-13
-2.13677e-13
-2.23325e-13
-2.23563e-13
-2.19655e-13
-2.1628e-13
-2.15415e-13
-2.19609e-13
-2.18348e-13
-2.16393e-13
-2.27549e-13
-2.30483e-13
-2.2474e-13
-2.17484e-13
-2.16871e-13
-2.1834e-13
-2.22639e-13
-2.19131e-13
-2.162e-13
-2.11468e-13
-2.10285e-13
-2.10251e-13
-2.04804e-13
-1.99873e-13
-1.90595e-13
-1.9897e-13
-1.90736e-13
-1.75041e-13
-1.7292e-13
-1.7547e-13
-1.62111e-13
-1.49393e-13
-1.49842e-13
-1.48164e-13
-1.48526e-13
-1.4997e-13
-1.44871e-13
-1.45342e-13
-1.41027e-13
-1.46792e-13
-1.39565e-13
-1.28805e-13
-1.17508e-13
-1.16289e-13
-1.13153e-13
-1.09834e-13
-1.10377e-13
-1.06666e-13
-1.01459e-13
-1.01254e-13
-9.95908e-14
-9.38388e-14
-8.27373e-14
-8.25713e-14
-7.22074e-14
-6.52131e-14
-6.79284e-14
-6.59277e-14
-5.91502e-14
-5.23201e-14
-4.86538e-14
-4.57054e-14
-3.595e-14
-3.1621e-14
-2.65291e-14
-2.39125e-14
-2.00702e-14
-1.73671e-14
-1.70831e-14
-8.72139e-15
-1.87887e-15
-1.51394e-15
-1.28096e-13
-1.28453e-13
-1.33498e-13
-1.30872e-13
-1.38488e-13
-1.33161e-13
-1.29364e-13
-1.31497e-13
-1.46268e-13
-1.42204e-13
-1.43632e-13
-1.45058e-13
-1.44992e-13
-1.5234e-13
-1.51771e-13
-1.60784e-13
-1.55166e-13
-1.63278e-13
-1.80534e-13
-1.93449e-13
-1.97796e-13
-2.0504e-13
-1.99616e-13
-2.00709e-13
-1.98486e-13
-2.04006e-13
-2.18365e-13
-2.15722e-13
-2.1638e-13
-2.2083e-13
-2.22938e-13
-2.22541e-13
-2.14491e-13
-2.05032e-13
-2.17314e-13
-2.2193e-13
-2.23146e-13
-2.23403e-13
-2.24826e-13
-2.27493e-13
-2.24202e-13
-2.15106e-13
-2.16562e-13
-2.1652e-13
-2.15241e-13
-2.13928e-13
-2.17803e-13
-2.22978e-13
-2.19591e-13
-2.05929e-13
-1.97449e-13
-1.92114e-13
-1.92945e-13
-1.997e-13
-1.90439e-13
-1.83096e-13
-1.71745e-13
-1.63364e-13
-1.62201e-13
-1.54797e-13
-1.53045e-13
-1.48638e-13
-1.48499e-13
-1.47756e-13
-1.39498e-13
-1.41849e-13
-1.43221e-13
-1.4046e-13
-1.34236e-13
-1.27135e-13
-1.24744e-13
-1.18021e-13
-1.1472e-13
-1.17702e-13
-1.12034e-13
-1.01034e-13
-9.82366e-14
-9.75401e-14
-9.17202e-14
-9.03651e-14
-8.57191e-14
-7.75809e-14
-7.67439e-14
-7.5889e-14
-7.40482e-14
-6.76427e-14
-5.92133e-14
-5.30375e-14
-4.50336e-14
-4.75591e-14
-3.73743e-14
-2.91758e-14
-2.35151e-14
-2.44062e-14
-2.06221e-14
-1.52919e-14
-1.49862e-14
-1.04371e-14
-4.82918e-15
-8.89127e-16
-1.31603e-13
-1.33297e-13
-1.36706e-13
-1.44051e-13
-1.34427e-13
-1.36394e-13
-1.31855e-13
-1.34992e-13
-1.45047e-13
-1.41551e-13
-1.48472e-13
-1.5137e-13
-1.52121e-13
-1.5221e-13
-1.53784e-13
-1.56626e-13
-1.59129e-13
-1.69141e-13
-1.83584e-13
-1.99918e-13
-1.9916e-13
-2.06684e-13
-1.94367e-13
-2.00391e-13
-2.07803e-13
-2.1377e-13
-2.19331e-13
-2.13939e-13
-2.06393e-13
-2.17582e-13
-2.24014e-13
-2.2118e-13
-2.15093e-13
-2.10284e-13
-2.13672e-13
-2.1633e-13
-2.24628e-13
-2.30865e-13
-2.2002e-13
-2.21087e-13
-2.24419e-13
-2.22392e-13
-2.23556e-13
-2.2006e-13
-2.14878e-13
-2.12562e-13
-2.12876e-13
-2.08936e-13
-2.10024e-13
-2.05393e-13
-2.01255e-13
-1.97285e-13
-1.96288e-13
-1.9657e-13
-1.84205e-13
-1.76824e-13
-1.73106e-13
-1.67352e-13
-1.63736e-13
-1.60331e-13
-1.5689e-13
-1.45423e-13
-1.48751e-13
-1.48681e-13
-1.49553e-13
-1.45685e-13
-1.44326e-13
-1.39856e-13
-1.3646e-13
-1.32867e-13
-1.27024e-13
-1.18511e-13
-1.11673e-13
-1.11719e-13
-1.1029e-13
-1.03153e-13
-1.00351e-13
-9.90718e-14
-9.45986e-14
-9.26225e-14
-8.35427e-14
-7.78369e-14
-7.45811e-14
-7.23021e-14
-7.75883e-14
-6.71234e-14
-5.98116e-14
-4.95441e-14
-4.70326e-14
-4.71838e-14
-3.77662e-14
-2.8364e-14
-2.53797e-14
-2.15877e-14
-1.80541e-14
-1.25332e-14
-1.48181e-14
-8.90798e-15
-3.72286e-15
-6.824e-15
-1.3419e-13
-1.37877e-13
-1.38038e-13
-1.37737e-13
-1.41651e-13
-1.35654e-13
-1.39076e-13
-1.38168e-13
-1.36376e-13
-1.52125e-13
-1.55005e-13
-1.52342e-13
-1.48602e-13
-1.55633e-13
-1.60723e-13
-1.60077e-13
-1.68303e-13
-1.68988e-13
-1.75604e-13
-1.99479e-13
-2.01936e-13
-2.06817e-13
-2.08674e-13
-2.08729e-13
-2.11787e-13
-2.10158e-13
-2.16114e-13
-2.10824e-13
-2.09224e-13
-2.17376e-13
-2.20866e-13
-2.18458e-13
-2.16116e-13
-2.15886e-13
-2.16605e-13
-2.18888e-13
-2.19525e-13
-2.28174e-13
-2.26716e-13
-2.24399e-13
-2.24695e-13
-2.23098e-13
-2.20971e-13
-2.14153e-13
-2.15691e-13
-2.06485e-13
-2.07224e-13
-2.09258e-13
-2.07391e-13
-2.09052e-13
-2.03541e-13
-1.97633e-13
-1.97075e-13
-1.91778e-13
-1.85624e-13
-1.82713e-13
-1.72382e-13
-1.67643e-13
-1.61232e-13
-1.64339e-13
-1.58275e-13
-1.42975e-13
-1.43811e-13
-1.45354e-13
-1.58625e-13
-1.57354e-13
-1.48121e-13
-1.40011e-13
-1.38183e-13
-1.27136e-13
-1.26854e-13
-1.19191e-13
-1.12726e-13
-1.13434e-13
-1.09673e-13
-1.00466e-13
-1.01786e-13
-9.99599e-14
-9.72123e-14
-9.40846e-14
-8.63255e-14
-8.52507e-14
-7.72893e-14
-6.99377e-14
-7.09471e-14
-6.87228e-14
-6.45328e-14
-5.65694e-14
-4.98813e-14
-4.23387e-14
-3.87754e-14
-3.21203e-14
-2.54382e-14
-2.53395e-14
-1.44098e-14
-1.09499e-14
-1.32523e-14
-8.80514e-15
-7.71002e-15
-6.3452e-15
-1.38646e-13
-1.40438e-13
-1.4203e-13
-1.40171e-13
-1.41762e-13
-1.40945e-13
-1.37891e-13
-1.35252e-13
-1.40048e-13
-1.485e-13
-1.59025e-13
-1.57232e-13
-1.57542e-13
-1.62373e-13
-1.6179e-13
-1.59003e-13
-1.66316e-13
-1.75659e-13
-1.84984e-13
-1.98761e-13
-2.01833e-13
-2.08139e-13
-2.08991e-13
-2.11302e-13
-2.15079e-13
-2.14967e-13
-2.1779e-13
-2.11264e-13
-2.12108e-13
-2.14017e-13
-2.20742e-13
-2.16786e-13
-2.18566e-13
-2.10868e-13
-2.15996e-13
-2.25451e-13
-2.26345e-13
-2.22623e-13
-2.22654e-13
-2.24007e-13
-2.25942e-13
-2.26821e-13
-2.24042e-13
-2.11412e-13
-2.10185e-13
-2.0508e-13
-2.0445e-13
-2.12265e-13
-2.10603e-13
-2.10588e-13
-1.99629e-13
-1.95537e-13
-1.93361e-13
-1.89787e-13
-1.88364e-13
-1.82322e-13
-1.69882e-13
-1.69195e-13
-1.64326e-13
-1.70067e-13
-1.59531e-13
-1.513e-13
-1.48705e-13
-1.44805e-13
-1.52569e-13
-1.52207e-13
-1.51093e-13
-1.40456e-13
-1.39579e-13
-1.25932e-13
-1.24934e-13
-1.19459e-13
-1.18674e-13
-1.15367e-13
-1.1482e-13
-1.09152e-13
-1.06346e-13
-1.02317e-13
-9.50852e-14
-8.87302e-14
-8.22838e-14
-8.06168e-14
-7.6603e-14
-7.65701e-14
-7.85593e-14
-7.48568e-14
-5.76801e-14
-5.23114e-14
-4.86573e-14
-4.37975e-14
-3.80897e-14
-3.18282e-14
-2.62753e-14
-2.43297e-14
-1.75407e-14
-7.76427e-15
-1.36698e-14
-1.18914e-14
-1.37887e-14
-4.24757e-15
-1.34385e-13
-1.40128e-13
-1.4672e-13
-1.40643e-13
-1.41831e-13
-1.41206e-13
-1.39162e-13
-1.38176e-13
-1.39603e-13
-1.53001e-13
-1.60437e-13
-1.60994e-13
-1.64072e-13
-1.67262e-13
-1.70286e-13
-1.68649e-13
-1.63417e-13
-1.73472e-13
-1.87286e-13
-1.97344e-13
-2.02593e-13
-2.01803e-13
-2.0866e-13
-2.18615e-13
-2.19306e-13
-2.17672e-13
-2.21182e-13
-2.17802e-13
-2.05981e-13
-2.08988e-13
-2.14315e-13
-2.15488e-13
-2.18356e-13
-2.20891e-13
-2.24595e-13
-2.278e-13
-2.20051e-13
-2.21005e-13
-2.21043e-13
-2.30085e-13
-2.27713e-13
-2.24831e-13
-2.16781e-13
-2.13226e-13
-2.09801e-13
-2.05086e-13
-2.05393e-13
-2.08473e-13
-2.05954e-13
-2.01506e-13
-2.03525e-13
-1.97162e-13
-1.91012e-13
-1.88486e-13
-1.86494e-13
-1.8114e-13
-1.72885e-13
-1.71554e-13
-1.66761e-13
-1.71205e-13
-1.56719e-13
-1.42784e-13
-1.50492e-13
-1.50183e-13
-1.60533e-13
-1.56362e-13
-1.52755e-13
-1.44226e-13
-1.39878e-13
-1.2729e-13
-1.21971e-13
-1.16794e-13
-1.17434e-13
-1.10116e-13
-1.16765e-13
-1.252e-13
-1.18613e-13
-1.00986e-13
-8.90052e-14
-9.19562e-14
-8.60751e-14
-7.98488e-14
-7.50725e-14
-7.26979e-14
-7.42579e-14
-6.96396e-14
-6.38093e-14
-5.6391e-14
-5.16097e-14
-4.6031e-14
-4.04218e-14
-3.37613e-14
-2.20899e-14
-2.29822e-14
-1.73177e-14
-9.23212e-15
-1.25683e-14
-1.47054e-14
-1.19239e-14
-5.42921e-15
-1.38618e-13
-1.42255e-13
-1.49735e-13
-1.43188e-13
-1.42277e-13
-1.42397e-13
-1.42058e-13
-1.35677e-13
-1.44718e-13
-1.60226e-13
-1.61866e-13
-1.61103e-13
-1.54983e-13
-1.63574e-13
-1.67752e-13
-1.72712e-13
-1.68365e-13
-1.70033e-13
-1.90037e-13
-1.9941e-13
-2.05776e-13
-2.16597e-13
-2.20596e-13
-2.23308e-13
-2.20394e-13
-2.18051e-13
-2.15722e-13
-2.13891e-13
-2.12203e-13
-2.08725e-13
-2.0814e-13
-2.1418e-13
-2.12893e-13
-2.18037e-13
-2.20368e-13
-2.27684e-13
-2.23483e-13
-2.23988e-13
-2.25422e-13
-2.26777e-13
-2.26299e-13
-2.22957e-13
-2.16416e-13
-2.1537e-13
-2.16642e-13
-2.13132e-13
-2.05672e-13
-1.97664e-13
-2.01338e-13
-2.0026e-13
-2.01921e-13
-1.97338e-13
-1.92465e-13
-1.94266e-13
-1.82822e-13
-1.75682e-13
-1.74634e-13
-1.71979e-13
-1.68929e-13
-1.73011e-13
-1.59236e-13
-1.56901e-13
-1.52519e-13
-1.47993e-13
-1.54131e-13
-1.5524e-13
-1.59586e-13
-1.45074e-13
-1.38575e-13
-1.31648e-13
-1.26648e-13
-1.23381e-13
-1.16778e-13
-1.15241e-13
-1.18369e-13
-1.17667e-13
-1.12369e-13
-1.01337e-13
-9.55606e-14
-8.74402e-14
-8.52658e-14
-8.38855e-14
-7.38251e-14
-7.62501e-14
-7.14973e-14
-6.86092e-14
-6.63374e-14
-5.83649e-14
-5.13027e-14
-4.83433e-14
-4.19255e-14
-3.6404e-14
-2.77203e-14
-2.10685e-14
-1.30227e-14
-1.40861e-14
-1.33692e-14
-1.17943e-14
-1.15421e-14
-1.21484e-15
-1.44747e-13
-1.38263e-13
-1.43065e-13
-1.45285e-13
-1.42154e-13
-1.46442e-13
-1.4735e-13
-1.39703e-13
-1.48356e-13
-1.6112e-13
-1.62188e-13
-1.59723e-13
-1.58832e-13
-1.66219e-13
-1.64897e-13
-1.77155e-13
-1.80014e-13
-1.76718e-13
-1.89554e-13
-1.98248e-13
-2.04838e-13
-2.07643e-13
-2.12538e-13
-2.2295e-13
-2.28694e-13
-2.29614e-13
-2.24136e-13
-2.11425e-13
-2.07058e-13
-2.07177e-13
-2.05881e-13
-2.12809e-13
-2.20738e-13
-2.27098e-13
-2.22984e-13
-2.26194e-13
-2.22691e-13
-2.2222e-13
-2.18508e-13
-2.14491e-13
-2.21921e-13
-2.27994e-13
-2.19642e-13
-2.1947e-13
-2.12465e-13
-2.11155e-13
-2.09671e-13
-2.00205e-13
-2.01598e-13
-1.96066e-13
-1.98262e-13
-1.97233e-13
-1.87198e-13
-1.88038e-13
-1.85153e-13
-1.79012e-13
-1.75174e-13
-1.71802e-13
-1.66796e-13
-1.69598e-13
-1.65449e-13
-1.62941e-13
-1.60158e-13
-1.51544e-13
-1.56381e-13
-1.55529e-13
-1.56276e-13
-1.4798e-13
-1.41738e-13
-1.31951e-13
-1.29304e-13
-1.23024e-13
-1.16511e-13
-1.15088e-13
-1.19035e-13
-1.12507e-13
-1.16031e-13
-1.07459e-13
-9.91983e-14
-8.66607e-14
-8.63726e-14
-8.368e-14
-7.63243e-14
-7.51072e-14
-7.22398e-14
-7.33669e-14
-6.44799e-14
-5.80815e-14
-5.19415e-14
-4.95894e-14
-4.13981e-14
-3.35794e-14
-2.80648e-14
-2.01512e-14
-1.27158e-14
-1.86289e-14
-1.45549e-14
-1.23752e-14
-1.17207e-14
-4.42681e-16
-1.42785e-13
-1.49367e-13
-1.41816e-13
-1.41327e-13
-1.38772e-13
-1.41139e-13
-1.51618e-13
-1.56039e-13
-1.52438e-13
-1.5786e-13
-1.61358e-13
-1.60116e-13
-1.58919e-13
-1.61227e-13
-1.68135e-13
-1.72059e-13
-1.76062e-13
-1.75407e-13
-1.85959e-13
-2.00546e-13
-2.1057e-13
-2.26877e-13
-2.32842e-13
-2.2871e-13
-2.27218e-13
-2.20331e-13
-2.14989e-13
-2.14424e-13
-2.09859e-13
-2.07934e-13
-2.04106e-13
-2.07194e-13
-2.15679e-13
-2.26423e-13
-2.30242e-13
-2.27052e-13
-2.2235e-13
-2.18157e-13
-2.19317e-13
-2.20063e-13
-2.1754e-13
-2.25158e-13
-2.26676e-13
-2.26433e-13
-2.16881e-13
-2.03322e-13
-2.04096e-13
-1.9877e-13
-2.03856e-13
-1.94111e-13
-1.94735e-13
-1.94167e-13
-1.85066e-13
-1.93358e-13
-1.92562e-13
-1.83945e-13
-1.76163e-13
-1.70149e-13
-1.71135e-13
-1.7002e-13
-1.63948e-13
-1.5926e-13
-1.53436e-13
-1.56455e-13
-1.65914e-13
-1.59213e-13
-1.56033e-13
-1.47111e-13
-1.39656e-13
-1.33505e-13
-1.3007e-13
-1.24022e-13
-1.20419e-13
-1.221e-13
-1.17525e-13
-1.18077e-13
-1.15044e-13
-1.1004e-13
-9.89541e-14
-8.15228e-14
-8.4086e-14
-8.12026e-14
-7.58734e-14
-7.82909e-14
-7.84595e-14
-7.67166e-14
-6.37472e-14
-5.9078e-14
-5.41659e-14
-4.80688e-14
-4.12386e-14
-3.89607e-14
-2.93064e-14
-2.37489e-14
-1.26362e-14
-1.82112e-14
-1.99642e-14
-1.12848e-14
-1.33891e-14
-1.76129e-15
-1.48861e-13
-1.43388e-13
-1.39936e-13
-1.42008e-13
-1.40272e-13
-1.33148e-13
-1.40723e-13
-1.49867e-13
-1.60655e-13
-1.69409e-13
-1.675e-13
-1.62148e-13
-1.61288e-13
-1.61393e-13
-1.64408e-13
-1.73022e-13
-1.78921e-13
-1.81411e-13
-1.9529e-13
-2.01017e-13
-2.14898e-13
-2.24547e-13
-2.32666e-13
-2.36494e-13
-2.26738e-13
-2.22457e-13
-2.15701e-13
-2.09399e-13
-2.04695e-13
-2.11644e-13
-2.08715e-13
-2.11176e-13
-2.16199e-13
-2.24719e-13
-2.29926e-13
-2.3801e-13
-2.30134e-13
-2.16241e-13
-2.17225e-13
-2.15426e-13
-2.20536e-13
-2.2214e-13
-2.19456e-13
-2.22429e-13
-2.18342e-13
-2.1157e-13
-1.98813e-13
-1.96612e-13
-2.06369e-13
-2.04077e-13
-1.99108e-13
-1.86269e-13
-1.80945e-13
-1.95574e-13
-1.87431e-13
-1.79543e-13
-1.7732e-13
-1.7083e-13
-1.67098e-13
-1.71777e-13
-1.64702e-13
-1.63842e-13
-1.6498e-13
-1.58782e-13
-1.65085e-13
-1.61885e-13
-1.58864e-13
-1.48364e-13
-1.42432e-13
-1.34078e-13
-1.29187e-13
-1.23428e-13
-1.14864e-13
-1.18823e-13
-1.25559e-13
-1.19677e-13
-1.12779e-13
-1.04059e-13
-1.04252e-13
-9.22543e-14
-8.74399e-14
-8.16799e-14
-7.66897e-14
-7.84575e-14
-7.37305e-14
-7.09952e-14
-6.4781e-14
-5.99672e-14
-5.65427e-14
-4.73335e-14
-4.27321e-14
-4.01457e-14
-3.7916e-14
-2.89791e-14
-1.29069e-14
-1.34629e-14
-1.88738e-14
-1.14842e-14
-1.40144e-14
-2.53718e-15
-1.46296e-13
-1.46146e-13
-1.44838e-13
-1.4519e-13
-1.38293e-13
-1.45705e-13
-1.50021e-13
-1.51612e-13
-1.52718e-13
-1.59293e-13
-1.60019e-13
-1.66412e-13
-1.71053e-13
-1.68969e-13
-1.66989e-13
-1.76878e-13
-1.73919e-13
-1.73763e-13
-1.88439e-13
-2.04542e-13
-2.20059e-13
-2.32735e-13
-2.3546e-13
-2.33569e-13
-2.31906e-13
-2.24248e-13
-2.11024e-13
-2.06795e-13
-2.10443e-13
-2.14458e-13
-2.11713e-13
-2.1426e-13
-2.2235e-13
-2.30854e-13
-2.28895e-13
-2.29355e-13
-2.2545e-13
-2.21218e-13
-2.19984e-13
-2.20967e-13
-2.23704e-13
-2.23048e-13
-2.22586e-13
-2.18616e-13
-2.15728e-13
-2.14607e-13
-2.07501e-13
-1.97347e-13
-2.0042e-13
-2.00263e-13
-2.0031e-13
-1.85556e-13
-1.85662e-13
-1.89345e-13
-1.91769e-13
-1.84084e-13
-1.77919e-13
-1.66232e-13
-1.60316e-13
-1.67405e-13
-1.66672e-13
-1.5968e-13
-1.66898e-13
-1.68105e-13
-1.6062e-13
-1.58974e-13
-1.58986e-13
-1.5199e-13
-1.46409e-13
-1.34361e-13
-1.26651e-13
-1.25914e-13
-1.21422e-13
-1.19381e-13
-1.25551e-13
-1.23778e-13
-1.18593e-13
-1.10472e-13
-1.05886e-13
-8.65833e-14
-8.49363e-14
-8.82462e-14
-7.40336e-14
-7.56164e-14
-7.4324e-14
-7.6745e-14
-6.72974e-14
-6.2867e-14
-5.96316e-14
-4.9215e-14
-4.5422e-14
-4.17877e-14
-3.09232e-14
-2.75314e-14
-1.75636e-14
-1.79141e-14
-1.76285e-14
-1.65936e-14
-8.09054e-15
-3.69113e-15
-1.47683e-13
-1.4671e-13
-1.47585e-13
-1.40715e-13
-1.38659e-13
-1.42477e-13
-1.52401e-13
-1.57269e-13
-1.61365e-13
-1.67346e-13
-1.62513e-13
-1.66355e-13
-1.72938e-13
-1.71301e-13
-1.71697e-13
-1.79468e-13
-1.76935e-13
-1.85016e-13
-1.94625e-13
-2.10401e-13
-2.17928e-13
-2.2963e-13
-2.3856e-13
-2.29689e-13
-2.2553e-13
-2.25142e-13
-2.14784e-13
-2.11933e-13
-2.14549e-13
-2.11217e-13
-2.08859e-13
-2.14648e-13
-2.23325e-13
-2.31177e-13
-2.43161e-13
-2.29843e-13
-2.2621e-13
-2.30309e-13
-2.20336e-13
-2.15139e-13
-2.20434e-13
-2.268e-13
-2.25165e-13
-2.20294e-13
-2.16953e-13
-2.11293e-13
-2.0481e-13
-1.99053e-13
-2.03105e-13
-1.99009e-13
-1.98202e-13
-1.85504e-13
-1.89044e-13
-1.94771e-13
-1.86368e-13
-1.73854e-13
-1.7491e-13
-1.71289e-13
-1.66267e-13
-1.65859e-13
-1.64721e-13
-1.62846e-13
-1.67249e-13
-1.68165e-13
-1.65163e-13
-1.59902e-13
-1.55325e-13
-1.5507e-13
-1.47645e-13
-1.39237e-13
-1.30987e-13
-1.26792e-13
-1.22576e-13
-1.22874e-13
-1.2615e-13
-1.24511e-13
-1.14542e-13
-1.06766e-13
-1.0678e-13
-9.5029e-14
-9.47589e-14
-8.74698e-14
-7.78957e-14
-7.38757e-14
-7.37791e-14
-7.66461e-14
-6.73198e-14
-6.52163e-14
-5.87676e-14
-4.91319e-14
-5.0495e-14
-4.3487e-14
-3.77432e-14
-3.15134e-14
-2.35286e-14
-1.9179e-14
-1.46746e-14
-1.45003e-14
-1.11718e-14
-2.5772e-15
-1.5347e-13
-1.47468e-13
-1.47336e-13
-1.41814e-13
-1.4437e-13
-1.51954e-13
-1.56188e-13
-1.57915e-13
-1.56812e-13
-1.68149e-13
-1.65599e-13
-1.66252e-13
-1.76722e-13
-1.75628e-13
-1.78279e-13
-1.85628e-13
-1.81299e-13
-1.86519e-13
-1.94091e-13
-2.02656e-13
-2.14472e-13
-2.30123e-13
-2.34966e-13
-2.35636e-13
-2.33319e-13
-2.28198e-13
-2.15039e-13
-2.11024e-13
-2.14587e-13
-2.16768e-13
-2.15803e-13
-2.17905e-13
-2.25247e-13
-2.29345e-13
-2.40635e-13
-2.26457e-13
-2.20809e-13
-2.26152e-13
-2.24174e-13
-2.26979e-13
-2.21335e-13
-2.30566e-13
-2.26197e-13
-2.21306e-13
-2.2202e-13
-2.10328e-13
-2.0309e-13
-2.01896e-13
-2.03681e-13
-2.02971e-13
-1.95838e-13
-1.92317e-13
-1.88123e-13
-1.91151e-13
-1.8475e-13
-1.7123e-13
-1.68774e-13
-1.69594e-13
-1.69872e-13
-1.6533e-13
-1.61445e-13
-1.5976e-13
-1.69342e-13
-1.70679e-13
-1.66642e-13
-1.61277e-13
-1.53582e-13
-1.52217e-13
-1.45916e-13
-1.39996e-13
-1.3635e-13
-1.27807e-13
-1.24107e-13
-1.2413e-13
-1.2882e-13
-1.24119e-13
-1.17564e-13
-1.10042e-13
-1.11516e-13
-1.05478e-13
-8.88148e-14
-8.03027e-14
-8.25794e-14
-7.5842e-14
-7.45041e-14
-7.638e-14
-6.9769e-14
-6.55736e-14
-5.66877e-14
-4.99357e-14
-4.95325e-14
-4.58656e-14
-3.79103e-14
-3.60691e-14
-2.36667e-14
-1.88901e-14
-1.73445e-14
-1.45131e-14
-1.34617e-14
-3.45053e-15
-1.50905e-13
-1.51945e-13
-1.46058e-13
-1.42307e-13
-1.4874e-13
-1.54253e-13
-1.61593e-13
-1.61246e-13
-1.60363e-13
-1.69111e-13
-1.732e-13
-1.7098e-13
-1.77397e-13
-1.78042e-13
-1.81127e-13
-1.87741e-13
-1.92524e-13
-1.9435e-13
-1.93571e-13
-2.03346e-13
-2.14842e-13
-2.31026e-13
-2.34021e-13
-2.364e-13
-2.3373e-13
-2.26649e-13
-2.16775e-13
-2.15247e-13
-2.14821e-13
-2.18935e-13
-2.22618e-13
-2.19893e-13
-2.2286e-13
-2.30651e-13
-2.35416e-13
-2.36669e-13
-2.26229e-13
-2.28369e-13
-2.25806e-13
-2.27562e-13
-2.25974e-13
-2.29617e-13
-2.29799e-13
-2.19912e-13
-2.11354e-13
-2.1197e-13
-2.11171e-13
-2.05588e-13
-1.96201e-13
-2.01176e-13
-1.97717e-13
-1.94625e-13
-1.88329e-13
-1.85467e-13
-1.84976e-13
-1.7834e-13
-1.72544e-13
-1.71754e-13
-1.67886e-13
-1.65251e-13
-1.59773e-13
-1.59548e-13
-1.66646e-13
-1.64546e-13
-1.68034e-13
-1.61023e-13
-1.58317e-13
-1.528e-13
-1.47975e-13
-1.41673e-13
-1.36006e-13
-1.32034e-13
-1.26656e-13
-1.23999e-13
-1.24633e-13
-1.20743e-13
-1.22677e-13
-1.15724e-13
-1.06991e-13
-9.66753e-14
-9.19896e-14
-8.8455e-14
-8.27569e-14
-7.45576e-14
-7.70718e-14
-7.70465e-14
-7.08124e-14
-6.67793e-14
-5.7264e-14
-5.49888e-14
-4.89536e-14
-4.73975e-14
-3.73508e-14
-3.42539e-14
-2.7647e-14
-1.89514e-14
-1.98497e-14
-1.94459e-14
-1.35036e-14
-2.61666e-15
-1.51645e-13
-1.52074e-13
-1.51751e-13
-1.46098e-13
-1.52137e-13
-1.58002e-13
-1.65268e-13
-1.63866e-13
-1.60298e-13
-1.68762e-13
-1.71834e-13
-1.74975e-13
-1.77787e-13
-1.78566e-13
-1.87204e-13
-1.9324e-13
-1.93228e-13
-1.98441e-13
-1.97518e-13
-2.03605e-13
-2.16317e-13
-2.28575e-13
-2.34537e-13
-2.39319e-13
-2.36153e-13
-2.25981e-13
-2.1532e-13
-2.19881e-13
-2.19245e-13
-2.21117e-13
-2.21694e-13
-2.24118e-13
-2.24428e-13
-2.29372e-13
-2.36206e-13
-2.40493e-13
-2.31587e-13
-2.29585e-13
-2.30061e-13
-2.31874e-13
-2.23221e-13
-2.30518e-13
-2.25696e-13
-2.20792e-13
-2.14871e-13
-2.15087e-13
-2.10891e-13
-2.06564e-13
-1.97475e-13
-2.03174e-13
-1.99668e-13
-1.96141e-13
-1.87234e-13
-1.83683e-13
-1.84204e-13
-1.81096e-13
-1.76041e-13
-1.73666e-13
-1.64349e-13
-1.64446e-13
-1.55108e-13
-1.60007e-13
-1.72887e-13
-1.66745e-13
-1.62694e-13
-1.60687e-13
-1.54666e-13
-1.54938e-13
-1.45762e-13
-1.3794e-13
-1.39979e-13
-1.33634e-13
-1.25291e-13
-1.2859e-13
-1.27576e-13
-1.22516e-13
-1.20066e-13
-1.12026e-13
-1.04841e-13
-1.01424e-13
-9.53332e-14
-9.12055e-14
-8.62821e-14
-7.5977e-14
-7.79772e-14
-7.55289e-14
-6.87675e-14
-6.2717e-14
-6.02963e-14
-4.65221e-14
-4.39536e-14
-4.1342e-14
-4.01539e-14
-3.82456e-14
-2.95185e-14
-2.85621e-14
-2.00622e-14
-1.35208e-14
-7.93475e-15
-2.56748e-15
-1.56023e-13
-1.5386e-13
-1.52661e-13
-1.48953e-13
-1.4971e-13
-1.61993e-13
-1.64323e-13
-1.64832e-13
-1.67537e-13
-1.65966e-13
-1.69407e-13
-1.76991e-13
-1.83959e-13
-1.87366e-13
-1.92363e-13
-1.98758e-13
-2.04257e-13
-2.00794e-13
-1.97356e-13
-2.05108e-13
-2.13594e-13
-2.31431e-13
-2.35052e-13
-2.34023e-13
-2.26003e-13
-2.2139e-13
-2.27538e-13
-2.3057e-13
-2.32251e-13
-2.21944e-13
-2.16692e-13
-2.24088e-13
-2.24252e-13
-2.24196e-13
-2.35045e-13
-2.39356e-13
-2.3926e-13
-2.36846e-13
-2.32029e-13
-2.33929e-13
-2.24544e-13
-2.28678e-13
-2.2175e-13
-2.23032e-13
-2.1555e-13
-2.15611e-13
-2.07654e-13
-1.99911e-13
-2.02722e-13
-2.02884e-13
-2.01123e-13
-1.95763e-13
-1.87057e-13
-1.88416e-13
-1.88215e-13
-1.87247e-13
-1.8475e-13
-1.73094e-13
-1.69113e-13
-1.57276e-13
-1.47681e-13
-1.63998e-13
-1.68628e-13
-1.62025e-13
-1.58778e-13
-1.55824e-13
-1.55053e-13
-1.54613e-13
-1.52024e-13
-1.41185e-13
-1.45422e-13
-1.22685e-13
-1.20665e-13
-1.22066e-13
-1.2886e-13
-1.28719e-13
-1.19228e-13
-1.1132e-13
-1.07568e-13
-1.01096e-13
-9.59896e-14
-8.8909e-14
-8.31293e-14
-8.16058e-14
-8.04276e-14
-7.61077e-14
-6.97374e-14
-5.90121e-14
-5.4457e-14
-4.72468e-14
-4.27868e-14
-3.8846e-14
-4.08898e-14
-3.87782e-14
-2.78091e-14
-2.45235e-14
-2.09071e-14
-1.78177e-14
-1.45037e-14
-6.24822e-15
-1.57705e-13
-1.52796e-13
-1.51609e-13
-1.52336e-13
-1.57054e-13
-1.62775e-13
-1.64793e-13
-1.68968e-13
-1.71468e-13
-1.72831e-13
-1.68519e-13
-1.74142e-13
-1.8805e-13
-1.9756e-13
-1.98605e-13
-2.01494e-13
-1.99123e-13
-2.01545e-13
-2.03599e-13
-2.08258e-13
-2.27357e-13
-2.31832e-13
-2.34201e-13
-2.3208e-13
-2.2981e-13
-2.28074e-13
-2.28195e-13
-2.26622e-13
-2.25e-13
-2.25807e-13
-2.16303e-13
-2.28147e-13
-2.30418e-13
-2.31953e-13
-2.31434e-13
-2.352e-13
-2.40048e-13
-2.36041e-13
-2.34246e-13
-2.31728e-13
-2.27267e-13
-2.29199e-13
-2.24663e-13
-2.21404e-13
-2.1334e-13
-2.128e-13
-2.09256e-13
-2.11236e-13
-2.03277e-13
-2.001e-13
-2.02649e-13
-1.97069e-13
-1.8866e-13
-1.84563e-13
-1.88123e-13
-1.95458e-13
-1.94697e-13
-1.76023e-13
-1.62779e-13
-1.52872e-13
-1.55204e-13
-1.61022e-13
-1.64236e-13
-1.56711e-13
-1.59142e-13
-1.61836e-13
-1.59949e-13
-1.57942e-13
-1.43494e-13
-1.38444e-13
-1.39494e-13
-1.28857e-13
-1.26807e-13
-1.30153e-13
-1.24988e-13
-1.21572e-13
-1.18695e-13
-1.0963e-13
-1.0345e-13
-1.00495e-13
-9.55998e-14
-9.1748e-14
-8.47091e-14
-8.07023e-14
-8.21745e-14
-7.56031e-14
-6.68978e-14
-5.77734e-14
-5.75804e-14
-4.67701e-14
-4.04554e-14
-3.44417e-14
-4.12753e-14
-3.94489e-14
-2.92926e-14
-2.15464e-14
-1.58744e-14
-1.61525e-14
-1.5861e-14
-4.4621e-15
-1.54312e-13
-1.58445e-13
-1.58589e-13
-1.62437e-13
-1.61827e-13
-1.61947e-13
-1.58212e-13
-1.59916e-13
-1.73407e-13
-1.80799e-13
-1.8149e-13
-1.752e-13
-1.92228e-13
-1.99889e-13
-1.96835e-13
-1.99853e-13
-2.01617e-13
-2.06618e-13
-2.1201e-13
-2.12619e-13
-2.27202e-13
-2.32768e-13
-2.31244e-13
-2.3306e-13
-2.28514e-13
-2.29636e-13
-2.26937e-13
-2.25487e-13
-2.28319e-13
-2.27322e-13
-2.22398e-13
-2.26654e-13
-2.26765e-13
-2.28937e-13
-2.3359e-13
-2.39873e-13
-2.40442e-13
-2.38092e-13
-2.38023e-13
-2.33365e-13
-2.30074e-13
-2.20874e-13
-2.22519e-13
-2.20264e-13
-2.18925e-13
-2.16254e-13
-2.12488e-13
-2.0558e-13
-2.03603e-13
-2.00712e-13
-2.0258e-13
-1.97985e-13
-1.89853e-13
-1.94559e-13
-1.92369e-13
-1.92225e-13
-1.83643e-13
-1.71231e-13
-1.64812e-13
-1.66154e-13
-1.58191e-13
-1.57926e-13
-1.61669e-13
-1.5911e-13
-1.57019e-13
-1.57173e-13
-1.55399e-13
-1.59932e-13
-1.47867e-13
-1.34798e-13
-1.36805e-13
-1.29064e-13
-1.2698e-13
-1.2973e-13
-1.25015e-13
-1.2148e-13
-1.16081e-13
-1.13812e-13
-1.06809e-13
-9.91188e-14
-9.76156e-14
-9.28197e-14
-8.51453e-14
-8.21953e-14
-8.01355e-14
-7.11978e-14
-6.23103e-14
-5.73079e-14
-5.44185e-14
-4.50897e-14
-3.98756e-14
-3.79727e-14
-3.93457e-14
-3.95606e-14
-3.0773e-14
-2.04097e-14
-1.63049e-14
-1.42171e-14
-1.49197e-14
-5.17806e-15
-1.60287e-13
-1.60964e-13
-1.58895e-13
-1.62322e-13
-1.62502e-13
-1.64322e-13
-1.69211e-13
-1.748e-13
-1.76516e-13
-1.70916e-13
-1.75024e-13
-1.80103e-13
-1.96556e-13
-2.02836e-13
-2.09942e-13
-2.05652e-13
-2.01876e-13
-2.05313e-13
-2.13464e-13
-2.11825e-13
-2.25835e-13
-2.30471e-13
-2.38303e-13
-2.38866e-13
-2.28626e-13
-2.26949e-13
-2.23547e-13
-2.27338e-13
-2.27546e-13
-2.2782e-13
-2.26171e-13
-2.30195e-13
-2.26859e-13
-2.28701e-13
-2.3372e-13
-2.41988e-13
-2.40309e-13
-2.38552e-13
-2.36878e-13
-2.33006e-13
-2.31615e-13
-2.26118e-13
-2.22639e-13
-2.21638e-13
-2.18338e-13
-2.15909e-13
-2.14598e-13
-2.08776e-13
-2.05864e-13
-2.04953e-13
-2.03058e-13
-2.00869e-13
-1.9388e-13
-1.91167e-13
-1.8813e-13
-1.85885e-13
-1.79795e-13
-1.7524e-13
-1.69967e-13
-1.65923e-13
-1.59725e-13
-1.59714e-13
-1.56355e-13
-1.57231e-13
-1.59563e-13
-1.61278e-13
-1.5788e-13
-1.55823e-13
-1.47307e-13
-1.3482e-13
-1.32945e-13
-1.26691e-13
-1.27551e-13
-1.24734e-13
-1.26882e-13
-1.26533e-13
-1.15583e-13
-1.1334e-13
-1.00651e-13
-9.84788e-14
-9.68273e-14
-8.95751e-14
-8.94277e-14
-8.27546e-14
-8.23979e-14
-7.96466e-14
-6.9589e-14
-5.57747e-14
-4.12775e-14
-3.8558e-14
-4.15954e-14
-4.38754e-14
-4.00696e-14
-3.64023e-14
-3.01482e-14
-2.09461e-14
-1.73638e-14
-1.68098e-14
-1.21344e-14
-2.33191e-15
-1.69766e-13
-1.62021e-13
-1.62026e-13
-1.63775e-13
-1.63297e-13
-1.67802e-13
-1.72605e-13
-1.7418e-13
-1.76003e-13
-1.79893e-13
-1.85078e-13
-1.85073e-13
-1.95512e-13
-2.05998e-13
-2.02895e-13
-2.01955e-13
-2.03412e-13
-2.08216e-13
-2.11674e-13
-2.14253e-13
-2.28245e-13
-2.3765e-13
-2.3952e-13
-2.38288e-13
-2.32075e-13
-2.32859e-13
-2.32301e-13
-2.26766e-13
-2.23597e-13
-2.26163e-13
-2.23292e-13
-2.33684e-13
-2.33492e-13
-2.31831e-13
-2.34943e-13
-2.35354e-13
-2.373e-13
-2.38406e-13
-2.38292e-13
-2.35571e-13
-2.29446e-13
-2.24669e-13
-2.2497e-13
-2.20532e-13
-2.1701e-13
-2.16261e-13
-2.15099e-13
-2.10333e-13
-2.07973e-13
-2.07567e-13
-2.06081e-13
-2.01301e-13
-1.95735e-13
-1.8938e-13
-1.85185e-13
-1.85591e-13
-1.80857e-13
-1.76715e-13
-1.70697e-13
-1.64225e-13
-1.63884e-13
-1.62932e-13
-1.55283e-13
-1.51751e-13
-1.54962e-13
-1.61699e-13
-1.55273e-13
-1.51184e-13
-1.46132e-13
-1.40026e-13
-1.32243e-13
-1.24268e-13
-1.24043e-13
-1.19865e-13
-1.2356e-13
-1.26403e-13
-1.19037e-13
-1.14932e-13
-9.81267e-14
-9.57923e-14
-9.72997e-14
-9.61932e-14
-9.31866e-14
-8.54017e-14
-7.69323e-14
-7.14022e-14
-6.24382e-14
-5.65679e-14
-4.86945e-14
-4.19248e-14
-4.1447e-14
-4.06213e-14
-4.06623e-14
-3.20943e-14
-2.7815e-14
-2.52361e-14
-1.67365e-14
-1.38898e-14
-1.38889e-14
-4.42093e-15
-1.71839e-13
-1.62986e-13
-1.60424e-13
-1.66107e-13
-1.68094e-13
-1.71157e-13
-1.79996e-13
-1.79629e-13
-1.77008e-13
-1.8001e-13
-1.82593e-13
-1.81709e-13
-1.9649e-13
-2.0629e-13
-2.0912e-13
-2.06665e-13
-2.06906e-13
-2.03773e-13
-2.13124e-13
-2.20526e-13
-2.30278e-13
-2.37693e-13
-2.27697e-13
-2.33227e-13
-2.37968e-13
-2.35339e-13
-2.31077e-13
-2.29756e-13
-2.24431e-13
-2.34795e-13
-2.30338e-13
-2.31405e-13
-2.27435e-13
-2.30291e-13
-2.43837e-13
-2.41122e-13
-2.38912e-13
-2.39952e-13
-2.37115e-13
-2.3026e-13
-2.31581e-13
-2.28713e-13
-2.23528e-13
-2.17924e-13
-2.19646e-13
-2.19053e-13
-2.11092e-13
-2.13121e-13
-2.0915e-13
-2.10869e-13
-2.12236e-13
-2.00644e-13
-1.94115e-13
-1.86049e-13
-1.82572e-13
-1.81863e-13
-1.76976e-13
-1.80644e-13
-1.75844e-13
-1.65197e-13
-1.61375e-13
-1.5989e-13
-1.57449e-13
-1.51068e-13
-1.55653e-13
-1.60095e-13
-1.53091e-13
-1.46803e-13
-1.46048e-13
-1.40819e-13
-1.30622e-13
-1.253e-13
-1.24913e-13
-1.21669e-13
-1.2329e-13
-1.24542e-13
-1.17793e-13
-1.13303e-13
-1.03556e-13
-9.9333e-14
-9.58374e-14
-9.34096e-14
-9.46395e-14
-8.42561e-14
-8.03019e-14
-6.95933e-14
-6.26077e-14
-5.8026e-14
-5.15268e-14
-4.35496e-14
-3.88453e-14
-4.41977e-14
-3.41617e-14
-3.10919e-14
-2.88276e-14
-2.63998e-14
-1.63292e-14
-1.65789e-14
-1.07753e-14
-2.27781e-15
-1.70979e-13
-1.68474e-13
-1.70061e-13
-1.67946e-13
-1.65029e-13
-1.69183e-13
-1.77447e-13
-1.79734e-13
-1.79868e-13
-1.89251e-13
-1.89627e-13
-1.84034e-13
-1.90114e-13
-2.06263e-13
-2.09939e-13
-1.99595e-13
-2.04225e-13
-2.08061e-13
-2.146e-13
-2.20754e-13
-2.30608e-13
-2.38602e-13
-2.34558e-13
-2.41187e-13
-2.34907e-13
-2.38043e-13
-2.36109e-13
-2.30993e-13
-2.31102e-13
-2.34165e-13
-2.31476e-13
-2.31685e-13
-2.30602e-13
-2.3482e-13
-2.3832e-13
-2.41173e-13
-2.38751e-13
-2.37085e-13
-2.35428e-13
-2.35545e-13
-2.31654e-13
-2.29113e-13
-2.2724e-13
-2.11672e-13
-2.18612e-13
-2.20151e-13
-2.1168e-13
-2.11918e-13
-2.15463e-13
-2.16988e-13
-2.10592e-13
-2.04637e-13
-1.87386e-13
-1.85436e-13
-1.85605e-13
-1.8481e-13
-1.79572e-13
-1.77205e-13
-1.7486e-13
-1.6536e-13
-1.61464e-13
-1.60843e-13
-1.5724e-13
-1.50668e-13
-1.54318e-13
-1.60812e-13
-1.61092e-13
-1.52304e-13
-1.45621e-13
-1.32308e-13
-1.20578e-13
-1.28051e-13
-1.24673e-13
-1.22075e-13
-1.22218e-13
-1.2545e-13
-1.17434e-13
-1.1003e-13
-1.05142e-13
-1.0103e-13
-9.68921e-14
-9.63656e-14
-9.4836e-14
-8.1496e-14
-7.48304e-14
-6.68007e-14
-6.24759e-14
-5.4691e-14
-5.35638e-14
-4.80676e-14
-4.34094e-14
-4.31754e-14
-3.61971e-14
-3.49744e-14
-2.83314e-14
-1.90026e-14
-1.51104e-14
-2.16312e-14
-1.92503e-14
-5.72027e-15
-1.75352e-13
-1.69062e-13
-1.64696e-13
-1.72237e-13
-1.73719e-13
-1.77237e-13
-1.90249e-13
-1.79774e-13
-1.7999e-13
-1.77977e-13
-1.85318e-13
-1.88829e-13
-1.97482e-13
-2.05813e-13
-2.12804e-13
-2.05465e-13
-1.9866e-13
-2.09776e-13
-2.13905e-13
-2.21184e-13
-2.36349e-13
-2.46277e-13
-2.36625e-13
-2.41474e-13
-2.39624e-13
-2.34071e-13
-2.30414e-13
-2.34184e-13
-2.35263e-13
-2.36336e-13
-2.30828e-13
-2.26505e-13
-2.3061e-13
-2.39252e-13
-2.47706e-13
-2.43941e-13
-2.40684e-13
-2.35577e-13
-2.33666e-13
-2.338e-13
-2.29941e-13
-2.28627e-13
-2.24834e-13
-2.20031e-13
-2.19626e-13
-2.18763e-13
-2.17592e-13
-2.12622e-13
-2.10613e-13
-2.10878e-13
-2.11388e-13
-2.03446e-13
-1.94966e-13
-1.88774e-13
-1.84689e-13
-1.82308e-13
-1.86514e-13
-1.75943e-13
-1.77244e-13
-1.67667e-13
-1.55203e-13
-1.52478e-13
-1.51911e-13
-1.53716e-13
-1.61109e-13
-1.57613e-13
-1.5204e-13
-1.51788e-13
-1.4744e-13
-1.37602e-13
-1.29577e-13
-1.31092e-13
-1.1899e-13
-1.21124e-13
-1.27861e-13
-1.23509e-13
-1.17087e-13
-1.05828e-13
-1.07369e-13
-1.04435e-13
-9.82129e-14
-8.75119e-14
-9.01153e-14
-7.78362e-14
-7.7439e-14
-7.63354e-14
-6.49679e-14
-5.96367e-14
-5.25747e-14
-5.08036e-14
-4.42752e-14
-4.33529e-14
-3.92811e-14
-3.30872e-14
-2.75519e-14
-1.66357e-14
-1.69188e-14
-2.51519e-14
-2.21946e-14
-7.99832e-15
-1.75399e-13
-1.72576e-13
-1.73967e-13
-1.7603e-13
-1.74234e-13
-1.82202e-13
-1.84159e-13
-1.82072e-13
-1.84057e-13
-1.87969e-13
-1.90423e-13
-1.9565e-13
-1.92978e-13
-2.02756e-13
-2.10233e-13
-2.04054e-13
-2.03161e-13
-2.12709e-13
-2.1741e-13
-2.20221e-13
-2.30839e-13
-2.45846e-13
-2.44976e-13
-2.41898e-13
-2.4205e-13
-2.4028e-13
-2.29841e-13
-2.37597e-13
-2.42199e-13
-2.4104e-13
-2.31037e-13
-2.3248e-13
-2.25425e-13
-2.28083e-13
-2.47559e-13
-2.49178e-13
-2.4091e-13
-2.38015e-13
-2.35809e-13
-2.32947e-13
-2.2743e-13
-2.26563e-13
-2.24325e-13
-2.22304e-13
-2.15003e-13
-2.09525e-13
-2.16385e-13
-2.19435e-13
-2.12006e-13
-2.13754e-13
-2.11929e-13
-2.02763e-13
-1.94782e-13
-1.8806e-13
-1.8573e-13
-1.83463e-13
-1.85232e-13
-1.77443e-13
-1.79532e-13
-1.64094e-13
-1.55914e-13
-1.60718e-13
-1.51843e-13
-1.53451e-13
-1.56479e-13
-1.58195e-13
-1.54118e-13
-1.55698e-13
-1.43654e-13
-1.34872e-13
-1.21722e-13
-1.19914e-13
-1.18761e-13
-1.25395e-13
-1.31801e-13
-1.26428e-13
-1.19144e-13
-1.07287e-13
-9.85978e-14
-9.84372e-14
-9.80267e-14
-9.31421e-14
-9.44373e-14
-8.53936e-14
-7.85741e-14
-7.16201e-14
-6.50073e-14
-6.37064e-14
-5.47053e-14
-5.46234e-14
-4.52063e-14
-3.90679e-14
-3.232e-14
-3.24817e-14
-2.82673e-14
-2.11079e-14
-2.05643e-14
-2.02118e-14
-1.6326e-14
-7.344e-15
-1.76981e-13
-1.76049e-13
-1.74843e-13
-1.80669e-13
-1.83087e-13
-1.83196e-13
-1.81869e-13
-1.82776e-13
-1.86278e-13
-1.83832e-13
-1.97949e-13
-1.98866e-13
-1.98592e-13
-2.04043e-13
-2.03311e-13
-2.04192e-13
-2.07125e-13
-2.15181e-13
-2.21158e-13
-2.259e-13
-2.34065e-13
-2.40909e-13
-2.46848e-13
-2.47133e-13
-2.42462e-13
-2.3748e-13
-2.29724e-13
-2.3183e-13
-2.37235e-13
-2.4211e-13
-2.35144e-13
-2.34275e-13
-2.36994e-13
-2.39155e-13
-2.50548e-13
-2.49725e-13
-2.43996e-13
-2.3802e-13
-2.33609e-13
-2.31263e-13
-2.27127e-13
-2.27053e-13
-2.23903e-13
-2.2777e-13
-2.19684e-13
-2.10661e-13
-2.12819e-13
-2.18029e-13
-2.15243e-13
-2.13135e-13
-2.14735e-13
-2.00617e-13
-1.89201e-13
-1.9215e-13
-1.89731e-13
-1.85893e-13
-1.85855e-13
-1.81907e-13
-1.74843e-13
-1.64664e-13
-1.59725e-13
-1.57485e-13
-1.53438e-13
-1.51972e-13
-1.51651e-13
-1.4788e-13
-1.49673e-13
-1.47662e-13
-1.42517e-13
-1.38794e-13
-1.31019e-13
-1.27644e-13
-1.22895e-13
-1.25279e-13
-1.27616e-13
-1.19506e-13
-1.18873e-13
-1.13763e-13
-9.82246e-14
-9.96686e-14
-1.00836e-13
-9.75141e-14
-9.07903e-14
-8.42083e-14
-7.4649e-14
-7.14757e-14
-6.68492e-14
-6.74573e-14
-6.16564e-14
-5.30182e-14
-4.23762e-14
-3.64853e-14
-3.5073e-14
-3.0761e-14
-3.04847e-14
-2.89101e-14
-1.71771e-14
-1.44784e-14
-1.347e-14
-5.88228e-15
-1.79068e-13
-1.7399e-13
-1.79485e-13
-1.81724e-13
-1.81434e-13
-1.83301e-13
-1.84086e-13
-1.84291e-13
-1.87437e-13
-1.84097e-13
-2.01535e-13
-2.13401e-13
-2.07375e-13
-2.00496e-13
-1.97694e-13
-2.055e-13
-2.11373e-13
-2.15014e-13
-2.21737e-13
-2.24806e-13
-2.3461e-13
-2.43435e-13
-2.48441e-13
-2.45494e-13
-2.42887e-13
-2.34033e-13
-2.28488e-13
-2.31688e-13
-2.35099e-13
-2.4676e-13
-2.4645e-13
-2.36826e-13
-2.38972e-13
-2.42814e-13
-2.43491e-13
-2.43579e-13
-2.41077e-13
-2.46946e-13
-2.38764e-13
-2.25945e-13
-2.25593e-13
-2.30857e-13
-2.26029e-13
-2.21713e-13
-2.19744e-13
-2.1204e-13
-2.16051e-13
-2.13214e-13
-2.10433e-13
-2.12906e-13
-2.11405e-13
-2.04043e-13
-1.93789e-13
-1.92926e-13
-1.87558e-13
-1.83671e-13
-1.88482e-13
-1.82394e-13
-1.73566e-13
-1.6535e-13
-1.60356e-13
-1.60709e-13
-1.62481e-13
-1.58538e-13
-1.51176e-13
-1.46089e-13
-1.47936e-13
-1.39895e-13
-1.3557e-13
-1.33552e-13
-1.30315e-13
-1.30919e-13
-1.28694e-13
-1.25732e-13
-1.25022e-13
-1.16863e-13
-1.16365e-13
-1.13224e-13
-1.03075e-13
-9.90797e-14
-9.81874e-14
-9.25854e-14
-9.02883e-14
-8.13059e-14
-7.8895e-14
-7.85653e-14
-6.82336e-14
-7.04095e-14
-6.54434e-14
-4.58328e-14
-3.90355e-14
-3.89925e-14
-3.27586e-14
-2.74434e-14
-3.21822e-14
-2.5813e-14
-1.53211e-14
-1.37629e-14
-7.59949e-15
-2.79004e-15
-1.80043e-13
-1.82313e-13
-1.79195e-13
-1.77698e-13
-1.83914e-13
-1.82987e-13
-1.83804e-13
-1.83919e-13
-1.92664e-13
-1.95717e-13
-2.0244e-13
-2.02249e-13
-2.06546e-13
-2.07143e-13
-1.98819e-13
-2.03455e-13
-2.09371e-13
-2.26697e-13
-2.2402e-13
-2.42081e-13
-2.40386e-13
-2.31444e-13
-2.37424e-13
-2.39638e-13
-2.38243e-13
-2.34363e-13
-2.35349e-13
-2.35849e-13
-2.29766e-13
-2.36193e-13
-2.48134e-13
-2.46002e-13
-2.47355e-13
-2.41428e-13
-2.444e-13
-2.46229e-13
-2.41881e-13
-2.39034e-13
-2.35336e-13
-2.29217e-13
-2.26659e-13
-2.31613e-13
-2.29507e-13
-2.21236e-13
-2.22711e-13
-2.1196e-13
-2.15647e-13
-2.05363e-13
-2.09662e-13
-2.11234e-13
-2.04014e-13
-2.02166e-13
-1.97278e-13
-1.93488e-13
-1.86437e-13
-1.7939e-13
-1.83458e-13
-1.84037e-13
-1.8176e-13
-1.64777e-13
-1.59876e-13
-1.61603e-13
-1.56074e-13
-1.53845e-13
-1.49682e-13
-1.44928e-13
-1.41257e-13
-1.40472e-13
-1.37422e-13
-1.35638e-13
-1.34353e-13
-1.31801e-13
-1.27604e-13
-1.15353e-13
-1.21367e-13
-1.16934e-13
-1.14042e-13
-1.17181e-13
-1.10521e-13
-1.01167e-13
-9.66345e-14
-9.29553e-14
-8.68445e-14
-8.37273e-14
-8.01286e-14
-7.85769e-14
-6.9348e-14
-6.70234e-14
-6.12476e-14
-5.09135e-14
-4.5259e-14
-3.94803e-14
-3.32131e-14
-2.7761e-14
-2.84594e-14
-2.12699e-14
-1.56452e-14
-1.19357e-14
-5.1647e-15
-3.9714e-15
-1.83657e-13
-1.84564e-13
-1.84596e-13
-1.80777e-13
-1.80683e-13
-1.82929e-13
-1.83366e-13
-1.79864e-13
-1.93649e-13
-1.97223e-13
-2.06125e-13
-2.05404e-13
-2.08825e-13
-2.08235e-13
-2.07059e-13
-2.05815e-13
-2.11141e-13
-2.28135e-13
-2.22425e-13
-2.29145e-13
-2.42685e-13
-2.39817e-13
-2.40983e-13
-2.36177e-13
-2.39136e-13
-2.38073e-13
-2.34142e-13
-2.36342e-13
-2.39382e-13
-2.44254e-13
-2.46635e-13
-2.461e-13
-2.38488e-13
-2.38455e-13
-2.3918e-13
-2.4412e-13
-2.48496e-13
-2.40643e-13
-2.34388e-13
-2.32967e-13
-2.28705e-13
-2.28582e-13
-2.28116e-13
-2.2543e-13
-2.18763e-13
-2.08898e-13
-2.09069e-13
-2.13242e-13
-2.06111e-13
-2.08472e-13
-2.01366e-13
-2.0081e-13
-1.95254e-13
-1.93578e-13
-1.87123e-13
-1.84796e-13
-1.81025e-13
-1.8291e-13
-1.85995e-13
-1.70608e-13
-1.62598e-13
-1.57213e-13
-1.55741e-13
-1.51466e-13
-1.50623e-13
-1.44046e-13
-1.40058e-13
-1.42274e-13
-1.39539e-13
-1.3397e-13
-1.28912e-13
-1.24928e-13
-1.27664e-13
-1.19542e-13
-1.20582e-13
-1.14976e-13
-1.12244e-13
-1.0976e-13
-1.11742e-13
-1.04855e-13
-9.38698e-14
-9.3494e-14
-8.77554e-14
-8.22724e-14
-7.63551e-14
-7.48065e-14
-7.44113e-14
-7.27403e-14
-6.17926e-14
-4.82867e-14
-4.56423e-14
-3.90199e-14
-3.06703e-14
-2.70844e-14
-2.15633e-14
-2.01505e-14
-1.98562e-14
-1.2748e-14
-4.52946e-15
-4.92955e-15
-1.86777e-13
-1.86926e-13
-1.84742e-13
-1.8462e-13
-1.77606e-13
-1.81083e-13
-1.88851e-13
-1.87829e-13
-1.93973e-13
-1.98396e-13
-2.06192e-13
-2.07303e-13
-2.05501e-13
-2.03451e-13
-2.05812e-13
-2.08393e-13
-2.10076e-13
-2.22215e-13
-2.25253e-13
-2.33226e-13
-2.41755e-13
-2.40751e-13
-2.40136e-13
-2.43096e-13
-2.40774e-13
-2.38757e-13
-2.38389e-13
-2.44265e-13
-2.38168e-13
-2.40701e-13
-2.4322e-13
-2.41467e-13
-2.43703e-13
-2.41816e-13
-2.38722e-13
-2.39063e-13
-2.44483e-13
-2.35382e-13
-2.38671e-13
-2.33914e-13
-2.31761e-13
-2.33757e-13
-2.27197e-13
-2.21083e-13
-2.13688e-13
-2.16569e-13
-2.13988e-13
-2.11053e-13
-2.05336e-13
-2.02726e-13
-1.99043e-13
-1.99986e-13
-1.92624e-13
-1.91994e-13
-1.9176e-13
-1.84034e-13
-1.80478e-13
-1.79944e-13
-1.79177e-13
-1.73591e-13
-1.6995e-13
-1.60105e-13
-1.55781e-13
-1.50264e-13
-1.48049e-13
-1.39343e-13
-1.33238e-13
-1.35932e-13
-1.38613e-13
-1.34079e-13
-1.31625e-13
-1.27543e-13
-1.27523e-13
-1.18477e-13
-1.15254e-13
-1.13933e-13
-1.10134e-13
-1.1074e-13
-1.12945e-13
-1.03238e-13
-9.4453e-14
-9.28155e-14
-9.10577e-14
-8.11311e-14
-7.44514e-14
-7.08227e-14
-7.45949e-14
-6.73e-14
-6.00815e-14
-5.30681e-14
-4.50602e-14
-4.02904e-14
-3.45416e-14
-2.15157e-14
-1.80331e-14
-1.71354e-14
-1.94787e-14
-1.43509e-14
-6.52417e-15
-3.69686e-15
-1.85946e-13
-1.9077e-13
-1.81584e-13
-1.81442e-13
-1.81198e-13
-1.82592e-13
-1.84172e-13
-1.89178e-13
-1.95284e-13
-1.95397e-13
-2.01754e-13
-2.05216e-13
-2.06632e-13
-2.14365e-13
-2.15137e-13
-2.1266e-13
-2.16665e-13
-2.21581e-13
-2.18724e-13
-2.26859e-13
-2.40821e-13
-2.38713e-13
-2.41417e-13
-2.42319e-13
-2.42275e-13
-2.44659e-13
-2.39355e-13
-2.42081e-13
-2.45709e-13
-2.43571e-13
-2.44193e-13
-2.40727e-13
-2.37744e-13
-2.35829e-13
-2.38121e-13
-2.44324e-13
-2.45633e-13
-2.42414e-13
-2.36782e-13
-2.28768e-13
-2.28856e-13
-2.28492e-13
-2.26893e-13
-2.22569e-13
-2.17941e-13
-2.18444e-13
-2.11579e-13
-2.06793e-13
-2.04047e-13
-2.04429e-13
-2.04584e-13
-1.97426e-13
-1.9163e-13
-1.92647e-13
-1.88109e-13
-1.87076e-13
-1.83499e-13
-1.87273e-13
-1.86942e-13
-1.71279e-13
-1.62347e-13
-1.60331e-13
-1.51093e-13
-1.47976e-13
-1.42551e-13
-1.35277e-13
-1.40629e-13
-1.40493e-13
-1.36253e-13
-1.31158e-13
-1.30768e-13
-1.27116e-13
-1.26202e-13
-1.20922e-13
-1.14517e-13
-1.14434e-13
-1.12041e-13
-1.13031e-13
-1.10966e-13
-1.03721e-13
-9.23141e-14
-8.75688e-14
-8.65563e-14
-8.12642e-14
-7.47038e-14
-7.36412e-14
-6.9272e-14
-6.80339e-14
-5.93356e-14
-5.14306e-14
-4.14505e-14
-4.3784e-14
-3.76451e-14
-2.68044e-14
-2.1578e-14
-1.55521e-14
-1.437e-14
-1.36688e-14
-7.3574e-15
-4.92577e-15
-1.86364e-13
-1.89613e-13
-1.85671e-13
-1.81223e-13
-1.8238e-13
-1.83033e-13
-1.85561e-13
-1.90235e-13
-1.96829e-13
-1.93465e-13
-2.02822e-13
-2.07242e-13
-2.08101e-13
-2.11703e-13
-2.09104e-13
-2.15523e-13
-2.13211e-13
-2.2048e-13
-2.28919e-13
-2.40151e-13
-2.39094e-13
-2.36694e-13
-2.42988e-13
-2.48114e-13
-2.47573e-13
-2.42121e-13
-2.37904e-13
-2.3712e-13
-2.5042e-13
-2.42517e-13
-2.40241e-13
-2.44884e-13
-2.41746e-13
-2.3745e-13
-2.38249e-13
-2.37405e-13
-2.39993e-13
-2.41357e-13
-2.38801e-13
-2.34624e-13
-2.31571e-13
-2.28132e-13
-2.30592e-13
-2.22669e-13
-2.15233e-13
-2.13252e-13
-2.15658e-13
-2.05794e-13
-2.01928e-13
-2.03678e-13
-2.0476e-13
-1.94799e-13
-1.89471e-13
-1.90721e-13
-1.89024e-13
-1.8601e-13
-1.84577e-13
-1.88535e-13
-1.85867e-13
-1.76209e-13
-1.6837e-13
-1.58378e-13
-1.46721e-13
-1.41423e-13
-1.34525e-13
-1.39155e-13
-1.44383e-13
-1.47776e-13
-1.3311e-13
-1.25032e-13
-1.25056e-13
-1.24132e-13
-1.25677e-13
-1.18772e-13
-1.17985e-13
-1.12699e-13
-1.12418e-13
-1.11411e-13
-1.11811e-13
-1.06335e-13
-9.40416e-14
-8.71438e-14
-8.10323e-14
-7.59296e-14
-7.56195e-14
-7.66378e-14
-7.00728e-14
-6.13152e-14
-5.57711e-14
-5.37427e-14
-4.68423e-14
-4.24526e-14
-4.05786e-14
-2.83218e-14
-2.47156e-14
-1.54022e-14
-1.80905e-14
-1.69321e-14
-1.26235e-14
-6.29075e-15
-1.88888e-13
-1.87187e-13
-1.80237e-13
-1.84902e-13
-1.86212e-13
-1.82466e-13
-1.84442e-13
-1.9241e-13
-1.95378e-13
-1.97157e-13
-2.00754e-13
-2.10765e-13
-2.08236e-13
-2.08934e-13
-2.12749e-13
-2.18527e-13
-2.30444e-13
-2.22637e-13
-2.22439e-13
-2.27475e-13
-2.36074e-13
-2.41363e-13
-2.44304e-13
-2.44786e-13
-2.42546e-13
-2.41408e-13
-2.43168e-13
-2.39883e-13
-2.49771e-13
-2.44717e-13
-2.38933e-13
-2.39938e-13
-2.41703e-13
-2.36062e-13
-2.40126e-13
-2.43781e-13
-2.41452e-13
-2.36784e-13
-2.34122e-13
-2.26908e-13
-2.33719e-13
-2.33731e-13
-2.34423e-13
-2.25836e-13
-2.13578e-13
-2.13043e-13
-2.12991e-13
-2.06094e-13
-1.97881e-13
-2.00787e-13
-1.97325e-13
-1.97907e-13
-1.89664e-13
-1.874e-13
-1.93372e-13
-1.96534e-13
-1.92778e-13
-1.85196e-13
-1.76207e-13
-1.66704e-13
-1.61853e-13
-1.6248e-13
-1.57349e-13
-1.46264e-13
-1.37307e-13
-1.34408e-13
-1.30097e-13
-1.34644e-13
-1.33371e-13
-1.27653e-13
-1.28142e-13
-1.23484e-13
-1.24897e-13
-1.21249e-13
-1.20719e-13
-1.1303e-13
-1.09236e-13
-1.11657e-13
-1.06906e-13
-1.06227e-13
-9.50953e-14
-8.66093e-14
-8.3207e-14
-8.04911e-14
-7.63884e-14
-6.85928e-14
-6.39104e-14
-6.1294e-14
-5.46991e-14
-5.41764e-14
-4.71013e-14
-4.31493e-14
-3.90276e-14
-3.53454e-14
-2.58467e-14
-1.78859e-14
-1.57138e-14
-1.20451e-14
-1.02651e-14
-7.14864e-15
-1.92338e-13
-1.8651e-13
-1.85826e-13
-1.83486e-13
-1.78975e-13
-1.84162e-13
-1.82408e-13
-1.91023e-13
-1.94244e-13
-1.94162e-13
-2.04373e-13
-2.15849e-13
-2.10239e-13
-2.06515e-13
-2.09489e-13
-2.18742e-13
-2.21041e-13
-2.21548e-13
-2.25383e-13
-2.34108e-13
-2.37416e-13
-2.46832e-13
-2.47555e-13
-2.47072e-13
-2.46629e-13
-2.37157e-13
-2.43124e-13
-2.42149e-13
-2.43567e-13
-2.44419e-13
-2.43244e-13
-2.41761e-13
-2.39296e-13
-2.39887e-13
-2.38706e-13
-2.37467e-13
-2.35789e-13
-2.37087e-13
-2.38003e-13
-2.28039e-13
-2.34571e-13
-2.34513e-13
-2.27381e-13
-2.26019e-13
-2.17813e-13
-2.10708e-13
-2.11246e-13
-2.04021e-13
-2.01199e-13
-2.02347e-13
-2.01141e-13
-1.95044e-13
-1.89854e-13
-1.90345e-13
-1.89045e-13
-1.89491e-13
-1.89239e-13
-1.85577e-13
-1.76121e-13
-1.71697e-13
-1.63966e-13
-1.59996e-13
-1.55805e-13
-1.45838e-13
-1.35811e-13
-1.34948e-13
-1.31755e-13
-1.33346e-13
-1.30015e-13
-1.26048e-13
-1.26393e-13
-1.27229e-13
-1.23354e-13
-1.15517e-13
-1.17712e-13
-1.15577e-13
-1.09467e-13
-1.09886e-13
-1.12241e-13
-1.05941e-13
-9.69548e-14
-8.12487e-14
-7.6158e-14
-7.87924e-14
-7.9077e-14
-7.41725e-14
-7.07811e-14
-6.04544e-14
-5.51866e-14
-5.49949e-14
-4.81818e-14
-4.09077e-14
-3.90076e-14
-3.75647e-14
-3.0188e-14
-1.82188e-14
-1.6083e-14
-8.85199e-15
-8.31649e-15
-6.30489e-15
-1.95082e-13
-1.85885e-13
-1.89756e-13
-1.86721e-13
-1.75491e-13
-1.79084e-13
-1.80371e-13
-1.84979e-13
-1.92586e-13
-1.97125e-13
-2.07143e-13
-2.15197e-13
-2.07868e-13
-2.10332e-13
-2.12769e-13
-2.2127e-13
-2.27359e-13
-2.23869e-13
-2.17583e-13
-2.25224e-13
-2.44786e-13
-2.49627e-13
-2.45461e-13
-2.44511e-13
-2.45911e-13
-2.38896e-13
-2.42185e-13
-2.43738e-13
-2.41141e-13
-2.41147e-13
-2.42188e-13
-2.34187e-13
-2.4053e-13
-2.42067e-13
-2.40546e-13
-2.35341e-13
-2.33291e-13
-2.33711e-13
-2.34974e-13
-2.30636e-13
-2.31101e-13
-2.32237e-13
-2.29165e-13
-2.29392e-13
-2.14593e-13
-2.08015e-13
-2.10635e-13
-2.05037e-13
-2.01318e-13
-1.9782e-13
-2.00123e-13
-1.93456e-13
-1.90941e-13
-1.97524e-13
-1.8903e-13
-1.87595e-13
-1.89742e-13
-1.78643e-13
-1.75983e-13
-1.73068e-13
-1.65601e-13
-1.68248e-13
-1.57803e-13
-1.43965e-13
-1.4084e-13
-1.32839e-13
-1.28027e-13
-1.30497e-13
-1.27696e-13
-1.20605e-13
-1.31799e-13
-1.31726e-13
-1.25795e-13
-1.17289e-13
-1.19147e-13
-1.1657e-13
-1.08741e-13
-1.06657e-13
-1.12776e-13
-1.05708e-13
-9.82107e-14
-7.88598e-14
-8.34429e-14
-8.02349e-14
-7.96946e-14
-7.32084e-14
-6.4939e-14
-6.00411e-14
-5.43789e-14
-5.43111e-14
-4.58905e-14
-4.03204e-14
-4.07522e-14
-3.73224e-14
-3.34444e-14
-2.14129e-14
-1.52886e-14
-7.69535e-15
-5.05095e-15
-3.44763e-15
)
;

boundaryField
{
    inlet
    {
        type            zeroGradient;
    }
    outlet
    {
        type            fixedValue;
        value           uniform 0;
    }
    down
    {
        type            empty;
    }
    up
    {
        type            empty;
    }
    sides
    {
        type            zeroGradient;
    }
}

