/*--------------------------------*- C++ -*----------------------------------*\
| =========                 |                                                 |
| \\      /  F ield         | OpenFOAM: The Open Source CFD Toolbox           |
|  \\    /   O peration     | Version:  v2012                                 |
|   \\  /    A nd           | Website:  www.openfoam.com                      |
|    \\/     M anipulation  |                                                 |
\*---------------------------------------------------------------------------*/
FoamFile
{
    version     2.0;
    format      ascii;
    class       volVectorField;
    location    "0";
    object      U;
}
// * * * * * * * * * * * * * * * * * * * * * * * * * * * * * * * * * * * * * //

dimensions      [0 1 -1 0 0 0 0];


internalField   nonuniform List<vector> 
4000
(
(1 -2.97409e-15 0)
(1 7.20094e-15 0)
(1 -5.39399e-15 0)
(1 7.04362e-15 0)
(1 -1.29286e-15 0)
(1 -3.03658e-15 0)
(1 5.19962e-15 0)
(1 -2.78691e-15 0)
(1 -1.28387e-15 0)
(1 -1.24498e-15 0)
(1 1.37443e-15 0)
(1 4.03188e-15 0)
(1 2.80136e-15 0)
(1 -1.68064e-16 0)
(1 6.52808e-15 0)
(1 -3.42981e-15 0)
(1 -3.50638e-15 0)
(1 -5.40387e-15 0)
(1 -1.14229e-15 0)
(1 -2.12404e-15 0)
(1 -2.09927e-15 0)
(1 -9.64534e-15 0)
(1 -1.41653e-15 0)
(1 -4.06123e-15 0)
(1 6.77186e-15 0)
(1 -2.82975e-15 0)
(1 6.50869e-15 0)
(1 1.43394e-15 0)
(1 4.34407e-15 0)
(1 6.65567e-15 0)
(1 3.98633e-15 0)
(1 -1.69668e-15 0)
(1 -5.76241e-15 0)
(1 -3.63121e-15 0)
(1 1.92891e-16 0)
(1 2.34513e-15 0)
(1 9.32528e-15 0)
(1 4.65989e-15 0)
(1 2.14626e-15 0)
(1 -2.02648e-15 0)
(1 -4.61109e-15 0)
(1 -6.1655e-15 0)
(1 -1.71422e-15 0)
(1 4.23383e-15 0)
(1 2.38341e-15 0)
(1 -1.67377e-15 0)
(1 3.32895e-15 0)
(1 -2.48172e-15 0)
(1 -4.78297e-15 0)
(1 1.47885e-16 0)
(1 -1.46423e-15 0)
(1 7.80111e-15 0)
(1 -3.34549e-16 0)
(1 2.37571e-15 0)
(1 -7.22248e-16 0)
(1 -6.06771e-15 0)
(1 -1.27352e-15 0)
(1 1.19089e-15 0)
(1 5.33744e-15 0)
(1 3.82333e-15 0)
(1 3.84842e-15 0)
(1 8.19914e-16 0)
(1 3.31143e-15 0)
(1 -2.08426e-15 0)
(1 -9.30467e-16 0)
(1 2.69307e-16 0)
(1 -3.94822e-16 0)
(1 8.28754e-16 0)
(1 -3.07767e-15 0)
(1 3.25167e-16 0)
(1 -5.36234e-15 0)
(1 -1.08173e-15 0)
(1 5.25887e-16 0)
(1 -1.1733e-15 0)
(1 -6.67068e-15 0)
(1 -3.30427e-15 0)
(1 -2.62826e-15 0)
(1 9.72147e-16 0)
(1 1.35933e-15 0)
(1 2.67073e-15 0)
(1 5.19594e-15 0)
(1 5.98786e-16 0)
(1 1.29429e-15 0)
(1 -7.14162e-16 0)
(1 -3.7576e-15 0)
(1 -7.12619e-16 0)
(1 -4.58156e-15 0)
(1 3.43069e-16 0)
(1 6.26241e-15 0)
(1 2.39231e-15 0)
(1 -3.14834e-16 0)
(1 1.95955e-16 0)
(1 -4.35941e-15 0)
(1 3.01784e-16 0)
(1 -2.85052e-15 0)
(1 -5.4641e-15 0)
(1 -1.34229e-15 0)
(1 -4.31755e-16 0)
(1 1.19511e-15 0)
(1 1.80563e-16 0)
(1 1.18953e-15 0)
(1 2.43311e-15 0)
(1 -4.36409e-15 0)
(1 7.56147e-15 0)
(1 -1.02553e-15 0)
(1 -5.89507e-15 0)
(1 7.30919e-15 0)
(1 -4.8421e-15 0)
(1 -3.32673e-16 0)
(1 -2.8754e-15 0)
(1 -1.37237e-15 0)
(1 4.41376e-15 0)
(1 9.96086e-15 0)
(1 7.76593e-15 0)
(1 5.72075e-15 0)
(1 -5.48897e-15 0)
(1 -5.76711e-15 0)
(1 -8.84675e-15 0)
(1 -3.02261e-15 0)
(1 -3.59706e-15 0)
(1 -2.08302e-15 0)
(1 -1.19397e-14 0)
(1 -2.7134e-15 0)
(1 -9.50837e-15 0)
(1 8.49865e-15 0)
(1 -3.53576e-15 0)
(1 8.92992e-15 0)
(1 1.2465e-15 0)
(1 4.76194e-15 0)
(1 5.82234e-15 0)
(1 6.73469e-15 0)
(1 4.18738e-16 0)
(1 -6.96961e-15 0)
(1 -1.61583e-15 0)
(1 -7.95902e-16 0)
(1 3.12526e-15 0)
(1 7.11114e-15 0)
(1 7.78574e-15 0)
(1 9.71854e-16 0)
(1 -6.06874e-15 0)
(1 -9.73985e-15 0)
(1 -8.40964e-15 0)
(1 -2.75904e-15 0)
(1 2.54578e-15 0)
(1 3.4583e-15 0)
(1 -4.44783e-15 0)
(1 3.17269e-15 0)
(1 8.657e-16 0)
(1 2.92582e-15 0)
(1 -5.85434e-15 0)
(1 -6.85537e-15 0)
(1 1.27897e-15 0)
(1 1.3003e-15 0)
(1 2.45261e-15 0)
(1 1.07537e-15 0)
(1 7.57949e-16 0)
(1 2.58517e-15 0)
(1 5.23951e-15 0)
(1 1.79435e-15 0)
(1 2.10185e-15 0)
(1 -6.46768e-15 0)
(1 -1.57622e-15 0)
(1 3.18701e-15 0)
(1 1.76207e-15 0)
(1 3.48513e-15 0)
(1 1.40069e-15 0)
(1 -4.10959e-15 0)
(1 -2.4931e-15 0)
(1 -5.00408e-15 0)
(1 -1.96388e-15 0)
(1 -2.76394e-15 0)
(1 1.93771e-16 0)
(1 6.11992e-15 0)
(1 1.38158e-15 0)
(1 -3.21505e-17 0)
(1 -4.33176e-15 0)
(1 1.71508e-15 0)
(1 3.18599e-15 0)
(1 3.66936e-15 0)
(1 3.42733e-15 0)
(1 4.39217e-15 0)
(1 -2.68227e-15 0)
(1 1.80001e-15 0)
(1 1.846e-15 0)
(1 2.14206e-15 0)
(1 5.23384e-16 0)
(1 -2.88497e-15 0)
(1 -2.6208e-15 0)
(1 -1.75632e-16 0)
(1 1.26653e-16 0)
(1 1.50055e-15 0)
(1 1.65764e-15 0)
(1 -4.00116e-15 0)
(1 2.52019e-16 0)
(1 -6.03309e-15 0)
(1 -3.07199e-15 0)
(1 -1.79219e-15 0)
(1 3.01284e-15 0)
(1 -3.81409e-15 0)
(1 -4.09067e-15 0)
(1 2.57819e-15 0)
(1 -7.29521e-15 0)
(1 -6.07823e-16 0)
(1 -5.89143e-15 0)
(1 4.17763e-15 0)
(1 1.01541e-15 0)
(1 8.49511e-15 0)
(1 4.17465e-15 0)
(1 -1.65908e-15 0)
(1 -2.27911e-15 0)
(1 -3.7369e-16 0)
(1 5.21544e-15 0)
(1 6.75706e-15 0)
(1 1.23084e-14 0)
(1 -1.53721e-15 0)
(1 -1.07415e-15 0)
(1 -2.74439e-15 0)
(1 -9.1969e-16 0)
(1 -1.27876e-15 0)
(1 -1.08238e-15 0)
(1 -4.6536e-16 0)
(1 -1.78253e-15 0)
(1 -9.98824e-15 0)
(1 -1.02672e-14 0)
(1 -9.75786e-16 0)
(1 7.10534e-15 0)
(1 1.02949e-14 0)
(1 8.68918e-15 0)
(1 1.19506e-14 0)
(1 1.05369e-14 0)
(1 1.07752e-14 0)
(1 4.80106e-16 0)
(1 -8.32234e-16 0)
(1 -5.56351e-15 0)
(1 -4.32859e-15 0)
(1 -3.15734e-15 0)
(1 -3.48742e-15 0)
(1 5.64908e-15 0)
(1 -1.13878e-15 0)
(1 -5.5006e-15 0)
(1 -4.17229e-15 0)
(1 -4.57491e-15 0)
(1 -8.14837e-15 0)
(1 -5.36805e-15 0)
(1 -7.96477e-16 0)
(1 -1.05665e-15 0)
(1 1.18739e-15 0)
(1 4.31407e-15 0)
(1 -1.15268e-15 0)
(1 -2.04354e-15 0)
(1 -1.20074e-16 0)
(1 -4.48159e-16 0)
(1 3.45404e-15 0)
(1 -1.78587e-15 0)
(1 3.94246e-15 0)
(1 8.96604e-15 0)
(1 3.78156e-15 0)
(1 2.47559e-15 0)
(1 -2.62578e-15 0)
(1 -5.04519e-15 0)
(1 -6.69325e-15 0)
(1 2.5516e-15 0)
(1 3.9961e-15 0)
(1 -3.095e-16 0)
(1 5.26982e-15 0)
(1 2.09417e-15 0)
(1 -2.73875e-15 0)
(1 -4.33468e-15 0)
(1 -5.49813e-16 0)
(1 -1.97624e-15 0)
(1 -2.43706e-17 0)
(1 9.82366e-17 0)
(1 -9.6738e-16 0)
(1 5.79001e-17 0)
(1 -2.81107e-16 0)
(1 -6.60665e-16 0)
(1 -2.19918e-16 0)
(1 1.07807e-15 0)
(1 -1.0738e-16 0)
(1 4.38221e-15 0)
(1 -2.16629e-15 0)
(1 -4.09244e-15 0)
(1 -7.00117e-16 0)
(1 -2.83935e-15 0)
(1 4.5893e-15 0)
(1 -1.60933e-16 0)
(1 9.78146e-16 0)
(1 -2.79138e-15 0)
(1 -5.42984e-15 0)
(1 -2.2573e-15 0)
(1 8.92896e-16 0)
(1 1.54924e-15 0)
(1 -1.54303e-15 0)
(1 -2.75871e-16 0)
(1 -3.3733e-15 0)
(1 -3.01638e-15 0)
(1 -3.06579e-15 0)
(1 -1.60816e-15 0)
(1 -3.95934e-15 0)
(1 -2.00441e-15 0)
(1 3.15626e-15 0)
(1 -6.76006e-15 0)
(1 -2.89163e-15 0)
(1 -1.07961e-14 0)
(1 6.15161e-15 0)
(1 -5.80486e-16 0)
(1 7.73215e-15 0)
(1 3.91461e-15 0)
(1 -2.6562e-15 0)
(1 4.60485e-16 0)
(1 6.0183e-15 0)
(1 1.27784e-14 0)
(1 5.69426e-15 0)
(1 5.15876e-15 0)
(1 3.83741e-15 0)
(1 -4.39665e-16 0)
(1 -1.71529e-19 0)
(1 -6.85667e-15 0)
(1 -1.38058e-14 0)
(1 5.65895e-16 0)
(1 7.6805e-16 0)
(1 2.90304e-15 0)
(1 -2.97462e-15 0)
(1 1.55012e-15 0)
(1 3.74769e-15 0)
(1 3.83789e-15 0)
(1 8.38294e-15 0)
(1 1.02746e-14 0)
(1 1.00095e-14 0)
(1 9.80407e-15 0)
(1 7.07831e-15 0)
(1 1.79052e-15 0)
(1 1.57249e-15 0)
(1 -4.78136e-16 0)
(1 2.04288e-16 0)
(1 -4.77802e-15 0)
(1 -3.57882e-15 0)
(1 -4.69661e-15 0)
(1 -1.47567e-15 0)
(1 3.687e-15 0)
(1 4.49447e-15 0)
(1 -4.61366e-15 0)
(1 -8.79854e-15 0)
(1 -6.02717e-15 0)
(1 -3.314e-15 0)
(1 5.0421e-15 0)
(1 5.56415e-15 0)
(1 2.95737e-15 0)
(1 -3.1063e-15 0)
(1 4.97384e-15 0)
(1 4.81083e-15 0)
(1 -5.04778e-17 0)
(1 -5.85482e-15 0)
(1 -6.48451e-15 0)
(1 7.01916e-16 0)
(1 1.51588e-15 0)
(1 1.12832e-15 0)
(1 -4.25554e-16 0)
(1 -4.70447e-15 0)
(1 -1.55227e-15 0)
(1 3.51343e-15 0)
(1 4.83793e-15 0)
(1 3.47653e-15 0)
(1 4.9086e-15 0)
(1 1.37012e-15 0)
(1 2.87573e-16 0)
(1 -4.36448e-15 0)
(1 -4.1168e-15 0)
(1 -4.35319e-15 0)
(1 -2.51046e-15 0)
(1 -2.9231e-15 0)
(1 1.77664e-15 0)
(1 -2.6939e-15 0)
(1 -7.50936e-16 0)
(1 -1.94701e-17 0)
(1 -4.00149e-15 0)
(1 1.94219e-15 0)
(1 -4.20364e-15 0)
(1 4.16575e-15 0)
(1 5.75713e-15 0)
(1 2.23247e-16 0)
(1 3.11479e-15 0)
(1 -1.50029e-15 0)
(1 -1.20828e-15 0)
(1 -1.52241e-15 0)
(1 -1.42776e-16 0)
(1 5.18603e-15 0)
(1 1.48156e-15 0)
(1 2.97266e-15 0)
(1 -2.65868e-16 0)
(1 -2.34003e-15 0)
(1 -3.92882e-16 0)
(1 -9.79616e-16 0)
(1 1.47367e-15 0)
(1 -6.50472e-16 0)
(1 -8.7227e-15 0)
(1 -7.51653e-15 0)
(1 -5.39855e-15 0)
(1 -5.27894e-15 0)
(1 -1.42171e-15 0)
(1 2.92615e-15 0)
(1 -1.09563e-15 0)
(1 -7.62971e-15 0)
(1 -8.08022e-16 0)
(1 2.26344e-15 0)
(1 4.51144e-16 0)
(1 1.09887e-15 0)
(1 2.4446e-16 0)
(1 -1.64592e-15 0)
(1 -3.87144e-15 0)
(1 5.66904e-15 0)
(1 7.5875e-16 0)
(1 6.13055e-15 0)
(1 -1.59143e-15 0)
(1 1.16415e-14 0)
(1 2.92544e-15 0)
(1 4.71495e-15 0)
(1 -8.79063e-15 0)
(1 -9.88821e-15 0)
(1 -1.0185e-14 0)
(1 -3.04222e-15 0)
(1 -3.39491e-15 0)
(1 4.9325e-15 0)
(1 1.07244e-14 0)
(1 1.37405e-14 0)
(1 5.08217e-15 0)
(1 8.01904e-15 0)
(1 9.54764e-15 0)
(1 9.09728e-15 0)
(1 3.32504e-15 0)
(1 6.86052e-15 0)
(1 5.2081e-15 0)
(1 2.18663e-15 0)
(1 5.12485e-16 0)
(1 -4.96086e-15 0)
(1 -1.129e-14 0)
(1 -6.03739e-15 0)
(1 -8.40315e-15 0)
(1 -5.48732e-15 0)
(1 -5.33519e-17 0)
(1 -3.00277e-15 0)
(1 -4.86538e-15 0)
(1 -2.9199e-15 0)
(1 -3.00508e-15 0)
(1 -2.00388e-15 0)
(1 2.61634e-16 0)
(1 3.56373e-15 0)
(1 3.09864e-15 0)
(1 4.82629e-15 0)
(1 6.37267e-15 0)
(1 -1.31566e-15 0)
(1 -4.16779e-15 0)
(1 -5.13369e-15 0)
(1 -1.01311e-16 0)
(1 4.54591e-15 0)
(1 7.61943e-15 0)
(1 5.25124e-15 0)
(1 4.02203e-16 0)
(1 -2.35214e-15 0)
(1 -3.96227e-15 0)
(1 -7.02159e-16 0)
(1 -6.03818e-16 0)
(1 3.06141e-15 0)
(1 6.32606e-15 0)
(1 1.33524e-15 0)
(1 -1.5051e-15 0)
(1 -1.73404e-15 0)
(1 -2.60238e-15 0)
(1 -1.62853e-15 0)
(1 -3.43453e-16 0)
(1 6.99117e-16 0)
(1 5.24306e-16 0)
(1 4.20264e-15 0)
(1 -1.45033e-15 0)
(1 2.88497e-15 0)
(1 -9.41921e-16 0)
(1 7.0182e-15 0)
(1 6.40996e-16 0)
(1 8.89509e-15 0)
(1 4.26692e-15 0)
(1 1.89016e-15 0)
(1 -1.60489e-15 0)
(1 -5.3504e-16 0)
(1 3.98365e-15 0)
(1 -6.27131e-16 0)
(1 2.71708e-15 0)
(1 1.98731e-15 0)
(1 -7.3503e-16 0)
(1 -1.54528e-15 0)
(1 -6.83578e-15 0)
(1 -2.35251e-15 0)
(1 -1.89863e-15 0)
(1 -7.76665e-16 0)
(1 3.9507e-16 0)
(1 -2.60901e-15 0)
(1 -4.00405e-15 0)
(1 -3.40948e-15 0)
(1 -1.57144e-15 0)
(1 -6.05597e-15 0)
(1 -1.24162e-15 0)
(1 -2.52825e-15 0)
(1 -2.30218e-15 0)
(1 -5.4333e-15 0)
(1 3.11273e-15 0)
(1 -3.66383e-15 0)
(1 6.67846e-15 0)
(1 -6.18777e-15 0)
(1 -4.23336e-15 0)
(1 1.31943e-15 0)
(1 1.47483e-15 0)
(1 1.02654e-14 0)
(1 -2.02085e-15 0)
(1 3.43211e-16 0)
(1 1.2856e-15 0)
(1 4.89081e-15 0)
(1 4.89722e-15 0)
(1 3.85134e-15 0)
(1 1.26957e-16 0)
(1 2.89865e-15 0)
(1 -3.75041e-15 0)
(1 3.31434e-15 0)
(1 -3.55603e-15 0)
(1 2.18859e-15 0)
(1 4.05848e-15 0)
(1 3.48098e-15 0)
(1 1.41735e-15 0)
(1 4.80662e-15 0)
(1 1.34567e-14 0)
(1 1.00198e-14 0)
(1 1.50192e-14 0)
(1 2.61669e-15 0)
(1 1.25465e-15 0)
(1 -6.26319e-15 0)
(1 -4.9959e-15 0)
(1 -2.40712e-15 0)
(1 2.27802e-15 0)
(1 9.60631e-16 0)
(1 1.61926e-15 0)
(1 -4.69899e-15 0)
(1 -6.35608e-15 0)
(1 -3.96485e-15 0)
(1 -1.25663e-15 0)
(1 5.10665e-15 0)
(1 5.01222e-15 0)
(1 -1.20556e-16 0)
(1 -4.67416e-15 0)
(1 -6.61378e-15 0)
(1 -4.70701e-15 0)
(1 4.02006e-15 0)
(1 7.49064e-15 0)
(1 7.40571e-16 0)
(1 3.09295e-16 0)
(1 -8.5984e-16 0)
(1 -1.43947e-15 0)
(1 4.87522e-15 0)
(1 5.41958e-15 0)
(1 1.78539e-15 0)
(1 -7.17205e-16 0)
(1 8.17627e-15 0)
(1 2.5528e-15 0)
(1 6.2936e-15 0)
(1 -3.82005e-16 0)
(1 -7.25764e-17 0)
(1 -3.46349e-15 0)
(1 1.98672e-15 0)
(1 3.81302e-15 0)
(1 7.3291e-15 0)
(1 8.45465e-15 0)
(1 1.29042e-14 0)
(1 1.19978e-14 0)
(1 4.19765e-15 0)
(1 -5.60281e-15 0)
(1 -8.0722e-16 0)
(1 -2.08169e-15 0)
(1 -5.96578e-15 0)
(1 -5.09713e-15 0)
(1 -7.04811e-15 0)
(1 1.76597e-15 0)
(1 5.12526e-15 0)
(1 1.22816e-14 0)
(1 5.0532e-15 0)
(1 2.37358e-15 0)
(1 4.4561e-15 0)
(1 2.47638e-16 0)
(1 -2.88732e-15 0)
(1 -1.4385e-15 0)
(1 -1.94661e-15 0)
(1 -2.72161e-15 0)
(1 -5.96234e-15 0)
(1 -2.10389e-15 0)
(1 -2.46274e-15 0)
(1 -5.41033e-16 0)
(1 -3.88938e-15 0)
(1 -1.73642e-15 0)
(1 -4.48166e-16 0)
(1 -9.02992e-16 0)
(1 3.39477e-15 0)
(1 1.73727e-15 0)
(1 5.81375e-15 0)
(1 6.90512e-15 0)
(1 -4.59332e-15 0)
(1 -2.08246e-15 0)
(1 -8.43749e-16 0)
(1 8.22795e-15 0)
(1 -2.12997e-15 0)
(1 -3.13457e-15 0)
(1 -1.37858e-14 0)
(1 -9.17208e-15 0)
(1 5.8165e-16 0)
(1 3.66392e-15 0)
(1 1.40164e-14 0)
(1 -1.55269e-15 0)
(1 1.46714e-15 0)
(1 9.74176e-16 0)
(1 3.462e-15 0)
(1 3.34198e-15 0)
(1 1.0188e-14 0)
(1 4.34354e-15 0)
(1 4.04441e-15 0)
(1 1.18839e-14 0)
(1 6.51754e-15 0)
(1 -1.99741e-15 0)
(1 1.76572e-15 0)
(1 -5.60651e-15 0)
(1 -9.22821e-15 0)
(1 -2.0046e-15 0)
(1 -2.27955e-15 0)
(1 1.01471e-14 0)
(1 8.35369e-15 0)
(1 1.24106e-14 0)
(1 1.12447e-14 0)
(1 2.38998e-15 0)
(1 -6.39567e-15 0)
(1 -7.57217e-15 0)
(1 5.72535e-16 0)
(1 7.11573e-15 0)
(1 2.45025e-15 0)
(1 -1.09762e-16 0)
(1 -1.10792e-15 0)
(1 -5.42664e-15 0)
(1 -2.53828e-15 0)
(1 -2.6573e-15 0)
(1 9.2737e-15 0)
(1 4.7584e-15 0)
(1 -1.14806e-15 0)
(1 -3.70082e-15 0)
(1 -1.10706e-14 0)
(1 -6.6524e-15 0)
(1 1.13904e-14 0)
(1 8.81506e-15 0)
(1 4.79761e-15 0)
(1 2.51253e-16 0)
(1 4.85715e-16 0)
(1 -2.63721e-15 0)
(1 -2.25216e-15 0)
(1 3.62268e-15 0)
(1 1.41419e-15 0)
(1 -8.41248e-16 0)
(1 -8.46405e-16 0)
(1 4.4088e-15 0)
(1 4.93112e-15 0)
(1 6.77269e-15 0)
(1 2.07962e-15 0)
(1 2.64758e-16 0)
(1 -1.67583e-15 0)
(1 -8.84902e-18 0)
(1 -5.9009e-16 0)
(1 5.47232e-15 0)
(1 3.69844e-15 0)
(1 8.72541e-16 0)
(1 2.00265e-15 0)
(1 -2.21245e-15 0)
(1 -2.69697e-15 0)
(1 1.71328e-15 0)
(1 5.47413e-15 0)
(1 1.67972e-15 0)
(1 -1.08754e-15 0)
(1 4.06443e-15 0)
(1 5.16912e-15 0)
(1 8.08561e-15 0)
(1 7.10311e-15 0)
(1 4.09798e-15 0)
(1 4.01321e-15 0)
(1 2.40375e-15 0)
(1 9.01427e-16 0)
(1 2.06327e-16 0)
(1 2.45369e-15 0)
(1 1.00982e-15 0)
(1 2.58589e-15 0)
(1 5.22334e-15 0)
(1 3.82942e-16 0)
(1 4.08242e-15 0)
(1 1.26717e-15 0)
(1 -5.22674e-16 0)
(1 2.53024e-15 0)
(1 2.80087e-15 0)
(1 3.10031e-15 0)
(1 4.09041e-15 0)
(1 5.92039e-15 0)
(1 7.16764e-15 0)
(1 -7.44328e-15 0)
(1 5.25698e-15 0)
(1 -2.73402e-15 0)
(1 6.09592e-15 0)
(1 2.58782e-16 0)
(1 -5.31952e-15 0)
(1 -3.53933e-15 0)
(1 -6.83903e-15 0)
(1 -1.64855e-15 0)
(1 -1.39943e-15 0)
(1 -2.15685e-15 0)
(1 -7.75824e-15 0)
(1 4.75935e-15 0)
(1 4.06718e-15 0)
(1 9.40065e-15 0)
(1 7.95668e-15 0)
(1 5.38827e-15 0)
(1 6.87541e-15 0)
(1 9.59149e-15 0)
(1 5.51701e-15 0)
(1 -6.67438e-15 0)
(1 -9.16324e-15 0)
(1 -8.03418e-15 0)
(1 3.63109e-16 0)
(1 -2.44439e-15 0)
(1 1.17163e-14 0)
(1 4.14947e-15 0)
(1 1.01141e-14 0)
(1 -6.15952e-16 0)
(1 -5.50745e-15 0)
(1 5.38215e-15 0)
(1 2.56483e-15 0)
(1 7.3026e-16 0)
(1 1.24919e-15 0)
(1 1.1026e-15 0)
(1 -1.75391e-15 0)
(1 1.42128e-15 0)
(1 1.77422e-16 0)
(1 3.37022e-15 0)
(1 -6.26853e-15 0)
(1 -6.17132e-15 0)
(1 -4.1018e-15 0)
(1 5.54142e-15 0)
(1 3.90733e-15 0)
(1 6.66099e-15 0)
(1 4.89149e-15 0)
(1 -2.45021e-15 0)
(1 4.59911e-15 0)
(1 -1.95955e-15 0)
(1 6.49062e-16 0)
(1 -1.80726e-15 0)
(1 2.34717e-15 0)
(1 5.07512e-15 0)
(1 6.04617e-15 0)
(1 2.42871e-15 0)
(1 2.03025e-15 0)
(1 6.18978e-15 0)
(1 -1.32128e-15 0)
(1 -1.40417e-15 0)
(1 -3.23169e-15 0)
(1 3.79101e-15 0)
(1 7.22262e-15 0)
(1 8.89087e-15 0)
(1 1.20317e-15 0)
(1 3.41406e-15 0)
(1 4.97724e-15 0)
(1 6.66991e-15 0)
(1 1.85061e-15 0)
(1 1.59845e-15 0)
(1 -2.13492e-15 0)
(1 1.88235e-15 0)
(1 8.58714e-15 0)
(1 4.31749e-15 0)
(1 2.64286e-15 0)
(1 6.58758e-15 0)
(1 9.7772e-15 0)
(1 4.32708e-15 0)
(1 6.11788e-15 0)
(1 3.75539e-15 0)
(1 3.06473e-15 0)
(1 8.57577e-16 0)
(1 -4.33457e-15 0)
(1 -1.47341e-15 0)
(1 2.50436e-15 0)
(1 3.79599e-15 0)
(1 4.06767e-15 0)
(1 -3.33366e-15 0)
(1 2.89929e-16 0)
(1 4.37697e-15 0)
(1 -3.19096e-16 0)
(1 1.87238e-15 0)
(1 -1.20069e-15 0)
(1 4.89756e-16 0)
(1 -2.40171e-16 0)
(1 2.09746e-15 0)
(1 3.22694e-15 0)
(1 3.12333e-16 0)
(1 2.93711e-15 0)
(1 4.89333e-15 0)
(1 1.13209e-14 0)
(1 -9.2639e-16 0)
(1 -7.47785e-16 0)
(1 4.33066e-15 0)
(1 -1.04284e-14 0)
(1 -4.96441e-15 0)
(1 -6.92317e-15 0)
(1 1.59068e-15 0)
(1 -3.15161e-15 0)
(1 -6.567e-15 0)
(1 2.65164e-15 0)
(1 -2.13956e-15 0)
(1 8.43079e-15 0)
(1 2.45222e-15 0)
(1 8.59266e-15 0)
(1 1.65045e-15 0)
(1 1.10691e-14 0)
(1 2.72566e-15 0)
(1 1.68552e-14 0)
(1 8.89286e-15 0)
(1 -1.80835e-15 0)
(1 -3.52845e-15 0)
(1 9.76933e-16 0)
(1 -1.0344e-14 0)
(1 1.10434e-15 0)
(1 -3.65628e-15 0)
(1 1.576e-15 0)
(1 6.9207e-15 0)
(1 -2.62988e-15 0)
(1 -1.14593e-14 0)
(1 -1.22242e-15 0)
(1 -1.49061e-14 0)
(1 -2.34296e-15 0)
(1 4.11756e-15 0)
(1 1.2139e-14 0)
(1 4.2772e-15 0)
(1 4.43566e-15 0)
(1 2.89871e-15 0)
(1 1.20086e-15 0)
(1 4.18332e-15 0)
(1 -1.46293e-15 0)
(1 -4.15985e-15 0)
(1 9.67546e-15 0)
(1 8.29455e-15 0)
(1 1.33183e-14 0)
(1 1.69386e-14 0)
(1 9.70478e-15 0)
(1 3.86805e-15 0)
(1 1.17763e-15 0)
(1 -1.05359e-14 0)
(1 -1.31318e-14 0)
(1 -5.65401e-15 0)
(1 2.53938e-15 0)
(1 4.02246e-15 0)
(1 4.75178e-15 0)
(1 1.46477e-15 0)
(1 -2.23045e-15 0)
(1 4.10839e-15 0)
(1 7.55278e-15 0)
(1 4.07816e-15 0)
(1 4.24959e-15 0)
(1 4.38313e-15 0)
(1 6.03279e-15 0)
(1 -5.81864e-15 0)
(1 -7.65733e-16 0)
(1 -1.73411e-15 0)
(1 1.45299e-14 0)
(1 1.64643e-14 0)
(1 1.4203e-14 0)
(1 1.32353e-14 0)
(1 1.61517e-14 0)
(1 3.4926e-15 0)
(1 4.77284e-15 0)
(1 5.46386e-15 0)
(1 1.2399e-15 0)
(1 -7.31444e-15 0)
(1 -2.88415e-15 0)
(1 4.05465e-16 0)
(1 2.15473e-15 0)
(1 -6.66315e-16 0)
(1 1.1547e-14 0)
(1 6.31249e-15 0)
(1 1.14462e-14 0)
(1 2.9034e-15 0)
(1 -1.01207e-15 0)
(1 -2.02082e-15 0)
(1 -6.18586e-15 0)
(1 -1.65013e-15 0)
(1 1.66191e-15 0)
(1 2.28904e-15 0)
(1 2.33771e-15 0)
(1 2.59022e-15 0)
(1 -3.82491e-15 0)
(1 4.28681e-15 0)
(1 3.83952e-15 0)
(1 1.14354e-14 0)
(1 8.97418e-15 0)
(1 9.35641e-15 0)
(1 1.10645e-14 0)
(1 1.75872e-14 0)
(1 1.77148e-14 0)
(1 3.40123e-15 0)
(1 3.63816e-16 0)
(1 4.08692e-15 0)
(1 -4.042e-15 0)
(1 -4.8826e-15 0)
(1 -2.7045e-15 0)
(1 -1.21724e-15 0)
(1 5.794e-15 0)
(1 2.2835e-15 0)
(1 3.01139e-15 0)
(1 -1.18098e-15 0)
(1 9.37122e-15 0)
(1 6.14998e-15 0)
(1 -3.77242e-15 0)
(1 -6.03045e-16 0)
(1 -2.8462e-15 0)
(1 4.04025e-15 0)
(1 5.25841e-15 0)
(1 -5.44045e-15 0)
(1 -8.47483e-15 0)
(1 -1.14518e-15 0)
(1 1.84059e-15 0)
(1 1.06712e-15 0)
(1 -3.82927e-15 0)
(1 5.87443e-15 0)
(1 8.37293e-15 0)
(1 1.1916e-14 0)
(1 -7.79679e-15 0)
(1 -1.50167e-16 0)
(1 -3.29487e-15 0)
(1 -7.99663e-15 0)
(1 -2.57275e-15 0)
(1 9.46867e-16 0)
(1 5.98419e-16 0)
(1 -3.02789e-15 0)
(1 4.70358e-16 0)
(1 -4.11065e-15 0)
(1 -4.12746e-16 0)
(1 -4.45869e-15 0)
(1 3.87641e-15 0)
(1 -4.61993e-16 0)
(1 9.06505e-15 0)
(1 4.6168e-15 0)
(1 1.05168e-14 0)
(1 5.24781e-15 0)
(1 2.53829e-15 0)
(1 7.15742e-17 0)
(1 -3.775e-15 0)
(1 5.89043e-15 0)
(1 -5.50345e-16 0)
(1 6.7066e-15 0)
(1 4.3333e-15 0)
(1 1.30821e-15 0)
(1 2.23103e-15 0)
(1 2.76153e-15 0)
(1 1.77089e-15 0)
(1 6.36649e-15 0)
(1 5.25637e-15 0)
(1 1.6252e-15 0)
(1 6.90255e-15 0)
(1 5.91318e-15 0)
(1 7.71671e-15 0)
(1 6.48471e-15 0)
(1 1.10483e-14 0)
(1 7.05556e-15 0)
(1 1.88094e-15 0)
(1 6.78847e-15 0)
(1 9.83154e-15 0)
(1 1.21831e-14 0)
(1 6.30104e-15 0)
(1 4.47008e-15 0)
(1 8.32437e-15 0)
(1 6.70859e-17 0)
(1 4.58348e-15 0)
(1 -3.19347e-15 0)
(1 -1.40547e-16 0)
(1 6.23381e-15 0)
(1 7.67571e-15 0)
(1 6.90911e-15 0)
(1 7.84219e-15 0)
(1 6.19938e-15 0)
(1 6.37137e-15 0)
(1 -2.56694e-15 0)
(1 -2.57547e-15 0)
(1 -1.09157e-15 0)
(1 -3.63541e-15 0)
(1 4.7128e-15 0)
(1 1.26245e-15 0)
(1 5.79775e-16 0)
(1 2.32796e-15 0)
(1 4.30023e-15 0)
(1 1.39437e-16 0)
(1 7.44269e-15 0)
(1 2.77562e-15 0)
(1 9.37325e-15 0)
(1 6.67645e-15 0)
(1 1.06304e-14 0)
(1 1.28416e-14 0)
(1 2.50317e-14 0)
(1 1.97693e-14 0)
(1 2.8299e-16 0)
(1 3.44867e-16 0)
(1 -3.98733e-15 0)
(1 2.32127e-15 0)
(1 -2.03771e-15 0)
(1 -4.22565e-16 0)
(1 1.4353e-15 0)
(1 1.05158e-15 0)
(1 5.77389e-15 0)
(1 -1.20411e-14 0)
(1 -1.27333e-14 0)
(1 7.24611e-16 0)
(1 3.76769e-17 0)
(1 -5.25653e-16 0)
(1 5.81081e-15 0)
(1 2.22824e-15 0)
(1 1.12314e-14 0)
(1 -5.11579e-15 0)
(1 2.75474e-15 0)
(1 -3.71936e-15 0)
(1 -1.87699e-15 0)
(1 -1.1763e-15 0)
(1 -5.27654e-16 0)
(1 -5.98908e-15 0)
(1 -4.07913e-15 0)
(1 5.24174e-15 0)
(1 1.50284e-14 0)
(1 7.88707e-15 0)
(1 7.70445e-15 0)
(1 -9.90343e-15 0)
(1 -3.92268e-15 0)
(1 -5.0601e-15 0)
(1 -3.48617e-15 0)
(1 3.9457e-16 0)
(1 6.24193e-15 0)
(1 1.73097e-15 0)
(1 -1.147e-15 0)
(1 2.87929e-15 0)
(1 -1.8656e-16 0)
(1 6.50189e-15 0)
(1 1.13951e-14 0)
(1 -5.16327e-15 0)
(1 3.64779e-15 0)
(1 8.19656e-17 0)
(1 -2.78387e-15 0)
(1 -1.77681e-15 0)
(1 4.30959e-15 0)
(1 1.70009e-15 0)
(1 8.03121e-15 0)
(1 2.83971e-15 0)
(1 1.2085e-15 0)
(1 1.99236e-15 0)
(1 5.22598e-15 0)
(1 6.60132e-15 0)
(1 9.9782e-15 0)
(1 3.52852e-15 0)
(1 9.46603e-15 0)
(1 -1.34119e-15 0)
(1 5.38822e-15 0)
(1 5.90929e-16 0)
(1 1.06692e-14 0)
(1 -1.2905e-15 0)
(1 9.99731e-15 0)
(1 1.38028e-15 0)
(1 8.05309e-15 0)
(1 2.14844e-15 0)
(1 1.05839e-14 0)
(1 5.19882e-15 0)
(1 8.83117e-15 0)
(1 3.47271e-15 0)
(1 1.33894e-14 0)
(1 4.48624e-15 0)
(1 1.21593e-16 0)
(1 -1.07994e-15 0)
(1 -7.24259e-16 0)
(1 4.9554e-15 0)
(1 9.89206e-15 0)
(1 5.96566e-15 0)
(1 8.95773e-15 0)
(1 8.31304e-16 0)
(1 6.45053e-15 0)
(1 -1.92756e-16 0)
(1 6.0225e-15 0)
(1 -5.42393e-17 0)
(1 5.46245e-17 0)
(1 7.22391e-15 0)
(1 9.34811e-16 0)
(1 1.5501e-15 0)
(1 3.07103e-15 0)
(1 1.34198e-16 0)
(1 4.29068e-15 0)
(1 1.42962e-15 0)
(1 2.08295e-15 0)
(1 -2.53519e-16 0)
(1 2.7625e-15 0)
(1 6.71855e-15 0)
(1 1.11635e-14 0)
(1 9.73167e-15 0)
(1 1.09857e-14 0)
(1 1.3112e-14 0)
(1 4.24352e-15 0)
(1 -6.21892e-15 0)
(1 1.43075e-15 0)
(1 -8.5696e-16 0)
(1 -8.53429e-16 0)
(1 -4.4037e-15 0)
(1 -3.94131e-15 0)
(1 -3.27895e-15 0)
(1 6.57321e-15 0)
(1 1.13255e-14 0)
(1 3.17673e-15 0)
(1 1.78519e-15 0)
(1 -1.41516e-15 0)
(1 -2.19894e-15 0)
(1 -7.75896e-15 0)
(1 2.76743e-15 0)
(1 5.90771e-15 0)
(1 -3.77106e-15 0)
(1 5.65247e-16 0)
(1 -4.46663e-15 0)
(1 -6.42981e-15 0)
(1 -4.00396e-15 0)
(1 -5.54332e-17 0)
(1 9.46562e-15 0)
(1 1.65284e-15 0)
(1 -2.97865e-16 0)
(1 2.32993e-15 0)
(1 5.14445e-15 0)
(1 8.8206e-15 0)
(1 4.21798e-15 0)
(1 1.23449e-15 0)
(1 -1.32491e-15 0)
(1 -6.64052e-15 0)
(1 -3.28186e-15 0)
(1 1.04395e-16 0)
(1 -8.7053e-15 0)
(1 -4.36171e-15 0)
(1 -5.27032e-15 0)
(1 1.88611e-15 0)
(1 8.28547e-16 0)
(1 9.41285e-15 0)
(1 -4.32141e-15 0)
(1 -3.52642e-15 0)
(1 -8.26207e-15 0)
(1 4.9435e-15 0)
(1 7.07236e-15 0)
(1 1.47086e-14 0)
(1 9.06857e-15 0)
(1 2.50434e-15 0)
(1 -1.0977e-15 0)
(1 -3.92358e-16 0)
(1 3.74975e-15 0)
(1 4.8749e-15 0)
(1 1.33583e-14 0)
(1 1.31959e-14 0)
(1 7.40153e-15 0)
(1 1.55914e-15 0)
(1 9.44483e-16 0)
(1 -2.69077e-15 0)
(1 1.81067e-16 0)
(1 7.96015e-15 0)
(1 1.18847e-14 0)
(1 7.52137e-15 0)
(1 -1.46758e-15 0)
(1 -4.85836e-15 0)
(1 4.45052e-15 0)
(1 7.48649e-15 0)
(1 6.89434e-15 0)
(1 1.38413e-15 0)
(1 6.65441e-15 0)
(1 1.01831e-14 0)
(1 3.57673e-15 0)
(1 6.73118e-15 0)
(1 1.85784e-15 0)
(1 4.06112e-15 0)
(1 2.86571e-15 0)
(1 4.13206e-15 0)
(1 6.28519e-15 0)
(1 8.91319e-15 0)
(1 3.77738e-15 0)
(1 1.24086e-14 0)
(1 7.37904e-15 0)
(1 4.6427e-15 0)
(1 3.9405e-16 0)
(1 -2.15755e-15 0)
(1 2.9373e-15 0)
(1 -3.07375e-15 0)
(1 2.14076e-15 0)
(1 2.90654e-15 0)
(1 1.8626e-16 0)
(1 5.45575e-15 0)
(1 4.22254e-15 0)
(1 2.91483e-15 0)
(1 3.52666e-15 0)
(1 4.05127e-15 0)
(1 1.5743e-14 0)
(1 1.19319e-14 0)
(1 8.97612e-15 0)
(1 8.24467e-16 0)
(1 7.15312e-15 0)
(1 5.87369e-15 0)
(1 -1.80992e-16 0)
(1 -3.49971e-15 0)
(1 -3.13541e-15 0)
(1 2.78206e-15 0)
(1 5.28466e-15 0)
(1 1.63189e-15 0)
(1 -1.82344e-15 0)
(1 -1.90692e-15 0)
(1 8.2287e-15 0)
(1 8.07188e-15 0)
(1 -3.55938e-15 0)
(1 4.92589e-15 0)
(1 6.83056e-15 0)
(1 1.49116e-15 0)
(1 -6.96448e-15 0)
(1 -1.03751e-14 0)
(1 -7.58881e-15 0)
(1 -1.6658e-15 0)
(1 -3.95558e-15 0)
(1 -2.43682e-15 0)
(1 -5.09581e-15 0)
(1 1.59638e-15 0)
(1 -2.02115e-15 0)
(1 1.30242e-14 0)
(1 2.42911e-15 0)
(1 -3.52788e-15 0)
(1 -3.68595e-16 0)
(1 -3.99408e-16 0)
(1 -3.1959e-15 0)
(1 -3.80031e-15 0)
(1 -1.27308e-15 0)
(1 -5.71725e-15 0)
(1 1.79981e-15 0)
(1 1.01412e-15 0)
(1 9.12073e-16 0)
(1 4.79474e-15 0)
(1 6.34256e-17 0)
(1 3.29499e-15 0)
(1 -2.20398e-15 0)
(1 -9.83561e-15 0)
(1 3.46913e-16 0)
(1 -2.95816e-15 0)
(1 -3.75212e-15 0)
(1 -2.43049e-15 0)
(1 7.2235e-15 0)
(1 8.18662e-15 0)
(1 1.44346e-14 0)
(1 3.28335e-15 0)
(1 5.43854e-15 0)
(1 2.26845e-15 0)
(1 -4.05908e-16 0)
(1 2.6817e-15 0)
(1 7.62518e-15 0)
(1 7.79661e-15 0)
(1 3.02998e-15 0)
(1 4.02076e-15 0)
(1 2.1115e-15 0)
(1 -7.3204e-15 0)
(1 -1.05689e-15 0)
(1 2.41104e-15 0)
(1 1.21472e-14 0)
(1 1.30688e-14 0)
(1 1.67049e-14 0)
(1 9.27549e-15 0)
(1 1.41416e-15 0)
(1 -5.41467e-15 0)
(1 8.06812e-16 0)
(1 -1.63159e-15 0)
(1 1.47467e-15 0)
(1 5.51988e-16 0)
(1 6.74637e-15 0)
(1 6.44769e-15 0)
(1 1.00282e-14 0)
(1 9.34949e-15 0)
(1 3.01561e-15 0)
(1 -3.88266e-15 0)
(1 5.86671e-15 0)
(1 7.14072e-15 0)
(1 7.493e-15 0)
(1 4.24054e-15 0)
(1 5.83532e-15 0)
(1 -1.36664e-15 0)
(1 3.14702e-15 0)
(1 4.19351e-15 0)
(1 3.51926e-15 0)
(1 -9.78013e-16 0)
(1 1.70529e-15 0)
(1 -3.3577e-15 0)
(1 3.11082e-15 0)
(1 2.49633e-15 0)
(1 3.05533e-15 0)
(1 1.72504e-15 0)
(1 5.94882e-16 0)
(1 3.04347e-15 0)
(1 1.09065e-14 0)
(1 5.54673e-15 0)
(1 6.36754e-15 0)
(1 2.97328e-15 0)
(1 7.44259e-15 0)
(1 -3.3372e-15 0)
(1 9.43829e-15 0)
(1 -7.13944e-15 0)
(1 -1.68722e-15 0)
(1 5.54055e-15 0)
(1 5.8154e-15 0)
(1 1.60226e-15 0)
(1 4.70324e-15 0)
(1 -1.85896e-15 0)
(1 -6.06678e-15 0)
(1 1.77134e-15 0)
(1 6.85953e-15 0)
(1 2.70846e-15 0)
(1 1.07426e-14 0)
(1 -2.8192e-15 0)
(1 -1.59415e-14 0)
(1 -1.26326e-14 0)
(1 1.46005e-15 0)
(1 3.23473e-15 0)
(1 -1.44329e-15 0)
(1 1.27061e-15 0)
(1 -8.81196e-15 0)
(1 -2.6061e-15 0)
(1 -8.14971e-15 0)
(1 8.77778e-15 0)
(1 -3.20357e-15 0)
(1 1.16371e-15 0)
(1 1.35427e-16 0)
(1 8.43807e-16 0)
(1 -4.54904e-15 0)
(1 -3.9324e-15 0)
(1 3.01048e-15 0)
(1 2.6335e-15 0)
(1 5.71172e-15 0)
(1 8.03474e-15 0)
(1 3.40608e-15 0)
(1 4.19514e-15 0)
(1 -1.46991e-15 0)
(1 -8.70057e-16 0)
(1 -3.48488e-15 0)
(1 -1.19341e-14 0)
(1 -4.73517e-15 0)
(1 -2.84017e-16 0)
(1 1.4404e-14 0)
(1 3.63404e-15 0)
(1 3.5244e-15 0)
(1 -3.11784e-15 0)
(1 6.26529e-15 0)
(1 3.14309e-15 0)
(1 3.69833e-15 0)
(1 -3.69671e-16 0)
(1 -4.33561e-15 0)
(1 8.60431e-15 0)
(1 -8.54018e-16 0)
(1 3.52481e-15 0)
(1 8.26028e-15 0)
(1 9.78868e-15 0)
(1 1.04429e-14 0)
(1 1.07441e-14 0)
(1 2.6038e-15 0)
(1 7.43752e-16 0)
(1 -3.73773e-17 0)
(1 4.22773e-16 0)
(1 8.42921e-15 0)
(1 7.34123e-15 0)
(1 1.07233e-14 0)
(1 3.04996e-15 0)
(1 3.96362e-15 0)
(1 9.10405e-16 0)
(1 1.62517e-15 0)
(1 3.18286e-15 0)
(1 5.57781e-15 0)
(1 1.01534e-14 0)
(1 1.22528e-14 0)
(1 9.86733e-15 0)
(1 1.30486e-14 0)
(1 3.07436e-15 0)
(1 7.20626e-15 0)
(1 9.42589e-15 0)
(1 7.55856e-15 0)
(1 2.84224e-15 0)
(1 4.84637e-15 0)
(1 3.43296e-15 0)
(1 4.67462e-15 0)
(1 3.69552e-15 0)
(1 9.51103e-16 0)
(1 -2.29752e-15 0)
(1 5.46695e-15 0)
(1 3.48769e-15 0)
(1 3.31894e-15 0)
(1 -1.81697e-16 0)
(1 3.97229e-15 0)
(1 3.34507e-15 0)
(1 2.9783e-15 0)
(1 -2.61019e-16 0)
(1 2.90563e-15 0)
(1 8.16837e-15 0)
(1 8.78022e-15 0)
(1 8.4962e-15 0)
(1 9.17829e-15 0)
(1 1.57698e-15 0)
(1 2.76808e-15 0)
(1 5.6962e-15 0)
(1 5.64879e-15 0)
(1 6.47907e-15 0)
(1 -1.88964e-15 0)
(1 -9.84784e-15 0)
(1 -7.64544e-15 0)
(1 1.43503e-15 0)
(1 6.76538e-15 0)
(1 9.16019e-16 0)
(1 9.96078e-15 0)
(1 -4.73532e-15 0)
(1 -8.00536e-15 0)
(1 -1.33313e-14 0)
(1 -1.21963e-14 0)
(1 -1.68145e-14 0)
(1 7.57622e-15 0)
(1 -1.05215e-14 0)
(1 -2.21879e-15 0)
(1 -3.02626e-15 0)
(1 1.53933e-15 0)
(1 8.2075e-15 0)
(1 1.04949e-14 0)
(1 7.06548e-15 0)
(1 6.86055e-15 0)
(1 -1.29992e-15 0)
(1 -2.35089e-15 0)
(1 -2.32765e-15 0)
(1 8.56332e-16 0)
(1 -1.75049e-15 0)
(1 3.51278e-15 0)
(1 2.67585e-15 0)
(1 -7.7848e-15 0)
(1 -4.67296e-15 0)
(1 -4.66813e-15 0)
(1 -1.15965e-15 0)
(1 3.36706e-15 0)
(1 1.04657e-15 0)
(1 1.10881e-16 0)
(1 4.16651e-15 0)
(1 1.47744e-15 0)
(1 -5.68774e-16 0)
(1 8.74204e-15 0)
(1 8.46628e-15 0)
(1 7.23232e-15 0)
(1 -5.03456e-15 0)
(1 1.08392e-16 0)
(1 3.03745e-15 0)
(1 -2.24716e-15 0)
(1 7.43989e-15 0)
(1 3.36879e-15 0)
(1 1.23872e-15 0)
(1 -1.96314e-15 0)
(1 1.67524e-15 0)
(1 7.81848e-15 0)
(1 3.42961e-15 0)
(1 4.79478e-15 0)
(1 6.85816e-15 0)
(1 8.2446e-15 0)
(1 1.02774e-14 0)
(1 4.53983e-15 0)
(1 4.3455e-15 0)
(1 3.50922e-15 0)
(1 6.5492e-15 0)
(1 6.65172e-15 0)
(1 1.05418e-14 0)
(1 1.02229e-14 0)
(1 5.94329e-15 0)
(1 4.29791e-15 0)
(1 1.22061e-15 0)
(1 1.20477e-14 0)
(1 1.14365e-14 0)
(1 1.095e-14 0)
(1 1.13814e-14 0)
(1 9.90323e-15 0)
(1 8.79241e-15 0)
(1 7.94274e-15 0)
(1 7.92387e-15 0)
(1 5.7243e-15 0)
(1 6.76139e-15 0)
(1 3.00489e-15 0)
(1 3.23385e-15 0)
(1 6.36574e-15 0)
(1 1.64949e-15 0)
(1 -5.33537e-15 0)
(1 -4.79393e-15 0)
(1 -2.94377e-15 0)
(1 -6.87508e-16 0)
(1 -2.01073e-15 0)
(1 3.72513e-17 0)
(1 3.86996e-15 0)
(1 6.67521e-15 0)
(1 5.92843e-15 0)
(1 9.1671e-15 0)
(1 1.43243e-15 0)
(1 8.17067e-15 0)
(1 8.96226e-15 0)
(1 1.11148e-14 0)
(1 1.08427e-14 0)
(1 -1.78738e-15 0)
(1 -2.31866e-15 0)
(1 -1.12981e-15 0)
(1 8.25751e-15 0)
(1 6.80782e-16 0)
(1 3.06133e-15 0)
(1 9.45353e-15 0)
(1 5.26391e-15 0)
(1 -7.68188e-16 0)
(1 7.91568e-16 0)
(1 -8.03421e-15 0)
(1 -5.66253e-15 0)
(1 -8.3195e-15 0)
(1 -5.28389e-15 0)
(1 3.73046e-15 0)
(1 1.17022e-15 0)
(1 -2.29475e-15 0)
(1 -1.42148e-14 0)
(1 -1.24973e-14 0)
(1 -3.99729e-15 0)
(1 4.69552e-16 0)
(1 1.08053e-14 0)
(1 7.2955e-16 0)
(1 -2.17145e-15 0)
(1 -1.28648e-14 0)
(1 2.32644e-15 0)
(1 -2.83923e-15 0)
(1 3.99782e-15 0)
(1 -3.91409e-15 0)
(1 3.18879e-15 0)
(1 1.4767e-15 0)
(1 2.06669e-15 0)
(1 7.46953e-15 0)
(1 3.08661e-15 0)
(1 3.33942e-16 0)
(1 5.29622e-15 0)
(1 1.60606e-15 0)
(1 3.83074e-15 0)
(1 1.20264e-15 0)
(1 5.44483e-16 0)
(1 9.50428e-15 0)
(1 8.14341e-15 0)
(1 4.19e-15 0)
(1 -1.04653e-14 0)
(1 -9.65214e-15 0)
(1 -7.53867e-15 0)
(1 -4.78292e-15 0)
(1 -2.74365e-15 0)
(1 2.68211e-15 0)
(1 1.17952e-15 0)
(1 7.36938e-15 0)
(1 7.59396e-15 0)
(1 2.15019e-15 0)
(1 9.23276e-16 0)
(1 2.92686e-15 0)
(1 3.49449e-15 0)
(1 8.65868e-15 0)
(1 3.10992e-15 0)
(1 3.61115e-15 0)
(1 4.28998e-15 0)
(1 -2.07993e-16 0)
(1 -4.52215e-15 0)
(1 6.74855e-15 0)
(1 -1.89772e-15 0)
(1 9.2051e-15 0)
(1 1.45201e-16 0)
(1 7.26091e-15 0)
(1 4.2506e-15 0)
(1 8.56482e-15 0)
(1 5.19495e-15 0)
(1 4.47184e-15 0)
(1 5.12128e-15 0)
(1 8.49175e-15 0)
(1 8.51528e-15 0)
(1 1.0355e-14 0)
(1 1.25079e-15 0)
(1 9.201e-15 0)
(1 5.27591e-15 0)
(1 5.26893e-15 0)
(1 5.9555e-15 0)
(1 1.24797e-15 0)
(1 3.25484e-15 0)
(1 3.09355e-15 0)
(1 2.50249e-15 0)
(1 9.30959e-17 0)
(1 -1.64006e-15 0)
(1 -2.3491e-15 0)
(1 -3.44095e-15 0)
(1 -1.16575e-15 0)
(1 1.96638e-15 0)
(1 8.73015e-15 0)
(1 8.26113e-15 0)
(1 5.75922e-15 0)
(1 -6.48808e-16 0)
(1 5.86432e-15 0)
(1 4.86977e-15 0)
(1 7.03033e-15 0)
(1 7.40748e-15 0)
(1 8.51119e-15 0)
(1 8.1757e-15 0)
(1 -9.56182e-15 0)
(1 5.64692e-15 0)
(1 -3.99972e-15 0)
(1 1.39821e-15 0)
(1 4.53215e-16 0)
(1 3.36065e-15 0)
(1 6.86121e-15 0)
(1 1.35788e-14 0)
(1 8.79995e-15 0)
(1 1.97292e-15 0)
(1 1.96219e-15 0)
(1 -6.46031e-15 0)
(1 -5.837e-15 0)
(1 -5.08235e-15 0)
(1 -3.93089e-15 0)
(1 -7.07421e-16 0)
(1 2.51145e-15 0)
(1 -1.30254e-14 0)
(1 -4.69409e-15 0)
(1 -3.569e-16 0)
(1 6.92095e-16 0)
(1 -6.60211e-16 0)
(1 -5.64282e-15 0)
(1 1.35961e-15 0)
(1 -8.9892e-15 0)
(1 -8.07254e-15 0)
(1 -1.1003e-15 0)
(1 -2.78344e-15 0)
(1 3.37107e-15 0)
(1 1.36129e-15 0)
(1 -5.33416e-15 0)
(1 -8.75177e-15 0)
(1 1.62794e-15 0)
(1 2.11843e-15 0)
(1 1.0388e-15 0)
(1 1.62411e-15 0)
(1 -2.30116e-15 0)
(1 -1.84073e-16 0)
(1 -6.19761e-15 0)
(1 -4.70872e-15 0)
(1 -1.32379e-15 0)
(1 2.31463e-15 0)
(1 1.27939e-15 0)
(1 -3.23918e-15 0)
(1 -4.86499e-15 0)
(1 -4.56099e-15 0)
(1 1.34799e-15 0)
(1 -8.4287e-16 0)
(1 -6.18203e-16 0)
(1 7.17395e-15 0)
(1 -2.15799e-15 0)
(1 4.19005e-15 0)
(1 1.28206e-15 0)
(1 4.29194e-15 0)
(1 -1.45857e-15 0)
(1 4.7082e-15 0)
(1 -1.26465e-15 0)
(1 8.58138e-15 0)
(1 1.15761e-14 0)
(1 1.35274e-14 0)
(1 -2.92865e-15 0)
(1 -2.62202e-15 0)
(1 1.84386e-15 0)
(1 4.04072e-15 0)
(1 9.19723e-15 0)
(1 1.08998e-14 0)
(1 5.23743e-15 0)
(1 4.69007e-15 0)
(1 1.95432e-15 0)
(1 5.64777e-15 0)
(1 1.41666e-14 0)
(1 7.91502e-15 0)
(1 1.16929e-14 0)
(1 1.26405e-14 0)
(1 9.31953e-15 0)
(1 4.29353e-15 0)
(1 6.26524e-15 0)
(1 4.23797e-15 0)
(1 7.15323e-15 0)
(1 5.90639e-15 0)
(1 2.90323e-15 0)
(1 6.28498e-15 0)
(1 3.86494e-15 0)
(1 -3.11195e-15 0)
(1 -2.20548e-15 0)
(1 7.01608e-15 0)
(1 2.88007e-15 0)
(1 9.47724e-15 0)
(1 2.22595e-15 0)
(1 6.35517e-15 0)
(1 8.98637e-15 0)
(1 4.83201e-15 0)
(1 2.78372e-15 0)
(1 4.4143e-15 0)
(1 4.33537e-15 0)
(1 4.07589e-15 0)
(1 2.5802e-15 0)
(1 5.80467e-15 0)
(1 8.57638e-15 0)
(1 6.28034e-15 0)
(1 2.19542e-15 0)
(1 3.48737e-15 0)
(1 1.13382e-14 0)
(1 -2.418e-15 0)
(1 1.10138e-15 0)
(1 -7.69846e-16 0)
(1 -6.47155e-15 0)
(1 -3.54709e-15 0)
(1 -3.83407e-16 0)
(1 -2.05867e-15 0)
(1 2.83746e-15 0)
(1 -3.85777e-15 0)
(1 -5.22093e-15 0)
(1 -5.91755e-15 0)
(1 -5.22305e-15 0)
(1 -5.27702e-16 0)
(1 -7.59013e-16 0)
(1 8.61723e-15 0)
(1 2.32271e-15 0)
(1 2.10788e-15 0)
(1 2.21099e-15 0)
(1 -2.97182e-15 0)
(1 -3.66803e-15 0)
(1 -5.03794e-15 0)
(1 -3.71415e-15 0)
(1 -1.0476e-15 0)
(1 -8.26787e-16 0)
(1 -7.67342e-15 0)
(1 -6.29306e-15 0)
(1 -4.12179e-15 0)
(1 3.75996e-16 0)
(1 -3.16149e-15 0)
(1 -2.47467e-16 0)
(1 -4.60107e-15 0)
(1 -2.51378e-15 0)
(1 -2.6678e-15 0)
(1 -2.99171e-15 0)
(1 -4.15601e-15 0)
(1 -6.44943e-15 0)
(1 -4.87398e-15 0)
(1 -5.15092e-15 0)
(1 -6.40545e-15 0)
(1 -1.64406e-15 0)
(1 1.12591e-15 0)
(1 4.77495e-15 0)
(1 4.41376e-15 0)
(1 2.94581e-15 0)
(1 -5.77379e-16 0)
(1 -7.46198e-16 0)
(1 4.99251e-15 0)
(1 4.14666e-16 0)
(1 1.87829e-15 0)
(1 -1.31836e-16 0)
(1 7.60487e-15 0)
(1 -6.51623e-16 0)
(1 -2.54227e-15 0)
(1 -3.78248e-15 0)
(1 -4.33764e-15 0)
(1 -2.61053e-15 0)
(1 3.30665e-15 0)
(1 5.40046e-15 0)
(1 7.20194e-15 0)
(1 5.22168e-15 0)
(1 9.35815e-15 0)
(1 5.87367e-15 0)
(1 4.96145e-15 0)
(1 1.69716e-15 0)
(1 2.27247e-15 0)
(1 2.82412e-15 0)
(1 3.5812e-15 0)
(1 1.09713e-14 0)
(1 1.16157e-14 0)
(1 1.33095e-14 0)
(1 8.51149e-15 0)
(1 8.20522e-15 0)
(1 3.62513e-15 0)
(1 2.15708e-15 0)
(1 3.33579e-15 0)
(1 -3.37948e-15 0)
(1 5.40218e-15 0)
(1 1.17906e-14 0)
(1 7.01718e-15 0)
(1 1.29684e-14 0)
(1 5.39275e-15 0)
(1 -1.70311e-15 0)
(1 -1.16128e-15 0)
(1 9.43908e-15 0)
(1 8.56059e-15 0)
(1 4.11096e-15 0)
(1 2.98996e-15 0)
(1 1.40534e-15 0)
(1 3.8583e-15 0)
(1 8.00916e-15 0)
(1 8.52004e-15 0)
(1 1.21972e-14 0)
(1 7.33891e-16 0)
(1 6.39535e-16 0)
(1 3.60242e-15 0)
(1 8.11835e-15 0)
(1 7.39588e-15 0)
(1 2.76805e-15 0)
(1 -8.59576e-15 0)
(1 6.41495e-15 0)
(1 -3.65266e-16 0)
(1 -4.89853e-16 0)
(1 3.70977e-15 0)
(1 1.36405e-14 0)
(1 3.95533e-15 0)
(1 4.83027e-15 0)
(1 3.71818e-16 0)
(1 -6.46069e-15 0)
(1 -3.85412e-15 0)
(1 2.77247e-15 0)
(1 -1.64933e-15 0)
(1 -1.21332e-15 0)
(1 -7.15607e-15 0)
(1 -1.55061e-16 0)
(1 9.87664e-16 0)
(1 7.55364e-15 0)
(1 1.45622e-15 0)
(1 -2.67543e-16 0)
(1 -4.40729e-15 0)
(1 -5.52225e-15 0)
(1 -1.26878e-14 0)
(1 -4.15057e-15 0)
(1 -4.98392e-15 0)
(1 -5.8821e-15 0)
(1 -6.7367e-15 0)
(1 -8.01392e-15 0)
(1 -5.16982e-15 0)
(1 7.04467e-15 0)
(1 -3.33112e-15 0)
(1 -2.59713e-15 0)
(1 1.50673e-15 0)
(1 2.36894e-15 0)
(1 -1.42056e-15 0)
(1 -3.98962e-15 0)
(1 -6.61874e-15 0)
(1 -1.04766e-15 0)
(1 -2.52398e-15 0)
(1 4.93576e-16 0)
(1 -2.82164e-15 0)
(1 -1.36489e-15 0)
(1 -2.78449e-15 0)
(1 9.61996e-16 0)
(1 -3.10025e-15 0)
(1 -1.92812e-15 0)
(1 -5.37988e-15 0)
(1 -4.7087e-15 0)
(1 -3.82864e-15 0)
(1 2.35822e-15 0)
(1 6.64592e-16 0)
(1 4.63088e-15 0)
(1 1.84166e-15 0)
(1 3.60086e-15 0)
(1 1.9452e-15 0)
(1 1.08703e-14 0)
(1 -3.78787e-15 0)
(1 -6.38189e-16 0)
(1 -6.61216e-15 0)
(1 2.01321e-15 0)
(1 7.15825e-15 0)
(1 -1.62346e-15 0)
(1 -1.84669e-15 0)
(1 5.93059e-16 0)
(1 1.01446e-16 0)
(1 1.88929e-15 0)
(1 2.19727e-15 0)
(1 5.71197e-15 0)
(1 8.21844e-15 0)
(1 2.70781e-15 0)
(1 6.0053e-15 0)
(1 7.06681e-15 0)
(1 4.45232e-15 0)
(1 8.10037e-15 0)
(1 9.08299e-15 0)
(1 4.6433e-15 0)
(1 4.44794e-15 0)
(1 2.56479e-15 0)
(1 6.42507e-15 0)
(1 3.73905e-15 0)
(1 6.62537e-15 0)
(1 6.34814e-15 0)
(1 7.20546e-15 0)
(1 2.32535e-15 0)
(1 -6.47467e-15 0)
(1 6.19108e-15 0)
(1 4.09149e-15 0)
(1 2.88649e-15 0)
(1 1.30954e-15 0)
(1 6.84575e-17 0)
(1 1.33666e-14 0)
(1 3.47598e-15 0)
(1 1.59509e-15 0)
(1 -4.40402e-16 0)
(1 1.31819e-15 0)
(1 2.33422e-15 0)
(1 3.63869e-15 0)
(1 6.75409e-15 0)
(1 2.99052e-15 0)
(1 -2.13519e-15 0)
(1 -9.75409e-15 0)
(1 -1.33544e-16 0)
(1 -2.68699e-15 0)
(1 1.49795e-15 0)
(1 4.66219e-15 0)
(1 7.5244e-15 0)
(1 5.50496e-15 0)
(1 3.35933e-15 0)
(1 -1.65329e-15 0)
(1 2.32729e-15 0)
(1 4.00592e-15 0)
(1 3.47586e-15 0)
(1 -3.76159e-16 0)
(1 -2.04904e-15 0)
(1 -3.40229e-15 0)
(1 -1.02464e-14 0)
(1 -2.3119e-15 0)
(1 9.73521e-16 0)
(1 4.97077e-15 0)
(1 -4.14287e-15 0)
(1 1.88705e-16 0)
(1 4.39485e-16 0)
(1 -4.00403e-16 -5.76702e-47)
(1 -5.33005e-15 0)
(1 -7.26838e-15 0)
(1 -7.97196e-15 0)
(1 -5.09383e-15 0)
(1 -6.34557e-15 0)
(1 -1.49961e-15 0)
(1 -4.19597e-15 0)
(1 -1.17862e-14 0)
(1 -1.50015e-14 0)
(1 -2.5022e-15 0)
(1 -1.81844e-15 0)
(1 3.9139e-15 0)
(1 2.66048e-15 0)
(1 2.26571e-15 0)
(1 1.71312e-16 0)
(1 2.92679e-15 0)
(1 -2.2694e-16 0)
(1 -1.15151e-17 0)
(1 -4.43776e-15 0)
(1 -3.13564e-15 0)
(1 -7.1691e-15 3.94014e-47)
(1 -3.56911e-15 0)
(1 -9.71677e-16 3.76861e-47)
(1 -8.19504e-16 0)
(1 -5.68794e-15 0)
(1 -1.9303e-15 0)
(1 1.24853e-16 0)
(1 5.20271e-15 0)
(1 3.23558e-15 0)
(1 2.88521e-15 0)
(1 -2.21199e-15 0)
(1 2.05356e-15 0)
(1 -1.8704e-16 0)
(1 -5.21828e-15 0)
(1 7.82904e-15 0)
(1 2.38022e-15 0)
(1 1.40887e-15 0)
(1 -3.56287e-15 0)
(1 -5.45881e-15 0)
(1 -3.55032e-15 0)
(1 5.55597e-15 0)
(1 4.11332e-15 0)
(1 2.964e-15 0)
(1 3.43921e-15 0)
(1 7.59465e-15 0)
(1 6.64898e-15 -1.56502e-47)
(1 2.82394e-15 1.52027e-47)
(1 3.55384e-15 1.51995e-47)
(1 2.59079e-15 -1.39355e-47)
(1 3.15153e-15 -1.35147e-47)
(1 5.39271e-15 1.25332e-47)
(1 1.04263e-14 1.2531e-47)
(1 8.62457e-15 -1.27455e-47)
(1 5.5392e-15 -1.27175e-47)
(1 1.75522e-15 1.28441e-47)
(1 9.72885e-16 1.1874e-47)
(1 3.18242e-15 0)
(1 1.30289e-14 0)
(1 2.47998e-15 2.177e-47)
(1 2.67091e-15 0)
(1 7.61811e-15 1.7754e-47)
(1 1.31976e-14 -7.73813e-48)
(1 4.26591e-15 1.39153e-47)
(1 5.63013e-15 0)
(1 3.92399e-15 1.44329e-47)
(1 8.98986e-16 -6.0685e-48)
(1 -6.12014e-16 9.83846e-48)
(1 1.27801e-15 0)
(1 7.20735e-16 9.23828e-48)
(1 4.18579e-15 0)
(1 1.28316e-16 0)
(1 4.25467e-15 -2.85729e-50)
(1 2.2693e-15 -2.0393e-49)
(1 7.25413e-15 0)
(1 1.6456e-15 -1.66132e-49)
(1 -3.35459e-15 3.61225e-49)
(1 -1.30756e-15 0)
(1 3.13756e-15 0)
(1 3.0417e-15 0)
(1 4.43045e-16 0)
(1 3.44144e-16 0)
(1 9.96926e-16 0)
(1 -2.94775e-15 0)
(1 7.00711e-15 0)
(1 4.98826e-15 0)
(1 2.50843e-15 0)
(1 4.53016e-16 0)
(1 -3.41465e-15 0)
(1 -4.01288e-15 0)
(1 -1.25262e-15 0)
(1 -1.86823e-15 0)
(1 3.58727e-15 0)
(1 -1.18884e-15 0)
(1 2.15737e-15 0)
(1 -2.21516e-16 0)
(1 1.57227e-15 0)
(1 -6.28524e-15 0)
(1 9.13875e-16 0)
(1 1.53782e-17 0)
(1 4.63049e-15 5.76702e-47)
(1 -5.92527e-15 0)
(1 -4.81864e-15 0)
(1 -2.06182e-14 0)
(1 -3.89074e-15 0)
(1 2.6115e-16 0)
(1 3.95041e-15 0)
(1 1.19502e-15 0)
(1 6.32847e-15 0)
(1 -9.45832e-15 0)
(1 -9.17293e-15 0)
(1 -1.32592e-14 0)
(1 -5.95174e-15 0)
(1 -2.51123e-15 0)
(1 4.49596e-16 0)
(1 -4.17737e-15 0)
(1 5.68454e-15 0)
(1 2.92374e-15 0)
(1 -9.01719e-16 0)
(1 -8.61506e-15 0)
(1 -6.84285e-15 0)
(1 -6.90134e-15 -3.94014e-47)
(1 -4.54734e-15 0)
(1 -1.45023e-15 -3.76861e-47)
(1 -3.65419e-15 0)
(1 -4.48909e-15 0)
(1 -3.0627e-15 0)
(1 9.39066e-16 0)
(1 1.00705e-14 0)
(1 7.87189e-15 0)
(1 4.00355e-15 0)
(1 6.27581e-15 0)
(1 1.17643e-15 0)
(1 2.96388e-15 0)
(1 6.22878e-15 0)
(1 6.04604e-16 0)
(1 -3.06895e-15 0)
(1 -9.27263e-15 0)
(1 -1.1507e-14 0)
(1 3.73507e-15 0)
(1 -2.07834e-15 0)
(1 3.3323e-15 0)
(1 -1.37712e-15 0)
(1 1.41078e-15 0)
(1 -9.59065e-15 0)
(1 4.43244e-15 0)
(1 -1.95274e-15 1.56502e-47)
(1 9.83196e-15 -1.52027e-47)
(1 1.37836e-15 -1.51995e-47)
(1 3.48693e-15 1.39355e-47)
(1 -3.31481e-15 1.35147e-47)
(1 -8.17394e-16 -1.25332e-47)
(1 8.617e-15 -1.2531e-47)
(1 8.1116e-15 1.27455e-47)
(1 3.04341e-15 1.27175e-47)
(1 3.23213e-15 -1.28441e-47)
(1 1.52302e-15 -1.1874e-47)
(1 1.43809e-15 0)
(1 2.05007e-15 0)
(1 -1.95907e-16 -2.177e-47)
(1 3.6118e-15 0)
(1 3.12909e-15 -1.7754e-47)
(1 9.54048e-15 7.73813e-48)
(1 9.01155e-15 -1.39153e-47)
(1 2.40387e-15 0)
(1 6.6525e-15 -1.44329e-47)
(1 -1.01458e-15 6.0685e-48)
(1 2.38746e-15 -9.83846e-48)
(1 -6.17947e-15 0)
(1 2.4974e-15 -9.23828e-48)
(1 9.33082e-15 0)
(1 5.76121e-15 0)
(1 -6.85365e-15 2.85729e-50)
(1 -4.60197e-15 2.0393e-49)
(1 1.6067e-15 0)
(1 1.21594e-15 1.66132e-49)
(1 2.19653e-15 -3.61225e-49)
(1 1.05186e-15 0)
(1 8.76712e-15 0)
(1 5.77049e-16 0)
(1 7.62945e-16 0)
(1 -4.30379e-15 0)
(1 -1.68965e-15 0)
(1 -3.9571e-15 0)
(1 -6.28461e-16 0)
(1 1.03995e-14 0)
(1 2.00323e-15 0)
(1 -5.82248e-16 0)
(1 -3.80247e-15 0)
(1 -8.51395e-16 0)
(1 -6.39961e-16 0)
(1 2.02769e-18 0)
(1 4.23903e-15 0)
(1 1.37315e-14 0)
(1 -2.41693e-15 0)
(1 -3.65195e-15 0)
(1 -3.3754e-15 0)
(1 -4.21531e-15 0)
(1 -4.96262e-15 0)
(1 -5.5127e-15 0)
(1 -2.19223e-16 0)
(1 1.00775e-16 0)
(1 -4.12557e-15 0)
(1 -6.06511e-15 0)
(1 -1.89591e-15 0)
(1 -2.72418e-15 0)
(1 1.45545e-15 0)
(1 -2.34842e-16 0)
(1 -8.28904e-15 0)
(1 -5.22566e-15 0)
(1 -1.00471e-14 0)
(1 -3.35491e-15 0)
(1 -8.10114e-15 0)
(1 -3.98622e-15 0)
(1 -4.15539e-15 0)
(1 6.87893e-15 0)
(1 1.99695e-15 0)
(1 -5.76742e-15 0)
(1 -3.21449e-15 0)
(1 -9.63176e-16 0)
(1 -9.2513e-16 0)
(1 -1.16953e-15 0)
(1 -5.51687e-15 0)
(1 -6.73028e-15 0)
(1 -4.97947e-15 0)
(1 1.55239e-15 0)
(1 -7.85493e-15 0)
(1 7.09222e-16 0)
(1 5.81722e-15 0)
(1 6.14857e-15 0)
(1 -7.79654e-16 0)
(1 5.80434e-16 0)
(1 1.67974e-15 0)
(1 1.06158e-14 0)
(1 1.98745e-14 0)
(1 -2.35003e-15 0)
(1 -5.304e-15 0)
(1 -6.58397e-15 0)
(1 -1.38162e-15 0)
(1 -1.18472e-15 0)
(1 2.41581e-15 0)
(1 -4.50638e-15 0)
(1 -1.30457e-15 0)
(1 -1.5909e-15 0)
(1 -7.2737e-15 0)
(1 -3.23485e-15 0)
(1 -2.25896e-16 0)
(1 -9.47808e-16 0)
(1 -5.14562e-15 0)
(1 -3.49391e-15 0)
(1 2.22909e-15 0)
(1 4.94511e-15 0)
(1 5.72206e-15 0)
(1 4.63319e-15 0)
(1 3.34964e-15 0)
(1 8.02309e-15 0)
(1 9.31815e-16 0)
(1 -3.97349e-15 0)
(1 -6.73249e-15 0)
(1 3.13755e-15 0)
(1 -5.14745e-16 0)
(1 4.42735e-15 0)
(1 1.04201e-15 0)
(1 9.18804e-15 0)
(1 5.46512e-15 0)
(1 1.29975e-15 0)
(1 4.65744e-15 0)
(1 3.03414e-15 0)
(1 7.36088e-16 0)
(1 2.2695e-16 0)
(1 5.4958e-15 0)
(1 2.76402e-15 0)
(1 -7.26256e-15 0)
(1 -7.0002e-15 0)
(1 -5.17575e-15 0)
(1 1.80124e-15 0)
(1 8.24152e-16 0)
(1 -1.1152e-15 0)
(1 2.12735e-15 0)
(1 1.73879e-15 0)
(1 5.12369e-15 0)
(1 5.96056e-15 0)
(1 6.08118e-15 0)
(1 4.42841e-15 0)
(1 -4.85484e-15 0)
(1 -5.14716e-16 0)
(1 -9.25413e-17 0)
(1 -4.38028e-15 0)
(1 -2.29168e-15 0)
(1 8.1341e-15 0)
(1 3.84554e-16 0)
(1 4.87275e-15 0)
(1 -1.72927e-15 0)
(1 2.4586e-15 0)
(1 -4.0832e-15 0)
(1 -9.23416e-15 0)
(1 5.86359e-16 0)
(1 -3.11368e-15 0)
(1 -2.43865e-15 0)
(1 -4.25138e-15 0)
(1 -4.67644e-15 0)
(1 6.56147e-15 0)
(1 4.74466e-15 0)
(1 2.45645e-15 0)
(1 -1.37197e-14 0)
(1 -1.21422e-14 0)
(1 -7.68358e-15 0)
(1 -7.05373e-15 0)
(1 -1.5714e-14 0)
(1 -7.72322e-15 0)
(1 -9.15766e-15 0)
(1 -3.64141e-15 0)
(1 2.06672e-15 0)
(1 -2.89636e-15 0)
(1 -5.25621e-15 0)
(1 1.2384e-15 0)
(1 2.0918e-16 0)
(1 -2.99468e-15 0)
(1 1.60026e-15 0)
(1 -3.47858e-16 0)
(1 -2.72728e-15 0)
(1 -2.53665e-15 0)
(1 7.74532e-16 0)
(1 -3.9957e-15 0)
(1 7.73448e-16 0)
(1 2.91165e-15 0)
(1 -5.87509e-15 0)
(1 1.74827e-15 0)
(1 -1.92458e-15 0)
(1 -1.0787e-15 0)
(1 2.27081e-15 0)
(1 2.62402e-15 0)
(1 3.52933e-15 0)
(1 1.60749e-15 0)
(1 -3.73847e-15 0)
(1 -5.79541e-15 0)
(1 -7.57321e-15 0)
(1 3.23901e-15 0)
(1 4.79317e-15 0)
(1 -2.64609e-15 0)
(1 6.41149e-15 0)
(1 -1.54579e-15 0)
(1 -7.28999e-15 0)
(1 -1.23423e-14 0)
(1 -8.27877e-15 0)
(1 -9.7602e-15 0)
(1 3.32343e-15 0)
(1 -3.04406e-15 0)
(1 -2.95508e-15 0)
(1 -3.79735e-15 0)
(1 7.19407e-15 0)
(1 8.13371e-15 0)
(1 -7.88507e-17 0)
(1 -2.49747e-15 0)
(1 -1.82877e-15 0)
(1 -2.72902e-15 0)
(1 -2.24414e-16 0)
(1 2.90496e-15 0)
(1 2.52091e-15 0)
(1 6.99045e-15 0)
(1 6.33049e-15 0)
(1 9.62911e-15 0)
(1 5.59438e-15 0)
(1 1.10822e-15 0)
(1 2.95898e-15 0)
(1 -4.16906e-17 0)
(1 2.34555e-15 0)
(1 -5.89598e-16 0)
(1 1.43472e-15 0)
(1 -1.84568e-15 0)
(1 -4.04638e-15 0)
(1 -4.00724e-15 0)
(1 2.87254e-15 0)
(1 5.41908e-17 0)
(1 -4.20655e-15 0)
(1 -5.63434e-15 0)
(1 -4.89119e-15 0)
(1 -1.67905e-15 0)
(1 9.18798e-16 0)
(1 -3.03738e-16 0)
(1 4.78405e-15 0)
(1 4.49709e-15 0)
(1 2.27361e-15 0)
(1 6.44839e-15 0)
(1 -1.21869e-15 0)
(1 -4.15742e-15 0)
(1 2.01713e-15 0)
(1 -2.61422e-15 0)
(1 -2.61837e-15 0)
(1 -7.25459e-16 0)
(1 1.35354e-15 0)
(1 -2.02392e-15 0)
(1 1.11798e-15 0)
(1 1.58943e-15 0)
(1 1.35787e-14 0)
(1 6.81654e-15 0)
(1 2.75764e-15 0)
(1 -2.99719e-15 0)
(1 -6.67083e-15 0)
(1 -2.34667e-15 0)
(1 1.16821e-16 0)
(1 2.69202e-15 0)
(1 3.44054e-15 0)
(1 -5.25406e-15 0)
(1 -7.92346e-15 0)
(1 -9.75658e-15 0)
(1 -1.70885e-14 0)
(1 -9.4448e-15 0)
(1 -4.31976e-15 0)
(1 -6.8203e-15 0)
(1 -1.16928e-14 0)
(1 -1.7529e-14 0)
(1 -2.21715e-15 0)
(1 -3.77397e-15 0)
(1 2.1601e-15 0)
(1 -7.98938e-15 0)
(1 1.88888e-15 0)
(1 3.50164e-15 0)
(1 3.5901e-15 0)
(1 4.02287e-15 0)
(1 -3.64975e-15 0)
(1 1.07467e-15 0)
(1 -1.00472e-15 0)
(1 -8.12746e-15 0)
(1 -1.03559e-14 0)
(1 -8.47422e-15 0)
(1 -2.23378e-15 0)
(1 -4.04294e-15 0)
(1 -5.87447e-16 0)
(1 3.22045e-15 0)
(1 5.58327e-15 0)
(1 9.77011e-15 0)
(1 7.10342e-15 0)
(1 -9.29765e-15 0)
(1 -1.14121e-14 0)
(1 -5.457e-15 0)
(1 -3.98295e-16 0)
(1 3.82912e-16 0)
(1 1.00642e-15 0)
(1 8.96872e-16 0)
(1 1.72736e-15 0)
(1 -1.41404e-16 0)
(1 -4.55219e-15 0)
(1 -2.57529e-15 0)
(1 -2.68535e-16 0)
(1 -2.41474e-15 0)
(1 2.0245e-16 0)
(1 4.12821e-17 0)
(1 -1.21792e-15 0)
(1 -1.74208e-15 0)
(1 -6.03725e-15 0)
(1 -6.88142e-15 0)
(1 -1.50318e-15 0)
(1 -2.68805e-15 0)
(1 -7.82883e-15 0)
(1 -6.67699e-15 0)
(1 1.95289e-15 0)
(1 2.55889e-15 0)
(1 -1.6626e-15 0)
(1 -2.01918e-15 0)
(1 3.32831e-15 0)
(1 1.03939e-15 0)
(1 1.16363e-15 0)
(1 -1.17027e-15 0)
(1 5.70702e-15 0)
(1 7.07011e-16 0)
(1 -1.12696e-16 0)
(1 1.12412e-15 0)
(1 7.47104e-15 0)
(1 7.78261e-17 0)
(1 -3.47971e-15 0)
(1 -5.05415e-15 0)
(1 -6.48037e-16 0)
(1 1.49889e-16 0)
(1 5.1957e-16 0)
(1 3.82468e-16 0)
(1 1.74399e-15 0)
(1 5.55957e-15 0)
(1 4.56687e-15 0)
(1 7.47174e-15 0)
(1 1.50473e-15 0)
(1 -3.52035e-15 0)
(1 -6.74932e-15 0)
(1 -3.95964e-15 0)
(1 5.80499e-15 0)
(1 -7.78182e-15 0)
(1 -3.8936e-15 0)
(1 4.83869e-15 0)
(1 3.07142e-15 0)
(1 -8.18435e-15 0)
(1 3.00527e-15 0)
(1 -3.13343e-15 0)
(1 5.12711e-15 0)
(1 3.75989e-15 0)
(1 6.06252e-15 0)
(1 3.01495e-16 0)
(1 -5.8653e-15 0)
(1 -1.29373e-15 0)
(1 -4.54772e-15 0)
(1 1.63865e-15 0)
(1 1.21688e-16 0)
(1 2.34618e-15 0)
(1 -2.30625e-15 0)
(1 1.55704e-15 0)
(1 7.216e-15 0)
(1 -6.11953e-15 0)
(1 -1.50308e-14 0)
(1 -1.98638e-14 0)
(1 -3.57205e-15 0)
(1 2.98736e-15 0)
(1 -5.84877e-16 0)
(1 -6.51032e-15 0)
(1 -7.55391e-15 0)
(1 -5.34951e-15 0)
(1 -8.92257e-15 0)
(1 -6.67691e-15 0)
(1 -1.25992e-14 0)
(1 -4.07792e-15 0)
(1 -7.02642e-15 0)
(1 2.50444e-15 0)
(1 2.67077e-16 0)
(1 -2.50567e-15 0)
(1 -9.18955e-15 0)
(1 -5.48528e-15 0)
(1 -8.83482e-15 0)
(1 -5.78201e-15 0)
(1 -1.5735e-16 0)
(1 -5.82059e-15 0)
(1 8.43509e-16 0)
(1 6.15166e-16 0)
(1 4.20442e-15 0)
(1 -4.40208e-15 0)
(1 -3.39692e-15 0)
(1 -8.30928e-15 0)
(1 3.59623e-16 0)
(1 6.78365e-15 0)
(1 6.92827e-15 0)
(1 2.26504e-16 0)
(1 1.157e-16 0)
(1 3.02153e-15 0)
(1 -5.29656e-15 0)
(1 1.77358e-15 0)
(1 5.91947e-15 0)
(1 5.16828e-15 0)
(1 5.74171e-15 0)
(1 1.40406e-15 0)
(1 -8.34512e-15 0)
(1 4.24926e-16 0)
(1 -6.4322e-16 0)
(1 3.24639e-15 0)
(1 -2.84618e-16 0)
(1 -6.32115e-15 0)
(1 -6.22143e-15 0)
(1 -1.36008e-15 0)
(1 -1.39331e-15 0)
(1 -4.25462e-15 0)
(1 2.10344e-15 0)
(1 -1.81662e-15 0)
(1 2.90815e-17 0)
(1 -1.6413e-15 0)
(1 4.28134e-15 0)
(1 -1.37941e-15 0)
(1 2.48105e-15 0)
(1 5.62291e-17 0)
(1 5.71514e-15 0)
(1 2.21212e-15 0)
(1 3.00981e-15 0)
(1 2.57291e-15 0)
(1 2.0534e-15 0)
(1 -2.02955e-15 0)
(1 -3.47276e-15 0)
(1 -1.57148e-15 0)
(1 1.07296e-15 0)
(1 -3.10782e-15 0)
(1 -1.26081e-16 0)
(1 1.07451e-15 0)
(1 -2.44667e-15 0)
(1 4.58695e-15 0)
(1 3.96155e-15 0)
(1 -1.10092e-15 0)
(1 -6.41421e-15 0)
(1 -3.30074e-15 0)
(1 -7.59755e-15 0)
(1 7.32048e-15 0)
(1 1.14406e-14 0)
(1 2.78885e-15 0)
(1 -3.96496e-15 0)
(1 9.53654e-15 0)
(1 -3.66096e-15 0)
(1 -5.77945e-15 0)
(1 -4.32947e-15 0)
(1 1.76161e-15 0)
(1 3.62289e-15 0)
(1 7.79078e-15 0)
(1 7.02828e-16 0)
(1 -1.10178e-14 0)
(1 -4.3616e-15 0)
(1 8.92927e-15 0)
(1 1.18001e-14 0)
(1 3.43997e-15 0)
(1 -9.23503e-15 0)
(1 -6.51745e-15 0)
(1 -9.79386e-15 0)
(1 -1.00355e-14 0)
(1 -9.54256e-15 0)
(1 -3.95136e-15 0)
(1 -8.92713e-15 0)
(1 -1.22907e-14 0)
(1 -5.98897e-15 0)
(1 9.10218e-16 0)
(1 -5.14882e-15 0)
(1 -3.70379e-15 0)
(1 -6.99818e-15 0)
(1 -2.53454e-15 0)
(1 -2.83057e-15 0)
(1 -1.02062e-16 0)
(1 -8.77113e-15 0)
(1 -5.79083e-15 0)
(1 -5.46694e-16 0)
(1 4.93271e-17 0)
(1 -1.03866e-15 0)
(1 -3.58541e-15 0)
(1 -7.43823e-15 0)
(1 8.48584e-16 0)
(1 -5.85286e-15 0)
(1 -4.47189e-15 0)
(1 -6.24067e-15 0)
(1 -3.96605e-15 0)
(1 -3.94308e-15 0)
(1 -2.62892e-15 0)
(1 -2.09173e-16 0)
(1 -5.23112e-15 0)
(1 -8.54294e-15 0)
(1 -2.10827e-15 0)
(1 -4.07216e-16 0)
(1 4.59735e-15 0)
(1 -1.03722e-15 0)
(1 -5.73989e-16 0)
(1 1.37953e-15 0)
(1 3.01688e-15 0)
(1 1.68533e-15 0)
(1 -1.1594e-16 0)
(1 4.65102e-15 0)
(1 -5.21066e-15 0)
(1 -2.60487e-15 0)
(1 -4.66039e-15 0)
(1 -3.0425e-15 0)
(1 -1.15445e-15 0)
(1 -6.47027e-16 0)
(1 -2.55667e-15 0)
(1 -1.53055e-16 0)
(1 -5.37042e-15 0)
(1 -8.46111e-15 0)
(1 -6.83964e-15 0)
(1 -4.32887e-15 0)
(1 -3.9653e-15 0)
(1 1.96921e-16 0)
(1 -1.12484e-15 0)
(1 4.70162e-15 0)
(1 3.63942e-15 0)
(1 3.5121e-15 0)
(1 -1.16765e-16 0)
(1 2.30728e-15 0)
(1 -2.41623e-15 0)
(1 -4.47586e-15 0)
(1 5.31751e-16 0)
(1 6.26683e-15 0)
(1 5.20413e-15 0)
(1 -2.01336e-15 0)
(1 -1.91884e-15 0)
(1 -1.2554e-15 0)
(1 -5.74369e-16 0)
(1 2.46179e-15 0)
(1 -2.36939e-15 0)
(1 -1.4021e-15 0)
(1 -4.99621e-15 0)
(1 -5.83441e-15 0)
(1 -1.78153e-15 0)
(1 2.33207e-15 0)
(1 -3.70639e-15 0)
(1 1.23271e-15 0)
(1 7.58061e-16 0)
(1 -3.30091e-16 0)
(1 7.23438e-16 0)
(1 -5.63473e-15 0)
(1 -1.81807e-15 0)
(1 6.31601e-15 0)
(1 6.60524e-15 0)
(1 1.54573e-15 0)
(1 -1.93943e-15 0)
(1 -3.92579e-15 0)
(1 5.06339e-15 0)
(1 9.99702e-16 0)
(1 7.76657e-16 0)
(1 -2.59339e-15 0)
(1 1.67081e-16 0)
(1 -2.43858e-15 0)
(1 3.0155e-15 0)
(1 -9.57158e-16 0)
(1 -3.51408e-15 0)
(1 -7.06669e-15 0)
(1 -9.44093e-15 0)
(1 -7.12374e-15 0)
(1 -7.40992e-15 0)
(1 -7.6898e-15 0)
(1 -1.91814e-15 0)
(1 -1.90325e-15 0)
(1 1.45711e-16 0)
(1 -5.78371e-15 0)
(1 -8.14562e-15 0)
(1 -9.10497e-15 0)
(1 -7.49281e-15 0)
(1 -2.94236e-15 0)
(1 -3.13876e-15 0)
(1 -1.59417e-15 0)
(1 -4.1109e-15 0)
(1 1.98607e-15 0)
(1 -2.36568e-15 0)
(1 -6.52316e-16 0)
(1 7.44104e-16 0)
(1 8.04259e-16 0)
(1 -3.14558e-15 0)
(1 -5.88848e-15 0)
(1 2.90095e-15 0)
(1 -5.64008e-15 0)
(1 -7.85342e-15 0)
(1 2.63996e-15 0)
(1 -1.88454e-15 0)
(1 -9.35571e-15 0)
(1 -3.80784e-15 0)
(1 -7.71516e-15 0)
(1 -1.54884e-16 0)
(1 -1.06945e-15 0)
(1 -1.11123e-15 0)
(1 4.47694e-15 0)
(1 1.18755e-15 0)
(1 8.09237e-16 0)
(1 2.06782e-15 0)
(1 3.32616e-15 0)
(1 1.85921e-15 0)
(1 8.0441e-15 0)
(1 -3.53239e-15 0)
(1 1.27249e-15 0)
(1 -1.53286e-15 0)
(1 7.25755e-15 0)
(1 4.38966e-15 0)
(1 5.26891e-15 0)
(1 -9.91644e-15 0)
(1 4.51452e-17 0)
(1 -5.703e-15 0)
(1 -5.30016e-15 0)
(1 -4.15207e-15 0)
(1 -1.00058e-14 0)
(1 -5.93958e-15 0)
(1 -6.1585e-15 0)
(1 -3.07111e-15 0)
(1 -4.90925e-15 0)
(1 7.32029e-16 0)
(1 1.58548e-15 0)
(1 5.94084e-15 0)
(1 -2.71443e-15 0)
(1 2.73188e-16 0)
(1 -1.43725e-15 0)
(1 -1.26155e-15 0)
(1 -2.63831e-15 0)
(1 -5.68983e-16 0)
(1 8.23003e-16 0)
(1 3.97775e-15 0)
(1 2.17526e-15 0)
(1 4.98748e-15 0)
(1 7.06321e-15 0)
(1 2.97418e-15 0)
(1 -1.32151e-15 0)
(1 -1.03989e-15 0)
(1 -1.14286e-15 0)
(1 2.55258e-15 0)
(1 4.20667e-15 0)
(1 -2.64978e-15 0)
(1 3.03338e-15 0)
(1 -8.72548e-16 0)
(1 4.90812e-15 0)
(1 5.17359e-15 0)
(1 4.9076e-15 0)
(1 3.53919e-16 0)
(1 -1.027e-15 0)
(1 -1.16864e-14 0)
(1 4.42527e-15 0)
(1 -6.29165e-15 0)
(1 2.58191e-15 0)
(1 1.07804e-15 0)
(1 1.30407e-15 0)
(1 5.46408e-16 0)
(1 5.88668e-15 0)
(1 -5.70835e-15 0)
(1 -9.53458e-15 0)
(1 6.12897e-15 0)
(1 -5.49543e-15 0)
(1 -9.73515e-15 0)
(1 -3.97291e-15 0)
(1 -2.40096e-15 0)
(1 -2.08776e-15 0)
(1 3.89886e-15 0)
(1 3.84656e-15 0)
(1 3.36718e-15 0)
(1 -3.80592e-15 0)
(1 -6.22194e-15 0)
(1 3.50069e-15 0)
(1 -7.80563e-15 0)
(1 -4.01703e-15 0)
(1 -7.23803e-15 0)
(1 -1.28712e-14 0)
(1 -9.78493e-15 0)
(1 -4.90977e-15 0)
(1 -2.36727e-15 0)
(1 -5.40174e-15 0)
(1 -5.70067e-15 0)
(1 1.05158e-15 0)
(1 4.78045e-15 0)
(1 -5.50194e-16 0)
(1 -4.76285e-15 0)
(1 -2.77174e-15 0)
(1 -2.69055e-15 0)
(1 -6.59881e-15 0)
(1 1.97169e-15 0)
(1 5.29447e-15 0)
(1 -3.4285e-15 0)
(1 -2.23662e-15 0)
(1 -4.64335e-15 0)
(1 -9.39632e-15 0)
(1 -4.93008e-15 0)
(1 -8.1111e-15 0)
(1 -3.43239e-15 0)
(1 1.80625e-15 0)
(1 5.04819e-15 0)
(1 7.3414e-15 0)
(1 3.27984e-15 0)
(1 5.28948e-16 0)
(1 5.14021e-15 0)
(1 1.49781e-15 0)
(1 -1.43078e-15 0)
(1 7.92236e-16 0)
(1 -1.63191e-16 0)
(1 -2.15379e-15 0)
(1 6.94584e-16 0)
(1 4.80888e-15 0)
(1 5.46295e-15 0)
(1 -3.71679e-15 0)
(1 -2.33382e-15 0)
(1 -2.25416e-15 0)
(1 -3.28289e-15 0)
(1 -2.64687e-15 0)
(1 -2.23334e-16 0)
(1 6.64672e-16 0)
(1 -1.82272e-15 0)
(1 -5.98092e-15 0)
(1 -6.66378e-15 0)
(1 -6.58814e-15 0)
(1 -3.48324e-17 0)
(1 -1.48665e-15 0)
(1 1.55052e-15 0)
(1 2.71065e-15 0)
(1 1.03502e-15 0)
(1 -3.55846e-15 0)
(1 -5.73468e-16 0)
(1 -3.38467e-15 0)
(1 -1.69878e-15 0)
(1 -7.15077e-15 0)
(1 -2.54698e-15 0)
(1 -2.78067e-15 0)
(1 4.49272e-15 0)
(1 8.42116e-16 0)
(1 7.64282e-15 0)
(1 1.7039e-15 0)
(1 3.8679e-16 0)
(1 -1.39857e-15 0)
(1 6.76935e-15 0)
(1 5.65919e-15 0)
(1 -8.18961e-16 0)
(1 -1.87553e-16 0)
(1 -1.89075e-15 0)
(1 -9.32698e-16 0)
(1 -3.51644e-15 0)
(1 4.70558e-15 0)
(1 -2.51296e-15 0)
(1 7.78205e-15 0)
(1 -7.42206e-16 0)
(1 2.49555e-15 0)
(1 -8.53649e-15 0)
(1 6.65546e-15 0)
(1 1.63443e-15 0)
(1 8.20533e-15 0)
(1 -8.3213e-15 0)
(1 1.76998e-15 0)
(1 -3.84001e-15 0)
(1 -2.36766e-15 0)
(1 -1.79463e-15 0)
(1 -3.18346e-15 0)
(1 -1.06606e-14 0)
(1 -3.05175e-15 0)
(1 -6.32363e-15 0)
(1 -1.82753e-16 0)
(1 -2.43564e-15 0)
(1 1.2693e-15 0)
(1 -1.89121e-15 0)
(1 -5.16911e-15 0)
(1 -1.07831e-15 0)
(1 2.71919e-15 0)
(1 1.72427e-15 0)
(1 3.22303e-16 0)
(1 -4.30318e-15 0)
(1 -1.24352e-14 0)
(1 -7.23727e-15 0)
(1 -8.13879e-15 0)
(1 -1.4477e-15 0)
(1 4.30052e-15 0)
(1 1.26249e-15 0)
(1 -1.38364e-15 0)
(1 -2.2998e-15 0)
(1 -2.83944e-16 0)
(1 -2.59956e-16 0)
(1 -1.98418e-15 0)
(1 -1.39076e-15 0)
(1 -1.06858e-14 0)
(1 -1.27719e-14 0)
(1 2.22834e-15 0)
(1 -6.39678e-16 0)
(1 -3.03467e-15 0)
(1 -3.64038e-16 0)
(1 -1.24519e-15 0)
(1 -1.89937e-15 0)
(1 -4.83343e-15 0)
(1 -5.4095e-15 0)
(1 -6.55848e-15 0)
(1 2.67882e-15 0)
(1 6.03376e-15 0)
(1 8.35475e-15 0)
(1 4.53444e-15 0)
(1 -1.47694e-16 0)
(1 -1.23799e-15 0)
(1 5.82396e-16 0)
(1 -2.31023e-15 0)
(1 3.69079e-15 0)
(1 5.55168e-15 0)
(1 2.40572e-15 0)
(1 -1.63248e-15 0)
(1 2.42969e-15 0)
(1 -8.40585e-15 0)
(1 -2.90188e-15 0)
(1 -1.08e-14 0)
(1 -7.59768e-15 0)
(1 -6.14498e-15 0)
(1 -3.47412e-15 0)
(1 4.43029e-15 0)
(1 -2.9246e-15 0)
(1 -5.55851e-16 0)
(1 -2.82242e-15 0)
(1 -3.54176e-15 0)
(1 -1.69272e-15 0)
(1 -5.30767e-15 0)
(1 -7.54536e-15 0)
(1 -2.75144e-15 0)
(1 -3.67087e-16 0)
(1 8.14816e-16 0)
(1 2.39171e-15 0)
(1 -6.49612e-16 0)
(1 1.70727e-15 0)
(1 2.46499e-15 0)
(1 2.05157e-15 0)
(1 4.84772e-16 0)
(1 3.27751e-15 0)
(1 -1.59119e-15 0)
(1 3.05472e-15 0)
(1 -2.14419e-15 0)
(1 5.2358e-16 0)
(1 1.92816e-15 0)
(1 -3.74897e-15 0)
(1 -5.93126e-15 0)
(1 -3.90329e-16 0)
(1 -5.61483e-15 0)
(1 3.59893e-15 0)
(1 2.03746e-15 0)
(1 -1.78183e-15 0)
(1 5.63027e-15 0)
(1 -7.22784e-15 0)
(1 -9.37408e-15 0)
(1 1.53568e-15 0)
(1 -7.21298e-16 0)
(1 2.39714e-15 0)
(1 9.78792e-15 0)
(1 3.52112e-15 0)
(1 7.59721e-15 0)
(1 -2.72488e-15 0)
(1 -7.25352e-15 0)
(1 -2.07722e-15 0)
(1 7.12945e-16 0)
(1 9.95277e-15 0)
(1 -1.89423e-15 0)
(1 -5.40116e-15 0)
(1 -9.40262e-15 0)
(1 -1.26576e-14 0)
(1 -1.92522e-15 0)
(1 -6.11691e-15 0)
(1 -3.19354e-15 0)
(1 -1.88453e-15 0)
(1 -1.26903e-15 0)
(1 5.16779e-16 0)
(1 -1.14486e-14 0)
(1 -1.66685e-15 0)
(1 -6.439e-15 0)
(1 -3.7257e-15 0)
(1 4.54113e-15 0)
(1 3.66088e-15 0)
(1 -1.85712e-15 0)
(1 -6.72624e-15 0)
(1 -3.09436e-16 0)
(1 -2.56632e-15 0)
(1 -9.54564e-15 0)
(1 -1.1291e-14 0)
(1 -5.33304e-15 0)
(1 1.68242e-16 0)
(1 5.48411e-15 0)
(1 1.92817e-15 0)
(1 1.53168e-15 0)
(1 -1.08518e-14 0)
(1 -2.72653e-15 0)
(1 2.79213e-15 0)
(1 7.5552e-15 0)
(1 6.11783e-15 0)
(1 -4.64007e-15 0)
(1 -8.15127e-15 0)
(1 -5.51994e-15 0)
(1 -5.57992e-15 0)
(1 -4.43821e-15 0)
(1 1.64133e-15 0)
(1 7.63408e-15 0)
(1 8.00818e-15 0)
(1 8.51738e-15 0)
(1 -1.96169e-15 0)
(1 -1.35085e-15 0)
(1 1.13497e-15 0)
(1 -1.48992e-15 0)
(1 -1.92649e-15 0)
(1 -2.99334e-15 0)
(1 1.4296e-15 0)
(1 -4.7099e-15 0)
(1 -7.98615e-15 0)
(1 -4.84665e-15 0)
(1 -5.37375e-15 0)
(1 -4.99313e-15 0)
(1 -6.99674e-15 0)
(1 -8.04242e-15 0)
(1 -5.63191e-15 0)
(1 -3.60121e-15 0)
(1 -4.58504e-15 0)
(1 1.52245e-15 0)
(1 2.21067e-15 0)
(1 -4.99949e-15 0)
(1 -8.57403e-15 0)
(1 -1.04009e-15 0)
(1 -7.30897e-16 0)
(1 -2.74546e-15 0)
(1 -3.46395e-16 0)
(1 -3.86676e-15 0)
(1 -4.44498e-16 0)
(1 5.73236e-16 0)
(1 1.07568e-15 0)
(1 2.456e-15 0)
(1 1.6535e-15 0)
(1 2.38512e-15 0)
(1 -7.42669e-16 0)
(1 1.29485e-15 0)
(1 -3.33267e-15 0)
(1 -3.06974e-15 0)
(1 -9.67041e-16 0)
(1 -2.16026e-15 0)
(1 -8.1342e-15 0)
(1 -1.01545e-14 0)
(1 2.51074e-15 0)
(1 -3.18486e-15 0)
(1 -1.94195e-15 0)
(1 -5.82187e-16 0)
(1 1.22836e-15 0)
(1 -2.3135e-15 0)
(1 -9.21076e-16 0)
(1 -1.63595e-14 0)
(1 -7.00047e-15 0)
(1 -1.57449e-14 0)
(1 2.03268e-15 0)
(1 6.35498e-16 0)
(1 7.78634e-15 0)
(1 -9.3152e-17 0)
(1 5.7146e-15 0)
(1 3.66598e-15 0)
(1 7.88885e-15 0)
(1 6.50664e-15 0)
(1 1.33007e-15 0)
(1 -3.79524e-15 0)
(1 -7.91307e-15 0)
(1 -1.03706e-14 0)
(1 -7.14089e-15 0)
(1 4.58121e-15 0)
(1 3.21868e-16 0)
(1 -4.82745e-15 0)
(1 -6.03031e-16 0)
(1 -3.21718e-15 0)
(1 -9.22299e-15 0)
(1 -7.9602e-15 0)
(1 -6.25346e-15 0)
(1 -1.50081e-15 0)
(1 -2.28059e-15 0)
(1 1.10021e-14 0)
(1 5.77819e-15 0)
(1 -3.38621e-15 0)
(1 -3.32816e-15 0)
(1 -2.71713e-15 0)
(1 -2.61918e-15 0)
(1 -2.17342e-15 0)
(1 -8.51134e-15 0)
(1 -3.98352e-17 0)
(1 -1.04193e-15 0)
(1 1.6932e-16 0)
(1 -8.05713e-15 0)
(1 -6.44413e-15 0)
(1 -6.88272e-15 0)
(1 -9.981e-16 0)
(1 6.76325e-15 0)
(1 -3.13339e-16 0)
(1 5.23308e-17 0)
(1 -1.80433e-15 0)
(1 -2.31459e-15 0)
(1 -5.38712e-16 0)
(1 -1.37661e-15 0)
(1 -7.23005e-16 0)
(1 -8.16976e-16 0)
(1 -1.91127e-15 0)
(1 -2.76835e-15 0)
(1 7.40515e-16 0)
(1 -4.19322e-15 0)
(1 -5.67453e-17 0)
(1 4.36971e-15 0)
(1 8.12959e-15 0)
(1 4.37905e-17 0)
(1 -5.34418e-15 0)
(1 -3.36126e-15 0)
(1 -1.05729e-14 0)
(1 -1.70161e-14 0)
(1 -1.25824e-14 0)
(1 -7.05473e-15 0)
(1 -6.69715e-15 0)
(1 -3.57861e-15 0)
(1 2.79352e-15 0)
(1 5.88385e-15 0)
(1 1.20947e-15 0)
(1 1.14101e-15 0)
(1 -5.062e-15 0)
(1 -2.65563e-15 0)
(1 1.53423e-15 0)
(1 -2.51722e-15 0)
(1 -1.21453e-15 0)
(1 -1.79479e-15 0)
(1 -9.65572e-15 0)
(1 -6.46818e-15 0)
(1 -5.55596e-15 0)
(1 -4.30001e-15 0)
(1 1.84058e-15 0)
(1 5.63728e-15 0)
(1 3.38385e-15 0)
(1 1.52834e-15 0)
(1 1.14273e-15 0)
(1 1.63073e-15 0)
(1 4.90518e-15 0)
(1 -3.86283e-15 0)
(1 2.44774e-15 0)
(1 -6.28511e-15 0)
(1 -9.41711e-15 0)
(1 -1.36544e-14 0)
(1 -1.13045e-14 0)
(1 1.85965e-15 0)
(1 -3.38357e-15 0)
(1 6.21533e-15 0)
(1 -4.66729e-16 0)
(1 4.21713e-15 0)
(1 -6.54413e-15 0)
(1 -3.6422e-15 0)
(1 -1.21325e-14 0)
(1 -4.14034e-15 0)
(1 -1.47408e-16 0)
(1 2.51554e-15 0)
(1 1.03867e-15 0)
(1 -5.99395e-15 0)
(1 -2.51859e-16 0)
(1 3.82827e-15 0)
(1 2.18599e-15 0)
(1 -5.10159e-15 0)
(1 4.79002e-15 0)
(1 -1.16832e-15 0)
(1 1.06801e-14 0)
(1 4.16994e-15 0)
(1 7.69089e-15 0)
(1 3.41174e-15 0)
(1 -2.52376e-15 0)
(1 -1.14181e-14 0)
(1 -1.02567e-14 0)
(1 -1.21926e-14 0)
(1 -8.05265e-15 0)
(1 -7.68919e-15 0)
(1 -1.72457e-15 0)
(1 -7.1923e-15 0)
(1 -1.37953e-15 0)
(1 4.43534e-15 0)
(1 1.23023e-14 0)
(1 6.46964e-15 0)
(1 -1.90071e-15 0)
(1 -5.729e-15 0)
(1 -8.60369e-15 0)
(1 -3.26934e-15 0)
(1 1.92123e-15 0)
(1 3.7253e-15 0)
(1 -1.67153e-15 0)
(1 -9.068e-15 0)
(1 -1.14975e-14 0)
(1 -3.99427e-15 0)
(1 -3.755e-15 0)
(1 -3.60273e-15 0)
(1 -1.53446e-15 0)
(1 -1.77284e-15 0)
(1 -5.16866e-15 0)
(1 -4.40078e-15 0)
(1 1.50627e-15 0)
(1 2.44565e-15 0)
(1 2.83991e-15 0)
(1 4.40417e-15 0)
(1 -1.29936e-15 0)
(1 -2.87166e-15 0)
(1 -5.97586e-15 0)
(1 1.23138e-15 0)
(1 -3.10188e-15 0)
(1 2.59899e-15 0)
(1 -2.53294e-16 0)
(1 3.29416e-15 0)
(1 -1.37229e-15 0)
(1 -2.90586e-15 0)
(1 -5.61312e-16 0)
(1 -1.42862e-15 0)
(1 -2.45434e-15 0)
(1 -1.07991e-14 0)
(1 -9.91728e-15 0)
(1 -1.06913e-14 0)
(1 -8.57846e-15 0)
(1 -2.23266e-15 0)
(1 7.14629e-16 0)
(1 1.9366e-15 0)
(1 -1.93049e-15 0)
(1 -2.1883e-15 0)
(1 -1.38404e-15 0)
(1 1.48862e-15 0)
(1 9.28015e-15 0)
(1 5.47576e-15 0)
(1 -6.86005e-15 0)
(1 -8.90017e-15 0)
(1 -7.17617e-15 0)
(1 -1.47968e-15 0)
(1 1.35974e-15 0)
(1 -2.34897e-15 0)
(1 -1.19263e-16 0)
(1 -2.00306e-16 0)
(1 3.74445e-15 0)
(1 2.29023e-16 0)
(1 -7.4875e-17 0)
(1 1.6629e-15 0)
(1 3.2383e-15 0)
(1 -4.85297e-15 0)
(1 -3.4005e-15 0)
(1 -6.61941e-15 0)
(1 -1.00647e-14 0)
(1 -1.67782e-14 0)
(1 -1.02646e-14 0)
(1 -2.935e-15 0)
(1 -3.9546e-15 0)
(1 4.01016e-15 0)
(1 -7.83443e-16 0)
(1 2.98482e-16 0)
(1 -1.37275e-15 0)
(1 3.60774e-15 0)
(1 -7.73784e-15 0)
(1 -6.21157e-15 0)
(1 1.64834e-15 0)
(1 1.65241e-15 0)
(1 -3.06293e-15 0)
(1 -7.36025e-15 0)
(1 -3.57363e-15 0)
(1 2.86791e-15 0)
(1 -1.6824e-15 0)
(1 -8.11509e-15 0)
(1 7.5393e-15 0)
(1 4.44247e-15 0)
(1 1.71951e-15 0)
(1 5.78596e-15 0)
(1 9.16238e-15 0)
(1 8.38323e-15 0)
(1 -6.38682e-15 0)
(1 -9.02557e-15 0)
(1 -5.8078e-15 0)
(1 -6.18615e-15 0)
(1 -8.07605e-15 0)
(1 -5.90191e-15 0)
(1 -6.54491e-15 0)
(1 8.84866e-16 0)
(1 1.33561e-15 0)
(1 -3.09718e-15 0)
(1 -4.63737e-15 0)
(1 1.83839e-15 0)
(1 -7.3805e-15 0)
(1 -3.69225e-15 0)
(1 -7.31727e-15 0)
(1 -1.10455e-15 0)
(1 -2.3456e-16 0)
(1 7.27465e-15 0)
(1 -6.82343e-15 0)
(1 -7.13667e-15 0)
(1 -4.61685e-16 0)
(1 -3.86268e-15 0)
(1 2.7548e-16 0)
(1 1.39941e-16 0)
(1 -2.75479e-15 0)
(1 -1.44956e-15 0)
(1 -1.58636e-16 0)
(1 3.00198e-15 0)
(1 -7.54695e-17 0)
(1 -5.78846e-15 0)
(1 -4.45386e-15 0)
(1 -1.80263e-16 0)
(1 3.9557e-15 0)
(1 4.73301e-15 0)
(1 7.96477e-16 0)
(1 2.23197e-15 0)
(1 3.71997e-15 0)
(1 9.92848e-15 0)
(1 3.35843e-15 0)
(1 -1.65151e-15 0)
(1 -7.26444e-15 0)
(1 -2.77012e-15 0)
(1 -4.98378e-15 0)
(1 -6.27637e-16 0)
(1 -3.19607e-15 0)
(1 1.70563e-16 0)
(1 -2.37145e-15 0)
(1 -2.72769e-15 0)
(1 -2.84779e-15 0)
(1 5.48692e-16 0)
(1 -6.49287e-15 0)
(1 -2.44282e-15 0)
(1 7.88481e-16 0)
(1 -1.87374e-15 0)
(1 -5.40562e-16 0)
(1 1.20155e-16 0)
(1 2.413e-15 0)
(1 9.32624e-16 0)
(1 3.44041e-16 0)
(1 1.43318e-15 0)
(1 5.26303e-15 0)
(1 -1.1365e-15 0)
(1 -3.15286e-15 0)
(1 -3.11639e-15 0)
(1 -3.91178e-15 0)
(1 -6.72369e-15 0)
(1 1.52347e-15 0)
(1 -1.72472e-15 0)
(1 4.62952e-15 0)
(1 1.74651e-15 0)
(1 -3.94158e-16 0)
(1 -4.51719e-15 0)
(1 -4.45476e-15 0)
(1 -1.20092e-15 0)
(1 -4.22041e-15 0)
(1 -5.03182e-15 0)
(1 -3.04772e-15 0)
(1 -2.39274e-15 0)
(1 1.38732e-15 0)
(1 -2.56487e-15 0)
(1 1.20926e-15 0)
(1 5.78552e-16 0)
(1 2.50684e-16 0)
(1 2.18053e-15 0)
(1 3.21988e-15 0)
(1 -5.63389e-15 0)
(1 -6.9231e-15 0)
(1 -8.38077e-15 0)
(1 -7.86764e-15 0)
(1 3.83498e-16 0)
(1 -4.46793e-15 0)
(1 3.03604e-15 0)
(1 4.16012e-15 0)
(1 3.21088e-15 0)
(1 1.4416e-15 0)
(1 1.04325e-15 0)
(1 -7.03115e-15 0)
(1 -5.03331e-15 0)
(1 -5.19684e-15 0)
(1 1.37148e-15 0)
(1 7.84019e-16 0)
(1 1.03103e-15 0)
(1 9.42078e-16 0)
(1 -1.5024e-15 0)
(1 -6.59429e-15 0)
(1 -3.73832e-15 0)
(1 8.19482e-17 0)
(1 5.36143e-15 0)
(1 2.71264e-15 0)
(1 -7.65503e-15 0)
(1 -1.26512e-14 0)
(1 -8.67014e-15 0)
(1 -6.64217e-15 0)
(1 -5.62329e-15 0)
(1 -2.21448e-15 0)
(1 -1.89164e-15 0)
(1 4.82891e-16 0)
(1 -1.63828e-15 0)
(1 -3.92752e-16 0)
(1 -2.16157e-15 0)
(1 4.61917e-15 0)
(1 -9.74767e-15 0)
(1 -7.40599e-15 0)
(1 2.15769e-15 0)
(1 -3.93534e-16 0)
(1 4.80069e-15 0)
(1 -1.1171e-16 0)
(1 -1.62898e-15 0)
(1 -1.78989e-15 0)
(1 -5.23063e-15 0)
(1 -4.75593e-15 0)
(1 -7.38276e-16 0)
(1 5.5698e-15 0)
(1 2.53695e-15 0)
(1 2.5047e-15 0)
(1 -3.84227e-15 0)
(1 1.5655e-15 0)
(1 -1.49474e-15 0)
(1 6.46665e-15 0)
(1 2.78192e-15 0)
(1 7.14488e-15 0)
(1 2.32114e-15 0)
(1 1.69801e-15 0)
(1 -7.05196e-15 0)
(1 -5.34426e-15 0)
(1 -2.02372e-15 0)
(1 -3.68226e-15 0)
(1 -5.18145e-15 0)
(1 -3.34338e-15 0)
(1 2.54261e-15 0)
(1 -1.58619e-16 0)
(1 9.55328e-16 0)
(1 2.34678e-16 0)
(1 -3.71048e-16 0)
(1 -4.99897e-15 0)
(1 -3.95371e-15 0)
(1 1.34005e-15 0)
(1 4.49881e-16 0)
(1 5.94783e-15 0)
(1 2.02907e-15 0)
(1 8.81163e-15 0)
(1 -3.56859e-16 0)
(1 -1.70197e-15 0)
(1 -1.95565e-15 0)
(1 2.25769e-15 0)
(1 2.82705e-15 0)
(1 2.69013e-15 0)
(1 -3.40903e-15 0)
(1 5.89196e-15 0)
(1 1.33737e-15 0)
(1 1.35617e-15 0)
(1 -2.82701e-15 0)
(1 5.89906e-16 0)
(1 -8.57348e-16 0)
(1 -4.88093e-15 0)
(1 -4.0832e-15 0)
(1 -3.36041e-15 0)
(1 -1.98277e-15 0)
(1 3.75191e-15 0)
(1 2.79632e-15 0)
(1 5.72266e-16 0)
(1 2.96913e-15 0)
(1 1.25623e-16 0)
(1 -1.17969e-15 0)
(1 6.76593e-15 0)
(1 -4.42033e-16 0)
(1 -8.42951e-15 0)
(1 -7.70223e-15 0)
(1 -3.14911e-15 0)
(1 -9.16814e-15 0)
(1 -6.33384e-15 0)
(1 -2.10929e-15 0)
(1 1.20873e-15 0)
(1 6.07915e-15 0)
(1 -3.37466e-15 0)
(1 4.03687e-15 0)
(1 7.22386e-15 0)
(1 5.47279e-15 0)
(1 1.23609e-15 0)
(1 -5.78707e-15 0)
(1 -1.20119e-14 0)
(1 -9.63325e-15 0)
(1 -1.97024e-15 0)
(1 -4.18313e-15 0)
(1 3.2636e-16 0)
(1 -2.57527e-16 0)
(1 9.12384e-16 0)
(1 -6.81519e-15 0)
(1 -9.39164e-15 0)
(1 1.52537e-16 0)
(1 -6.95748e-16 0)
(1 -1.46857e-15 0)
(1 6.14588e-15 0)
(1 -4.44764e-15 0)
(1 -9.20228e-15 0)
(1 -6.76047e-15 0)
(1 -3.77098e-15 0)
(1 -7.22732e-15 0)
(1 -2.71385e-15 0)
(1 -9.23432e-15 0)
(1 -5.70278e-15 0)
(1 4.79358e-15 0)
(1 6.81385e-15 0)
(1 7.26109e-15 0)
(1 7.11485e-16 0)
(1 1.90936e-15 0)
(1 -1.31804e-15 0)
(1 -6.43201e-15 0)
(1 -6.15869e-15 0)
(1 -2.47575e-15 0)
(1 4.40584e-15 0)
(1 4.40723e-15 0)
(1 7.50492e-15 0)
(1 2.97203e-15 0)
(1 2.13675e-15 0)
(1 -1.82256e-16 0)
(1 -1.88276e-16 0)
(1 -8.53601e-16 0)
(1 5.92858e-15 0)
(1 3.70183e-15 0)
(1 4.49228e-15 0)
(1 -4.21249e-15 0)
(1 -3.11829e-15 0)
(1 -3.69847e-15 0)
(1 3.12261e-15 0)
(1 -4.66509e-15 0)
(1 2.19772e-16 0)
(1 -4.11565e-15 0)
(1 5.36203e-16 0)
(1 -3.3206e-15 0)
(1 -2.4458e-15 0)
(1 -7.92044e-15 0)
(1 -7.9195e-15 0)
(1 -9.30666e-16 0)
(1 1.68208e-15 0)
(1 6.89331e-15 0)
(1 3.60443e-15 0)
(1 2.02504e-15 0)
(1 -3.53716e-15 0)
(1 -3.75167e-15 0)
(1 -7.01203e-16 0)
(1 3.80019e-15 0)
(1 2.05368e-15 0)
(1 -2.38235e-15 0)
(1 -5.24809e-16 0)
(1 6.48603e-15 0)
(1 3.42328e-15 0)
(1 4.42488e-15 0)
(1 1.79934e-15 0)
(1 1.39182e-15 0)
(1 4.18736e-16 0)
(1 5.87535e-16 0)
(1 -2.73401e-16 0)
(1 -2.1614e-15 0)
(1 -4.59314e-15 0)
(1 -4.40089e-15 0)
(1 -1.62319e-15 0)
(1 9.0078e-16 0)
(1 4.97842e-16 0)
(1 6.47679e-15 0)
(1 5.4852e-15 0)
(1 -3.01218e-15 0)
(1 3.90025e-15 0)
(1 -2.79037e-15 0)
(1 1.47208e-15 0)
(1 -7.0171e-15 0)
(1 -1.42605e-14 0)
(1 -1.86465e-14 0)
(1 -5.72983e-15 0)
(1 -5.31021e-15 0)
(1 2.50824e-17 0)
(1 -1.75439e-15 0)
(1 -7.40227e-16 0)
(1 3.44352e-15 0)
(1 9.67005e-16 0)
(1 3.02924e-15 0)
(1 2.11098e-15 0)
(1 9.11413e-15 0)
(1 3.09679e-16 0)
(1 -1.09252e-15 0)
(1 -5.54088e-15 0)
(1 -2.31164e-15 0)
(1 -7.71625e-15 0)
(1 -5.90031e-15 0)
(1 -2.0953e-15 0)
(1 -3.32738e-15 0)
(1 -3.58781e-15 0)
(1 -1.54068e-15 0)
(1 -6.33121e-15 0)
(1 -6.98167e-17 0)
(1 2.61679e-15 0)
(1 5.13992e-15 0)
(1 5.50958e-15 0)
(1 4.34105e-15 0)
(1 -4.77596e-15 0)
(1 -7.40464e-15 0)
(1 -3.07708e-15 0)
(1 4.19203e-15 0)
(1 -1.44679e-15 0)
(1 1.0684e-15 0)
(1 -7.21959e-15 0)
(1 -2.55253e-15 0)
(1 -3.9101e-15 0)
(1 3.5308e-15 0)
(1 3.35482e-15 0)
(1 -2.06567e-15 0)
(1 3.98068e-15 0)
(1 -1.68402e-15 0)
(1 1.20186e-15 0)
(1 1.11219e-15 0)
(1 6.105e-16 0)
(1 -4.50054e-15 0)
(1 -3.66213e-15 0)
(1 -7.84212e-16 0)
(1 3.15923e-15 0)
(1 1.56881e-15 0)
(1 3.03029e-15 0)
(1 5.76269e-15 0)
(1 1.07373e-14 0)
(1 1.97312e-15 0)
(1 -1.23599e-15 0)
(1 -3.9879e-15 0)
(1 -5.7303e-15 0)
(1 9.92899e-16 0)
(1 5.65221e-15 0)
(1 9.36318e-15 0)
(1 7.28019e-15 0)
(1 9.68899e-15 0)
(1 4.50801e-16 0)
(1 -5.07113e-15 0)
(1 -3.23528e-15 0)
(1 -8.60448e-15 0)
(1 -7.00997e-15 0)
(1 2.04985e-15 0)
(1 5.64924e-16 0)
(1 4.37899e-15 0)
(1 -1.37074e-15 0)
(1 5.29902e-15 0)
(1 3.79686e-15 0)
(1 2.49503e-15 0)
(1 -8.69011e-15 0)
(1 1.89959e-15 0)
(1 4.40699e-15 0)
(1 7.20499e-15 0)
(1 -2.17526e-15 0)
(1 -2.3984e-15 0)
(1 1.04709e-16 0)
(1 7.94254e-15 0)
(1 -4.19017e-15 0)
(1 2.83427e-15 0)
(1 -1.49197e-15 0)
(1 3.87066e-15 0)
(1 -1.42363e-15 0)
(1 2.2719e-15 0)
(1 1.12324e-15 0)
(1 3.94043e-15 0)
(1 7.21371e-15 0)
(1 2.56379e-15 0)
(1 -4.18596e-16 0)
(1 3.02378e-16 0)
(1 2.83852e-15 0)
(1 -2.87298e-15 0)
(1 -2.54605e-15 0)
(1 -3.31283e-15 0)
(1 -3.03118e-15 0)
(1 1.73265e-15 0)
(1 -6.61619e-15 0)
(1 -2.91078e-15 0)
(1 -1.32713e-14 0)
(1 2.37015e-15 0)
(1 -4.23269e-15 0)
(1 2.11495e-15 0)
(1 -1.25097e-15 0)
(1 -5.06223e-19 0)
(1 6.24586e-15 0)
(1 4.96223e-15 0)
(1 3.21716e-15 0)
(1 -1.2754e-15 0)
(1 -5.06207e-15 0)
(1 3.00932e-15 0)
(1 1.46186e-15 0)
(1 -5.40595e-15 0)
(1 -1.26357e-14 0)
(1 -6.85872e-15 0)
(1 -6.15571e-15 0)
(1 -3.95987e-15 0)
(1 -1.58809e-15 0)
(1 4.28898e-15 0)
(1 -7.67075e-15 0)
(1 -6.95093e-15 0)
(1 -3.34122e-15 0)
(1 2.92304e-15 0)
(1 1.03928e-14 0)
(1 6.56649e-15 0)
(1 3.68595e-16 0)
(1 -8.11594e-15 0)
(1 -2.31544e-15 0)
(1 -2.13115e-16 0)
(1 1.87162e-15 0)
(1 6.2028e-15 0)
(1 -2.33465e-15 0)
(1 -4.86929e-15 0)
(1 -3.88274e-15 0)
(1 -2.52818e-15 0)
(1 -5.1161e-16 0)
(1 1.357e-15 0)
(1 -3.09398e-15 0)
(1 -5.74819e-15 0)
(1 2.14098e-15 0)
(1 3.55688e-15 0)
(1 -1.01189e-16 0)
(1 -1.24974e-15 0)
(1 -6.07995e-15 0)
(1 2.44262e-16 0)
(1 4.33614e-15 0)
(1 -7.59132e-16 0)
(1 -1.79705e-15 0)
(1 1.57205e-15 0)
(1 1.79202e-15 0)
(1 1.20557e-15 0)
(1 1.01453e-15 0)
(1 9.86332e-15 0)
(1 6.87755e-15 0)
(1 2.10206e-15 0)
(1 -3.75383e-15 0)
(1 -9.73222e-16 0)
(1 -3.33458e-15 0)
(1 6.42954e-15 0)
(1 4.39249e-15 0)
(1 2.86316e-15 0)
(1 -8.77196e-16 0)
(1 5.55604e-15 0)
(1 4.30663e-15 0)
(1 8.5092e-16 0)
(1 9.11581e-16 0)
(1 -2.27594e-15 0)
(1 7.11796e-16 0)
(1 3.39952e-15 0)
(1 6.94564e-15 0)
(1 2.32591e-15 0)
(1 4.40804e-16 0)
(1 3.1204e-15 0)
(1 2.81135e-15 0)
(1 9.86445e-16 0)
(1 6.64717e-17 0)
(1 -3.79045e-15 0)
(1 -2.83145e-15 0)
(1 1.00617e-15 0)
(1 1.65848e-15 0)
(1 2.07803e-15 0)
(1 3.75055e-16 0)
(1 -1.00724e-15 0)
(1 1.14233e-15 0)
(1 2.03336e-15 0)
(1 3.12642e-15 0)
(1 3.79754e-15 0)
(1 7.50704e-15 0)
(1 1.26434e-15 0)
(1 4.33092e-16 0)
(1 -2.96182e-15 0)
(1 -6.17973e-16 0)
(1 -2.80074e-15 0)
(1 -3.81708e-15 0)
(1 -3.38982e-15 0)
(1 -2.07903e-15 0)
(1 -1.77353e-16 0)
(1 -4.2039e-15 0)
(1 6.15206e-15 0)
(1 -4.56678e-15 0)
(1 6.97633e-15 0)
(1 -5.35302e-15 0)
(1 1.9942e-15 0)
(1 -1.33906e-15 0)
(1 4.62072e-15 0)
(1 2.9456e-15 0)
(1 -2.90525e-15 0)
(1 5.52279e-15 0)
(1 -2.90733e-15 0)
(1 -1.97996e-15 0)
(1 4.55565e-16 0)
(1 -2.68836e-15 0)
(1 -9.54493e-15 0)
(1 -6.57616e-15 0)
(1 3.30424e-15 0)
(1 1.57185e-15 0)
(1 4.37246e-16 0)
(1 -1.34887e-15 0)
(1 2.29305e-15 0)
(1 -9.68948e-16 0)
(1 -5.07344e-15 0)
(1 1.10046e-15 0)
(1 2.08153e-15 0)
(1 2.13744e-15 0)
(1 -1.41902e-15 0)
(1 -2.68356e-15 0)
(1 -4.19625e-15 0)
(1 -6.8379e-15 0)
(1 -2.83098e-15 0)
(1 6.55501e-15 0)
(1 3.59611e-15 0)
(1 -1.00134e-15 0)
(1 -5.25355e-15 0)
(1 3.42438e-15 0)
(1 -3.47494e-15 0)
(1 -2.19846e-15 0)
(1 3.22009e-15 0)
(1 -3.97703e-15 0)
(1 2.80934e-15 0)
(1 3.51114e-15 0)
(1 3.47776e-15 0)
(1 3.51099e-15 0)
(1 2.65192e-15 0)
(1 -2.75631e-15 0)
(1 1.46471e-15 0)
(1 3.53033e-15 0)
(1 -3.88367e-15 0)
(1 -6.19905e-15 0)
(1 -3.75161e-15 0)
(1 -4.94822e-15 0)
(1 -1.80206e-15 0)
(1 -8.3244e-16 0)
(1 1.53768e-14 0)
(1 9.95579e-15 0)
(1 3.87461e-15 0)
(1 -1.7239e-15 0)
(1 -1.00549e-14 0)
(1 -5.51824e-15 0)
(1 -1.34348e-15 0)
(1 3.87089e-15 0)
(1 -3.93745e-16 0)
(1 -9.98534e-16 0)
(1 4.92272e-15 0)
(1 5.52698e-15 0)
(1 2.35703e-15 0)
(1 2.52401e-15 0)
(1 -1.37973e-15 0)
(1 3.05263e-15 0)
(1 -1.18622e-15 0)
(1 -6.26279e-16 0)
(1 -3.60362e-15 0)
(1 -1.37589e-15 0)
(1 -4.89181e-16 0)
(1 7.73004e-16 0)
(1 -6.23191e-15 0)
(1 5.53693e-15 0)
(1 6.41e-15 0)
(1 5.97698e-15 0)
(1 2.16317e-15 0)
(1 3.63119e-15 0)
(1 -1.61496e-16 0)
(1 1.90454e-15 0)
(1 -8.78403e-16 0)
(1 1.3874e-15 0)
(1 -2.25428e-16 0)
(1 -4.89317e-15 0)
(1 1.83633e-15 0)
(1 2.14257e-15 0)
(1 4.15309e-16 0)
(1 2.10285e-15 0)
(1 1.42846e-15 0)
(1 1.51481e-16 0)
(1 -4.73694e-16 0)
(1 1.04743e-15 0)
(1 -2.22326e-15 0)
(1 9.16921e-16 0)
(1 -4.26745e-15 0)
(1 -6.4803e-15 0)
(1 -4.46337e-15 0)
(1 9.50856e-16 0)
(1 -5.83559e-16 0)
(1 2.21768e-15 0)
(1 2.02097e-15 0)
(1 2.57533e-15 0)
(1 5.77518e-15 0)
(1 -7.46383e-15 0)
(1 -1.73269e-15 0)
(1 1.59336e-15 0)
(1 7.48482e-15 0)
(1 4.49702e-15 0)
(1 4.0245e-15 0)
(1 -6.15321e-17 0)
(1 -5.68519e-16 0)
(1 -1.42653e-15 0)
(1 2.95862e-15 0)
(1 3.65368e-15 0)
(1 2.98052e-15 0)
(1 -2.47847e-15 0)
(1 -8.87334e-15 0)
(1 1.51325e-15 0)
(1 -4.22201e-15 0)
(1 2.84109e-15 0)
(1 4.7569e-16 0)
(1 -1.31924e-15 0)
(1 -3.21384e-16 0)
(1 3.65849e-15 0)
(1 4.71736e-16 0)
(1 -6.12434e-15 0)
(1 7.37311e-17 0)
(1 5.69253e-15 0)
(1 5.2956e-15 0)
(1 -2.47072e-15 0)
(1 -6.09859e-15 0)
(1 -4.61389e-15 0)
(1 -1.02583e-15 0)
(1 2.31021e-16 0)
(1 2.70504e-15 0)
(1 5.24403e-15 0)
(1 3.81794e-15 0)
(1 1.56525e-15 0)
(1 7.45838e-16 0)
(1 -1.42927e-15 0)
(1 -3.45878e-15 0)
(1 -2.89552e-15 0)
(1 -2.40605e-15 0)
(1 8.83673e-16 0)
(1 -1.04766e-15 0)
(1 -5.12567e-15 0)
(1 -2.44447e-15 0)
(1 2.06356e-15 0)
(1 -2.9397e-15 0)
(1 -1.34544e-15 0)
(1 5.4179e-16 0)
(1 2.31805e-15 0)
(1 1.79084e-15 0)
(1 -3.08474e-15 0)
(1 -2.30023e-15 0)
(1 -9.73256e-16 0)
(1 -1.09727e-15 0)
(1 -1.52403e-16 0)
(1 -1.10804e-15 0)
(1 -1.56872e-15 0)
(1 3.6864e-16 0)
(1 -2.22441e-16 0)
(1 1.94604e-15 0)
(1 1.50482e-15 0)
(1 2.28407e-15 0)
(1 6.08444e-15 0)
(1 4.12156e-15 0)
(1 6.96527e-17 0)
(1 -3.96276e-15 0)
(1 -6.93363e-15 0)
(1 -1.60858e-15 0)
(1 9.72745e-16 0)
(1 2.77485e-15 0)
(1 2.91494e-15 0)
(1 1.65111e-15 0)
(1 -2.17382e-15 0)
(1 -6.31321e-16 0)
(1 -5.72508e-15 0)
(1 -6.25155e-16 0)
(1 -8.9352e-16 0)
(1 1.04354e-15 0)
(1 3.86021e-15 0)
(1 9.10755e-16 0)
(1 8.92424e-16 0)
(1 2.09674e-15 0)
(1 -1.27294e-16 0)
(1 -6.46118e-16 0)
(1 2.82346e-15 0)
(1 1.3602e-15 0)
(1 -5.34428e-16 0)
(1 2.4093e-15 0)
(1 1.40993e-16 0)
(1 4.34135e-16 0)
(1 -2.90789e-15 0)
(1 -1.53165e-15 0)
(1 -5.27541e-15 0)
(1 3.5137e-16 0)
(1 -3.44799e-15 0)
(1 -5.8627e-15 0)
(1 -5.73229e-16 0)
(1 4.04656e-15 0)
(1 2.36416e-15 0)
(1 2.51507e-15 0)
(1 -1.96687e-15 0)
(1 3.15019e-15 0)
(1 1.96503e-15 0)
(1 2.23514e-15 0)
(1 7.94155e-16 0)
(1 3.85545e-15 0)
(1 1.09611e-16 0)
(1 -3.20813e-15 0)
(1 -3.3693e-15 0)
(1 -1.97309e-15 0)
(1 1.8826e-15 0)
(1 4.44419e-15 0)
(1 1.27021e-16 0)
(1 -6.34938e-15 0)
(1 -2.0125e-15 0)
(1 -4.7129e-15 0)
(1 -2.49705e-15 0)
(1 -3.88544e-16 0)
(1 3.72769e-15 0)
(1 5.90515e-15 0)
(1 5.40239e-15 0)
(1 1.46655e-15 0)
(1 -1.80552e-15 0)
(1 -5.53563e-15 0)
(1 -1.72819e-15 0)
(1 2.88593e-15 0)
(1 3.06953e-16 0)
(1 -2.25283e-15 0)
(1 -5.25327e-15 0)
(1 -2.09389e-16 0)
(1 -5.33723e-16 0)
(1 2.24992e-15 0)
(1 3.12371e-15 0)
(1 -3.55947e-15 0)
(1 -3.71151e-15 0)
(1 -1.88423e-15 0)
(1 -2.73825e-15 0)
(1 -5.57812e-16 0)
(1 2.88441e-15 0)
(1 1.98859e-15 0)
(1 1.3312e-15 0)
(1 2.4572e-15 0)
(1 -2.63298e-16 0)
(1 5.13165e-16 0)
(1 2.2235e-15 0)
(1 4.68099e-16 0)
(1 1.84407e-15 0)
(1 -1.45495e-15 0)
(1 5.94509e-16 0)
(1 1.00465e-15 0)
(1 -7.39973e-15 0)
(1 -1.67144e-15 0)
(1 -2.75477e-15 0)
(1 -5.08393e-16 0)
(1 9.0054e-16 0)
(1 3.12582e-15 0)
(1 -7.6053e-16 0)
(1 4.76755e-15 0)
(1 2.77831e-15 0)
(1 7.17454e-16 0)
(1 3.20139e-15 0)
(1 3.76679e-15 0)
(1 6.5229e-15 0)
(1 4.74075e-15 0)
(1 -9.80296e-16 0)
(1 -2.28987e-15 0)
(1 -1.84561e-15 0)
(1 1.04129e-16 0)
(1 3.03134e-16 0)
(1 -5.35804e-16 0)
(1 -3.88593e-15 0)
(1 -2.02619e-15 0)
(1 -6.8122e-15 0)
(1 -8.78283e-16 0)
(1 -2.15523e-15 0)
(1 1.18734e-15 0)
(1 -1.25034e-15 0)
(1 -5.58447e-16 0)
(1 3.76046e-15 0)
(1 -2.72202e-16 0)
(1 6.91007e-15 0)
(1 -1.73863e-15 0)
(1 -2.00125e-15 0)
)
;

boundaryField
{
    inlet
    {
        type            fixedValue;
        value           uniform (1 0 0);
    }
    outlet
    {
        type            zeroGradient;
    }
    down
    {
        type            empty;
    }
    up
    {
        type            empty;
    }
    sides
    {
        type            slip;
    }
}

