/*--------------------------------*- C++ -*----------------------------------*\
| =========                 |                                                 |
| \\      /  F ield         | OpenFOAM: The Open Source CFD Toolbox           |
|  \\    /   O peration     | Version:  v2012                                 |
|   \\  /    A nd           | Website:  www.openfoam.com                      |
|    \\/     M anipulation  |                                                 |
\*---------------------------------------------------------------------------*/
FoamFile
{
    version     2.0;
    format      ascii;
    class       volScalarField;
    location    "0";
    object      p;
}
// * * * * * * * * * * * * * * * * * * * * * * * * * * * * * * * * * * * * * //

dimensions      [0 2 -2 0 0 0 0];


internalField   nonuniform List<scalar> 
4000
(
2.98148e-14
2.98836e-14
2.59388e-14
2.77666e-14
2.67954e-14
2.79665e-14
1.97728e-14
1.4117e-14
5.04717e-15
1.41844e-14
2.46491e-14
2.97121e-14
2.75671e-14
1.99263e-14
-3.42209e-17
-7.02322e-15
-6.72888e-15
2.06162e-15
7.7178e-15
3.2763e-15
-1.42628e-14
-1.584e-14
-1.6731e-14
-1.78923e-14
-1.6818e-14
-2.47282e-14
-1.5443e-14
-1.5795e-14
-2.37924e-14
-3.59636e-14
-4.9806e-14
-5.23197e-14
-3.61225e-14
-4.2219e-14
-4.51459e-14
-4.75198e-14
-6.51952e-14
-7.83649e-14
-8.37143e-14
-8.22161e-14
-8.17763e-14
-7.56191e-14
-7.03613e-14
-7.12797e-14
-6.69282e-14
-6.50079e-14
-7.10793e-14
-8.37857e-14
-8.51935e-14
-7.65886e-14
-7.97967e-14
-7.51803e-14
-8.34214e-14
-8.69708e-14
-8.48033e-14
-8.76121e-14
-8.36272e-14
-9.41399e-14
-9.45435e-14
-9.09026e-14
-8.96952e-14
-8.6739e-14
-8.62449e-14
-8.36389e-14
-8.76573e-14
-8.75632e-14
-8.82211e-14
-8.99607e-14
-9.35243e-14
-9.25694e-14
-9.71816e-14
-8.61781e-14
-8.11597e-14
-7.53269e-14
-7.22786e-14
-7.08212e-14
-6.88641e-14
-6.34218e-14
-6.93311e-14
-7.57979e-14
-7.79364e-14
-6.75571e-14
-7.05304e-14
-7.25977e-14
-7.53208e-14
-7.20347e-14
-6.61986e-14
-5.96136e-14
-5.84691e-14
-5.6832e-14
-4.98351e-14
-4.75051e-14
-4.49602e-14
-2.91527e-14
-2.45298e-14
-2.43466e-14
-2.12881e-14
-2.26886e-14
-1.42033e-14
-3.34172e-15
2.59063e-14
2.57895e-14
3.28931e-14
3.12764e-14
2.959e-14
2.00592e-14
1.47306e-14
1.5666e-14
1.17832e-14
1.45069e-14
1.96125e-14
2.51935e-14
2.90344e-14
1.84664e-14
1.43209e-15
5.11095e-16
1.59057e-15
-3.05253e-15
6.60975e-15
4.53613e-16
-9.82238e-15
-1.42484e-14
-2.07857e-14
-1.88983e-14
-2.03523e-14
-2.09172e-14
-1.94985e-14
-1.91396e-14
-2.59833e-14
-3.50203e-14
-4.10152e-14
-4.45242e-14
-4.63031e-14
-4.19357e-14
-4.65249e-14
-5.69955e-14
-6.51129e-14
-7.06276e-14
-8.10827e-14
-8.07636e-14
-7.9587e-14
-7.73395e-14
-7.07553e-14
-7.34458e-14
-6.70535e-14
-6.6026e-14
-7.26015e-14
-7.81811e-14
-8.34231e-14
-8.26462e-14
-8.28299e-14
-7.95674e-14
-8.30359e-14
-7.97814e-14
-8.31814e-14
-8.69841e-14
-8.52729e-14
-9.41516e-14
-9.5746e-14
-9.24816e-14
-8.98843e-14
-8.50968e-14
-8.02676e-14
-8.00337e-14
-8.91828e-14
-8.84054e-14
-9.43673e-14
-9.38367e-14
-8.82161e-14
-8.83788e-14
-9.26739e-14
-8.98272e-14
-8.16867e-14
-7.17948e-14
-7.39564e-14
-7.48844e-14
-6.8723e-14
-6.77595e-14
-7.01319e-14
-7.46621e-14
-7.52553e-14
-6.97846e-14
-6.9743e-14
-7.37735e-14
-7.25449e-14
-7.11398e-14
-6.87155e-14
-6.1126e-14
-6.12381e-14
-6.03581e-14
-4.88034e-14
-4.18472e-14
-3.40497e-14
-3.08195e-14
-3.24603e-14
-2.72232e-14
-2.23095e-14
-2.15822e-14
-1.46242e-14
-1.05466e-15
2.59324e-14
2.81058e-14
3.08037e-14
3.20951e-14
2.76752e-14
2.37269e-14
1.61761e-14
1.38675e-14
1.18641e-14
1.74399e-14
1.60644e-14
2.56668e-14
2.16364e-14
1.84743e-14
4.59035e-15
6.52422e-15
4.33104e-15
-2.82915e-15
2.4369e-15
-1.81054e-15
-7.89615e-15
-1.46833e-14
-2.1459e-14
-1.87553e-14
-2.21116e-14
-1.53543e-14
-1.92577e-14
-1.9511e-14
-2.32623e-14
-3.73282e-14
-4.30271e-14
-4.42796e-14
-4.29431e-14
-4.11142e-14
-4.88234e-14
-5.90928e-14
-6.95846e-14
-7.41221e-14
-7.64429e-14
-7.92223e-14
-7.84378e-14
-7.63047e-14
-7.01292e-14
-7.27516e-14
-6.9609e-14
-6.4932e-14
-7.31396e-14
-8.29783e-14
-8.1352e-14
-7.95345e-14
-8.14299e-14
-8.34644e-14
-8.54482e-14
-7.99429e-14
-8.53118e-14
-8.98503e-14
-8.87967e-14
-8.83624e-14
-8.67593e-14
-9.28166e-14
-9.23861e-14
-8.75766e-14
-8.48041e-14
-7.99103e-14
-8.43891e-14
-8.65311e-14
-9.34059e-14
-9.48635e-14
-8.56659e-14
-9.2157e-14
-9.38025e-14
-8.90547e-14
-8.58834e-14
-7.63353e-14
-7.52737e-14
-7.26154e-14
-6.97945e-14
-6.99821e-14
-6.99433e-14
-7.04037e-14
-7.43066e-14
-6.97139e-14
-7.47974e-14
-7.65018e-14
-7.29621e-14
-6.56469e-14
-6.30481e-14
-6.01969e-14
-6.29688e-14
-6.41028e-14
-5.2788e-14
-3.84088e-14
-3.41722e-14
-3.35501e-14
-3.40157e-14
-3.1038e-14
-2.35748e-14
-2.01544e-14
-6.44897e-15
-4.14442e-15
2.8649e-14
2.96876e-14
3.2619e-14
3.17975e-14
2.32446e-14
2.0349e-14
1.74106e-14
1.42213e-14
1.2167e-14
1.42988e-14
1.75384e-14
2.42467e-14
1.92363e-14
1.7467e-14
1.81794e-14
9.56248e-15
3.79118e-15
-3.8679e-15
4.27355e-16
-5.72233e-15
-1.15973e-14
-7.82525e-15
-1.25782e-14
-2.26781e-14
-2.12164e-14
-2.3724e-14
-2.67399e-14
-2.62214e-14
-2.71518e-14
-3.34139e-14
-3.54937e-14
-4.05355e-14
-4.31146e-14
-4.44978e-14
-4.947e-14
-6.02806e-14
-6.70986e-14
-7.08711e-14
-7.53799e-14
-7.76518e-14
-7.49708e-14
-7.17217e-14
-6.91203e-14
-7.26097e-14
-7.65349e-14
-7.29451e-14
-7.73163e-14
-7.59321e-14
-7.85303e-14
-8.47393e-14
-8.6571e-14
-8.41446e-14
-8.20261e-14
-7.95744e-14
-8.6575e-14
-8.85013e-14
-8.78097e-14
-8.75341e-14
-8.55166e-14
-9.3345e-14
-9.21741e-14
-8.58915e-14
-8.05908e-14
-8.15167e-14
-8.69243e-14
-8.7448e-14
-9.33318e-14
-9.3641e-14
-8.82757e-14
-8.86128e-14
-9.10437e-14
-8.78818e-14
-8.09861e-14
-7.5558e-14
-7.71534e-14
-7.79319e-14
-6.88169e-14
-7.10275e-14
-6.99191e-14
-7.43275e-14
-7.24333e-14
-6.50199e-14
-7.36142e-14
-8.10061e-14
-7.78426e-14
-6.5911e-14
-6.84371e-14
-6.24404e-14
-6.11867e-14
-6.07914e-14
-4.92086e-14
-4.08339e-14
-2.98471e-14
-3.53208e-14
-3.29131e-14
-2.489e-14
-2.54273e-14
-2.02724e-14
-7.33486e-15
-2.7251e-15
3.08012e-14
3.51998e-14
3.1017e-14
2.72435e-14
2.14766e-14
2.04324e-14
1.27965e-14
1.91241e-14
1.73432e-14
1.18065e-14
9.21846e-15
2.0592e-14
1.97647e-14
2.21996e-14
1.92767e-14
1.45318e-14
7.8998e-15
3.60674e-15
-2.02296e-15
-1.21861e-14
-1.45741e-14
-1.24166e-14
-1.73462e-14
-1.85656e-14
-1.65448e-14
-2.39046e-14
-2.20235e-14
-2.51124e-14
-2.4929e-14
-3.14701e-14
-3.32931e-14
-3.72308e-14
-4.14464e-14
-4.5852e-14
-5.38114e-14
-5.92063e-14
-6.16214e-14
-7.281e-14
-8.21405e-14
-7.84176e-14
-7.5471e-14
-6.82441e-14
-6.56508e-14
-7.23717e-14
-7.97477e-14
-8.00591e-14
-8.05436e-14
-7.6311e-14
-7.77054e-14
-8.16952e-14
-7.92821e-14
-7.97394e-14
-8.14066e-14
-8.44571e-14
-8.96452e-14
-8.755e-14
-8.17638e-14
-8.78743e-14
-8.56134e-14
-9.42357e-14
-9.52749e-14
-8.88781e-14
-8.61635e-14
-8.28188e-14
-8.06602e-14
-8.24877e-14
-9.07808e-14
-9.25835e-14
-9.43575e-14
-9.01574e-14
-9.67417e-14
-8.94764e-14
-8.05916e-14
-7.88921e-14
-7.76637e-14
-7.61063e-14
-7.33779e-14
-6.79272e-14
-6.3964e-14
-7.43647e-14
-7.44432e-14
-6.58196e-14
-6.73004e-14
-7.68565e-14
-8.19607e-14
-7.09326e-14
-6.71015e-14
-6.41149e-14
-5.99668e-14
-5.45311e-14
-4.93004e-14
-4.16419e-14
-3.25569e-14
-3.47575e-14
-3.02231e-14
-2.36465e-14
-1.97752e-14
-1.57344e-14
-5.14267e-15
-1.74835e-15
2.66919e-14
3.36082e-14
3.3679e-14
2.7458e-14
2.06281e-14
2.05058e-14
1.99165e-14
2.06339e-14
1.93323e-14
1.13e-14
1.34186e-14
1.35884e-14
1.85653e-14
1.69901e-14
1.56398e-14
1.79591e-14
1.71613e-14
9.17489e-15
1.81239e-15
-5.3628e-15
-9.90169e-15
-2.27634e-14
-2.81546e-14
-2.38929e-14
-2.0289e-14
-2.25797e-14
-2.30754e-14
-2.34786e-14
-2.64296e-14
-3.0865e-14
-2.95553e-14
-3.97104e-14
-4.44008e-14
-3.91388e-14
-4.47441e-14
-5.85846e-14
-6.79833e-14
-7.06503e-14
-7.72593e-14
-7.4732e-14
-7.56844e-14
-7.06715e-14
-6.80242e-14
-7.42943e-14
-8.52151e-14
-8.35291e-14
-8.51952e-14
-8.02688e-14
-7.88827e-14
-7.76446e-14
-7.829e-14
-8.04412e-14
-8.15039e-14
-8.84779e-14
-9.20977e-14
-8.50109e-14
-8.46972e-14
-9.02717e-14
-8.29861e-14
-9.20696e-14
-8.96213e-14
-8.92245e-14
-8.68191e-14
-8.27971e-14
-8.36237e-14
-9.0193e-14
-9.25962e-14
-9.36597e-14
-9.68618e-14
-9.24053e-14
-9.06896e-14
-8.68385e-14
-8.08818e-14
-7.70533e-14
-7.93842e-14
-7.70694e-14
-7.25276e-14
-6.95868e-14
-6.81407e-14
-7.09589e-14
-6.99678e-14
-6.85168e-14
-7.23904e-14
-7.85449e-14
-7.84618e-14
-7.44499e-14
-6.6884e-14
-6.1046e-14
-5.92716e-14
-5.46725e-14
-4.90109e-14
-3.90518e-14
-3.31802e-14
-3.73491e-14
-2.88441e-14
-2.46513e-14
-2.0156e-14
-1.78744e-14
-8.29515e-15
-8.18221e-16
2.65673e-14
2.84791e-14
2.94145e-14
2.81644e-14
2.30907e-14
2.50762e-14
2.59155e-14
2.05229e-14
1.59312e-14
1.07158e-14
8.80785e-15
1.35702e-14
1.75475e-14
2.29569e-14
2.15894e-14
1.40254e-14
1.73409e-14
1.1078e-14
6.46725e-15
-1.21043e-14
-2.24506e-14
-2.14422e-14
-1.38996e-14
-1.67193e-14
-1.57885e-14
-2.03989e-14
-2.88207e-14
-2.99954e-14
-3.00654e-14
-3.00791e-14
-3.31946e-14
-3.848e-14
-3.93889e-14
-4.41032e-14
-4.86814e-14
-5.56478e-14
-6.45749e-14
-6.77293e-14
-7.76467e-14
-7.74882e-14
-7.66692e-14
-7.59585e-14
-7.96141e-14
-7.21106e-14
-7.89089e-14
-8.15081e-14
-8.48736e-14
-7.6092e-14
-8.03958e-14
-7.64712e-14
-7.9941e-14
-7.93434e-14
-8.07348e-14
-8.75047e-14
-9.20776e-14
-8.85611e-14
-8.72238e-14
-9.4528e-14
-8.83798e-14
-8.92079e-14
-8.9284e-14
-8.54727e-14
-8.13575e-14
-8.42252e-14
-8.5293e-14
-9.48082e-14
-9.55202e-14
-9.66282e-14
-1.05494e-13
-9.30213e-14
-8.26778e-14
-8.49843e-14
-8.36977e-14
-7.39688e-14
-7.52587e-14
-7.45806e-14
-7.52855e-14
-7.78881e-14
-7.42647e-14
-7.06034e-14
-6.8177e-14
-7.11937e-14
-7.17209e-14
-6.6645e-14
-7.22927e-14
-7.7131e-14
-6.84961e-14
-6.19188e-14
-5.6675e-14
-4.82753e-14
-4.54529e-14
-4.18265e-14
-3.37914e-14
-3.7907e-14
-3.14225e-14
-2.39124e-14
-2.38023e-14
-1.67132e-14
-5.35726e-15
-5.80486e-16
2.92754e-14
2.81909e-14
2.60389e-14
2.53245e-14
2.62069e-14
2.60911e-14
3.09938e-14
1.85785e-14
1.74242e-14
1.17235e-14
1.1434e-14
1.31575e-14
1.49466e-14
1.55665e-14
1.87749e-14
1.83707e-14
1.9277e-14
1.86572e-14
7.19023e-15
-4.45351e-15
-1.38392e-14
-2.20846e-14
-2.10133e-14
-2.16488e-14
-1.84241e-14
-2.57227e-14
-3.12849e-14
-3.04095e-14
-2.7713e-14
-3.13458e-14
-3.4794e-14
-3.6913e-14
-3.69007e-14
-3.48627e-14
-4.67272e-14
-5.90306e-14
-6.50977e-14
-7.10237e-14
-7.73989e-14
-7.69902e-14
-7.52457e-14
-7.48168e-14
-7.91164e-14
-7.22422e-14
-7.19004e-14
-7.93543e-14
-8.72307e-14
-9.55985e-14
-8.54455e-14
-7.67627e-14
-7.3175e-14
-7.34365e-14
-7.85497e-14
-8.4794e-14
-9.45496e-14
-9.25624e-14
-8.82544e-14
-8.85627e-14
-8.74023e-14
-8.599e-14
-9.14726e-14
-8.75179e-14
-8.36695e-14
-8.44275e-14
-8.30003e-14
-9.02716e-14
-9.72239e-14
-9.48993e-14
-9.69754e-14
-9.03619e-14
-8.99946e-14
-8.77788e-14
-8.53578e-14
-7.98393e-14
-8.08991e-14
-7.28901e-14
-7.44221e-14
-7.21508e-14
-7.10312e-14
-6.7462e-14
-6.36943e-14
-7.34904e-14
-7.5539e-14
-7.67728e-14
-7.25715e-14
-7.03393e-14
-6.74317e-14
-5.86428e-14
-5.4326e-14
-4.94722e-14
-4.43656e-14
-4.00271e-14
-3.36724e-14
-3.84485e-14
-3.04423e-14
-2.84719e-14
-2.2515e-14
-1.413e-14
-6.86546e-15
-6.11417e-15
2.87012e-14
2.92218e-14
2.34497e-14
2.06381e-14
2.67912e-14
2.43407e-14
2.83749e-14
2.39173e-14
1.51764e-14
1.36027e-14
1.01048e-14
9.44117e-15
1.15386e-14
1.0953e-14
2.10879e-14
2.0706e-14
2.02263e-14
1.52276e-14
8.45082e-16
-3.33253e-15
-1.24573e-14
-1.61064e-14
-9.9291e-15
-2.30903e-14
-2.41369e-14
-2.47797e-14
-2.36527e-14
-2.19538e-14
-2.14183e-14
-3.53788e-14
-3.77261e-14
-3.91376e-14
-3.73916e-14
-4.59268e-14
-4.08154e-14
-5.38228e-14
-6.61595e-14
-7.04669e-14
-7.25017e-14
-7.32332e-14
-7.63396e-14
-7.67855e-14
-8.0762e-14
-7.70556e-14
-7.09309e-14
-7.79413e-14
-8.32833e-14
-8.3868e-14
-8.4523e-14
-7.90481e-14
-7.92264e-14
-8.28119e-14
-8.36288e-14
-8.33067e-14
-8.81357e-14
-8.94414e-14
-8.8759e-14
-9.19393e-14
-8.79892e-14
-8.4359e-14
-9.00708e-14
-8.64043e-14
-8.63476e-14
-8.70177e-14
-9.23168e-14
-9.26065e-14
-9.71099e-14
-9.49993e-14
-9.80505e-14
-9.37566e-14
-8.99726e-14
-8.3714e-14
-7.66058e-14
-7.79482e-14
-7.91538e-14
-7.70046e-14
-7.79953e-14
-7.11134e-14
-6.89247e-14
-7.1308e-14
-6.55666e-14
-6.84734e-14
-7.13782e-14
-7.47589e-14
-7.31864e-14
-6.62355e-14
-5.95733e-14
-5.50583e-14
-4.85948e-14
-4.9086e-14
-4.01822e-14
-3.94363e-14
-3.89382e-14
-3.47695e-14
-3.21553e-14
-2.67422e-14
-2.35714e-14
-1.75564e-14
-1.29946e-14
-1.01125e-14
2.78442e-14
2.39712e-14
2.41816e-14
2.64058e-14
2.39514e-14
2.52788e-14
2.05863e-14
2.36285e-14
2.08339e-14
7.903e-15
3.48988e-15
1.37832e-14
1.34556e-14
1.10271e-14
1.56047e-14
2.15851e-14
1.51266e-14
1.2488e-14
7.59769e-15
1.62315e-15
-9.75267e-15
-1.85011e-14
-2.02299e-14
-2.36891e-14
-2.04553e-14
-1.90662e-14
-2.05309e-14
-2.12062e-14
-2.2893e-14
-3.17945e-14
-3.14733e-14
-3.70752e-14
-4.09392e-14
-4.45718e-14
-4.61437e-14
-5.77031e-14
-5.90776e-14
-7.18006e-14
-7.92712e-14
-6.97907e-14
-7.54518e-14
-7.77497e-14
-7.99831e-14
-7.4111e-14
-7.2937e-14
-8.09483e-14
-7.9225e-14
-8.49042e-14
-8.39695e-14
-8.08887e-14
-8.32034e-14
-8.05695e-14
-7.86157e-14
-8.73491e-14
-8.90071e-14
-9.4231e-14
-9.15466e-14
-9.11859e-14
-8.5058e-14
-8.3251e-14
-8.78456e-14
-8.5353e-14
-8.3169e-14
-9.49151e-14
-1.02764e-13
-9.75072e-14
-9.75706e-14
-9.68717e-14
-9.82075e-14
-8.30512e-14
-8.15771e-14
-8.4142e-14
-7.72574e-14
-7.72575e-14
-7.94932e-14
-8.28065e-14
-7.77548e-14
-6.9308e-14
-6.74447e-14
-7.29816e-14
-6.61375e-14
-6.86667e-14
-7.05508e-14
-6.79235e-14
-6.42975e-14
-5.96347e-14
-6.1125e-14
-5.76026e-14
-4.84401e-14
-4.48673e-14
-4.03231e-14
-3.9789e-14
-3.63988e-14
-3.66564e-14
-3.48551e-14
-2.89573e-14
-2.54985e-14
-1.70819e-14
-2.05901e-14
-8.00275e-15
2.52203e-14
2.32944e-14
2.09569e-14
2.5444e-14
2.56106e-14
1.95314e-14
2.12735e-14
2.49904e-14
1.86657e-14
1.30201e-14
7.34646e-15
1.22415e-14
9.28466e-15
1.12518e-14
1.82405e-14
2.0922e-14
1.44287e-14
1.1709e-14
6.93001e-15
3.35474e-15
-1.17024e-14
-1.64509e-14
-1.57102e-14
-2.29908e-14
-2.35148e-14
-1.93218e-14
-1.26742e-14
-1.68169e-14
-2.44728e-14
-2.86994e-14
-3.17971e-14
-3.69226e-14
-4.41965e-14
-4.4079e-14
-4.4953e-14
-6.30867e-14
-6.61696e-14
-7.08312e-14
-7.38554e-14
-7.20643e-14
-7.25126e-14
-7.9917e-14
-7.9788e-14
-7.41603e-14
-7.01924e-14
-7.23964e-14
-7.78198e-14
-8.5921e-14
-8.70679e-14
-8.82366e-14
-8.6936e-14
-7.80943e-14
-7.77915e-14
-8.47548e-14
-8.95632e-14
-9.13813e-14
-8.98518e-14
-9.12588e-14
-9.14598e-14
-9.10161e-14
-8.67986e-14
-9.03979e-14
-9.1361e-14
-9.35075e-14
-9.68227e-14
-1.0027e-13
-9.77766e-14
-9.83613e-14
-9.4307e-14
-8.33467e-14
-8.21358e-14
-8.20473e-14
-7.35337e-14
-8.19092e-14
-8.37691e-14
-8.26593e-14
-7.65497e-14
-6.98131e-14
-6.71993e-14
-6.3501e-14
-6.16875e-14
-6.40107e-14
-6.48852e-14
-6.65239e-14
-6.8631e-14
-6.45683e-14
-5.60018e-14
-4.78325e-14
-4.30684e-14
-4.50705e-14
-3.98218e-14
-3.81205e-14
-3.78404e-14
-3.52844e-14
-3.26534e-14
-2.63488e-14
-2.83574e-14
-2.89621e-14
-2.22472e-14
-7.70873e-15
2.75143e-14
2.53098e-14
1.93261e-14
2.4053e-14
2.36528e-14
2.1624e-14
2.1989e-14
2.30613e-14
1.3609e-14
1.68669e-14
1.12267e-14
7.96747e-15
6.60415e-15
8.07723e-15
9.41616e-15
1.99799e-14
1.82278e-14
1.53854e-14
6.41923e-15
-2.50374e-15
-7.42201e-15
-1.05121e-14
-1.17287e-14
-1.70429e-14
-1.76965e-14
-2.18691e-14
-2.06161e-14
-1.99785e-14
-2.14719e-14
-2.42291e-14
-2.55886e-14
-3.47314e-14
-4.04508e-14
-5.37217e-14
-5.96299e-14
-6.07927e-14
-6.26604e-14
-6.62466e-14
-7.46285e-14
-7.62134e-14
-7.64693e-14
-7.75091e-14
-7.67964e-14
-7.35978e-14
-7.48434e-14
-7.66249e-14
-8.05558e-14
-8.32256e-14
-8.4128e-14
-8.98192e-14
-7.81873e-14
-8.05176e-14
-8.22838e-14
-8.50914e-14
-8.82279e-14
-8.98881e-14
-9.2945e-14
-9.40838e-14
-9.42394e-14
-8.97283e-14
-8.74823e-14
-8.3799e-14
-8.73087e-14
-9.59648e-14
-1.03876e-13
-1.0547e-13
-1.05776e-13
-9.45613e-14
-8.87787e-14
-8.46723e-14
-7.97963e-14
-7.77019e-14
-7.27542e-14
-7.54965e-14
-8.69725e-14
-9.03346e-14
-8.02878e-14
-6.78375e-14
-6.2585e-14
-6.21982e-14
-6.47881e-14
-6.43245e-14
-6.33046e-14
-6.0221e-14
-5.98056e-14
-6.0239e-14
-5.73534e-14
-4.93625e-14
-4.28626e-14
-4.20694e-14
-3.59423e-14
-3.90016e-14
-3.868e-14
-3.41207e-14
-3.92383e-14
-3.01309e-14
-2.92556e-14
-2.26491e-14
-1.59682e-14
-7.85261e-15
2.71347e-14
2.47347e-14
1.56714e-14
2.34833e-14
2.56258e-14
2.33232e-14
2.41847e-14
2.19469e-14
1.16289e-14
9.69496e-15
7.63672e-15
1.41973e-14
2.09634e-14
1.00396e-14
9.08067e-15
1.12742e-14
2.10313e-14
2.58459e-14
8.84918e-15
5.65561e-16
-1.09208e-14
-1.53456e-14
-1.49597e-14
-2.06778e-14
-1.72624e-14
-1.62543e-14
-1.78898e-14
-1.71939e-14
-2.49363e-14
-2.31225e-14
-2.08235e-14
-3.4029e-14
-3.97172e-14
-4.69731e-14
-5.63135e-14
-6.13469e-14
-6.43658e-14
-6.9836e-14
-7.21144e-14
-7.60757e-14
-7.78355e-14
-7.33846e-14
-7.50084e-14
-8.03272e-14
-8.7304e-14
-8.26576e-14
-8.41226e-14
-7.32817e-14
-8.21516e-14
-8.43389e-14
-8.56574e-14
-8.16459e-14
-8.70502e-14
-9.4241e-14
-8.37139e-14
-8.48046e-14
-9.09072e-14
-9.18144e-14
-9.33829e-14
-9.42392e-14
-9.35431e-14
-9.49634e-14
-9.03901e-14
-9.13051e-14
-9.41823e-14
-9.72068e-14
-1.03413e-13
-9.62806e-14
-8.43165e-14
-8.61817e-14
-8.23775e-14
-8.28124e-14
-7.57231e-14
-8.1727e-14
-8.55266e-14
-8.11791e-14
-7.46579e-14
-7.18731e-14
-6.40373e-14
-6.11591e-14
-5.98629e-14
-6.08131e-14
-5.98007e-14
-5.96019e-14
-5.69539e-14
-5.93805e-14
-5.37713e-14
-4.71705e-14
-4.08983e-14
-3.8626e-14
-4.27428e-14
-4.36469e-14
-3.8e-14
-2.99911e-14
-3.35978e-14
-3.25339e-14
-2.64072e-14
-1.78742e-14
-9.76906e-15
-4.34047e-15
2.03161e-14
2.93932e-14
2.21732e-14
1.9693e-14
1.95596e-14
2.27373e-14
2.6153e-14
2.6643e-14
1.65977e-14
7.19252e-15
4.04388e-15
1.23346e-14
2.25693e-14
1.72383e-14
5.18791e-15
1.15882e-14
1.23774e-14
1.8908e-14
9.08779e-15
-2.84942e-15
-3.48395e-16
-2.35811e-15
-4.96715e-15
-1.66197e-14
-2.50212e-14
-2.33485e-14
-2.0062e-14
-1.38929e-14
-1.7413e-14
-2.41304e-14
-2.43241e-14
-3.62319e-14
-4.31198e-14
-5.30095e-14
-6.15519e-14
-6.44403e-14
-6.45648e-14
-6.65441e-14
-6.35113e-14
-6.74912e-14
-7.69542e-14
-7.85023e-14
-8.30556e-14
-7.9803e-14
-8.03116e-14
-8.05144e-14
-8.30933e-14
-8.40244e-14
-8.32369e-14
-7.81857e-14
-7.7662e-14
-8.74044e-14
-8.68568e-14
-9.02539e-14
-8.44664e-14
-8.52028e-14
-8.91962e-14
-9.08379e-14
-9.16403e-14
-9.27118e-14
-9.56419e-14
-1.01356e-13
-9.67811e-14
-9.37529e-14
-9.4165e-14
-9.03313e-14
-9.66567e-14
-9.57183e-14
-9.2826e-14
-8.71001e-14
-8.26059e-14
-8.12272e-14
-7.84546e-14
-8.02564e-14
-8.17569e-14
-7.78694e-14
-7.87211e-14
-6.94412e-14
-6.42122e-14
-6.31908e-14
-6.10517e-14
-6.04852e-14
-5.9451e-14
-5.95881e-14
-5.80811e-14
-5.59431e-14
-4.95727e-14
-4.55523e-14
-3.78738e-14
-4.00167e-14
-3.96959e-14
-3.56963e-14
-3.59806e-14
-3.36784e-14
-3.37606e-14
-3.40726e-14
-2.65718e-14
-1.56524e-14
-1.19617e-14
-2.57281e-15
2.01797e-14
2.21396e-14
2.4766e-14
2.43208e-14
1.95232e-14
2.66208e-14
2.59754e-14
1.83979e-14
1.02253e-14
1.8277e-14
9.33351e-15
9.67715e-15
1.51861e-14
1.68479e-14
1.28102e-14
1.34085e-14
1.57685e-14
1.63814e-14
1.30779e-14
4.67181e-15
-3.84511e-15
-8.60008e-15
-1.76785e-14
-2.62326e-14
-2.00094e-14
-1.73633e-14
-1.56799e-14
-1.31584e-14
-1.53837e-14
-2.25167e-14
-2.9452e-14
-3.36894e-14
-3.70404e-14
-5.29998e-14
-6.48888e-14
-5.91925e-14
-6.02616e-14
-6.10963e-14
-6.28447e-14
-7.42065e-14
-8.40865e-14
-7.98422e-14
-8.52127e-14
-8.50731e-14
-8.45105e-14
-7.77712e-14
-8.20079e-14
-8.17644e-14
-8.61479e-14
-7.53101e-14
-7.51923e-14
-8.65819e-14
-9.27532e-14
-9.12765e-14
-8.92139e-14
-9.01743e-14
-9.46253e-14
-9.49578e-14
-9.6909e-14
-9.12816e-14
-9.46222e-14
-9.72411e-14
-9.11887e-14
-9.39068e-14
-1.01736e-13
-9.27739e-14
-9.38954e-14
-9.45016e-14
-8.83497e-14
-8.608e-14
-8.63268e-14
-7.94216e-14
-7.64375e-14
-8.25874e-14
-8.30552e-14
-8.22505e-14
-8.00075e-14
-7.47438e-14
-6.51067e-14
-5.19852e-14
-5.57286e-14
-5.72547e-14
-5.56081e-14
-6.10525e-14
-5.98002e-14
-5.46442e-14
-4.80349e-14
-4.7374e-14
-3.73377e-14
-3.68989e-14
-3.60492e-14
-3.45002e-14
-3.4837e-14
-3.07071e-14
-3.30586e-14
-3.88632e-14
-2.74682e-14
-1.79804e-14
-1.60425e-14
-2.35614e-15
1.89783e-14
2.74478e-14
2.59838e-14
1.99295e-14
2.43577e-14
3.69904e-14
3.6024e-14
2.03285e-14
2.41829e-15
1.01362e-14
8.22801e-15
1.53063e-14
1.82295e-14
1.25725e-14
1.69533e-14
1.64936e-14
1.16076e-14
1.35304e-14
6.99456e-15
3.94163e-15
-8.41124e-15
-1.20709e-14
-1.34576e-14
-2.10384e-14
-1.75245e-14
-1.63485e-14
-1.23721e-14
-1.50727e-14
-1.50705e-14
-2.07438e-14
-3.04528e-14
-3.73469e-14
-3.69938e-14
-4.87353e-14
-6.57508e-14
-7.05738e-14
-6.842e-14
-5.67704e-14
-6.80592e-14
-7.69851e-14
-8.83889e-14
-8.24305e-14
-7.64358e-14
-7.88415e-14
-8.62158e-14
-8.50772e-14
-8.08039e-14
-8.47617e-14
-8.77174e-14
-8.06511e-14
-7.82601e-14
-8.67802e-14
-8.70325e-14
-9.5416e-14
-8.38435e-14
-8.53836e-14
-9.12261e-14
-9.19942e-14
-9.62939e-14
-9.93291e-14
-9.8494e-14
-9.79378e-14
-9.87896e-14
-9.47499e-14
-9.08004e-14
-9.4679e-14
-9.66331e-14
-9.32278e-14
-8.78789e-14
-7.74947e-14
-8.46972e-14
-7.75914e-14
-6.72839e-14
-7.92988e-14
-8.72324e-14
-7.90161e-14
-7.75963e-14
-7.3303e-14
-6.85961e-14
-5.81432e-14
-5.81815e-14
-5.28276e-14
-5.8469e-14
-5.82299e-14
-5.59778e-14
-5.00924e-14
-4.63023e-14
-4.71004e-14
-3.79245e-14
-3.58053e-14
-3.81019e-14
-3.0422e-14
-3.16814e-14
-3.01437e-14
-3.45691e-14
-3.53173e-14
-3.41459e-14
-2.10072e-14
-1.61459e-14
-1.12171e-15
2.47893e-14
2.37561e-14
2.2406e-14
1.98914e-14
2.76476e-14
1.97768e-14
1.9761e-14
1.97559e-14
1.68961e-14
2.0278e-14
1.76313e-14
1.25332e-14
9.22389e-15
1.37156e-14
1.4027e-14
1.45919e-14
1.61429e-14
2.13399e-14
8.69887e-15
6.44533e-16
-1.12637e-14
-1.08433e-14
-1.54845e-14
-1.9598e-14
-2.02773e-14
-1.35428e-14
-1.6515e-14
-1.53909e-14
-1.71338e-14
-1.82909e-14
-3.08555e-14
-3.77629e-14
-4.3415e-14
-5.23339e-14
-6.18356e-14
-6.96234e-14
-5.67786e-14
-5.64382e-14
-6.89459e-14
-8.20474e-14
-8.99841e-14
-8.46222e-14
-8.0409e-14
-7.90096e-14
-8.11341e-14
-8.64259e-14
-8.9851e-14
-9.03387e-14
-8.20109e-14
-8.34674e-14
-8.36463e-14
-8.34081e-14
-8.62275e-14
-9.24042e-14
-9.0845e-14
-9.16012e-14
-9.43238e-14
-9.02947e-14
-8.98563e-14
-9.36942e-14
-9.89282e-14
-9.64855e-14
-9.90536e-14
-9.50208e-14
-8.94624e-14
-9.48746e-14
-9.40311e-14
-8.97638e-14
-8.27813e-14
-7.52319e-14
-8.57796e-14
-7.38116e-14
-6.94784e-14
-7.35997e-14
-8.06304e-14
-8.10131e-14
-8.04498e-14
-7.661e-14
-6.84322e-14
-5.05001e-14
-4.9476e-14
-5.14249e-14
-5.59361e-14
-6.01495e-14
-5.62967e-14
-4.85109e-14
-4.29433e-14
-4.58602e-14
-3.91081e-14
-3.69558e-14
-3.65629e-14
-3.18234e-14
-2.91763e-14
-2.30216e-14
-2.96048e-14
-3.86596e-14
-3.0159e-14
-2.40008e-14
-1.22682e-14
-4.54659e-15
2.34186e-14
2.13041e-14
2.23364e-14
1.90698e-14
2.89019e-14
3.00843e-14
2.50837e-14
1.92564e-14
1.33295e-14
1.51473e-14
1.36897e-14
1.70233e-14
1.73619e-14
1.40599e-14
1.71535e-14
1.18133e-14
1.31223e-14
1.07449e-14
3.15405e-15
-1.37205e-15
-8.78162e-15
-1.16134e-14
-1.78168e-14
-1.62991e-14
-1.20192e-14
-1.49143e-14
-1.81383e-14
-1.67751e-14
-1.65948e-14
-1.87238e-14
-2.78716e-14
-3.57148e-14
-4.23342e-14
-5.45054e-14
-6.8179e-14
-6.69729e-14
-6.65782e-14
-6.74551e-14
-6.85537e-14
-8.09202e-14
-8.73556e-14
-8.23267e-14
-8.45135e-14
-8.47142e-14
-8.40104e-14
-8.66168e-14
-8.8693e-14
-8.62741e-14
-8.19388e-14
-8.14285e-14
-8.45294e-14
-8.66576e-14
-8.95359e-14
-8.98854e-14
-8.55833e-14
-8.96296e-14
-9.45994e-14
-9.77978e-14
-9.85337e-14
-9.52019e-14
-9.86714e-14
-9.73996e-14
-9.8544e-14
-9.57413e-14
-8.92773e-14
-9.2884e-14
-9.381e-14
-8.51543e-14
-8.37019e-14
-8.15229e-14
-7.98769e-14
-6.60897e-14
-6.67175e-14
-6.64914e-14
-7.91593e-14
-8.31923e-14
-7.3572e-14
-6.93159e-14
-6.41215e-14
-5.86545e-14
-5.53598e-14
-4.99587e-14
-5.42988e-14
-5.42308e-14
-5.4057e-14
-4.99347e-14
-4.62913e-14
-4.33694e-14
-3.6843e-14
-3.38064e-14
-4.07003e-14
-3.18967e-14
-2.62263e-14
-2.83522e-14
-2.99613e-14
-2.9186e-14
-2.12812e-14
-2.3774e-14
-1.09174e-14
-4.82389e-15
1.93255e-14
1.86549e-14
2.34008e-14
1.99918e-14
2.43194e-14
2.26161e-14
2.38109e-14
2.30441e-14
2.29067e-14
1.84297e-14
1.50415e-14
1.76911e-14
1.52382e-14
1.74632e-14
1.19674e-14
6.13547e-15
1.15898e-14
1.02901e-14
7.17015e-15
2.94899e-15
-1.06127e-14
-1.26262e-14
-1.62662e-14
-1.5274e-14
-1.25864e-14
-1.94045e-14
-1.69143e-14
-1.68097e-14
-1.97077e-14
-2.38657e-14
-3.10987e-14
-4.01479e-14
-4.35617e-14
-5.37205e-14
-6.55243e-14
-6.34749e-14
-5.74267e-14
-6.31191e-14
-7.02328e-14
-8.84651e-14
-9.02806e-14
-8.95136e-14
-8.82602e-14
-8.77214e-14
-8.7903e-14
-8.47225e-14
-8.46788e-14
-9.22671e-14
-8.00428e-14
-8.60898e-14
-8.72021e-14
-8.91302e-14
-8.75592e-14
-8.94373e-14
-9.01386e-14
-8.75947e-14
-9.39644e-14
-9.37933e-14
-9.86502e-14
-9.96467e-14
-9.90695e-14
-9.82415e-14
-9.70982e-14
-9.46748e-14
-9.40698e-14
-9.05421e-14
-9.10358e-14
-8.47079e-14
-8.13831e-14
-7.98432e-14
-7.99885e-14
-6.37749e-14
-5.75278e-14
-6.19742e-14
-7.62332e-14
-7.90486e-14
-7.42027e-14
-7.00499e-14
-6.16805e-14
-6.20965e-14
-4.6878e-14
-4.7557e-14
-5.21865e-14
-5.15662e-14
-4.99172e-14
-5.09158e-14
-4.90749e-14
-4.02737e-14
-4.06409e-14
-4.15173e-14
-3.29449e-14
-3.19885e-14
-3.24391e-14
-2.78245e-14
-2.77536e-14
-2.90195e-14
-2.78726e-14
-1.97979e-14
-6.60258e-15
-3.13787e-15
2.33397e-14
1.87546e-14
2.05397e-14
2.09058e-14
1.89872e-14
2.28345e-14
2.31475e-14
2.58876e-14
2.45981e-14
1.91941e-14
1.48856e-14
1.71953e-14
1.60385e-14
1.67759e-14
1.55408e-14
6.07759e-15
2.11272e-15
6.01829e-15
2.48926e-15
3.54317e-15
-8.19425e-15
-1.3525e-14
-1.68147e-14
-1.60168e-14
-1.38652e-14
-1.60395e-14
-1.13482e-14
-1.7979e-14
-2.06137e-14
-2.05726e-14
-3.11024e-14
-4.16584e-14
-4.75463e-14
-5.27844e-14
-5.86634e-14
-6.48784e-14
-6.80051e-14
-6.811e-14
-7.63688e-14
-8.50697e-14
-8.8716e-14
-8.93393e-14
-9.07179e-14
-9.01721e-14
-8.47592e-14
-8.56572e-14
-9.13048e-14
-8.79784e-14
-7.3756e-14
-8.78858e-14
-8.6363e-14
-8.71657e-14
-9.08568e-14
-9.21943e-14
-9.55197e-14
-9.44968e-14
-9.7587e-14
-9.18626e-14
-9.59769e-14
-9.61826e-14
-9.8754e-14
-9.7374e-14
-9.33491e-14
-9.48878e-14
-9.64969e-14
-9.11103e-14
-9.22134e-14
-7.96017e-14
-8.21832e-14
-7.81849e-14
-7.18538e-14
-6.14743e-14
-5.7718e-14
-6.54394e-14
-7.01737e-14
-7.34206e-14
-7.2528e-14
-6.87893e-14
-5.64002e-14
-5.24174e-14
-4.97732e-14
-4.71026e-14
-4.86571e-14
-4.80798e-14
-4.73994e-14
-5.60278e-14
-5.14678e-14
-4.05797e-14
-4.36366e-14
-4.25858e-14
-3.59854e-14
-3.12641e-14
-2.84084e-14
-2.93017e-14
-3.28774e-14
-2.74708e-14
-2.57369e-14
-2.34677e-14
-6.61743e-15
-2.96277e-15
2.59738e-14
2.22597e-14
1.8146e-14
2.04827e-14
1.84253e-14
2.40023e-14
2.17462e-14
2.52795e-14
2.98624e-14
2.07024e-14
1.38839e-14
1.54429e-14
1.80886e-14
2.01411e-14
1.29735e-14
6.44668e-15
4.47034e-15
4.39807e-15
1.72536e-15
-1.40393e-16
-5.78307e-15
-1.53007e-14
-1.93187e-14
-1.80964e-14
-1.65873e-14
-1.05915e-14
-1.49974e-14
-1.86712e-14
-1.77962e-14
-2.01318e-14
-2.81889e-14
-3.8168e-14
-4.04027e-14
-5.46186e-14
-6.3601e-14
-6.87822e-14
-6.36083e-14
-6.72974e-14
-8.04248e-14
-8.69338e-14
-8.69648e-14
-8.99322e-14
-8.95377e-14
-8.8229e-14
-8.63359e-14
-8.98839e-14
-9.23385e-14
-8.62949e-14
-8.43931e-14
-9.26906e-14
-8.89134e-14
-9.28635e-14
-9.3096e-14
-9.30164e-14
-9.30305e-14
-9.08887e-14
-9.65492e-14
-9.12875e-14
-9.47076e-14
-9.36882e-14
-9.50159e-14
-9.40208e-14
-1.00048e-13
-9.60404e-14
-9.37524e-14
-9.37588e-14
-9.35945e-14
-8.2537e-14
-7.8842e-14
-7.13445e-14
-7.03153e-14
-6.74723e-14
-6.26583e-14
-6.40341e-14
-6.88312e-14
-7.24843e-14
-6.58711e-14
-6.1305e-14
-5.47988e-14
-5.7329e-14
-5.27407e-14
-4.93312e-14
-4.79909e-14
-4.25596e-14
-4.65183e-14
-5.36323e-14
-4.86683e-14
-4.48994e-14
-4.46e-14
-3.87567e-14
-3.28876e-14
-3.13472e-14
-3.67773e-14
-3.0498e-14
-3.33018e-14
-2.8121e-14
-2.38499e-14
-1.93364e-14
-7.33438e-15
-4.00605e-15
2.67546e-14
2.18265e-14
2.06574e-14
2.21796e-14
2.24377e-14
2.34077e-14
2.29e-14
2.47795e-14
2.7408e-14
2.60384e-14
2.08154e-14
1.72586e-14
1.07524e-14
1.43289e-14
8.4262e-15
6.00904e-16
-1.28222e-15
1.70746e-15
2.11961e-15
1.18598e-16
-4.2753e-15
-1.71032e-14
-2.19197e-14
-1.55071e-14
-6.86264e-15
-7.73986e-15
-1.77745e-14
-3.08301e-14
-2.47984e-14
-1.9793e-14
-2.53816e-14
-3.15981e-14
-4.06158e-14
-4.28869e-14
-5.7092e-14
-7.41689e-14
-7.71554e-14
-8.02895e-14
-7.68929e-14
-8.40403e-14
-8.42362e-14
-9.17415e-14
-8.53778e-14
-8.75356e-14
-8.86815e-14
-9.27583e-14
-9.22561e-14
-8.2059e-14
-8.59734e-14
-9.38848e-14
-9.31776e-14
-9.41732e-14
-9.51281e-14
-9.85343e-14
-9.35963e-14
-9.57238e-14
-9.96257e-14
-9.1232e-14
-8.73011e-14
-8.59806e-14
-8.5155e-14
-9.57204e-14
-9.64554e-14
-9.58017e-14
-9.31988e-14
-9.78126e-14
-9.38757e-14
-8.41581e-14
-7.78551e-14
-7.92388e-14
-7.20777e-14
-6.02086e-14
-5.95114e-14
-6.00184e-14
-6.97453e-14
-7.52215e-14
-6.00039e-14
-5.74229e-14
-5.80425e-14
-5.30185e-14
-4.83522e-14
-4.82846e-14
-5.24571e-14
-4.70982e-14
-4.99107e-14
-5.58918e-14
-5.00185e-14
-4.22913e-14
-4.24607e-14
-4.19699e-14
-3.84306e-14
-2.83695e-14
-3.05736e-14
-3.26847e-14
-3.00528e-14
-2.87743e-14
-2.62485e-14
-2.24608e-14
-1.63613e-14
-7.57312e-15
2.24702e-14
2.51525e-14
2.56168e-14
2.44143e-14
2.27263e-14
2.5147e-14
2.52743e-14
2.46192e-14
2.76855e-14
2.32166e-14
2.14217e-14
2.12272e-14
1.05057e-14
9.95943e-15
7.40614e-15
5.59106e-15
1.56193e-15
9.72532e-15
4.03528e-15
-6.90081e-16
-1.64918e-14
-1.96645e-14
-1.86856e-14
-1.76085e-14
-1.39659e-14
-1.54951e-14
-1.78856e-14
-2.18707e-14
-2.08173e-14
-1.77365e-14
-1.84194e-14
-3.09523e-14
-4.29747e-14
-4.66296e-14
-5.57251e-14
-6.97819e-14
-7.57047e-14
-7.73e-14
-7.92424e-14
-8.58923e-14
-8.54686e-14
-8.97798e-14
-8.6551e-14
-8.84738e-14
-8.77294e-14
-9.03447e-14
-9.5289e-14
-9.65616e-14
-8.83978e-14
-9.15469e-14
-9.64592e-14
-9.37464e-14
-9.58029e-14
-9.24255e-14
-9.30462e-14
-1.01104e-13
-1.08264e-13
-9.59488e-14
-7.73051e-14
-7.68948e-14
-8.73003e-14
-9.30587e-14
-8.89723e-14
-9.58715e-14
-9.57307e-14
-9.76078e-14
-9.6797e-14
-8.52579e-14
-7.42048e-14
-7.40421e-14
-6.50398e-14
-6.23479e-14
-6.71822e-14
-6.80915e-14
-6.48249e-14
-6.62629e-14
-6.16063e-14
-5.50125e-14
-5.15213e-14
-5.50022e-14
-4.5692e-14
-5.21547e-14
-5.03378e-14
-4.96821e-14
-5.06098e-14
-5.46977e-14
-5.17161e-14
-4.28244e-14
-4.55458e-14
-3.99578e-14
-2.78275e-14
-3.35593e-14
-3.44735e-14
-3.22783e-14
-2.67773e-14
-2.61011e-14
-2.41656e-14
-2.1202e-14
-2.04709e-14
-6.81655e-15
2.83429e-14
2.06863e-14
2.06933e-14
1.69245e-14
2.58678e-14
2.88483e-14
3.63734e-14
3.38252e-14
2.75612e-14
1.81382e-14
1.4525e-14
2.4949e-14
1.06466e-14
8.119e-15
9.79941e-15
6.86823e-15
2.45031e-15
4.3069e-15
3.45492e-15
-3.02558e-15
-1.65692e-14
-1.99604e-14
-1.59415e-14
-1.79674e-14
-1.54452e-14
-1.5941e-14
-1.37054e-14
-1.86516e-14
-2.3867e-14
-2.12858e-14
-1.82159e-14
-2.85029e-14
-3.49896e-14
-4.2284e-14
-5.72987e-14
-7.46568e-14
-7.38757e-14
-8.00631e-14
-8.51473e-14
-8.56581e-14
-8.72982e-14
-8.65845e-14
-8.74604e-14
-8.64601e-14
-8.91717e-14
-9.4842e-14
-9.53797e-14
-9.25953e-14
-8.32681e-14
-9.50049e-14
-9.95616e-14
-9.65879e-14
-9.82546e-14
-9.66411e-14
-9.986e-14
-9.47301e-14
-9.26044e-14
-8.90238e-14
-8.12837e-14
-8.98407e-14
-8.18801e-14
-8.47295e-14
-8.76913e-14
-9.45081e-14
-8.94392e-14
-9.35831e-14
-9.09578e-14
-9.25615e-14
-7.81329e-14
-7.3707e-14
-6.54501e-14
-6.25829e-14
-6.5674e-14
-6.88915e-14
-6.1786e-14
-6.1544e-14
-5.94669e-14
-6.07113e-14
-5.18146e-14
-5.09851e-14
-5.00614e-14
-5.19833e-14
-5.01022e-14
-5.40973e-14
-5.0576e-14
-5.37465e-14
-4.56411e-14
-4.17837e-14
-3.89998e-14
-3.81178e-14
-3.53279e-14
-3.45351e-14
-3.14117e-14
-3.27982e-14
-3.26525e-14
-2.55521e-14
-2.48045e-14
-2.31447e-14
-1.89386e-14
-6.01343e-15
2.67616e-14
2.06252e-14
2.34454e-14
2.39549e-14
3.03383e-14
3.31464e-14
2.85496e-14
2.7105e-14
2.41463e-14
2.85115e-14
1.8295e-14
1.7715e-14
1.58374e-14
8.95801e-15
5.42694e-15
3.39125e-15
5.46513e-15
8.92459e-15
-1.09237e-15
-1.27643e-15
-1.29017e-14
-1.41826e-14
-2.46299e-14
-2.68259e-14
-1.69667e-14
-1.70163e-14
-1.13431e-14
-1.65216e-14
-1.7752e-14
-1.63749e-14
-1.82536e-14
-2.97502e-14
-3.85219e-14
-4.6662e-14
-5.79035e-14
-7.08286e-14
-7.27462e-14
-8.27768e-14
-8.17279e-14
-8.36365e-14
-9.11259e-14
-9.42667e-14
-9.00487e-14
-8.55616e-14
-9.26851e-14
-8.73117e-14
-8.76295e-14
-9.25823e-14
-9.21562e-14
-9.91269e-14
-9.78975e-14
-9.85297e-14
-9.80272e-14
-9.50204e-14
-9.51373e-14
-9.02074e-14
-8.91715e-14
-9.01288e-14
-8.85076e-14
-8.56045e-14
-8.30799e-14
-8.23975e-14
-8.57718e-14
-8.86265e-14
-9.16369e-14
-9.31625e-14
-9.37954e-14
-8.90541e-14
-8.06527e-14
-6.78908e-14
-6.53315e-14
-6.67647e-14
-6.6044e-14
-6.37271e-14
-6.58703e-14
-6.56249e-14
-5.52528e-14
-5.24308e-14
-5.24212e-14
-5.09953e-14
-5.24121e-14
-5.00987e-14
-4.62633e-14
-5.14204e-14
-4.90091e-14
-5.48613e-14
-5.22116e-14
-4.46406e-14
-3.76301e-14
-3.69722e-14
-3.80816e-14
-3.95735e-14
-3.62559e-14
-2.95959e-14
-2.81097e-14
-2.69712e-14
-2.57222e-14
-2.61244e-14
-2.14352e-14
-8.56074e-15
2.07716e-14
2.05902e-14
2.54938e-14
2.57032e-14
3.34457e-14
3.42364e-14
3.17237e-14
2.62812e-14
2.79724e-14
2.44336e-14
1.8982e-14
1.42036e-14
9.41478e-15
5.55618e-15
1.36797e-14
5.82347e-15
1.05367e-14
6.77246e-15
-1.84428e-15
1.14992e-15
-1.58456e-14
-1.86572e-14
-1.98719e-14
-2.02956e-14
-2.7197e-14
-1.82368e-14
-1.59074e-14
-1.60206e-14
-1.34801e-14
-1.11875e-14
-1.5431e-14
-3.29112e-14
-4.26034e-14
-4.99573e-14
-5.82412e-14
-6.49135e-14
-6.9109e-14
-8.12248e-14
-8.22197e-14
-8.62882e-14
-9.23111e-14
-9.28257e-14
-9.31409e-14
-8.86239e-14
-8.80332e-14
-8.52779e-14
-8.56803e-14
-9.29453e-14
-9.07619e-14
-9.18424e-14
-1.02428e-13
-9.98796e-14
-9.91797e-14
-9.55866e-14
-8.95361e-14
-8.83401e-14
-8.88577e-14
-8.57502e-14
-8.42059e-14
-8.28682e-14
-8.54159e-14
-8.27704e-14
-8.79381e-14
-7.96532e-14
-8.86553e-14
-9.37304e-14
-8.81702e-14
-8.40985e-14
-8.1287e-14
-6.92853e-14
-6.66877e-14
-6.92426e-14
-7.01775e-14
-6.13336e-14
-5.71439e-14
-6.27146e-14
-5.92937e-14
-5.48798e-14
-5.41055e-14
-5.01657e-14
-5.31867e-14
-5.0113e-14
-5.43308e-14
-5.54985e-14
-4.33419e-14
-4.69702e-14
-4.49889e-14
-4.55639e-14
-3.76668e-14
-3.85497e-14
-3.72089e-14
-3.89876e-14
-3.3993e-14
-2.87246e-14
-2.93299e-14
-2.646e-14
-2.18158e-14
-2.23365e-14
-2.26434e-14
-9.50187e-15
2.26233e-14
2.40943e-14
3.03105e-14
2.79371e-14
3.40905e-14
2.47575e-14
2.5309e-14
2.78932e-14
2.75068e-14
2.75308e-14
2.09277e-14
1.61963e-14
1.09489e-14
1.11042e-14
3.88073e-15
-4.45861e-15
7.54475e-15
1.4521e-14
3.23274e-15
-1.13699e-14
-1.76546e-14
-1.05505e-14
-1.02421e-14
-1.26884e-14
-1.94775e-14
-2.12757e-14
-1.66661e-14
-1.60177e-14
-1.63009e-14
-1.53618e-14
-2.56025e-14
-3.12264e-14
-3.85506e-14
-4.75262e-14
-6.25054e-14
-7.03089e-14
-6.99806e-14
-8.23533e-14
-8.38536e-14
-8.10203e-14
-9.2694e-14
-9.70255e-14
-9.42928e-14
-9.31915e-14
-8.70265e-14
-8.36351e-14
-8.48323e-14
-8.75378e-14
-8.99506e-14
-9.24599e-14
-1.04335e-13
-1.00014e-13
-9.57462e-14
-8.87045e-14
-8.68432e-14
-8.52097e-14
-8.53088e-14
-8.5733e-14
-8.90126e-14
-8.11163e-14
-8.31099e-14
-8.30365e-14
-8.68495e-14
-8.09317e-14
-8.76073e-14
-8.78113e-14
-8.23822e-14
-8.15183e-14
-7.90717e-14
-7.14875e-14
-6.83608e-14
-7.09002e-14
-6.85825e-14
-6.41339e-14
-5.59565e-14
-5.87802e-14
-5.8536e-14
-5.86329e-14
-5.70365e-14
-5.76297e-14
-5.41021e-14
-5.2109e-14
-5.20317e-14
-4.94139e-14
-4.26732e-14
-4.53163e-14
-4.64946e-14
-4.82773e-14
-4.39217e-14
-3.81828e-14
-3.55125e-14
-4.03389e-14
-3.08608e-14
-2.83444e-14
-2.61978e-14
-2.48103e-14
-2.59645e-14
-2.1944e-14
-1.48731e-14
-5.8401e-15
2.36756e-14
2.3088e-14
2.75832e-14
2.94079e-14
3.54755e-14
3.24641e-14
3.32941e-14
3.32942e-14
2.48101e-14
2.29681e-14
1.68141e-14
1.8892e-14
1.13776e-14
2.88111e-15
7.29071e-15
1.1764e-14
1.17544e-14
1.15115e-14
-1.13125e-15
-7.76729e-15
-1.25485e-14
-1.12044e-14
-1.59248e-14
-1.99075e-14
-1.74206e-14
-1.86807e-14
-1.65697e-14
-1.50783e-14
-1.60621e-14
-2.16579e-14
-2.50508e-14
-2.65321e-14
-4.36626e-14
-5.08193e-14
-6.1466e-14
-7.03058e-14
-7.08541e-14
-8.12186e-14
-8.61436e-14
-9.0939e-14
-9.38591e-14
-9.64285e-14
-9.74796e-14
-8.86202e-14
-8.86208e-14
-8.03459e-14
-8.57396e-14
-8.75648e-14
-9.17118e-14
-9.6747e-14
-1.05306e-13
-9.88601e-14
-9.08569e-14
-8.7905e-14
-9.50834e-14
-8.80489e-14
-8.32688e-14
-8.37855e-14
-8.69378e-14
-7.91568e-14
-8.19263e-14
-8.39511e-14
-8.37305e-14
-7.69397e-14
-8.50511e-14
-9.16776e-14
-9.37243e-14
-8.58467e-14
-7.18282e-14
-6.72106e-14
-6.53207e-14
-6.88268e-14
-6.77159e-14
-6.46499e-14
-5.66004e-14
-6.00725e-14
-5.94199e-14
-6.08385e-14
-5.70955e-14
-5.80466e-14
-5.88052e-14
-5.41564e-14
-5.45368e-14
-5.08099e-14
-3.78276e-14
-3.75164e-14
-4.33052e-14
-4.51163e-14
-4.50144e-14
-4.16215e-14
-3.67875e-14
-3.74782e-14
-3.68955e-14
-3.39041e-14
-2.34159e-14
-2.00555e-14
-2.53612e-14
-2.312e-14
-2.09328e-14
-7.45564e-15
2.50473e-14
2.64038e-14
3.51941e-14
3.20837e-14
2.77888e-14
3.01519e-14
2.94464e-14
3.33759e-14
2.48271e-14
2.47903e-14
2.37384e-14
1.48614e-14
8.09411e-15
7.51272e-15
1.09046e-14
1.21257e-14
1.16328e-14
1.47577e-14
3.82976e-15
-5.59845e-15
-1.52987e-14
-1.88744e-14
-2.00726e-14
-1.97268e-14
-2.04183e-14
-1.56127e-14
-2.01505e-14
-1.51398e-14
-1.8122e-14
-2.15704e-14
-1.77345e-14
-2.46731e-14
-4.37869e-14
-5.74006e-14
-6.82443e-14
-7.49117e-14
-7.69057e-14
-8.12164e-14
-8.68307e-14
-9.26329e-14
-9.39462e-14
-9.43103e-14
-9.74206e-14
-8.91861e-14
-8.95767e-14
-8.50774e-14
-8.87418e-14
-8.642e-14
-8.73823e-14
-9.35025e-14
-1.0153e-13
-9.70043e-14
-9.76639e-14
-9.25019e-14
-9.17289e-14
-8.76722e-14
-8.51939e-14
-8.23172e-14
-8.42833e-14
-8.22056e-14
-7.50988e-14
-7.97974e-14
-8.09659e-14
-7.25451e-14
-7.96476e-14
-8.72902e-14
-8.95076e-14
-8.7708e-14
-8.18206e-14
-6.5903e-14
-7.023e-14
-7.31167e-14
-6.56783e-14
-6.51008e-14
-6.17404e-14
-6.15532e-14
-5.64622e-14
-6.02946e-14
-5.62689e-14
-6.00979e-14
-6.12673e-14
-5.35266e-14
-5.1467e-14
-4.18093e-14
-4.24694e-14
-4.64265e-14
-4.99385e-14
-4.49244e-14
-4.16975e-14
-3.55918e-14
-3.84e-14
-4.17098e-14
-3.6796e-14
-3.35293e-14
-2.19761e-14
-1.75196e-14
-2.59917e-14
-2.45704e-14
-2.1799e-14
-2.07335e-15
2.56818e-14
2.67152e-14
2.92265e-14
3.41013e-14
3.22794e-14
3.03454e-14
3.37203e-14
3.08267e-14
2.7346e-14
2.10272e-14
2.37691e-14
1.21083e-14
1.643e-14
1.44762e-14
1.42205e-14
1.52832e-14
1.44571e-14
8.39399e-15
-2.45397e-15
-2.7469e-15
-1.01861e-14
-2.16085e-14
-2.34763e-14
-2.29846e-14
-2.07162e-14
-2.03181e-14
-1.94564e-14
-1.88323e-14
-2.52394e-14
-1.92386e-14
-2.07078e-14
-2.57176e-14
-3.66666e-14
-4.8562e-14
-7.15349e-14
-7.90832e-14
-7.74837e-14
-8.17642e-14
-8.9759e-14
-9.31944e-14
-9.29455e-14
-9.25751e-14
-9.06819e-14
-8.90875e-14
-8.65201e-14
-8.01467e-14
-8.86967e-14
-8.71679e-14
-9.09434e-14
-9.60616e-14
-1.03558e-13
-9.45927e-14
-9.58216e-14
-9.40085e-14
-9.12141e-14
-8.56312e-14
-8.77088e-14
-8.23711e-14
-8.23636e-14
-8.06286e-14
-8.07998e-14
-8.35795e-14
-7.64608e-14
-7.27753e-14
-8.3369e-14
-9.27339e-14
-9.08374e-14
-9.06818e-14
-7.50641e-14
-6.23891e-14
-6.28946e-14
-6.30129e-14
-6.53515e-14
-7.12549e-14
-6.93086e-14
-6.6705e-14
-6.01414e-14
-5.29133e-14
-5.10658e-14
-5.68518e-14
-5.73767e-14
-5.94285e-14
-5.18025e-14
-4.42958e-14
-4.56063e-14
-4.96084e-14
-5.38323e-14
-4.08886e-14
-4.12435e-14
-4.12898e-14
-3.93308e-14
-3.82568e-14
-3.66638e-14
-2.59925e-14
-2.4789e-14
-1.91908e-14
-2.47723e-14
-1.86738e-14
-1.99224e-14
1.74584e-16
2.96263e-14
3.04934e-14
3.16122e-14
3.10449e-14
2.97747e-14
3.34641e-14
3.32105e-14
3.48773e-14
2.71209e-14
2.35685e-14
1.68326e-14
1.35045e-14
1.96189e-14
1.95827e-14
1.89922e-14
1.80978e-14
1.4607e-14
4.1229e-15
-4.3008e-15
1.07481e-15
-1.08295e-14
-1.86801e-14
-2.39101e-14
-2.79491e-14
-2.29192e-14
-2.16566e-14
-1.90948e-14
-1.44074e-14
-1.67256e-14
-1.89414e-14
-1.97575e-14
-3.02399e-14
-4.3018e-14
-6.01551e-14
-7.27743e-14
-8.09598e-14
-7.72566e-14
-7.57732e-14
-8.70267e-14
-9.05426e-14
-8.90891e-14
-9.21178e-14
-8.91775e-14
-9.38086e-14
-8.68525e-14
-8.09825e-14
-7.94719e-14
-8.45415e-14
-9.62858e-14
-1.01283e-13
-9.97549e-14
-8.64721e-14
-8.96949e-14
-9.70589e-14
-9.16408e-14
-8.49183e-14
-9.12238e-14
-8.18728e-14
-7.75511e-14
-7.9256e-14
-8.01942e-14
-7.69189e-14
-7.11554e-14
-7.6211e-14
-8.2162e-14
-8.5234e-14
-8.38775e-14
-8.48959e-14
-8.09793e-14
-7.40994e-14
-6.77232e-14
-6.96237e-14
-7.5161e-14
-7.00887e-14
-6.65075e-14
-6.31379e-14
-6.07799e-14
-5.17801e-14
-5.20698e-14
-5.32405e-14
-5.80006e-14
-5.9527e-14
-5.22453e-14
-4.41758e-14
-4.67208e-14
-5.05423e-14
-5.19155e-14
-4.35611e-14
-4.22118e-14
-4.2217e-14
-3.94583e-14
-3.80007e-14
-3.71944e-14
-2.58365e-14
-2.88431e-14
-2.0109e-14
-2.22779e-14
-1.4355e-14
-1.27207e-14
1.92062e-15
2.92281e-14
3.11889e-14
2.88745e-14
3.1624e-14
3.37311e-14
3.24881e-14
3.26639e-14
3.70806e-14
3.28501e-14
1.96158e-14
1.48492e-14
8.7242e-15
1.40493e-14
2.3626e-14
2.30863e-14
1.55653e-14
1.07761e-14
2.68082e-15
1.03655e-15
1.6913e-15
-9.95795e-15
-1.76141e-14
-2.63419e-14
-2.86364e-14
-2.37324e-14
-1.80045e-14
-1.64297e-14
-1.47407e-14
-1.68469e-14
-2.42108e-14
-2.60074e-14
-3.73867e-14
-4.56954e-14
-6.09144e-14
-6.26597e-14
-7.01858e-14
-7.82775e-14
-8.62619e-14
-9.01859e-14
-8.60498e-14
-8.65892e-14
-8.83528e-14
-8.99038e-14
-8.78464e-14
-8.17541e-14
-8.09353e-14
-8.50414e-14
-8.27313e-14
-9.02653e-14
-9.88666e-14
-9.97042e-14
-9.20406e-14
-9.50834e-14
-9.49699e-14
-9.18992e-14
-8.79213e-14
-8.58729e-14
-8.11699e-14
-7.14385e-14
-7.58179e-14
-7.86596e-14
-8.49286e-14
-8.09605e-14
-8.00572e-14
-7.98228e-14
-8.24079e-14
-8.03733e-14
-7.75401e-14
-6.6887e-14
-6.88015e-14
-7.12634e-14
-7.45083e-14
-8.14397e-14
-7.54352e-14
-6.70761e-14
-5.84262e-14
-5.47133e-14
-5.46912e-14
-5.56396e-14
-5.85382e-14
-5.3589e-14
-5.05607e-14
-4.80662e-14
-4.82449e-14
-5.06384e-14
-5.39584e-14
-5.72721e-14
-5.69886e-14
-4.64962e-14
-3.7682e-14
-4.08816e-14
-3.51311e-14
-3.57275e-14
-2.41971e-14
-2.21845e-14
-1.77795e-14
-2.0114e-14
-1.62083e-14
-5.57122e-15
2.08909e-15
3.16359e-14
2.76304e-14
2.9213e-14
3.2798e-14
3.18112e-14
3.40502e-14
3.30319e-14
3.83194e-14
2.51876e-14
1.72235e-14
1.82313e-14
1.79286e-14
1.94022e-14
1.54624e-14
2.19732e-14
1.92299e-14
9.77875e-15
-2.33848e-15
-8.39206e-15
-1.60457e-14
-1.51919e-14
-1.06935e-14
-1.19822e-14
-1.77349e-14
-1.90379e-14
-1.65747e-14
-1.76856e-14
-1.68242e-14
-1.78307e-14
-2.21785e-14
-2.88301e-14
-4.51674e-14
-5.30832e-14
-6.01645e-14
-6.49949e-14
-7.04483e-14
-7.59077e-14
-8.22948e-14
-8.43466e-14
-8.96462e-14
-8.58851e-14
-8.68485e-14
-8.42649e-14
-8.58621e-14
-8.64312e-14
-8.26062e-14
-8.53873e-14
-8.32803e-14
-8.72247e-14
-9.49155e-14
-9.53673e-14
-9.15736e-14
-9.55037e-14
-9.38848e-14
-8.82295e-14
-8.47688e-14
-8.24963e-14
-8.50047e-14
-7.62781e-14
-7.86227e-14
-7.41666e-14
-7.88337e-14
-7.49895e-14
-7.04162e-14
-7.83684e-14
-8.30061e-14
-7.82316e-14
-7.49745e-14
-6.68766e-14
-7.28902e-14
-7.45094e-14
-8.12656e-14
-7.9593e-14
-6.88288e-14
-6.12276e-14
-5.85983e-14
-5.46843e-14
-5.76185e-14
-5.74395e-14
-5.7619e-14
-5.13959e-14
-4.72445e-14
-5.33764e-14
-5.44725e-14
-5.37505e-14
-5.12261e-14
-5.024e-14
-4.91773e-14
-4.90175e-14
-4.40972e-14
-4.17446e-14
-3.5944e-14
-3.12931e-14
-2.28328e-14
-1.81888e-14
-1.57587e-14
-1.98783e-14
-1.49279e-14
-3.56282e-15
-2.9301e-15
3.23488e-14
2.70332e-14
2.57924e-14
3.34947e-14
3.28209e-14
3.15276e-14
3.52022e-14
4.1841e-14
2.67009e-14
1.94814e-14
1.44752e-14
1.53007e-14
1.54519e-14
1.81928e-14
1.79413e-14
1.8014e-14
1.11682e-14
3.8649e-15
1.26011e-15
-1.01477e-14
-2.16369e-14
-1.46361e-14
-1.34023e-14
-1.41416e-14
-1.88567e-14
-1.42493e-14
-1.35012e-14
-1.57731e-14
-1.89166e-14
-3.25125e-14
-4.45204e-14
-4.58156e-14
-4.51638e-14
-5.21768e-14
-5.90167e-14
-7.13588e-14
-8.29797e-14
-8.6772e-14
-8.698e-14
-8.65284e-14
-8.27102e-14
-8.23901e-14
-8.04406e-14
-8.26355e-14
-8.06493e-14
-8.00894e-14
-8.32158e-14
-8.92048e-14
-8.53116e-14
-8.78259e-14
-9.68127e-14
-9.04421e-14
-9.07516e-14
-9.27829e-14
-8.72752e-14
-8.73641e-14
-8.78938e-14
-8.84512e-14
-8.09417e-14
-7.38176e-14
-6.98955e-14
-7.51617e-14
-7.08129e-14
-7.08845e-14
-7.69946e-14
-7.82162e-14
-7.52022e-14
-7.37416e-14
-7.1026e-14
-7.27607e-14
-7.41874e-14
-7.97857e-14
-8.18204e-14
-7.15822e-14
-6.94577e-14
-5.91072e-14
-5.00886e-14
-5.16374e-14
-6.09317e-14
-5.79408e-14
-5.32972e-14
-4.7231e-14
-5.06881e-14
-5.29256e-14
-5.19409e-14
-5.46874e-14
-6.14618e-14
-4.96861e-14
-4.83727e-14
-4.45759e-14
-4.00879e-14
-3.47401e-14
-3.07369e-14
-1.82684e-14
-1.44429e-14
-1.76176e-14
-1.85582e-14
-1.37576e-14
-4.17066e-15
-3.03535e-15
3.20786e-14
2.50184e-14
2.52631e-14
3.46523e-14
3.47827e-14
3.17796e-14
2.84571e-14
3.35377e-14
2.97533e-14
2.1172e-14
1.60005e-14
1.6527e-14
1.82859e-14
2.04226e-14
1.95403e-14
1.60566e-14
1.65538e-14
9.10492e-15
-4.55358e-15
-1.58506e-14
-1.88557e-14
-1.26294e-14
-1.40236e-14
-1.58215e-14
-1.90993e-14
-1.45712e-14
-1.31518e-14
-2.41035e-14
-2.1261e-14
-3.07264e-14
-3.61937e-14
-4.06513e-14
-5.1242e-14
-5.54823e-14
-5.97177e-14
-6.78552e-14
-7.64993e-14
-7.92204e-14
-8.26734e-14
-8.08874e-14
-8.38705e-14
-8.10092e-14
-7.62808e-14
-7.96532e-14
-7.88348e-14
-8.24664e-14
-8.34658e-14
-8.77271e-14
-8.61839e-14
-8.46221e-14
-9.04814e-14
-9.07656e-14
-8.5748e-14
-8.87395e-14
-8.68256e-14
-8.67455e-14
-8.69415e-14
-8.3732e-14
-7.71082e-14
-7.26874e-14
-7.74933e-14
-7.63344e-14
-7.15322e-14
-6.8891e-14
-6.86327e-14
-6.77939e-14
-7.39203e-14
-7.07479e-14
-7.53756e-14
-7.53691e-14
-7.61894e-14
-8.06156e-14
-8.22373e-14
-7.23224e-14
-6.70489e-14
-5.83735e-14
-5.00327e-14
-5.43816e-14
-6.10681e-14
-6.23476e-14
-5.70539e-14
-4.72953e-14
-5.46e-14
-5.6149e-14
-5.58561e-14
-5.32316e-14
-5.79596e-14
-5.30687e-14
-4.86073e-14
-4.10334e-14
-3.64763e-14
-3.26359e-14
-2.78072e-14
-1.47599e-14
-1.22196e-14
-1.83976e-14
-1.34133e-14
-1.4823e-14
-7.26179e-15
-1.93673e-15
3.17732e-14
2.39715e-14
3.14183e-14
3.59712e-14
3.61073e-14
2.91776e-14
2.89678e-14
3.58622e-14
3.44823e-14
2.61271e-14
1.90783e-14
1.92988e-14
1.6542e-14
1.29839e-14
1.87939e-14
1.00301e-14
1.15421e-14
7.82418e-15
2.89197e-15
-5.49266e-15
-2.06047e-14
-9.70164e-15
-1.53894e-14
-1.32032e-14
-1.82895e-14
-1.71273e-14
-1.30981e-14
-2.15397e-14
-2.5036e-14
-3.03453e-14
-3.74761e-14
-3.99819e-14
-4.69391e-14
-5.66386e-14
-6.13385e-14
-6.52172e-14
-7.91862e-14
-7.67406e-14
-8.48356e-14
-7.80407e-14
-7.73939e-14
-7.80578e-14
-7.27466e-14
-7.94031e-14
-8.18429e-14
-7.97703e-14
-7.956e-14
-8.21804e-14
-8.59041e-14
-8.91521e-14
-8.6828e-14
-8.54021e-14
-8.58414e-14
-8.79292e-14
-8.69965e-14
-8.43332e-14
-8.88259e-14
-8.97846e-14
-8.16933e-14
-7.04596e-14
-6.99251e-14
-7.21562e-14
-6.52746e-14
-6.70882e-14
-6.75471e-14
-6.55752e-14
-7.86618e-14
-7.59818e-14
-7.07702e-14
-7.60639e-14
-7.5414e-14
-7.73316e-14
-8.06129e-14
-7.48331e-14
-7.23439e-14
-6.26142e-14
-5.14451e-14
-5.67151e-14
-6.08533e-14
-6.35125e-14
-5.67198e-14
-4.93593e-14
-5.33763e-14
-5.90494e-14
-5.91266e-14
-5.80301e-14
-5.74568e-14
-5.47727e-14
-4.86246e-14
-3.82911e-14
-3.27144e-14
-2.94687e-14
-2.67129e-14
-1.49036e-14
-1.36751e-14
-1.46031e-14
-1.31957e-14
-1.42779e-14
-8.7907e-15
-3.90891e-15
3.18357e-14
2.63791e-14
3.00587e-14
3.78175e-14
3.57153e-14
3.44182e-14
3.04204e-14
3.34938e-14
2.87701e-14
2.71584e-14
1.74447e-14
1.72131e-14
1.50722e-14
1.52155e-14
2.12019e-14
1.24656e-14
1.74121e-14
6.21982e-15
-8.95053e-15
-1.52828e-14
-1.30739e-14
-1.02097e-14
-1.07691e-14
-1.50004e-14
-1.69148e-14
-1.09375e-14
-7.52469e-15
-2.09267e-14
-3.02266e-14
-3.7616e-14
-3.63502e-14
-4.09357e-14
-4.8871e-14
-5.5135e-14
-6.00693e-14
-6.58919e-14
-6.83027e-14
-7.37721e-14
-8.1088e-14
-8.60274e-14
-7.53556e-14
-7.77975e-14
-7.35296e-14
-7.50258e-14
-7.5085e-14
-7.91546e-14
-8.39725e-14
-8.69289e-14
-8.03272e-14
-8.69166e-14
-8.7384e-14
-8.6207e-14
-7.9685e-14
-8.60088e-14
-8.18335e-14
-8.29009e-14
-8.67254e-14
-8.79239e-14
-8.15121e-14
-7.7094e-14
-7.60133e-14
-6.83353e-14
-5.91185e-14
-5.99932e-14
-6.12206e-14
-7.43847e-14
-8.17724e-14
-8.47241e-14
-7.3008e-14
-7.4306e-14
-7.15753e-14
-7.38674e-14
-7.50271e-14
-7.16912e-14
-6.96896e-14
-6.72713e-14
-5.60634e-14
-5.66024e-14
-6.15484e-14
-6.74524e-14
-5.92706e-14
-5.2516e-14
-5.04882e-14
-6.07236e-14
-6.64681e-14
-6.2821e-14
-5.66689e-14
-5.15706e-14
-4.73187e-14
-3.45928e-14
-3.22601e-14
-2.91699e-14
-2.45756e-14
-1.81222e-14
-1.3001e-14
-1.45438e-14
-1.41533e-14
-1.7213e-14
-1.29435e-14
-3.58666e-15
3.09917e-14
3.20267e-14
3.44906e-14
3.44118e-14
3.34494e-14
3.58938e-14
2.95665e-14
3.44874e-14
2.77419e-14
2.25952e-14
1.50705e-14
1.68979e-14
1.8619e-14
1.40332e-14
1.25908e-14
1.26536e-14
5.64839e-15
5.44398e-15
-1.5377e-15
-5.31501e-15
-1.21352e-14
-1.21526e-14
-1.11224e-14
-9.45901e-15
-1.0223e-14
-1.07573e-14
-1.00994e-14
-1.81925e-14
-3.18888e-14
-3.63275e-14
-3.26339e-14
-3.90151e-14
-5.2692e-14
-5.56052e-14
-6.29774e-14
-7.06808e-14
-6.9147e-14
-7.31928e-14
-7.41053e-14
-7.67373e-14
-7.58634e-14
-7.7419e-14
-7.59784e-14
-7.77026e-14
-7.20695e-14
-7.52438e-14
-8.00091e-14
-8.47548e-14
-7.88954e-14
-8.32974e-14
-8.42999e-14
-8.67134e-14
-8.31689e-14
-8.27355e-14
-8.76566e-14
-9.03492e-14
-9.19724e-14
-8.61353e-14
-7.97295e-14
-6.8018e-14
-7.06197e-14
-6.91012e-14
-6.69548e-14
-6.64565e-14
-6.938e-14
-6.81471e-14
-7.00044e-14
-7.87737e-14
-7.53071e-14
-7.54449e-14
-7.55185e-14
-7.4418e-14
-7.70286e-14
-7.43585e-14
-7.04188e-14
-6.60143e-14
-5.98708e-14
-5.89258e-14
-6.0051e-14
-6.62766e-14
-5.78746e-14
-5.64195e-14
-5.85597e-14
-6.44279e-14
-6.58755e-14
-5.8906e-14
-5.72368e-14
-5.05014e-14
-4.4235e-14
-3.59474e-14
-3.46607e-14
-2.6326e-14
-1.99708e-14
-2.01459e-14
-1.32836e-14
-9.73399e-15
-1.39012e-14
-1.56433e-14
-1.16127e-14
-2.05985e-15
3.34569e-14
3.26566e-14
3.32759e-14
3.44355e-14
3.29451e-14
3.28018e-14
3.17752e-14
3.43661e-14
2.94493e-14
2.66659e-14
1.05072e-14
1.05642e-14
1.7652e-14
1.82567e-14
1.26056e-14
1.39983e-14
1.07265e-14
7.10658e-15
-1.00385e-15
-4.97437e-15
-1.35036e-14
-1.84322e-14
-1.36519e-14
-1.00828e-14
-6.50831e-15
-1.11368e-14
-1.40141e-14
-1.57848e-14
-2.82006e-14
-3.53098e-14
-3.80172e-14
-4.19116e-14
-5.08201e-14
-5.24715e-14
-6.51018e-14
-6.79785e-14
-6.77994e-14
-7.41657e-14
-7.50324e-14
-7.39497e-14
-7.20221e-14
-7.28645e-14
-6.94759e-14
-7.42005e-14
-7.37139e-14
-6.67717e-14
-7.59774e-14
-8.05876e-14
-8.32405e-14
-8.70897e-14
-8.66469e-14
-8.37807e-14
-8.46778e-14
-8.52736e-14
-8.31878e-14
-8.55658e-14
-8.82252e-14
-8.83284e-14
-8.07302e-14
-7.08782e-14
-6.91605e-14
-6.836e-14
-6.86409e-14
-6.72542e-14
-6.82042e-14
-7.1917e-14
-7.21026e-14
-8.28149e-14
-7.71829e-14
-7.41968e-14
-6.99121e-14
-7.26186e-14
-7.55289e-14
-7.28448e-14
-7.00849e-14
-6.56799e-14
-6.14317e-14
-6.35245e-14
-6.53967e-14
-6.68331e-14
-6.2472e-14
-5.00579e-14
-5.59814e-14
-6.27731e-14
-7.19873e-14
-6.25217e-14
-6.1557e-14
-5.25495e-14
-4.00461e-14
-3.02296e-14
-2.84714e-14
-2.38253e-14
-2.41885e-14
-2.0508e-14
-1.33713e-14
-1.3139e-14
-1.39932e-14
-1.27461e-14
-9.78344e-15
-1.44034e-15
3.24855e-14
3.06979e-14
3.23849e-14
3.24243e-14
3.5832e-14
3.04027e-14
3.47127e-14
3.73673e-14
3.13963e-14
2.9026e-14
9.75642e-15
1.03624e-14
1.76831e-14
1.08854e-14
1.17188e-14
1.09122e-14
1.14862e-14
6.37703e-15
7.00666e-15
1.18706e-15
-1.45015e-14
-1.78595e-14
-1.30702e-14
-1.4293e-14
-9.12613e-15
-8.80079e-15
-1.12432e-14
-1.5649e-14
-2.68918e-14
-2.86262e-14
-3.21755e-14
-4.61851e-14
-6.10103e-14
-5.92414e-14
-6.29049e-14
-6.25053e-14
-6.61594e-14
-7.38684e-14
-7.39395e-14
-7.19896e-14
-6.64146e-14
-7.17328e-14
-7.4958e-14
-7.4146e-14
-7.32332e-14
-6.43433e-14
-7.22262e-14
-8.02597e-14
-8.05988e-14
-8.31402e-14
-8.54652e-14
-8.56047e-14
-8.20295e-14
-8.77326e-14
-9.08954e-14
-8.70487e-14
-8.59445e-14
-8.77103e-14
-8.12449e-14
-6.86435e-14
-7.31732e-14
-7.0948e-14
-7.35092e-14
-6.38099e-14
-6.90049e-14
-6.85927e-14
-6.91203e-14
-7.83084e-14
-7.91618e-14
-7.65869e-14
-7.13445e-14
-7.58392e-14
-7.92022e-14
-6.80945e-14
-6.94657e-14
-6.26037e-14
-6.42284e-14
-7.10254e-14
-7.04306e-14
-6.49696e-14
-5.60621e-14
-4.94761e-14
-5.59901e-14
-6.96083e-14
-6.75157e-14
-6.42411e-14
-5.70582e-14
-4.86432e-14
-4.00918e-14
-3.1625e-14
-2.57389e-14
-2.18873e-14
-2.15397e-14
-2.33814e-14
-1.63612e-14
-1.48706e-14
-1.65826e-14
-8.90742e-15
-8.309e-15
2.15358e-15
)
;

boundaryField
{
    inlet
    {
        type            zeroGradient;
    }
    outlet
    {
        type            fixedValue;
        value           uniform 0;
    }
    down
    {
        type            empty;
    }
    up
    {
        type            empty;
    }
    sides
    {
        type            zeroGradient;
    }
}

