/*--------------------------------*- C++ -*----------------------------------*\
| =========                 |                                                 |
| \\      /  F ield         | OpenFOAM: The Open Source CFD Toolbox           |
|  \\    /   O peration     | Version:  v2012                                 |
|   \\  /    A nd           | Website:  www.openfoam.com                      |
|    \\/     M anipulation  |                                                 |
\*---------------------------------------------------------------------------*/
FoamFile
{
    version     2.0;
    format      ascii;
    class       volScalarField;
    location    "0";
    object      p;
}
// * * * * * * * * * * * * * * * * * * * * * * * * * * * * * * * * * * * * * //

dimensions      [0 2 -2 0 0 0 0];


internalField   nonuniform List<scalar> 
4000
(
3.03715e-13
3.03108e-13
2.99021e-13
3.03249e-13
3.01543e-13
2.93589e-13
2.96157e-13
2.91413e-13
2.85714e-13
2.86695e-13
2.73424e-13
2.66529e-13
2.59387e-13
2.66448e-13
2.56725e-13
2.47336e-13
2.50765e-13
2.5363e-13
2.51295e-13
2.42424e-13
2.38795e-13
2.32054e-13
2.28004e-13
2.20968e-13
2.11915e-13
2.02465e-13
1.98777e-13
1.9345e-13
1.93009e-13
1.93585e-13
1.82581e-13
1.79292e-13
1.8539e-13
1.866e-13
1.78975e-13
1.83258e-13
1.7572e-13
1.58405e-13
1.50685e-13
1.40863e-13
1.30473e-13
1.34895e-13
1.32878e-13
1.38823e-13
1.47677e-13
1.37578e-13
1.2414e-13
1.18051e-13
1.14039e-13
1.08085e-13
1.02729e-13
1.10499e-13
1.13552e-13
1.11653e-13
1.11584e-13
1.06985e-13
1.07351e-13
1.13099e-13
1.14651e-13
1.20677e-13
1.22015e-13
1.24792e-13
1.1648e-13
1.04077e-13
9.85398e-14
1.03569e-13
1.05201e-13
1.07005e-13
1.00857e-13
9.54108e-14
9.53245e-14
8.98748e-14
8.03828e-14
8.26795e-14
8.86796e-14
8.53996e-14
8.7146e-14
8.97936e-14
8.34082e-14
7.05252e-14
5.63573e-14
5.74701e-14
5.44138e-14
4.06893e-14
4.03468e-14
4.08144e-14
4.711e-14
4.81938e-14
4.77018e-14
4.64568e-14
4.29994e-14
3.83371e-14
4.15822e-14
4.13746e-14
2.62502e-14
2.55767e-14
2.85734e-14
1.60928e-14
6.84596e-15
-1.11822e-15
3.04045e-13
2.98175e-13
3.04199e-13
3.04554e-13
3.02859e-13
2.9634e-13
2.98549e-13
2.92826e-13
2.8396e-13
2.78503e-13
2.72791e-13
2.72408e-13
2.62331e-13
2.60447e-13
2.56619e-13
2.53823e-13
2.52057e-13
2.51316e-13
2.48347e-13
2.46022e-13
2.39231e-13
2.28718e-13
2.26203e-13
2.20451e-13
2.10021e-13
2.04019e-13
2.01324e-13
1.96916e-13
1.92554e-13
1.9121e-13
1.86037e-13
1.83445e-13
1.83965e-13
1.76605e-13
1.77418e-13
1.7913e-13
1.74613e-13
1.62114e-13
1.48556e-13
1.39286e-13
1.37981e-13
1.34966e-13
1.37605e-13
1.3959e-13
1.40777e-13
1.34765e-13
1.25197e-13
1.17031e-13
1.15193e-13
1.07468e-13
1.04986e-13
1.08618e-13
1.13383e-13
1.16471e-13
1.10855e-13
1.08709e-13
1.0836e-13
1.08164e-13
1.10946e-13
1.21425e-13
1.24488e-13
1.22959e-13
1.19128e-13
1.07863e-13
1.0008e-13
1.03412e-13
1.02423e-13
1.05301e-13
9.9905e-14
9.85336e-14
9.53311e-14
8.93712e-14
8.85736e-14
8.32891e-14
8.36648e-14
8.37028e-14
8.65588e-14
8.78437e-14
7.93794e-14
7.1948e-14
6.22778e-14
5.63762e-14
5.68664e-14
4.51946e-14
4.04423e-14
4.01228e-14
4.27729e-14
4.40684e-14
4.77083e-14
4.61255e-14
4.60802e-14
4.16266e-14
4.19797e-14
3.93018e-14
2.91617e-14
2.99751e-14
1.86634e-14
1.12385e-14
7.35367e-15
1.08371e-15
2.99821e-13
2.96288e-13
3.05462e-13
3.0527e-13
3.05019e-13
2.99102e-13
2.91886e-13
2.88363e-13
2.85423e-13
2.7771e-13
2.70758e-13
2.69015e-13
2.62068e-13
2.63509e-13
2.60103e-13
2.54538e-13
2.46934e-13
2.47095e-13
2.5148e-13
2.48192e-13
2.37295e-13
2.33563e-13
2.28171e-13
2.17114e-13
2.11534e-13
2.06196e-13
2.03113e-13
1.94505e-13
1.89761e-13
1.86999e-13
1.87258e-13
1.84306e-13
1.85537e-13
1.8304e-13
1.76407e-13
1.8312e-13
1.72879e-13
1.59757e-13
1.47098e-13
1.41661e-13
1.38844e-13
1.31984e-13
1.42237e-13
1.39322e-13
1.3275e-13
1.35443e-13
1.21857e-13
1.20001e-13
1.18015e-13
1.1708e-13
1.08849e-13
1.05229e-13
1.02202e-13
1.11312e-13
1.11994e-13
1.11874e-13
1.11708e-13
1.12783e-13
1.1724e-13
1.23801e-13
1.24482e-13
1.18143e-13
1.18482e-13
1.07893e-13
1.00405e-13
1.02997e-13
1.03301e-13
1.03447e-13
1.02271e-13
9.49033e-14
9.34186e-14
8.68029e-14
8.43709e-14
8.23376e-14
8.43657e-14
8.32259e-14
8.73028e-14
8.74298e-14
7.98401e-14
7.71807e-14
6.85823e-14
5.68028e-14
5.27918e-14
4.58009e-14
3.97117e-14
3.79012e-14
4.7548e-14
4.23287e-14
4.69901e-14
4.56613e-14
4.2196e-14
4.45554e-14
4.33069e-14
4.16663e-14
3.04383e-14
2.4856e-14
1.90905e-14
9.83208e-15
7.63538e-15
1.05167e-15
2.97516e-13
2.97967e-13
3.00506e-13
2.98793e-13
2.98518e-13
2.98786e-13
2.89745e-13
2.90039e-13
2.88826e-13
2.74048e-13
2.73408e-13
2.71918e-13
2.60315e-13
2.59701e-13
2.61926e-13
2.59216e-13
2.46226e-13
2.44889e-13
2.47084e-13
2.41512e-13
2.37692e-13
2.33666e-13
2.28314e-13
2.13581e-13
2.08251e-13
2.0388e-13
2.01537e-13
2.00113e-13
1.92522e-13
1.87292e-13
1.83759e-13
1.85877e-13
1.83683e-13
1.80904e-13
1.75539e-13
1.77679e-13
1.72446e-13
1.64166e-13
1.50328e-13
1.41869e-13
1.38384e-13
1.36708e-13
1.4324e-13
1.3619e-13
1.32151e-13
1.33471e-13
1.2596e-13
1.17848e-13
1.13345e-13
1.12872e-13
1.09659e-13
1.07854e-13
1.07355e-13
1.13246e-13
1.16056e-13
1.15634e-13
1.10136e-13
1.08828e-13
1.15303e-13
1.15082e-13
1.21423e-13
1.23623e-13
1.22094e-13
1.09833e-13
1.03029e-13
1.01086e-13
1.04251e-13
1.02748e-13
1.03363e-13
9.79409e-14
9.63258e-14
8.6913e-14
8.81385e-14
8.5709e-14
8.46277e-14
8.38194e-14
8.70248e-14
8.95759e-14
8.21383e-14
7.73078e-14
7.12171e-14
5.79136e-14
5.02205e-14
4.33192e-14
4.42784e-14
3.83668e-14
4.30212e-14
4.1599e-14
4.13586e-14
4.58852e-14
4.40277e-14
4.46841e-14
4.38577e-14
3.8357e-14
3.14798e-14
2.6041e-14
2.09789e-14
8.37793e-15
5.23059e-15
2.44966e-15
2.94967e-13
2.9782e-13
3.00294e-13
3.0067e-13
2.95224e-13
2.94398e-13
2.92766e-13
2.87557e-13
2.84053e-13
2.72748e-13
2.66634e-13
2.71307e-13
2.67337e-13
2.65296e-13
2.60927e-13
2.55263e-13
2.51212e-13
2.48793e-13
2.42578e-13
2.35794e-13
2.3431e-13
2.33505e-13
2.24429e-13
2.17197e-13
2.08102e-13
2.04533e-13
1.98734e-13
1.94521e-13
1.94291e-13
1.89194e-13
1.8232e-13
1.82299e-13
1.85518e-13
1.79394e-13
1.75439e-13
1.76081e-13
1.73486e-13
1.64582e-13
1.52725e-13
1.4063e-13
1.38181e-13
1.36753e-13
1.40625e-13
1.35901e-13
1.34637e-13
1.2576e-13
1.20416e-13
1.18093e-13
1.18937e-13
1.18514e-13
1.1497e-13
1.10304e-13
1.06413e-13
1.09383e-13
1.12261e-13
1.13529e-13
1.14033e-13
1.10239e-13
1.10209e-13
1.19504e-13
1.23369e-13
1.21053e-13
1.18316e-13
1.11254e-13
1.07826e-13
1.04753e-13
1.05152e-13
1.03498e-13
1.03394e-13
9.69355e-14
9.22741e-14
8.57302e-14
9.23095e-14
8.35144e-14
8.70747e-14
8.25488e-14
8.51649e-14
8.98158e-14
8.57929e-14
7.70233e-14
7.1029e-14
6.27837e-14
4.71338e-14
4.48771e-14
4.71207e-14
3.41125e-14
4.38469e-14
4.41406e-14
4.11238e-14
4.18538e-14
4.1627e-14
4.09605e-14
4.21315e-14
3.90612e-14
3.38505e-14
2.31506e-14
2.12605e-14
9.32453e-15
6.70754e-15
-2.75275e-15
2.90868e-13
3.00251e-13
2.9945e-13
2.90762e-13
2.91512e-13
2.90832e-13
2.87209e-13
2.87749e-13
2.78105e-13
2.7168e-13
2.71349e-13
2.74808e-13
2.70104e-13
2.60641e-13
2.56163e-13
2.58126e-13
2.50712e-13
2.49041e-13
2.501e-13
2.38947e-13
2.31294e-13
2.22965e-13
2.10645e-13
2.10261e-13
2.06115e-13
2.05113e-13
2.01348e-13
1.95155e-13
1.98451e-13
1.92414e-13
1.83088e-13
1.8299e-13
1.85e-13
1.79495e-13
1.76177e-13
1.74833e-13
1.72979e-13
1.66241e-13
1.51144e-13
1.42902e-13
1.37855e-13
1.34622e-13
1.35817e-13
1.35631e-13
1.34908e-13
1.26972e-13
1.24977e-13
1.21444e-13
1.20795e-13
1.19709e-13
1.1099e-13
1.0996e-13
1.09188e-13
1.12059e-13
1.10235e-13
1.12945e-13
1.15097e-13
1.08963e-13
1.16271e-13
1.23887e-13
1.22956e-13
1.19643e-13
1.17539e-13
1.12417e-13
1.05657e-13
1.08452e-13
1.10204e-13
1.06398e-13
1.03104e-13
9.44456e-14
9.30206e-14
9.48712e-14
9.33913e-14
8.55481e-14
8.49935e-14
8.31405e-14
8.53646e-14
8.6198e-14
8.91575e-14
8.01411e-14
7.16259e-14
6.12036e-14
4.75428e-14
4.89896e-14
4.60158e-14
4.19735e-14
4.84878e-14
4.21233e-14
3.4021e-14
3.57357e-14
4.22209e-14
3.80949e-14
3.75905e-14
3.54939e-14
3.18109e-14
2.39688e-14
1.60044e-14
9.18443e-15
5.32279e-15
-4.46293e-15
2.93284e-13
2.95223e-13
2.97453e-13
2.90931e-13
2.81878e-13
2.89427e-13
2.82197e-13
2.87338e-13
2.73237e-13
2.69531e-13
2.67975e-13
2.69591e-13
2.7125e-13
2.59009e-13
2.5666e-13
2.59517e-13
2.58966e-13
2.5379e-13
2.36487e-13
2.26306e-13
2.23832e-13
2.20705e-13
2.24986e-13
2.18999e-13
2.02659e-13
1.9849e-13
2.00386e-13
1.9537e-13
1.92545e-13
1.95831e-13
1.88117e-13
1.84348e-13
1.78329e-13
1.72633e-13
1.74671e-13
1.71046e-13
1.71403e-13
1.67014e-13
1.55084e-13
1.43112e-13
1.3668e-13
1.37251e-13
1.38853e-13
1.36705e-13
1.37748e-13
1.29235e-13
1.26278e-13
1.19494e-13
1.17568e-13
1.20061e-13
1.22495e-13
1.22953e-13
1.10214e-13
1.10303e-13
1.13161e-13
1.12182e-13
1.11255e-13
1.05258e-13
1.13569e-13
1.22616e-13
1.25627e-13
1.28141e-13
1.2232e-13
1.09713e-13
1.04471e-13
1.0355e-13
1.03334e-13
1.02987e-13
1.03944e-13
1.02267e-13
9.78383e-14
9.43491e-14
9.35047e-14
9.19208e-14
8.7788e-14
8.67312e-14
7.97349e-14
7.51065e-14
8.36776e-14
8.42257e-14
7.10276e-14
6.24977e-14
5.12841e-14
5.07765e-14
4.33562e-14
4.59887e-14
4.60426e-14
4.78493e-14
3.72201e-14
3.62163e-14
3.96603e-14
3.192e-14
3.43695e-14
3.22198e-14
2.82762e-14
2.16108e-14
1.61694e-14
7.78725e-15
4.0282e-15
-8.37607e-16
2.90776e-13
2.88338e-13
2.92166e-13
2.95238e-13
2.87965e-13
2.90463e-13
2.82233e-13
2.80536e-13
2.6834e-13
2.6704e-13
2.65312e-13
2.64167e-13
2.64922e-13
2.58306e-13
2.55462e-13
2.5347e-13
2.55446e-13
2.5121e-13
2.40441e-13
2.32723e-13
2.32116e-13
2.23095e-13
2.1e-13
2.00519e-13
2.04006e-13
1.97952e-13
1.98859e-13
1.96394e-13
1.93734e-13
1.93768e-13
1.90452e-13
1.858e-13
1.79733e-13
1.76634e-13
1.74141e-13
1.7221e-13
1.6189e-13
1.6341e-13
1.60008e-13
1.4807e-13
1.36135e-13
1.33321e-13
1.31435e-13
1.37289e-13
1.44736e-13
1.32581e-13
1.21908e-13
1.1828e-13
1.20683e-13
1.20883e-13
1.2224e-13
1.19841e-13
1.16045e-13
1.13265e-13
1.10866e-13
1.11974e-13
1.14514e-13
1.08662e-13
1.14809e-13
1.23487e-13
1.27079e-13
1.23976e-13
1.19874e-13
1.11238e-13
1.09916e-13
1.06659e-13
1.05488e-13
1.05118e-13
1.053e-13
1.02973e-13
9.70793e-14
9.50972e-14
8.65039e-14
8.16433e-14
7.92075e-14
8.83465e-14
8.66123e-14
8.14112e-14
8.90828e-14
8.70102e-14
7.70214e-14
6.25276e-14
5.28218e-14
4.65556e-14
4.41571e-14
5.01892e-14
4.74748e-14
4.64055e-14
3.91401e-14
3.35254e-14
3.50569e-14
2.95457e-14
3.12936e-14
3.07473e-14
2.39268e-14
2.01783e-14
1.42426e-14
7.12977e-15
3.90303e-15
-7.61235e-16
2.89592e-13
2.87615e-13
2.88308e-13
2.87899e-13
2.84955e-13
2.82464e-13
2.84745e-13
2.75798e-13
2.65434e-13
2.67786e-13
2.63789e-13
2.61207e-13
2.58428e-13
2.59976e-13
2.585e-13
2.58271e-13
2.50062e-13
2.42243e-13
2.41838e-13
2.3548e-13
2.2311e-13
2.11818e-13
2.10928e-13
2.07212e-13
2.03631e-13
1.97439e-13
1.92857e-13
1.97637e-13
1.97948e-13
1.86657e-13
1.8839e-13
1.85233e-13
1.76569e-13
1.70401e-13
1.75305e-13
1.73734e-13
1.67209e-13
1.62771e-13
1.56145e-13
1.41979e-13
1.3798e-13
1.38265e-13
1.34528e-13
1.3498e-13
1.39604e-13
1.32328e-13
1.26228e-13
1.23018e-13
1.2724e-13
1.23719e-13
1.20677e-13
1.17237e-13
1.19434e-13
1.15613e-13
1.10594e-13
1.08023e-13
1.13471e-13
1.10888e-13
1.13747e-13
1.22597e-13
1.27133e-13
1.23798e-13
1.18351e-13
1.09132e-13
1.1013e-13
1.04629e-13
1.0563e-13
1.08576e-13
1.06422e-13
9.82077e-14
9.179e-14
9.63202e-14
9.06786e-14
8.78224e-14
8.4425e-14
8.59843e-14
8.56189e-14
8.36847e-14
9.38563e-14
8.88963e-14
7.98767e-14
6.43337e-14
5.36594e-14
4.99394e-14
5.08394e-14
4.84952e-14
4.56214e-14
4.31147e-14
4.47748e-14
3.7422e-14
3.36647e-14
2.77536e-14
2.80219e-14
2.67409e-14
1.95444e-14
1.41295e-14
1.39014e-14
6.95535e-15
1.67853e-15
-4.04174e-15
2.85612e-13
2.86182e-13
2.92783e-13
2.83568e-13
2.84139e-13
2.83211e-13
2.81725e-13
2.78359e-13
2.63503e-13
2.56968e-13
2.55629e-13
2.55536e-13
2.59315e-13
2.62536e-13
2.55667e-13
2.52326e-13
2.47916e-13
2.5168e-13
2.53949e-13
2.3735e-13
2.21349e-13
2.1007e-13
2.06509e-13
2.0004e-13
1.99915e-13
1.97283e-13
1.98485e-13
1.98748e-13
1.96018e-13
1.84492e-13
1.8421e-13
1.79366e-13
1.80511e-13
1.7371e-13
1.75879e-13
1.69316e-13
1.64188e-13
1.60066e-13
1.53701e-13
1.46346e-13
1.37689e-13
1.33725e-13
1.33299e-13
1.31572e-13
1.42187e-13
1.36866e-13
1.25262e-13
1.26289e-13
1.2957e-13
1.22879e-13
1.19822e-13
1.21253e-13
1.17245e-13
1.16147e-13
1.09164e-13
1.08931e-13
1.09746e-13
1.1129e-13
1.16935e-13
1.2117e-13
1.23011e-13
1.29342e-13
1.29573e-13
1.10483e-13
1.0589e-13
9.66015e-14
1.02745e-13
1.04268e-13
1.05646e-13
1.03864e-13
1.00494e-13
1.00848e-13
9.35497e-14
8.6671e-14
8.47209e-14
8.12021e-14
8.48357e-14
9.30035e-14
9.72529e-14
8.37302e-14
7.18153e-14
6.6608e-14
6.40609e-14
5.45466e-14
5.29648e-14
4.50824e-14
4.56944e-14
4.20629e-14
4.35649e-14
3.63019e-14
3.39034e-14
2.8709e-14
2.2464e-14
2.64557e-14
1.85078e-14
1.19145e-14
1.10392e-14
3.69811e-15
-2.59058e-15
-3.19216e-15
2.85193e-13
2.86163e-13
2.85027e-13
2.85825e-13
2.82041e-13
2.77699e-13
2.76437e-13
2.70946e-13
2.62064e-13
2.64882e-13
2.58653e-13
2.5359e-13
2.60863e-13
2.77138e-13
2.62775e-13
2.53771e-13
2.40802e-13
2.39182e-13
2.47533e-13
2.36472e-13
2.23504e-13
2.07009e-13
2.03297e-13
2.01033e-13
2.00725e-13
1.958e-13
1.97219e-13
1.99769e-13
1.93844e-13
1.90237e-13
1.84534e-13
1.74414e-13
1.76341e-13
1.73734e-13
1.79413e-13
1.69681e-13
1.65131e-13
1.57347e-13
1.53923e-13
1.40374e-13
1.35688e-13
1.35628e-13
1.31792e-13
1.39125e-13
1.44093e-13
1.36183e-13
1.291e-13
1.24899e-13
1.22822e-13
1.22618e-13
1.23546e-13
1.24472e-13
1.21168e-13
1.11827e-13
1.09853e-13
1.09267e-13
1.11478e-13
1.14766e-13
1.15532e-13
1.13871e-13
1.16699e-13
1.16453e-13
1.22882e-13
1.20099e-13
1.07561e-13
1.06741e-13
1.05176e-13
1.06794e-13
1.05674e-13
1.06947e-13
1.00612e-13
1.00187e-13
9.54743e-14
9.16777e-14
8.4755e-14
7.88715e-14
8.72668e-14
9.55888e-14
9.59082e-14
8.76873e-14
7.87355e-14
6.99337e-14
6.59702e-14
5.59435e-14
5.28411e-14
4.34822e-14
4.38997e-14
4.55815e-14
4.30504e-14
3.7657e-14
3.27518e-14
2.90298e-14
2.50477e-14
2.38206e-14
1.81893e-14
1.26917e-14
8.78853e-15
-3.94104e-15
-8.4254e-15
-2.2518e-15
2.88118e-13
2.87003e-13
2.85958e-13
2.8472e-13
2.80812e-13
2.75044e-13
2.78716e-13
2.71067e-13
2.69699e-13
2.63755e-13
2.53837e-13
2.51238e-13
2.49405e-13
2.54607e-13
2.53926e-13
2.55406e-13
2.51044e-13
2.49115e-13
2.46833e-13
2.338e-13
2.22086e-13
2.05772e-13
1.99421e-13
2.00085e-13
1.98014e-13
1.93051e-13
1.90811e-13
1.99193e-13
2.0078e-13
1.89411e-13
1.85613e-13
1.76692e-13
1.748e-13
1.72236e-13
1.74494e-13
1.68264e-13
1.62657e-13
1.56611e-13
1.48331e-13
1.40129e-13
1.38049e-13
1.36268e-13
1.33749e-13
1.40395e-13
1.383e-13
1.39526e-13
1.285e-13
1.29268e-13
1.28667e-13
1.25154e-13
1.19974e-13
1.22357e-13
1.18269e-13
1.14525e-13
1.12331e-13
1.03057e-13
1.0999e-13
1.17053e-13
1.17962e-13
1.15484e-13
1.21342e-13
1.29695e-13
1.2556e-13
1.18123e-13
9.92358e-14
1.02228e-13
1.06488e-13
1.06171e-13
1.05632e-13
1.07362e-13
1.03634e-13
1.0475e-13
1.00516e-13
9.8557e-14
8.77192e-14
7.38516e-14
8.71101e-14
9.77693e-14
9.3621e-14
8.48427e-14
7.03208e-14
6.76227e-14
6.31841e-14
5.93427e-14
5.31285e-14
4.50461e-14
3.97266e-14
4.48142e-14
4.41007e-14
3.7639e-14
3.18536e-14
2.95408e-14
2.35829e-14
2.37717e-14
1.57359e-14
1.26177e-14
5.32918e-15
-2.18961e-15
-7.14364e-15
-4.26199e-15
2.87778e-13
2.85355e-13
2.79637e-13
2.88103e-13
2.82386e-13
2.80169e-13
2.65614e-13
2.65609e-13
2.63854e-13
2.60812e-13
2.60397e-13
2.57184e-13
2.60234e-13
2.5787e-13
2.54057e-13
2.54789e-13
2.49525e-13
2.47252e-13
2.42959e-13
2.24644e-13
2.18522e-13
2.0705e-13
2.00503e-13
1.93526e-13
1.91373e-13
1.95936e-13
1.91953e-13
1.9363e-13
1.93762e-13
1.90414e-13
1.83666e-13
1.75586e-13
1.78397e-13
1.78755e-13
1.80035e-13
1.65176e-13
1.60623e-13
1.57327e-13
1.49969e-13
1.40163e-13
1.36354e-13
1.38985e-13
1.35306e-13
1.37641e-13
1.33239e-13
1.34886e-13
1.29788e-13
1.30705e-13
1.33097e-13
1.27013e-13
1.20687e-13
1.22326e-13
1.19999e-13
1.09541e-13
1.16556e-13
1.16278e-13
1.0939e-13
1.06534e-13
1.09825e-13
1.15138e-13
1.186e-13
1.21321e-13
1.24196e-13
1.25296e-13
1.10373e-13
1.06887e-13
1.01948e-13
1.05554e-13
1.08403e-13
1.08845e-13
1.00475e-13
9.91985e-14
1.01442e-13
9.94521e-14
9.01983e-14
8.06159e-14
9.0852e-14
9.83222e-14
9.17187e-14
8.1571e-14
7.12943e-14
6.98442e-14
6.46246e-14
5.60795e-14
5.38154e-14
4.78536e-14
4.22526e-14
4.38204e-14
4.13543e-14
2.96565e-14
3.01238e-14
3.0838e-14
2.57241e-14
2.25053e-14
1.34478e-14
1.08666e-14
6.78527e-15
2.3541e-15
-8.87372e-15
-5.44606e-15
2.81011e-13
2.90231e-13
2.82675e-13
2.81281e-13
2.80516e-13
2.77733e-13
2.74006e-13
2.7656e-13
2.70775e-13
2.52774e-13
2.41368e-13
2.49403e-13
2.5822e-13
2.56049e-13
2.61516e-13
2.56542e-13
2.49279e-13
2.43418e-13
2.41867e-13
2.24426e-13
2.12634e-13
2.03575e-13
2.06839e-13
1.99972e-13
1.82369e-13
1.94336e-13
1.92654e-13
1.98033e-13
1.91434e-13
1.83295e-13
1.82216e-13
1.8149e-13
1.74958e-13
1.70978e-13
1.67924e-13
1.62953e-13
1.63513e-13
1.60959e-13
1.5347e-13
1.45791e-13
1.34144e-13
1.34244e-13
1.39464e-13
1.36252e-13
1.3464e-13
1.34202e-13
1.30823e-13
1.31577e-13
1.37499e-13
1.2797e-13
1.18843e-13
1.1604e-13
1.16254e-13
1.16354e-13
1.14372e-13
1.12512e-13
1.15727e-13
1.13527e-13
1.18148e-13
1.18519e-13
1.17062e-13
1.1954e-13
1.21239e-13
1.24385e-13
1.12838e-13
1.07859e-13
1.02959e-13
1.06352e-13
1.08664e-13
1.06004e-13
1.02916e-13
1.03982e-13
1.03063e-13
1.0303e-13
9.88304e-14
8.7661e-14
9.05311e-14
8.98195e-14
8.72579e-14
8.07845e-14
7.58838e-14
6.87044e-14
6.05339e-14
5.74926e-14
4.87932e-14
4.80455e-14
4.8373e-14
4.76395e-14
3.90373e-14
3.47189e-14
3.41758e-14
3.41453e-14
2.90747e-14
2.39761e-14
1.19368e-14
8.37389e-16
2.53661e-15
4.57959e-15
-2.96839e-15
-6.78774e-15
2.8085e-13
2.87135e-13
2.87548e-13
2.78394e-13
2.82656e-13
2.81888e-13
2.73611e-13
2.67887e-13
2.6825e-13
2.561e-13
2.4943e-13
2.52162e-13
2.52481e-13
2.60522e-13
2.6298e-13
2.51165e-13
2.47609e-13
2.45394e-13
2.40515e-13
2.2241e-13
2.11272e-13
1.93729e-13
1.99865e-13
2.01876e-13
1.93499e-13
1.93942e-13
1.90323e-13
1.884e-13
1.84911e-13
1.84891e-13
1.85174e-13
1.84303e-13
1.77523e-13
1.70196e-13
1.70993e-13
1.63815e-13
1.63935e-13
1.62233e-13
1.58009e-13
1.43577e-13
1.33903e-13
1.34331e-13
1.30136e-13
1.32951e-13
1.37086e-13
1.38627e-13
1.31406e-13
1.28226e-13
1.35079e-13
1.30862e-13
1.27634e-13
1.25806e-13
1.17005e-13
1.08912e-13
1.1227e-13
1.139e-13
1.11686e-13
1.14688e-13
1.16475e-13
1.14624e-13
1.19776e-13
1.2298e-13
1.23811e-13
1.21134e-13
1.05344e-13
1.09657e-13
1.04464e-13
1.05499e-13
1.11231e-13
1.01317e-13
1.05713e-13
1.02413e-13
1.03474e-13
1.03534e-13
9.79112e-14
8.82868e-14
9.36127e-14
9.02291e-14
8.48191e-14
8.58658e-14
7.69371e-14
7.25175e-14
6.42369e-14
5.31989e-14
5.12502e-14
5.11375e-14
4.42393e-14
4.63714e-14
3.7288e-14
3.98855e-14
3.1746e-14
3.14459e-14
2.94319e-14
2.22288e-14
9.02028e-15
8.63165e-17
2.98185e-15
1.42376e-15
-1.42353e-15
-2.06669e-15
2.77272e-13
2.84932e-13
2.84693e-13
2.87473e-13
2.81531e-13
2.86486e-13
2.80206e-13
2.71068e-13
2.5864e-13
2.52412e-13
2.48689e-13
2.52511e-13
2.53953e-13
2.63251e-13
2.54262e-13
2.551e-13
2.43559e-13
2.40874e-13
2.31745e-13
2.25681e-13
2.14599e-13
2.03089e-13
1.99419e-13
1.83319e-13
1.98796e-13
1.98533e-13
1.96651e-13
1.94762e-13
1.88742e-13
1.82087e-13
1.81316e-13
1.81651e-13
1.79765e-13
1.70871e-13
1.65745e-13
1.64312e-13
1.63296e-13
1.58823e-13
1.56099e-13
1.43523e-13
1.34207e-13
1.29174e-13
1.33836e-13
1.34023e-13
1.43267e-13
1.41034e-13
1.36048e-13
1.35486e-13
1.35094e-13
1.22905e-13
1.17252e-13
1.16726e-13
1.1843e-13
1.11847e-13
1.15934e-13
1.1461e-13
1.12108e-13
1.18964e-13
1.20637e-13
1.11479e-13
1.2358e-13
1.22384e-13
1.22689e-13
1.20683e-13
1.11526e-13
1.06044e-13
1.05492e-13
1.12361e-13
1.04613e-13
1.04418e-13
1.09046e-13
1.00276e-13
1.03658e-13
1.06684e-13
9.92921e-14
8.77587e-14
9.47101e-14
9.07543e-14
8.46525e-14
8.63154e-14
7.71573e-14
6.84282e-14
5.95939e-14
5.95835e-14
5.72658e-14
5.06166e-14
4.37409e-14
4.54762e-14
4.42633e-14
3.60344e-14
2.54046e-14
3.10692e-14
2.48037e-14
1.74016e-14
1.24813e-14
5.3108e-15
-7.09239e-16
9.98476e-16
-3.60307e-15
7.02441e-17
2.85019e-13
2.86943e-13
2.82756e-13
2.80782e-13
2.81223e-13
2.73093e-13
2.74141e-13
2.71999e-13
2.68084e-13
2.63251e-13
2.60391e-13
2.53614e-13
2.47566e-13
2.55045e-13
2.529e-13
2.60056e-13
2.49713e-13
2.38953e-13
2.30424e-13
2.16694e-13
2.09039e-13
2.03879e-13
2.04324e-13
1.96318e-13
1.95021e-13
1.90878e-13
1.91827e-13
1.91965e-13
1.90698e-13
1.80065e-13
1.83566e-13
1.78425e-13
1.76653e-13
1.70316e-13
1.69509e-13
1.67544e-13
1.67809e-13
1.54712e-13
1.51051e-13
1.40025e-13
1.36979e-13
1.32626e-13
1.36588e-13
1.42871e-13
1.46377e-13
1.34004e-13
1.29417e-13
1.31811e-13
1.3388e-13
1.26442e-13
1.16871e-13
1.28287e-13
1.21547e-13
1.14697e-13
1.10332e-13
1.08698e-13
1.13417e-13
1.18747e-13
1.21274e-13
1.23155e-13
1.19954e-13
1.18933e-13
1.21057e-13
1.19146e-13
1.11027e-13
1.07008e-13
1.05388e-13
1.03293e-13
1.07773e-13
1.1113e-13
1.06449e-13
9.98898e-14
1.02589e-13
1.05152e-13
1.02146e-13
9.65963e-14
9.14701e-14
9.23274e-14
9.01958e-14
8.66716e-14
7.95712e-14
7.12823e-14
6.27158e-14
5.65427e-14
5.77397e-14
5.62349e-14
4.64928e-14
4.25789e-14
3.77588e-14
3.65274e-14
3.18026e-14
2.9223e-14
2.41643e-14
1.97307e-14
1.78523e-14
7.58222e-15
4.26417e-15
-1.94821e-16
-3.23569e-15
4.09274e-16
2.80106e-13
2.83912e-13
2.8369e-13
2.79785e-13
2.79822e-13
2.79898e-13
2.73808e-13
2.67455e-13
2.63768e-13
2.5881e-13
2.54527e-13
2.59638e-13
2.53591e-13
2.51471e-13
2.57578e-13
2.56336e-13
2.43078e-13
2.37829e-13
2.31279e-13
2.16575e-13
2.10467e-13
2.01124e-13
2.04963e-13
1.99924e-13
2.00041e-13
1.89548e-13
1.89775e-13
1.93578e-13
1.95544e-13
1.85527e-13
1.84538e-13
1.75313e-13
1.65778e-13
1.67419e-13
1.60176e-13
1.63514e-13
1.66851e-13
1.579e-13
1.49665e-13
1.41599e-13
1.37137e-13
1.3606e-13
1.41198e-13
1.34049e-13
1.45919e-13
1.42783e-13
1.37475e-13
1.28842e-13
1.27057e-13
1.28804e-13
1.25454e-13
1.22741e-13
1.18624e-13
1.14665e-13
1.16343e-13
1.16318e-13
1.14615e-13
1.08841e-13
1.16252e-13
1.23055e-13
1.19871e-13
1.09952e-13
1.20268e-13
1.22311e-13
1.19841e-13
1.09129e-13
1.05403e-13
9.88402e-14
1.03578e-13
1.10827e-13
1.11442e-13
1.00283e-13
1.04118e-13
9.97433e-14
1.02842e-13
9.89769e-14
9.47943e-14
8.95058e-14
9.02714e-14
8.60331e-14
8.36882e-14
7.71573e-14
6.39821e-14
5.8044e-14
5.61597e-14
5.59543e-14
4.81373e-14
4.62177e-14
4.09566e-14
4.19074e-14
3.22176e-14
2.48622e-14
2.37928e-14
2.37228e-14
1.46957e-14
1.33816e-14
8.96372e-15
1.51235e-15
-4.47942e-15
-6.98399e-16
2.76997e-13
2.78782e-13
2.82361e-13
2.85512e-13
2.77939e-13
2.70492e-13
2.66789e-13
2.65126e-13
2.69768e-13
2.65058e-13
2.58795e-13
2.58604e-13
2.60094e-13
2.5733e-13
2.51981e-13
2.51918e-13
2.39375e-13
2.31617e-13
2.31703e-13
2.2012e-13
2.13977e-13
2.04417e-13
1.9999e-13
1.92864e-13
1.93383e-13
1.8738e-13
1.94177e-13
2.00087e-13
1.94729e-13
1.79847e-13
1.75919e-13
1.72584e-13
1.71644e-13
1.74348e-13
1.66217e-13
1.60723e-13
1.6082e-13
1.58282e-13
1.44761e-13
1.4185e-13
1.34631e-13
1.38656e-13
1.40761e-13
1.4231e-13
1.46218e-13
1.41049e-13
1.3795e-13
1.32589e-13
1.32724e-13
1.2618e-13
1.24136e-13
1.22882e-13
1.21115e-13
1.16341e-13
1.11976e-13
1.16245e-13
1.18507e-13
1.23308e-13
1.18861e-13
1.14662e-13
1.17867e-13
1.17008e-13
1.22045e-13
1.19485e-13
1.14116e-13
1.0601e-13
1.06887e-13
1.04251e-13
1.03846e-13
1.04829e-13
1.05476e-13
1.00748e-13
1.0518e-13
1.02284e-13
1.00958e-13
1.00466e-13
9.57311e-14
9.52374e-14
9.13663e-14
8.76927e-14
8.20056e-14
7.97126e-14
6.96444e-14
6.14384e-14
5.46548e-14
4.90758e-14
4.66835e-14
4.37961e-14
4.25783e-14
3.79537e-14
3.39704e-14
2.95797e-14
2.97803e-14
2.72664e-14
1.97205e-14
1.28435e-14
5.37414e-15
-1.39982e-15
-2.70685e-15
3.36198e-15
2.84532e-13
2.80747e-13
2.82737e-13
2.80891e-13
2.71961e-13
2.66581e-13
2.5949e-13
2.65327e-13
2.69969e-13
2.67738e-13
2.57417e-13
2.57804e-13
2.61722e-13
2.52612e-13
2.54489e-13
2.4902e-13
2.34489e-13
2.30508e-13
2.31778e-13
2.24131e-13
2.15655e-13
2.07358e-13
2.03854e-13
1.98337e-13
1.922e-13
1.85651e-13
1.9293e-13
2.00995e-13
1.94617e-13
1.81732e-13
1.78916e-13
1.72297e-13
1.70809e-13
1.70465e-13
1.6639e-13
1.63076e-13
1.56657e-13
1.48868e-13
1.46329e-13
1.4947e-13
1.38979e-13
1.37971e-13
1.41119e-13
1.4424e-13
1.46023e-13
1.45109e-13
1.37397e-13
1.31822e-13
1.3186e-13
1.27285e-13
1.28857e-13
1.23457e-13
1.1967e-13
1.19336e-13
1.14558e-13
1.16745e-13
1.202e-13
1.19876e-13
1.16433e-13
1.1925e-13
1.18234e-13
1.18116e-13
1.16809e-13
1.16327e-13
1.10323e-13
1.09155e-13
1.07587e-13
1.06705e-13
1.04374e-13
1.02195e-13
1.0891e-13
1.03231e-13
1.10932e-13
1.03875e-13
9.83643e-14
9.49015e-14
9.56179e-14
9.1222e-14
9.467e-14
8.84905e-14
8.3982e-14
8.26513e-14
7.22734e-14
6.54715e-14
5.72886e-14
5.45611e-14
4.79776e-14
4.22504e-14
4.08634e-14
3.44231e-14
3.12153e-14
3.29738e-14
3.31741e-14
2.69179e-14
2.09247e-14
1.4704e-14
8.09517e-15
3.87259e-15
3.41149e-16
2.74658e-15
2.90251e-13
2.84275e-13
2.81476e-13
2.79841e-13
2.66559e-13
2.62171e-13
2.62352e-13
2.64097e-13
2.72494e-13
2.6136e-13
2.58821e-13
2.60982e-13
2.63137e-13
2.56548e-13
2.56491e-13
2.55537e-13
2.40107e-13
2.27036e-13
2.27498e-13
2.13594e-13
2.19131e-13
2.08755e-13
1.95812e-13
1.92223e-13
1.96371e-13
1.91853e-13
1.92322e-13
1.99063e-13
1.90972e-13
1.86029e-13
1.81701e-13
1.76645e-13
1.67865e-13
1.62857e-13
1.65123e-13
1.62919e-13
1.61333e-13
1.52497e-13
1.45728e-13
1.4603e-13
1.44594e-13
1.41441e-13
1.38006e-13
1.45211e-13
1.48742e-13
1.44404e-13
1.34807e-13
1.31425e-13
1.32412e-13
1.28419e-13
1.27907e-13
1.25656e-13
1.23319e-13
1.23728e-13
1.24973e-13
1.21845e-13
1.15348e-13
1.12065e-13
1.17993e-13
1.23415e-13
1.24344e-13
1.19085e-13
1.11054e-13
1.0965e-13
1.08958e-13
1.10624e-13
1.04455e-13
1.06081e-13
1.04124e-13
1.0436e-13
1.07752e-13
1.02669e-13
1.04699e-13
1.06173e-13
9.7834e-14
9.44149e-14
9.6247e-14
9.98061e-14
9.51362e-14
8.53962e-14
8.2421e-14
8.59532e-14
7.62099e-14
6.97384e-14
5.07257e-14
4.70002e-14
5.0302e-14
4.74406e-14
4.26175e-14
3.75974e-14
3.44e-14
3.168e-14
2.87051e-14
2.76302e-14
2.33387e-14
1.43531e-14
9.37786e-15
7.96535e-15
7.68719e-15
6.4078e-15
2.87604e-13
2.86361e-13
2.81105e-13
2.72311e-13
2.65082e-13
2.64568e-13
2.66002e-13
2.6757e-13
2.67597e-13
2.65463e-13
2.57876e-13
2.62398e-13
2.62384e-13
2.58002e-13
2.51208e-13
2.44998e-13
2.37491e-13
2.31678e-13
2.34498e-13
2.24604e-13
2.16846e-13
2.05451e-13
2.00423e-13
1.96788e-13
2.00161e-13
2.00321e-13
1.95891e-13
1.88791e-13
1.83124e-13
1.78767e-13
1.78017e-13
1.79527e-13
1.77974e-13
1.67862e-13
1.67602e-13
1.56291e-13
1.52243e-13
1.54143e-13
1.47419e-13
1.47352e-13
1.51383e-13
1.4828e-13
1.43436e-13
1.44942e-13
1.5127e-13
1.42907e-13
1.36286e-13
1.35661e-13
1.30399e-13
1.19777e-13
1.20603e-13
1.28703e-13
1.32501e-13
1.17857e-13
1.22918e-13
1.17708e-13
1.12374e-13
1.2053e-13
1.23197e-13
1.25844e-13
1.26056e-13
1.10992e-13
1.07212e-13
1.12632e-13
1.18055e-13
1.08185e-13
1.05466e-13
1.02268e-13
1.02742e-13
1.03188e-13
1.10179e-13
1.08767e-13
1.09494e-13
1.0442e-13
9.82236e-14
8.98991e-14
9.50429e-14
9.66681e-14
9.66095e-14
9.32477e-14
8.56076e-14
8.38742e-14
7.42211e-14
6.56492e-14
5.7811e-14
4.961e-14
5.1109e-14
4.82135e-14
4.27587e-14
3.03957e-14
3.54655e-14
3.37424e-14
2.84459e-14
3.28309e-14
2.78501e-14
1.95704e-14
9.9554e-15
4.45749e-15
6.75354e-16
8.25685e-16
2.85632e-13
2.86632e-13
2.87873e-13
2.74536e-13
2.63462e-13
2.6807e-13
2.67475e-13
2.59343e-13
2.61047e-13
2.67824e-13
2.62317e-13
2.64701e-13
2.64472e-13
2.56418e-13
2.53597e-13
2.46303e-13
2.46217e-13
2.39217e-13
2.34643e-13
2.26854e-13
2.13196e-13
2.0372e-13
1.98556e-13
1.99073e-13
1.97084e-13
1.96945e-13
2.00003e-13
1.94695e-13
1.84105e-13
1.78899e-13
1.80293e-13
1.75421e-13
1.71556e-13
1.68476e-13
1.6634e-13
1.62421e-13
1.59095e-13
1.54553e-13
1.51512e-13
1.53406e-13
1.4751e-13
1.46893e-13
1.40856e-13
1.46267e-13
1.52573e-13
1.46617e-13
1.35025e-13
1.28121e-13
1.35681e-13
1.29856e-13
1.24366e-13
1.26623e-13
1.26565e-13
1.19875e-13
1.21062e-13
1.18592e-13
1.11509e-13
1.21616e-13
1.26909e-13
1.27418e-13
1.21612e-13
1.1773e-13
1.10567e-13
1.08237e-13
1.15228e-13
1.04531e-13
1.00894e-13
1.041e-13
9.90725e-14
1.07387e-13
1.0575e-13
1.05547e-13
1.02887e-13
1.00129e-13
9.53141e-14
9.24333e-14
9.42441e-14
1.00951e-13
1.04209e-13
9.47844e-14
8.04602e-14
7.91263e-14
7.76416e-14
6.47753e-14
5.82209e-14
5.22276e-14
4.70338e-14
4.65891e-14
4.04281e-14
3.29396e-14
3.50977e-14
3.36325e-14
2.85266e-14
3.92587e-14
3.09315e-14
2.18905e-14
1.08692e-14
2.91719e-15
8.34894e-16
8.73554e-17
2.94732e-13
2.86882e-13
2.7772e-13
2.64714e-13
2.61476e-13
2.69416e-13
2.76897e-13
2.75547e-13
2.64143e-13
2.64151e-13
2.61072e-13
2.6361e-13
2.59067e-13
2.56685e-13
2.58382e-13
2.49553e-13
2.42684e-13
2.34594e-13
2.3116e-13
2.31386e-13
2.19546e-13
2.08181e-13
2.03903e-13
1.98351e-13
1.97886e-13
2.06149e-13
2.12095e-13
1.94698e-13
1.83717e-13
1.79394e-13
1.79821e-13
1.74251e-13
1.71983e-13
1.69764e-13
1.65034e-13
1.61323e-13
1.62701e-13
1.56132e-13
1.50837e-13
1.47602e-13
1.53786e-13
1.53145e-13
1.46199e-13
1.45073e-13
1.47287e-13
1.45963e-13
1.40542e-13
1.32796e-13
1.32278e-13
1.30724e-13
1.25433e-13
1.24177e-13
1.22105e-13
1.23319e-13
1.21345e-13
1.18751e-13
1.15678e-13
1.22293e-13
1.21746e-13
1.22064e-13
1.25509e-13
1.17782e-13
1.15429e-13
1.08164e-13
1.146e-13
1.07917e-13
1.00618e-13
1.05356e-13
9.98704e-14
1.07768e-13
1.08931e-13
1.07604e-13
9.99064e-14
9.63398e-14
9.24664e-14
9.37149e-14
9.76793e-14
9.5182e-14
9.76198e-14
9.71064e-14
7.95149e-14
7.96374e-14
7.58134e-14
6.27178e-14
6.1342e-14
5.36918e-14
4.85584e-14
4.27924e-14
4.31723e-14
3.54675e-14
3.26284e-14
3.25203e-14
2.90901e-14
3.59148e-14
3.27745e-14
2.51631e-14
1.12524e-14
3.03801e-15
-1.45107e-15
-9.62598e-16
2.96482e-13
2.91152e-13
2.75732e-13
2.71506e-13
2.71031e-13
2.67582e-13
2.70657e-13
2.68534e-13
2.65575e-13
2.68767e-13
2.63265e-13
2.62938e-13
2.61791e-13
2.60968e-13
2.50862e-13
2.43877e-13
2.45466e-13
2.41197e-13
2.37628e-13
2.36794e-13
2.20832e-13
2.06688e-13
1.99875e-13
1.99295e-13
2.02433e-13
2.00005e-13
1.98744e-13
2.00985e-13
1.93544e-13
1.81881e-13
1.76609e-13
1.7798e-13
1.76057e-13
1.70246e-13
1.66427e-13
1.61589e-13
1.63347e-13
1.54963e-13
1.55065e-13
1.4964e-13
1.53413e-13
1.54797e-13
1.50692e-13
1.46297e-13
1.45114e-13
1.51262e-13
1.45856e-13
1.33575e-13
1.29442e-13
1.27856e-13
1.24031e-13
1.1896e-13
1.21484e-13
1.2447e-13
1.23878e-13
1.25972e-13
1.13875e-13
1.19721e-13
1.19802e-13
1.23237e-13
1.28457e-13
1.20226e-13
1.16743e-13
1.0824e-13
1.03236e-13
1.0617e-13
1.01244e-13
1.01674e-13
1.03158e-13
1.09082e-13
1.0948e-13
1.05785e-13
1.01268e-13
9.65921e-14
9.19796e-14
9.2697e-14
1.01251e-13
9.87156e-14
9.47174e-14
9.10918e-14
7.92031e-14
8.10197e-14
7.61526e-14
6.1684e-14
5.84299e-14
5.04143e-14
4.43364e-14
4.60783e-14
4.29058e-14
3.56128e-14
2.60518e-14
3.08253e-14
3.50343e-14
3.23598e-14
3.08502e-14
2.67916e-14
9.38e-15
2.85929e-15
-9.09334e-16
-2.78807e-15
2.89513e-13
2.85975e-13
2.78968e-13
2.74837e-13
2.76472e-13
2.72408e-13
2.75991e-13
2.71443e-13
2.75363e-13
2.71035e-13
2.62132e-13
2.59832e-13
2.56274e-13
2.56458e-13
2.57596e-13
2.45706e-13
2.46605e-13
2.50639e-13
2.41366e-13
2.28677e-13
2.21109e-13
2.12467e-13
2.04624e-13
2.02463e-13
1.98932e-13
1.98934e-13
1.99436e-13
2.03926e-13
1.98674e-13
1.89517e-13
1.76568e-13
1.6687e-13
1.69475e-13
1.78155e-13
1.7999e-13
1.69375e-13
1.67077e-13
1.61449e-13
1.58168e-13
1.50884e-13
1.50489e-13
1.49302e-13
1.46757e-13
1.47359e-13
1.5296e-13
1.50101e-13
1.45479e-13
1.39707e-13
1.35509e-13
1.32374e-13
1.24156e-13
1.19785e-13
1.20273e-13
1.25356e-13
1.27284e-13
1.21499e-13
1.12654e-13
1.20926e-13
1.20386e-13
1.20666e-13
1.23814e-13
1.25916e-13
1.19781e-13
1.08798e-13
1.03747e-13
1.03557e-13
9.8134e-14
1.00883e-13
1.0531e-13
1.09118e-13
1.05138e-13
1.0942e-13
9.90834e-14
9.60281e-14
9.41227e-14
1.00741e-13
1.00178e-13
9.76704e-14
9.35102e-14
9.18551e-14
8.01137e-14
7.61773e-14
7.30586e-14
6.34478e-14
5.86932e-14
4.98968e-14
4.86652e-14
4.88049e-14
3.67927e-14
3.84447e-14
3.18279e-14
3.16458e-14
3.06573e-14
3.06811e-14
3.04588e-14
2.61259e-14
1.62614e-14
1.60007e-15
1.36085e-15
-9.10325e-16
2.88339e-13
2.89923e-13
2.81782e-13
2.81038e-13
2.74521e-13
2.63049e-13
2.62574e-13
2.71972e-13
2.77809e-13
2.75619e-13
2.64644e-13
2.6198e-13
2.6022e-13
2.63574e-13
2.53443e-13
2.43628e-13
2.44969e-13
2.54574e-13
2.45313e-13
2.29652e-13
2.17694e-13
2.13303e-13
2.11314e-13
2.07933e-13
2.06702e-13
2.03974e-13
1.9451e-13
1.97782e-13
1.98269e-13
1.84278e-13
1.81771e-13
1.80227e-13
1.74961e-13
1.72383e-13
1.73633e-13
1.71779e-13
1.71663e-13
1.6679e-13
1.6441e-13
1.52448e-13
1.4696e-13
1.49612e-13
1.49985e-13
1.51108e-13
1.54349e-13
1.49407e-13
1.46164e-13
1.45334e-13
1.32821e-13
1.26105e-13
1.24517e-13
1.22624e-13
1.27191e-13
1.27721e-13
1.27987e-13
1.23569e-13
1.15706e-13
1.13074e-13
1.15684e-13
1.21822e-13
1.25587e-13
1.23619e-13
1.1715e-13
1.07778e-13
1.05134e-13
1.04702e-13
9.99897e-14
9.99519e-14
1.06766e-13
1.04825e-13
1.10135e-13
1.11829e-13
1.03824e-13
9.23329e-14
9.55898e-14
1.03669e-13
1.05378e-13
1.01017e-13
9.10864e-14
8.54856e-14
7.88767e-14
7.60318e-14
7.56922e-14
6.25709e-14
6.12885e-14
5.62615e-14
4.87812e-14
4.43512e-14
3.61716e-14
3.29647e-14
3.18965e-14
3.23695e-14
3.01933e-14
2.7771e-14
2.97043e-14
2.21554e-14
1.61064e-14
6.1473e-15
3.77929e-15
-1.25068e-15
2.86303e-13
2.84556e-13
2.79089e-13
2.78247e-13
2.81033e-13
2.73286e-13
2.73388e-13
2.6858e-13
2.70213e-13
2.75388e-13
2.70261e-13
2.57668e-13
2.56941e-13
2.57016e-13
2.59692e-13
2.60502e-13
2.5818e-13
2.47883e-13
2.38534e-13
2.35067e-13
2.21942e-13
2.12413e-13
2.10109e-13
2.08131e-13
2.0179e-13
2.00946e-13
1.98099e-13
2.04567e-13
1.93936e-13
1.83279e-13
1.83373e-13
1.83003e-13
1.81898e-13
1.75728e-13
1.79003e-13
1.80019e-13
1.73667e-13
1.69234e-13
1.63203e-13
1.47661e-13
1.48577e-13
1.51054e-13
1.58325e-13
1.56634e-13
1.53185e-13
1.52654e-13
1.50417e-13
1.45732e-13
1.30139e-13
1.26346e-13
1.287e-13
1.29385e-13
1.27006e-13
1.23194e-13
1.22576e-13
1.21297e-13
1.17656e-13
1.15037e-13
1.16485e-13
1.207e-13
1.20321e-13
1.20867e-13
1.15284e-13
1.08486e-13
1.05653e-13
9.90256e-14
9.19402e-14
9.64156e-14
1.04778e-13
1.07907e-13
1.12947e-13
1.10564e-13
1.04091e-13
9.95018e-14
9.74858e-14
1.01578e-13
1.06867e-13
1.01746e-13
8.52184e-14
8.15905e-14
8.33495e-14
7.6834e-14
7.11872e-14
6.8549e-14
6.20145e-14
5.71792e-14
5.30963e-14
4.75198e-14
3.85188e-14
3.39266e-14
2.79842e-14
2.98332e-14
3.15563e-14
3.03423e-14
3.11766e-14
2.10041e-14
1.67179e-14
4.94261e-15
-6.20673e-15
-1.80654e-15
2.85218e-13
2.831e-13
2.83867e-13
2.7825e-13
2.74756e-13
2.74189e-13
2.7228e-13
2.70592e-13
2.68826e-13
2.73912e-13
2.72331e-13
2.63463e-13
2.59782e-13
2.5332e-13
2.53841e-13
2.58246e-13
2.60938e-13
2.54005e-13
2.46085e-13
2.35275e-13
2.21802e-13
2.07337e-13
2.08642e-13
2.08918e-13
2.03318e-13
2.05952e-13
2.07554e-13
2.11032e-13
1.94449e-13
1.7685e-13
1.83453e-13
1.89576e-13
1.83234e-13
1.75312e-13
1.74981e-13
1.76656e-13
1.76007e-13
1.69933e-13
1.65965e-13
1.56669e-13
1.51939e-13
1.52921e-13
1.57155e-13
1.57444e-13
1.54448e-13
1.55586e-13
1.5204e-13
1.44715e-13
1.39597e-13
1.31607e-13
1.32466e-13
1.32324e-13
1.28851e-13
1.21464e-13
1.16432e-13
1.22134e-13
1.14231e-13
1.16478e-13
1.18133e-13
1.17395e-13
1.15953e-13
1.17042e-13
1.07629e-13
1.06498e-13
1.07836e-13
1.02965e-13
1.02044e-13
9.56346e-14
9.55306e-14
1.03096e-13
1.14849e-13
1.10675e-13
1.06977e-13
1.02445e-13
9.72904e-14
9.75085e-14
1.01574e-13
9.98644e-14
8.94701e-14
8.72778e-14
8.61765e-14
8.16975e-14
7.03314e-14
7.01239e-14
6.86664e-14
5.73124e-14
4.90126e-14
4.89923e-14
4.35046e-14
3.32678e-14
3.09803e-14
2.96157e-14
3.04603e-14
2.32051e-14
2.00933e-14
2.10877e-14
1.8373e-14
7.30278e-15
2.25831e-16
-1.92556e-15
2.85283e-13
2.81164e-13
2.77533e-13
2.82237e-13
2.81251e-13
2.74511e-13
2.71252e-13
2.75783e-13
2.73326e-13
2.64986e-13
2.66788e-13
2.60754e-13
2.63506e-13
2.58812e-13
2.62059e-13
2.63479e-13
2.60345e-13
2.48776e-13
2.42474e-13
2.35466e-13
2.30147e-13
2.1222e-13
2.0517e-13
2.09636e-13
2.05965e-13
2.03112e-13
2.09371e-13
2.02308e-13
1.88811e-13
1.8271e-13
1.85095e-13
1.94629e-13
1.93104e-13
1.79779e-13
1.73274e-13
1.74527e-13
1.74741e-13
1.69549e-13
1.64269e-13
1.56961e-13
1.55261e-13
1.515e-13
1.5928e-13
1.61826e-13
1.63937e-13
1.63114e-13
1.51445e-13
1.41595e-13
1.37268e-13
1.34597e-13
1.32201e-13
1.30207e-13
1.30256e-13
1.27472e-13
1.23256e-13
1.15926e-13
1.11461e-13
1.12441e-13
1.18148e-13
1.15837e-13
1.15756e-13
1.13941e-13
1.06095e-13
1.03772e-13
1.08716e-13
1.00801e-13
9.86122e-14
9.2653e-14
9.73545e-14
1.09792e-13
1.20897e-13
1.10903e-13
1.06208e-13
1.04736e-13
9.70219e-14
9.57393e-14
9.41659e-14
9.32508e-14
9.19907e-14
8.95411e-14
8.52753e-14
8.40921e-14
7.47315e-14
7.17595e-14
6.7487e-14
6.056e-14
5.3741e-14
4.65867e-14
4.66172e-14
3.48096e-14
3.18185e-14
3.39944e-14
2.86959e-14
2.87607e-14
2.63364e-14
2.64394e-14
1.39081e-14
6.67708e-15
6.08114e-16
-1.4261e-15
2.83715e-13
2.82064e-13
2.81604e-13
2.77695e-13
2.75999e-13
2.75645e-13
2.76396e-13
2.78129e-13
2.69998e-13
2.62124e-13
2.65172e-13
2.66934e-13
2.64762e-13
2.61019e-13
2.6459e-13
2.5999e-13
2.58762e-13
2.5205e-13
2.4242e-13
2.40899e-13
2.31021e-13
2.17811e-13
2.07728e-13
1.97602e-13
2.01852e-13
2.06148e-13
2.0995e-13
2.0771e-13
1.96074e-13
1.94544e-13
1.90318e-13
1.92338e-13
1.91216e-13
1.7916e-13
1.68225e-13
1.77675e-13
1.82349e-13
1.76927e-13
1.6592e-13
1.58248e-13
1.51092e-13
1.54777e-13
1.59177e-13
1.66054e-13
1.68892e-13
1.64076e-13
1.54137e-13
1.41618e-13
1.3741e-13
1.38495e-13
1.37159e-13
1.28653e-13
1.29516e-13
1.25574e-13
1.2119e-13
1.17963e-13
1.14997e-13
1.16107e-13
1.15173e-13
1.09714e-13
1.15169e-13
1.17093e-13
1.08457e-13
1.05317e-13
1.07681e-13
9.8186e-14
9.58836e-14
9.89813e-14
1.03202e-13
1.03642e-13
1.07315e-13
1.05609e-13
1.06279e-13
1.01233e-13
9.92039e-14
9.21793e-14
9.42575e-14
9.57827e-14
9.42332e-14
9.55673e-14
8.99484e-14
8.15887e-14
7.74293e-14
7.21215e-14
6.58706e-14
6.02882e-14
5.36247e-14
5.21492e-14
4.60341e-14
3.26274e-14
3.52033e-14
3.20714e-14
2.47375e-14
2.92825e-14
2.30215e-14
2.03464e-14
1.84809e-14
1.22434e-14
4.81358e-15
2.95564e-16
2.79172e-13
2.83218e-13
2.78553e-13
2.83636e-13
2.8511e-13
2.7744e-13
2.79405e-13
2.81645e-13
2.71122e-13
2.68909e-13
2.64656e-13
2.62854e-13
2.56825e-13
2.60357e-13
2.67188e-13
2.63423e-13
2.55044e-13
2.53508e-13
2.51861e-13
2.40122e-13
2.30685e-13
2.17225e-13
2.06341e-13
1.99159e-13
2.03806e-13
2.06639e-13
2.08671e-13
2.07277e-13
1.97009e-13
1.97517e-13
1.86297e-13
1.91213e-13
1.90846e-13
1.83922e-13
1.79702e-13
1.73492e-13
1.73772e-13
1.79441e-13
1.71595e-13
1.62939e-13
1.55927e-13
1.59435e-13
1.64002e-13
1.71702e-13
1.68932e-13
1.58325e-13
1.50911e-13
1.42554e-13
1.41065e-13
1.37096e-13
1.3423e-13
1.28302e-13
1.28081e-13
1.28296e-13
1.23867e-13
1.18251e-13
1.13548e-13
1.19193e-13
1.17108e-13
1.1379e-13
1.13324e-13
1.13549e-13
1.03838e-13
9.92334e-14
1.02418e-13
1.00432e-13
1.0115e-13
1.02769e-13
1.02827e-13
1.00595e-13
1.0479e-13
1.0348e-13
9.68219e-14
9.50927e-14
9.79865e-14
9.8239e-14
9.38354e-14
9.0257e-14
8.95363e-14
9.41872e-14
9.29204e-14
8.64163e-14
8.31074e-14
7.47763e-14
5.96078e-14
5.6548e-14
5.57465e-14
5.31453e-14
5.11676e-14
4.1862e-14
3.82129e-14
2.76995e-14
2.37998e-14
2.84273e-14
3.4014e-14
2.65916e-14
2.46543e-14
1.41463e-14
6.44788e-15
3.75182e-15
2.80174e-13
2.78745e-13
2.79232e-13
2.84131e-13
2.79984e-13
2.80994e-13
2.86594e-13
2.83606e-13
2.62206e-13
2.6744e-13
2.68978e-13
2.66322e-13
2.71058e-13
2.66788e-13
2.66137e-13
2.6477e-13
2.62181e-13
2.48939e-13
2.43748e-13
2.30671e-13
2.23219e-13
2.20219e-13
2.16879e-13
2.09888e-13
2.04579e-13
2.0721e-13
2.0665e-13
2.04774e-13
2.00869e-13
2.02631e-13
1.95624e-13
1.89854e-13
1.89423e-13
1.86027e-13
1.81612e-13
1.79071e-13
1.83762e-13
1.843e-13
1.69667e-13
1.59491e-13
1.59362e-13
1.59423e-13
1.61081e-13
1.69471e-13
1.67041e-13
1.59609e-13
1.56387e-13
1.42401e-13
1.41136e-13
1.39262e-13
1.35718e-13
1.29796e-13
1.25421e-13
1.26866e-13
1.26521e-13
1.2114e-13
1.19185e-13
1.16755e-13
1.15425e-13
1.15077e-13
1.119e-13
1.14433e-13
1.06728e-13
1.0597e-13
9.77243e-14
9.51158e-14
1.03139e-13
1.10627e-13
1.00907e-13
1.0116e-13
1.04342e-13
9.41273e-14
9.47815e-14
9.659e-14
9.6125e-14
9.64965e-14
8.98927e-14
8.7016e-14
9.60696e-14
9.42639e-14
9.32804e-14
9.33485e-14
8.08652e-14
7.31765e-14
6.40175e-14
6.52731e-14
6.08125e-14
5.3996e-14
5.14691e-14
4.43303e-14
4.05583e-14
3.00905e-14
2.6466e-14
3.47521e-14
3.59291e-14
2.9154e-14
1.78489e-14
1.40575e-14
1.11724e-14
5.9311e-15
2.81952e-13
2.78633e-13
2.75604e-13
2.84273e-13
2.84917e-13
2.81469e-13
2.88297e-13
2.91959e-13
2.76092e-13
2.71548e-13
2.72978e-13
2.71917e-13
2.64454e-13
2.70074e-13
2.61429e-13
2.60988e-13
2.51549e-13
2.48173e-13
2.50937e-13
2.37515e-13
2.29696e-13
2.21281e-13
2.16009e-13
2.09923e-13
2.02746e-13
2.03537e-13
2.12171e-13
2.03399e-13
1.99282e-13
2.07885e-13
2.01555e-13
1.98404e-13
1.99684e-13
1.88188e-13
1.82494e-13
1.80305e-13
1.79637e-13
1.76254e-13
1.73961e-13
1.65661e-13
1.69919e-13
1.61456e-13
1.61022e-13
1.70948e-13
1.65505e-13
1.56974e-13
1.5459e-13
1.42529e-13
1.45139e-13
1.40929e-13
1.32816e-13
1.38454e-13
1.31666e-13
1.25578e-13
1.25946e-13
1.21018e-13
1.21022e-13
1.13446e-13
1.09447e-13
1.13509e-13
1.151e-13
1.16679e-13
1.06349e-13
1.03474e-13
9.49456e-14
1.00514e-13
1.04634e-13
1.07558e-13
1.02865e-13
1.0074e-13
1.05203e-13
1.0092e-13
9.48452e-14
9.22696e-14
8.91761e-14
9.6889e-14
9.04732e-14
9.05836e-14
9.31655e-14
9.04283e-14
9.24363e-14
9.24127e-14
8.84071e-14
7.90104e-14
6.9596e-14
6.46948e-14
5.72375e-14
5.24999e-14
4.93395e-14
4.89139e-14
4.50712e-14
3.60356e-14
3.41028e-14
3.72565e-14
3.85062e-14
2.90732e-14
1.98714e-14
1.34257e-14
1.33666e-14
3.93796e-15
2.81662e-13
2.80247e-13
2.8048e-13
2.83418e-13
2.87156e-13
2.85762e-13
2.8653e-13
2.85974e-13
2.78688e-13
2.77526e-13
2.78405e-13
2.73307e-13
2.68294e-13
2.70008e-13
2.62728e-13
2.64529e-13
2.59907e-13
2.5191e-13
2.4516e-13
2.39641e-13
2.35508e-13
2.22894e-13
2.09816e-13
2.05934e-13
2.0885e-13
2.11421e-13
2.11419e-13
2.0722e-13
2.06699e-13
2.08477e-13
2.10664e-13
1.99018e-13
1.96935e-13
1.91628e-13
1.85618e-13
1.81785e-13
1.80566e-13
1.79963e-13
1.70773e-13
1.66009e-13
1.7067e-13
1.66188e-13
1.64922e-13
1.66797e-13
1.668e-13
1.60685e-13
1.56239e-13
1.46521e-13
1.4458e-13
1.39317e-13
1.31332e-13
1.38338e-13
1.33306e-13
1.27586e-13
1.24265e-13
1.20257e-13
1.22056e-13
1.20371e-13
1.12928e-13
1.15416e-13
1.1253e-13
1.06137e-13
1.04203e-13
1.01477e-13
1.03746e-13
1.05744e-13
1.07446e-13
1.03883e-13
1.02706e-13
1.02034e-13
1.03632e-13
9.73983e-14
9.46971e-14
9.24404e-14
8.82433e-14
9.52223e-14
9.21898e-14
9.0459e-14
8.89165e-14
9.20738e-14
9.09799e-14
9.21321e-14
8.38534e-14
8.29611e-14
7.53079e-14
6.8145e-14
5.68723e-14
5.64497e-14
4.93077e-14
5.13221e-14
4.44959e-14
3.63102e-14
3.70794e-14
4.01725e-14
4.07003e-14
3.03201e-14
2.28317e-14
1.57925e-14
1.06041e-14
1.08112e-15
2.82141e-13
2.77144e-13
2.83304e-13
2.86458e-13
2.87306e-13
2.93644e-13
2.92944e-13
2.85148e-13
2.82269e-13
2.76174e-13
2.78163e-13
2.72813e-13
2.69551e-13
2.71591e-13
2.66357e-13
2.60913e-13
2.57372e-13
2.48783e-13
2.42719e-13
2.38434e-13
2.35497e-13
2.3124e-13
2.24038e-13
2.1094e-13
1.96275e-13
2.08385e-13
2.16044e-13
2.07262e-13
2.09969e-13
2.13776e-13
2.09288e-13
2.04303e-13
1.99098e-13
1.92791e-13
1.89222e-13
1.85374e-13
1.81036e-13
1.77469e-13
1.7633e-13
1.76372e-13
1.69375e-13
1.64351e-13
1.64575e-13
1.65946e-13
1.67183e-13
1.62376e-13
1.56064e-13
1.50727e-13
1.41005e-13
1.39369e-13
1.32499e-13
1.35938e-13
1.37033e-13
1.30632e-13
1.14435e-13
1.18002e-13
1.1938e-13
1.23565e-13
1.152e-13
1.12999e-13
1.09865e-13
1.08067e-13
1.0978e-13
1.05123e-13
9.64445e-14
1.02605e-13
1.03947e-13
1.10697e-13
1.05076e-13
1.03322e-13
1.02584e-13
9.45488e-14
9.60412e-14
9.36127e-14
8.89552e-14
9.00321e-14
8.86366e-14
8.81813e-14
9.1587e-14
9.5762e-14
9.57412e-14
9.37414e-14
8.53188e-14
8.15445e-14
7.56994e-14
6.76989e-14
5.89312e-14
5.33781e-14
5.04236e-14
4.81041e-14
4.70306e-14
4.4301e-14
3.83403e-14
3.89161e-14
3.45543e-14
2.94111e-14
2.32614e-14
1.64547e-14
1.07473e-14
1.95879e-15
2.81463e-13
2.7703e-13
2.81542e-13
2.9165e-13
2.898e-13
2.92261e-13
2.94202e-13
2.88696e-13
2.86475e-13
2.84798e-13
2.82532e-13
2.6764e-13
2.67548e-13
2.72215e-13
2.71235e-13
2.6108e-13
2.55616e-13
2.51717e-13
2.45206e-13
2.42982e-13
2.34438e-13
2.27143e-13
2.19731e-13
2.10024e-13
2.08442e-13
2.16566e-13
2.14881e-13
2.13096e-13
2.16204e-13
2.11816e-13
2.07855e-13
2.01027e-13
1.94977e-13
1.95311e-13
1.90937e-13
1.89685e-13
1.91583e-13
1.85764e-13
1.77916e-13
1.67599e-13
1.64535e-13
1.6625e-13
1.68596e-13
1.70474e-13
1.69726e-13
1.61508e-13
1.54505e-13
1.46399e-13
1.33854e-13
1.38019e-13
1.36031e-13
1.41287e-13
1.37392e-13
1.30801e-13
1.19981e-13
1.20388e-13
1.13122e-13
1.18238e-13
1.19993e-13
1.12125e-13
1.0969e-13
1.09862e-13
1.19227e-13
1.08516e-13
1.02434e-13
9.77034e-14
9.23882e-14
9.77549e-14
1.01203e-13
1.07086e-13
1.08319e-13
9.98762e-14
9.53563e-14
9.07262e-14
8.79908e-14
8.91568e-14
9.29362e-14
9.32829e-14
9.21343e-14
9.05894e-14
9.21875e-14
9.20419e-14
8.83718e-14
8.51479e-14
7.53089e-14
6.98339e-14
6.189e-14
5.40969e-14
5.43204e-14
4.737e-14
4.78654e-14
4.15827e-14
3.70888e-14
4.32795e-14
3.04682e-14
3.11071e-14
2.20993e-14
1.46877e-14
3.38202e-15
1.80372e-16
2.79323e-13
2.80877e-13
2.83858e-13
2.90154e-13
2.92955e-13
2.98337e-13
2.97779e-13
2.90318e-13
2.82728e-13
2.82149e-13
2.85537e-13
2.74368e-13
2.72669e-13
2.69904e-13
2.68689e-13
2.68668e-13
2.52509e-13
2.50837e-13
2.45394e-13
2.45874e-13
2.34431e-13
2.27017e-13
2.23883e-13
2.18763e-13
2.18252e-13
2.12655e-13
2.13895e-13
2.14621e-13
2.11724e-13
2.11692e-13
2.11929e-13
2.08184e-13
1.98995e-13
1.91381e-13
1.86716e-13
1.8874e-13
1.90022e-13
1.91849e-13
1.83419e-13
1.76793e-13
1.67556e-13
1.65069e-13
1.67986e-13
1.69444e-13
1.68312e-13
1.64666e-13
1.5605e-13
1.45228e-13
1.37067e-13
1.39707e-13
1.33797e-13
1.36725e-13
1.34433e-13
1.2651e-13
1.16922e-13
1.19856e-13
1.15442e-13
1.24387e-13
1.2236e-13
1.15991e-13
1.1518e-13
1.0988e-13
1.08572e-13
9.93393e-14
9.96607e-14
1.04573e-13
1.03236e-13
1.02451e-13
9.91728e-14
1.02053e-13
9.72853e-14
9.88259e-14
9.68682e-14
8.53805e-14
8.61129e-14
9.4546e-14
9.54884e-14
9.30979e-14
9.56358e-14
9.52252e-14
9.47997e-14
8.98006e-14
8.29409e-14
8.035e-14
7.889e-14
7.29919e-14
6.14387e-14
5.83778e-14
5.61119e-14
4.83003e-14
4.36769e-14
4.44642e-14
3.96732e-14
4.13545e-14
3.23533e-14
2.94374e-14
2.29142e-14
1.29828e-14
4.00265e-15
7.27074e-16
2.8021e-13
2.79177e-13
2.82786e-13
2.95091e-13
2.92636e-13
2.91746e-13
2.94848e-13
2.98932e-13
2.92727e-13
2.80924e-13
2.79569e-13
2.7079e-13
2.72307e-13
2.73498e-13
2.68375e-13
2.67651e-13
2.6061e-13
2.51466e-13
2.43927e-13
2.45368e-13
2.35122e-13
2.30927e-13
2.21732e-13
2.20618e-13
2.18117e-13
2.15044e-13
2.16976e-13
2.20081e-13
2.18075e-13
2.13306e-13
2.08612e-13
2.05747e-13
1.98558e-13
1.9478e-13
1.88791e-13
1.92593e-13
1.90267e-13
1.87191e-13
1.8582e-13
1.76217e-13
1.69412e-13
1.65746e-13
1.65134e-13
1.72521e-13
1.6957e-13
1.6271e-13
1.52723e-13
1.46467e-13
1.36209e-13
1.32508e-13
1.34125e-13
1.39498e-13
1.33784e-13
1.30294e-13
1.21762e-13
1.27859e-13
1.18807e-13
1.22221e-13
1.20884e-13
1.15986e-13
1.14843e-13
1.1202e-13
1.07713e-13
1.03031e-13
9.78897e-14
1.02539e-13
1.02512e-13
1.02554e-13
9.86139e-14
9.88101e-14
9.794e-14
9.88439e-14
9.64528e-14
8.6603e-14
9.26148e-14
9.13851e-14
9.53511e-14
9.58633e-14
9.84855e-14
9.2699e-14
9.00173e-14
8.84045e-14
8.7835e-14
8.5677e-14
8.07025e-14
7.00579e-14
5.83201e-14
5.62098e-14
5.49397e-14
5.13181e-14
4.84362e-14
4.22573e-14
4.09477e-14
3.78574e-14
3.24961e-14
2.82617e-14
2.46172e-14
1.58684e-14
2.66235e-15
2.80595e-16
2.81657e-13
2.77197e-13
2.83271e-13
2.97332e-13
2.94272e-13
2.94236e-13
2.98806e-13
2.96518e-13
2.82678e-13
2.78606e-13
2.84424e-13
2.77955e-13
2.7056e-13
2.67023e-13
2.65686e-13
2.66463e-13
2.57956e-13
2.58716e-13
2.44533e-13
2.45646e-13
2.33097e-13
2.30977e-13
2.28951e-13
2.26101e-13
2.19213e-13
2.14353e-13
2.15303e-13
2.27332e-13
2.17333e-13
2.13049e-13
2.08289e-13
2.1002e-13
1.98391e-13
1.93539e-13
1.86394e-13
1.88991e-13
1.84928e-13
1.92255e-13
1.94772e-13
1.78404e-13
1.6608e-13
1.6177e-13
1.64282e-13
1.72307e-13
1.72848e-13
1.65275e-13
1.55359e-13
1.4323e-13
1.3929e-13
1.33959e-13
1.38399e-13
1.36566e-13
1.36399e-13
1.26893e-13
1.18185e-13
1.24125e-13
1.23161e-13
1.30249e-13
1.23831e-13
1.15776e-13
1.14423e-13
1.12291e-13
1.03571e-13
1.01368e-13
9.60882e-14
1.01653e-13
1.05579e-13
1.08091e-13
9.95788e-14
9.2851e-14
9.63664e-14
9.69716e-14
9.41141e-14
8.69311e-14
9.45311e-14
9.14992e-14
9.57663e-14
1.00801e-13
9.37043e-14
9.19409e-14
9.58636e-14
9.64225e-14
9.05461e-14
8.25955e-14
7.60339e-14
6.79263e-14
6.29644e-14
5.95038e-14
5.50473e-14
5.07899e-14
4.55555e-14
4.20816e-14
4.53707e-14
3.55755e-14
2.86482e-14
2.87806e-14
2.27845e-14
2.04872e-14
5.46802e-15
2.71278e-15
)
;

boundaryField
{
    inlet
    {
        type            zeroGradient;
    }
    outlet
    {
        type            fixedValue;
        value           uniform 0;
    }
    down
    {
        type            empty;
    }
    up
    {
        type            empty;
    }
    sides
    {
        type            zeroGradient;
    }
}

