/*--------------------------------*- C++ -*----------------------------------*\
| =========                 |                                                 |
| \\      /  F ield         | OpenFOAM: The Open Source CFD Toolbox           |
|  \\    /   O peration     | Version:  v2012                                 |
|   \\  /    A nd           | Website:  www.openfoam.com                      |
|    \\/     M anipulation  |                                                 |
\*---------------------------------------------------------------------------*/
FoamFile
{
    version     2.0;
    format      ascii;
    class       volScalarField;
    location    "0";
    object      p;
}
// * * * * * * * * * * * * * * * * * * * * * * * * * * * * * * * * * * * * * //

dimensions      [0 2 -2 0 0 0 0];


internalField   nonuniform List<scalar> 
4000
(
-3.6936e-13
-3.63108e-13
-3.63091e-13
-3.55007e-13
-3.63483e-13
-3.58768e-13
-3.63775e-13
-3.77613e-13
-3.68642e-13
-3.5959e-13
-3.64817e-13
-3.7655e-13
-3.85886e-13
-3.89157e-13
-4.0223e-13
-4.17461e-13
-4.03279e-13
-3.99524e-13
-4.02713e-13
-4.10673e-13
-4.1583e-13
-4.11632e-13
-4.15622e-13
-4.05389e-13
-4.11968e-13
-4.13774e-13
-4.03364e-13
-4.08208e-13
-3.98579e-13
-4.06434e-13
-4.17226e-13
-4.23916e-13
-4.06034e-13
-3.94388e-13
-3.87927e-13
-3.79514e-13
-3.86069e-13
-3.91262e-13
-4.01564e-13
-3.92954e-13
-3.94371e-13
-3.84285e-13
-3.83351e-13
-3.71462e-13
-3.70979e-13
-3.71897e-13
-3.65729e-13
-3.6479e-13
-3.5659e-13
-3.43866e-13
-3.41643e-13
-3.35438e-13
-3.33397e-13
-3.2356e-13
-3.12055e-13
-3.10971e-13
-3.02177e-13
-3.00589e-13
-2.88306e-13
-2.79013e-13
-2.7473e-13
-2.62519e-13
-2.54366e-13
-2.50976e-13
-2.42803e-13
-2.4108e-13
-2.30505e-13
-2.27798e-13
-2.23988e-13
-2.13262e-13
-2.01544e-13
-1.87667e-13
-1.81894e-13
-1.75421e-13
-1.62877e-13
-1.50731e-13
-1.51167e-13
-1.46954e-13
-1.3698e-13
-1.36285e-13
-1.38408e-13
-1.27385e-13
-1.17612e-13
-1.14879e-13
-1.12821e-13
-1.0339e-13
-9.83572e-14
-9.81049e-14
-8.10806e-14
-6.96973e-14
-6.26581e-14
-4.77515e-14
-4.59165e-14
-3.96076e-14
-3.82175e-14
-3.07197e-14
-1.63221e-14
-5.50416e-15
-2.80132e-15
-5.73783e-15
-3.68886e-13
-3.66803e-13
-3.60077e-13
-3.59549e-13
-3.56478e-13
-3.604e-13
-3.6536e-13
-3.72976e-13
-3.67681e-13
-3.62175e-13
-3.68958e-13
-3.76076e-13
-3.87982e-13
-3.89814e-13
-3.97892e-13
-4.05818e-13
-4.02821e-13
-4.03394e-13
-4.05913e-13
-4.08793e-13
-4.11428e-13
-4.1627e-13
-4.21134e-13
-4.08228e-13
-4.13016e-13
-4.11683e-13
-4.08695e-13
-4.0473e-13
-4.03677e-13
-4.08635e-13
-4.11145e-13
-4.13315e-13
-4.06268e-13
-3.99162e-13
-3.9045e-13
-3.89228e-13
-3.87868e-13
-3.85923e-13
-3.93542e-13
-3.90273e-13
-3.92877e-13
-3.8791e-13
-3.82986e-13
-3.73302e-13
-3.72118e-13
-3.71635e-13
-3.67935e-13
-3.58536e-13
-3.56292e-13
-3.51314e-13
-3.46305e-13
-3.34779e-13
-3.30859e-13
-3.22241e-13
-3.08059e-13
-3.04969e-13
-3.09765e-13
-3.03653e-13
-2.91696e-13
-2.84391e-13
-2.67953e-13
-2.58557e-13
-2.56295e-13
-2.47684e-13
-2.4187e-13
-2.40417e-13
-2.34581e-13
-2.28578e-13
-2.19102e-13
-2.12474e-13
-2.0237e-13
-1.90164e-13
-1.81387e-13
-1.71187e-13
-1.63191e-13
-1.55252e-13
-1.50031e-13
-1.45865e-13
-1.37945e-13
-1.40174e-13
-1.3632e-13
-1.28726e-13
-1.18127e-13
-1.10223e-13
-1.10148e-13
-1.04979e-13
-1.02668e-13
-9.98608e-14
-8.6679e-14
-6.3978e-14
-5.99318e-14
-4.77095e-14
-4.33014e-14
-3.98694e-14
-3.52197e-14
-3.0181e-14
-1.98274e-14
-6.13986e-15
-3.52192e-15
-1.93125e-15
-3.65673e-13
-3.65502e-13
-3.61986e-13
-3.58583e-13
-3.55598e-13
-3.5875e-13
-3.66735e-13
-3.68759e-13
-3.67191e-13
-3.59856e-13
-3.69103e-13
-3.78184e-13
-3.85709e-13
-3.87475e-13
-3.93951e-13
-3.97662e-13
-4.02792e-13
-4.07271e-13
-4.05164e-13
-4.06874e-13
-4.0989e-13
-4.20193e-13
-4.21367e-13
-4.1197e-13
-4.15102e-13
-4.10025e-13
-4.07004e-13
-4.02714e-13
-4.05604e-13
-4.10284e-13
-4.12873e-13
-4.09101e-13
-4.04326e-13
-4.01354e-13
-3.94205e-13
-3.91138e-13
-3.91895e-13
-3.87765e-13
-3.89156e-13
-3.89201e-13
-3.93811e-13
-3.88994e-13
-3.83486e-13
-3.77728e-13
-3.74802e-13
-3.7007e-13
-3.6749e-13
-3.67784e-13
-3.514e-13
-3.42634e-13
-3.44599e-13
-3.38942e-13
-3.33335e-13
-3.25222e-13
-3.11083e-13
-3.07655e-13
-3.07755e-13
-2.98528e-13
-2.85585e-13
-2.82282e-13
-2.68637e-13
-2.66072e-13
-2.58598e-13
-2.48352e-13
-2.43786e-13
-2.35993e-13
-2.32986e-13
-2.28877e-13
-2.16125e-13
-2.12785e-13
-2.04328e-13
-1.9197e-13
-1.86141e-13
-1.71435e-13
-1.6679e-13
-1.51811e-13
-1.4938e-13
-1.42532e-13
-1.37095e-13
-1.37782e-13
-1.35888e-13
-1.28874e-13
-1.20267e-13
-1.12639e-13
-1.08596e-13
-1.02248e-13
-9.66767e-14
-9.54296e-14
-8.40478e-14
-7.19354e-14
-6.26633e-14
-4.52019e-14
-3.95441e-14
-3.85749e-14
-3.90669e-14
-3.23117e-14
-1.87354e-14
-6.33708e-15
1.30571e-15
6.51479e-16
-3.62553e-13
-3.65462e-13
-3.58782e-13
-3.59429e-13
-3.61369e-13
-3.63716e-13
-3.65658e-13
-3.63796e-13
-3.60176e-13
-3.62184e-13
-3.72576e-13
-3.76845e-13
-3.82514e-13
-3.84597e-13
-3.87372e-13
-3.96815e-13
-4.01601e-13
-4.10146e-13
-4.08432e-13
-4.07695e-13
-4.12214e-13
-4.16722e-13
-4.18255e-13
-4.18241e-13
-4.19772e-13
-4.15055e-13
-4.11852e-13
-4.0198e-13
-4.07919e-13
-4.06481e-13
-4.03917e-13
-4.0404e-13
-4.05846e-13
-4.01259e-13
-3.92706e-13
-3.91864e-13
-3.96929e-13
-3.9441e-13
-3.89028e-13
-3.88417e-13
-3.91916e-13
-3.82074e-13
-3.81154e-13
-3.81516e-13
-3.76967e-13
-3.70089e-13
-3.70018e-13
-3.6134e-13
-3.55902e-13
-3.51866e-13
-3.45505e-13
-3.36184e-13
-3.30277e-13
-3.20935e-13
-3.1449e-13
-3.07538e-13
-3.0523e-13
-2.99427e-13
-2.87134e-13
-2.79967e-13
-2.71314e-13
-2.66423e-13
-2.54705e-13
-2.52354e-13
-2.50408e-13
-2.36804e-13
-2.3537e-13
-2.30093e-13
-2.16089e-13
-2.08699e-13
-2.00042e-13
-1.90084e-13
-1.83975e-13
-1.75569e-13
-1.66537e-13
-1.56382e-13
-1.44985e-13
-1.41305e-13
-1.3802e-13
-1.35866e-13
-1.32946e-13
-1.26822e-13
-1.20041e-13
-1.12789e-13
-1.10673e-13
-9.8741e-14
-9.91996e-14
-9.21265e-14
-8.39149e-14
-6.85779e-14
-6.32118e-14
-4.9705e-14
-4.09129e-14
-3.82544e-14
-3.42742e-14
-2.93428e-14
-2.08086e-14
-1.042e-14
-6.26402e-15
-2.86032e-16
-3.61723e-13
-3.58943e-13
-3.58866e-13
-3.56726e-13
-3.64607e-13
-3.6348e-13
-3.65043e-13
-3.63833e-13
-3.61486e-13
-3.67165e-13
-3.78097e-13
-3.79158e-13
-3.76691e-13
-3.81876e-13
-3.84249e-13
-3.90593e-13
-3.96851e-13
-3.99921e-13
-4.0964e-13
-4.19248e-13
-4.15006e-13
-4.23158e-13
-4.2559e-13
-4.15803e-13
-4.16189e-13
-4.12108e-13
-4.07193e-13
-4.00813e-13
-4.07443e-13
-4.0642e-13
-4.05786e-13
-4.01557e-13
-4.07885e-13
-4.01331e-13
-3.93551e-13
-3.91837e-13
-3.95604e-13
-3.96275e-13
-4.01767e-13
-3.9395e-13
-3.88089e-13
-3.79388e-13
-3.77605e-13
-3.79088e-13
-3.81125e-13
-3.76661e-13
-3.69816e-13
-3.57695e-13
-3.50838e-13
-3.48547e-13
-3.3906e-13
-3.3287e-13
-3.26321e-13
-3.25337e-13
-3.17252e-13
-3.10083e-13
-3.02603e-13
-2.92119e-13
-2.84688e-13
-2.84476e-13
-2.71337e-13
-2.73004e-13
-2.61786e-13
-2.54439e-13
-2.48668e-13
-2.33562e-13
-2.34963e-13
-2.27285e-13
-2.13112e-13
-2.10252e-13
-2.03613e-13
-1.94979e-13
-1.82598e-13
-1.80378e-13
-1.69196e-13
-1.5704e-13
-1.45746e-13
-1.36988e-13
-1.39792e-13
-1.31364e-13
-1.33063e-13
-1.24848e-13
-1.17246e-13
-1.15102e-13
-1.09757e-13
-1.04389e-13
-9.42473e-14
-8.64601e-14
-7.85688e-14
-6.97881e-14
-6.51713e-14
-4.95193e-14
-4.04385e-14
-3.81299e-14
-2.90327e-14
-2.83341e-14
-1.90145e-14
-1.63856e-14
-6.5178e-15
-2.15474e-15
-3.62404e-13
-3.54386e-13
-3.56464e-13
-3.62989e-13
-3.6367e-13
-3.65131e-13
-3.62346e-13
-3.59877e-13
-3.56528e-13
-3.6616e-13
-3.74953e-13
-3.76365e-13
-3.79746e-13
-3.83564e-13
-3.85578e-13
-3.88239e-13
-3.93315e-13
-3.95215e-13
-4.05347e-13
-4.16431e-13
-4.20187e-13
-4.23714e-13
-4.28008e-13
-4.235e-13
-4.12488e-13
-4.13083e-13
-4.10589e-13
-4.02404e-13
-4.05779e-13
-4.04656e-13
-4.0987e-13
-4.03462e-13
-4.01863e-13
-3.91076e-13
-3.87803e-13
-3.95097e-13
-4.03055e-13
-3.97037e-13
-3.97776e-13
-3.93351e-13
-3.85477e-13
-3.8184e-13
-3.80661e-13
-3.7803e-13
-3.76649e-13
-3.7729e-13
-3.72944e-13
-3.5652e-13
-3.47753e-13
-3.51285e-13
-3.36212e-13
-3.33629e-13
-3.27708e-13
-3.25407e-13
-3.21006e-13
-3.06695e-13
-2.96545e-13
-2.97045e-13
-2.85421e-13
-2.7996e-13
-2.74339e-13
-2.71981e-13
-2.65458e-13
-2.51396e-13
-2.54752e-13
-2.40136e-13
-2.34986e-13
-2.27228e-13
-2.12033e-13
-2.09417e-13
-2.01195e-13
-1.93978e-13
-1.81788e-13
-1.8104e-13
-1.691e-13
-1.60142e-13
-1.46957e-13
-1.43148e-13
-1.35937e-13
-1.3198e-13
-1.28155e-13
-1.24847e-13
-1.22986e-13
-1.1668e-13
-1.11925e-13
-1.01652e-13
-8.94672e-14
-8.72203e-14
-7.0653e-14
-7.1615e-14
-6.51013e-14
-4.93476e-14
-4.19738e-14
-3.55959e-14
-3.40983e-14
-2.86797e-14
-1.83275e-14
-1.69353e-14
-1.16444e-14
-3.98326e-15
-3.59699e-13
-3.52933e-13
-3.61777e-13
-3.60578e-13
-3.61885e-13
-3.6101e-13
-3.58411e-13
-3.62945e-13
-3.66057e-13
-3.71435e-13
-3.75928e-13
-3.74711e-13
-3.77525e-13
-3.80218e-13
-3.79684e-13
-3.84936e-13
-3.93052e-13
-3.97328e-13
-4.11639e-13
-4.21141e-13
-4.24601e-13
-4.22424e-13
-4.19422e-13
-4.17735e-13
-4.11269e-13
-4.11558e-13
-4.11139e-13
-4.08406e-13
-4.07846e-13
-4.03494e-13
-4.0005e-13
-4.06423e-13
-4.00681e-13
-3.97012e-13
-3.98841e-13
-3.93887e-13
-3.98919e-13
-3.93617e-13
-3.9673e-13
-3.93494e-13
-3.89051e-13
-3.85842e-13
-3.81891e-13
-3.76809e-13
-3.73311e-13
-3.69603e-13
-3.70153e-13
-3.61243e-13
-3.53279e-13
-3.4912e-13
-3.35764e-13
-3.28389e-13
-3.1971e-13
-3.25684e-13
-3.23131e-13
-3.06419e-13
-3.00556e-13
-3.01656e-13
-2.89921e-13
-2.82838e-13
-2.72544e-13
-2.62304e-13
-2.61891e-13
-2.59258e-13
-2.58446e-13
-2.40629e-13
-2.38699e-13
-2.28558e-13
-2.1776e-13
-2.06974e-13
-1.88809e-13
-1.92049e-13
-1.84357e-13
-1.76408e-13
-1.65797e-13
-1.59241e-13
-1.51541e-13
-1.48785e-13
-1.41008e-13
-1.35627e-13
-1.30842e-13
-1.24938e-13
-1.1685e-13
-1.13175e-13
-1.13355e-13
-1.04876e-13
-9.44504e-14
-8.32299e-14
-7.01875e-14
-7.0552e-14
-6.02421e-14
-5.12465e-14
-4.62312e-14
-3.67986e-14
-3.3749e-14
-3.17983e-14
-2.19738e-14
-1.42966e-14
-1.04412e-14
-2.08793e-15
-3.56799e-13
-3.53313e-13
-3.61864e-13
-3.62613e-13
-3.59304e-13
-3.54408e-13
-3.56946e-13
-3.64315e-13
-3.6754e-13
-3.7317e-13
-3.69737e-13
-3.73148e-13
-3.82783e-13
-3.82918e-13
-3.79734e-13
-3.88312e-13
-3.95097e-13
-3.94129e-13
-4.11695e-13
-4.18721e-13
-4.14088e-13
-4.25299e-13
-4.235e-13
-4.18572e-13
-4.12306e-13
-4.14606e-13
-4.12024e-13
-4.12408e-13
-4.08673e-13
-4.07171e-13
-4.02042e-13
-3.95574e-13
-3.93492e-13
-3.93306e-13
-4.03981e-13
-3.99939e-13
-3.98635e-13
-3.9324e-13
-3.91796e-13
-3.89268e-13
-3.8968e-13
-3.89519e-13
-3.8536e-13
-3.73395e-13
-3.68769e-13
-3.6604e-13
-3.7222e-13
-3.6711e-13
-3.59067e-13
-3.46109e-13
-3.33102e-13
-3.29434e-13
-3.24213e-13
-3.25358e-13
-3.24057e-13
-3.07173e-13
-2.98867e-13
-2.94491e-13
-2.8605e-13
-2.85779e-13
-2.76166e-13
-2.69089e-13
-2.63017e-13
-2.53929e-13
-2.49451e-13
-2.40551e-13
-2.37204e-13
-2.23828e-13
-2.15691e-13
-2.06145e-13
-1.96519e-13
-1.87336e-13
-1.86817e-13
-1.82883e-13
-1.73045e-13
-1.64047e-13
-1.50882e-13
-1.45123e-13
-1.40481e-13
-1.33729e-13
-1.28699e-13
-1.24248e-13
-1.23377e-13
-1.1582e-13
-1.11415e-13
-1.07581e-13
-9.57854e-14
-8.62487e-14
-7.16685e-14
-6.99577e-14
-6.16083e-14
-4.79065e-14
-4.75443e-14
-3.57205e-14
-3.59284e-14
-3.53613e-14
-1.75515e-14
-1.57381e-14
-1.36287e-14
-1.78192e-15
-3.51922e-13
-3.55961e-13
-3.58085e-13
-3.61232e-13
-3.59018e-13
-3.56581e-13
-3.54579e-13
-3.61976e-13
-3.68298e-13
-3.70148e-13
-3.67831e-13
-3.75595e-13
-3.85494e-13
-3.84764e-13
-3.82706e-13
-3.8295e-13
-3.88911e-13
-4.03436e-13
-4.08518e-13
-4.1612e-13
-4.14432e-13
-4.22125e-13
-4.24118e-13
-4.17951e-13
-4.2016e-13
-4.15109e-13
-4.11313e-13
-4.10904e-13
-3.99482e-13
-4.06806e-13
-4.03368e-13
-4.01103e-13
-4.01453e-13
-4.05018e-13
-4.02432e-13
-3.973e-13
-3.97533e-13
-3.90716e-13
-3.87671e-13
-3.87982e-13
-3.93597e-13
-3.95422e-13
-3.86663e-13
-3.75913e-13
-3.69049e-13
-3.60657e-13
-3.6748e-13
-3.61497e-13
-3.5365e-13
-3.49119e-13
-3.37466e-13
-3.35077e-13
-3.25112e-13
-3.24914e-13
-3.18386e-13
-3.10201e-13
-3.01259e-13
-2.95495e-13
-2.93463e-13
-2.85243e-13
-2.76992e-13
-2.66442e-13
-2.6401e-13
-2.55567e-13
-2.5738e-13
-2.45243e-13
-2.35447e-13
-2.23688e-13
-2.16242e-13
-2.05068e-13
-1.99386e-13
-1.88278e-13
-1.83327e-13
-1.75238e-13
-1.73615e-13
-1.65381e-13
-1.55479e-13
-1.45117e-13
-1.3976e-13
-1.35597e-13
-1.25124e-13
-1.26222e-13
-1.22653e-13
-1.16066e-13
-1.12284e-13
-1.06114e-13
-9.46076e-14
-8.68419e-14
-7.49404e-14
-6.84822e-14
-6.17395e-14
-4.80235e-14
-4.43071e-14
-4.01268e-14
-3.49577e-14
-2.99558e-14
-2.32643e-14
-2.04097e-14
-1.55903e-14
-8.57512e-15
-3.48721e-13
-3.56418e-13
-3.51446e-13
-3.56644e-13
-3.62202e-13
-3.56342e-13
-3.60212e-13
-3.63239e-13
-3.66666e-13
-3.80695e-13
-3.70071e-13
-3.75965e-13
-3.81107e-13
-3.84151e-13
-3.86896e-13
-3.89682e-13
-3.9372e-13
-3.99711e-13
-4.00557e-13
-4.07879e-13
-4.23375e-13
-4.25952e-13
-4.21808e-13
-4.1979e-13
-4.16901e-13
-4.13375e-13
-4.10373e-13
-4.0953e-13
-4.04943e-13
-4.08688e-13
-3.97381e-13
-4.01473e-13
-4.03717e-13
-3.99031e-13
-4.04488e-13
-3.97394e-13
-3.94527e-13
-3.91141e-13
-3.89061e-13
-3.88271e-13
-4.01672e-13
-3.979e-13
-3.87196e-13
-3.74902e-13
-3.63109e-13
-3.55649e-13
-3.63563e-13
-3.60267e-13
-3.50061e-13
-3.45914e-13
-3.41523e-13
-3.34344e-13
-3.25677e-13
-3.27784e-13
-3.17888e-13
-3.11278e-13
-3.08111e-13
-2.96075e-13
-2.86275e-13
-2.81726e-13
-2.72493e-13
-2.6281e-13
-2.55353e-13
-2.61883e-13
-2.60648e-13
-2.54768e-13
-2.35584e-13
-2.26596e-13
-2.1506e-13
-1.99145e-13
-1.9432e-13
-1.85684e-13
-1.82044e-13
-1.75905e-13
-1.7416e-13
-1.75238e-13
-1.61802e-13
-1.43801e-13
-1.42168e-13
-1.37438e-13
-1.27173e-13
-1.28267e-13
-1.16919e-13
-1.07694e-13
-1.03582e-13
-1.0766e-13
-9.97397e-14
-8.69773e-14
-7.72914e-14
-6.68856e-14
-5.7813e-14
-5.51145e-14
-4.21937e-14
-4.14575e-14
-3.72754e-14
-2.93248e-14
-3.03265e-14
-2.19302e-14
-1.8664e-14
-5.35271e-15
-3.52953e-13
-3.54032e-13
-3.57694e-13
-3.57104e-13
-3.59249e-13
-3.64898e-13
-3.61452e-13
-3.62758e-13
-3.64602e-13
-3.72488e-13
-3.7172e-13
-3.74488e-13
-3.77852e-13
-3.80821e-13
-3.8704e-13
-3.90012e-13
-3.95299e-13
-3.96723e-13
-4.01664e-13
-4.14077e-13
-4.21164e-13
-4.26872e-13
-4.2465e-13
-4.22541e-13
-4.25272e-13
-4.13041e-13
-4.03767e-13
-4.07521e-13
-4.06917e-13
-4.05715e-13
-4.01203e-13
-4.00355e-13
-4.02362e-13
-4.03285e-13
-4.04087e-13
-3.95816e-13
-3.95535e-13
-3.92832e-13
-3.9067e-13
-3.95384e-13
-3.9997e-13
-3.94447e-13
-3.82307e-13
-3.7289e-13
-3.61525e-13
-3.57893e-13
-3.59547e-13
-3.6206e-13
-3.57025e-13
-3.49984e-13
-3.42611e-13
-3.33334e-13
-3.25611e-13
-3.28746e-13
-3.213e-13
-3.09457e-13
-3.06256e-13
-2.96313e-13
-2.94877e-13
-2.86907e-13
-2.7229e-13
-2.69142e-13
-2.62534e-13
-2.55796e-13
-2.48516e-13
-2.40066e-13
-2.38717e-13
-2.3269e-13
-2.16691e-13
-2.01406e-13
-1.95861e-13
-1.90148e-13
-1.80031e-13
-1.78416e-13
-1.79657e-13
-1.76698e-13
-1.63295e-13
-1.50193e-13
-1.38449e-13
-1.31532e-13
-1.24026e-13
-1.22295e-13
-1.17499e-13
-1.15779e-13
-1.09835e-13
-1.0512e-13
-9.56863e-14
-8.15652e-14
-7.56992e-14
-6.85782e-14
-6.28615e-14
-5.25738e-14
-3.85496e-14
-3.82494e-14
-3.51063e-14
-2.45091e-14
-3.08489e-14
-3.21679e-14
-2.20244e-14
-4.55652e-15
-3.52726e-13
-3.50847e-13
-3.57779e-13
-3.58847e-13
-3.57942e-13
-3.6274e-13
-3.62085e-13
-3.61681e-13
-3.57281e-13
-3.6553e-13
-3.77714e-13
-3.81859e-13
-3.7821e-13
-3.82728e-13
-3.92324e-13
-3.96442e-13
-3.9232e-13
-3.94951e-13
-4.02359e-13
-4.10832e-13
-4.23229e-13
-4.25682e-13
-4.16359e-13
-4.15306e-13
-4.18006e-13
-4.26234e-13
-4.14999e-13
-4.08705e-13
-4.04079e-13
-4.02905e-13
-3.97063e-13
-3.9815e-13
-4.03108e-13
-4.08335e-13
-4.06874e-13
-3.96437e-13
-3.94435e-13
-3.96802e-13
-3.96722e-13
-3.97332e-13
-3.97169e-13
-3.89939e-13
-3.8184e-13
-3.67921e-13
-3.63282e-13
-3.62024e-13
-3.61626e-13
-3.59482e-13
-3.54534e-13
-3.48772e-13
-3.41036e-13
-3.36554e-13
-3.33535e-13
-3.26098e-13
-3.22676e-13
-3.13025e-13
-3.08032e-13
-2.97894e-13
-2.91249e-13
-2.86092e-13
-2.69832e-13
-2.59914e-13
-2.53103e-13
-2.51485e-13
-2.62936e-13
-2.53237e-13
-2.38073e-13
-2.26276e-13
-2.22376e-13
-2.03798e-13
-1.9478e-13
-1.79514e-13
-1.79128e-13
-1.80178e-13
-1.85726e-13
-1.86809e-13
-1.67372e-13
-1.47065e-13
-1.38826e-13
-1.31081e-13
-1.26804e-13
-1.26999e-13
-1.20199e-13
-1.06602e-13
-1.05664e-13
-1.03961e-13
-9.25197e-14
-8.43218e-14
-7.36885e-14
-6.70981e-14
-6.40813e-14
-5.17221e-14
-3.83358e-14
-4.25172e-14
-3.53515e-14
-3.03197e-14
-3.33991e-14
-2.92704e-14
-1.30685e-14
-3.06765e-15
-3.53521e-13
-3.53301e-13
-3.62417e-13
-3.56317e-13
-3.5455e-13
-3.5981e-13
-3.63434e-13
-3.69618e-13
-3.68453e-13
-3.68454e-13
-3.69803e-13
-3.73448e-13
-3.71379e-13
-3.78433e-13
-3.92917e-13
-3.99633e-13
-3.92113e-13
-3.90655e-13
-4.01278e-13
-4.13669e-13
-4.22058e-13
-4.30714e-13
-4.33117e-13
-4.26086e-13
-4.19726e-13
-4.12127e-13
-4.06528e-13
-4.14924e-13
-4.10854e-13
-4.02556e-13
-3.98177e-13
-3.94386e-13
-3.98509e-13
-4.04295e-13
-4.00594e-13
-3.97111e-13
-3.99241e-13
-3.99074e-13
-3.98568e-13
-3.98065e-13
-3.93085e-13
-3.81785e-13
-3.75891e-13
-3.80735e-13
-3.72404e-13
-3.67525e-13
-3.60249e-13
-3.53481e-13
-3.4978e-13
-3.48858e-13
-3.42627e-13
-3.35166e-13
-3.29992e-13
-3.35028e-13
-3.18364e-13
-3.07065e-13
-3.01893e-13
-3.00174e-13
-2.96535e-13
-2.92055e-13
-2.75693e-13
-2.67423e-13
-2.4796e-13
-2.41222e-13
-2.54777e-13
-2.52304e-13
-2.42477e-13
-2.26574e-13
-2.23407e-13
-2.0797e-13
-2.00006e-13
-1.90107e-13
-1.79398e-13
-1.87637e-13
-1.85593e-13
-1.84399e-13
-1.68443e-13
-1.50675e-13
-1.40023e-13
-1.34131e-13
-1.28965e-13
-1.17925e-13
-1.09894e-13
-1.13149e-13
-1.06455e-13
-1.0157e-13
-9.36062e-14
-7.71821e-14
-7.1332e-14
-6.89688e-14
-6.55865e-14
-5.29823e-14
-4.09599e-14
-3.92927e-14
-3.8505e-14
-3.15704e-14
-2.74244e-14
-2.44803e-14
-1.02468e-14
-7.20172e-15
-3.58306e-13
-3.49073e-13
-3.56377e-13
-3.63036e-13
-3.61726e-13
-3.62834e-13
-3.6002e-13
-3.55541e-13
-3.6009e-13
-3.71853e-13
-3.73667e-13
-3.77868e-13
-3.84002e-13
-3.87182e-13
-3.8535e-13
-3.89859e-13
-3.9066e-13
-3.98056e-13
-4.08286e-13
-4.14704e-13
-4.19723e-13
-4.22026e-13
-4.22009e-13
-4.21488e-13
-4.24809e-13
-4.18494e-13
-4.15455e-13
-4.07854e-13
-4.05036e-13
-4.02649e-13
-3.97116e-13
-3.98488e-13
-4.04356e-13
-4.11589e-13
-4.08055e-13
-4.06437e-13
-4.03408e-13
-3.94783e-13
-3.93763e-13
-3.85747e-13
-3.85981e-13
-3.88726e-13
-3.81987e-13
-3.76827e-13
-3.70178e-13
-3.66929e-13
-3.64406e-13
-3.51018e-13
-3.46472e-13
-3.48397e-13
-3.3363e-13
-3.29765e-13
-3.37658e-13
-3.30529e-13
-3.19929e-13
-3.11914e-13
-3.07802e-13
-2.9377e-13
-2.89259e-13
-2.86309e-13
-2.7751e-13
-2.65558e-13
-2.52519e-13
-2.44265e-13
-2.49183e-13
-2.48105e-13
-2.39316e-13
-2.25867e-13
-2.23499e-13
-2.1094e-13
-2.04777e-13
-1.92431e-13
-1.88742e-13
-1.87891e-13
-1.84412e-13
-1.84954e-13
-1.67606e-13
-1.56849e-13
-1.43737e-13
-1.35391e-13
-1.30516e-13
-1.22536e-13
-1.16887e-13
-1.10907e-13
-1.05386e-13
-9.81921e-14
-9.22305e-14
-7.43467e-14
-7.25503e-14
-6.86924e-14
-6.00792e-14
-5.17592e-14
-4.3598e-14
-4.20213e-14
-4.3012e-14
-3.63531e-14
-3.25453e-14
-2.28391e-14
-9.57926e-15
-5.86102e-15
-3.60366e-13
-3.52856e-13
-3.56934e-13
-3.63988e-13
-3.60556e-13
-3.58845e-13
-3.62159e-13
-3.68096e-13
-3.63446e-13
-3.70425e-13
-3.74164e-13
-3.80938e-13
-3.78565e-13
-3.74744e-13
-3.77453e-13
-3.8756e-13
-4.01348e-13
-4.04287e-13
-4.03005e-13
-4.07199e-13
-4.156e-13
-4.24722e-13
-4.30836e-13
-4.34747e-13
-4.20338e-13
-4.1065e-13
-4.13562e-13
-4.13727e-13
-4.10997e-13
-3.9962e-13
-3.94343e-13
-4.01104e-13
-3.9995e-13
-4.10323e-13
-4.04842e-13
-3.9987e-13
-4.01747e-13
-3.99062e-13
-3.93086e-13
-3.84687e-13
-3.84559e-13
-3.8299e-13
-3.9204e-13
-3.88393e-13
-3.6921e-13
-3.59196e-13
-3.6024e-13
-3.52708e-13
-3.46501e-13
-3.41049e-13
-3.3465e-13
-3.33003e-13
-3.36052e-13
-3.3028e-13
-3.3062e-13
-3.13477e-13
-3.09655e-13
-3.03323e-13
-2.87808e-13
-2.79877e-13
-2.73763e-13
-2.57855e-13
-2.51656e-13
-2.45616e-13
-2.53465e-13
-2.51855e-13
-2.41528e-13
-2.24645e-13
-2.1983e-13
-2.13143e-13
-2.06958e-13
-1.99757e-13
-1.94227e-13
-1.87311e-13
-1.84366e-13
-1.84966e-13
-1.69196e-13
-1.59403e-13
-1.45527e-13
-1.34233e-13
-1.30352e-13
-1.20313e-13
-1.12741e-13
-1.11548e-13
-1.0626e-13
-9.37035e-14
-9.14158e-14
-7.52536e-14
-7.59132e-14
-6.67086e-14
-6.22396e-14
-5.77146e-14
-4.78465e-14
-4.117e-14
-4.13579e-14
-3.97127e-14
-3.56659e-14
-2.34012e-14
-1.20023e-14
-4.9688e-15
-3.66506e-13
-3.57445e-13
-3.61215e-13
-3.6268e-13
-3.56096e-13
-3.525e-13
-3.53555e-13
-3.63999e-13
-3.76289e-13
-3.77382e-13
-3.76467e-13
-3.80054e-13
-3.75204e-13
-3.77611e-13
-3.80761e-13
-3.84208e-13
-3.96051e-13
-4.04231e-13
-4.04479e-13
-4.09037e-13
-4.20659e-13
-4.31259e-13
-4.29263e-13
-4.22035e-13
-4.1808e-13
-4.12361e-13
-4.12597e-13
-4.08413e-13
-4.02935e-13
-3.99391e-13
-3.97199e-13
-4.016e-13
-3.98199e-13
-4.05439e-13
-4.1093e-13
-4.09626e-13
-4.09004e-13
-3.99529e-13
-3.95361e-13
-3.8798e-13
-3.85129e-13
-3.80016e-13
-3.82147e-13
-3.81431e-13
-3.69803e-13
-3.58202e-13
-3.58941e-13
-3.56876e-13
-3.4375e-13
-3.40889e-13
-3.38514e-13
-3.34388e-13
-3.32271e-13
-3.3108e-13
-3.2517e-13
-3.14496e-13
-3.05689e-13
-2.96656e-13
-2.87639e-13
-2.85143e-13
-2.8128e-13
-2.60246e-13
-2.52621e-13
-2.43231e-13
-2.49603e-13
-2.48932e-13
-2.43963e-13
-2.26442e-13
-2.21077e-13
-2.08989e-13
-2.07909e-13
-2.0064e-13
-1.93599e-13
-1.88316e-13
-1.90077e-13
-1.85318e-13
-1.68473e-13
-1.56067e-13
-1.46297e-13
-1.37671e-13
-1.31024e-13
-1.18949e-13
-1.19991e-13
-1.09756e-13
-9.88567e-14
-8.97077e-14
-8.79409e-14
-7.88677e-14
-7.52932e-14
-6.87974e-14
-6.65371e-14
-5.917e-14
-4.66049e-14
-4.55476e-14
-4.43603e-14
-4.03278e-14
-3.66078e-14
-2.87628e-14
-1.81905e-14
-5.62863e-15
-3.62084e-13
-3.63429e-13
-3.62562e-13
-3.63911e-13
-3.58196e-13
-3.64486e-13
-3.6476e-13
-3.64732e-13
-3.65418e-13
-3.67862e-13
-3.69797e-13
-3.8024e-13
-3.77436e-13
-3.79457e-13
-3.78738e-13
-3.86119e-13
-3.87865e-13
-3.91175e-13
-4.09585e-13
-4.13253e-13
-4.25108e-13
-4.25509e-13
-4.25009e-13
-4.19646e-13
-4.17377e-13
-4.14162e-13
-4.11503e-13
-4.12124e-13
-4.02589e-13
-3.987e-13
-4.03715e-13
-4.04088e-13
-4.0387e-13
-4.04909e-13
-4.07396e-13
-4.0683e-13
-4.03885e-13
-4.01274e-13
-3.95444e-13
-3.92202e-13
-3.86439e-13
-3.8301e-13
-3.77084e-13
-3.76618e-13
-3.62e-13
-3.59487e-13
-3.63917e-13
-3.59985e-13
-3.46046e-13
-3.38397e-13
-3.3779e-13
-3.33153e-13
-3.29888e-13
-3.3401e-13
-3.33187e-13
-3.1917e-13
-3.11175e-13
-2.99145e-13
-2.87174e-13
-2.71617e-13
-2.70365e-13
-2.70385e-13
-2.55525e-13
-2.47518e-13
-2.55463e-13
-2.49178e-13
-2.41675e-13
-2.32443e-13
-2.24115e-13
-2.12331e-13
-2.09475e-13
-2.02755e-13
-1.97437e-13
-1.89358e-13
-1.86899e-13
-1.84273e-13
-1.70421e-13
-1.60095e-13
-1.46313e-13
-1.33327e-13
-1.27716e-13
-1.16225e-13
-1.18079e-13
-1.1157e-13
-9.85573e-14
-8.70503e-14
-8.66479e-14
-7.90807e-14
-7.70423e-14
-7.27376e-14
-6.58838e-14
-5.54479e-14
-4.56285e-14
-4.32052e-14
-4.75817e-14
-4.51455e-14
-3.83688e-14
-2.81618e-14
-2.30097e-14
-5.55087e-15
-3.64674e-13
-3.65932e-13
-3.62888e-13
-3.65516e-13
-3.58524e-13
-3.54325e-13
-3.63134e-13
-3.70065e-13
-3.7265e-13
-3.76901e-13
-3.73215e-13
-3.71052e-13
-3.76181e-13
-3.82852e-13
-3.81007e-13
-3.86721e-13
-3.86818e-13
-3.97119e-13
-4.09333e-13
-4.15515e-13
-4.20328e-13
-4.27505e-13
-4.30469e-13
-4.18678e-13
-4.1071e-13
-4.14489e-13
-4.13445e-13
-4.09923e-13
-4.03856e-13
-3.97739e-13
-3.9641e-13
-4.00972e-13
-4.0684e-13
-4.09504e-13
-4.08433e-13
-4.09503e-13
-4.09855e-13
-4.04636e-13
-3.92516e-13
-3.88348e-13
-3.86312e-13
-3.86743e-13
-3.83118e-13
-3.77649e-13
-3.63232e-13
-3.60705e-13
-3.59592e-13
-3.55461e-13
-3.48647e-13
-3.40635e-13
-3.27996e-13
-3.31631e-13
-3.32165e-13
-3.37926e-13
-3.2775e-13
-3.16914e-13
-3.16504e-13
-3.08362e-13
-2.94451e-13
-2.78342e-13
-2.66865e-13
-2.64474e-13
-2.62597e-13
-2.54324e-13
-2.50138e-13
-2.49776e-13
-2.40525e-13
-2.37413e-13
-2.27368e-13
-2.21524e-13
-2.11587e-13
-2.02384e-13
-1.95888e-13
-1.89344e-13
-1.85256e-13
-1.80882e-13
-1.71604e-13
-1.58327e-13
-1.43093e-13
-1.3417e-13
-1.32637e-13
-1.1977e-13
-1.13608e-13
-1.08932e-13
-9.89637e-14
-8.73418e-14
-8.4534e-14
-8.23858e-14
-7.95149e-14
-6.79951e-14
-5.93942e-14
-5.51456e-14
-5.18493e-14
-5.02774e-14
-4.63587e-14
-3.87952e-14
-3.59744e-14
-3.20738e-14
-2.64632e-14
-5.86058e-15
-3.70452e-13
-3.69587e-13
-3.65992e-13
-3.60243e-13
-3.58843e-13
-3.58098e-13
-3.65112e-13
-3.70906e-13
-3.70602e-13
-3.75144e-13
-3.72807e-13
-3.74616e-13
-3.76317e-13
-3.77237e-13
-3.84265e-13
-3.92661e-13
-3.93063e-13
-3.96225e-13
-4.03649e-13
-4.11748e-13
-4.18095e-13
-4.22404e-13
-4.22742e-13
-4.21462e-13
-4.20968e-13
-4.1585e-13
-4.09952e-13
-4.09532e-13
-4.06292e-13
-4.04785e-13
-4.04117e-13
-4.08017e-13
-4.08573e-13
-4.09316e-13
-4.06223e-13
-4.03054e-13
-4.04764e-13
-4.03404e-13
-3.9432e-13
-3.89073e-13
-3.87704e-13
-3.87252e-13
-3.81818e-13
-3.82854e-13
-3.70089e-13
-3.58637e-13
-3.52586e-13
-3.59173e-13
-3.52329e-13
-3.41233e-13
-3.3273e-13
-3.32884e-13
-3.3294e-13
-3.36181e-13
-3.25778e-13
-3.18716e-13
-3.1427e-13
-3.00541e-13
-2.91948e-13
-2.80479e-13
-2.75732e-13
-2.70251e-13
-2.64132e-13
-2.55095e-13
-2.47375e-13
-2.49302e-13
-2.44026e-13
-2.40646e-13
-2.27443e-13
-2.22177e-13
-2.16114e-13
-2.05399e-13
-1.93737e-13
-1.90197e-13
-1.83785e-13
-1.79516e-13
-1.72371e-13
-1.55287e-13
-1.47263e-13
-1.42343e-13
-1.27776e-13
-1.21686e-13
-1.13549e-13
-9.933e-14
-9.39025e-14
-9.14276e-14
-8.71012e-14
-7.61035e-14
-7.66114e-14
-7.10427e-14
-6.0713e-14
-5.80156e-14
-5.1155e-14
-4.68837e-14
-4.31525e-14
-3.96601e-14
-3.9596e-14
-3.2111e-14
-2.89537e-14
-9.05415e-15
-3.65087e-13
-3.67326e-13
-3.7148e-13
-3.67884e-13
-3.63871e-13
-3.6542e-13
-3.68269e-13
-3.67714e-13
-3.69303e-13
-3.70887e-13
-3.76501e-13
-3.76187e-13
-3.80903e-13
-3.75993e-13
-3.83971e-13
-3.95178e-13
-3.98105e-13
-4.02812e-13
-4.05063e-13
-4.07243e-13
-4.1489e-13
-4.19845e-13
-4.19438e-13
-4.19337e-13
-4.17111e-13
-4.18517e-13
-4.17871e-13
-4.09049e-13
-4.08342e-13
-4.03711e-13
-4.00453e-13
-4.08108e-13
-4.14387e-13
-4.11825e-13
-4.1165e-13
-4.01439e-13
-4.01212e-13
-4.00386e-13
-3.95404e-13
-3.90062e-13
-3.89665e-13
-3.89084e-13
-3.78877e-13
-3.7946e-13
-3.70714e-13
-3.59306e-13
-3.58905e-13
-3.55992e-13
-3.50145e-13
-3.42693e-13
-3.34405e-13
-3.33169e-13
-3.35128e-13
-3.31898e-13
-3.27171e-13
-3.23523e-13
-3.16982e-13
-3.04156e-13
-2.92897e-13
-2.80548e-13
-2.74515e-13
-2.65427e-13
-2.60074e-13
-2.5992e-13
-2.55208e-13
-2.49678e-13
-2.49552e-13
-2.39454e-13
-2.28445e-13
-2.22495e-13
-2.11769e-13
-2.06389e-13
-1.91017e-13
-1.91802e-13
-1.87375e-13
-1.84451e-13
-1.74134e-13
-1.55748e-13
-1.46939e-13
-1.36451e-13
-1.22888e-13
-1.20686e-13
-1.0881e-13
-1.02481e-13
-9.5551e-14
-8.8912e-14
-8.81701e-14
-8.04601e-14
-7.46483e-14
-7.19767e-14
-6.54329e-14
-6.27974e-14
-4.73948e-14
-4.51435e-14
-4.76939e-14
-4.3309e-14
-3.92974e-14
-3.81266e-14
-2.64434e-14
-3.48959e-15
-3.62375e-13
-3.71039e-13
-3.73988e-13
-3.6819e-13
-3.69576e-13
-3.65782e-13
-3.73359e-13
-3.70438e-13
-3.65921e-13
-3.75438e-13
-3.80451e-13
-3.78357e-13
-3.78853e-13
-3.81029e-13
-3.88651e-13
-3.87122e-13
-3.94928e-13
-4.09913e-13
-4.05694e-13
-4.09975e-13
-4.14864e-13
-4.20535e-13
-4.18285e-13
-4.15768e-13
-4.1707e-13
-4.22804e-13
-4.17404e-13
-4.11914e-13
-4.06441e-13
-4.04957e-13
-4.0023e-13
-4.06458e-13
-4.103e-13
-4.16345e-13
-4.12399e-13
-4.05056e-13
-3.98448e-13
-3.9459e-13
-3.96533e-13
-3.96555e-13
-3.894e-13
-3.80565e-13
-3.80883e-13
-3.8232e-13
-3.70359e-13
-3.66326e-13
-3.61775e-13
-3.56788e-13
-3.50646e-13
-3.46687e-13
-3.39021e-13
-3.3296e-13
-3.34631e-13
-3.31611e-13
-3.23882e-13
-3.21987e-13
-3.11044e-13
-3.03873e-13
-2.95261e-13
-2.83056e-13
-2.71865e-13
-2.66716e-13
-2.6746e-13
-2.60477e-13
-2.56981e-13
-2.53049e-13
-2.48289e-13
-2.39715e-13
-2.33831e-13
-2.24926e-13
-2.15211e-13
-2.05612e-13
-1.97161e-13
-1.93758e-13
-1.92485e-13
-1.84474e-13
-1.68067e-13
-1.54629e-13
-1.43242e-13
-1.41234e-13
-1.30006e-13
-1.19192e-13
-1.02451e-13
-1.00081e-13
-9.96765e-14
-9.15364e-14
-8.15982e-14
-7.71739e-14
-7.25118e-14
-6.99979e-14
-5.98056e-14
-6.48347e-14
-5.81588e-14
-4.65748e-14
-4.80129e-14
-4.17929e-14
-4.15358e-14
-3.59207e-14
-2.00667e-14
-4.70647e-15
-3.6657e-13
-3.73066e-13
-3.72598e-13
-3.69639e-13
-3.69896e-13
-3.69133e-13
-3.77366e-13
-3.76647e-13
-3.71284e-13
-3.70765e-13
-3.70474e-13
-3.74627e-13
-3.84502e-13
-3.90509e-13
-3.96972e-13
-3.95634e-13
-3.98768e-13
-4.02559e-13
-4.04391e-13
-3.99905e-13
-4.14279e-13
-4.22092e-13
-4.17871e-13
-4.17322e-13
-4.10976e-13
-4.12229e-13
-4.16485e-13
-4.26905e-13
-4.11904e-13
-4.02441e-13
-4.0534e-13
-4.03215e-13
-4.0204e-13
-4.06333e-13
-4.10404e-13
-4.11134e-13
-4.09448e-13
-4.0114e-13
-3.99243e-13
-3.95217e-13
-3.89415e-13
-3.80129e-13
-3.77187e-13
-3.79407e-13
-3.74353e-13
-3.67676e-13
-3.63213e-13
-3.56088e-13
-3.52122e-13
-3.50314e-13
-3.42494e-13
-3.3836e-13
-3.30133e-13
-3.3074e-13
-3.22509e-13
-3.24233e-13
-3.18054e-13
-2.9765e-13
-2.88514e-13
-2.79958e-13
-2.72307e-13
-2.71734e-13
-2.6973e-13
-2.59496e-13
-2.57859e-13
-2.55152e-13
-2.43974e-13
-2.40018e-13
-2.39239e-13
-2.28953e-13
-2.18991e-13
-1.96234e-13
-1.95248e-13
-1.91147e-13
-1.96446e-13
-1.89596e-13
-1.7033e-13
-1.52642e-13
-1.46437e-13
-1.32731e-13
-1.2162e-13
-1.16176e-13
-1.10118e-13
-1.05388e-13
-9.40624e-14
-8.83815e-14
-8.40377e-14
-7.79136e-14
-7.24046e-14
-6.9346e-14
-6.56163e-14
-6.15224e-14
-5.99401e-14
-4.53316e-14
-4.00601e-14
-3.56513e-14
-4.31188e-14
-3.9673e-14
-3.19988e-14
-6.53774e-15
-3.71107e-13
-3.7261e-13
-3.70048e-13
-3.70302e-13
-3.76623e-13
-3.72908e-13
-3.77977e-13
-3.75492e-13
-3.74575e-13
-3.72201e-13
-3.75019e-13
-3.79949e-13
-3.79708e-13
-3.90695e-13
-3.97079e-13
-3.96643e-13
-3.92998e-13
-3.92765e-13
-4.04534e-13
-4.04448e-13
-4.16127e-13
-4.20342e-13
-4.17594e-13
-4.20613e-13
-4.20005e-13
-4.18252e-13
-4.15611e-13
-4.1303e-13
-4.08667e-13
-4.01136e-13
-3.97028e-13
-4.03588e-13
-4.15991e-13
-4.15441e-13
-4.07825e-13
-4.06812e-13
-4.03597e-13
-4.01758e-13
-4.03653e-13
-3.9379e-13
-3.90909e-13
-3.82249e-13
-3.83645e-13
-3.7957e-13
-3.68637e-13
-3.64026e-13
-3.6682e-13
-3.67789e-13
-3.53406e-13
-3.48592e-13
-3.42993e-13
-3.4024e-13
-3.29826e-13
-3.24465e-13
-3.17906e-13
-3.25181e-13
-3.2473e-13
-2.96037e-13
-2.82195e-13
-2.80588e-13
-2.78512e-13
-2.71068e-13
-2.69431e-13
-2.61365e-13
-2.54218e-13
-2.56218e-13
-2.49051e-13
-2.44098e-13
-2.33185e-13
-2.22098e-13
-2.12616e-13
-2.05495e-13
-2.00397e-13
-2.00706e-13
-1.8924e-13
-1.80919e-13
-1.73962e-13
-1.52208e-13
-1.45315e-13
-1.33619e-13
-1.24523e-13
-1.16516e-13
-1.09607e-13
-1.02691e-13
-9.6801e-14
-8.9564e-14
-8.57752e-14
-7.95662e-14
-7.20683e-14
-6.84856e-14
-5.69696e-14
-6.28388e-14
-5.72085e-14
-5.00145e-14
-4.1312e-14
-4.14888e-14
-3.44959e-14
-3.84845e-14
-2.60674e-14
-9.34582e-15
-3.70955e-13
-3.78114e-13
-3.77466e-13
-3.79208e-13
-3.80304e-13
-3.7913e-13
-3.7123e-13
-3.74809e-13
-3.76646e-13
-3.71234e-13
-3.72569e-13
-3.88127e-13
-3.86181e-13
-3.88882e-13
-3.93939e-13
-3.90367e-13
-3.97504e-13
-3.96471e-13
-4.03577e-13
-4.04286e-13
-4.11351e-13
-4.19207e-13
-4.16731e-13
-4.17702e-13
-4.19188e-13
-4.10798e-13
-4.06826e-13
-4.0847e-13
-4.10612e-13
-4.0719e-13
-4.00094e-13
-4.00564e-13
-4.10248e-13
-4.10903e-13
-4.1455e-13
-4.15351e-13
-4.06508e-13
-4.04638e-13
-4.0296e-13
-3.97487e-13
-3.93047e-13
-3.79601e-13
-3.72565e-13
-3.78395e-13
-3.72921e-13
-3.7113e-13
-3.68036e-13
-3.62255e-13
-3.53912e-13
-3.49715e-13
-3.42278e-13
-3.41684e-13
-3.3255e-13
-3.27186e-13
-3.22389e-13
-3.17418e-13
-3.07043e-13
-2.87875e-13
-2.86899e-13
-2.82302e-13
-2.77165e-13
-2.69865e-13
-2.6968e-13
-2.65545e-13
-2.48679e-13
-2.48052e-13
-2.41691e-13
-2.42163e-13
-2.41406e-13
-2.27484e-13
-2.09949e-13
-2.02641e-13
-1.9734e-13
-2.00048e-13
-1.84527e-13
-1.78132e-13
-1.68988e-13
-1.56125e-13
-1.46984e-13
-1.35778e-13
-1.26863e-13
-1.17986e-13
-1.13532e-13
-1.0798e-13
-9.94416e-14
-8.28812e-14
-8.03349e-14
-7.94258e-14
-7.17778e-14
-6.57459e-14
-5.84987e-14
-5.63436e-14
-5.42318e-14
-5.36726e-14
-4.36936e-14
-3.98673e-14
-3.43208e-14
-3.26796e-14
-2.96046e-14
-9.30678e-15
-3.74657e-13
-3.79331e-13
-3.78414e-13
-3.79326e-13
-3.79459e-13
-3.83835e-13
-3.78266e-13
-3.79014e-13
-3.79026e-13
-3.74364e-13
-3.75526e-13
-3.86437e-13
-3.87918e-13
-3.88454e-13
-3.88297e-13
-3.94811e-13
-3.95707e-13
-3.95458e-13
-3.95596e-13
-4.0209e-13
-4.05533e-13
-4.1811e-13
-4.21685e-13
-4.23402e-13
-4.19752e-13
-4.09905e-13
-4.0764e-13
-4.03401e-13
-3.99363e-13
-4.05442e-13
-4.07906e-13
-4.0598e-13
-4.08147e-13
-4.08493e-13
-4.17078e-13
-4.16011e-13
-4.09366e-13
-4.07404e-13
-4.0331e-13
-3.99672e-13
-3.91891e-13
-3.81518e-13
-3.79727e-13
-3.84138e-13
-3.67843e-13
-3.6583e-13
-3.65622e-13
-3.60744e-13
-3.55077e-13
-3.53028e-13
-3.45967e-13
-3.43196e-13
-3.3452e-13
-3.25646e-13
-3.16506e-13
-3.086e-13
-2.98886e-13
-2.96251e-13
-2.90016e-13
-2.8135e-13
-2.72356e-13
-2.66553e-13
-2.66601e-13
-2.61681e-13
-2.52311e-13
-2.53245e-13
-2.48135e-13
-2.44205e-13
-2.31674e-13
-2.18499e-13
-2.09826e-13
-1.99058e-13
-1.93531e-13
-1.89562e-13
-1.89463e-13
-1.81311e-13
-1.63297e-13
-1.5348e-13
-1.44975e-13
-1.38503e-13
-1.2672e-13
-1.17844e-13
-1.12811e-13
-1.10394e-13
-1.009e-13
-8.69086e-14
-8.55866e-14
-8.16665e-14
-6.67834e-14
-6.47629e-14
-5.84293e-14
-5.46609e-14
-5.45111e-14
-4.97542e-14
-4.15599e-14
-3.44992e-14
-3.27531e-14
-3.73786e-14
-3.31643e-14
-8.30501e-15
-3.83562e-13
-3.86731e-13
-3.80604e-13
-3.82521e-13
-3.82636e-13
-3.80859e-13
-3.82578e-13
-3.81388e-13
-3.78561e-13
-3.80956e-13
-3.82004e-13
-3.83737e-13
-3.87716e-13
-3.94303e-13
-3.87327e-13
-3.8849e-13
-3.90513e-13
-3.92617e-13
-3.96772e-13
-4.01271e-13
-4.07005e-13
-4.17023e-13
-4.23898e-13
-4.22127e-13
-4.18357e-13
-4.08916e-13
-4.08273e-13
-4.05161e-13
-3.98521e-13
-4.02475e-13
-4.09225e-13
-4.12208e-13
-4.15772e-13
-4.09649e-13
-4.09406e-13
-4.14849e-13
-4.10362e-13
-4.08515e-13
-4.02051e-13
-4.02934e-13
-3.96139e-13
-3.85178e-13
-3.7922e-13
-3.80559e-13
-3.68229e-13
-3.6557e-13
-3.64239e-13
-3.63988e-13
-3.54938e-13
-3.47124e-13
-3.5184e-13
-3.44486e-13
-3.32178e-13
-3.26328e-13
-3.12915e-13
-3.09318e-13
-3.0131e-13
-2.91659e-13
-2.88981e-13
-2.76569e-13
-2.67059e-13
-2.64715e-13
-2.62558e-13
-2.60664e-13
-2.56786e-13
-2.5062e-13
-2.42611e-13
-2.41323e-13
-2.27919e-13
-2.15981e-13
-2.1118e-13
-1.96258e-13
-1.91097e-13
-1.89798e-13
-1.86946e-13
-1.74651e-13
-1.66685e-13
-1.53596e-13
-1.43554e-13
-1.42555e-13
-1.31146e-13
-1.20614e-13
-1.18676e-13
-1.10956e-13
-9.34812e-14
-8.63097e-14
-8.19666e-14
-8.20278e-14
-6.91287e-14
-6.19607e-14
-5.49489e-14
-5.15526e-14
-5.0633e-14
-5.15101e-14
-4.00216e-14
-3.63519e-14
-2.86359e-14
-3.15726e-14
-2.91637e-14
-1.05179e-14
-3.86873e-13
-3.85631e-13
-3.76457e-13
-3.84998e-13
-3.86536e-13
-3.93466e-13
-3.95192e-13
-3.86602e-13
-3.7803e-13
-3.80489e-13
-3.85248e-13
-3.79337e-13
-3.85391e-13
-3.92061e-13
-3.90777e-13
-3.94156e-13
-3.90861e-13
-3.89484e-13
-3.94526e-13
-4.1043e-13
-4.12344e-13
-4.12305e-13
-4.14307e-13
-4.14038e-13
-4.14061e-13
-4.14267e-13
-4.05979e-13
-4.07093e-13
-4.01168e-13
-4.08135e-13
-4.13285e-13
-4.12759e-13
-4.09827e-13
-4.08558e-13
-4.14539e-13
-4.1438e-13
-4.12312e-13
-4.12299e-13
-4.02149e-13
-3.98719e-13
-3.96336e-13
-3.90605e-13
-3.79107e-13
-3.81184e-13
-3.73805e-13
-3.65726e-13
-3.60123e-13
-3.59715e-13
-3.57618e-13
-3.54458e-13
-3.52479e-13
-3.47217e-13
-3.31103e-13
-3.23573e-13
-3.09754e-13
-3.04974e-13
-2.9729e-13
-2.9426e-13
-2.88922e-13
-2.73421e-13
-2.66152e-13
-2.62558e-13
-2.63288e-13
-2.64923e-13
-2.53144e-13
-2.47047e-13
-2.3706e-13
-2.40081e-13
-2.30372e-13
-2.17015e-13
-2.02511e-13
-1.96653e-13
-1.89804e-13
-1.89931e-13
-1.81123e-13
-1.75435e-13
-1.66729e-13
-1.59622e-13
-1.49567e-13
-1.40662e-13
-1.28899e-13
-1.23154e-13
-1.19406e-13
-1.02401e-13
-9.55878e-14
-8.9155e-14
-8.17856e-14
-8.00616e-14
-7.38584e-14
-6.26979e-14
-5.43335e-14
-5.1025e-14
-5.06255e-14
-4.77006e-14
-4.01846e-14
-3.35224e-14
-3.03819e-14
-3.27634e-14
-1.96233e-14
-1.01059e-14
-3.90859e-13
-3.94932e-13
-3.91752e-13
-3.89598e-13
-3.81213e-13
-3.83497e-13
-3.85823e-13
-3.87269e-13
-3.8945e-13
-3.87762e-13
-3.84118e-13
-3.81332e-13
-3.9053e-13
-3.94379e-13
-3.9094e-13
-3.88478e-13
-3.89449e-13
-3.91085e-13
-3.99797e-13
-4.03649e-13
-4.05032e-13
-4.16367e-13
-4.23016e-13
-4.17244e-13
-4.1437e-13
-4.10161e-13
-4.05019e-13
-4.07598e-13
-4.06715e-13
-4.07989e-13
-4.08209e-13
-4.08512e-13
-4.10555e-13
-4.11484e-13
-4.13692e-13
-4.14382e-13
-4.08572e-13
-4.08587e-13
-4.0495e-13
-4.037e-13
-3.99247e-13
-3.90107e-13
-3.80369e-13
-3.81385e-13
-3.73653e-13
-3.68e-13
-3.59388e-13
-3.61342e-13
-3.63725e-13
-3.61928e-13
-3.49535e-13
-3.43835e-13
-3.31766e-13
-3.26405e-13
-3.14709e-13
-3.05126e-13
-2.92254e-13
-2.92249e-13
-2.88615e-13
-2.72541e-13
-2.63715e-13
-2.60996e-13
-2.61217e-13
-2.56073e-13
-2.49078e-13
-2.49165e-13
-2.47578e-13
-2.40719e-13
-2.25258e-13
-2.10496e-13
-2.0078e-13
-1.97457e-13
-1.94153e-13
-1.8925e-13
-1.78388e-13
-1.75749e-13
-1.63035e-13
-1.62431e-13
-1.50309e-13
-1.41575e-13
-1.35536e-13
-1.2508e-13
-1.22161e-13
-1.0542e-13
-9.55507e-14
-8.57992e-14
-7.8909e-14
-7.93095e-14
-7.0112e-14
-5.97261e-14
-5.6104e-14
-5.2953e-14
-4.93196e-14
-4.3622e-14
-3.36364e-14
-3.5196e-14
-3.51547e-14
-3.3156e-14
-2.32681e-14
-7.71285e-15
-3.96503e-13
-3.93031e-13
-3.85018e-13
-3.92948e-13
-3.89152e-13
-3.9203e-13
-3.94983e-13
-3.86285e-13
-3.86063e-13
-3.86892e-13
-3.83583e-13
-3.91811e-13
-3.90708e-13
-3.93707e-13
-3.94034e-13
-3.94521e-13
-3.88804e-13
-3.88408e-13
-3.99062e-13
-4.06289e-13
-4.08952e-13
-4.17019e-13
-4.21399e-13
-4.17263e-13
-4.17344e-13
-4.10161e-13
-4.0284e-13
-4.03549e-13
-4.09467e-13
-4.13172e-13
-4.05704e-13
-4.04879e-13
-4.10248e-13
-4.09518e-13
-4.14852e-13
-4.16369e-13
-4.11099e-13
-4.06178e-13
-4.05623e-13
-4.02207e-13
-4.00466e-13
-3.90652e-13
-3.83277e-13
-3.77392e-13
-3.77065e-13
-3.72394e-13
-3.65112e-13
-3.6102e-13
-3.59319e-13
-3.56489e-13
-3.52883e-13
-3.45854e-13
-3.31572e-13
-3.23021e-13
-3.1592e-13
-3.0754e-13
-2.91333e-13
-2.87909e-13
-2.83525e-13
-2.73934e-13
-2.6221e-13
-2.52673e-13
-2.57709e-13
-2.52895e-13
-2.48583e-13
-2.44016e-13
-2.44916e-13
-2.39477e-13
-2.24476e-13
-2.08889e-13
-2.09406e-13
-2.01303e-13
-1.95029e-13
-1.9038e-13
-1.79716e-13
-1.76563e-13
-1.61361e-13
-1.58841e-13
-1.48889e-13
-1.42953e-13
-1.35213e-13
-1.31157e-13
-1.19194e-13
-1.09397e-13
-9.60043e-14
-8.78851e-14
-8.22788e-14
-7.6369e-14
-6.88642e-14
-6.27689e-14
-5.53235e-14
-5.30853e-14
-4.67062e-14
-4.20753e-14
-3.70243e-14
-2.76272e-14
-3.2472e-14
-3.73845e-14
-2.21221e-14
-5.20983e-15
-4.00163e-13
-3.97654e-13
-3.95304e-13
-3.93433e-13
-3.89862e-13
-3.87604e-13
-3.93291e-13
-3.92691e-13
-3.90751e-13
-3.91149e-13
-3.9052e-13
-3.94693e-13
-3.93226e-13
-3.90408e-13
-3.86295e-13
-3.89757e-13
-3.92391e-13
-3.97281e-13
-4.01458e-13
-4.05146e-13
-4.01337e-13
-4.16688e-13
-4.20611e-13
-4.15135e-13
-4.13346e-13
-4.11986e-13
-4.02876e-13
-4.09066e-13
-4.1382e-13
-4.1045e-13
-4.06791e-13
-4.09898e-13
-4.04523e-13
-4.05696e-13
-4.16493e-13
-4.15232e-13
-4.10333e-13
-4.10219e-13
-4.03941e-13
-3.99194e-13
-4.01139e-13
-3.9412e-13
-3.83402e-13
-3.75727e-13
-3.69354e-13
-3.6638e-13
-3.68881e-13
-3.67787e-13
-3.63852e-13
-3.60376e-13
-3.54858e-13
-3.42227e-13
-3.3095e-13
-3.24101e-13
-3.13046e-13
-3.02996e-13
-3.00003e-13
-2.94018e-13
-2.78274e-13
-2.65927e-13
-2.58059e-13
-2.53324e-13
-2.53187e-13
-2.51762e-13
-2.49851e-13
-2.43205e-13
-2.37771e-13
-2.39684e-13
-2.22322e-13
-2.09128e-13
-2.03873e-13
-1.93158e-13
-1.97176e-13
-1.95153e-13
-1.86747e-13
-1.74879e-13
-1.63567e-13
-1.59149e-13
-1.43009e-13
-1.41247e-13
-1.3434e-13
-1.29481e-13
-1.2217e-13
-1.11475e-13
-1.00226e-13
-9.14491e-14
-8.26367e-14
-7.85963e-14
-7.047e-14
-6.4008e-14
-5.45887e-14
-5.17089e-14
-4.4592e-14
-3.85407e-14
-3.14062e-14
-2.46948e-14
-3.05807e-14
-2.92567e-14
-1.55929e-14
-6.89168e-15
-3.97442e-13
-3.98034e-13
-3.95238e-13
-3.98377e-13
-3.9417e-13
-3.91019e-13
-3.89231e-13
-3.90678e-13
-3.98294e-13
-3.96667e-13
-3.9881e-13
-3.96168e-13
-3.8987e-13
-3.90085e-13
-3.8998e-13
-3.92542e-13
-3.95408e-13
-4.00908e-13
-4.02353e-13
-4.03813e-13
-4.01106e-13
-4.15494e-13
-4.14333e-13
-4.19049e-13
-4.18828e-13
-4.17151e-13
-4.06959e-13
-4.04031e-13
-4.00776e-13
-4.03718e-13
-4.11508e-13
-4.11714e-13
-4.13155e-13
-4.15103e-13
-4.22083e-13
-4.10232e-13
-4.13315e-13
-4.11056e-13
-4.02257e-13
-3.9863e-13
-4.01309e-13
-3.98304e-13
-3.92153e-13
-3.79819e-13
-3.72384e-13
-3.69417e-13
-3.67435e-13
-3.68273e-13
-3.70874e-13
-3.60264e-13
-3.49375e-13
-3.33395e-13
-3.30534e-13
-3.27004e-13
-3.16102e-13
-3.01506e-13
-2.98771e-13
-2.88094e-13
-2.76441e-13
-2.64304e-13
-2.53325e-13
-2.48879e-13
-2.4772e-13
-2.47218e-13
-2.41151e-13
-2.38493e-13
-2.37897e-13
-2.31388e-13
-2.22009e-13
-2.13159e-13
-2.09533e-13
-2.00073e-13
-1.92994e-13
-1.88477e-13
-1.86894e-13
-1.75373e-13
-1.62909e-13
-1.56673e-13
-1.42699e-13
-1.36941e-13
-1.36334e-13
-1.35422e-13
-1.21264e-13
-1.05833e-13
-9.9052e-14
-9.30583e-14
-8.56233e-14
-8.0762e-14
-7.47072e-14
-6.31521e-14
-5.53654e-14
-5.05524e-14
-4.38409e-14
-3.89531e-14
-3.42246e-14
-2.70162e-14
-2.83031e-14
-2.37883e-14
-1.76555e-14
-3.56025e-15
-4.02143e-13
-3.96961e-13
-3.97447e-13
-3.9843e-13
-3.9469e-13
-3.91094e-13
-3.89669e-13
-3.91803e-13
-3.93473e-13
-4.00064e-13
-4.06685e-13
-4.08137e-13
-3.95022e-13
-3.87265e-13
-3.94081e-13
-3.95127e-13
-3.99086e-13
-3.97767e-13
-3.98154e-13
-3.99605e-13
-4.00922e-13
-4.1401e-13
-4.21003e-13
-4.21172e-13
-4.13364e-13
-4.11216e-13
-4.08295e-13
-4.07055e-13
-4.07057e-13
-4.02744e-13
-4.16108e-13
-4.15319e-13
-4.13252e-13
-4.08916e-13
-4.12085e-13
-4.14944e-13
-4.21269e-13
-4.20964e-13
-4.0761e-13
-4.00944e-13
-3.9939e-13
-3.94312e-13
-3.88096e-13
-3.73375e-13
-3.68056e-13
-3.73038e-13
-3.72384e-13
-3.73601e-13
-3.68055e-13
-3.55212e-13
-3.52455e-13
-3.3939e-13
-3.31488e-13
-3.2273e-13
-3.10166e-13
-2.97998e-13
-2.92752e-13
-2.85382e-13
-2.73788e-13
-2.64741e-13
-2.52439e-13
-2.55523e-13
-2.53888e-13
-2.43805e-13
-2.36006e-13
-2.32002e-13
-2.2953e-13
-2.25456e-13
-2.18631e-13
-2.13185e-13
-2.07293e-13
-2.01434e-13
-2.04865e-13
-1.97336e-13
-1.85091e-13
-1.6776e-13
-1.58892e-13
-1.50571e-13
-1.46231e-13
-1.4026e-13
-1.33587e-13
-1.26475e-13
-1.15042e-13
-1.07111e-13
-1.04732e-13
-9.99664e-14
-9.00415e-14
-8.74338e-14
-7.89295e-14
-6.72286e-14
-5.43799e-14
-5.26337e-14
-4.45813e-14
-3.60145e-14
-3.58789e-14
-2.78477e-14
-2.41069e-14
-1.88379e-14
-1.20791e-14
-4.16028e-15
-3.98046e-13
-4.06465e-13
-3.97841e-13
-3.96738e-13
-3.97581e-13
-3.93258e-13
-3.93015e-13
-3.94983e-13
-4.08673e-13
-4.02486e-13
-4.02742e-13
-3.97301e-13
-3.93645e-13
-3.94072e-13
-3.9356e-13
-3.88377e-13
-3.98994e-13
-4.10561e-13
-4.08522e-13
-4.10597e-13
-4.08244e-13
-4.11017e-13
-4.08062e-13
-4.09218e-13
-4.11059e-13
-4.09752e-13
-4.09126e-13
-4.12766e-13
-4.06328e-13
-4.03808e-13
-4.10971e-13
-4.17956e-13
-4.20773e-13
-4.14877e-13
-4.12293e-13
-4.17173e-13
-4.1386e-13
-4.19473e-13
-4.0943e-13
-4.06809e-13
-3.99282e-13
-3.92367e-13
-3.82317e-13
-3.79037e-13
-3.75235e-13
-3.74452e-13
-3.7192e-13
-3.70768e-13
-3.66962e-13
-3.52431e-13
-3.47718e-13
-3.37101e-13
-3.32195e-13
-3.22839e-13
-3.04885e-13
-2.96295e-13
-2.83909e-13
-2.88481e-13
-2.74416e-13
-2.65024e-13
-2.53612e-13
-2.48874e-13
-2.40916e-13
-2.33191e-13
-2.3783e-13
-2.34257e-13
-2.3074e-13
-2.19064e-13
-2.15583e-13
-2.12995e-13
-2.09469e-13
-2.06578e-13
-2.02076e-13
-1.91701e-13
-1.83731e-13
-1.70737e-13
-1.59852e-13
-1.5197e-13
-1.45249e-13
-1.34006e-13
-1.29462e-13
-1.25802e-13
-1.17969e-13
-1.14757e-13
-1.07635e-13
-9.46479e-14
-8.82958e-14
-8.59148e-14
-8.13535e-14
-7.12014e-14
-6.19743e-14
-5.19217e-14
-4.46465e-14
-3.47626e-14
-3.3983e-14
-2.95861e-14
-2.1392e-14
-1.682e-14
-8.7217e-15
-4.95717e-15
-3.97117e-13
-4.02659e-13
-4.01637e-13
-3.97914e-13
-3.98117e-13
-3.96411e-13
-3.91013e-13
-3.86843e-13
-4.03885e-13
-4.07075e-13
-4.08175e-13
-4.05679e-13
-3.97433e-13
-3.96457e-13
-3.95223e-13
-3.90744e-13
-4.01451e-13
-4.10811e-13
-3.97665e-13
-4.0079e-13
-4.07219e-13
-4.11935e-13
-4.11148e-13
-4.13007e-13
-4.14329e-13
-4.08267e-13
-4.07637e-13
-4.06301e-13
-4.07417e-13
-4.1558e-13
-4.24909e-13
-4.12879e-13
-4.10984e-13
-4.07293e-13
-4.13213e-13
-4.2375e-13
-4.29056e-13
-4.22923e-13
-4.1093e-13
-4.00726e-13
-3.95419e-13
-3.91088e-13
-3.86796e-13
-3.7667e-13
-3.68266e-13
-3.72897e-13
-3.74818e-13
-3.76473e-13
-3.62824e-13
-3.56444e-13
-3.44156e-13
-3.28609e-13
-3.24712e-13
-3.179e-13
-3.10516e-13
-2.97162e-13
-2.84198e-13
-2.83574e-13
-2.75416e-13
-2.65722e-13
-2.51064e-13
-2.43451e-13
-2.37267e-13
-2.31912e-13
-2.32251e-13
-2.35421e-13
-2.29999e-13
-2.21085e-13
-2.18717e-13
-2.08951e-13
-2.10987e-13
-2.08668e-13
-2.02119e-13
-1.95455e-13
-1.87842e-13
-1.66661e-13
-1.53066e-13
-1.46199e-13
-1.42658e-13
-1.37219e-13
-1.34103e-13
-1.27497e-13
-1.16834e-13
-1.10286e-13
-1.03143e-13
-9.85266e-14
-9.08396e-14
-8.62557e-14
-8.47252e-14
-7.60284e-14
-6.25278e-14
-5.60394e-14
-4.72703e-14
-3.64491e-14
-3.15915e-14
-3.06826e-14
-2.5001e-14
-1.3808e-14
-4.44858e-15
-5.20003e-15
-3.97048e-13
-4.02427e-13
-3.99904e-13
-3.9994e-13
-3.99164e-13
-3.94438e-13
-3.96669e-13
-3.93944e-13
-4.00754e-13
-4.07174e-13
-4.07454e-13
-4.05567e-13
-4.00534e-13
-3.97253e-13
-3.97336e-13
-3.95249e-13
-3.93196e-13
-4.07116e-13
-4.07133e-13
-4.05966e-13
-4.05168e-13
-4.04537e-13
-4.08527e-13
-4.13099e-13
-4.17914e-13
-4.05112e-13
-4.06729e-13
-4.11272e-13
-4.15383e-13
-4.15298e-13
-4.1726e-13
-4.07551e-13
-4.12604e-13
-4.14203e-13
-4.16158e-13
-4.24063e-13
-4.24386e-13
-4.22646e-13
-4.099e-13
-3.99975e-13
-3.96243e-13
-3.89451e-13
-3.85413e-13
-3.82898e-13
-3.76081e-13
-3.7535e-13
-3.75755e-13
-3.70348e-13
-3.59968e-13
-3.51144e-13
-3.42214e-13
-3.30749e-13
-3.22849e-13
-3.22895e-13
-3.12861e-13
-2.93015e-13
-2.81091e-13
-2.78283e-13
-2.74231e-13
-2.63375e-13
-2.51915e-13
-2.46311e-13
-2.39313e-13
-2.28813e-13
-2.27269e-13
-2.29472e-13
-2.29321e-13
-2.20777e-13
-2.1716e-13
-2.08882e-13
-2.12334e-13
-2.15121e-13
-2.01603e-13
-1.90289e-13
-1.78933e-13
-1.63277e-13
-1.56301e-13
-1.47472e-13
-1.42692e-13
-1.37806e-13
-1.35418e-13
-1.29812e-13
-1.19668e-13
-1.11796e-13
-9.98746e-14
-9.41848e-14
-9.30792e-14
-9.2951e-14
-8.317e-14
-7.48486e-14
-6.39217e-14
-6.09564e-14
-4.9525e-14
-4.22916e-14
-3.23574e-14
-3.00575e-14
-2.14491e-14
-1.07924e-14
-4.19324e-15
-3.73539e-15
-3.97926e-13
-4.04641e-13
-3.98944e-13
-3.96263e-13
-3.96693e-13
-3.96401e-13
-3.96776e-13
-3.92513e-13
-3.96483e-13
-4.05297e-13
-4.12482e-13
-4.05659e-13
-3.99223e-13
-3.99963e-13
-3.97648e-13
-3.98584e-13
-4.01011e-13
-4.05484e-13
-4.03224e-13
-4.05388e-13
-4.0247e-13
-3.94517e-13
-4.06156e-13
-4.14873e-13
-4.18903e-13
-4.13848e-13
-4.11716e-13
-4.10831e-13
-4.12445e-13
-4.14785e-13
-4.17048e-13
-4.12711e-13
-4.18395e-13
-4.1945e-13
-4.1608e-13
-4.24306e-13
-4.19857e-13
-4.18378e-13
-4.08657e-13
-4.01879e-13
-3.97649e-13
-3.8708e-13
-3.87881e-13
-3.85789e-13
-3.79762e-13
-3.74157e-13
-3.77381e-13
-3.67574e-13
-3.59987e-13
-3.52791e-13
-3.3878e-13
-3.28672e-13
-3.22026e-13
-3.20391e-13
-3.12757e-13
-2.9391e-13
-2.79446e-13
-2.80489e-13
-2.73547e-13
-2.60578e-13
-2.50281e-13
-2.44662e-13
-2.36869e-13
-2.22535e-13
-2.23557e-13
-2.31204e-13
-2.34856e-13
-2.1806e-13
-2.16395e-13
-2.10328e-13
-2.09901e-13
-2.09428e-13
-1.976e-13
-1.89441e-13
-1.75214e-13
-1.67408e-13
-1.58761e-13
-1.55203e-13
-1.4263e-13
-1.36086e-13
-1.2892e-13
-1.25397e-13
-1.18769e-13
-1.1214e-13
-1.02804e-13
-9.37023e-14
-9.56994e-14
-9.55049e-14
-8.79605e-14
-7.9138e-14
-6.61978e-14
-5.86734e-14
-5.24299e-14
-4.38263e-14
-3.43326e-14
-2.73397e-14
-2.3625e-14
-8.67885e-15
-4.86801e-15
-2.19187e-15
-3.99028e-13
-4.03463e-13
-4.00882e-13
-3.90693e-13
-3.91589e-13
-3.96653e-13
-3.97906e-13
-3.97973e-13
-3.97204e-13
-3.9842e-13
-4.08107e-13
-4.12298e-13
-4.06368e-13
-4.02873e-13
-3.9026e-13
-4.00169e-13
-3.98503e-13
-4.05474e-13
-4.03819e-13
-4.054e-13
-4.06432e-13
-4.02e-13
-4.08784e-13
-4.13881e-13
-4.13673e-13
-4.0946e-13
-4.08184e-13
-4.10737e-13
-4.16297e-13
-4.14705e-13
-4.1718e-13
-4.15258e-13
-4.19601e-13
-4.22344e-13
-4.20548e-13
-4.21833e-13
-4.1561e-13
-4.14053e-13
-4.09469e-13
-4.06834e-13
-3.987e-13
-3.91036e-13
-3.89376e-13
-3.84649e-13
-3.72819e-13
-3.74069e-13
-3.81385e-13
-3.662e-13
-3.61523e-13
-3.57447e-13
-3.42614e-13
-3.28323e-13
-3.21822e-13
-3.11258e-13
-3.04507e-13
-2.96636e-13
-2.8212e-13
-2.80303e-13
-2.69663e-13
-2.64305e-13
-2.49646e-13
-2.42256e-13
-2.30413e-13
-2.20001e-13
-2.21991e-13
-2.27668e-13
-2.34875e-13
-2.28301e-13
-2.20094e-13
-2.09076e-13
-2.03594e-13
-2.04392e-13
-1.97071e-13
-1.8383e-13
-1.7148e-13
-1.6495e-13
-1.57599e-13
-1.52621e-13
-1.45023e-13
-1.39911e-13
-1.35901e-13
-1.26503e-13
-1.15395e-13
-1.11083e-13
-1.0677e-13
-1.00345e-13
-9.50939e-14
-8.77192e-14
-8.57263e-14
-8.46649e-14
-7.19973e-14
-6.15861e-14
-5.12676e-14
-4.42187e-14
-3.65299e-14
-2.89846e-14
-2.2183e-14
-1.19313e-14
-7.94929e-15
-1.56469e-15
-4.01592e-13
-4.02073e-13
-3.99049e-13
-3.91991e-13
-3.88331e-13
-3.91152e-13
-3.9895e-13
-4.00017e-13
-4.04032e-13
-4.01699e-13
-4.06913e-13
-4.02385e-13
-4.07439e-13
-4.02139e-13
-4.00286e-13
-4.00711e-13
-4.0915e-13
-4.08919e-13
-4.01711e-13
-4.0255e-13
-4.01721e-13
-4.03589e-13
-4.09812e-13
-4.09291e-13
-4.07734e-13
-4.12623e-13
-4.13063e-13
-4.13303e-13
-4.20185e-13
-4.1932e-13
-4.14984e-13
-4.09386e-13
-4.18975e-13
-4.2295e-13
-4.26282e-13
-4.24847e-13
-4.13944e-13
-4.10159e-13
-4.07468e-13
-4.04495e-13
-3.97728e-13
-3.94983e-13
-3.9462e-13
-3.90862e-13
-3.77113e-13
-3.70421e-13
-3.72993e-13
-3.69777e-13
-3.61644e-13
-3.55384e-13
-3.46003e-13
-3.32873e-13
-3.25088e-13
-3.09037e-13
-3.03669e-13
-2.96185e-13
-2.85931e-13
-2.73539e-13
-2.64663e-13
-2.61261e-13
-2.51166e-13
-2.38734e-13
-2.36842e-13
-2.25833e-13
-2.24089e-13
-2.2818e-13
-2.25098e-13
-2.20262e-13
-2.15172e-13
-2.11258e-13
-2.08835e-13
-2.05345e-13
-1.95906e-13
-1.85933e-13
-1.78506e-13
-1.68788e-13
-1.57215e-13
-1.51961e-13
-1.4486e-13
-1.37053e-13
-1.30836e-13
-1.28154e-13
-1.1658e-13
-1.158e-13
-1.03866e-13
-9.71473e-14
-9.7989e-14
-9.14355e-14
-8.74136e-14
-7.98144e-14
-7.25821e-14
-6.18965e-14
-5.13406e-14
-4.39097e-14
-3.63512e-14
-2.92185e-14
-2.13777e-14
-1.12463e-14
-2.43755e-15
-3.03045e-15
-4.00022e-13
-3.98956e-13
-3.98229e-13
-3.90388e-13
-3.89046e-13
-3.94373e-13
-3.97714e-13
-4.00611e-13
-4.0003e-13
-4.00783e-13
-4.12329e-13
-4.0885e-13
-4.0439e-13
-3.94489e-13
-3.98776e-13
-4.0691e-13
-4.06303e-13
-4.01284e-13
-4.03049e-13
-4.04314e-13
-4.06021e-13
-4.0816e-13
-4.06927e-13
-4.08719e-13
-4.13418e-13
-4.17463e-13
-4.14239e-13
-4.12496e-13
-4.16036e-13
-4.17275e-13
-4.16289e-13
-4.14997e-13
-4.19324e-13
-4.2182e-13
-4.24763e-13
-4.15098e-13
-4.12028e-13
-4.11152e-13
-4.09711e-13
-4.01323e-13
-4.05292e-13
-4.00035e-13
-3.92332e-13
-3.90519e-13
-3.79456e-13
-3.7336e-13
-3.73531e-13
-3.7039e-13
-3.63962e-13
-3.58984e-13
-3.4963e-13
-3.30531e-13
-3.22023e-13
-3.09644e-13
-3.01457e-13
-2.90432e-13
-2.87779e-13
-2.70325e-13
-2.61598e-13
-2.60413e-13
-2.48039e-13
-2.42196e-13
-2.3353e-13
-2.27574e-13
-2.29974e-13
-2.27426e-13
-2.24929e-13
-2.17696e-13
-2.12394e-13
-2.11805e-13
-2.04661e-13
-2.01668e-13
-1.9467e-13
-1.88997e-13
-1.79726e-13
-1.70886e-13
-1.6042e-13
-1.51758e-13
-1.44683e-13
-1.35059e-13
-1.29661e-13
-1.25745e-13
-1.16708e-13
-1.17662e-13
-1.05604e-13
-1.00046e-13
-1.00759e-13
-9.56242e-14
-8.93607e-14
-7.56084e-14
-6.98245e-14
-6.09285e-14
-5.20959e-14
-4.65026e-14
-3.66503e-14
-2.54657e-14
-1.96028e-14
-7.48456e-15
-6.47023e-15
-3.56567e-16
-3.99032e-13
-3.9721e-13
-3.99257e-13
-3.89031e-13
-3.9047e-13
-3.94544e-13
-3.98934e-13
-3.98492e-13
-4.01219e-13
-4.06144e-13
-4.13895e-13
-4.03278e-13
-4.03621e-13
-4.02542e-13
-4.02181e-13
-4.08118e-13
-4.02112e-13
-4.02531e-13
-4.05257e-13
-3.97891e-13
-4.06997e-13
-4.10821e-13
-4.05389e-13
-4.04203e-13
-4.08841e-13
-4.19188e-13
-4.18552e-13
-4.18803e-13
-4.16545e-13
-4.0814e-13
-4.11193e-13
-4.11908e-13
-4.21086e-13
-4.26436e-13
-4.26146e-13
-4.21328e-13
-4.13857e-13
-4.09767e-13
-4.03116e-13
-3.98443e-13
-4.02619e-13
-4.01852e-13
-3.90269e-13
-3.89049e-13
-3.78021e-13
-3.78514e-13
-3.74366e-13
-3.7176e-13
-3.646e-13
-3.58618e-13
-3.44872e-13
-3.36502e-13
-3.25e-13
-3.11916e-13
-3.03033e-13
-2.89977e-13
-2.83167e-13
-2.67827e-13
-2.62046e-13
-2.57091e-13
-2.53079e-13
-2.44215e-13
-2.31995e-13
-2.31114e-13
-2.2969e-13
-2.2774e-13
-2.19281e-13
-2.14555e-13
-2.11106e-13
-2.12364e-13
-2.07566e-13
-2.01054e-13
-1.93407e-13
-1.90513e-13
-1.83335e-13
-1.68655e-13
-1.64025e-13
-1.58974e-13
-1.46003e-13
-1.28385e-13
-1.26776e-13
-1.19831e-13
-1.16124e-13
-1.18425e-13
-1.07963e-13
-1.01863e-13
-9.91224e-14
-9.33545e-14
-9.04769e-14
-7.54876e-14
-6.7363e-14
-6.17742e-14
-5.06613e-14
-4.39833e-14
-3.9734e-14
-2.70118e-14
-1.71488e-14
-9.8354e-15
2.18313e-16
1.3834e-15
)
;

boundaryField
{
    inlet
    {
        type            zeroGradient;
    }
    outlet
    {
        type            fixedValue;
        value           uniform 0;
    }
    down
    {
        type            empty;
    }
    up
    {
        type            empty;
    }
    sides
    {
        type            zeroGradient;
    }
}

