/*--------------------------------*- C++ -*----------------------------------*\
| =========                 |                                                 |
| \\      /  F ield         | OpenFOAM: The Open Source CFD Toolbox           |
|  \\    /   O peration     | Version:  v2012                                 |
|   \\  /    A nd           | Website:  www.openfoam.com                      |
|    \\/     M anipulation  |                                                 |
\*---------------------------------------------------------------------------*/
FoamFile
{
    version     2.0;
    format      ascii;
    class       volVectorField;
    location    "0";
    object      uRec;
}
// * * * * * * * * * * * * * * * * * * * * * * * * * * * * * * * * * * * * * //

dimensions      [0 1 -1 0 0 0 0];


internalField   nonuniform List<vector> 
4000
(
(1 1.48156e-15 0)
(1 4.52038e-16 0)
(1 -1.54157e-15 0)
(1 7.75937e-17 0)
(1 1.18811e-16 0)
(1 2.68448e-16 0)
(1 2.2145e-15 0)
(1 -8.70677e-16 0)
(1 3.21074e-15 0)
(1 -4.98008e-16 0)
(1 -3.27137e-15 0)
(1 1.325e-16 0)
(1 1.41015e-15 0)
(1 8.68251e-16 0)
(1 -1.10803e-15 0)
(1 7.25939e-16 0)
(1 -1.29685e-16 0)
(1 -5.13937e-16 0)
(1 1.7776e-15 0)
(1 1.70007e-15 0)
(1 4.13805e-16 0)
(1 1.65722e-15 0)
(1 -1.53462e-15 0)
(1 1.18106e-15 0)
(1 -1.15769e-15 0)
(1 -5.63117e-16 0)
(1 4.23832e-16 0)
(1 -1.39251e-15 0)
(1 -1.76915e-16 0)
(1 -2.16204e-16 0)
(1 1.51865e-15 0)
(1 2.17994e-15 0)
(1 -6.79283e-16 0)
(1 -6.82374e-16 0)
(1 7.17893e-17 0)
(1 -7.47763e-16 0)
(1 -7.18823e-16 0)
(1 1.68952e-15 0)
(1 1.01141e-15 0)
(1 -1.18689e-15 0)
(1 2.79492e-16 0)
(1 -1.70006e-15 0)
(1 -4.25638e-16 0)
(1 2.20025e-15 0)
(1 1.56722e-15 0)
(1 -1.06972e-15 0)
(1 6.3536e-16 0)
(1 -2.18945e-16 0)
(1 6.14572e-16 0)
(1 -1.4907e-16 0)
(1 4.15746e-17 0)
(1 7.44622e-16 0)
(1 7.55186e-16 0)
(1 2.74424e-15 0)
(1 1.85095e-15 0)
(1 1.99699e-15 0)
(1 5.59295e-16 0)
(1 2.30165e-17 0)
(1 -3.10961e-17 0)
(1 4.11817e-16 0)
(1 -1.1956e-15 0)
(1 -1.19075e-15 0)
(1 -7.30599e-16 0)
(1 6.22923e-16 0)
(1 5.7751e-16 0)
(1 5.12923e-16 0)
(1 -1.72127e-16 0)
(1 -3.85163e-16 0)
(1 3.7479e-16 0)
(1 -8.39251e-16 0)
(1 -3.82556e-16 0)
(1 3.12397e-16 0)
(1 -3.2032e-16 0)
(1 -3.00346e-16 0)
(1 -1.16064e-15 0)
(1 -1.50219e-15 0)
(1 -4.39201e-16 0)
(1 -4.49942e-17 0)
(1 1.65695e-16 0)
(1 8.98546e-16 0)
(1 6.51037e-16 0)
(1 1.09904e-15 0)
(1 -8.46213e-16 0)
(1 7.73128e-17 0)
(1 -1.14839e-15 0)
(1 -8.26333e-16 0)
(1 1.09619e-15 0)
(1 1.00442e-15 0)
(1 4.17017e-16 0)
(1 1.03837e-15 0)
(1 2.32544e-16 0)
(1 4.04437e-17 0)
(1 1.16416e-15 0)
(1 1.43082e-15 0)
(1 -3.00543e-16 0)
(1 -4.95494e-16 0)
(1 5.01815e-16 0)
(1 4.21125e-16 0)
(1 -5.0476e-16 0)
(1 -4.88764e-16 0)
(1 1.05739e-15 0)
(1 1.96791e-15 0)
(1 -1.54253e-15 0)
(1 -6.40399e-17 0)
(1 -9.86563e-16 0)
(1 1.21736e-15 0)
(1 2.51961e-15 0)
(1 -3.50212e-16 0)
(1 3.22286e-15 0)
(1 1.23447e-15 0)
(1 -1.32527e-15 0)
(1 -8.42817e-16 0)
(1 6.95041e-16 0)
(1 -4.32532e-16 0)
(1 -1.43567e-15 0)
(1 2.79643e-15 0)
(1 1.19575e-15 0)
(1 4.22563e-16 0)
(1 2.03033e-15 0)
(1 1.55842e-15 0)
(1 6.92689e-16 0)
(1 1.30402e-15 0)
(1 -1.40646e-15 0)
(1 8.71197e-16 0)
(1 -1.33386e-15 0)
(1 2.93324e-16 0)
(1 2.19017e-15 0)
(1 -2.28681e-15 0)
(1 4.71708e-17 0)
(1 3.36613e-16 0)
(1 1.94138e-16 0)
(1 2.16453e-15 0)
(1 -2.07282e-15 0)
(1 -1.90643e-16 0)
(1 1.32839e-15 0)
(1 2.25563e-17 0)
(1 9.56182e-16 0)
(1 3.17764e-15 0)
(1 -6.20075e-16 0)
(1 -1.99056e-15 0)
(1 -1.84087e-15 0)
(1 -1.57421e-15 0)
(1 -1.89941e-16 0)
(1 2.49177e-15 0)
(1 1.49682e-15 0)
(1 -3.11251e-16 0)
(1 2.2166e-15 0)
(1 2.34587e-15 0)
(1 2.74937e-15 0)
(1 1.75732e-15 0)
(1 1.35295e-15 0)
(1 1.48175e-16 0)
(1 1.06695e-15 0)
(1 1.06509e-15 0)
(1 1.75252e-15 0)
(1 7.51968e-16 0)
(1 1.45933e-15 0)
(1 1.70198e-15 0)
(1 1.21381e-15 0)
(1 -1.0359e-15 0)
(1 8.73165e-16 0)
(1 8.68933e-16 0)
(1 -1.37036e-16 0)
(1 8.62172e-16 0)
(1 2.73844e-16 0)
(1 1.61324e-15 0)
(1 -1.37427e-15 0)
(1 -9.14307e-16 0)
(1 8.65943e-16 0)
(1 -5.79451e-16 0)
(1 -8.22851e-16 0)
(1 4.03257e-16 0)
(1 1.60794e-15 0)
(1 3.81691e-16 0)
(1 4.36778e-16 0)
(1 -7.66106e-16 0)
(1 3.82335e-16 0)
(1 1.2107e-15 0)
(1 -7.61041e-17 0)
(1 2.26342e-15 0)
(1 1.70265e-15 0)
(1 9.73536e-16 0)
(1 5.4847e-16 0)
(1 -4.76026e-16 0)
(1 -7.398e-16 0)
(1 -1.15061e-15 0)
(1 3.40012e-17 0)
(1 1.21929e-15 0)
(1 7.40825e-16 0)
(1 1.91554e-15 0)
(1 5.06173e-16 0)
(1 -3.34604e-16 0)
(1 2.17911e-15 0)
(1 1.88937e-15 0)
(1 -1.55473e-15 0)
(1 -3.24828e-16 0)
(1 1.07679e-15 0)
(1 -7.41399e-16 0)
(1 -1.1357e-15 0)
(1 -9.85922e-16 0)
(1 -1.24691e-15 0)
(1 3.35887e-15 0)
(1 -1.51539e-15 0)
(1 7.95924e-16 0)
(1 -6.82906e-16 0)
(1 1.2474e-15 0)
(1 2.29438e-15 0)
(1 4.65769e-15 0)
(1 -4.61016e-16 0)
(1 -2.65972e-16 0)
(1 6.76414e-16 0)
(1 1.85662e-15 0)
(1 1.68667e-15 0)
(1 1.0512e-16 0)
(1 2.98943e-16 0)
(1 1.88992e-15 0)
(1 2.14123e-15 0)
(1 3.13176e-15 0)
(1 4.6223e-16 0)
(1 8.56688e-16 0)
(1 4.95555e-16 0)
(1 -1.7887e-15 0)
(1 2.3539e-16 0)
(1 -7.53974e-17 0)
(1 3.26266e-15 0)
(1 2.44645e-15 0)
(1 2.88813e-15 0)
(1 -1.42148e-15 0)
(1 1.84069e-16 0)
(1 8.28959e-16 0)
(1 -2.20573e-16 0)
(1 -1.34537e-15 0)
(1 -3.71919e-16 0)
(1 3.62569e-16 0)
(1 -2.45593e-16 0)
(1 1.41753e-15 0)
(1 2.22275e-16 0)
(1 3.40426e-15 0)
(1 2.45839e-15 0)
(1 -1.63148e-15 0)
(1 -4.95794e-16 0)
(1 -2.33159e-16 0)
(1 7.49841e-16 0)
(1 2.75841e-16 0)
(1 1.45347e-15 0)
(1 4.83407e-16 0)
(1 2.14974e-15 0)
(1 4.36496e-15 0)
(1 3.43193e-15 0)
(1 2.26909e-15 0)
(1 3.56121e-15 0)
(1 1.2408e-15 0)
(1 2.25286e-15 0)
(1 -5.60316e-16 0)
(1 1.7327e-15 0)
(1 1.33421e-15 0)
(1 3.01747e-15 0)
(1 3.43686e-15 0)
(1 4.18962e-15 0)
(1 9.0503e-16 0)
(1 -1.20431e-16 0)
(1 1.21711e-15 0)
(1 5.94733e-16 0)
(1 -7.57655e-16 0)
(1 -1.86852e-16 0)
(1 4.69141e-16 0)
(1 -3.87851e-16 0)
(1 2.09791e-16 0)
(1 1.81433e-15 0)
(1 3.05054e-16 0)
(1 5.66931e-16 0)
(1 -5.26588e-16 0)
(1 -5.19837e-16 0)
(1 -1.37702e-15 0)
(1 7.53033e-16 0)
(1 -5.52828e-16 0)
(1 8.44921e-16 0)
(1 4.97609e-16 0)
(1 9.63459e-16 0)
(1 1.91653e-16 0)
(1 3.11135e-16 0)
(1 1.44411e-15 0)
(1 1.53699e-15 0)
(1 1.67988e-16 0)
(1 -3.19265e-16 0)
(1 4.18874e-16 0)
(1 -7.44325e-16 0)
(1 1.29889e-15 0)
(1 7.62485e-16 0)
(1 2.23438e-15 0)
(1 1.04436e-15 0)
(1 9.22917e-16 0)
(1 3.05178e-16 0)
(1 1.51343e-15 0)
(1 -5.50274e-16 0)
(1 1.02609e-15 0)
(1 1.36286e-15 0)
(1 -1.89147e-15 0)
(1 -3.93351e-16 0)
(1 -7.08065e-16 0)
(1 -3.92214e-16 0)
(1 1.55035e-15 0)
(1 -4.13215e-16 0)
(1 -1.50576e-15 0)
(1 2.22095e-15 0)
(1 7.85358e-16 0)
(1 3.65165e-15 0)
(1 4.58804e-15 0)
(1 1.30349e-15 0)
(1 -1.21539e-16 0)
(1 -1.26225e-15 0)
(1 2.9427e-15 0)
(1 -4.60622e-16 0)
(1 2.49919e-15 0)
(1 3.99682e-15 0)
(1 -3.5609e-17 0)
(1 2.57959e-15 0)
(1 2.12929e-15 0)
(1 1.94887e-16 0)
(1 4.07816e-15 0)
(1 9.38369e-17 0)
(1 9.15848e-16 0)
(1 3.31486e-16 0)
(1 8.36933e-16 0)
(1 5.53088e-15 0)
(1 2.31151e-15 0)
(1 2.3782e-15 0)
(1 -9.16353e-16 0)
(1 1.0712e-15 0)
(1 1.0764e-15 0)
(1 6.98e-16 0)
(1 -1.43629e-16 0)
(1 1.69949e-16 0)
(1 -1.97259e-16 0)
(1 -1.21823e-15 0)
(1 -7.03582e-16 0)
(1 -7.99846e-16 0)
(1 1.88871e-16 0)
(1 3.66651e-15 0)
(1 4.16339e-16 0)
(1 2.91585e-15 0)
(1 3.78765e-16 0)
(1 -1.2693e-16 0)
(1 1.08844e-15 0)
(1 3.06914e-15 0)
(1 2.71836e-15 0)
(1 1.99489e-15 0)
(1 3.55366e-15 0)
(1 3.44697e-15 0)
(1 2.72436e-15 0)
(1 4.25955e-15 0)
(1 2.83886e-15 0)
(1 2.70941e-15 0)
(1 2.33659e-15 0)
(1 3.27421e-15 0)
(1 2.9824e-15 0)
(1 4.27271e-15 0)
(1 4.61106e-15 0)
(1 3.80337e-15 0)
(1 3.93348e-15 0)
(1 1.68866e-15 0)
(1 -1.58867e-15 0)
(1 -6.81517e-16 0)
(1 1.40569e-16 0)
(1 -2.98989e-17 0)
(1 4.77691e-16 0)
(1 5.27496e-16 0)
(1 1.84255e-15 0)
(1 2.4946e-16 0)
(1 -3.91289e-16 0)
(1 4.57872e-16 0)
(1 -1.83078e-15 0)
(1 -1.82036e-15 0)
(1 -1.78243e-15 0)
(1 -8.18333e-16 0)
(1 1.54152e-15 0)
(1 2.93333e-15 0)
(1 6.37922e-16 0)
(1 3.00665e-15 0)
(1 1.07505e-15 0)
(1 -1.40412e-15 0)
(1 2.53513e-15 0)
(1 2.45143e-16 0)
(1 1.10692e-15 0)
(1 7.79824e-16 0)
(1 -3.16035e-16 0)
(1 1.97994e-15 0)
(1 5.73033e-16 0)
(1 1.64539e-15 0)
(1 1.93695e-15 0)
(1 4.43094e-16 0)
(1 2.41706e-15 0)
(1 9.81151e-16 0)
(1 1.95015e-15 0)
(1 1.20899e-15 0)
(1 4.67587e-16 0)
(1 4.70078e-16 0)
(1 7.7524e-16 0)
(1 -1.65177e-15 0)
(1 -1.75086e-15 0)
(1 1.09651e-15 0)
(1 -6.00159e-16 0)
(1 2.54557e-15 0)
(1 -3.85338e-16 0)
(1 2.5492e-15 0)
(1 2.13393e-15 0)
(1 1.31605e-15 0)
(1 5.70956e-16 0)
(1 3.49646e-15 0)
(1 2.37695e-15 0)
(1 2.13266e-15 0)
(1 3.45331e-15 0)
(1 1.25079e-16 0)
(1 9.16508e-16 0)
(1 2.75025e-15 0)
(1 1.8384e-15 0)
(1 4.20074e-15 0)
(1 2.20601e-15 0)
(1 9.68178e-16 0)
(1 4.63926e-16 0)
(1 1.00259e-15 0)
(1 3.41236e-15 0)
(1 1.8992e-15 0)
(1 2.38228e-15 0)
(1 -4.03238e-16 0)
(1 -2.11197e-16 0)
(1 -2.98127e-16 0)
(1 1.36544e-15 0)
(1 1.30064e-15 0)
(1 2.78894e-16 0)
(1 3.25814e-16 0)
(1 1.76342e-15 0)
(1 -1.56377e-15 0)
(1 3.20932e-15 0)
(1 -4.37967e-16 0)
(1 -1.88442e-15 0)
(1 8.84679e-16 0)
(1 -9.73358e-16 0)
(1 2.16335e-15 0)
(1 3.3303e-15 0)
(1 3.22248e-15 0)
(1 9.00031e-16 0)
(1 -1.27597e-15 0)
(1 5.19858e-16 0)
(1 4.90535e-16 0)
(1 4.62777e-15 0)
(1 3.81582e-15 0)
(1 5.46523e-15 0)
(1 4.18188e-15 0)
(1 4.04801e-15 0)
(1 2.78968e-15 0)
(1 2.14786e-15 0)
(1 1.92746e-15 0)
(1 3.39075e-15 0)
(1 3.53005e-15 0)
(1 2.50253e-15 0)
(1 3.34543e-15 0)
(1 3.18079e-15 0)
(1 2.18513e-15 0)
(1 3.0695e-15 0)
(1 5.29651e-15 0)
(1 9.51625e-16 0)
(1 1.55973e-15 0)
(1 1.06313e-15 0)
(1 1.63355e-15 0)
(1 2.4162e-15 0)
(1 2.39452e-15 0)
(1 2.38492e-15 0)
(1 -1.20196e-15 0)
(1 1.19748e-15 0)
(1 -1.67645e-15 0)
(1 -9.45024e-16 0)
(1 1.65941e-15 0)
(1 1.28717e-16 0)
(1 -1.05899e-16 0)
(1 1.18893e-15 0)
(1 2.22116e-15 0)
(1 1.24938e-15 0)
(1 1.61463e-15 0)
(1 1.28438e-15 0)
(1 1.21658e-16 0)
(1 2.77296e-16 0)
(1 6.25529e-17 0)
(1 1.61004e-16 0)
(1 2.47633e-15 0)
(1 9.45992e-16 0)
(1 2.31546e-15 0)
(1 1.16166e-15 0)
(1 1.53094e-15 0)
(1 1.03885e-15 0)
(1 1.32268e-15 0)
(1 1.75804e-15 0)
(1 3.15618e-15 0)
(1 1.84204e-15 0)
(1 3.06127e-15 0)
(1 9.3851e-16 0)
(1 -3.65906e-16 0)
(1 1.08927e-15 0)
(1 -1.07149e-15 0)
(1 -2.6482e-16 0)
(1 4.04665e-16 0)
(1 -9.55068e-16 0)
(1 3.36242e-15 0)
(1 2.94282e-15 0)
(1 7.33263e-16 0)
(1 1.82299e-15 0)
(1 5.93841e-17 0)
(1 2.63863e-15 0)
(1 2.25476e-15 0)
(1 2.56178e-15 0)
(1 4.38502e-15 0)
(1 3.45061e-15 0)
(1 2.06912e-15 0)
(1 1.3039e-15 0)
(1 1.96013e-15 0)
(1 2.79074e-15 0)
(1 1.50905e-15 0)
(1 1.91176e-15 0)
(1 7.46455e-16 0)
(1 -1.73388e-15 0)
(1 1.75092e-15 0)
(1 1.42517e-15 0)
(1 6.19006e-15 0)
(1 4.06748e-15 0)
(1 1.8117e-15 0)
(1 2.19943e-15 0)
(1 4.40469e-16 0)
(1 2.42555e-15 0)
(1 -2.08972e-15 0)
(1 3.92716e-17 0)
(1 -1.32434e-15 0)
(1 8.31405e-16 0)
(1 -6.28936e-16 0)
(1 2.52257e-15 0)
(1 -6.63009e-17 0)
(1 6.6133e-16 0)
(1 2.72492e-15 0)
(1 2.25961e-15 0)
(1 1.32233e-15 0)
(1 2.0277e-15 0)
(1 2.25976e-15 0)
(1 2.59421e-15 0)
(1 5.59654e-16 0)
(1 1.57071e-16 0)
(1 2.46425e-15 0)
(1 3.96877e-15 0)
(1 4.01613e-15 0)
(1 5.62736e-15 0)
(1 5.47075e-15 0)
(1 4.21534e-15 0)
(1 1.94471e-15 0)
(1 3.45571e-15 0)
(1 4.57075e-15 0)
(1 4.231e-15 0)
(1 2.58762e-15 0)
(1 3.824e-15 0)
(1 4.52396e-15 0)
(1 4.26035e-15 0)
(1 4.73678e-15 0)
(1 5.99528e-15 0)
(1 2.46419e-15 0)
(1 1.6318e-15 0)
(1 1.07195e-15 0)
(1 7.67549e-16 0)
(1 2.44687e-15 0)
(1 2.74933e-15 0)
(1 3.71467e-15 0)
(1 1.66125e-15 0)
(1 1.37354e-15 0)
(1 6.0376e-16 0)
(1 1.19883e-15 0)
(1 9.95161e-16 0)
(1 2.05676e-15 0)
(1 2.24955e-16 0)
(1 3.60735e-16 0)
(1 7.34634e-16 0)
(1 1.84368e-15 0)
(1 2.4719e-15 0)
(1 -9.55066e-16 0)
(1 -2.82253e-16 0)
(1 1.52592e-15 0)
(1 1.84277e-15 0)
(1 1.16669e-15 0)
(1 1.77389e-15 0)
(1 7.99213e-16 0)
(1 6.55184e-16 0)
(1 -1.64881e-16 0)
(1 -7.81252e-16 0)
(1 1.78692e-16 0)
(1 1.19544e-15 0)
(1 2.36713e-15 0)
(1 2.32527e-15 0)
(1 3.16613e-15 0)
(1 3.42154e-15 0)
(1 4.08454e-15 0)
(1 3.14337e-15 0)
(1 1.01533e-15 0)
(1 -1.09192e-15 0)
(1 1.74217e-15 0)
(1 2.12026e-15 0)
(1 1.08039e-16 0)
(1 4.19495e-16 0)
(1 3.26699e-15 0)
(1 1.27211e-15 0)
(1 1.86135e-15 0)
(1 5.58116e-16 0)
(1 2.52838e-15 0)
(1 6.63711e-15 0)
(1 2.09919e-15 0)
(1 4.12648e-15 0)
(1 2.77635e-15 0)
(1 1.45e-15 0)
(1 7.97833e-16 0)
(1 3.2662e-15 0)
(1 1.95249e-15 0)
(1 4.35606e-15 0)
(1 1.68883e-15 0)
(1 8.07183e-16 0)
(1 4.30346e-16 0)
(1 2.91746e-15 0)
(1 2.40659e-15 0)
(1 -7.62343e-16 0)
(1 4.06881e-15 0)
(1 -1.67646e-15 0)
(1 3.64406e-15 0)
(1 1.45374e-15 0)
(1 1.52076e-15 0)
(1 1.18425e-15 0)
(1 6.99301e-16 0)
(1 1.62454e-15 0)
(1 1.15783e-15 0)
(1 1.25616e-15 0)
(1 2.0152e-15 0)
(1 -1.08468e-15 0)
(1 1.77607e-16 0)
(1 2.87299e-15 0)
(1 6.82293e-16 0)
(1 2.24266e-15 0)
(1 -9.91076e-16 0)
(1 3.91211e-15 0)
(1 2.19118e-15 0)
(1 2.95853e-15 0)
(1 3.11647e-15 0)
(1 1.41372e-15 0)
(1 3.28647e-15 0)
(1 4.35948e-15 0)
(1 5.45798e-15 0)
(1 2.70586e-15 0)
(1 4.35421e-15 0)
(1 3.62319e-15 0)
(1 2.78982e-15 0)
(1 3.6993e-15 0)
(1 4.73615e-15 0)
(1 4.7647e-15 0)
(1 3.33361e-15 0)
(1 3.45939e-15 0)
(1 4.93346e-15 0)
(1 5.62769e-15 0)
(1 5.47404e-15 0)
(1 5.34658e-15 0)
(1 2.49796e-15 0)
(1 3.69849e-15 0)
(1 2.03349e-15 0)
(1 2.2539e-15 0)
(1 1.2453e-15 0)
(1 7.72555e-16 0)
(1 5.31374e-16 0)
(1 2.6441e-15 0)
(1 2.36028e-15 0)
(1 3.85597e-16 0)
(1 3.74495e-15 0)
(1 2.23759e-15 0)
(1 -2.41597e-17 0)
(1 -2.24058e-16 0)
(1 -3.78837e-16 0)
(1 3.38375e-15 0)
(1 1.34898e-15 0)
(1 3.89457e-15 0)
(1 1.12072e-15 0)
(1 6.94832e-16 0)
(1 1.8004e-15 0)
(1 1.82419e-15 0)
(1 2.37597e-15 0)
(1 1.67458e-15 0)
(1 1.20038e-15 0)
(1 2.51476e-15 0)
(1 1.25835e-15 0)
(1 1.78181e-15 0)
(1 1.6697e-15 0)
(1 1.72929e-15 0)
(1 2.24085e-15 0)
(1 2.93918e-15 0)
(1 3.9898e-15 0)
(1 3.60284e-15 0)
(1 1.97527e-15 0)
(1 3.48888e-15 0)
(1 2.05709e-15 0)
(1 1.1674e-15 0)
(1 1.80456e-15 0)
(1 1.16113e-15 0)
(1 -2.69068e-16 0)
(1 1.05489e-15 0)
(1 -4.30747e-16 0)
(1 1.44129e-15 0)
(1 3.37459e-15 0)
(1 2.48009e-15 0)
(1 2.39664e-15 0)
(1 4.14732e-15 0)
(1 5.71214e-15 0)
(1 6.31736e-15 0)
(1 3.76286e-15 0)
(1 -1.34202e-17 0)
(1 2.56057e-15 0)
(1 1.92554e-15 0)
(1 2.37249e-15 0)
(1 4.92166e-15 0)
(1 3.32531e-15 0)
(1 4.83658e-15 0)
(1 1.4802e-15 0)
(1 1.50203e-15 0)
(1 1.92618e-15 0)
(1 -1.20146e-15 0)
(1 1.6509e-15 0)
(1 -4.92001e-16 0)
(1 -1.73579e-15 0)
(1 -3.16543e-15 0)
(1 -1.11755e-15 0)
(1 5.65796e-16 0)
(1 4.18033e-15 0)
(1 5.02167e-15 0)
(1 5.80266e-15 0)
(1 1.4598e-15 0)
(1 2.08475e-15 0)
(1 -2.01329e-15 0)
(1 -1.72039e-15 0)
(1 7.86404e-16 0)
(1 1.09258e-16 0)
(1 2.05663e-15 0)
(1 4.26482e-15 0)
(1 6.35771e-15 0)
(1 2.19397e-15 0)
(1 1.01552e-15 0)
(1 2.53124e-15 0)
(1 -7.28946e-17 0)
(1 9.49614e-16 0)
(1 5.27529e-15 0)
(1 6.75487e-15 0)
(1 5.13313e-15 0)
(1 2.86845e-15 0)
(1 4.55348e-15 0)
(1 5.37536e-15 0)
(1 3.76639e-15 0)
(1 2.23892e-15 0)
(1 6.05186e-15 0)
(1 7.17687e-15 0)
(1 7.48495e-15 0)
(1 3.98409e-15 0)
(1 4.39792e-15 0)
(1 4.24181e-15 0)
(1 1.57192e-15 0)
(1 1.62318e-15 0)
(1 5.15454e-15 0)
(1 5.89896e-15 0)
(1 5.28932e-15 0)
(1 2.65518e-15 0)
(1 2.12416e-15 0)
(1 2.07127e-15 0)
(1 1.48756e-15 0)
(1 2.31477e-15 0)
(1 2.02635e-15 0)
(1 2.07393e-15 0)
(1 1.52436e-15 0)
(1 1.36043e-15 0)
(1 -1.60608e-16 0)
(1 1.11629e-15 0)
(1 3.20529e-15 0)
(1 9.99249e-16 0)
(1 1.11717e-15 0)
(1 9.54127e-16 0)
(1 4.86465e-16 0)
(1 2.47397e-15 0)
(1 7.61383e-16 0)
(1 2.81665e-15 0)
(1 1.75727e-15 0)
(1 4.38341e-16 0)
(1 2.17429e-15 0)
(1 2.33107e-15 0)
(1 2.78632e-15 0)
(1 2.96326e-15 0)
(1 3.82926e-16 0)
(1 2.04476e-15 0)
(1 2.88593e-15 0)
(1 4.29394e-15 0)
(1 3.85379e-15 0)
(1 3.01989e-15 0)
(1 3.24623e-15 0)
(1 1.04017e-15 0)
(1 1.64611e-15 0)
(1 2.38746e-15 0)
(1 2.47515e-15 0)
(1 -2.99338e-16 0)
(1 -3.36039e-16 0)
(1 -7.15465e-16 0)
(1 1.81481e-15 0)
(1 1.56111e-15 0)
(1 5.33383e-15 0)
(1 2.60706e-15 0)
(1 1.7843e-15 0)
(1 6.00026e-15 0)
(1 2.74507e-15 0)
(1 3.12572e-15 0)
(1 9.62729e-16 0)
(1 2.2591e-15 0)
(1 3.88392e-15 0)
(1 3.13995e-15 0)
(1 3.64462e-15 0)
(1 1.90111e-15 0)
(1 4.53657e-15 0)
(1 4.72397e-15 0)
(1 4.98821e-16 0)
(1 -9.58264e-16 0)
(1 4.82675e-16 0)
(1 1.89715e-15 0)
(1 4.59931e-15 0)
(1 3.91046e-16 0)
(1 -1.49065e-15 0)
(1 4.98443e-16 0)
(1 -3.65899e-16 0)
(1 2.3975e-15 0)
(1 3.72805e-15 0)
(1 2.98555e-15 0)
(1 -6.01177e-16 0)
(1 3.91906e-16 0)
(1 -4.11814e-16 0)
(1 -1.21413e-15 0)
(1 8.53088e-16 0)
(1 2.30894e-15 0)
(1 3.71326e-15 0)
(1 3.40585e-15 0)
(1 2.57817e-15 0)
(1 9.89048e-17 0)
(1 1.91817e-15 0)
(1 2.81535e-15 0)
(1 2.79427e-15 0)
(1 5.67385e-15 0)
(1 2.59445e-15 0)
(1 5.39358e-15 0)
(1 4.37976e-15 0)
(1 2.24088e-15 0)
(1 4.73926e-15 0)
(1 5.10822e-15 0)
(1 6.79625e-15 0)
(1 4.16677e-15 0)
(1 6.81087e-15 0)
(1 8.04839e-15 0)
(1 7.23101e-15 0)
(1 6.44062e-15 0)
(1 2.66473e-15 0)
(1 6.21706e-15 0)
(1 3.08286e-15 0)
(1 5.14612e-15 0)
(1 2.79004e-15 0)
(1 3.98534e-15 0)
(1 6.00839e-15 0)
(1 -5.8365e-16 0)
(1 2.82739e-15 0)
(1 1.62802e-15 0)
(1 1.00767e-15 0)
(1 5.76125e-15 0)
(1 4.13778e-15 0)
(1 4.19876e-15 0)
(1 1.33519e-15 0)
(1 2.91338e-15 0)
(1 1.0716e-15 0)
(1 2.19089e-15 0)
(1 2.82322e-15 0)
(1 1.41456e-15 0)
(1 1.38898e-15 0)
(1 2.90216e-15 0)
(1 3.68667e-15 0)
(1 2.89418e-15 0)
(1 2.73442e-15 0)
(1 1.27913e-15 0)
(1 1.27495e-15 0)
(1 -4.39255e-16 0)
(1 -5.18254e-16 0)
(1 8.26287e-16 0)
(1 1.12648e-15 0)
(1 2.1229e-15 0)
(1 1.82404e-15 0)
(1 1.50369e-15 0)
(1 2.91927e-15 0)
(1 3.29787e-15 0)
(1 4.64862e-15 0)
(1 4.90417e-15 0)
(1 4.02716e-15 0)
(1 2.90001e-15 0)
(1 3.18575e-15 0)
(1 4.05963e-15 0)
(1 4.0115e-15 0)
(1 4.01292e-16 0)
(1 6.9089e-16 0)
(1 2.72951e-15 0)
(1 4.8158e-16 0)
(1 2.27434e-15 0)
(1 2.15235e-18 0)
(1 3.5923e-15 0)
(1 3.49951e-15 0)
(1 4.53795e-15 0)
(1 2.32947e-15 0)
(1 2.07605e-15 0)
(1 6.10306e-15 0)
(1 3.30283e-15 0)
(1 4.39095e-15 0)
(1 4.12973e-15 0)
(1 1.62192e-15 0)
(1 1.22024e-15 0)
(1 2.34858e-15 0)
(1 3.56927e-15 0)
(1 4.26664e-15 0)
(1 5.26416e-16 0)
(1 5.22328e-16 0)
(1 -3.74111e-15 0)
(1 1.31776e-15 0)
(1 2.40943e-15 0)
(1 2.80903e-15 0)
(1 4.14337e-16 0)
(1 2.25243e-15 0)
(1 2.06385e-15 0)
(1 2.67222e-16 0)
(1 3.5841e-16 0)
(1 2.21955e-15 0)
(1 1.54052e-15 0)
(1 1.91271e-15 0)
(1 2.31242e-15 0)
(1 6.09985e-16 0)
(1 -5.7227e-16 0)
(1 1.93417e-15 0)
(1 -2.31813e-16 0)
(1 -8.60958e-16 0)
(1 1.50376e-15 0)
(1 4.17578e-15 0)
(1 4.37322e-15 0)
(1 4.98127e-15 0)
(1 6.61298e-15 0)
(1 2.25488e-15 0)
(1 3.37381e-15 0)
(1 3.46159e-15 0)
(1 4.09571e-15 0)
(1 5.41604e-15 0)
(1 2.80856e-15 0)
(1 3.16634e-15 0)
(1 6.36374e-15 0)
(1 6.48358e-15 0)
(1 8.44243e-15 0)
(1 7.05093e-15 0)
(1 5.54973e-15 0)
(1 1.84335e-15 0)
(1 5.26401e-15 0)
(1 6.22659e-15 0)
(1 6.55445e-15 0)
(1 5.41044e-15 0)
(1 2.32071e-15 0)
(1 3.92161e-15 0)
(1 3.09372e-15 0)
(1 1.17375e-15 0)
(1 3.50047e-15 0)
(1 3.29765e-15 0)
(1 5.45597e-15 0)
(1 5.16663e-15 0)
(1 4.84417e-15 0)
(1 2.31195e-15 0)
(1 1.27311e-15 0)
(1 1.77414e-15 0)
(1 2.14189e-15 0)
(1 1.00367e-15 0)
(1 1.60788e-15 0)
(1 9.19677e-16 0)
(1 3.56628e-15 0)
(1 2.3109e-15 0)
(1 2.96095e-15 0)
(1 2.05692e-15 0)
(1 1.00255e-15 0)
(1 1.70476e-15 0)
(1 -1.43082e-16 0)
(1 1.60229e-15 0)
(1 3.00626e-15 0)
(1 3.32887e-15 0)
(1 9.88139e-16 0)
(1 2.18078e-15 0)
(1 3.53617e-15 0)
(1 2.78981e-15 0)
(1 2.74298e-15 0)
(1 1.29973e-15 0)
(1 6.08731e-15 0)
(1 2.45041e-15 0)
(1 3.85738e-15 0)
(1 4.53568e-15 0)
(1 4.24472e-15 0)
(1 4.15242e-15 0)
(1 2.06585e-16 0)
(1 9.63953e-16 0)
(1 2.06697e-15 0)
(1 1.53897e-15 0)
(1 8.8443e-16 0)
(1 -1.46616e-15 0)
(1 4.14289e-15 0)
(1 1.8624e-15 0)
(1 4.11784e-15 0)
(1 6.29741e-15 0)
(1 3.24119e-15 0)
(1 4.60452e-15 0)
(1 1.75961e-15 0)
(1 2.09719e-15 0)
(1 2.43667e-15 0)
(1 1.36889e-15 0)
(1 5.12717e-15 0)
(1 4.19285e-15 0)
(1 4.31483e-15 0)
(1 3.1201e-15 0)
(1 -4.18183e-16 0)
(1 -1.03492e-15 0)
(1 -4.05481e-15 0)
(1 -6.03804e-16 0)
(1 -1.64923e-15 0)
(1 5.6178e-15 0)
(1 3.40513e-15 0)
(1 4.18046e-15 0)
(1 1.35772e-15 0)
(1 -9.95388e-16 0)
(1 -6.25071e-16 0)
(1 1.69127e-15 0)
(1 1.03532e-15 0)
(1 1.94369e-15 0)
(1 1.62037e-15 0)
(1 -1.26424e-15 0)
(1 6.60396e-16 0)
(1 -1.22089e-16 0)
(1 -2.82253e-16 0)
(1 3.91063e-16 0)
(1 3.40811e-15 0)
(1 3.69483e-15 0)
(1 3.78525e-15 0)
(1 4.11629e-15 0)
(1 4.42609e-15 0)
(1 4.816e-15 0)
(1 3.7302e-15 0)
(1 4.29057e-15 0)
(1 6.83574e-15 0)
(1 4.12339e-15 0)
(1 4.88472e-15 0)
(1 4.70055e-15 0)
(1 7.04347e-15 0)
(1 7.83602e-15 0)
(1 7.46124e-15 0)
(1 6.12065e-15 0)
(1 5.05331e-15 0)
(1 4.28654e-15 0)
(1 4.76825e-15 0)
(1 4.40083e-15 0)
(1 5.05639e-15 0)
(1 6.13169e-15 0)
(1 3.51206e-15 0)
(1 3.44098e-15 0)
(1 5.70667e-15 0)
(1 2.98704e-15 0)
(1 3.23308e-15 0)
(1 3.07284e-15 0)
(1 -1.36706e-15 0)
(1 2.19008e-15 0)
(1 3.58426e-15 0)
(1 5.55916e-15 0)
(1 3.13108e-15 0)
(1 2.2617e-15 0)
(1 1.22216e-15 0)
(1 -8.04934e-16 0)
(1 4.48354e-15 0)
(1 1.42637e-15 0)
(1 5.27334e-16 0)
(1 3.6713e-15 0)
(1 4.54924e-15 0)
(1 3.54005e-15 0)
(1 4.76145e-15 0)
(1 1.86053e-15 0)
(1 2.35452e-16 0)
(1 1.47823e-15 0)
(1 1.35295e-15 0)
(1 3.3777e-17 0)
(1 8.83619e-17 0)
(1 1.60148e-16 0)
(1 5.89301e-15 0)
(1 2.3895e-15 0)
(1 3.28723e-15 0)
(1 2.32438e-15 0)
(1 4.78377e-15 0)
(1 3.58342e-15 0)
(1 3.54421e-15 0)
(1 3.39467e-15 0)
(1 2.77917e-15 0)
(1 3.08301e-15 0)
(1 1.2308e-16 0)
(1 1.22575e-15 0)
(1 7.31777e-16 0)
(1 2.63292e-15 0)
(1 -4.84187e-16 0)
(1 4.5189e-15 0)
(1 1.68015e-15 0)
(1 2.80803e-15 0)
(1 2.23859e-15 0)
(1 4.06792e-15 0)
(1 4.43439e-15 0)
(1 1.79806e-15 0)
(1 3.18279e-15 0)
(1 3.32178e-15 0)
(1 3.84939e-15 0)
(1 1.51135e-15 0)
(1 2.47815e-15 0)
(1 1.83986e-16 0)
(1 5.57278e-15 0)
(1 2.59931e-16 0)
(1 5.93103e-17 0)
(1 2.30215e-15 0)
(1 2.32184e-15 0)
(1 1.82872e-16 0)
(1 1.02919e-15 0)
(1 1.73005e-15 0)
(1 3.3602e-15 0)
(1 1.9851e-15 0)
(1 1.96346e-15 0)
(1 -5.81138e-16 0)
(1 3.34505e-16 0)
(1 5.90168e-16 0)
(1 -1.7121e-15 0)
(1 -5.75101e-16 0)
(1 -8.74511e-16 0)
(1 5.45526e-16 0)
(1 5.01391e-16 0)
(1 -5.56979e-16 0)
(1 1.35672e-15 0)
(1 2.87736e-15 0)
(1 4.86374e-15 0)
(1 3.89984e-15 0)
(1 2.20073e-15 0)
(1 5.90091e-15 0)
(1 4.29534e-15 0)
(1 3.30329e-15 0)
(1 4.48413e-15 0)
(1 1.21989e-15 0)
(1 5.87728e-15 0)
(1 4.19141e-15 0)
(1 5.55606e-15 0)
(1 6.25423e-15 0)
(1 6.36048e-15 0)
(1 7.3334e-15 0)
(1 6.15089e-15 0)
(1 1.67673e-15 0)
(1 4.23068e-15 0)
(1 5.24008e-15 0)
(1 5.19908e-15 0)
(1 3.78461e-15 0)
(1 6.528e-15 0)
(1 6.22269e-15 0)
(1 7.4098e-15 0)
(1 3.74938e-15 0)
(1 3.97224e-15 0)
(1 4.79522e-15 0)
(1 1.76854e-15 0)
(1 2.58673e-15 0)
(1 1.14258e-15 0)
(1 1.6421e-15 0)
(1 4.43884e-15 0)
(1 3.74622e-15 0)
(1 1.79725e-16 0)
(1 9.55296e-16 0)
(1 1.03311e-15 0)
(1 -5.17776e-16 0)
(1 1.35867e-15 0)
(1 2.10559e-15 0)
(1 1.38076e-15 0)
(1 5.20114e-15 0)
(1 4.53354e-15 0)
(1 3.36179e-15 0)
(1 4.094e-15 0)
(1 4.05047e-16 0)
(1 2.63236e-15 0)
(1 2.48749e-15 0)
(1 -1.6439e-16 0)
(1 2.67078e-16 0)
(1 2.01668e-15 0)
(1 3.3193e-15 0)
(1 3.62005e-15 0)
(1 1.01703e-15 0)
(1 1.77059e-15 0)
(1 3.20397e-15 0)
(1 3.46449e-15 0)
(1 5.53309e-15 0)
(1 4.30766e-15 0)
(1 3.85727e-15 0)
(1 2.27195e-15 0)
(1 1.20185e-15 0)
(1 1.13213e-16 0)
(1 1.29264e-15 0)
(1 4.98129e-17 0)
(1 -2.52092e-16 0)
(1 2.2523e-15 0)
(1 1.95893e-15 0)
(1 1.06333e-15 0)
(1 2.94516e-15 0)
(1 1.92356e-15 0)
(1 4.29336e-15 0)
(1 4.51185e-15 0)
(1 1.37398e-15 0)
(1 2.8168e-15 0)
(1 2.57498e-15 0)
(1 4.41808e-15 0)
(1 2.24272e-15 0)
(1 3.56471e-16 0)
(1 2.76437e-15 0)
(1 5.51067e-15 0)
(1 4.46565e-15 0)
(1 3.72785e-15 0)
(1 2.89415e-15 0)
(1 -2.56733e-15 0)
(1 -3.52228e-15 0)
(1 1.96599e-15 0)
(1 -4.49758e-16 0)
(1 7.55165e-16 0)
(1 1.10623e-15 0)
(1 3.1279e-15 0)
(1 1.27333e-15 0)
(1 -1.44128e-15 0)
(1 -7.251e-16 0)
(1 -2.21928e-15 0)
(1 -3.00388e-15 0)
(1 2.29275e-15 0)
(1 -2.59131e-17 0)
(1 1.42566e-15 0)
(1 -1.80631e-15 0)
(1 2.08836e-15 0)
(1 3.79967e-15 0)
(1 5.34343e-15 0)
(1 4.07224e-15 0)
(1 1.95029e-15 0)
(1 4.70696e-15 0)
(1 2.59779e-15 0)
(1 5.60398e-15 0)
(1 4.7174e-15 0)
(1 4.91036e-15 0)
(1 2.86479e-15 0)
(1 5.1301e-15 0)
(1 5.74404e-15 0)
(1 4.64923e-15 0)
(1 6.81977e-15 0)
(1 6.50971e-15 0)
(1 5.31339e-15 0)
(1 5.85984e-15 0)
(1 4.66823e-15 0)
(1 5.40379e-15 0)
(1 1.43644e-15 0)
(1 3.70788e-15 0)
(1 2.39825e-15 0)
(1 3.70842e-15 0)
(1 4.66301e-15 0)
(1 4.46929e-15 0)
(1 5.95364e-15 0)
(1 5.29654e-15 0)
(1 4.91613e-15 0)
(1 3.36568e-15 0)
(1 3.42528e-15 0)
(1 1.75642e-15 0)
(1 -2.44331e-15 0)
(1 2.67274e-16 0)
(1 1.46045e-15 0)
(1 3.00808e-15 0)
(1 2.49199e-15 0)
(1 2.42729e-15 0)
(1 -6.17338e-16 0)
(1 2.06361e-15 0)
(1 3.79778e-15 0)
(1 1.00327e-15 0)
(1 1.10641e-15 0)
(1 1.59525e-15 0)
(1 1.83759e-15 0)
(1 2.54986e-15 0)
(1 3.60584e-15 0)
(1 2.20418e-15 0)
(1 1.58114e-15 0)
(1 3.35841e-15 0)
(1 2.95925e-15 0)
(1 4.45037e-15 0)
(1 8.02264e-16 0)
(1 2.026e-15 0)
(1 2.15176e-15 0)
(1 1.5822e-15 0)
(1 3.33664e-15 0)
(1 3.49812e-15 0)
(1 1.63894e-15 0)
(1 2.39044e-15 0)
(1 1.42374e-15 0)
(1 4.8614e-16 0)
(1 3.27173e-16 0)
(1 5.56786e-16 0)
(1 7.72956e-16 0)
(1 4.08347e-16 0)
(1 2.64843e-15 0)
(1 9.87715e-16 0)
(1 1.89915e-15 0)
(1 1.31341e-15 0)
(1 3.00313e-15 0)
(1 5.33374e-15 0)
(1 4.73591e-15 0)
(1 3.52122e-15 0)
(1 1.53612e-15 0)
(1 5.43942e-16 0)
(1 6.43843e-16 0)
(1 4.39526e-15 0)
(1 1.9605e-15 0)
(1 4.60734e-15 0)
(1 -9.04941e-16 0)
(1 2.96539e-15 0)
(1 2.82571e-15 0)
(1 4.00088e-15 0)
(1 -1.18813e-15 0)
(1 -5.35583e-16 0)
(1 -6.58954e-16 0)
(1 1.78241e-15 0)
(1 2.00864e-15 0)
(1 1.51256e-16 0)
(1 2.73139e-15 0)
(1 2.18661e-16 0)
(1 -5.41034e-16 0)
(1 -4.32712e-15 0)
(1 -1.50686e-15 0)
(1 -1.11894e-15 0)
(1 -2.0802e-15 0)
(1 -1.53367e-16 0)
(1 2.30799e-15 0)
(1 -2.6338e-16 0)
(1 3.34589e-15 0)
(1 1.18598e-15 0)
(1 1.44713e-15 0)
(1 2.11628e-15 0)
(1 6.7298e-15 0)
(1 4.48184e-15 0)
(1 4.06068e-15 0)
(1 6.15475e-15 0)
(1 2.11137e-15 0)
(1 6.66783e-15 0)
(1 1.25238e-15 0)
(1 2.57022e-15 0)
(1 1.2928e-15 0)
(1 3.62308e-15 0)
(1 7.6372e-15 0)
(1 7.51418e-15 0)
(1 4.02972e-15 0)
(1 9.10755e-15 0)
(1 5.44062e-15 0)
(1 5.37911e-15 0)
(1 3.29842e-15 0)
(1 4.74466e-15 0)
(1 3.727e-15 0)
(1 2.66104e-15 0)
(1 2.60434e-15 0)
(1 6.79292e-15 0)
(1 2.88169e-15 0)
(1 4.08393e-15 0)
(1 5.23845e-15 0)
(1 3.94771e-15 0)
(1 2.25776e-15 0)
(1 1.22706e-15 0)
(1 -2.05195e-15 0)
(1 3.59156e-15 0)
(1 3.08412e-15 0)
(1 3.17399e-15 0)
(1 1.68761e-15 0)
(1 4.08821e-15 0)
(1 1.60186e-15 0)
(1 3.22691e-15 0)
(1 1.94197e-15 0)
(1 -8.49464e-16 0)
(1 1.76322e-15 0)
(1 2.20112e-15 0)
(1 5.98293e-17 0)
(1 3.00864e-15 0)
(1 2.46566e-15 0)
(1 1.85327e-15 0)
(1 1.66059e-15 0)
(1 3.53866e-15 0)
(1 2.27736e-15 0)
(1 2.82925e-15 0)
(1 2.65568e-15 0)
(1 2.4723e-15 0)
(1 2.47844e-15 0)
(1 3.53457e-15 0)
(1 1.96129e-15 0)
(1 2.84519e-15 0)
(1 1.44294e-15 0)
(1 2.8981e-15 0)
(1 7.34246e-16 0)
(1 2.885e-16 0)
(1 6.54288e-17 0)
(1 1.17658e-15 0)
(1 2.89596e-16 0)
(1 1.46244e-15 0)
(1 1.02183e-15 0)
(1 2.73344e-15 0)
(1 3.45146e-16 0)
(1 1.31707e-15 0)
(1 3.6849e-15 0)
(1 5.18445e-16 0)
(1 6.12842e-15 0)
(1 5.47968e-15 0)
(1 4.83755e-15 0)
(1 -5.93396e-16 0)
(1 -1.63267e-16 0)
(1 3.03573e-15 0)
(1 -2.02855e-16 0)
(1 3.38084e-15 0)
(1 -2.69052e-15 0)
(1 2.65404e-15 0)
(1 4.49686e-15 0)
(1 1.51307e-15 0)
(1 3.87449e-15 0)
(1 -1.84391e-16 0)
(1 -2.11383e-15 0)
(1 -1.88753e-15 0)
(1 -1.00908e-15 0)
(1 -9.15245e-17 0)
(1 6.33814e-16 0)
(1 -7.04645e-16 0)
(1 -6.51827e-16 0)
(1 -1.02201e-15 0)
(1 -8.99929e-17 0)
(1 1.32258e-16 0)
(1 -1.5615e-15 0)
(1 1.21219e-15 0)
(1 -1.25462e-15 0)
(1 1.1924e-15 0)
(1 2.7072e-15 0)
(1 -4.90713e-16 0)
(1 -5.85669e-16 0)
(1 1.26409e-15 0)
(1 6.15327e-15 0)
(1 3.04988e-15 0)
(1 5.2021e-15 0)
(1 3.34545e-15 0)
(1 8.63218e-17 0)
(1 3.50563e-15 0)
(1 2.30339e-15 0)
(1 1.7731e-15 0)
(1 3.11885e-15 0)
(1 5.70609e-15 0)
(1 8.01386e-15 0)
(1 7.31655e-15 0)
(1 7.52946e-15 0)
(1 7.46625e-15 0)
(1 4.30192e-15 0)
(1 5.89451e-15 0)
(1 4.26278e-15 0)
(1 3.02677e-15 0)
(1 4.59197e-15 0)
(1 2.37428e-15 0)
(1 5.39512e-15 0)
(1 3.40251e-15 0)
(1 4.34178e-15 0)
(1 4.3148e-15 0)
(1 4.42637e-15 0)
(1 3.72997e-15 0)
(1 3.90638e-15 0)
(1 2.5881e-15 0)
(1 4.05138e-15 0)
(1 1.43643e-15 0)
(1 4.55302e-16 0)
(1 1.36608e-15 0)
(1 1.06278e-15 0)
(1 2.05738e-15 0)
(1 1.73907e-15 0)
(1 2.95297e-15 0)
(1 1.10729e-16 0)
(1 -8.83372e-16 0)
(1 2.52612e-15 0)
(1 1.55827e-15 0)
(1 5.21513e-16 0)
(1 1.84752e-15 0)
(1 1.6769e-15 0)
(1 2.619e-15 0)
(1 1.83384e-15 0)
(1 3.59779e-15 0)
(1 2.41174e-15 0)
(1 1.25465e-15 0)
(1 1.58076e-15 0)
(1 1.19647e-15 0)
(1 1.82829e-15 0)
(1 3.4474e-15 0)
(1 2.25542e-15 0)
(1 1.63495e-15 0)
(1 4.55256e-17 0)
(1 1.72933e-15 0)
(1 2.42392e-15 0)
(1 2.44819e-15 0)
(1 -2.78299e-16 0)
(1 1.40294e-15 0)
(1 1.049e-15 0)
(1 7.70701e-16 0)
(1 3.70228e-15 0)
(1 2.68711e-15 0)
(1 3.55396e-15 0)
(1 2.33963e-15 0)
(1 2.67416e-15 0)
(1 -1.78234e-16 0)
(1 1.23631e-15 0)
(1 2.32402e-15 0)
(1 3.61012e-15 0)
(1 2.24533e-15 0)
(1 3.46041e-16 0)
(1 -1.83797e-16 0)
(1 1.05673e-15 0)
(1 2.09298e-15 0)
(1 4.52188e-15 0)
(1 -3.23869e-17 0)
(1 -4.01956e-17 0)
(1 -1.65156e-15 0)
(1 3.99194e-15 0)
(1 3.79852e-16 0)
(1 -2.01636e-15 0)
(1 -1.92098e-15 0)
(1 -9.85522e-16 0)
(1 1.41137e-15 0)
(1 -3.18535e-15 0)
(1 -1.90325e-16 0)
(1 -3.18819e-15 0)
(1 7.58437e-16 0)
(1 -1.15438e-15 0)
(1 -1.17919e-15 0)
(1 9.45718e-17 0)
(1 -9.66879e-16 0)
(1 -8.16893e-16 0)
(1 -2.08312e-16 0)
(1 -6.38179e-16 0)
(1 6.82293e-16 0)
(1 1.75322e-15 0)
(1 2.0691e-15 0)
(1 8.41161e-16 0)
(1 4.33034e-15 0)
(1 3.87783e-15 0)
(1 3.70941e-15 0)
(1 2.74833e-15 0)
(1 1.57578e-15 0)
(1 8.0849e-16 0)
(1 -4.57208e-16 0)
(1 5.63248e-15 0)
(1 8.73866e-15 0)
(1 7.14017e-15 0)
(1 5.78294e-15 0)
(1 8.06774e-15 0)
(1 5.02485e-15 0)
(1 3.74903e-15 0)
(1 4.84892e-15 0)
(1 3.28255e-15 0)
(1 2.57157e-15 0)
(1 1.75658e-15 0)
(1 3.70475e-15 0)
(1 3.49722e-15 0)
(1 4.83615e-16 0)
(1 6.2889e-15 0)
(1 2.43495e-15 0)
(1 1.84454e-15 0)
(1 1.983e-15 0)
(1 2.42632e-15 0)
(1 3.09436e-15 0)
(1 2.1883e-15 0)
(1 -1.11631e-15 0)
(1 1.07499e-15 0)
(1 2.61007e-15 0)
(1 1.03676e-15 0)
(1 1.62639e-15 0)
(1 1.55696e-15 0)
(1 1.80191e-15 0)
(1 1.19843e-15 0)
(1 2.17223e-15 0)
(1 -8.8403e-16 0)
(1 -4.60339e-16 0)
(1 1.76795e-15 0)
(1 1.57125e-15 0)
(1 1.86919e-15 0)
(1 1.84221e-15 0)
(1 2.34822e-15 0)
(1 3.99981e-15 0)
(1 3.41394e-15 0)
(1 2.04733e-15 0)
(1 3.25278e-16 0)
(1 1.04018e-15 0)
(1 1.7753e-15 0)
(1 1.67246e-15 0)
(1 9.25281e-16 0)
(1 1.7791e-16 0)
(1 8.0808e-16 0)
(1 1.31477e-16 0)
(1 2.54514e-15 0)
(1 2.59719e-15 0)
(1 -2.39421e-16 0)
(1 9.24277e-16 0)
(1 1.40843e-15 0)
(1 2.26032e-15 0)
(1 3.5443e-15 0)
(1 1.8734e-15 0)
(1 3.76903e-15 0)
(1 3.12473e-15 0)
(1 1.26286e-15 0)
(1 1.94348e-15 0)
(1 -2.79447e-16 0)
(1 -1.26214e-15 0)
(1 4.13711e-16 0)
(1 3.16158e-15 0)
(1 1.18579e-16 0)
(1 9.00621e-16 0)
(1 1.82027e-15 0)
(1 -2.37326e-15 0)
(1 -1.48676e-16 0)
(1 -3.32675e-15 0)
(1 -1.77512e-15 0)
(1 3.31824e-15 0)
(1 2.74435e-15 0)
(1 4.34388e-15 0)
(1 1.14184e-15 0)
(1 1.88412e-16 0)
(1 3.1891e-16 0)
(1 3.31721e-16 0)
(1 -4.15937e-15 0)
(1 -7.05898e-16 0)
(1 -5.98603e-16 0)
(1 -1.41635e-15 0)
(1 -2.56121e-15 0)
(1 -1.9674e-15 0)
(1 -3.71721e-15 0)
(1 -1.88935e-15 0)
(1 8.6974e-17 0)
(1 1.47987e-16 0)
(1 4.27966e-16 0)
(1 -2.21593e-16 0)
(1 1.01817e-15 0)
(1 2.89095e-17 0)
(1 -2.58139e-16 0)
(1 2.64323e-15 0)
(1 2.19561e-15 0)
(1 -4.13433e-16 0)
(1 4.84438e-16 0)
(1 -6.50106e-16 0)
(1 3.48345e-15 0)
(1 3.36883e-15 0)
(1 5.33175e-15 0)
(1 6.62493e-15 0)
(1 5.9398e-15 0)
(1 5.13156e-15 0)
(1 4.3181e-15 0)
(1 4.32062e-15 0)
(1 3.20033e-15 0)
(1 3.694e-15 0)
(1 4.25461e-15 0)
(1 6.61178e-15 0)
(1 3.81767e-15 0)
(1 3.84172e-15 0)
(1 2.60621e-15 0)
(1 1.50068e-15 0)
(1 2.59452e-15 0)
(1 3.11761e-15 0)
(1 1.81904e-15 0)
(1 1.82399e-15 0)
(1 2.97993e-16 0)
(1 1.66133e-15 0)
(1 1.61144e-18 0)
(1 7.41772e-16 0)
(1 2.06566e-15 0)
(1 2.08059e-15 0)
(1 2.80097e-15 0)
(1 2.20631e-15 0)
(1 3.41118e-15 0)
(1 1.28851e-15 0)
(1 3.7365e-16 0)
(1 1.75045e-15 0)
(1 -1.20419e-15 0)
(1 -9.53181e-16 0)
(1 1.09024e-15 0)
(1 7.21291e-16 0)
(1 -3.75426e-17 0)
(1 1.29082e-15 0)
(1 2.73064e-15 0)
(1 2.28826e-15 0)
(1 1.9307e-15 0)
(1 1.76845e-15 0)
(1 1.97758e-16 0)
(1 1.71179e-15 0)
(1 1.34025e-15 0)
(1 9.14107e-16 0)
(1 3.59046e-16 0)
(1 -2.27222e-16 0)
(1 3.44412e-15 0)
(1 3.7078e-15 0)
(1 1.88334e-15 0)
(1 1.04012e-15 0)
(1 4.44213e-16 0)
(1 1.66412e-15 0)
(1 3.90976e-16 0)
(1 2.15968e-15 0)
(1 1.04009e-16 0)
(1 1.28815e-15 0)
(1 3.26226e-15 0)
(1 2.57108e-15 0)
(1 2.03658e-15 0)
(1 2.55973e-15 0)
(1 1.58065e-15 0)
(1 1.68865e-15 0)
(1 -5.47589e-16 0)
(1 -5.81004e-16 0)
(1 -8.91814e-16 0)
(1 1.86728e-16 0)
(1 2.40486e-15 0)
(1 -2.22711e-15 0)
(1 -3.40813e-15 0)
(1 -3.37479e-17 0)
(1 2.51531e-15 0)
(1 4.17138e-15 0)
(1 -7.88726e-16 0)
(1 -5.86179e-16 0)
(1 3.69657e-16 0)
(1 -8.53819e-16 0)
(1 -2.72747e-15 0)
(1 -2.99965e-15 0)
(1 -4.25231e-15 0)
(1 -3.58171e-15 0)
(1 3.97588e-16 0)
(1 -4.65747e-16 0)
(1 -8.42192e-16 0)
(1 -2.95059e-15 0)
(1 -2.62254e-15 0)
(1 -1.99646e-15 0)
(1 -2.51034e-15 0)
(1 9.59333e-17 0)
(1 2.36157e-15 0)
(1 1.88977e-15 0)
(1 3.80028e-16 0)
(1 1.70332e-15 0)
(1 -1.72544e-15 0)
(1 -1.30378e-15 0)
(1 -7.0345e-16 0)
(1 -7.30743e-17 0)
(1 1.73519e-15 0)
(1 1.9209e-16 0)
(1 -5.45173e-16 0)
(1 3.3245e-15 0)
(1 4.85835e-15 0)
(1 3.55591e-15 0)
(1 2.11947e-15 0)
(1 3.01013e-15 0)
(1 2.96467e-15 0)
(1 4.33283e-15 0)
(1 4.26855e-15 0)
(1 3.32447e-15 0)
(1 5.09923e-15 0)
(1 6.04766e-15 0)
(1 6.73715e-15 0)
(1 1.65461e-15 0)
(1 1.36077e-15 0)
(1 1.00872e-15 0)
(1 3.69788e-16 0)
(1 3.88631e-15 0)
(1 3.4967e-15 0)
(1 3.31535e-15 0)
(1 2.22176e-16 0)
(1 1.57138e-15 0)
(1 -1.6281e-15 0)
(1 1.48997e-15 0)
(1 -2.24128e-16 0)
(1 4.83529e-16 0)
(1 3.41143e-15 0)
(1 1.29585e-15 0)
(1 3.25657e-15 0)
(1 2.00625e-15 0)
(1 1.1737e-15 0)
(1 5.49802e-16 0)
(1 -5.64734e-16 0)
(1 -1.49109e-15 0)
(1 -8.46694e-16 0)
(1 -2.00142e-15 0)
(1 1.74888e-17 0)
(1 9.79053e-16 0)
(1 2.75005e-15 0)
(1 9.86278e-16 0)
(1 1.04305e-15 0)
(1 5.42917e-16 0)
(1 9.5436e-16 0)
(1 3.02921e-15 0)
(1 1.04708e-15 0)
(1 -5.24593e-16 0)
(1 7.52183e-16 0)
(1 1.15256e-15 0)
(1 2.21321e-15 0)
(1 2.24702e-15 0)
(1 6.62033e-16 0)
(1 1.22425e-15 0)
(1 -1.32917e-16 0)
(1 1.88459e-15 0)
(1 2.04716e-16 0)
(1 3.24986e-15 0)
(1 8.67961e-16 0)
(1 1.37982e-15 0)
(1 5.34731e-15 0)
(1 1.7018e-15 0)
(1 2.67201e-15 0)
(1 2.55502e-15 0)
(1 6.84703e-16 0)
(1 1.92062e-15 0)
(1 -1.32573e-15 0)
(1 -2.39893e-15 0)
(1 -1.32051e-16 0)
(1 -1.78999e-15 0)
(1 -8.22079e-16 0)
(1 -1.2778e-15 0)
(1 1.27159e-15 0)
(1 3.92925e-15 0)
(1 8.77e-17 0)
(1 1.21905e-15 0)
(1 -4.73224e-16 0)
(1 -2.24394e-16 0)
(1 1.14787e-15 0)
(1 -1.50224e-15 0)
(1 -3.93642e-15 0)
(1 -4.21738e-15 0)
(1 -2.75879e-15 0)
(1 -3.66084e-15 0)
(1 -3.47847e-15 0)
(1 -1.23292e-15 0)
(1 -2.57117e-15 0)
(1 -4.73051e-15 0)
(1 -1.44099e-16 0)
(1 -2.654e-15 0)
(1 -1.68807e-15 0)
(1 -1.19077e-15 0)
(1 -7.75667e-16 0)
(1 1.32723e-15 0)
(1 -1.62638e-15 0)
(1 2.65453e-15 0)
(1 -1.00044e-15 0)
(1 5.86144e-16 0)
(1 3.65061e-16 0)
(1 -1.70377e-16 0)
(1 -7.13457e-16 0)
(1 -1.21893e-15 0)
(1 3.79056e-16 0)
(1 3.60391e-15 0)
(1 1.05485e-15 0)
(1 -1.71249e-17 0)
(1 1.10358e-15 0)
(1 2.43499e-15 0)
(1 3.67258e-15 0)
(1 3.05954e-15 0)
(1 4.6965e-15 0)
(1 3.26228e-15 0)
(1 4.80631e-15 0)
(1 4.98066e-15 0)
(1 5.14107e-15 0)
(1 3.86976e-15 0)
(1 -4.50036e-16 0)
(1 2.46401e-15 0)
(1 1.29147e-15 0)
(1 2.77341e-16 0)
(1 1.61595e-15 0)
(1 1.36364e-15 0)
(1 1.24785e-15 0)
(1 -2.15708e-16 0)
(1 -1.9877e-15 0)
(1 1.57041e-15 0)
(1 -1.8693e-15 0)
(1 -7.46755e-16 0)
(1 2.32979e-15 0)
(1 1.89238e-15 0)
(1 2.91254e-16 0)
(1 -1.57981e-16 0)
(1 4.01567e-16 0)
(1 1.57373e-15 0)
(1 -2.94355e-15 0)
(1 -4.85304e-16 0)
(1 -1.60679e-15 0)
(1 -1.03766e-16 0)
(1 1.31468e-15 0)
(1 -6.92788e-16 0)
(1 -3.25729e-17 0)
(1 7.22218e-16 0)
(1 1.7999e-15 0)
(1 1.10893e-15 0)
(1 5.70734e-17 0)
(1 1.79825e-15 0)
(1 1.39526e-15 0)
(1 -2.33249e-15 0)
(1 -8.41091e-17 0)
(1 3.02998e-15 0)
(1 2.09874e-15 0)
(1 -1.45609e-15 0)
(1 -3.23284e-16 0)
(1 2.48345e-15 0)
(1 4.18965e-16 0)
(1 -1.07263e-15 0)
(1 1.60585e-15 0)
(1 2.92514e-15 0)
(1 2.21818e-15 0)
(1 2.54921e-15 0)
(1 1.63545e-15 0)
(1 1.69702e-15 0)
(1 6.40809e-16 0)
(1 8.28164e-16 0)
(1 8.32997e-16 0)
(1 -5.06423e-16 0)
(1 -1.06748e-15 0)
(1 -8.65323e-16 0)
(1 7.26408e-16 0)
(1 -9.97505e-16 0)
(1 -1.65475e-15 0)
(1 -1.86062e-15 0)
(1 -2.61596e-16 0)
(1 -1.22475e-15 0)
(1 2.97209e-17 0)
(1 -9.88689e-16 0)
(1 3.99231e-16 0)
(1 -8.43572e-17 -1.1723e-47)
(1 2.41241e-16 0)
(1 -1.42848e-15 0)
(1 -2.63593e-15 0)
(1 -5.72867e-15 0)
(1 -4.24147e-15 0)
(1 -2.4132e-15 0)
(1 -2.37e-15 0)
(1 -3.44766e-15 0)
(1 -6.75337e-16 0)
(1 -2.07835e-15 0)
(1 -1.40892e-15 0)
(1 -4.81904e-15 0)
(1 -2.13076e-15 0)
(1 -1.66971e-15 0)
(1 -2.51674e-15 0)
(1 4.92947e-17 0)
(1 1.06488e-15 0)
(1 -2.14334e-16 0)
(1 1.06845e-15 0)
(1 -1.3963e-15 0)
(1 -8.08487e-16 6.80064e-48)
(1 -3.77716e-15 0)
(1 -3.1415e-15 7.20347e-48)
(1 -2.13791e-15 0)
(1 2.97677e-15 0)
(1 4.16011e-15 0)
(1 -1.08977e-15 0)
(1 2.27344e-15 0)
(1 3.75699e-15 0)
(1 4.98459e-15 0)
(1 2.46701e-15 0)
(1 9.95014e-16 0)
(1 4.76352e-15 0)
(1 3.38579e-15 0)
(1 2.10161e-15 0)
(1 2.55596e-15 0)
(1 5.53523e-16 0)
(1 2.8642e-15 0)
(1 2.89055e-16 0)
(1 1.64919e-15 0)
(1 1.80104e-15 0)
(1 1.92745e-15 0)
(1 2.33053e-15 0)
(1 1.44815e-17 0)
(1 1.03125e-15 0)
(1 -1.74996e-15 -2.15639e-48)
(1 -1.97155e-15 1.92722e-48)
(1 -2.83309e-15 1.92405e-48)
(1 1.99448e-15 -1.88196e-48)
(1 3.74962e-16 -1.53347e-48)
(1 9.7662e-16 1.35865e-48)
(1 1.31216e-15 1.60786e-48)
(1 4.80928e-17 -1.62467e-48)
(1 -1.23857e-15 -1.74726e-48)
(1 -1.10085e-15 1.70668e-48)
(1 -8.54777e-16 1.62075e-48)
(1 -2.7031e-15 0)
(1 2.17013e-16 0)
(1 -1.82418e-15 2.50509e-48)
(1 7.67822e-17 0)
(1 6.16607e-16 2.36389e-48)
(1 4.17777e-16 -1.03187e-48)
(1 1.10958e-15 1.79357e-48)
(1 8.76362e-16 0)
(1 2.42364e-15 2.35608e-48)
(1 2.09896e-15 -1.11076e-48)
(1 -1.70659e-15 1.38975e-48)
(1 -3.90418e-16 0)
(1 -7.79897e-16 9.35115e-49)
(1 -2.66562e-15 0)
(1 -1.02316e-15 0)
(1 -3.89853e-17 4.4757e-50)
(1 1.13633e-15 4.65533e-50)
(1 7.16499e-16 0)
(1 1.17803e-15 -3.22057e-49)
(1 1.85431e-15 -1.47467e-49)
(1 6.61454e-16 0)
(1 -2.20585e-16 0)
(1 2.93301e-15 0)
(1 2.47433e-16 0)
(1 2.36891e-15 0)
(1 5.61739e-16 0)
(1 -1.31611e-15 0)
(1 4.91535e-15 0)
(1 4.63761e-16 0)
(1 1.00693e-15 0)
(1 -2.3066e-16 0)
(1 1.77908e-15 0)
(1 6.59211e-16 0)
(1 -1.28159e-15 0)
(1 5.64295e-17 0)
(1 -1.03907e-15 0)
(1 -6.38886e-16 0)
(1 3.48789e-16 0)
(1 -1.92431e-15 0)
(1 -4.71795e-15 0)
(1 9.03236e-16 0)
(1 -4.61996e-16 0)
(1 9.72943e-16 0)
(1 1.80421e-16 1.15925e-47)
(1 -2.41039e-15 0)
(1 -2.43372e-15 0)
(1 -2.02156e-15 0)
(1 -1.32159e-15 0)
(1 -4.60769e-15 0)
(1 -3.84557e-15 0)
(1 -1.87384e-15 0)
(1 -4.92204e-15 0)
(1 -3.49208e-15 0)
(1 -5.68486e-15 0)
(1 -6.13474e-15 0)
(1 -3.113e-15 0)
(1 -2.5431e-15 0)
(1 -1.85419e-16 0)
(1 -4.0877e-15 0)
(1 -1.92382e-15 0)
(1 1.99217e-15 0)
(1 -1.13939e-15 0)
(1 8.78722e-16 0)
(1 -1.70382e-15 0)
(1 -9.74302e-16 -6.7331e-48)
(1 -3.17784e-16 0)
(1 -1.37169e-15 -7.13918e-48)
(1 -1.46943e-15 0)
(1 -2.48689e-15 0)
(1 8.89941e-16 0)
(1 5.93876e-16 0)
(1 1.25064e-15 0)
(1 1.72661e-16 0)
(1 1.58097e-15 0)
(1 1.63532e-15 0)
(1 3.15275e-15 0)
(1 4.18444e-15 0)
(1 5.42053e-15 0)
(1 2.82003e-15 0)
(1 2.62699e-15 0)
(1 1.07535e-15 0)
(1 -3.06193e-17 0)
(1 3.99905e-15 0)
(1 1.49058e-16 0)
(1 8.90003e-16 0)
(1 1.22204e-15 0)
(1 -4.17632e-16 0)
(1 -1.52091e-16 0)
(1 -2.35117e-15 0)
(1 -2.14208e-15 2.1451e-48)
(1 -1.9142e-15 -1.91363e-48)
(1 -2.69274e-15 -1.9078e-48)
(1 2.70116e-15 1.86326e-48)
(1 4.95036e-16 1.51293e-48)
(1 -1.57535e-15 -1.33724e-48)
(1 -3.13031e-15 -1.58662e-48)
(1 1.53585e-15 1.60444e-48)
(1 -1.96147e-16 1.72831e-48)
(1 -2.57126e-15 -1.68846e-48)
(1 -3.89762e-15 -1.60179e-48)
(1 -1.84932e-15 0)
(1 -1.1128e-15 0)
(1 -2.85432e-15 -2.43564e-48)
(1 -2.35062e-15 0)
(1 -6.99086e-17 -2.25866e-48)
(1 2.61967e-16 9.71248e-49)
(1 2.08956e-16 -1.66169e-48)
(1 -1.62709e-15 0)
(1 4.52044e-16 -2.2281e-48)
(1 1.53189e-15 1.05383e-48)
(1 2.9156e-16 -1.29447e-48)
(1 5.63298e-16 0)
(1 -1.56568e-15 -8.78445e-49)
(1 3.83746e-16 0)
(1 -2.22757e-17 0)
(1 -2.04048e-15 -2.81418e-50)
(1 5.04556e-16 -2.6117e-50)
(1 4.58838e-16 0)
(1 1.76852e-15 3.41051e-49)
(1 1.47308e-15 1.54829e-49)
(1 3.4268e-16 0)
(1 2.29127e-15 0)
(1 1.5287e-15 0)
(1 6.81638e-16 0)
(1 1.65679e-15 0)
(1 1.70482e-15 0)
(1 -9.07395e-16 0)
(1 1.49832e-15 0)
(1 1.06517e-16 0)
(1 -1.51858e-15 0)
(1 2.81648e-16 0)
(1 9.44068e-16 0)
(1 7.70363e-16 0)
(1 -7.59205e-16 0)
(1 -2.20022e-15 0)
(1 1.08228e-15 0)
(1 -2.08443e-15 0)
(1 -5.77285e-16 0)
(1 -4.15825e-15 0)
(1 -1.63392e-15 0)
(1 -2.75376e-15 0)
(1 -3.32079e-16 0)
(1 -1.41097e-15 0)
(1 -2.18952e-15 0)
(1 -1.19178e-15 0)
(1 -3.72477e-15 0)
(1 -5.54286e-15 0)
(1 -1.88519e-16 0)
(1 -1.57387e-15 0)
(1 -2.03609e-15 0)
(1 -4.97383e-15 0)
(1 -3.11957e-15 0)
(1 -5.54628e-15 0)
(1 -4.98284e-15 0)
(1 -3.65064e-15 0)
(1 -1.18012e-15 0)
(1 -4.68343e-15 0)
(1 -4.10497e-15 0)
(1 -3.84631e-15 0)
(1 -4.08524e-16 0)
(1 -1.17227e-15 0)
(1 -1.31016e-15 0)
(1 2.96773e-16 0)
(1 4.6376e-16 0)
(1 -2.66859e-15 0)
(1 -1.26465e-15 0)
(1 -3.77644e-15 0)
(1 -4.2365e-15 0)
(1 -1.44164e-15 0)
(1 -1.93125e-15 0)
(1 2.28922e-15 0)
(1 -1.14861e-15 0)
(1 -1.1067e-15 0)
(1 1.22073e-15 0)
(1 1.24791e-15 0)
(1 2.62761e-15 0)
(1 1.60241e-15 0)
(1 5.4899e-15 0)
(1 1.88057e-15 0)
(1 7.85559e-16 0)
(1 2.96905e-15 0)
(1 -4.66025e-16 0)
(1 4.13024e-15 0)
(1 2.12085e-15 0)
(1 1.22904e-15 0)
(1 4.05682e-16 0)
(1 -2.51424e-15 0)
(1 -3.22591e-16 0)
(1 -1.74127e-15 0)
(1 -3.42505e-15 0)
(1 -1.66692e-15 0)
(1 7.32403e-16 0)
(1 -7.15196e-16 0)
(1 -1.96721e-15 0)
(1 -3.53612e-15 0)
(1 -4.29828e-15 0)
(1 -2.67602e-15 0)
(1 -1.60505e-15 0)
(1 1.22085e-15 0)
(1 -3.1364e-15 0)
(1 -2.92828e-15 0)
(1 -2.59833e-15 0)
(1 -1.89902e-15 0)
(1 -3.15015e-15 0)
(1 -7.09943e-16 0)
(1 -1.31265e-15 0)
(1 -1.96436e-15 0)
(1 3.84068e-16 0)
(1 1.27571e-15 0)
(1 1.87236e-15 0)
(1 1.06906e-15 0)
(1 -1.2562e-15 0)
(1 -1.78209e-15 0)
(1 -1.41559e-15 0)
(1 -2.84631e-15 0)
(1 -7.52111e-16 0)
(1 9.30235e-16 0)
(1 8.57277e-16 0)
(1 9.16274e-16 0)
(1 1.01881e-15 0)
(1 2.37999e-16 0)
(1 6.70807e-16 0)
(1 1.72883e-15 0)
(1 -4.60939e-17 0)
(1 4.92359e-16 0)
(1 4.94371e-15 0)
(1 1.51711e-15 0)
(1 -1.87961e-15 0)
(1 -1.21744e-15 0)
(1 8.39401e-17 0)
(1 -4.00773e-15 0)
(1 8.67318e-17 0)
(1 2.08544e-15 0)
(1 8.5847e-16 0)
(1 -2.26484e-15 0)
(1 -2.79532e-15 0)
(1 -8.14743e-16 0)
(1 -1.66143e-16 0)
(1 3.7893e-16 0)
(1 1.38704e-15 0)
(1 -2.88316e-15 0)
(1 -1.44745e-15 0)
(1 -2.64834e-15 0)
(1 -2.88236e-15 0)
(1 -3.30325e-15 0)
(1 -2.38221e-15 0)
(1 -5.21268e-15 0)
(1 -6.35356e-15 0)
(1 -3.47498e-15 0)
(1 -2.06237e-15 0)
(1 -4.05234e-15 0)
(1 -1.42435e-15 0)
(1 -3.46624e-15 0)
(1 -1.07964e-16 0)
(1 -3.47109e-15 0)
(1 -4.93482e-15 0)
(1 -6.0041e-15 0)
(1 -4.9625e-15 0)
(1 -1.46934e-15 0)
(1 -2.16324e-15 0)
(1 -3.58726e-15 0)
(1 -2.3506e-15 0)
(1 -2.94176e-15 0)
(1 -5.30741e-16 0)
(1 -3.20234e-15 0)
(1 -4.96875e-15 0)
(1 -2.11081e-15 0)
(1 -2.31947e-15 0)
(1 -9.7965e-16 0)
(1 -3.11621e-15 0)
(1 -8.53508e-16 0)
(1 -6.09485e-16 0)
(1 8.27736e-16 0)
(1 9.7556e-18 0)
(1 1.66852e-15 0)
(1 2.40032e-15 0)
(1 1.60188e-15 0)
(1 1.66759e-15 0)
(1 4.14201e-15 0)
(1 -6.64831e-16 0)
(1 7.25829e-18 0)
(1 2.46092e-15 0)
(1 -7.80851e-16 0)
(1 1.80104e-15 0)
(1 -1.64645e-15 0)
(1 1.22069e-15 0)
(1 1.09861e-15 0)
(1 -2.48952e-15 0)
(1 -7.33477e-16 0)
(1 -2.43331e-15 0)
(1 -1.317e-15 0)
(1 -2.14751e-15 0)
(1 -3.25662e-15 0)
(1 -3.87277e-15 0)
(1 -3.97245e-15 0)
(1 -2.17739e-15 0)
(1 -6.0324e-15 0)
(1 -1.22468e-15 0)
(1 -4.65803e-16 0)
(1 -2.63379e-15 0)
(1 -2.54236e-15 0)
(1 -5.86787e-15 0)
(1 -1.88482e-15 0)
(1 -2.66329e-15 0)
(1 -1.37599e-15 0)
(1 -2.93407e-15 0)
(1 -1.20869e-16 0)
(1 -1.17956e-15 0)
(1 1.56575e-15 0)
(1 2.93223e-15 0)
(1 5.09478e-16 0)
(1 -1.78541e-15 0)
(1 -1.26177e-15 0)
(1 -4.55015e-15 0)
(1 -3.79693e-15 0)
(1 -4.29001e-16 0)
(1 1.60605e-16 0)
(1 6.23115e-16 0)
(1 -2.41084e-16 0)
(1 -1.06449e-15 0)
(1 7.60927e-17 0)
(1 7.46896e-16 0)
(1 3.17967e-15 0)
(1 -1.90861e-15 0)
(1 -9.22283e-16 0)
(1 1.55214e-15 0)
(1 1.8437e-15 0)
(1 4.06282e-17 0)
(1 1.06081e-15 0)
(1 1.37412e-15 0)
(1 -6.32256e-16 0)
(1 -5.00851e-15 0)
(1 8.19074e-16 0)
(1 -5.64336e-16 0)
(1 -2.8746e-15 0)
(1 -4.13832e-15 0)
(1 -3.91648e-15 0)
(1 9.71905e-16 0)
(1 4.30457e-15 0)
(1 4.87948e-16 0)
(1 -1.92094e-15 0)
(1 -5.25394e-15 0)
(1 -3.95848e-15 0)
(1 -6.30601e-15 0)
(1 -6.85289e-15 0)
(1 -2.37095e-15 0)
(1 -1.17905e-15 0)
(1 -6.14797e-15 0)
(1 -4.82487e-15 0)
(1 -3.53785e-15 0)
(1 -1.93433e-15 0)
(1 -1.81957e-15 0)
(1 -3.64276e-15 0)
(1 -3.08336e-15 0)
(1 -3.91858e-15 0)
(1 -5.03011e-15 0)
(1 -4.1122e-15 0)
(1 -3.64655e-15 0)
(1 -3.6913e-15 0)
(1 -4.37478e-15 0)
(1 -4.46472e-15 0)
(1 -3.73352e-15 0)
(1 -4.78707e-15 0)
(1 -2.48538e-15 0)
(1 -4.11905e-16 0)
(1 -4.13817e-15 0)
(1 -3.37229e-15 0)
(1 -4.70034e-16 0)
(1 -5.00521e-16 0)
(1 -1.44475e-16 0)
(1 -8.31613e-16 0)
(1 -1.595e-15 0)
(1 -1.04732e-15 0)
(1 -7.54838e-16 0)
(1 -4.40284e-16 0)
(1 2.77151e-15 0)
(1 -3.94734e-16 0)
(1 2.96666e-17 0)
(1 4.20102e-15 0)
(1 6.22653e-16 0)
(1 -1.53326e-15 0)
(1 1.04243e-15 0)
(1 -9.12355e-16 0)
(1 -2.11951e-15 0)
(1 -2.04137e-15 0)
(1 -1.62797e-15 0)
(1 -9.25184e-16 0)
(1 -1.82373e-15 0)
(1 -2.55301e-15 0)
(1 -1.84565e-15 0)
(1 3.2023e-16 0)
(1 -3.32261e-15 0)
(1 -4.08931e-15 0)
(1 -1.62863e-15 0)
(1 -3.14062e-15 0)
(1 -2.35103e-15 0)
(1 -4.13692e-15 0)
(1 -2.41028e-15 0)
(1 -2.06837e-15 0)
(1 -3.79528e-15 0)
(1 -1.61716e-15 0)
(1 -6.57087e-15 0)
(1 -3.87533e-15 0)
(1 3.02894e-16 0)
(1 -1.61321e-15 0)
(1 -2.03228e-15 0)
(1 -2.01822e-15 0)
(1 -1.93564e-15 0)
(1 -1.7661e-15 0)
(1 5.26674e-16 0)
(1 1.31402e-16 0)
(1 1.68647e-17 0)
(1 -1.73226e-15 0)
(1 -1.23645e-15 0)
(1 -1.55668e-15 0)
(1 -8.93458e-16 0)
(1 -6.3993e-16 0)
(1 -2.76074e-16 0)
(1 1.63953e-15 0)
(1 -2.01413e-16 0)
(1 2.53552e-15 0)
(1 -5.57006e-17 0)
(1 1.84363e-15 0)
(1 6.30533e-16 0)
(1 -3.4274e-16 0)
(1 -2.31254e-15 0)
(1 1.09757e-15 0)
(1 1.48718e-16 0)
(1 -1.68804e-15 0)
(1 -2.0713e-15 0)
(1 3.82266e-15 0)
(1 -3.84211e-15 0)
(1 -1.16567e-15 0)
(1 1.66639e-15 0)
(1 6.39354e-16 0)
(1 -2.75029e-16 0)
(1 -5.38285e-15 0)
(1 -5.81451e-15 0)
(1 -1.58983e-15 0)
(1 -1.68404e-15 0)
(1 8.70915e-16 0)
(1 -5.04781e-15 0)
(1 -3.76362e-15 0)
(1 -7.41436e-15 0)
(1 -6.35686e-15 0)
(1 -6.54671e-15 0)
(1 -2.6546e-15 0)
(1 -2.83551e-15 0)
(1 -2.36917e-15 0)
(1 -1.10144e-15 0)
(1 -3.53024e-15 0)
(1 -3.75531e-15 0)
(1 -3.69887e-15 0)
(1 -3.86592e-15 0)
(1 -3.07352e-15 0)
(1 -2.74248e-15 0)
(1 -4.9801e-15 0)
(1 -6.08219e-15 0)
(1 -4.74557e-15 0)
(1 -2.73579e-15 0)
(1 -3.13881e-15 0)
(1 -4.24149e-15 0)
(1 -3.16765e-15 0)
(1 -2.27812e-15 0)
(1 -5.08997e-15 0)
(1 -4.16195e-15 0)
(1 -3.74891e-15 0)
(1 -2.75004e-15 0)
(1 -1.59953e-15 0)
(1 -1.36143e-15 0)
(1 -3.41411e-15 0)
(1 -1.76863e-15 0)
(1 -2.73723e-15 0)
(1 1.72992e-15 0)
(1 -2.82605e-15 0)
(1 -1.42073e-15 0)
(1 -1.99683e-16 0)
(1 -3.9172e-16 0)
(1 -8.74053e-16 0)
(1 1.70289e-15 0)
(1 5.39714e-16 0)
(1 -2.00651e-16 0)
(1 3.13419e-16 0)
(1 -2.9364e-15 0)
(1 6.68903e-16 0)
(1 -3.64732e-15 0)
(1 -3.71003e-15 0)
(1 -6.7966e-16 0)
(1 -2.90889e-15 0)
(1 -1.50476e-15 0)
(1 -8.0329e-16 0)
(1 -2.24372e-15 0)
(1 -3.04339e-15 0)
(1 -6.99891e-16 0)
(1 -2.9365e-15 0)
(1 -2.87203e-15 0)
(1 -1.77407e-15 0)
(1 -3.02647e-15 0)
(1 -6.85697e-16 0)
(1 -2.3912e-15 0)
(1 -3.98157e-15 0)
(1 -6.54978e-15 0)
(1 -4.89185e-15 0)
(1 -2.37934e-15 0)
(1 -2.12834e-15 0)
(1 -1.7985e-15 0)
(1 -2.99615e-15 0)
(1 -1.31126e-15 0)
(1 -2.97436e-15 0)
(1 -3.63422e-15 0)
(1 1.43142e-15 0)
(1 -3.36048e-16 0)
(1 -3.55478e-15 0)
(1 -1.97216e-15 0)
(1 -6.80896e-16 0)
(1 -1.35355e-15 0)
(1 -6.14575e-16 0)
(1 2.01169e-15 0)
(1 1.26923e-17 0)
(1 -1.16632e-15 0)
(1 1.46044e-15 0)
(1 1.78189e-15 0)
(1 -2.19949e-15 0)
(1 1.0564e-15 0)
(1 4.34569e-16 0)
(1 -1.22669e-15 0)
(1 7.11537e-16 0)
(1 1.23363e-15 0)
(1 -2.86503e-15 0)
(1 -2.43157e-15 0)
(1 -3.59141e-15 0)
(1 5.32581e-16 0)
(1 -3.57673e-15 0)
(1 -2.00013e-16 0)
(1 5.21967e-15 0)
(1 -5.52753e-16 0)
(1 -2.12478e-15 0)
(1 -3.12357e-15 0)
(1 -4.15712e-15 0)
(1 4.52381e-16 0)
(1 -5.44488e-16 0)
(1 -4.1706e-15 0)
(1 -6.5629e-15 0)
(1 -4.42026e-15 0)
(1 -3.90033e-15 0)
(1 -7.49314e-15 0)
(1 -4.86749e-15 0)
(1 -2.32828e-15 0)
(1 -2.28302e-15 0)
(1 -3.23266e-15 0)
(1 -3.71043e-15 0)
(1 -7.07413e-15 0)
(1 -5.7394e-15 0)
(1 -5.84311e-15 0)
(1 -4.957e-15 0)
(1 -3.01042e-15 0)
(1 -2.36078e-15 0)
(1 -4.29788e-15 0)
(1 -5.40466e-15 0)
(1 -4.87026e-15 0)
(1 -3.51918e-15 0)
(1 -3.71032e-15 0)
(1 -2.86162e-15 0)
(1 -2.61322e-15 0)
(1 -6.24485e-15 0)
(1 -5.32068e-15 0)
(1 -3.80944e-15 0)
(1 -4.824e-15 0)
(1 -4.5181e-15 0)
(1 -2.9455e-15 0)
(1 -4.24984e-15 0)
(1 -6.38246e-16 0)
(1 -1.61954e-15 0)
(1 -4.43917e-16 0)
(1 1.06216e-15 0)
(1 -2.24095e-16 0)
(1 1.98401e-15 0)
(1 -5.89806e-16 0)
(1 -2.05193e-15 0)
(1 9.28527e-16 0)
(1 1.83471e-16 0)
(1 -6.2014e-16 0)
(1 -1.42109e-15 0)
(1 -1.02598e-15 0)
(1 -8.36897e-16 0)
(1 -2.8535e-15 0)
(1 -2.89632e-15 0)
(1 -3.22527e-15 0)
(1 -4.87708e-15 0)
(1 -3.20583e-15 0)
(1 -2.63988e-15 0)
(1 -1.74029e-15 0)
(1 -2.34373e-15 0)
(1 -4.84101e-15 0)
(1 -4.32768e-15 0)
(1 -4.32034e-15 0)
(1 -3.44551e-15 0)
(1 -2.98251e-15 0)
(1 -4.82453e-15 0)
(1 -4.46665e-16 0)
(1 -1.98701e-15 0)
(1 -2.08869e-15 0)
(1 -9.54964e-16 0)
(1 -2.92684e-15 0)
(1 -2.81859e-15 0)
(1 -2.74346e-15 0)
(1 -2.9777e-15 0)
(1 -3.11698e-15 0)
(1 -3.77929e-15 0)
(1 -4.11321e-15 0)
(1 7.36148e-18 0)
(1 -1.30753e-15 0)
(1 -5.80397e-16 0)
(1 -1.00421e-15 0)
(1 -8.39905e-16 0)
(1 -3.23311e-16 0)
(1 -2.74519e-16 0)
(1 2.60855e-16 0)
(1 -1.71667e-15 0)
(1 -9.16646e-16 0)
(1 -2.83404e-16 0)
(1 1.74102e-15 0)
(1 -1.21982e-15 0)
(1 1.74872e-15 0)
(1 -5.60707e-16 0)
(1 4.59889e-16 0)
(1 -1.96683e-15 0)
(1 -1.56968e-15 0)
(1 1.73253e-15 0)
(1 -1.38734e-15 0)
(1 -2.81747e-15 0)
(1 -2.95904e-15 0)
(1 -1.99898e-15 0)
(1 -2.79076e-15 0)
(1 1.56154e-15 0)
(1 2.65865e-16 0)
(1 -1.65182e-15 0)
(1 -2.97942e-15 0)
(1 -5.37233e-15 0)
(1 -4.48042e-15 0)
(1 -3.13777e-15 0)
(1 -4.36232e-15 0)
(1 -3.89669e-15 0)
(1 -4.41982e-15 0)
(1 -1.54167e-15 0)
(1 -3.24188e-15 0)
(1 -5.06522e-15 0)
(1 -4.83128e-15 0)
(1 -4.40184e-15 0)
(1 -5.37014e-15 0)
(1 -2.61635e-15 0)
(1 -7.00673e-15 0)
(1 -3.36685e-15 0)
(1 -4.90971e-15 0)
(1 -6.76129e-15 0)
(1 -3.58724e-15 0)
(1 -1.84088e-15 0)
(1 -2.08021e-15 0)
(1 -3.37309e-15 0)
(1 -4.00048e-15 0)
(1 -4.2183e-15 0)
(1 -4.59479e-15 0)
(1 -6.06537e-15 0)
(1 -5.54596e-15 0)
(1 -3.75558e-15 0)
(1 -3.45967e-15 0)
(1 -4.54731e-15 0)
(1 -4.28003e-15 0)
(1 -3.21625e-15 0)
(1 -3.69098e-15 0)
(1 -3.77666e-15 0)
(1 -2.86291e-15 0)
(1 -1.82852e-15 0)
(1 -2.04159e-15 0)
(1 4.24262e-16 0)
(1 -1.07873e-15 0)
(1 -3.15927e-15 0)
(1 9.41394e-16 0)
(1 -2.34258e-15 0)
(1 -4.19855e-16 0)
(1 1.5066e-15 0)
(1 -2.4815e-15 0)
(1 -1.33516e-15 0)
(1 9.25353e-16 0)
(1 8.31307e-16 0)
(1 8.52107e-16 0)
(1 -2.45157e-15 0)
(1 -5.01963e-15 0)
(1 -4.55271e-15 0)
(1 -4.3832e-15 0)
(1 -2.32843e-15 0)
(1 -2.08039e-15 0)
(1 -3.39832e-15 0)
(1 -4.58724e-15 0)
(1 -3.39303e-15 0)
(1 -3.12199e-15 0)
(1 -3.74186e-15 0)
(1 -5.1472e-15 0)
(1 -3.87946e-15 0)
(1 -1.0481e-15 0)
(1 -1.18188e-15 0)
(1 -1.43009e-15 0)
(1 -2.38023e-15 0)
(1 -3.63062e-15 0)
(1 -4.58247e-15 0)
(1 -5.75505e-15 0)
(1 -2.5248e-15 0)
(1 -2.35753e-15 0)
(1 -4.0294e-15 0)
(1 -4.25495e-15 0)
(1 -3.61299e-15 0)
(1 -2.38592e-15 0)
(1 9.48354e-16 0)
(1 1.85632e-15 0)
(1 -1.42612e-15 0)
(1 -6.41223e-16 0)
(1 -1.10134e-15 0)
(1 -1.33063e-15 0)
(1 5.42629e-16 0)
(1 2.66463e-16 0)
(1 -5.71231e-16 0)
(1 3.45365e-16 0)
(1 1.668e-16 0)
(1 -3.64924e-16 0)
(1 -2.37536e-15 0)
(1 -2.37461e-15 0)
(1 5.60967e-16 0)
(1 -2.50434e-16 0)
(1 1.38145e-15 0)
(1 -2.00349e-15 0)
(1 -1.37847e-15 0)
(1 -2.28701e-15 0)
(1 -1.47559e-15 0)
(1 -2.78248e-15 0)
(1 -3.41684e-15 0)
(1 1.55311e-15 0)
(1 2.23613e-15 0)
(1 -5.13003e-15 0)
(1 -1.53974e-15 0)
(1 -5.93365e-15 0)
(1 -4.13337e-15 0)
(1 -6.51446e-16 0)
(1 -1.33976e-15 0)
(1 -2.85293e-15 0)
(1 -8.185e-15 0)
(1 -2.76195e-15 0)
(1 -3.82687e-15 0)
(1 -6.93348e-15 0)
(1 -3.64186e-15 0)
(1 -6.69676e-15 0)
(1 -7.063e-15 0)
(1 -4.9015e-15 0)
(1 -3.9104e-15 0)
(1 -5.09932e-15 0)
(1 -5.90902e-15 0)
(1 -3.48372e-15 0)
(1 -4.11992e-15 0)
(1 -6.84142e-17 0)
(1 -1.99963e-15 0)
(1 -3.35286e-15 0)
(1 -3.37061e-15 0)
(1 -5.25034e-15 0)
(1 -5.03903e-15 0)
(1 -7.25485e-15 0)
(1 -5.30737e-15 0)
(1 -5.40597e-15 0)
(1 -4.82409e-15 0)
(1 -2.02978e-15 0)
(1 -3.34537e-15 0)
(1 -5.24245e-15 0)
(1 -3.49973e-15 0)
(1 -2.95156e-15 0)
(1 -2.16052e-15 0)
(1 -9.83918e-16 0)
(1 -6.56182e-16 0)
(1 -1.50715e-16 0)
(1 -8.40566e-17 0)
(1 5.79432e-16 0)
(1 6.79351e-17 0)
(1 -1.4562e-15 0)
(1 8.5518e-17 0)
(1 -1.80504e-15 0)
(1 -5.53062e-16 0)
(1 -2.58143e-15 0)
(1 -6.84762e-16 0)
(1 -1.91951e-16 0)
(1 -2.07248e-15 0)
(1 -2.02758e-15 0)
(1 -2.79697e-15 0)
(1 -2.83946e-15 0)
(1 -3.42292e-15 0)
(1 -4.82276e-15 0)
(1 -4.28452e-15 0)
(1 -4.11138e-15 0)
(1 -3.95788e-15 0)
(1 -2.31803e-15 0)
(1 -1.8819e-15 0)
(1 -4.64465e-15 0)
(1 -2.49548e-15 0)
(1 -4.78089e-15 0)
(1 -2.61743e-15 0)
(1 -7.87697e-16 0)
(1 -3.03781e-15 0)
(1 -4.16902e-15 0)
(1 -5.44778e-15 0)
(1 -6.02168e-15 0)
(1 -4.11326e-15 0)
(1 -5.29865e-15 0)
(1 -3.93636e-15 0)
(1 -3.8892e-15 0)
(1 -3.07013e-15 0)
(1 -2.20411e-15 0)
(1 -9.64638e-17 0)
(1 1.13437e-18 0)
(1 7.1071e-16 0)
(1 -3.23542e-16 0)
(1 -1.52333e-15 0)
(1 -2.23221e-15 0)
(1 -5.096e-16 0)
(1 3.62549e-16 0)
(1 -7.81157e-16 0)
(1 1.41498e-15 0)
(1 2.56924e-16 0)
(1 -1.92581e-15 0)
(1 -5.51044e-16 0)
(1 -1.83992e-15 0)
(1 2.56616e-16 0)
(1 1.13741e-15 0)
(1 9.16371e-16 0)
(1 -4.65514e-15 0)
(1 -1.76665e-15 0)
(1 -9.03514e-16 0)
(1 -2.27795e-15 0)
(1 -9.6188e-16 0)
(1 -2.3711e-15 0)
(1 -7.34074e-16 0)
(1 -1.55712e-15 0)
(1 -1.64723e-15 0)
(1 -3.60192e-15 0)
(1 -4.9201e-15 0)
(1 -2.62823e-15 0)
(1 -1.00912e-17 0)
(1 -4.17607e-15 0)
(1 -4.28953e-15 0)
(1 -7.40652e-15 0)
(1 -4.5677e-15 0)
(1 -1.89243e-15 0)
(1 -5.18866e-15 0)
(1 -5.28353e-15 0)
(1 -4.73431e-15 0)
(1 -4.55964e-15 0)
(1 -3.42853e-15 0)
(1 -6.13885e-15 0)
(1 -6.39599e-15 0)
(1 -2.98754e-15 0)
(1 -5.63944e-15 0)
(1 -4.78769e-15 0)
(1 -2.91356e-15 0)
(1 -3.28233e-15 0)
(1 -4.78291e-15 0)
(1 -3.83587e-15 0)
(1 -2.95331e-15 0)
(1 -3.26005e-15 0)
(1 -6.62085e-15 0)
(1 -4.96088e-15 0)
(1 -5.13462e-15 0)
(1 -6.92889e-15 0)
(1 -3.62484e-15 0)
(1 -3.66843e-15 0)
(1 -4.11659e-15 0)
(1 -3.8907e-16 0)
(1 -3.33112e-15 0)
(1 -2.05851e-15 0)
(1 -4.9108e-15 0)
(1 -1.14487e-15 0)
(1 -1.82769e-16 0)
(1 1.53682e-15 0)
(1 -2.89113e-15 0)
(1 -1.14085e-15 0)
(1 1.70774e-16 0)
(1 -3.65297e-15 0)
(1 -6.65622e-16 0)
(1 -1.1491e-15 0)
(1 -1.95793e-15 0)
(1 -1.19791e-15 0)
(1 -4.51876e-15 0)
(1 -4.05701e-16 0)
(1 -2.60149e-15 0)
(1 -8.22845e-16 0)
(1 -3.40225e-15 0)
(1 -2.49484e-15 0)
(1 -3.12218e-15 0)
(1 -2.96971e-15 0)
(1 -2.61857e-15 0)
(1 -2.96483e-15 0)
(1 -3.37025e-15 0)
(1 -5.77333e-15 0)
(1 -5.22374e-15 0)
(1 -2.9527e-15 0)
(1 -3.13033e-15 0)
(1 -4.50556e-17 0)
(1 -1.00767e-15 0)
(1 -3.7283e-15 0)
(1 -4.42581e-15 0)
(1 -6.14071e-15 0)
(1 -3.57857e-15 0)
(1 -5.95982e-15 0)
(1 -6.0076e-15 0)
(1 -1.90295e-15 0)
(1 -1.27001e-15 0)
(1 -3.90662e-15 0)
(1 -2.7e-15 0)
(1 -3.21383e-15 0)
(1 -2.40329e-15 0)
(1 1.8184e-16 0)
(1 -7.6754e-16 0)
(1 4.46393e-16 0)
(1 -2.45596e-15 0)
(1 -2.63195e-15 0)
(1 -2.10775e-16 0)
(1 6.08208e-17 0)
(1 -2.24804e-15 0)
(1 3.00936e-16 0)
(1 -1.80107e-16 0)
(1 2.06941e-16 0)
(1 -1.47105e-16 0)
(1 -2.312e-15 0)
(1 -2.38564e-15 0)
(1 -1.86823e-16 0)
(1 -1.33671e-15 0)
(1 -1.91901e-15 0)
(1 -1.17336e-15 0)
(1 -1.61799e-15 0)
(1 2.25326e-16 0)
(1 -3.771e-15 0)
(1 -3.99345e-15 0)
(1 -3.6337e-15 0)
(1 -1.69111e-15 0)
(1 -2.91683e-15 0)
(1 -3.83502e-15 0)
(1 -1.38623e-15 0)
(1 2.43762e-16 0)
(1 -3.69894e-15 0)
(1 -3.03974e-15 0)
(1 -2.70828e-15 0)
(1 -6.09797e-15 0)
(1 -6.89641e-15 0)
(1 -4.58939e-15 0)
(1 -7.35522e-15 0)
(1 -2.70056e-15 0)
(1 -2.36773e-15 0)
(1 -3.55282e-15 0)
(1 -4.87437e-15 0)
(1 -4.99089e-15 0)
(1 -2.97816e-15 0)
(1 -7.02568e-15 0)
(1 -4.87393e-15 0)
(1 -5.82397e-15 0)
(1 -4.88284e-15 0)
(1 -3.22491e-15 0)
(1 -5.11064e-15 0)
(1 -3.55529e-15 0)
(1 -3.32209e-15 0)
(1 -7.38219e-15 0)
(1 -3.50206e-15 0)
(1 -3.50815e-15 0)
(1 -3.92137e-15 0)
(1 -3.82029e-15 0)
(1 -2.38686e-15 0)
(1 -6.77616e-16 0)
(1 -2.90737e-15 0)
(1 -3.85777e-15 0)
(1 -2.92232e-15 0)
(1 -6.10217e-15 0)
(1 -3.18148e-15 0)
(1 -1.46917e-15 0)
(1 -1.13741e-15 0)
(1 -1.96777e-15 0)
(1 -4.32789e-16 0)
(1 7.09075e-16 0)
(1 -2.81361e-15 0)
(1 -2.73222e-15 0)
(1 -1.79262e-15 0)
(1 2.10981e-16 0)
(1 -3.21163e-15 0)
(1 -2.36998e-15 0)
(1 -6.82329e-16 0)
(1 -2.33889e-15 0)
(1 -1.92902e-15 0)
(1 -2.32806e-15 0)
(1 -2.75951e-15 0)
(1 -2.20516e-15 0)
(1 -1.6335e-15 0)
(1 -2.04695e-15 0)
(1 -2.6236e-15 0)
(1 -4.37468e-15 0)
(1 -6.39751e-15 0)
(1 -3.51889e-15 0)
(1 -5.23155e-15 0)
(1 -1.01488e-15 0)
(1 -1.47143e-15 0)
(1 -3.45436e-15 0)
(1 -6.12621e-15 0)
(1 -5.60855e-15 0)
(1 -5.11969e-15 0)
(1 -5.77444e-15 0)
(1 -5.20875e-15 0)
(1 -4.90645e-15 0)
(1 -2.99652e-15 0)
(1 -2.78332e-15 0)
(1 -4.01e-15 0)
(1 -2.84698e-15 0)
(1 -3.16351e-15 0)
(1 -2.51808e-15 0)
(1 -5.36519e-16 0)
(1 -1.59562e-15 0)
(1 -1.31349e-15 0)
(1 -6.10259e-16 0)
(1 -2.04807e-15 0)
(1 -2.04245e-15 0)
(1 1.06539e-15 0)
(1 2.93815e-16 0)
(1 -1.80074e-15 0)
(1 -1.71542e-15 0)
(1 -1.63716e-15 0)
(1 -1.3037e-15 0)
(1 -2.08999e-15 0)
(1 -3.89522e-15 0)
(1 1.08395e-17 0)
(1 1.33505e-15 0)
(1 -3.97299e-15 0)
(1 -8.82577e-16 0)
(1 -5.40622e-15 0)
(1 -4.08151e-15 0)
(1 -3.90087e-15 0)
(1 -1.51113e-16 0)
(1 4.20552e-15 0)
(1 -4.39356e-16 0)
(1 1.87827e-16 0)
(1 1.04723e-15 0)
(1 -2.78692e-15 0)
(1 -4.9873e-15 0)
(1 -4.95676e-15 0)
(1 -2.34264e-15 0)
(1 -4.3139e-15 0)
(1 -4.28518e-15 0)
(1 -5.71868e-15 0)
(1 -5.29445e-15 0)
(1 -4.30297e-15 0)
(1 -5.09247e-15 0)
(1 -4.98058e-15 0)
(1 -2.41638e-15 0)
(1 -3.99235e-15 0)
(1 -3.4399e-15 0)
(1 -3.948e-15 0)
(1 -5.95599e-15 0)
(1 -3.01408e-15 0)
(1 -8.51697e-15 0)
(1 -6.11159e-15 0)
(1 -3.80932e-15 0)
(1 -4.79224e-15 0)
(1 -4.07887e-15 0)
(1 -5.14892e-15 0)
(1 -5.57217e-15 0)
(1 -5.01335e-15 0)
(1 -4.11553e-15 0)
(1 -1.40229e-15 0)
(1 -3.18848e-15 0)
(1 -2.22003e-15 0)
(1 -1.47232e-15 0)
(1 -5.01243e-15 0)
(1 -1.8112e-15 0)
(1 -4.6128e-15 0)
(1 -1.80815e-15 0)
(1 -3.60874e-15 0)
(1 -1.59698e-15 0)
(1 -1.9375e-15 0)
(1 -1.47024e-15 0)
(1 3.14861e-15 0)
(1 -2.5275e-15 0)
(1 -7.47017e-17 0)
(1 -1.24922e-15 0)
(1 -3.3515e-15 0)
(1 -2.06324e-15 0)
(1 -4.01736e-15 0)
(1 -2.29653e-15 0)
(1 -2.25049e-15 0)
(1 -2.09449e-15 0)
(1 -1.34098e-15 0)
(1 -1.26112e-15 0)
(1 -4.70325e-15 0)
(1 -3.11985e-15 0)
(1 -3.40732e-15 0)
(1 -4.21976e-15 0)
(1 -3.29205e-15 0)
(1 -4.95733e-15 0)
(1 -2.74103e-15 0)
(1 -4.87629e-15 0)
(1 -4.30013e-15 0)
(1 -3.64358e-15 0)
(1 -3.31912e-15 0)
(1 -2.73351e-15 0)
(1 -2.9315e-15 0)
(1 -2.34029e-15 0)
(1 -3.06336e-15 0)
(1 -4.73179e-15 0)
(1 -5.65076e-15 0)
(1 -3.44328e-15 0)
(1 -4.87402e-15 0)
(1 -3.81037e-15 0)
(1 -2.09775e-15 0)
(1 -2.23166e-15 0)
(1 -1.33391e-15 0)
(1 -1.95334e-15 0)
(1 -2.74116e-15 0)
(1 -1.05189e-15 0)
(1 -3.88977e-15 0)
(1 -1.0709e-15 0)
(1 -3.41298e-15 0)
(1 -4.31701e-15 0)
(1 5.02691e-16 0)
(1 5.00054e-16 0)
(1 -1.47825e-15 0)
(1 2.90884e-15 0)
(1 -2.59431e-15 0)
(1 -1.57455e-15 0)
(1 -1.25693e-15 0)
(1 -2.80491e-15 0)
(1 -1.78941e-15 0)
(1 -3.34705e-15 0)
(1 -3.20352e-15 0)
(1 1.15541e-15 0)
(1 -1.86402e-15 0)
(1 -1.8507e-15 0)
(1 -2.33677e-15 0)
(1 -4.00406e-16 0)
(1 2.38549e-15 0)
(1 -1.71294e-17 0)
(1 -2.62745e-15 0)
(1 3.24952e-16 0)
(1 -3.20629e-15 0)
(1 -7.0355e-15 0)
(1 -6.32503e-15 0)
(1 -6.02522e-15 0)
(1 -4.05635e-15 0)
(1 -4.72196e-15 0)
(1 -5.37755e-16 0)
(1 -4.73234e-15 0)
(1 -2.93031e-15 0)
(1 -5.27622e-15 0)
(1 -4.63725e-15 0)
(1 -1.02814e-15 0)
(1 -2.56244e-15 0)
(1 -1.8525e-15 0)
(1 -5.70358e-15 0)
(1 -6.04987e-15 0)
(1 -4.81425e-15 0)
(1 -7.66308e-15 0)
(1 -3.7432e-15 0)
(1 -4.17946e-15 0)
(1 -2.92867e-15 0)
(1 -6.82324e-15 0)
(1 -5.09258e-15 0)
(1 -2.49549e-15 0)
(1 -3.44662e-15 0)
(1 -9.65339e-16 0)
(1 -1.95674e-15 0)
(1 -3.07854e-15 0)
(1 -4.24733e-15 0)
(1 -5.20479e-15 0)
(1 -1.98164e-15 0)
(1 -3.43433e-15 0)
(1 -4.34303e-15 0)
(1 -2.93329e-15 0)
(1 -3.34804e-15 0)
(1 -3.42948e-15 0)
(1 -2.1598e-15 0)
(1 3.87291e-16 0)
(1 -1.53501e-15 0)
(1 -1.98723e-15 0)
(1 2.04796e-16 0)
(1 1.74871e-15 0)
(1 -2.28726e-15 0)
(1 -3.19716e-15 0)
(1 -1.46049e-15 0)
(1 -3.81971e-15 0)
(1 -2.67673e-15 0)
(1 -3.02815e-15 0)
(1 -7.63873e-16 0)
(1 -1.90385e-15 0)
(1 -3.81051e-15 0)
(1 -1.85466e-15 0)
(1 -3.36858e-15 0)
(1 -3.43601e-15 0)
(1 -2.65838e-15 0)
(1 -5.20019e-15 0)
(1 -3.47574e-15 0)
(1 -4.40646e-15 0)
(1 -1.15235e-15 0)
(1 -2.62575e-15 0)
(1 -3.31982e-15 0)
(1 -3.30551e-15 0)
(1 -3.75329e-15 0)
(1 -4.47945e-15 0)
(1 -5.55502e-15 0)
(1 -4.83232e-15 0)
(1 -3.70872e-15 0)
(1 -2.09718e-15 0)
(1 -2.4015e-15 0)
(1 -2.64504e-15 0)
(1 -3.79447e-15 0)
(1 -2.62169e-15 0)
(1 -1.65036e-15 0)
(1 -2.39866e-15 0)
(1 -3.10756e-15 0)
(1 -1.44689e-15 0)
(1 -3.3925e-15 0)
(1 -1.85731e-15 0)
(1 -2.75725e-15 0)
(1 -4.08786e-15 0)
(1 -7.88649e-16 0)
(1 -2.72275e-15 0)
(1 -9.53667e-17 0)
(1 -1.73854e-16 0)
(1 -3.548e-16 0)
(1 8.27111e-16 0)
(1 6.23202e-16 0)
(1 1.01463e-15 0)
(1 -4.44871e-15 0)
(1 -2.75693e-15 0)
(1 -1.92893e-15 0)
(1 -2.23872e-15 0)
(1 -1.91034e-17 0)
(1 -1.10232e-15 0)
(1 -8.29445e-16 0)
(1 -2.09058e-15 0)
(1 1.80277e-16 0)
(1 -8.67226e-16 0)
(1 -7.96873e-16 0)
(1 -3.49824e-15 0)
(1 -6.05942e-15 0)
(1 -7.87246e-15 0)
(1 -4.13589e-15 0)
(1 -3.33975e-15 0)
(1 -2.65989e-15 0)
(1 -3.69372e-15 0)
(1 -2.20666e-15 0)
(1 -3.15918e-15 0)
(1 -3.58389e-15 0)
(1 -5.0114e-15 0)
(1 -6.11863e-15 0)
(1 -3.27766e-15 0)
(1 -9.98117e-16 0)
(1 -1.59578e-15 0)
(1 -5.16687e-15 0)
(1 -5.28958e-15 0)
(1 -9.25694e-15 0)
(1 -2.94073e-15 0)
(1 -5.24723e-15 0)
(1 -6.85006e-16 0)
(1 -3.84221e-15 0)
(1 -5.56779e-15 0)
(1 -2.51702e-15 0)
(1 -2.58508e-15 0)
(1 -1.00542e-15 0)
(1 -9.72763e-16 0)
(1 -5.8772e-16 0)
(1 -2.81807e-15 0)
(1 -5.82458e-15 0)
(1 -4.92591e-15 0)
(1 -3.26122e-15 0)
(1 -4.71826e-15 0)
(1 -2.83749e-15 0)
(1 -1.91966e-15 0)
(1 -2.65563e-15 0)
(1 -1.53166e-15 0)
(1 -5.50763e-16 0)
(1 -7.40265e-16 0)
(1 -3.37162e-15 0)
(1 -2.36518e-15 0)
(1 -1.47009e-15 0)
(1 -2.66503e-15 0)
(1 -7.5412e-17 0)
(1 -1.17391e-15 0)
(1 -1.73167e-15 0)
(1 -1.79262e-15 0)
(1 -3.31839e-15 0)
(1 3.51805e-16 0)
(1 -8.77199e-16 0)
(1 -1.07002e-15 0)
(1 -4.1514e-16 0)
(1 -2.61212e-15 0)
(1 -4.08448e-15 0)
(1 -4.01233e-15 0)
(1 -3.94131e-15 0)
(1 -3.75319e-15 0)
(1 -4.51457e-15 0)
(1 -1.25922e-15 0)
(1 -3.98772e-15 0)
(1 -3.97644e-15 0)
(1 -2.0078e-15 0)
(1 -6.87171e-16 0)
(1 -3.20989e-15 0)
(1 -3.77049e-15 0)
(1 -5.57112e-15 0)
(1 -3.64012e-15 0)
(1 -3.3367e-15 0)
(1 -3.47323e-15 0)
(1 -1.21569e-15 0)
(1 -1.44026e-15 0)
(1 -3.37429e-15 0)
(1 -2.93104e-15 0)
(1 -2.37605e-15 0)
(1 -2.04078e-15 0)
(1 -1.89496e-15 0)
(1 -2.9706e-15 0)
(1 -2.47829e-15 0)
(1 -1.97107e-15 0)
(1 -6.36421e-16 0)
(1 -8.55734e-16 0)
(1 -7.86937e-16 0)
(1 -4.88391e-16 0)
(1 -6.85644e-16 0)
(1 -2.47444e-15 0)
(1 2.71387e-15 0)
(1 9.16979e-17 0)
(1 -1.35659e-15 0)
(1 -2.32416e-16 0)
(1 -3.70314e-15 0)
(1 -1.30933e-15 0)
(1 -1.5592e-15 0)
(1 -3.0162e-15 0)
(1 -6.95218e-17 0)
(1 -2.6161e-15 0)
(1 2.3519e-16 0)
(1 -1.36861e-15 0)
(1 -3.97847e-15 0)
(1 4.92664e-16 0)
(1 9.70572e-18 0)
(1 -2.7439e-15 0)
(1 -3.15703e-15 0)
(1 -6.83415e-15 0)
(1 -5.05889e-16 0)
(1 -2.61343e-15 0)
(1 -4.97468e-15 0)
(1 -2.39019e-15 0)
(1 -4.41618e-15 0)
(1 -6.454e-16 0)
(1 -4.58236e-16 0)
(1 -2.44031e-15 0)
(1 -2.57865e-15 0)
(1 -6.16339e-15 0)
(1 -3.45181e-15 0)
(1 -3.24127e-15 0)
(1 -2.59724e-15 0)
(1 -2.92157e-15 0)
(1 -4.61061e-15 0)
(1 -3.40683e-15 0)
(1 -5.33268e-15 0)
(1 -5.03627e-15 0)
(1 -6.84337e-15 0)
(1 -2.62294e-15 0)
(1 -2.61658e-15 0)
(1 -6.64752e-16 0)
(1 -1.78928e-15 0)
(1 -3.64563e-15 0)
(1 -4.6123e-15 0)
(1 -4.29784e-15 0)
(1 -3.81513e-15 0)
(1 -4.41296e-15 0)
(1 -4.24339e-15 0)
(1 -3.29964e-15 0)
(1 -3.61499e-16 0)
(1 -1.42084e-15 0)
(1 -9.07529e-16 0)
(1 -4.12144e-16 0)
(1 -1.97553e-15 0)
(1 -3.43617e-15 0)
(1 -8.44672e-16 0)
(1 -2.809e-15 0)
(1 -2.95749e-15 0)
(1 -2.37463e-15 0)
(1 7.94296e-17 0)
(1 3.73647e-16 0)
(1 -1.0646e-15 0)
(1 -2.40455e-15 0)
(1 -1.48442e-15 0)
(1 -1.226e-15 0)
(1 -1.27471e-15 0)
(1 -1.27935e-15 0)
(1 -9.92029e-16 0)
(1 -3.78439e-15 0)
(1 -2.04472e-15 0)
(1 -1.71888e-15 0)
(1 -2.8926e-15 0)
(1 -2.02497e-15 0)
(1 -3.13916e-15 0)
(1 -2.64641e-15 0)
(1 -4.34434e-15 0)
(1 -2.93021e-15 0)
(1 -3.07261e-15 0)
(1 -1.75289e-15 0)
(1 -1.70601e-15 0)
(1 -2.26944e-15 0)
(1 -2.90468e-15 0)
(1 -2.31155e-15 0)
(1 -4.18354e-15 0)
(1 -3.851e-15 0)
(1 -2.37455e-15 0)
(1 -1.29241e-15 0)
(1 -2.44974e-15 0)
(1 -2.12826e-15 0)
(1 -1.57608e-15 0)
(1 -6.97823e-16 0)
(1 2.71913e-16 0)
(1 -3.18243e-15 0)
(1 -2.76419e-15 0)
(1 -1.64378e-15 0)
(1 -2.53652e-15 0)
(1 -1.50526e-15 0)
(1 -4.50648e-16 0)
(1 8.34182e-16 0)
(1 -8.78228e-16 0)
(1 1.3175e-15 0)
(1 -2.44003e-16 0)
(1 -1.89747e-15 0)
(1 -3.89423e-16 0)
(1 -4.51968e-16 0)
(1 -3.02064e-15 0)
(1 -2.90221e-15 0)
(1 -3.02595e-15 0)
(1 -4.05588e-15 0)
(1 2.66016e-15 0)
(1 -6.33204e-16 0)
(1 1.07258e-15 0)
(1 -3.53323e-15 0)
(1 -3.82176e-15 0)
(1 1.47478e-16 0)
(1 -2.02457e-15 0)
(1 7.91008e-17 0)
(1 3.3018e-16 0)
(1 1.07672e-15 0)
(1 -1.28493e-15 0)
(1 -4.53614e-15 0)
(1 -4.82249e-15 0)
(1 -6.47138e-15 0)
(1 -7.01751e-15 0)
(1 -1.39889e-15 0)
(1 -1.60258e-15 0)
(1 -9.95982e-16 0)
(1 7.87272e-16 0)
(1 -4.16733e-15 0)
(1 -2.46975e-15 0)
(1 -3.11142e-15 0)
(1 -3.57187e-15 0)
(1 -3.84053e-15 0)
(1 -2.46094e-15 0)
(1 -5.65819e-15 0)
(1 -2.23568e-15 0)
(1 -7.94083e-15 0)
(1 -3.69475e-15 0)
(1 -1.59368e-15 0)
(1 -1.41055e-15 0)
(1 1.06261e-15 0)
(1 -1.23802e-15 0)
(1 -4.06213e-15 0)
(1 -5.05644e-15 0)
(1 -3.84378e-15 0)
(1 -3.48257e-15 0)
(1 -5.05488e-15 0)
(1 -5.07512e-15 0)
(1 -2.29195e-15 0)
(1 -1.66266e-15 0)
(1 9.26694e-16 0)
(1 -9.21251e-17 0)
(1 -2.54275e-16 0)
(1 -1.78238e-15 0)
(1 -2.79983e-15 0)
(1 -3.51581e-15 0)
(1 -2.94668e-15 0)
(1 -3.35083e-15 0)
(1 -9.39168e-16 0)
(1 4.74926e-16 0)
(1 -1.71679e-16 0)
(1 -5.74173e-16 0)
(1 -1.55709e-15 0)
(1 -4.30722e-16 0)
(1 -2.82727e-15 0)
(1 -3.0473e-15 0)
(1 -1.03463e-15 0)
(1 -1.2071e-15 0)
(1 -1.95849e-15 0)
(1 1.20074e-15 0)
(1 -6.23104e-16 0)
(1 -2.72414e-15 0)
(1 -3.1342e-15 0)
(1 -3.49028e-15 0)
(1 -2.81216e-15 0)
(1 -1.62063e-15 0)
(1 -1.37265e-15 0)
(1 -2.6657e-15 0)
(1 -9.4705e-16 0)
(1 -5.6506e-16 0)
(1 -3.80952e-15 0)
(1 -2.70731e-15 0)
(1 -2.44218e-15 0)
(1 -2.11731e-15 0)
(1 -2.33006e-15 0)
(1 -3.9123e-15 0)
(1 -2.5628e-15 0)
(1 -2.82497e-15 0)
(1 -2.53344e-15 0)
(1 -4.62141e-16 0)
(1 -5.32074e-16 0)
(1 4.04961e-16 0)
(1 -1.8183e-15 0)
(1 -1.82645e-15 0)
(1 -1.37134e-15 0)
(1 -2.60743e-15 0)
(1 -1.72881e-15 0)
(1 2.04989e-16 0)
(1 5.06743e-16 0)
(1 2.89346e-16 0)
(1 4.35212e-17 0)
(1 -6.80598e-16 0)
(1 -1.88796e-15 0)
(1 8.77896e-16 0)
(1 -2.15701e-15 0)
(1 4.71233e-16 0)
(1 -2.90694e-15 0)
(1 -7.54395e-16 0)
(1 -1.93048e-15 0)
(1 -1.38524e-16 0)
(1 -7.8613e-16 0)
(1 -9.38979e-16 0)
(1 -1.82304e-15 0)
(1 -4.99445e-16 0)
(1 -1.98892e-15 0)
(1 -9.72333e-16 0)
(1 -4.36489e-15 0)
(1 -3.3504e-16 0)
(1 3.47482e-16 0)
(1 -3.80149e-15 0)
(1 -1.9121e-15 0)
(1 -1.31916e-15 0)
(1 -4.88023e-15 0)
(1 -2.85354e-15 0)
(1 -2.83226e-15 0)
(1 -3.735e-15 0)
(1 -1.14959e-15 0)
(1 -1.64909e-15 0)
(1 3.79325e-16 0)
(1 -1.97378e-15 0)
(1 3.29408e-16 0)
(1 -2.4767e-15 0)
(1 -3.74345e-15 0)
(1 -5.37913e-15 0)
(1 -3.97661e-15 0)
(1 -4.08236e-15 0)
(1 -4.85094e-15 0)
(1 -2.00009e-15 0)
(1 -2.70862e-16 0)
(1 -8.78103e-16 0)
(1 -1.99202e-15 0)
(1 -2.69253e-15 0)
(1 -3.06047e-15 0)
(1 -1.46717e-16 0)
(1 -3.76636e-15 0)
(1 -5.87591e-15 0)
(1 -4.52591e-15 0)
(1 -4.29476e-15 0)
(1 2.41265e-16 0)
(1 -1.12175e-15 0)
(1 9.32945e-16 0)
(1 -4.45729e-16 0)
(1 -1.56986e-15 0)
(1 8.12156e-16 0)
(1 -1.3134e-15 0)
(1 -2.22412e-15 0)
(1 -1.16499e-15 0)
(1 -2.07091e-15 0)
(1 -3.04914e-15 0)
(1 -6.69581e-16 0)
(1 -6.32517e-16 0)
(1 6.81287e-17 0)
(1 1.7439e-16 0)
(1 -2.18541e-15 0)
(1 -2.37145e-15 0)
(1 -1.08331e-15 0)
(1 1.59945e-15 0)
(1 1.66179e-15 0)
(1 6.94483e-16 0)
(1 -2.20568e-15 0)
(1 -3.7075e-15 0)
(1 -3.92113e-15 0)
(1 -2.20306e-15 0)
(1 -3.27405e-15 0)
(1 -8.70273e-16 0)
(1 -1.20587e-15 0)
(1 -3.28501e-15 0)
(1 -1.92184e-15 0)
(1 -3.71676e-17 0)
(1 -2.03903e-16 0)
(1 -3.36273e-15 0)
(1 -1.20033e-15 0)
(1 -1.83425e-15 0)
(1 -4.27805e-16 0)
(1 -1.49875e-15 0)
(1 -9.60457e-16 0)
(1 -8.46258e-16 0)
(1 -7.3301e-16 0)
(1 -1.39541e-15 0)
(1 -2.01883e-15 0)
(1 -1.64229e-15 0)
(1 -1.44285e-15 0)
(1 -1.89435e-15 0)
(1 -9.87895e-16 0)
(1 -9.63556e-16 0)
(1 -2.56502e-15 0)
(1 -1.04273e-15 0)
(1 7.72788e-16 0)
(1 -9.59695e-16 0)
(1 1.29493e-15 0)
(1 7.42886e-16 0)
(1 -3.56536e-16 0)
(1 -6.25364e-16 0)
(1 -2.5389e-15 0)
(1 -2.73484e-15 0)
(1 1.67031e-15 0)
(1 -1.00539e-15 0)
(1 1.69839e-15 0)
(1 2.32013e-15 0)
(1 -4.55795e-15 0)
(1 -4.80252e-16 0)
(1 -3.65084e-15 0)
(1 -6.83234e-16 0)
(1 -1.39737e-15 0)
(1 -6.41719e-16 0)
(1 2.2358e-16 0)
(1 -1.28784e-15 0)
(1 -3.5355e-15 0)
(1 -1.32352e-15 0)
(1 -3.26936e-15 0)
(1 -3.30254e-15 0)
(1 -2.56237e-15 0)
(1 -6.95206e-16 0)
(1 -1.17563e-15 0)
(1 -2.30457e-15 0)
(1 -1.43972e-15 0)
(1 6.10901e-16 0)
(1 -1.5971e-15 0)
(1 -2.01219e-16 0)
(1 -3.59972e-15 0)
(1 -2.07331e-15 0)
(1 -3.01813e-15 0)
(1 -1.26432e-15 0)
(1 -4.77938e-15 0)
(1 -2.21698e-15 0)
(1 -3.94593e-15 0)
(1 -2.70204e-15 0)
(1 -1.38034e-15 0)
(1 -1.66091e-15 0)
(1 -1.50345e-15 0)
(1 -2.73717e-15 0)
(1 -2.6303e-15 0)
(1 -2.2923e-15 0)
(1 -2.29284e-15 0)
(1 -2.97717e-15 0)
(1 -4.83415e-15 0)
(1 -3.36568e-15 0)
(1 -8.31607e-16 0)
(1 -6.03446e-16 0)
(1 -1.02866e-15 0)
(1 -1.36433e-15 0)
(1 3.40218e-16 0)
(1 -2.969e-15 0)
(1 -3.904e-16 0)
(1 -2.04651e-16 0)
(1 9.21988e-16 0)
(1 6.16033e-17 0)
(1 -3.06742e-16 0)
(1 7.79176e-16 0)
(1 -3.12699e-15 0)
(1 -2.42146e-15 0)
(1 -2.00359e-15 0)
(1 -4.29348e-16 0)
(1 -2.22888e-16 0)
(1 7.73073e-16 0)
(1 2.93297e-16 0)
(1 4.0864e-16 0)
(1 -6.93166e-16 0)
(1 5.58308e-16 0)
(1 -1.054e-15 0)
(1 -8.87965e-16 0)
(1 -3.74476e-17 0)
(1 -4.94141e-16 0)
(1 -7.95707e-16 0)
(1 -1.05265e-15 0)
(1 -2.23706e-15 0)
(1 -8.49827e-16 0)
(1 -1.81138e-15 0)
(1 -1.58613e-15 0)
(1 -1.13046e-15 0)
(1 -1.26472e-15 0)
(1 1.50876e-15 0)
(1 -7.62524e-16 0)
(1 -8.94983e-16 0)
(1 -1.64194e-15 0)
(1 -2.40499e-15 0)
(1 -8.10818e-16 0)
(1 -1.14308e-15 0)
(1 -1.48572e-15 0)
(1 -1.35408e-15 0)
(1 -7.85801e-16 0)
(1 -3.63647e-16 0)
(1 -1.38971e-15 0)
(1 -1.06494e-15 0)
(1 -9.68764e-16 0)
(1 -1.19453e-15 0)
(1 -1.52455e-16 0)
(1 5.16859e-16 0)
(1 -1.25495e-15 0)
(1 1.18203e-15 0)
(1 4.24531e-16 0)
(1 -3.57748e-16 0)
(1 6.98755e-16 0)
(1 -3.34939e-15 0)
(1 9.46606e-17 0)
(1 -3.82825e-17 0)
(1 2.69772e-15 0)
(1 1.57767e-15 0)
(1 -4.16871e-15 0)
(1 -3.71036e-15 0)
(1 2.71221e-16 0)
(1 -1.73115e-15 0)
(1 -1.48207e-16 0)
(1 -4.23981e-16 0)
(1 1.59524e-15 0)
(1 -1.67581e-15 0)
(1 3.2303e-15 0)
(1 -2.43758e-15 0)
(1 -7.08829e-16 0)
(1 -2.63877e-15 0)
(1 -2.30592e-15 0)
(1 -4.85472e-16 0)
(1 8.7156e-16 0)
(1 -2.53248e-15 0)
(1 -4.59182e-16 0)
(1 -2.51749e-15 0)
(1 -2.2697e-15 0)
(1 -4.60232e-16 0)
(1 -1.72568e-15 0)
(1 -1.05638e-15 0)
(1 -3.9293e-15 0)
(1 -2.89019e-15 0)
(1 -9.20137e-16 0)
(1 -1.79051e-15 0)
(1 -2.21013e-15 0)
(1 -3.72377e-15 0)
(1 -9.57616e-16 0)
(1 1.17643e-15 0)
(1 -1.88165e-15 0)
(1 -6.28971e-16 0)
(1 -6.01218e-16 0)
(1 -7.76166e-16 0)
(1 -2.15786e-15 0)
(1 -4.56784e-15 0)
(1 -3.05644e-15 0)
(1 -1.77241e-15 0)
(1 -1.37072e-15 0)
(1 1.66334e-15 0)
(1 -1.2309e-15 0)
(1 -1.1116e-15 0)
(1 -1.04558e-15 0)
(1 -5.18204e-16 0)
(1 -2.34504e-15 0)
(1 -2.66857e-15 0)
(1 -2.36949e-16 0)
(1 1.06851e-15 0)
(1 -8.46797e-16 0)
(1 7.18144e-17 0)
(1 3.86105e-16 0)
(1 -3.09798e-15 0)
(1 -1.79192e-15 0)
(1 -1.93283e-15 0)
(1 3.47882e-16 0)
(1 1.34185e-15 0)
(1 1.91906e-15 0)
(1 8.1449e-16 0)
(1 -8.071e-16 0)
(1 -1.3631e-15 0)
(1 -1.08123e-15 0)
(1 -1.43031e-15 0)
(1 -1.34812e-15 0)
(1 -1.86538e-16 0)
(1 -8.84665e-16 0)
(1 5.22232e-16 0)
(1 -3.11744e-15 0)
(1 -2.71484e-15 0)
(1 -1.06527e-15 0)
(1 -5.26725e-17 0)
(1 -1.16973e-15 0)
(1 -2.40508e-16 0)
(1 8.52238e-16 0)
(1 8.32671e-16 0)
(1 5.20628e-16 0)
(1 -1.8652e-15 0)
(1 -1.30223e-15 0)
(1 -5.13235e-15 0)
(1 -2.03078e-15 0)
(1 -1.11292e-16 0)
(1 6.11151e-16 0)
(1 1.69316e-15 0)
(1 -2.74512e-16 0)
(1 -1.87834e-15 0)
(1 -1.0915e-15 0)
(1 -2.45844e-15 0)
(1 -4.1906e-16 0)
(1 1.92641e-15 0)
(1 4.42828e-16 0)
(1 -6.41855e-16 0)
(1 1.1505e-15 0)
(1 -1.15388e-15 0)
(1 -7.77375e-16 0)
(1 5.39554e-16 0)
(1 1.18511e-15 0)
(1 -1.0191e-15 0)
(1 1.05373e-15 0)
(1 -1.31885e-15 0)
(1 2.28483e-16 0)
(1 -1.7718e-16 0)
(1 -1.23999e-15 0)
(1 8.29584e-16 0)
(1 -8.21196e-16 0)
(1 -8.98061e-16 0)
(1 -2.39843e-16 0)
(1 -2.05915e-16 0)
(1 6.66274e-16 0)
(1 4.14295e-16 0)
(1 -6.74875e-16 0)
(1 1.11174e-15 0)
(1 -2.83455e-15 0)
(1 -2.4372e-15 0)
(1 -2.13822e-15 0)
(1 -2.20839e-16 0)
(1 7.4154e-16 0)
(1 6.67187e-16 0)
(1 -1.00513e-15 0)
(1 -3.21912e-15 0)
(1 -2.10338e-15 0)
(1 -8.16035e-16 0)
(1 1.16864e-15 0)
(1 3.76416e-16 0)
(1 -2.95869e-15 0)
(1 -2.87473e-15 0)
(1 -2.97038e-15 0)
(1 1.40753e-15 0)
(1 3.99127e-16 0)
(1 -1.24757e-15 0)
(1 6.72131e-16 0)
(1 1.67092e-15 0)
(1 -5.33093e-16 0)
(1 -1.01988e-15 0)
(1 -9.66202e-16 0)
(1 -1.93481e-15 0)
(1 -2.59321e-15 0)
(1 -1.68917e-15 0)
(1 -2.49252e-15 0)
(1 -1.06748e-15 0)
(1 2.03871e-17 0)
(1 2.0401e-15 0)
(1 -1.55937e-15 0)
(1 1.4237e-15 0)
(1 -1.78061e-15 0)
(1 -2.78184e-15 0)
(1 -1.8163e-15 0)
(1 2.13746e-16 0)
(1 -4.46885e-16 0)
(1 1.4868e-15 0)
(1 1.07979e-15 0)
(1 -5.03232e-16 0)
(1 4.90526e-16 0)
(1 -1.72795e-15 0)
(1 -1.61328e-15 0)
(1 1.82854e-16 0)
(1 3.10886e-16 0)
(1 4.54884e-16 0)
(1 -6.07948e-17 0)
(1 1.8561e-15 0)
(1 1.28119e-15 0)
(1 -7.32156e-16 0)
(1 -2.02874e-15 0)
(1 -2.44986e-15 0)
(1 -1.1768e-15 0)
(1 -1.36414e-15 0)
(1 -6.36943e-17 0)
(1 1.70296e-15 0)
(1 -3.32628e-15 0)
(1 -2.62597e-15 0)
(1 -2.30383e-15 0)
(1 -1.22325e-15 0)
(1 -7.75046e-16 0)
(1 -4.26334e-16 0)
(1 8.89073e-16 0)
(1 1.33998e-15 0)
(1 -9.81289e-18 0)
(1 -1.00875e-15 0)
(1 -2.3481e-16 0)
(1 -1.62956e-15 0)
(1 -9.34809e-16 0)
(1 8.71232e-16 0)
(1 2.72062e-16 0)
(1 1.72316e-15 0)
(1 -1.42105e-15 0)
(1 -1.31894e-15 0)
(1 -1.64393e-15 0)
(1 -1.01167e-15 0)
(1 -1.1387e-15 0)
(1 2.39327e-15 0)
(1 8.27261e-16 0)
(1 -5.40623e-16 0)
(1 1.40718e-15 0)
(1 -1.55005e-15 0)
(1 -5.42023e-16 0)
(1 -4.70027e-16 0)
(1 7.90749e-16 0)
(1 8.30797e-16 0)
(1 1.13848e-15 0)
(1 -9.34148e-16 0)
(1 -2.17275e-15 0)
(1 -1.93745e-15 0)
(1 2.47328e-15 0)
(1 1.57879e-15 0)
(1 -1.05308e-15 0)
(1 -7.61659e-16 0)
(1 -2.79025e-16 0)
(1 9.43539e-16 0)
(1 5.02305e-16 0)
(1 2.68884e-15 0)
(1 9.5146e-16 0)
(1 1.03903e-15 0)
(1 -2.65296e-15 0)
(1 -1.08657e-15 0)
(1 -2.49931e-15 0)
(1 -1.35729e-15 0)
(1 -1.6296e-16 0)
(1 1.50011e-15 0)
(1 -1.14679e-15 0)
(1 -6.54664e-16 0)
(1 8.12e-16 0)
(1 -1.30625e-15 0)
(1 5.85301e-16 0)
(1 2.12962e-16 0)
(1 -1.70573e-15 0)
(1 -2.80435e-15 0)
(1 -1.97638e-15 0)
(1 1.23194e-15 0)
(1 1.22832e-15 0)
(1 7.83529e-16 0)
(1 2.77031e-16 0)
(1 -2.72914e-16 0)
(1 -1.95267e-16 0)
(1 -1.88773e-15 0)
(1 -7.83376e-16 0)
(1 -9.26918e-16 0)
(1 -1.53369e-15 0)
(1 7.59515e-16 0)
(1 -3.52916e-16 0)
(1 2.09876e-16 0)
(1 2.91406e-16 0)
(1 4.01102e-16 0)
(1 -1.88293e-15 0)
(1 2.26259e-16 0)
(1 -3.05413e-16 0)
(1 -1.86062e-15 0)
(1 -7.60177e-16 0)
(1 1.55556e-15 0)
(1 -1.29984e-15 0)
(1 5.01732e-16 0)
(1 1.12017e-15 0)
(1 -2.34535e-16 0)
(1 2.113e-15 0)
(1 -8.01599e-16 0)
(1 -1.04422e-15 0)
(1 2.11081e-16 0)
(1 -5.14446e-16 0)
(1 -5.92315e-16 0)
(1 -3.17549e-16 0)
(1 1.04923e-15 0)
(1 1.02714e-15 0)
(1 -1.06687e-15 0)
(1 -3.25499e-16 0)
(1 6.73601e-16 0)
(1 1.80113e-15 0)
(1 7.38239e-16 0)
(1 3.83919e-16 0)
(1 1.25599e-15 0)
(1 -1.77218e-15 0)
(1 -1.62256e-15 0)
(1 -4.66113e-16 0)
(1 -1.25964e-15 0)
(1 -2.56894e-16 0)
(1 -2.82203e-16 0)
(1 3.80701e-16 0)
(1 1.46284e-15 0)
(1 -2.41211e-16 0)
(1 -6.52934e-16 0)
(1 -4.44501e-16 0)
(1 -8.96793e-16 0)
(1 -9.09059e-16 0)
(1 -7.44002e-16 0)
(1 -1.87501e-15 0)
(1 7.81234e-16 0)
(1 -8.19247e-16 0)
(1 3.69219e-16 0)
(1 -7.05837e-16 0)
(1 1.33504e-15 0)
(1 -1.58422e-15 0)
(1 7.93024e-16 0)
(1 1.14677e-15 0)
)
;

boundaryField
{
    inlet
    {
        type            calculated;
        value           uniform (1 0 0);
    }
    outlet
    {
        type            calculated;
        value           nonuniform List<vector> 
40
(
(1 -5.00396e-16 0)
(1 -1.02236e-15 0)
(1 -7.62106e-16 0)
(1 -1.82878e-15 0)
(1 -3.78467e-16 0)
(1 2.00749e-15 0)
(1 1.06495e-15 0)
(1 2.37293e-15 0)
(1 3.89792e-15 0)
(1 4.03448e-15 0)
(1 2.94213e-15 0)
(1 1.05068e-15 0)
(1 3.66672e-16 0)
(1 1.87086e-16 0)
(1 2.34813e-15 0)
(1 2.50458e-15 0)
(1 9.81782e-16 0)
(1 1.22237e-15 0)
(1 2.52204e-15 0)
(1 1.90379e-15 -1.47467e-49)
(1 1.50975e-15 1.54829e-49)
(1 1.0532e-15 0)
(1 -1.01999e-15 0)
(1 -1.56155e-16 0)
(1 -1.10855e-15 0)
(1 -8.2118e-16 0)
(1 3.74373e-16 0)
(1 4.78449e-16 0)
(1 -6.40334e-17 0)
(1 -1.8817e-15 0)
(1 -4.15556e-15 0)
(1 -3.92982e-15 0)
(1 -7.00224e-16 0)
(1 -1.37232e-15 0)
(1 -1.63438e-15 0)
(1 -9.86733e-16 0)
(1 -1.12807e-16 0)
(1 4.83915e-16 0)
(1 8.61674e-16 0)
(1 1.16163e-15 0)
)
;
    }
    down
    {
        type            empty;
    }
    up
    {
        type            empty;
    }
    sides
    {
        type            calculated;
        value           nonuniform List<vector> 
200
(
(1 0 0)
(1 0 0)
(1 0 0)
(1 0 0)
(1 0 0)
(1 0 0)
(1 0 0)
(1 0 0)
(1 0 0)
(1 0 0)
(1 0 0)
(1 0 0)
(1 0 0)
(1 0 0)
(1 0 0)
(1 0 0)
(1 0 0)
(1 0 0)
(1 0 0)
(1 0 0)
(1 0 0)
(1 0 0)
(1 0 0)
(1 0 0)
(1 0 0)
(1 0 0)
(1 0 0)
(1 0 0)
(1 0 0)
(1 0 0)
(1 0 0)
(1 0 0)
(1 0 0)
(1 0 0)
(1 0 0)
(1 0 0)
(1 0 0)
(1 0 0)
(1 0 0)
(1 0 0)
(1 0 0)
(1 0 0)
(1 0 0)
(1 0 0)
(1 0 0)
(1 0 0)
(1 0 0)
(1 0 0)
(1 0 0)
(1 0 0)
(1 0 0)
(1 0 0)
(1 0 0)
(1 0 0)
(1 0 0)
(1 0 0)
(1 0 0)
(1 0 0)
(1 0 0)
(1 0 0)
(1 0 0)
(1 0 0)
(1 0 0)
(1 0 0)
(1 0 0)
(1 0 0)
(1 0 0)
(1 0 0)
(1 0 0)
(1 0 0)
(1 0 0)
(1 0 0)
(1 0 0)
(1 0 0)
(1 0 0)
(1 0 0)
(1 0 0)
(1 0 0)
(1 0 0)
(1 0 0)
(1 0 0)
(1 0 0)
(1 0 0)
(1 0 0)
(1 0 0)
(1 0 0)
(1 0 0)
(1 0 0)
(1 0 0)
(1 0 0)
(1 0 0)
(1 0 0)
(1 0 0)
(1 0 0)
(1 0 0)
(1 0 0)
(1 0 0)
(1 0 0)
(1 0 0)
(1 0 0)
(1 0 0)
(1 0 0)
(1 0 0)
(1 0 0)
(1 0 0)
(1 0 0)
(1 0 0)
(1 0 0)
(1 0 0)
(1 0 0)
(1 0 0)
(1 0 0)
(1 0 0)
(1 0 0)
(1 0 0)
(1 0 0)
(1 0 0)
(1 0 0)
(1 0 0)
(1 0 0)
(1 0 0)
(1 0 0)
(1 0 0)
(1 0 0)
(1 0 0)
(1 0 0)
(1 0 0)
(1 0 0)
(1 0 0)
(1 0 0)
(1 0 0)
(1 0 0)
(1 0 0)
(1 0 0)
(1 0 0)
(1 0 0)
(1 0 0)
(1 0 0)
(1 0 0)
(1 0 0)
(1 0 0)
(1 0 0)
(1 0 0)
(1 0 0)
(1 0 0)
(1 0 0)
(1 0 0)
(1 0 0)
(1 0 0)
(1 0 0)
(1 0 0)
(1 0 0)
(1 0 0)
(1 0 0)
(1 0 0)
(1 0 0)
(1 0 0)
(1 0 0)
(1 0 0)
(1 0 0)
(1 0 0)
(1 0 0)
(1 0 0)
(1 0 0)
(1 0 0)
(1 0 0)
(1 0 0)
(1 0 0)
(1 0 0)
(1 0 0)
(1 0 0)
(1 0 0)
(1 0 0)
(1 0 0)
(1 0 0)
(1 0 0)
(1 0 0)
(1 0 0)
(1 0 0)
(1 0 0)
(1 0 0)
(1 0 0)
(1 0 0)
(1 0 0)
(1 0 0)
(1 0 0)
(1 0 0)
(1 0 0)
(1 0 0)
(1 0 0)
(1 0 0)
(1 0 0)
(1 0 0)
(1 0 0)
(1 0 0)
(1 0 0)
(1 0 0)
(1 0 0)
(1 0 0)
(1 0 0)
)
;
    }
}

