/*--------------------------------*- C++ -*----------------------------------*\
| =========                 |                                                 |
| \\      /  F ield         | OpenFOAM: The Open Source CFD Toolbox           |
|  \\    /   O peration     | Version:  v2012                                 |
|   \\  /    A nd           | Website:  www.openfoam.com                      |
|    \\/     M anipulation  |                                                 |
\*---------------------------------------------------------------------------*/
FoamFile
{
    version     2.0;
    format      ascii;
    class       volScalarField;
    location    "0";
    object      p;
}
// * * * * * * * * * * * * * * * * * * * * * * * * * * * * * * * * * * * * * //

dimensions      [0 2 -2 0 0 0 0];


internalField   nonuniform List<scalar> 
4000
(
-5.08186e-14
-5.35975e-14
-5.30254e-14
-4.62264e-14
-4.62908e-14
-4.08753e-14
-3.54298e-14
-4.67816e-14
-5.97405e-14
-5.98103e-14
-4.84503e-14
-5.70734e-14
-6.37164e-14
-6.05582e-14
-6.83235e-14
-7.60889e-14
-6.81027e-14
-6.58642e-14
-7.34578e-14
-8.51893e-14
-7.69602e-14
-7.81954e-14
-7.80873e-14
-7.77775e-14
-8.37412e-14
-8.41163e-14
-8.07635e-14
-7.86387e-14
-8.26414e-14
-8.27939e-14
-9.10742e-14
-8.64732e-14
-8.29541e-14
-8.73943e-14
-8.18837e-14
-7.1817e-14
-7.93331e-14
-9.20052e-14
-9.60442e-14
-9.43941e-14
-8.93505e-14
-8.46178e-14
-8.15674e-14
-8.65437e-14
-9.483e-14
-1.02165e-13
-9.74433e-14
-9.99556e-14
-9.99731e-14
-9.96051e-14
-9.60293e-14
-9.20856e-14
-8.78581e-14
-9.37299e-14
-9.17037e-14
-8.67739e-14
-8.76816e-14
-8.74251e-14
-8.09834e-14
-7.96118e-14
-8.76446e-14
-8.26533e-14
-7.84023e-14
-8.13803e-14
-8.08435e-14
-7.92939e-14
-8.46408e-14
-8.04741e-14
-8.21268e-14
-6.82806e-14
-6.53344e-14
-6.87589e-14
-7.0155e-14
-6.98585e-14
-6.63282e-14
-6.20702e-14
-6.1982e-14
-5.27541e-14
-5.6039e-14
-5.90894e-14
-7.83258e-14
-7.34548e-14
-5.95886e-14
-5.27821e-14
-3.81406e-14
-2.60752e-14
-2.90144e-14
-2.82031e-14
-2.50021e-14
-1.86148e-14
-1.72297e-14
-1.54472e-14
-1.64316e-14
-7.26056e-15
-9.36392e-15
-2.19577e-14
-2.28638e-14
-1.13682e-14
-8.47644e-15
-2.48668e-15
-5.31796e-14
-5.11965e-14
-5.13026e-14
-4.67914e-14
-4.56157e-14
-4.00203e-14
-4.10326e-14
-5.25089e-14
-5.25761e-14
-5.32454e-14
-5.07186e-14
-6.07223e-14
-6.39061e-14
-6.26763e-14
-6.83427e-14
-7.05896e-14
-7.15809e-14
-7.02306e-14
-7.28137e-14
-7.93577e-14
-7.55167e-14
-7.58998e-14
-7.87469e-14
-8.55614e-14
-8.92629e-14
-8.00371e-14
-7.99963e-14
-7.91426e-14
-7.87982e-14
-8.58181e-14
-8.62487e-14
-8.33091e-14
-8.37495e-14
-8.59751e-14
-8.36879e-14
-7.92796e-14
-8.46603e-14
-9.33589e-14
-8.78977e-14
-8.66377e-14
-8.82536e-14
-8.87162e-14
-8.75594e-14
-8.96194e-14
-8.94199e-14
-9.5977e-14
-9.85271e-14
-1.04929e-13
-1.0061e-13
-1.01172e-13
-9.74212e-14
-9.15156e-14
-8.98703e-14
-9.46508e-14
-9.22095e-14
-8.76075e-14
-8.59673e-14
-8.67927e-14
-8.07737e-14
-7.96432e-14
-8.86947e-14
-8.47503e-14
-7.62432e-14
-7.75327e-14
-7.81819e-14
-8.13828e-14
-8.69365e-14
-8.09472e-14
-7.33834e-14
-7.25613e-14
-6.83903e-14
-7.04834e-14
-6.39565e-14
-6.5319e-14
-6.71455e-14
-6.75242e-14
-5.74727e-14
-5.45181e-14
-5.89941e-14
-6.43336e-14
-7.58725e-14
-6.88769e-14
-5.75407e-14
-5.04258e-14
-4.15237e-14
-3.5324e-14
-2.8615e-14
-3.06095e-14
-2.72616e-14
-1.69801e-14
-1.11418e-14
-1.32334e-14
-1.02292e-14
-9.53725e-15
-1.31572e-14
-2.18602e-14
-1.81304e-14
-1.12559e-14
-9.91543e-15
-5.79067e-15
-5.27468e-14
-5.22875e-14
-5.04248e-14
-4.57279e-14
-4.29583e-14
-3.88228e-14
-4.48496e-14
-5.45577e-14
-5.25745e-14
-5.10471e-14
-4.84922e-14
-5.76368e-14
-6.20746e-14
-6.24121e-14
-6.92741e-14
-7.17857e-14
-7.30852e-14
-7.43826e-14
-6.8063e-14
-8.07514e-14
-7.51582e-14
-7.25699e-14
-7.96577e-14
-8.25708e-14
-8.37193e-14
-7.85871e-14
-7.98322e-14
-7.87827e-14
-8.15313e-14
-8.57914e-14
-8.37218e-14
-8.41768e-14
-8.70009e-14
-8.459e-14
-8.55958e-14
-8.33337e-14
-8.46834e-14
-8.61722e-14
-8.94016e-14
-9.00743e-14
-9.08629e-14
-9.61619e-14
-8.94564e-14
-8.9721e-14
-8.97104e-14
-9.78007e-14
-9.97696e-14
-1.03561e-13
-1.01692e-13
-9.72757e-14
-9.85582e-14
-9.68742e-14
-9.3301e-14
-9.27692e-14
-9.07641e-14
-8.7232e-14
-8.97649e-14
-8.32856e-14
-7.94326e-14
-8.41096e-14
-8.80694e-14
-8.68546e-14
-7.86161e-14
-7.63927e-14
-7.50633e-14
-7.85177e-14
-8.57631e-14
-7.94214e-14
-7.49872e-14
-7.16468e-14
-7.04542e-14
-7.30819e-14
-7.10909e-14
-6.41567e-14
-6.45377e-14
-6.3839e-14
-5.65293e-14
-5.82406e-14
-6.34362e-14
-6.45759e-14
-6.40035e-14
-6.14281e-14
-5.99262e-14
-5.62466e-14
-4.46901e-14
-3.60899e-14
-2.75813e-14
-2.9162e-14
-2.58223e-14
-1.79175e-14
-1.26639e-14
-9.81988e-15
-1.07694e-14
-1.37118e-14
-1.74595e-14
-1.97512e-14
-1.67263e-14
-1.20123e-14
-5.87375e-15
-5.37721e-15
-5.25636e-14
-5.24521e-14
-4.81472e-14
-5.09192e-14
-4.36504e-14
-4.12203e-14
-4.74435e-14
-5.31217e-14
-4.54876e-14
-4.95957e-14
-5.11194e-14
-6.39784e-14
-6.44381e-14
-6.05358e-14
-6.08315e-14
-6.80792e-14
-7.70466e-14
-7.51312e-14
-7.31753e-14
-7.68363e-14
-7.16978e-14
-7.58755e-14
-8.46958e-14
-8.44063e-14
-8.45077e-14
-7.71436e-14
-7.60655e-14
-7.36849e-14
-7.92988e-14
-8.29185e-14
-8.13599e-14
-8.25885e-14
-8.61958e-14
-8.75689e-14
-8.68378e-14
-8.7493e-14
-8.69689e-14
-9.20867e-14
-9.03406e-14
-8.79896e-14
-9.45626e-14
-9.31017e-14
-9.20805e-14
-9.13587e-14
-9.57731e-14
-9.99915e-14
-1.01418e-13
-9.80539e-14
-1.03861e-13
-1.0295e-13
-1.00965e-13
-9.45443e-14
-9.44706e-14
-9.25826e-14
-9.37432e-14
-8.83873e-14
-8.64824e-14
-8.63871e-14
-8.10629e-14
-8.29451e-14
-8.41291e-14
-8.29684e-14
-8.27098e-14
-7.60633e-14
-7.29609e-14
-8.12441e-14
-7.95618e-14
-7.68687e-14
-7.28002e-14
-6.90968e-14
-7.0147e-14
-7.17121e-14
-6.68566e-14
-6.16614e-14
-5.92113e-14
-6.57274e-14
-5.59778e-14
-5.7943e-14
-6.0329e-14
-6.16249e-14
-6.41003e-14
-5.936e-14
-5.78849e-14
-5.48336e-14
-4.49761e-14
-3.78874e-14
-2.98098e-14
-3.37489e-14
-2.71949e-14
-1.67372e-14
-1.29702e-14
-1.1387e-14
-7.52151e-15
-1.20711e-14
-1.47595e-14
-1.93939e-14
-1.28668e-14
-1.21356e-14
-8.34643e-15
-2.7699e-15
-4.85696e-14
-4.71386e-14
-4.74051e-14
-5.27169e-14
-5.32519e-14
-4.42603e-14
-4.12944e-14
-4.45404e-14
-4.96694e-14
-5.25096e-14
-5.0438e-14
-5.59703e-14
-6.90202e-14
-6.54135e-14
-6.35511e-14
-6.67745e-14
-6.7769e-14
-7.15673e-14
-7.89617e-14
-7.85375e-14
-7.11765e-14
-7.40374e-14
-8.32161e-14
-8.64445e-14
-8.47008e-14
-7.75162e-14
-7.02378e-14
-7.51529e-14
-7.00043e-14
-8.33548e-14
-8.3636e-14
-8.02198e-14
-8.47934e-14
-8.68603e-14
-9.07193e-14
-8.99912e-14
-9.06033e-14
-9.30084e-14
-9.27705e-14
-9.31974e-14
-9.85871e-14
-9.60688e-14
-9.32116e-14
-9.09301e-14
-1.0134e-13
-1.01645e-13
-1.02299e-13
-1.02418e-13
-1.02241e-13
-9.85022e-14
-1.01662e-13
-9.93183e-14
-9.77158e-14
-9.24127e-14
-9.1968e-14
-8.875e-14
-8.7844e-14
-8.9462e-14
-8.36224e-14
-8.09036e-14
-8.13629e-14
-8.45601e-14
-7.84701e-14
-7.54863e-14
-7.37266e-14
-7.69991e-14
-7.39795e-14
-7.13217e-14
-7.23845e-14
-7.32426e-14
-7.38371e-14
-7.25222e-14
-6.29094e-14
-6.49833e-14
-6.4347e-14
-6.70306e-14
-5.93725e-14
-5.71472e-14
-5.06178e-14
-5.7778e-14
-6.06034e-14
-5.39757e-14
-5.55097e-14
-5.20685e-14
-4.62687e-14
-4.25922e-14
-3.55402e-14
-3.25718e-14
-2.24372e-14
-1.67625e-14
-1.33408e-14
-8.19387e-15
-8.18344e-15
-9.34648e-15
-1.11601e-14
-1.54215e-14
-1.35493e-14
-1.10008e-14
-3.68382e-15
-3.9977e-15
-5.30961e-14
-4.7065e-14
-4.69035e-14
-5.18678e-14
-5.09975e-14
-3.89612e-14
-4.34351e-14
-4.75695e-14
-4.76624e-14
-6.00175e-14
-5.86572e-14
-5.67253e-14
-5.74119e-14
-5.83802e-14
-6.56032e-14
-6.64469e-14
-6.55789e-14
-6.97744e-14
-7.39045e-14
-7.84401e-14
-8.04417e-14
-7.9328e-14
-8.09858e-14
-8.04022e-14
-7.91591e-14
-7.55788e-14
-6.71796e-14
-7.48442e-14
-7.27098e-14
-7.82534e-14
-8.20301e-14
-8.30757e-14
-8.35907e-14
-8.57882e-14
-8.62534e-14
-9.47685e-14
-9.18111e-14
-9.33899e-14
-1.02194e-13
-9.92176e-14
-9.48146e-14
-9.24691e-14
-9.78427e-14
-9.43118e-14
-1.03563e-13
-1.01604e-13
-1.07563e-13
-1.03455e-13
-1.00087e-13
-1.02364e-13
-1.03995e-13
-9.71514e-14
-9.89738e-14
-9.69426e-14
-9.1979e-14
-8.8496e-14
-8.69879e-14
-8.8639e-14
-8.67856e-14
-8.31132e-14
-8.32908e-14
-8.30967e-14
-7.78644e-14
-7.91779e-14
-7.56818e-14
-7.29357e-14
-6.8358e-14
-7.06486e-14
-7.36958e-14
-6.91236e-14
-6.79484e-14
-7.1603e-14
-6.34701e-14
-6.7228e-14
-6.10309e-14
-5.89139e-14
-5.96652e-14
-5.96224e-14
-5.59121e-14
-5.23681e-14
-5.41688e-14
-5.4693e-14
-4.9387e-14
-5.45304e-14
-4.68108e-14
-3.8435e-14
-3.09679e-14
-3.35974e-14
-2.41013e-14
-2.21067e-14
-1.56088e-14
-3.48383e-15
-9.49101e-15
-1.07353e-14
-1.32664e-14
-1.30164e-14
-1.81615e-14
-1.18693e-14
-8.22607e-15
-1.9802e-15
-4.92853e-14
-4.90331e-14
-4.7414e-14
-4.79265e-14
-4.7588e-14
-4.33176e-14
-4.53423e-14
-4.95225e-14
-4.66375e-14
-5.51401e-14
-5.66535e-14
-6.07333e-14
-5.42309e-14
-6.10303e-14
-6.6279e-14
-6.36698e-14
-6.5511e-14
-6.68475e-14
-7.07536e-14
-8.19252e-14
-9.0877e-14
-8.86573e-14
-8.02355e-14
-7.64832e-14
-7.25667e-14
-7.2808e-14
-6.85108e-14
-7.16125e-14
-7.22901e-14
-7.51401e-14
-7.66294e-14
-8.5984e-14
-8.62739e-14
-8.9644e-14
-9.49412e-14
-9.70453e-14
-9.18858e-14
-9.26388e-14
-9.99996e-14
-1.01238e-13
-9.83731e-14
-1.00482e-13
-9.61584e-14
-9.82393e-14
-1.01793e-13
-9.80266e-14
-1.05973e-13
-1.05785e-13
-1.09795e-13
-1.05515e-13
-1.02616e-13
-9.29308e-14
-1.01017e-13
-9.71425e-14
-9.22688e-14
-8.99895e-14
-9.01038e-14
-9.03017e-14
-9.08881e-14
-8.52747e-14
-7.49728e-14
-7.51798e-14
-7.92305e-14
-8.43217e-14
-7.83148e-14
-7.67117e-14
-6.58935e-14
-6.96779e-14
-7.34843e-14
-7.38802e-14
-6.72719e-14
-6.40491e-14
-6.37027e-14
-6.12789e-14
-6.0532e-14
-5.97687e-14
-6.19551e-14
-6.10398e-14
-5.80622e-14
-5.09884e-14
-5.30505e-14
-5.1169e-14
-4.42001e-14
-4.80992e-14
-4.46185e-14
-3.94433e-14
-3.22762e-14
-2.95239e-14
-2.8205e-14
-2.23458e-14
-1.88422e-14
-1.00415e-14
-6.97936e-15
-1.17571e-14
-1.21901e-14
-1.821e-14
-2.02552e-14
-1.22252e-14
-8.99837e-15
-2.58029e-15
-5.33546e-14
-5.20325e-14
-5.17156e-14
-4.4796e-14
-3.84433e-14
-4.18287e-14
-5.4755e-14
-4.63745e-14
-4.53541e-14
-5.19224e-14
-5.56235e-14
-6.01673e-14
-5.70887e-14
-6.43211e-14
-6.30754e-14
-6.52573e-14
-6.47025e-14
-6.65387e-14
-7.75696e-14
-8.27238e-14
-8.31929e-14
-7.74936e-14
-7.44507e-14
-8.11282e-14
-7.56439e-14
-7.25435e-14
-7.65337e-14
-7.37543e-14
-7.58382e-14
-7.6591e-14
-7.97051e-14
-8.02668e-14
-8.01981e-14
-8.47372e-14
-1.00466e-13
-9.69622e-14
-9.44263e-14
-1.03345e-13
-1.03919e-13
-1.01903e-13
-1.00555e-13
-9.95204e-14
-9.57419e-14
-8.97272e-14
-9.91093e-14
-1.04072e-13
-1.07686e-13
-1.09703e-13
-1.02703e-13
-1.04882e-13
-1.0273e-13
-9.7197e-14
-9.79506e-14
-9.53781e-14
-9.75514e-14
-9.6482e-14
-9.12231e-14
-8.84341e-14
-8.321e-14
-8.39808e-14
-8.31435e-14
-7.81155e-14
-7.75877e-14
-7.74977e-14
-7.47594e-14
-7.49527e-14
-6.35495e-14
-6.67671e-14
-7.003e-14
-7.06672e-14
-6.48549e-14
-6.03977e-14
-6.63566e-14
-6.74449e-14
-6.64412e-14
-5.97154e-14
-5.88422e-14
-5.70591e-14
-5.47238e-14
-5.19082e-14
-5.22164e-14
-4.69626e-14
-4.52914e-14
-4.8764e-14
-5.04181e-14
-4.31066e-14
-3.06468e-14
-2.65852e-14
-2.64874e-14
-2.53897e-14
-2.1594e-14
-9.76228e-15
-1.18187e-14
-1.34026e-14
-1.65922e-14
-2.01801e-14
-1.73272e-14
-1.28089e-14
-4.41553e-15
-2.48401e-15
-5.03992e-14
-4.8982e-14
-4.71676e-14
-4.76377e-14
-4.94215e-14
-4.52511e-14
-4.4519e-14
-4.11114e-14
-4.49026e-14
-5.04247e-14
-5.63441e-14
-5.98976e-14
-6.59935e-14
-6.14771e-14
-6.79171e-14
-6.52209e-14
-6.36524e-14
-6.31744e-14
-7.0523e-14
-8.00204e-14
-8.61944e-14
-8.12751e-14
-7.40409e-14
-7.1214e-14
-8.14341e-14
-7.71752e-14
-7.71862e-14
-7.83921e-14
-7.64425e-14
-7.45882e-14
-7.59025e-14
-7.68689e-14
-8.94647e-14
-9.73316e-14
-1.0249e-13
-9.78078e-14
-1.01367e-13
-1.04255e-13
-1.05632e-13
-1.00364e-13
-9.63696e-14
-9.23504e-14
-1.00705e-13
-1.07757e-13
-1.0769e-13
-1.02235e-13
-1.05196e-13
-1.03555e-13
-1.03373e-13
-1.05925e-13
-1.03931e-13
-1.01162e-13
-9.69461e-14
-9.95936e-14
-9.70999e-14
-9.41856e-14
-9.09173e-14
-8.69863e-14
-7.97089e-14
-8.33387e-14
-8.54759e-14
-8.86766e-14
-8.14982e-14
-7.68702e-14
-7.03506e-14
-7.83303e-14
-6.54477e-14
-6.32641e-14
-7.07258e-14
-6.47256e-14
-6.66222e-14
-6.39024e-14
-6.37414e-14
-5.94678e-14
-6.65359e-14
-5.82953e-14
-5.77902e-14
-5.71976e-14
-5.61643e-14
-4.99051e-14
-4.99039e-14
-4.59874e-14
-4.7865e-14
-4.5484e-14
-4.5285e-14
-3.9131e-14
-3.32251e-14
-2.9257e-14
-2.73067e-14
-2.5968e-14
-2.18758e-14
-1.6227e-14
-1.68516e-14
-1.57648e-14
-1.5859e-14
-2.00358e-14
-1.76934e-14
-1.40434e-14
-9.13436e-15
-4.02448e-15
-4.82139e-14
-4.88041e-14
-4.84669e-14
-4.46902e-14
-4.76697e-14
-4.33249e-14
-4.26092e-14
-3.59403e-14
-4.04736e-14
-4.70798e-14
-5.85861e-14
-6.37241e-14
-7.12019e-14
-6.25117e-14
-6.65469e-14
-6.20077e-14
-6.21355e-14
-6.47344e-14
-7.23416e-14
-8.01916e-14
-8.29451e-14
-8.30841e-14
-8.34578e-14
-7.78659e-14
-7.44772e-14
-7.16484e-14
-7.99007e-14
-7.68959e-14
-7.80913e-14
-7.56866e-14
-7.38794e-14
-7.63266e-14
-8.74416e-14
-9.72695e-14
-1.12088e-13
-1.06299e-13
-1.02026e-13
-1.08805e-13
-1.01977e-13
-1.01113e-13
-1.01016e-13
-9.88675e-14
-1.02222e-13
-1.13309e-13
-1.03698e-13
-9.9158e-14
-1.03246e-13
-1.00924e-13
-1.05033e-13
-1.04574e-13
-1.0534e-13
-1.0269e-13
-9.91597e-14
-9.61644e-14
-9.41394e-14
-9.80077e-14
-9.37297e-14
-8.83484e-14
-8.80128e-14
-8.12361e-14
-8.08122e-14
-8.05305e-14
-7.65077e-14
-7.12772e-14
-6.93834e-14
-7.97148e-14
-7.83315e-14
-6.79452e-14
-6.79043e-14
-6.2517e-14
-6.41315e-14
-6.55887e-14
-5.85229e-14
-5.98116e-14
-6.34852e-14
-6.28916e-14
-6.36455e-14
-6.25842e-14
-5.03848e-14
-4.64591e-14
-4.66257e-14
-4.79461e-14
-4.71729e-14
-4.6559e-14
-4.39422e-14
-4.06845e-14
-3.65897e-14
-3.11485e-14
-2.85746e-14
-2.37192e-14
-2.40512e-14
-2.30906e-14
-2.13673e-14
-2.30651e-14
-1.94608e-14
-2.15967e-14
-2.07655e-14
-1.28303e-14
-4.96051e-15
-3.27158e-15
-4.57078e-14
-4.85e-14
-4.72149e-14
-3.76749e-14
-3.86986e-14
-3.8744e-14
-4.53854e-14
-4.02423e-14
-4.55609e-14
-4.67615e-14
-5.69972e-14
-6.34774e-14
-6.30449e-14
-6.2297e-14
-7.02113e-14
-6.59122e-14
-6.65109e-14
-6.75019e-14
-7.32227e-14
-7.83846e-14
-7.13146e-14
-8.03073e-14
-8.77914e-14
-8.01653e-14
-7.7598e-14
-7.92937e-14
-7.78745e-14
-7.91187e-14
-7.96781e-14
-7.88324e-14
-7.87431e-14
-7.99434e-14
-8.77936e-14
-1.0111e-13
-1.05067e-13
-1.07193e-13
-1.07378e-13
-1.13544e-13
-1.04844e-13
-1.04523e-13
-1.01929e-13
-9.98859e-14
-1.01998e-13
-1.11487e-13
-1.04426e-13
-1.00978e-13
-1.07602e-13
-1.05405e-13
-1.06325e-13
-1.0683e-13
-1.02125e-13
-1.04435e-13
-9.60184e-14
-9.13852e-14
-9.86439e-14
-1.00749e-13
-9.29654e-14
-8.60566e-14
-9.04528e-14
-8.60605e-14
-8.32756e-14
-8.45581e-14
-7.89425e-14
-6.93447e-14
-7.03846e-14
-7.86202e-14
-7.55606e-14
-6.97069e-14
-7.24807e-14
-5.81461e-14
-6.18113e-14
-6.10619e-14
-6.16848e-14
-6.1778e-14
-6.69572e-14
-6.36831e-14
-6.41226e-14
-5.87622e-14
-5.27752e-14
-4.66317e-14
-4.79723e-14
-4.1148e-14
-4.6131e-14
-4.75533e-14
-4.46494e-14
-4.74612e-14
-3.89437e-14
-2.91773e-14
-3.39769e-14
-2.23004e-14
-2.95419e-14
-2.56008e-14
-2.47543e-14
-2.83785e-14
-1.18799e-14
-1.27716e-14
-2.0468e-14
-2.08607e-14
-1.39493e-14
-1.26952e-15
-4.16846e-14
-4.26766e-14
-4.06947e-14
-3.67124e-14
-3.97753e-14
-4.3548e-14
-4.12883e-14
-3.85899e-14
-4.70441e-14
-5.65312e-14
-5.29918e-14
-5.70997e-14
-6.71249e-14
-6.38993e-14
-7.09799e-14
-7.5199e-14
-6.99539e-14
-6.47944e-14
-6.81716e-14
-7.17924e-14
-7.71408e-14
-7.86259e-14
-8.22022e-14
-8.1039e-14
-7.85291e-14
-8.32326e-14
-7.99687e-14
-7.15705e-14
-8.45375e-14
-8.05327e-14
-8.16632e-14
-8.7125e-14
-8.60859e-14
-1.01954e-13
-1.1011e-13
-1.14574e-13
-1.1248e-13
-1.08487e-13
-1.05334e-13
-1.01893e-13
-1.05239e-13
-1.07597e-13
-1.07791e-13
-1.04645e-13
-1.04008e-13
-1.03139e-13
-1.06308e-13
-9.98072e-14
-1.12551e-13
-1.11841e-13
-1.10717e-13
-1.02953e-13
-9.18764e-14
-9.11482e-14
-9.0685e-14
-9.83047e-14
-9.46649e-14
-9.05408e-14
-8.89215e-14
-8.52671e-14
-8.3883e-14
-7.9733e-14
-7.84292e-14
-6.72758e-14
-6.98637e-14
-7.67523e-14
-7.61925e-14
-6.80538e-14
-7.30327e-14
-6.77107e-14
-6.77944e-14
-6.12201e-14
-5.60332e-14
-5.91691e-14
-6.85166e-14
-6.90548e-14
-6.70447e-14
-6.15389e-14
-5.73801e-14
-4.74915e-14
-4.45242e-14
-4.67811e-14
-4.1713e-14
-4.29455e-14
-4.4246e-14
-4.70848e-14
-3.75814e-14
-3.16819e-14
-3.62714e-14
-2.97624e-14
-3.16744e-14
-2.78289e-14
-2.98096e-14
-2.72544e-14
-1.54318e-14
-1.59596e-14
-1.92047e-14
-1.94013e-14
-1.21896e-14
-1.49082e-15
-4.09938e-14
-3.95408e-14
-4.4073e-14
-3.79039e-14
-3.77526e-14
-3.42739e-14
-4.42894e-14
-5.00517e-14
-4.98663e-14
-5.79066e-14
-5.59886e-14
-6.07068e-14
-6.60181e-14
-6.37374e-14
-6.5425e-14
-6.39035e-14
-6.99318e-14
-6.92493e-14
-6.76851e-14
-6.62817e-14
-8.12816e-14
-8.8163e-14
-9.27947e-14
-7.68871e-14
-7.8034e-14
-8.01285e-14
-8.0116e-14
-7.93817e-14
-8.64282e-14
-7.91607e-14
-7.59092e-14
-8.45405e-14
-9.3945e-14
-1.0608e-13
-9.56735e-14
-1.12849e-13
-1.21172e-13
-1.18398e-13
-1.07138e-13
-1.0428e-13
-1.08706e-13
-1.04343e-13
-1.01262e-13
-9.61647e-14
-9.8781e-14
-1.13681e-13
-1.11052e-13
-1.09638e-13
-1.13385e-13
-1.07847e-13
-1.05505e-13
-9.84679e-14
-9.61343e-14
-9.5313e-14
-9.07117e-14
-8.91824e-14
-9.37231e-14
-9.69595e-14
-9.32808e-14
-9.37757e-14
-8.98175e-14
-7.91274e-14
-7.87341e-14
-7.11484e-14
-7.60223e-14
-6.86741e-14
-7.37569e-14
-6.9787e-14
-7.74133e-14
-7.205e-14
-6.97337e-14
-5.73207e-14
-6.02787e-14
-5.75536e-14
-6.49334e-14
-6.89103e-14
-6.90948e-14
-6.05265e-14
-5.66739e-14
-4.94526e-14
-4.85564e-14
-4.65538e-14
-4.28129e-14
-4.13405e-14
-3.93268e-14
-3.98127e-14
-4.02484e-14
-3.43318e-14
-3.8055e-14
-2.69004e-14
-3.70362e-14
-3.28498e-14
-3.2096e-14
-2.93969e-14
-2.13846e-14
-1.17678e-14
-1.60422e-14
-1.47733e-14
-1.68057e-14
-5.25088e-15
-4.10925e-14
-3.39231e-14
-3.50552e-14
-4.28907e-14
-4.26788e-14
-3.64092e-14
-4.62098e-14
-4.80769e-14
-5.09804e-14
-5.98079e-14
-5.86309e-14
-6.28352e-14
-6.75197e-14
-6.22934e-14
-6.25013e-14
-6.83643e-14
-7.88191e-14
-7.73572e-14
-6.86135e-14
-6.44847e-14
-6.82099e-14
-7.41726e-14
-7.93355e-14
-8.24368e-14
-8.56567e-14
-8.39873e-14
-8.32854e-14
-8.23056e-14
-8.44082e-14
-7.71946e-14
-8.21627e-14
-8.81648e-14
-9.79457e-14
-1.09439e-13
-1.09938e-13
-1.16101e-13
-1.1593e-13
-1.09943e-13
-1.08488e-13
-1.0322e-13
-1.08695e-13
-1.05775e-13
-9.74006e-14
-9.77144e-14
-1.02065e-13
-1.12112e-13
-1.1383e-13
-1.11802e-13
-1.04172e-13
-1.07852e-13
-1.02883e-13
-9.71549e-14
-9.87439e-14
-9.75766e-14
-9.2856e-14
-9.34826e-14
-9.13288e-14
-9.21543e-14
-8.62192e-14
-8.51756e-14
-8.69122e-14
-8.43069e-14
-8.63216e-14
-8.12241e-14
-7.43245e-14
-6.855e-14
-6.83242e-14
-7.05488e-14
-7.32045e-14
-6.97737e-14
-6.52316e-14
-7.0027e-14
-6.40629e-14
-6.47916e-14
-5.98143e-14
-7.0123e-14
-6.95871e-14
-6.2746e-14
-5.59553e-14
-4.837e-14
-4.91057e-14
-4.47408e-14
-4.25748e-14
-4.12443e-14
-4.00535e-14
-3.81091e-14
-4.00647e-14
-3.68374e-14
-3.44903e-14
-3.09138e-14
-3.68246e-14
-3.13837e-14
-3.23917e-14
-2.99542e-14
-2.55293e-14
-1.8301e-14
-1.28334e-14
-1.39549e-14
-1.41771e-14
-4.54264e-15
-4.12154e-14
-3.69068e-14
-3.80684e-14
-4.28497e-14
-4.23971e-14
-3.70206e-14
-4.60068e-14
-5.70196e-14
-5.91678e-14
-5.75399e-14
-5.6337e-14
-5.55578e-14
-6.43778e-14
-6.75738e-14
-6.72839e-14
-6.75253e-14
-6.44672e-14
-6.80601e-14
-6.77206e-14
-6.65923e-14
-7.73451e-14
-8.53829e-14
-8.87415e-14
-8.91965e-14
-8.47856e-14
-8.37376e-14
-8.00448e-14
-8.33258e-14
-8.04424e-14
-7.81887e-14
-7.63969e-14
-8.44421e-14
-9.93094e-14
-1.07713e-13
-1.18041e-13
-1.17491e-13
-1.15993e-13
-1.06159e-13
-1.02316e-13
-1.00976e-13
-1.12234e-13
-1.09999e-13
-1.00974e-13
-9.99887e-14
-9.90982e-14
-1.0993e-13
-1.08975e-13
-1.06249e-13
-1.0613e-13
-9.9858e-14
-9.60507e-14
-1.02628e-13
-1.03814e-13
-1.0474e-13
-9.75422e-14
-9.6315e-14
-9.60338e-14
-9.72361e-14
-9.32796e-14
-8.66538e-14
-8.28672e-14
-8.23252e-14
-8.62424e-14
-8.38857e-14
-7.48225e-14
-7.61818e-14
-7.3373e-14
-7.12459e-14
-6.72346e-14
-6.56338e-14
-7.06646e-14
-6.85831e-14
-6.75371e-14
-6.69573e-14
-5.69613e-14
-6.81539e-14
-6.7395e-14
-6.18581e-14
-5.00471e-14
-4.49555e-14
-4.49611e-14
-4.35611e-14
-4.8946e-14
-4.03644e-14
-3.92262e-14
-4.01473e-14
-4.12405e-14
-4.03005e-14
-3.17827e-14
-3.24275e-14
-3.50155e-14
-2.93186e-14
-3.04268e-14
-2.83605e-14
-2.33826e-14
-2.13236e-14
-1.65861e-14
-1.6937e-14
-1.29177e-14
-7.38204e-15
-3.98079e-14
-3.57684e-14
-3.59222e-14
-4.19398e-14
-4.24272e-14
-3.98873e-14
-4.44768e-14
-4.86866e-14
-6.43765e-14
-6.44776e-14
-6.22659e-14
-6.01089e-14
-6.36441e-14
-6.37363e-14
-6.25763e-14
-6.65816e-14
-6.76762e-14
-7.45717e-14
-7.90984e-14
-7.61428e-14
-6.67294e-14
-7.23435e-14
-8.13567e-14
-8.58369e-14
-8.5073e-14
-8.65533e-14
-8.3551e-14
-7.78912e-14
-8.35387e-14
-8.11514e-14
-8.6334e-14
-9.08686e-14
-1.01172e-13
-1.08082e-13
-1.14456e-13
-1.20021e-13
-1.11699e-13
-1.08828e-13
-1.00124e-13
-1.02193e-13
-1.12323e-13
-1.10894e-13
-9.98199e-14
-1.00535e-13
-1.01305e-13
-1.10696e-13
-1.06136e-13
-9.91736e-14
-1.06246e-13
-1.13567e-13
-1.0221e-13
-9.77624e-14
-1.02379e-13
-1.04891e-13
-9.67895e-14
-9.75284e-14
-9.7542e-14
-9.3027e-14
-8.57989e-14
-8.57936e-14
-8.83655e-14
-8.79632e-14
-8.90132e-14
-8.85155e-14
-7.35887e-14
-6.95982e-14
-7.65917e-14
-7.47628e-14
-7.22154e-14
-6.38621e-14
-6.43655e-14
-6.47433e-14
-6.97435e-14
-6.57811e-14
-6.03165e-14
-6.43913e-14
-6.40594e-14
-6.01726e-14
-5.15154e-14
-4.54836e-14
-4.27385e-14
-3.60811e-14
-4.49533e-14
-4.11175e-14
-3.74193e-14
-3.52398e-14
-4.15816e-14
-4.14469e-14
-3.19239e-14
-3.15943e-14
-3.12648e-14
-3.25846e-14
-3.2131e-14
-3.21897e-14
-1.83268e-14
-1.81017e-14
-1.90873e-14
-2.1433e-14
-8.92649e-15
-3.58878e-15
-3.6724e-14
-3.88256e-14
-4.30787e-14
-4.46053e-14
-4.54824e-14
-4.81656e-14
-5.33846e-14
-4.5865e-14
-4.98666e-14
-5.48031e-14
-6.34592e-14
-6.46407e-14
-6.60437e-14
-6.45217e-14
-6.41415e-14
-6.14099e-14
-6.78293e-14
-7.36453e-14
-6.81417e-14
-7.06825e-14
-7.92018e-14
-8.93118e-14
-9.41879e-14
-8.58043e-14
-8.5034e-14
-7.93585e-14
-7.85327e-14
-8.17729e-14
-8.05435e-14
-8.29406e-14
-8.77387e-14
-8.80955e-14
-9.8957e-14
-1.07155e-13
-1.14263e-13
-1.21915e-13
-1.12173e-13
-1.09006e-13
-1.05641e-13
-1.04724e-13
-1.1204e-13
-1.11811e-13
-1.05272e-13
-9.88366e-14
-1.00509e-13
-1.04184e-13
-1.04264e-13
-1.02819e-13
-1.03349e-13
-1.09503e-13
-1.01728e-13
-9.95421e-14
-1.01361e-13
-1.06146e-13
-1.01004e-13
-9.7486e-14
-1.00835e-13
-9.71746e-14
-8.98041e-14
-8.99726e-14
-8.69168e-14
-8.66645e-14
-8.784e-14
-8.50577e-14
-7.21031e-14
-7.0537e-14
-7.72292e-14
-7.64271e-14
-7.16891e-14
-6.75069e-14
-7.13871e-14
-6.6419e-14
-6.72541e-14
-6.39043e-14
-5.27248e-14
-5.9417e-14
-6.20927e-14
-5.59655e-14
-5.09884e-14
-4.30018e-14
-3.86707e-14
-3.44385e-14
-4.8398e-14
-4.48242e-14
-3.56994e-14
-3.36469e-14
-3.82527e-14
-3.58409e-14
-3.56906e-14
-3.44129e-14
-3.17407e-14
-3.22728e-14
-3.18876e-14
-2.96293e-14
-2.28222e-14
-2.05958e-14
-1.68966e-14
-1.27457e-14
-1.24509e-14
-4.64583e-15
-3.63696e-14
-3.79924e-14
-4.42828e-14
-4.62461e-14
-4.01287e-14
-4.06409e-14
-5.51033e-14
-5.49554e-14
-5.67915e-14
-6.18553e-14
-6.11835e-14
-5.74296e-14
-6.26535e-14
-7.11577e-14
-7.31889e-14
-6.22704e-14
-6.22222e-14
-6.69946e-14
-7.23531e-14
-7.83772e-14
-7.59536e-14
-8.94826e-14
-9.55236e-14
-8.6255e-14
-8.11544e-14
-7.82553e-14
-8.16573e-14
-8.12962e-14
-8.18403e-14
-8.35873e-14
-8.58988e-14
-8.91373e-14
-1.03941e-13
-1.06461e-13
-1.13782e-13
-1.22071e-13
-1.18092e-13
-1.08261e-13
-1.05755e-13
-1.03113e-13
-1.08299e-13
-1.04546e-13
-9.974e-14
-1.04973e-13
-1.06616e-13
-1.09633e-13
-1.11109e-13
-1.11238e-13
-1.09708e-13
-1.11083e-13
-1.02774e-13
-1.00529e-13
-1.02734e-13
-1.0361e-13
-9.92244e-14
-9.60432e-14
-9.82721e-14
-1.02708e-13
-9.52614e-14
-9.23797e-14
-8.74423e-14
-8.53397e-14
-8.24567e-14
-8.43316e-14
-7.49155e-14
-7.39169e-14
-7.39544e-14
-7.40756e-14
-7.66937e-14
-7.16455e-14
-7.01086e-14
-6.95215e-14
-6.58255e-14
-6.22018e-14
-5.76814e-14
-6.08839e-14
-5.54794e-14
-5.0892e-14
-4.40382e-14
-3.6463e-14
-3.85798e-14
-3.44281e-14
-4.68443e-14
-4.57247e-14
-3.91616e-14
-3.66745e-14
-4.03821e-14
-3.31396e-14
-3.28161e-14
-3.68624e-14
-2.72195e-14
-3.26594e-14
-3.34916e-14
-3.05033e-14
-2.35191e-14
-2.18544e-14
-2.08791e-14
-1.08765e-14
-8.53207e-15
-2.61726e-15
-4.28764e-14
-4.02729e-14
-4.3573e-14
-4.39371e-14
-4.51529e-14
-5.042e-14
-5.91022e-14
-5.80589e-14
-5.22661e-14
-5.70755e-14
-5.55841e-14
-5.57825e-14
-6.05556e-14
-7.22869e-14
-7.46953e-14
-6.42127e-14
-6.35473e-14
-6.65954e-14
-7.59454e-14
-8.12581e-14
-7.80785e-14
-9.11825e-14
-9.05121e-14
-8.47941e-14
-8.85081e-14
-7.794e-14
-7.87486e-14
-7.8267e-14
-8.02475e-14
-8.54244e-14
-8.58515e-14
-9.20129e-14
-1.05062e-13
-1.09589e-13
-1.18225e-13
-1.1987e-13
-1.14055e-13
-1.05728e-13
-1.07295e-13
-1.0704e-13
-1.08947e-13
-9.92228e-14
-1.01771e-13
-1.10507e-13
-1.09275e-13
-1.1419e-13
-1.11155e-13
-9.71056e-14
-1.01662e-13
-1.14435e-13
-1.11376e-13
-9.93435e-14
-1.02051e-13
-1.06923e-13
-1.01157e-13
-9.68198e-14
-1.00421e-13
-1.00914e-13
-9.90314e-14
-9.6628e-14
-8.45042e-14
-8.51676e-14
-8.73335e-14
-8.25069e-14
-7.86988e-14
-7.53937e-14
-7.45334e-14
-7.59577e-14
-7.42588e-14
-7.22401e-14
-7.4431e-14
-7.01815e-14
-6.4042e-14
-6.35951e-14
-6.05866e-14
-5.72515e-14
-5.33343e-14
-4.5484e-14
-4.47243e-14
-4.48421e-14
-3.56725e-14
-2.9587e-14
-4.12939e-14
-4.51052e-14
-4.08086e-14
-4.28296e-14
-4.01938e-14
-3.39224e-14
-3.37945e-14
-3.31979e-14
-3.12181e-14
-2.8993e-14
-3.20587e-14
-3.14546e-14
-2.48423e-14
-2.20361e-14
-2.00779e-14
-1.41829e-14
-1.36244e-14
-2.05712e-16
-3.91834e-14
-4.17352e-14
-4.48869e-14
-4.6407e-14
-5.1648e-14
-5.48234e-14
-5.49796e-14
-5.10493e-14
-5.43789e-14
-5.79533e-14
-5.36937e-14
-5.47295e-14
-6.0797e-14
-6.47879e-14
-7.39034e-14
-6.86825e-14
-6.81282e-14
-7.42581e-14
-7.22953e-14
-7.31706e-14
-8.17685e-14
-9.09818e-14
-9.06829e-14
-8.61189e-14
-8.43436e-14
-7.91073e-14
-7.79508e-14
-7.97784e-14
-7.78886e-14
-8.2387e-14
-8.53474e-14
-9.60748e-14
-1.09124e-13
-1.19155e-13
-1.20842e-13
-1.14347e-13
-1.13732e-13
-1.01163e-13
-1.05768e-13
-1.05413e-13
-1.07279e-13
-1.06622e-13
-1.06793e-13
-1.02531e-13
-1.08158e-13
-1.15884e-13
-1.14525e-13
-1.08289e-13
-1.06369e-13
-1.08111e-13
-1.01397e-13
-1.0522e-13
-1.08197e-13
-1.10555e-13
-1.06097e-13
-9.58575e-14
-1.00005e-13
-1.03582e-13
-1.02353e-13
-9.26845e-14
-8.7205e-14
-8.46274e-14
-8.82114e-14
-8.61857e-14
-7.5846e-14
-7.80457e-14
-7.75055e-14
-8.10034e-14
-7.80365e-14
-7.18775e-14
-6.98531e-14
-6.48135e-14
-6.60324e-14
-6.81634e-14
-6.09143e-14
-5.23624e-14
-5.14567e-14
-4.73715e-14
-3.95877e-14
-4.24487e-14
-4.11462e-14
-3.66106e-14
-3.93279e-14
-4.20725e-14
-3.78154e-14
-4.23386e-14
-4.00864e-14
-3.38029e-14
-3.50178e-14
-3.62741e-14
-3.44948e-14
-2.91382e-14
-2.32569e-14
-3.05234e-14
-2.94011e-14
-2.82953e-14
-1.81335e-14
-1.85812e-14
-1.74403e-14
-6.20443e-15
-3.79752e-14
-4.30722e-14
-5.05827e-14
-4.43855e-14
-5.32716e-14
-5.33831e-14
-5.52743e-14
-5.2366e-14
-5.44796e-14
-5.7981e-14
-5.23574e-14
-5.27823e-14
-5.93233e-14
-6.18981e-14
-6.82572e-14
-7.31258e-14
-6.89077e-14
-6.9562e-14
-7.17784e-14
-8.09554e-14
-8.3794e-14
-8.86813e-14
-9.32089e-14
-8.81039e-14
-8.74495e-14
-7.82975e-14
-7.2384e-14
-7.9937e-14
-8.38879e-14
-8.88367e-14
-8.49578e-14
-9.76431e-14
-1.10509e-13
-1.16474e-13
-1.14763e-13
-1.20935e-13
-1.13711e-13
-1.05391e-13
-1.07058e-13
-1.03231e-13
-9.98654e-14
-1.05007e-13
-1.05426e-13
-1.05641e-13
-1.11184e-13
-1.11164e-13
-1.15426e-13
-1.09997e-13
-1.02236e-13
-1.05562e-13
-1.11262e-13
-1.12518e-13
-1.0884e-13
-1.06856e-13
-1.0522e-13
-1.00269e-13
-9.95194e-14
-1.03645e-13
-9.71111e-14
-9.08244e-14
-8.9159e-14
-9.1658e-14
-9.20066e-14
-8.32347e-14
-7.76181e-14
-8.5124e-14
-8.1136e-14
-8.15524e-14
-8.18967e-14
-7.03178e-14
-6.5807e-14
-6.54217e-14
-7.16926e-14
-6.70226e-14
-6.38937e-14
-5.54735e-14
-4.49412e-14
-3.88758e-14
-4.04068e-14
-3.99945e-14
-3.99817e-14
-3.3963e-14
-4.75914e-14
-4.54331e-14
-3.96232e-14
-4.38061e-14
-3.48234e-14
-3.67449e-14
-3.72826e-14
-3.16548e-14
-2.33727e-14
-1.96466e-14
-2.2788e-14
-3.45502e-14
-2.89335e-14
-2.64076e-14
-2.39653e-14
-1.34879e-14
-1.79373e-14
-5.0699e-15
-4.17404e-14
-4.57709e-14
-4.7867e-14
-4.54862e-14
-4.70886e-14
-5.4442e-14
-6.12982e-14
-5.5682e-14
-5.65065e-14
-5.7419e-14
-5.13613e-14
-5.24472e-14
-5.7045e-14
-6.28029e-14
-7.24317e-14
-7.28872e-14
-6.88236e-14
-6.91113e-14
-7.24438e-14
-8.00711e-14
-8.63867e-14
-8.86881e-14
-8.59336e-14
-8.38615e-14
-8.8379e-14
-8.63742e-14
-8.05504e-14
-7.99855e-14
-8.15002e-14
-8.44925e-14
-7.74599e-14
-9.25236e-14
-1.06639e-13
-1.12493e-13
-1.20631e-13
-1.22096e-13
-1.1448e-13
-1.02043e-13
-1.08451e-13
-1.0486e-13
-1.00675e-13
-1.07008e-13
-1.05109e-13
-1.08815e-13
-1.12467e-13
-1.08351e-13
-1.09751e-13
-1.11765e-13
-1.0956e-13
-1.07165e-13
-1.12325e-13
-1.0605e-13
-1.06604e-13
-1.15019e-13
-1.1281e-13
-1.08864e-13
-1.01165e-13
-1.00517e-13
-9.81078e-14
-8.55406e-14
-8.57255e-14
-8.99678e-14
-9.07903e-14
-8.6114e-14
-7.93079e-14
-8.00524e-14
-7.94836e-14
-8.03094e-14
-8.10257e-14
-7.49507e-14
-6.85782e-14
-6.75201e-14
-6.36941e-14
-6.2774e-14
-6.57413e-14
-5.90442e-14
-4.72802e-14
-3.87207e-14
-4.19682e-14
-4.17071e-14
-4.07619e-14
-3.17511e-14
-4.2372e-14
-4.8395e-14
-3.75079e-14
-3.9479e-14
-3.64127e-14
-3.97553e-14
-3.80766e-14
-3.22665e-14
-2.98961e-14
-1.98778e-14
-2.33934e-14
-3.0963e-14
-2.0363e-14
-2.22284e-14
-2.30253e-14
-1.79653e-14
-1.58898e-14
-6.29691e-15
-4.71871e-14
-4.38989e-14
-4.39109e-14
-4.85781e-14
-5.2193e-14
-5.40752e-14
-5.41909e-14
-5.45111e-14
-5.84003e-14
-5.90984e-14
-5.01676e-14
-5.46245e-14
-5.86958e-14
-6.42133e-14
-6.70755e-14
-6.65261e-14
-5.8997e-14
-6.44834e-14
-7.23415e-14
-7.97055e-14
-9.34934e-14
-1.03262e-13
-9.15807e-14
-8.41223e-14
-8.4923e-14
-7.9988e-14
-8.81285e-14
-8.25458e-14
-8.97453e-14
-8.33298e-14
-8.11053e-14
-9.84704e-14
-1.03593e-13
-1.11906e-13
-1.14457e-13
-1.15006e-13
-1.16764e-13
-1.08433e-13
-1.10179e-13
-1.0515e-13
-1.00174e-13
-1.0378e-13
-1.07569e-13
-1.07233e-13
-1.0964e-13
-1.14899e-13
-1.08739e-13
-1.13647e-13
-1.12509e-13
-1.07422e-13
-1.12782e-13
-1.08913e-13
-1.09107e-13
-1.11627e-13
-1.1058e-13
-1.17033e-13
-1.07558e-13
-1.01811e-13
-9.1287e-14
-8.44951e-14
-8.79213e-14
-9.25891e-14
-9.3132e-14
-8.44361e-14
-7.49477e-14
-8.55874e-14
-8.33883e-14
-7.70193e-14
-7.56868e-14
-6.95154e-14
-7.39075e-14
-6.94356e-14
-6.50724e-14
-6.76004e-14
-6.75983e-14
-5.73782e-14
-5.1912e-14
-4.09604e-14
-3.39747e-14
-4.06809e-14
-4.09731e-14
-3.43426e-14
-4.53673e-14
-5.0643e-14
-4.21884e-14
-3.67949e-14
-3.4533e-14
-3.98626e-14
-4.03492e-14
-3.16056e-14
-1.94062e-14
-1.35075e-14
-1.50917e-14
-2.34222e-14
-2.56616e-14
-2.54682e-14
-2.381e-14
-1.33102e-14
-1.17289e-14
-1.38315e-15
-4.2806e-14
-4.79432e-14
-4.60225e-14
-5.05341e-14
-4.7678e-14
-5.10517e-14
-5.50828e-14
-5.71631e-14
-5.42015e-14
-5.61753e-14
-5.43031e-14
-5.57283e-14
-5.54311e-14
-5.93649e-14
-6.38465e-14
-7.30982e-14
-7.24484e-14
-7.11567e-14
-7.41088e-14
-8.48159e-14
-9.13094e-14
-9.25912e-14
-8.32374e-14
-8.78727e-14
-8.75262e-14
-7.9157e-14
-8.104e-14
-8.04784e-14
-8.51718e-14
-8.98168e-14
-8.79268e-14
-1.01353e-13
-1.05322e-13
-1.0854e-13
-1.14386e-13
-1.13968e-13
-1.14306e-13
-1.09443e-13
-1.13646e-13
-1.01143e-13
-1.03015e-13
-1.05798e-13
-1.07759e-13
-1.11345e-13
-1.08907e-13
-1.1311e-13
-1.1255e-13
-1.08125e-13
-1.09983e-13
-1.11592e-13
-1.17405e-13
-1.19454e-13
-1.12823e-13
-1.17607e-13
-1.15842e-13
-1.11939e-13
-1.01535e-13
-9.94559e-14
-9.37713e-14
-8.70911e-14
-8.29355e-14
-8.63017e-14
-9.03814e-14
-8.67945e-14
-8.25263e-14
-8.95343e-14
-7.83952e-14
-7.6066e-14
-6.65706e-14
-6.63254e-14
-7.62973e-14
-7.25507e-14
-6.81167e-14
-6.85997e-14
-6.57516e-14
-5.96695e-14
-5.13941e-14
-4.22272e-14
-3.86596e-14
-3.98432e-14
-3.9234e-14
-3.5941e-14
-4.17762e-14
-4.78078e-14
-4.56701e-14
-3.91842e-14
-3.22041e-14
-4.23036e-14
-4.40934e-14
-2.86649e-14
-2.12827e-14
-1.59768e-14
-1.51085e-14
-1.53936e-14
-2.03028e-14
-2.67844e-14
-2.03805e-14
-1.16779e-14
-1.04971e-14
-3.95281e-15
-4.33765e-14
-4.78517e-14
-4.1279e-14
-4.65159e-14
-5.16083e-14
-5.39825e-14
-5.68344e-14
-5.53456e-14
-5.90423e-14
-5.41999e-14
-4.65279e-14
-5.56603e-14
-5.56058e-14
-5.74597e-14
-6.32347e-14
-6.69655e-14
-7.08826e-14
-7.27029e-14
-7.45614e-14
-8.19746e-14
-9.45092e-14
-9.56072e-14
-9.10435e-14
-9.27473e-14
-8.69716e-14
-8.19565e-14
-7.85641e-14
-8.40461e-14
-9.2553e-14
-9.45073e-14
-9.29058e-14
-9.46155e-14
-1.06128e-13
-1.07826e-13
-1.09925e-13
-1.10077e-13
-1.15695e-13
-1.13149e-13
-1.13451e-13
-1.06728e-13
-1.02653e-13
-1.06265e-13
-1.10918e-13
-1.11889e-13
-1.06233e-13
-1.09777e-13
-1.15015e-13
-1.16062e-13
-1.11206e-13
-1.12652e-13
-1.1691e-13
-1.21662e-13
-1.12001e-13
-1.11939e-13
-1.10613e-13
-1.14431e-13
-1.15178e-13
-1.08812e-13
-9.1835e-14
-8.52544e-14
-8.39344e-14
-8.91428e-14
-9.51822e-14
-8.89458e-14
-8.65441e-14
-8.44941e-14
-8.16871e-14
-7.9697e-14
-7.01865e-14
-6.90647e-14
-7.34375e-14
-7.06738e-14
-7.16001e-14
-6.6665e-14
-6.31288e-14
-6.02101e-14
-5.11355e-14
-4.04923e-14
-3.73824e-14
-4.15284e-14
-3.6878e-14
-3.57038e-14
-5.10622e-14
-4.11444e-14
-4.2822e-14
-4.41079e-14
-4.05571e-14
-4.04505e-14
-3.55293e-14
-2.71137e-14
-2.30988e-14
-1.98498e-14
-1.4783e-14
-1.58379e-14
-1.90995e-14
-2.40016e-14
-2.45716e-14
-1.32654e-14
-1.0522e-14
-3.37238e-15
-4.53867e-14
-4.70792e-14
-4.48859e-14
-4.39646e-14
-4.28544e-14
-4.92397e-14
-5.49034e-14
-4.99061e-14
-5.32739e-14
-5.54965e-14
-5.58563e-14
-6.54979e-14
-6.38264e-14
-5.74397e-14
-5.92852e-14
-6.32685e-14
-7.49929e-14
-7.67914e-14
-7.79819e-14
-8.73788e-14
-9.20518e-14
-9.54168e-14
-8.7117e-14
-9.49746e-14
-9.28462e-14
-8.70326e-14
-8.24672e-14
-8.3278e-14
-8.61074e-14
-8.91594e-14
-9.5941e-14
-1.0671e-13
-1.12601e-13
-1.0823e-13
-1.09905e-13
-1.05502e-13
-1.07823e-13
-1.12678e-13
-1.06982e-13
-1.08535e-13
-1.10126e-13
-1.10207e-13
-1.10697e-13
-1.10905e-13
-1.10155e-13
-1.13979e-13
-1.12269e-13
-1.13938e-13
-1.13559e-13
-1.13955e-13
-1.2147e-13
-1.23698e-13
-1.14833e-13
-1.15471e-13
-1.14227e-13
-1.12049e-13
-1.0929e-13
-1.07336e-13
-9.43223e-14
-8.87921e-14
-8.99151e-14
-8.93828e-14
-8.60709e-14
-8.37417e-14
-8.49634e-14
-8.60312e-14
-8.19613e-14
-8.0877e-14
-7.47223e-14
-6.80358e-14
-7.41493e-14
-7.047e-14
-7.40951e-14
-6.80684e-14
-6.3009e-14
-6.40602e-14
-5.37426e-14
-4.04387e-14
-3.27794e-14
-3.90564e-14
-3.76756e-14
-3.8273e-14
-4.92124e-14
-4.66116e-14
-3.85329e-14
-4.16184e-14
-4.02839e-14
-3.64504e-14
-3.42594e-14
-2.85064e-14
-2.76898e-14
-1.56884e-14
-1.26653e-14
-1.36981e-14
-2.29763e-14
-2.56221e-14
-1.89981e-14
-1.1611e-14
-1.01119e-14
-2.55468e-15
-5.03488e-14
-4.49244e-14
-4.16334e-14
-4.25227e-14
-4.66174e-14
-5.49889e-14
-6.17452e-14
-5.08759e-14
-4.76764e-14
-5.22388e-14
-6.21823e-14
-7.14378e-14
-7.00062e-14
-5.72395e-14
-5.72451e-14
-6.10654e-14
-7.37251e-14
-7.80153e-14
-7.62967e-14
-8.24395e-14
-8.80504e-14
-9.37802e-14
-9.36763e-14
-9.83725e-14
-9.51201e-14
-9.11609e-14
-8.73196e-14
-8.28324e-14
-8.99133e-14
-9.58501e-14
-1.03398e-13
-1.08328e-13
-1.05192e-13
-1.02699e-13
-1.10252e-13
-1.12127e-13
-1.15265e-13
-1.11538e-13
-1.11311e-13
-1.16664e-13
-1.13182e-13
-1.12267e-13
-1.08714e-13
-1.07846e-13
-1.08051e-13
-1.14161e-13
-1.12116e-13
-1.17387e-13
-1.16186e-13
-1.19639e-13
-1.2237e-13
-1.26097e-13
-1.17947e-13
-1.19733e-13
-1.12958e-13
-1.08069e-13
-1.10953e-13
-1.08205e-13
-9.99311e-14
-9.15076e-14
-9.3173e-14
-8.84203e-14
-9.1198e-14
-8.91693e-14
-8.3989e-14
-7.63461e-14
-7.07621e-14
-7.61258e-14
-7.44784e-14
-7.92329e-14
-7.61318e-14
-6.80693e-14
-6.90075e-14
-6.55774e-14
-5.98017e-14
-6.10237e-14
-5.28226e-14
-4.7691e-14
-4.93916e-14
-4.7897e-14
-3.89091e-14
-3.87758e-14
-4.20354e-14
-3.87421e-14
-3.94401e-14
-3.82206e-14
-3.93694e-14
-4.15288e-14
-3.84263e-14
-2.97556e-14
-3.01472e-14
-1.47569e-14
-1.15322e-14
-1.31177e-14
-2.35205e-14
-2.31134e-14
-2.02334e-14
-1.05674e-14
-1.51429e-14
-8.13271e-15
-4.6644e-14
-4.83042e-14
-4.72555e-14
-4.50065e-14
-4.22387e-14
-4.69171e-14
-5.46984e-14
-5.19074e-14
-5.13055e-14
-5.67375e-14
-6.83434e-14
-7.23745e-14
-7.30975e-14
-6.39037e-14
-6.22237e-14
-5.52756e-14
-6.7442e-14
-7.60465e-14
-7.82952e-14
-8.9971e-14
-9.50477e-14
-9.66948e-14
-9.56456e-14
-9.47402e-14
-9.60557e-14
-9.57097e-14
-9.14123e-14
-8.49942e-14
-9.46276e-14
-9.77374e-14
-1.07141e-13
-1.06769e-13
-1.05443e-13
-1.11383e-13
-1.12505e-13
-1.05856e-13
-1.1053e-13
-1.13607e-13
-1.12363e-13
-1.1644e-13
-1.16223e-13
-1.09809e-13
-1.08211e-13
-1.10548e-13
-1.17011e-13
-1.19118e-13
-1.11243e-13
-1.19033e-13
-1.21376e-13
-1.22123e-13
-1.24845e-13
-1.29881e-13
-1.21568e-13
-1.18404e-13
-1.09981e-13
-1.13051e-13
-1.163e-13
-1.07556e-13
-1.04676e-13
-9.7426e-14
-8.87613e-14
-9.30517e-14
-8.95837e-14
-8.93788e-14
-8.73153e-14
-7.66077e-14
-7.35419e-14
-7.66359e-14
-7.22821e-14
-7.84545e-14
-7.22885e-14
-6.25596e-14
-6.47301e-14
-6.25588e-14
-6.49895e-14
-6.29859e-14
-5.68638e-14
-4.72029e-14
-4.3182e-14
-4.05128e-14
-3.9519e-14
-4.20093e-14
-3.91348e-14
-3.70107e-14
-3.78125e-14
-3.44395e-14
-3.71888e-14
-3.86285e-14
-3.74941e-14
-3.07917e-14
-3.25764e-14
-2.69463e-14
-1.55707e-14
-1.30786e-14
-1.98144e-14
-1.83413e-14
-1.83609e-14
-1.43794e-14
-1.78873e-14
-7.08877e-15
-4.978e-14
-4.43946e-14
-3.75124e-14
-4.59547e-14
-5.1631e-14
-5.25027e-14
-5.66734e-14
-5.4618e-14
-5.4519e-14
-5.69287e-14
-5.9271e-14
-6.7761e-14
-7.2035e-14
-7.15769e-14
-7.36589e-14
-6.59454e-14
-5.9878e-14
-7.01369e-14
-7.9388e-14
-8.38648e-14
-9.57744e-14
-9.49426e-14
-9.5396e-14
-9.59113e-14
-1.02319e-13
-9.51042e-14
-9.05224e-14
-9.28545e-14
-9.5167e-14
-9.82524e-14
-1.01491e-13
-1.05534e-13
-1.0853e-13
-1.14368e-13
-1.20295e-13
-1.10465e-13
-1.17369e-13
-1.16782e-13
-1.1272e-13
-1.14311e-13
-1.17723e-13
-1.13692e-13
-1.10277e-13
-1.09263e-13
-1.16496e-13
-1.19156e-13
-1.17945e-13
-1.20644e-13
-1.2404e-13
-1.23487e-13
-1.24462e-13
-1.26595e-13
-1.27056e-13
-1.25301e-13
-1.20128e-13
-1.12815e-13
-1.11909e-13
-1.07765e-13
-1.06677e-13
-1.04098e-13
-9.736e-14
-8.99407e-14
-8.70504e-14
-8.25213e-14
-8.69533e-14
-8.15657e-14
-7.23844e-14
-7.17866e-14
-7.35626e-14
-7.08765e-14
-6.80711e-14
-6.55355e-14
-6.1321e-14
-5.86658e-14
-6.29317e-14
-6.99397e-14
-5.49569e-14
-4.14967e-14
-3.93038e-14
-4.44132e-14
-5.02919e-14
-3.96477e-14
-3.97338e-14
-3.31671e-14
-3.72514e-14
-3.81841e-14
-4.44727e-14
-3.98474e-14
-3.59808e-14
-3.35538e-14
-3.34801e-14
-2.51048e-14
-2.04495e-14
-2.07922e-14
-1.58315e-14
-1.35413e-14
-1.20209e-14
-1.59529e-14
-1.92044e-14
-7.844e-15
-4.80992e-14
-4.72856e-14
-4.20524e-14
-4.39943e-14
-4.65738e-14
-5.03391e-14
-4.99483e-14
-5.35106e-14
-5.30526e-14
-6.11729e-14
-7.15884e-14
-7.21241e-14
-6.91658e-14
-6.72223e-14
-6.6639e-14
-5.79685e-14
-6.93972e-14
-7.10561e-14
-7.59087e-14
-9.33385e-14
-9.82337e-14
-9.92564e-14
-1.01271e-13
-9.36651e-14
-9.68301e-14
-1.00243e-13
-9.25946e-14
-9.48265e-14
-1.05193e-13
-1.02798e-13
-1.08047e-13
-1.06752e-13
-1.04112e-13
-1.07104e-13
-1.15169e-13
-1.11722e-13
-1.19254e-13
-1.16613e-13
-1.11242e-13
-1.14351e-13
-1.14442e-13
-1.15161e-13
-1.16984e-13
-1.16303e-13
-1.21008e-13
-1.13445e-13
-1.19809e-13
-1.29445e-13
-1.26888e-13
-1.28204e-13
-1.25798e-13
-1.21348e-13
-1.24759e-13
-1.25907e-13
-1.23593e-13
-1.15398e-13
-1.17439e-13
-1.12399e-13
-1.09338e-13
-1.06383e-13
-9.66726e-14
-9.00708e-14
-8.89907e-14
-7.94753e-14
-8.15238e-14
-8.15576e-14
-8.02549e-14
-7.82146e-14
-7.54747e-14
-6.44709e-14
-6.72497e-14
-6.18386e-14
-5.76575e-14
-6.17245e-14
-6.63792e-14
-6.50282e-14
-5.76761e-14
-4.2628e-14
-4.13603e-14
-4.14811e-14
-3.79211e-14
-3.8541e-14
-4.26146e-14
-3.40761e-14
-3.59271e-14
-3.57223e-14
-4.66163e-14
-4.31117e-14
-3.57645e-14
-2.94957e-14
-3.08451e-14
-2.78333e-14
-2.19613e-14
-1.75261e-14
-1.38502e-14
-1.36253e-14
-1.5782e-14
-1.53443e-14
-2.11642e-14
-7.0405e-15
-4.29891e-14
-4.20934e-14
-3.93484e-14
-4.45163e-14
-5.34061e-14
-5.1021e-14
-4.68544e-14
-5.68853e-14
-5.89043e-14
-5.93202e-14
-6.60034e-14
-7.14619e-14
-6.93353e-14
-6.81897e-14
-6.52488e-14
-6.48219e-14
-6.77076e-14
-7.10889e-14
-7.56076e-14
-8.83043e-14
-1.05229e-13
-1.08612e-13
-9.59871e-14
-8.88308e-14
-8.84527e-14
-9.20987e-14
-9.74237e-14
-1.02772e-13
-9.98633e-14
-1.01374e-13
-1.05181e-13
-1.11654e-13
-1.1089e-13
-1.15446e-13
-1.19362e-13
-1.14482e-13
-1.20973e-13
-1.14303e-13
-1.10474e-13
-1.13071e-13
-1.14007e-13
-1.12696e-13
-1.12012e-13
-1.24054e-13
-1.29674e-13
-1.21861e-13
-1.26178e-13
-1.29148e-13
-1.27279e-13
-1.29788e-13
-1.24599e-13
-1.20455e-13
-1.24118e-13
-1.28498e-13
-1.26712e-13
-1.22366e-13
-1.17335e-13
-1.12021e-13
-1.09671e-13
-1.07482e-13
-9.90973e-14
-9.10498e-14
-8.93651e-14
-8.13645e-14
-8.33299e-14
-7.87623e-14
-7.57832e-14
-7.47558e-14
-7.32399e-14
-7.5367e-14
-6.71791e-14
-6.02988e-14
-5.91145e-14
-6.38962e-14
-6.52848e-14
-6.21487e-14
-5.02953e-14
-4.15896e-14
-4.68121e-14
-4.33355e-14
-3.69429e-14
-3.66211e-14
-3.63927e-14
-3.72487e-14
-3.82348e-14
-3.80963e-14
-4.3421e-14
-3.95839e-14
-3.48966e-14
-3.22718e-14
-3.26387e-14
-2.58787e-14
-2.11776e-14
-1.15632e-14
-1.33096e-14
-1.49372e-14
-1.58446e-14
-1.27262e-14
-1.64178e-14
-6.17763e-15
-5.38517e-14
-4.00488e-14
-3.34381e-14
-3.79328e-14
-4.92391e-14
-5.29169e-14
-4.67035e-14
-5.52475e-14
-5.78844e-14
-5.80343e-14
-6.59019e-14
-7.35606e-14
-7.02067e-14
-8.04955e-14
-7.35784e-14
-6.17044e-14
-5.92153e-14
-7.28304e-14
-7.9558e-14
-9.2341e-14
-9.90383e-14
-9.69936e-14
-9.14109e-14
-9.03881e-14
-9.85483e-14
-9.72523e-14
-1.00094e-13
-1.06129e-13
-1.0312e-13
-1.06435e-13
-1.12007e-13
-1.18563e-13
-1.13638e-13
-1.11817e-13
-1.13978e-13
-1.16073e-13
-1.12523e-13
-1.11199e-13
-1.07689e-13
-1.15758e-13
-1.19026e-13
-1.1073e-13
-1.22144e-13
-1.26149e-13
-1.24383e-13
-1.23949e-13
-1.29726e-13
-1.32974e-13
-1.31803e-13
-1.27023e-13
-1.25785e-13
-1.27603e-13
-1.24469e-13
-1.2608e-13
-1.26962e-13
-1.25224e-13
-1.18876e-13
-1.07963e-13
-1.08698e-13
-1.08764e-13
-1.04815e-13
-9.48987e-14
-9.05717e-14
-8.64586e-14
-8.36363e-14
-7.67739e-14
-7.32104e-14
-7.76176e-14
-7.28803e-14
-6.74354e-14
-6.35998e-14
-6.46456e-14
-6.21916e-14
-6.70616e-14
-6.67679e-14
-5.52655e-14
-4.89884e-14
-4.6328e-14
-4.21618e-14
-4.23627e-14
-3.77253e-14
-4.3517e-14
-3.71098e-14
-3.67143e-14
-3.52586e-14
-3.69639e-14
-3.89002e-14
-4.31273e-14
-3.7094e-14
-3.14254e-14
-2.79932e-14
-2.02874e-14
-1.59652e-14
-9.78005e-15
-1.5573e-14
-1.22541e-14
-1.22982e-14
-7.72645e-15
-9.77148e-15
-2.56273e-15
-4.12424e-14
-4.24239e-14
-3.95821e-14
-4.46564e-14
-4.70492e-14
-4.66763e-14
-4.60424e-14
-5.01194e-14
-5.94008e-14
-5.8467e-14
-6.3455e-14
-7.39543e-14
-7.90916e-14
-6.72274e-14
-6.33671e-14
-6.66125e-14
-6.91518e-14
-7.96865e-14
-7.46007e-14
-8.36056e-14
-9.96013e-14
-9.95359e-14
-9.60988e-14
-9.12986e-14
-9.06147e-14
-8.96566e-14
-1.03751e-13
-1.08796e-13
-1.0568e-13
-1.11908e-13
-1.14775e-13
-1.16587e-13
-1.11268e-13
-1.09416e-13
-1.2056e-13
-1.19876e-13
-1.1576e-13
-1.1693e-13
-1.16041e-13
-1.14678e-13
-1.14436e-13
-1.13612e-13
-1.24394e-13
-1.26055e-13
-1.29257e-13
-1.26803e-13
-1.31377e-13
-1.3431e-13
-1.31787e-13
-1.2477e-13
-1.27579e-13
-1.30806e-13
-1.2877e-13
-1.27074e-13
-1.23628e-13
-1.25967e-13
-1.17856e-13
-1.12207e-13
-1.15302e-13
-1.11701e-13
-1.07421e-13
-9.7975e-14
-9.08024e-14
-8.32307e-14
-8.06307e-14
-7.85686e-14
-7.66753e-14
-7.06304e-14
-7.07091e-14
-6.83232e-14
-6.6666e-14
-6.51299e-14
-6.79157e-14
-6.22656e-14
-6.2158e-14
-5.51718e-14
-4.71494e-14
-5.0215e-14
-4.13945e-14
-3.78858e-14
-3.87986e-14
-4.16919e-14
-3.83473e-14
-3.83552e-14
-3.69204e-14
-4.12961e-14
-4.15043e-14
-4.08861e-14
-3.76662e-14
-3.18533e-14
-2.59568e-14
-1.80682e-14
-1.31381e-14
-1.09225e-14
-1.28861e-14
-8.63792e-15
-1.32126e-14
-8.39313e-15
-5.59062e-15
-1.67228e-15
-3.96056e-14
-4.35698e-14
-4.07504e-14
-4.31745e-14
-4.66538e-14
-4.44965e-14
-4.43766e-14
-4.70904e-14
-5.3427e-14
-5.8937e-14
-6.85634e-14
-7.63554e-14
-7.79474e-14
-7.06177e-14
-7.45748e-14
-7.09164e-14
-6.84558e-14
-7.19725e-14
-7.48916e-14
-8.29715e-14
-9.84675e-14
-9.77652e-14
-9.09549e-14
-9.15683e-14
-9.12906e-14
-9.49002e-14
-1.05633e-13
-1.06992e-13
-1.0437e-13
-1.15632e-13
-1.18715e-13
-1.21704e-13
-1.17212e-13
-1.11275e-13
-1.15115e-13
-1.16432e-13
-1.16109e-13
-1.1504e-13
-1.13797e-13
-1.12969e-13
-1.13267e-13
-1.22186e-13
-1.2222e-13
-1.28746e-13
-1.29735e-13
-1.30546e-13
-1.29597e-13
-1.33708e-13
-1.31725e-13
-1.27869e-13
-1.30111e-13
-1.30152e-13
-1.28947e-13
-1.29275e-13
-1.27774e-13
-1.23751e-13
-1.17386e-13
-1.14571e-13
-1.14823e-13
-1.11204e-13
-1.06122e-13
-1.00279e-13
-8.82529e-14
-8.72626e-14
-8.71049e-14
-8.30886e-14
-7.21272e-14
-7.27701e-14
-7.56764e-14
-6.82741e-14
-6.20936e-14
-6.18475e-14
-6.96015e-14
-6.62952e-14
-6.17595e-14
-5.60954e-14
-4.92589e-14
-4.35277e-14
-3.86343e-14
-4.31502e-14
-4.38373e-14
-4.25763e-14
-3.7221e-14
-3.26237e-14
-3.90455e-14
-4.1483e-14
-4.14024e-14
-3.94507e-14
-3.67465e-14
-3.2092e-14
-2.76716e-14
-1.45266e-14
-1.01461e-14
-6.72618e-15
-1.26263e-14
-1.30898e-14
-1.41977e-14
-8.17431e-15
-4.13063e-15
-4.61557e-16
-3.96863e-14
-4.58305e-14
-3.99906e-14
-4.72731e-14
-4.42394e-14
-3.90929e-14
-4.38742e-14
-4.98102e-14
-5.78353e-14
-6.71912e-14
-6.85688e-14
-6.85796e-14
-8.00295e-14
-6.98104e-14
-7.4774e-14
-7.45976e-14
-7.19116e-14
-7.29545e-14
-7.74621e-14
-7.60909e-14
-9.58393e-14
-1.03626e-13
-9.42733e-14
-9.31364e-14
-9.5753e-14
-9.45525e-14
-1.07508e-13
-1.09422e-13
-1.08086e-13
-1.09537e-13
-1.12828e-13
-1.19072e-13
-1.18247e-13
-1.17068e-13
-1.20918e-13
-1.20621e-13
-1.13235e-13
-1.12213e-13
-1.13677e-13
-1.13724e-13
-1.16578e-13
-1.19649e-13
-1.24851e-13
-1.28487e-13
-1.23177e-13
-1.26185e-13
-1.32692e-13
-1.33101e-13
-1.30307e-13
-1.28151e-13
-1.30974e-13
-1.36016e-13
-1.31434e-13
-1.30488e-13
-1.2954e-13
-1.19814e-13
-1.1915e-13
-1.15523e-13
-1.12223e-13
-1.09906e-13
-1.11572e-13
-1.02315e-13
-9.59093e-14
-8.7086e-14
-8.39887e-14
-8.23159e-14
-6.90465e-14
-7.21405e-14
-7.44945e-14
-6.54347e-14
-6.59241e-14
-6.89641e-14
-7.06956e-14
-6.60337e-14
-5.71847e-14
-5.07038e-14
-4.83088e-14
-4.19839e-14
-3.88962e-14
-4.02175e-14
-4.12528e-14
-3.91563e-14
-4.2411e-14
-3.86346e-14
-4.26743e-14
-4.18492e-14
-4.03054e-14
-4.59317e-14
-3.49639e-14
-2.71008e-14
-2.38209e-14
-1.28819e-14
-1.40497e-14
-9.56298e-15
-1.30157e-14
-1.05508e-14
-7.41623e-15
-3.91258e-15
-5.17168e-15
-1.62608e-15
-4.41714e-14
-4.91721e-14
-4.32533e-14
-4.18548e-14
-4.08324e-14
-4.12e-14
-3.91843e-14
-4.94897e-14
-6.38802e-14
-6.28012e-14
-6.25073e-14
-7.47552e-14
-8.82348e-14
-7.50318e-14
-8.16095e-14
-8.18801e-14
-7.24992e-14
-6.73629e-14
-7.57801e-14
-8.2601e-14
-9.30121e-14
-9.91841e-14
-9.71238e-14
-8.96179e-14
-9.13764e-14
-9.60369e-14
-1.07984e-13
-1.09706e-13
-1.0952e-13
-1.13779e-13
-1.14199e-13
-1.16866e-13
-1.18461e-13
-1.16037e-13
-1.23472e-13
-1.19083e-13
-1.11838e-13
-1.12634e-13
-1.1173e-13
-1.11778e-13
-1.19095e-13
-1.21582e-13
-1.2495e-13
-1.27642e-13
-1.23531e-13
-1.26029e-13
-1.28394e-13
-1.32277e-13
-1.33154e-13
-1.29253e-13
-1.29879e-13
-1.32916e-13
-1.31983e-13
-1.34091e-13
-1.25153e-13
-1.23604e-13
-1.18624e-13
-1.15132e-13
-1.15072e-13
-1.11287e-13
-1.11245e-13
-1.03983e-13
-9.30554e-14
-9.10284e-14
-8.76939e-14
-7.95226e-14
-6.91239e-14
-7.46749e-14
-7.27601e-14
-7.06113e-14
-7.0083e-14
-6.61259e-14
-6.73115e-14
-6.25551e-14
-5.47612e-14
-5.35046e-14
-5.29249e-14
-4.70881e-14
-3.75366e-14
-4.04094e-14
-3.90342e-14
-3.8247e-14
-4.02167e-14
-3.45414e-14
-4.0905e-14
-4.00196e-14
-4.31818e-14
-4.16281e-14
-3.33027e-14
-2.79049e-14
-2.27055e-14
-1.61804e-14
-1.47087e-14
-9.21398e-15
-1.33157e-14
-1.15629e-14
-7.48977e-15
-7.11322e-15
-1.85296e-15
-2.62285e-15
-4.59393e-14
-4.88506e-14
-4.54611e-14
-3.98598e-14
-3.80196e-14
-4.16664e-14
-4.33219e-14
-5.02748e-14
-6.30635e-14
-6.52824e-14
-7.02663e-14
-7.61215e-14
-8.21848e-14
-7.40293e-14
-7.39498e-14
-7.35521e-14
-7.85311e-14
-7.95901e-14
-7.96298e-14
-8.4651e-14
-8.95551e-14
-9.46723e-14
-1.01385e-13
-9.05274e-14
-9.13698e-14
-9.91559e-14
-1.06506e-13
-1.06304e-13
-1.10917e-13
-1.16223e-13
-1.1515e-13
-1.17748e-13
-1.21184e-13
-1.17107e-13
-1.1252e-13
-1.15691e-13
-1.11192e-13
-1.08624e-13
-1.15103e-13
-1.20936e-13
-1.17007e-13
-1.18762e-13
-1.23722e-13
-1.25685e-13
-1.22078e-13
-1.25255e-13
-1.2433e-13
-1.31582e-13
-1.33944e-13
-1.32053e-13
-1.28871e-13
-1.34954e-13
-1.32796e-13
-1.35775e-13
-1.33046e-13
-1.26637e-13
-1.18584e-13
-1.15592e-13
-1.14042e-13
-1.09258e-13
-1.08638e-13
-1.02477e-13
-9.32615e-14
-8.82208e-14
-8.82719e-14
-8.37353e-14
-7.79214e-14
-7.56591e-14
-7.23919e-14
-6.87182e-14
-6.99083e-14
-6.65279e-14
-6.28333e-14
-6.30173e-14
-5.76188e-14
-5.35054e-14
-5.03494e-14
-4.42136e-14
-3.54215e-14
-4.17306e-14
-4.06911e-14
-3.93844e-14
-3.74832e-14
-3.74217e-14
-3.93912e-14
-4.11296e-14
-4.40427e-14
-4.70726e-14
-3.94684e-14
-2.61642e-14
-1.49476e-14
-1.07351e-14
-1.43675e-14
-1.01512e-14
-1.47127e-14
-1.23866e-14
-6.51754e-15
-6.05682e-15
-3.92093e-16
-3.00467e-15
-4.61251e-14
-4.44394e-14
-4.49597e-14
-4.00793e-14
-3.94767e-14
-3.64145e-14
-4.67406e-14
-5.45959e-14
-5.8106e-14
-6.71726e-14
-7.47945e-14
-7.6466e-14
-8.19703e-14
-7.35073e-14
-7.93632e-14
-8.22337e-14
-7.95741e-14
-7.62208e-14
-7.55762e-14
-8.13937e-14
-8.51894e-14
-9.05851e-14
-9.58451e-14
-9.91498e-14
-9.57527e-14
-9.86226e-14
-1.06754e-13
-1.05305e-13
-1.1041e-13
-1.17805e-13
-1.11152e-13
-1.15599e-13
-1.18546e-13
-1.14735e-13
-1.16539e-13
-1.17499e-13
-1.14359e-13
-1.10189e-13
-1.10683e-13
-1.19078e-13
-1.12846e-13
-1.19401e-13
-1.22442e-13
-1.2401e-13
-1.26105e-13
-1.22134e-13
-1.26357e-13
-1.32141e-13
-1.36013e-13
-1.34824e-13
-1.30995e-13
-1.31242e-13
-1.3392e-13
-1.34334e-13
-1.29782e-13
-1.30054e-13
-1.25719e-13
-1.17433e-13
-1.14346e-13
-1.07416e-13
-1.07488e-13
-1.02196e-13
-9.46817e-14
-9.04726e-14
-8.47573e-14
-7.97789e-14
-7.70181e-14
-8.06955e-14
-7.51025e-14
-6.8695e-14
-7.1852e-14
-7.52782e-14
-6.97162e-14
-6.0954e-14
-6.11598e-14
-5.10348e-14
-4.73145e-14
-4.22102e-14
-4.09368e-14
-3.90513e-14
-3.95126e-14
-3.76274e-14
-3.88041e-14
-3.80067e-14
-4.02412e-14
-3.6154e-14
-3.7343e-14
-3.86866e-14
-3.97251e-14
-3.34145e-14
-2.0423e-14
-1.28251e-14
-1.23128e-14
-1.16875e-14
-1.65099e-14
-1.35006e-14
-6.37973e-15
-1.42649e-15
8.21999e-15
-3.16098e-16
-4.7227e-14
-4.45131e-14
-4.53489e-14
-3.9328e-14
-3.85489e-14
-3.47812e-14
-4.90388e-14
-5.54789e-14
-6.1013e-14
-6.92479e-14
-7.69059e-14
-8.17495e-14
-7.95595e-14
-7.03877e-14
-7.96379e-14
-7.79604e-14
-7.69503e-14
-7.40192e-14
-7.82585e-14
-8.38642e-14
-8.52831e-14
-8.70251e-14
-1.00074e-13
-1.00954e-13
-1.02927e-13
-9.83383e-14
-1.03581e-13
-1.01109e-13
-1.08343e-13
-1.15533e-13
-1.1342e-13
-1.16135e-13
-1.19946e-13
-1.1364e-13
-1.128e-13
-1.14573e-13
-1.16571e-13
-1.1414e-13
-1.16047e-13
-1.18497e-13
-1.12964e-13
-1.17722e-13
-1.16374e-13
-1.21892e-13
-1.27279e-13
-1.26387e-13
-1.31209e-13
-1.29214e-13
-1.35294e-13
-1.3678e-13
-1.32465e-13
-1.29997e-13
-1.36223e-13
-1.33132e-13
-1.29791e-13
-1.27325e-13
-1.23746e-13
-1.20072e-13
-1.15076e-13
-1.11179e-13
-1.02271e-13
-1.02646e-13
-9.57625e-14
-8.90203e-14
-8.57802e-14
-7.92637e-14
-7.97926e-14
-7.8276e-14
-7.29714e-14
-7.15066e-14
-7.34874e-14
-6.96589e-14
-5.80302e-14
-5.96248e-14
-6.67008e-14
-5.62095e-14
-4.57029e-14
-4.44212e-14
-4.31422e-14
-3.97759e-14
-4.56399e-14
-3.60429e-14
-3.54599e-14
-3.28129e-14
-3.79108e-14
-3.95852e-14
-4.15707e-14
-3.60764e-14
-3.66784e-14
-3.52594e-14
-2.1291e-14
-1.4084e-14
-8.87236e-15
-1.4364e-14
-1.62138e-14
-8.9803e-15
-8.68014e-15
-6.93662e-16
8.7129e-15
1.26294e-15
-5.36745e-14
-4.41682e-14
-4.11595e-14
-3.74908e-14
-3.75122e-14
-4.27045e-14
-4.83743e-14
-5.2815e-14
-5.94171e-14
-7.01558e-14
-8.25737e-14
-8.42095e-14
-7.62189e-14
-7.62261e-14
-7.99429e-14
-7.71358e-14
-7.98917e-14
-8.09997e-14
-7.37533e-14
-7.23512e-14
-7.80086e-14
-8.43883e-14
-9.29795e-14
-1.02625e-13
-1.08274e-13
-1.02549e-13
-1.04613e-13
-1.01496e-13
-1.06184e-13
-1.13966e-13
-1.11764e-13
-1.20674e-13
-1.16716e-13
-1.13873e-13
-1.18548e-13
-1.19677e-13
-1.16069e-13
-1.18623e-13
-1.15291e-13
-1.10561e-13
-1.12419e-13
-1.13269e-13
-1.12971e-13
-1.20556e-13
-1.32757e-13
-1.33826e-13
-1.27387e-13
-1.28054e-13
-1.33665e-13
-1.36263e-13
-1.30817e-13
-1.36499e-13
-1.40029e-13
-1.29336e-13
-1.25799e-13
-1.29053e-13
-1.28416e-13
-1.22239e-13
-1.12982e-13
-1.06942e-13
-1.0724e-13
-1.02551e-13
-9.76864e-14
-8.9292e-14
-8.14e-14
-7.24953e-14
-7.94249e-14
-7.85862e-14
-7.12332e-14
-7.48417e-14
-7.75301e-14
-7.35191e-14
-6.24712e-14
-5.96368e-14
-6.39125e-14
-5.59433e-14
-4.74817e-14
-4.23099e-14
-4.03214e-14
-4.02041e-14
-4.79668e-14
-3.87689e-14
-3.46125e-14
-2.88889e-14
-3.71723e-14
-3.70016e-14
-3.91409e-14
-3.67863e-14
-3.57446e-14
-3.29759e-14
-2.59838e-14
-1.34948e-14
-7.00404e-15
-1.12341e-14
-1.67634e-14
-9.13323e-15
-8.87394e-15
-1.88504e-15
2.90048e-15
4.02967e-15
)
;

boundaryField
{
    inlet
    {
        type            zeroGradient;
    }
    outlet
    {
        type            fixedValue;
        value           uniform 0;
    }
    down
    {
        type            empty;
    }
    up
    {
        type            empty;
    }
    sides
    {
        type            zeroGradient;
    }
}

