/*--------------------------------*- C++ -*----------------------------------*\
| =========                 |                                                 |
| \\      /  F ield         | OpenFOAM: The Open Source CFD Toolbox           |
|  \\    /   O peration     | Version:  v2012                                 |
|   \\  /    A nd           | Website:  www.openfoam.com                      |
|    \\/     M anipulation  |                                                 |
\*---------------------------------------------------------------------------*/
FoamFile
{
    version     2.0;
    format      ascii;
    class       volVectorField;
    location    "0";
    object      U;
}
// * * * * * * * * * * * * * * * * * * * * * * * * * * * * * * * * * * * * * //

dimensions      [0 1 -1 0 0 0 0];


internalField   nonuniform List<vector> 
4000
(
(1 -2.94207e-15 0)
(1 7.01884e-15 0)
(1 -4.92904e-15 0)
(1 7.21394e-15 0)
(1 -1.35798e-15 0)
(1 -2.85706e-15 0)
(1 5.21343e-15 0)
(1 -3.38981e-15 0)
(1 -8.38078e-16 0)
(1 -1.40087e-15 0)
(1 1.04806e-15 0)
(1 4.11079e-15 0)
(1 2.12563e-15 0)
(1 5.83842e-17 0)
(1 6.71411e-15 0)
(1 -2.95336e-15 0)
(1 -3.47873e-15 0)
(1 -5.75886e-15 0)
(1 -9.922e-16 0)
(1 -1.8507e-15 0)
(1 -2.84458e-15 0)
(1 -1.01766e-14 0)
(1 -1.2024e-15 0)
(1 -3.35626e-15 0)
(1 6.82982e-15 0)
(1 -2.61653e-15 0)
(1 6.35782e-15 0)
(1 1.36342e-15 0)
(1 4.5665e-15 0)
(1 6.63287e-15 0)
(1 4.05794e-15 0)
(1 -1.90362e-15 0)
(1 -6.24998e-15 0)
(1 -3.48841e-15 0)
(1 1.46446e-16 0)
(1 2.51153e-15 0)
(1 9.58052e-15 0)
(1 4.69167e-15 0)
(1 2.78517e-15 0)
(1 -2.59221e-15 0)
(1 -5.05933e-15 0)
(1 -5.86375e-15 0)
(1 -9.17273e-16 0)
(1 4.4152e-15 0)
(1 1.53095e-15 0)
(1 -1.61284e-15 0)
(1 3.25122e-15 0)
(1 -2.72976e-15 0)
(1 -4.65297e-15 0)
(1 1.79475e-16 0)
(1 -1.17791e-15 0)
(1 7.95187e-15 0)
(1 -7.13035e-16 0)
(1 2.61129e-15 0)
(1 -7.8105e-16 0)
(1 -6.07169e-15 0)
(1 -1.53167e-15 0)
(1 1.32305e-15 0)
(1 5.00475e-15 0)
(1 3.95586e-15 0)
(1 4.18725e-15 0)
(1 1.02226e-15 0)
(1 3.31566e-15 0)
(1 -2.42465e-15 0)
(1 -7.11126e-16 0)
(1 5.39634e-16 0)
(1 -6.39515e-16 0)
(1 5.3398e-16 0)
(1 -3.03714e-15 0)
(1 1.73112e-16 0)
(1 -5.15436e-15 0)
(1 -9.60335e-16 0)
(1 4.92485e-16 0)
(1 -1.30924e-15 0)
(1 -6.76144e-15 0)
(1 -3.49115e-15 0)
(1 -2.44443e-15 0)
(1 1.16604e-15 0)
(1 1.57191e-15 0)
(1 3.2608e-15 0)
(1 5.27045e-15 0)
(1 2.36753e-16 0)
(1 7.8757e-16 0)
(1 -9.95073e-16 0)
(1 -3.58621e-15 0)
(1 -5.04419e-16 0)
(1 -4.40721e-15 0)
(1 9.50032e-16 0)
(1 5.68657e-15 0)
(1 2.48573e-15 0)
(1 -5.4204e-16 0)
(1 -1.67512e-16 0)
(1 -4.00798e-15 0)
(1 3.96681e-16 0)
(1 -3.16677e-15 0)
(1 -5.3723e-15 0)
(1 -1.31827e-15 0)
(1 -7.13542e-16 0)
(1 1.10649e-15 0)
(1 4.02105e-16 0)
(1 1.29516e-15 0)
(1 1.98211e-15 0)
(1 -3.45593e-15 0)
(1 7.78549e-15 0)
(1 -1.59043e-15 0)
(1 -5.23899e-15 0)
(1 7.1855e-15 0)
(1 -5.62677e-15 0)
(1 3.06953e-16 0)
(1 -3.32136e-15 0)
(1 -2.16338e-15 0)
(1 4.81017e-15 0)
(1 9.83288e-15 0)
(1 7.6827e-15 0)
(1 5.87915e-15 0)
(1 -4.47128e-15 0)
(1 -5.57316e-15 0)
(1 -9.84509e-15 0)
(1 -2.97692e-15 0)
(1 -3.13173e-15 0)
(1 -2.94827e-15 0)
(1 -1.28467e-14 0)
(1 -2.54572e-15 0)
(1 -8.66409e-15 0)
(1 8.75659e-15 0)
(1 -2.8754e-15 0)
(1 8.94138e-15 0)
(1 6.03521e-16 0)
(1 4.59247e-15 0)
(1 5.71507e-15 0)
(1 6.92586e-15 0)
(1 3.84315e-16 0)
(1 -7.02189e-15 0)
(1 -1.27309e-15 0)
(1 -7.44806e-16 0)
(1 2.95905e-15 0)
(1 6.93915e-15 0)
(1 7.99331e-15 0)
(1 1.04727e-15 0)
(1 -6.89731e-15 0)
(1 -1.0027e-14 0)
(1 -7.58658e-15 0)
(1 -1.48929e-15 0)
(1 2.64028e-15 0)
(1 2.32837e-15 0)
(1 -4.72644e-15 0)
(1 3.08388e-15 0)
(1 9.05495e-16 0)
(1 2.94402e-15 0)
(1 -6.20006e-15 0)
(1 -6.59694e-15 0)
(1 1.41142e-15 0)
(1 1.21326e-15 0)
(1 2.33162e-15 0)
(1 1.55062e-15 0)
(1 6.54514e-16 0)
(1 2.58541e-15 0)
(1 5.42028e-15 0)
(1 2.06496e-15 0)
(1 1.40095e-15 0)
(1 -6.19902e-15 0)
(1 -1.05479e-15 0)
(1 3.48344e-15 0)
(1 1.6019e-15 0)
(1 3.56238e-15 0)
(1 1.24752e-15 0)
(1 -4.32143e-15 0)
(1 -2.56728e-15 0)
(1 -4.98517e-15 0)
(1 -2.06123e-15 0)
(1 -3.15626e-15 0)
(1 6.21331e-16 0)
(1 6.03766e-15 0)
(1 1.28378e-15 0)
(1 -4.56179e-16 0)
(1 -4.50323e-15 0)
(1 2.22444e-15 0)
(1 3.43172e-15 0)
(1 4.01902e-15 0)
(1 4.06029e-15 0)
(1 4.1676e-15 0)
(1 -3.37301e-15 0)
(1 1.4618e-15 0)
(1 1.77903e-15 0)
(1 2.09587e-15 0)
(1 8.57768e-16 0)
(1 -2.17746e-15 0)
(1 -2.64771e-15 0)
(1 -5.24042e-16 0)
(1 9.74732e-18 0)
(1 1.59185e-15 0)
(1 1.61456e-15 0)
(1 -3.66031e-15 0)
(1 -1.04518e-16 0)
(1 -6.77987e-15 0)
(1 -3.20322e-15 0)
(1 -1.74505e-15 0)
(1 2.79974e-15 0)
(1 -4.16816e-15 0)
(1 -3.43674e-15 0)
(1 2.53092e-15 0)
(1 -7.43984e-15 0)
(1 -8.83794e-17 0)
(1 -5.70012e-15 0)
(1 3.66973e-15 0)
(1 1.4508e-15 0)
(1 8.88114e-15 0)
(1 3.45271e-15 0)
(1 -1.70569e-15 0)
(1 -2.56994e-15 0)
(1 -7.4887e-16 0)
(1 5.30995e-15 0)
(1 7.28269e-15 0)
(1 1.19635e-14 0)
(1 -1.02336e-15 0)
(1 -3.53552e-16 0)
(1 -2.24398e-15 0)
(1 -1.72259e-15 0)
(1 -1.41564e-15 0)
(1 -1.4774e-15 0)
(1 -7.9559e-16 0)
(1 -2.40705e-15 0)
(1 -1.03127e-14 0)
(1 -1.01635e-14 0)
(1 4.33051e-16 0)
(1 7.85952e-15 0)
(1 1.00286e-14 0)
(1 8.50446e-15 0)
(1 1.20354e-14 0)
(1 1.09132e-14 0)
(1 1.04038e-14 0)
(1 5.03837e-17 0)
(1 -1.2653e-15 0)
(1 -5.51001e-15 0)
(1 -3.66984e-15 0)
(1 -2.98683e-15 0)
(1 -3.52196e-15 0)
(1 5.53688e-15 0)
(1 -1.89044e-15 0)
(1 -5.16911e-15 0)
(1 -3.93493e-15 0)
(1 -4.11062e-15 0)
(1 -7.90587e-15 0)
(1 -5.44248e-15 0)
(1 -9.41874e-16 0)
(1 -1.58253e-15 0)
(1 1.05174e-15 0)
(1 3.88732e-15 0)
(1 -8.39138e-16 0)
(1 -2.04125e-15 0)
(1 -1.93674e-16 0)
(1 -6.82066e-16 0)
(1 3.68021e-15 0)
(1 -1.63333e-15 0)
(1 4.83899e-15 0)
(1 8.81994e-15 0)
(1 3.71404e-15 0)
(1 2.12069e-15 0)
(1 -2.74276e-15 0)
(1 -5.72555e-15 0)
(1 -5.74101e-15 0)
(1 3.31812e-15 0)
(1 3.84514e-15 0)
(1 -2.65666e-16 0)
(1 5.34735e-15 0)
(1 1.25467e-15 0)
(1 -3.31486e-15 0)
(1 -4.25667e-15 0)
(1 -3.90908e-16 0)
(1 -1.57159e-15 0)
(1 2.44396e-16 0)
(1 4.85539e-17 0)
(1 -1.17402e-15 0)
(1 -2.28277e-16 0)
(1 -5.326e-16 0)
(1 -7.02475e-16 0)
(1 9.99058e-17 0)
(1 1.45727e-15 0)
(1 5.92398e-16 0)
(1 4.52016e-15 0)
(1 -3.25752e-15 0)
(1 -4.14298e-15 0)
(1 -9.93158e-16 0)
(1 -3.17093e-15 0)
(1 4.31623e-15 0)
(1 2.96205e-16 0)
(1 1.12361e-15 0)
(1 -2.85887e-15 0)
(1 -5.28619e-15 0)
(1 -2.0353e-15 0)
(1 1.71343e-15 0)
(1 1.52484e-15 0)
(1 -1.8828e-15 0)
(1 -8.28878e-16 0)
(1 -4.06076e-15 0)
(1 -3.13645e-15 0)
(1 -2.79649e-15 0)
(1 -1.36986e-15 0)
(1 -3.94894e-15 0)
(1 -1.44841e-15 0)
(1 3.05532e-15 0)
(1 -6.87639e-15 0)
(1 -2.37582e-15 0)
(1 -1.05324e-14 0)
(1 5.75226e-15 0)
(1 -1.06619e-16 0)
(1 8.11439e-15 0)
(1 3.24877e-15 0)
(1 -2.84271e-15 0)
(1 1.69369e-16 0)
(1 6.05482e-15 0)
(1 1.25764e-14 0)
(1 5.40124e-15 0)
(1 5.31807e-15 0)
(1 4.19329e-15 0)
(1 4.02358e-16 0)
(1 4.4043e-16 0)
(1 -7.66138e-15 0)
(1 -1.34767e-14 0)
(1 6.92369e-16 0)
(1 9.98942e-17 0)
(1 1.91877e-15 0)
(1 -3.58084e-15 0)
(1 2.2846e-15 0)
(1 4.29658e-15 0)
(1 3.9589e-15 0)
(1 9.0804e-15 0)
(1 1.00787e-14 0)
(1 1.0294e-14 0)
(1 1.00823e-14 0)
(1 6.86751e-15 0)
(1 2.30382e-15 0)
(1 1.11778e-15 0)
(1 -4.58004e-16 0)
(1 4.37313e-17 0)
(1 -4.65841e-15 0)
(1 -3.35674e-15 0)
(1 -5.31689e-15 0)
(1 -1.77843e-15 0)
(1 4.40267e-15 0)
(1 4.16736e-15 0)
(1 -4.86345e-15 0)
(1 -8.96712e-15 0)
(1 -5.89751e-15 0)
(1 -3.30792e-15 0)
(1 4.55535e-15 0)
(1 5.43187e-15 0)
(1 2.6553e-15 0)
(1 -2.97062e-15 0)
(1 5.30055e-15 0)
(1 4.80983e-15 0)
(1 -5.73177e-16 0)
(1 -5.94897e-15 0)
(1 -5.17945e-15 0)
(1 1.10159e-15 0)
(1 1.43669e-15 0)
(1 1.07824e-15 0)
(1 -2.78053e-16 0)
(1 -5.03024e-15 0)
(1 -1.37996e-15 0)
(1 3.84831e-15 0)
(1 4.40372e-15 0)
(1 3.51153e-15 0)
(1 5.04207e-15 0)
(1 1.82332e-15 0)
(1 -2.05946e-16 0)
(1 -5.06555e-15 0)
(1 -4.30775e-15 0)
(1 -4.62445e-15 0)
(1 -2.17933e-15 0)
(1 -2.37079e-15 0)
(1 1.25435e-15 0)
(1 -2.77254e-15 0)
(1 -5.98284e-16 0)
(1 -3.6721e-16 0)
(1 -4.27547e-15 0)
(1 2.61577e-15 0)
(1 -3.75631e-15 0)
(1 5.26889e-15 0)
(1 5.20179e-15 0)
(1 -6.64181e-16 0)
(1 3.15626e-15 0)
(1 -1.67033e-15 0)
(1 -1.60619e-15 0)
(1 -1.96396e-15 0)
(1 1.38292e-16 0)
(1 4.91861e-15 0)
(1 2.02352e-15 0)
(1 3.05429e-15 0)
(1 -2.82172e-16 0)
(1 -1.82353e-15 0)
(1 -4.58467e-16 0)
(1 -1.05234e-15 0)
(1 1.45055e-15 0)
(1 -1.13643e-15 0)
(1 -8.83843e-15 0)
(1 -6.78035e-15 0)
(1 -5.60809e-15 0)
(1 -5.46422e-15 0)
(1 -1.25446e-15 0)
(1 2.81096e-15 0)
(1 -1.37193e-15 0)
(1 -7.43018e-15 0)
(1 -4.44947e-16 0)
(1 1.85076e-15 0)
(1 8.91677e-16 0)
(1 1.42206e-15 0)
(1 1.12841e-16 0)
(1 -1.99938e-15 0)
(1 -3.77892e-15 0)
(1 5.62552e-15 0)
(1 2.81231e-16 0)
(1 6.17604e-15 0)
(1 -1.30153e-15 0)
(1 1.18465e-14 0)
(1 3.61091e-15 0)
(1 5.03497e-15 0)
(1 -8.82745e-15 0)
(1 -9.65857e-15 0)
(1 -1.03405e-14 0)
(1 -3.91183e-15 0)
(1 -4.38035e-15 0)
(1 4.39773e-15 0)
(1 1.18337e-14 0)
(1 1.41261e-14 0)
(1 5.24335e-15 0)
(1 8.75635e-15 0)
(1 9.42175e-15 0)
(1 8.93916e-15 0)
(1 3.12908e-15 0)
(1 6.2983e-15 0)
(1 5.10793e-15 0)
(1 2.66894e-15 0)
(1 1.20939e-15 0)
(1 -5.24313e-15 0)
(1 -1.1509e-14 0)
(1 -5.70136e-15 0)
(1 -8.93794e-15 0)
(1 -5.57369e-15 0)
(1 4.85832e-16 0)
(1 -3.14734e-15 0)
(1 -4.82906e-15 0)
(1 -2.74893e-15 0)
(1 -3.03911e-15 0)
(1 -2.35647e-15 0)
(1 -2.10093e-16 0)
(1 3.35516e-15 0)
(1 3.0738e-15 0)
(1 4.90666e-15 0)
(1 6.30602e-15 0)
(1 -1.7307e-15 0)
(1 -3.76418e-15 0)
(1 -4.99089e-15 0)
(1 8.0775e-16 0)
(1 4.84688e-15 0)
(1 7.74592e-15 0)
(1 5.11148e-15 0)
(1 6.68472e-18 0)
(1 -2.29744e-15 0)
(1 -3.73114e-15 0)
(1 -8.27607e-16 0)
(1 -9.37138e-16 0)
(1 3.40176e-15 0)
(1 6.24362e-15 0)
(1 1.04314e-15 0)
(1 -1.65609e-15 0)
(1 -1.71037e-15 0)
(1 -2.55968e-15 0)
(1 -1.95932e-15 0)
(1 -4.50932e-16 0)
(1 1.2518e-16 0)
(1 1.62572e-16 0)
(1 4.13056e-15 0)
(1 -1.0275e-15 0)
(1 3.16623e-15 0)
(1 -1.42337e-16 0)
(1 7.17009e-15 0)
(1 2.90718e-16 0)
(1 9.82943e-15 0)
(1 3.63092e-15 0)
(1 1.38256e-15 0)
(1 -2.3969e-15 0)
(1 -3.36478e-16 0)
(1 3.88676e-15 0)
(1 -6.4547e-16 0)
(1 2.65569e-15 0)
(1 2.16095e-15 0)
(1 -4.41473e-16 0)
(1 -1.83255e-15 0)
(1 -7.55784e-15 0)
(1 -2.33695e-15 0)
(1 -1.50772e-15 0)
(1 -7.08906e-16 0)
(1 8.4182e-16 0)
(1 -2.74242e-15 0)
(1 -3.77839e-15 0)
(1 -3.27822e-15 0)
(1 -2.27072e-15 0)
(1 -6.24708e-15 0)
(1 -1.19046e-15 0)
(1 -2.69986e-15 0)
(1 -2.58986e-15 0)
(1 -5.44244e-15 0)
(1 2.78579e-15 0)
(1 -3.23412e-15 0)
(1 6.77396e-15 0)
(1 -6.03909e-15 0)
(1 -3.76436e-15 0)
(1 1.14279e-15 0)
(1 2.35108e-15 0)
(1 1.01081e-14 0)
(1 -2.94443e-15 0)
(1 8.08177e-16 0)
(1 1.4825e-15 0)
(1 5.3381e-15 0)
(1 5.04747e-15 0)
(1 3.72419e-15 0)
(1 4.22385e-16 0)
(1 2.68188e-15 0)
(1 -3.8236e-15 0)
(1 2.03852e-15 0)
(1 -4.12094e-15 0)
(1 3.45201e-15 0)
(1 4.2824e-15 0)
(1 3.89857e-15 0)
(1 2.0471e-15 0)
(1 5.23063e-15 0)
(1 1.29631e-14 0)
(1 9.69664e-15 0)
(1 1.47741e-14 0)
(1 1.41564e-15 0)
(1 -2.3207e-16 0)
(1 -5.64004e-15 0)
(1 -3.72002e-15 0)
(1 -1.23815e-15 0)
(1 2.66537e-15 0)
(1 1.08602e-15 0)
(1 1.49881e-15 0)
(1 -5.04943e-15 0)
(1 -6.31062e-15 0)
(1 -3.43623e-15 0)
(1 -1.07922e-15 0)
(1 5.33016e-15 0)
(1 4.34593e-15 0)
(1 -3.42232e-16 0)
(1 -4.90792e-15 0)
(1 -7.1038e-15 0)
(1 -4.70323e-15 0)
(1 4.65767e-15 0)
(1 6.87716e-15 0)
(1 1.85982e-16 0)
(1 1.22631e-15 0)
(1 -1.47178e-16 0)
(1 -1.29192e-15 0)
(1 5.37096e-15 0)
(1 5.19086e-15 0)
(1 1.56598e-15 0)
(1 -1.38944e-15 0)
(1 7.83987e-15 0)
(1 2.84559e-15 0)
(1 6.48586e-15 0)
(1 -1.70181e-16 0)
(1 -5.31898e-17 0)
(1 -3.48668e-15 0)
(1 1.707e-15 0)
(1 3.67187e-15 0)
(1 7.45347e-15 0)
(1 8.49129e-15 0)
(1 1.25639e-14 0)
(1 1.14303e-14 0)
(1 3.97683e-15 0)
(1 -6.04898e-15 0)
(1 -6.48401e-16 0)
(1 -1.77141e-15 0)
(1 -5.52266e-15 0)
(1 -4.62873e-15 0)
(1 -7.13047e-15 0)
(1 2.00478e-15 0)
(1 5.97263e-15 0)
(1 1.20656e-14 0)
(1 4.38848e-15 0)
(1 1.88263e-15 0)
(1 4.52594e-15 0)
(1 -9.70428e-17 0)
(1 -2.87996e-15 0)
(1 -1.17186e-15 0)
(1 -1.78419e-15 0)
(1 -2.7855e-15 0)
(1 -6.11192e-15 0)
(1 -2.1569e-15 0)
(1 -2.75641e-15 0)
(1 -9.59601e-16 0)
(1 -3.80743e-15 0)
(1 -1.00677e-15 0)
(1 -3.22911e-16 0)
(1 -6.8097e-16 0)
(1 2.8342e-15 0)
(1 1.72828e-15 0)
(1 6.24573e-15 0)
(1 6.96844e-15 0)
(1 -4.33256e-15 0)
(1 -2.45104e-15 0)
(1 -1.14387e-16 0)
(1 7.72238e-15 0)
(1 -2.38193e-15 0)
(1 -3.58288e-15 0)
(1 -1.3887e-14 0)
(1 -8.38688e-15 0)
(1 4.24391e-16 0)
(1 5.04944e-15 0)
(1 1.3769e-14 0)
(1 -2.5185e-15 0)
(1 1.73548e-15 0)
(1 1.1828e-15 0)
(1 3.86866e-15 0)
(1 3.87835e-15 0)
(1 1.00927e-14 0)
(1 3.88254e-15 0)
(1 4.21156e-15 0)
(1 1.26575e-14 0)
(1 5.86014e-15 0)
(1 -2.90789e-15 0)
(1 2.09078e-15 0)
(1 -6.30517e-15 0)
(1 -8.47711e-15 0)
(1 -1.56107e-15 0)
(1 -1.96569e-15 0)
(1 1.0172e-14 0)
(1 7.86095e-15 0)
(1 1.2374e-14 0)
(1 1.09204e-14 0)
(1 1.83773e-15 0)
(1 -6.02227e-15 0)
(1 -6.65528e-15 0)
(1 1.42666e-15 0)
(1 7.12737e-15 0)
(1 2.31147e-15 0)
(1 1.30927e-16 0)
(1 -1.38504e-15 0)
(1 -5.80612e-15 0)
(1 -2.1719e-15 0)
(1 -2.20138e-15 0)
(1 9.08852e-15 0)
(1 4.48983e-15 0)
(1 -1.39778e-15 0)
(1 -4.37575e-15 0)
(1 -1.21839e-14 0)
(1 -5.67974e-15 0)
(1 1.17834e-14 0)
(1 8.47043e-15 0)
(1 5.13502e-15 0)
(1 3.97158e-16 0)
(1 3.10491e-16 0)
(1 -2.82027e-15 0)
(1 -1.74995e-15 0)
(1 3.54662e-15 0)
(1 1.31275e-15 0)
(1 -8.24442e-16 0)
(1 -1.06358e-15 0)
(1 4.59034e-15 0)
(1 5.67066e-15 0)
(1 6.61411e-15 0)
(1 1.42718e-15 0)
(1 -3.11247e-17 0)
(1 -1.62182e-15 0)
(1 2.42039e-16 0)
(1 -4.37063e-16 0)
(1 5.34207e-15 0)
(1 2.98691e-15 0)
(1 5.51605e-16 0)
(1 1.91717e-15 0)
(1 -2.49409e-15 0)
(1 -2.34137e-15 0)
(1 1.97629e-15 0)
(1 5.5482e-15 0)
(1 9.78381e-16 0)
(1 -8.2453e-16 0)
(1 4.91381e-15 0)
(1 5.24385e-15 0)
(1 8.66688e-15 0)
(1 6.72305e-15 0)
(1 3.87639e-15 0)
(1 3.55434e-15 0)
(1 2.22019e-15 0)
(1 1.34911e-15 0)
(1 2.1472e-16 0)
(1 2.47847e-15 0)
(1 1.15898e-15 0)
(1 2.55405e-15 0)
(1 4.90325e-15 0)
(1 2.8669e-16 0)
(1 4.00893e-15 0)
(1 1.23758e-15 0)
(1 -1.42699e-16 0)
(1 2.65567e-15 0)
(1 2.48101e-15 0)
(1 2.97255e-15 0)
(1 4.26382e-15 0)
(1 5.81281e-15 0)
(1 7.36339e-15 0)
(1 -7.24604e-15 0)
(1 5.44092e-15 0)
(1 -3.22248e-15 0)
(1 6.32819e-15 0)
(1 -2.26548e-16 0)
(1 -5.78725e-15 0)
(1 -3.54132e-15 0)
(1 -6.70659e-15 0)
(1 -1.69043e-15 0)
(1 -1.1013e-15 0)
(1 -2.3281e-15 0)
(1 -6.97639e-15 0)
(1 4.8041e-15 0)
(1 4.1776e-15 0)
(1 9.59873e-15 0)
(1 8.19997e-15 0)
(1 5.5364e-15 0)
(1 6.61055e-15 0)
(1 9.84939e-15 0)
(1 5.12215e-15 0)
(1 -6.98015e-15 0)
(1 -9.25717e-15 0)
(1 -7.94632e-15 0)
(1 5.01345e-16 0)
(1 -1.86105e-15 0)
(1 1.16665e-14 0)
(1 3.63947e-15 0)
(1 1.00719e-14 0)
(1 -1.36749e-15 0)
(1 -5.17534e-15 0)
(1 5.89509e-15 0)
(1 2.70418e-15 0)
(1 7.71244e-16 0)
(1 1.17945e-15 0)
(1 1.2595e-15 0)
(1 -1.52914e-15 0)
(1 1.92119e-15 0)
(1 6.63731e-16 0)
(1 3.19275e-15 0)
(1 -6.66033e-15 0)
(1 -6.23794e-15 0)
(1 -3.69006e-15 0)
(1 5.60019e-15 0)
(1 3.57042e-15 0)
(1 6.46966e-15 0)
(1 4.6301e-15 0)
(1 -2.38379e-15 0)
(1 4.43865e-15 0)
(1 -2.364e-15 0)
(1 6.21807e-16 0)
(1 -1.64208e-15 0)
(1 2.0104e-15 0)
(1 4.9732e-15 0)
(1 6.52533e-15 0)
(1 2.85973e-15 0)
(1 2.32515e-15 0)
(1 5.6337e-15 0)
(1 -1.57902e-15 0)
(1 -2.05317e-15 0)
(1 -3.05849e-15 0)
(1 4.91486e-15 0)
(1 7.45019e-15 0)
(1 8.591e-15 0)
(1 8.29372e-16 0)
(1 3.43289e-15 0)
(1 5.14883e-15 0)
(1 6.27036e-15 0)
(1 1.44037e-15 0)
(1 1.51839e-15 0)
(1 -2.67269e-15 0)
(1 1.79481e-15 0)
(1 8.9705e-15 0)
(1 4.52293e-15 0)
(1 3.16407e-15 0)
(1 6.72791e-15 0)
(1 9.34788e-15 0)
(1 4.28975e-15 0)
(1 6.83093e-15 0)
(1 3.88972e-15 0)
(1 3.18583e-15 0)
(1 2.32112e-16 0)
(1 -4.54027e-15 0)
(1 -1.85409e-15 0)
(1 2.82184e-15 0)
(1 4.35356e-15 0)
(1 3.49455e-15 0)
(1 -3.78493e-15 0)
(1 7.41815e-16 0)
(1 4.25395e-15 0)
(1 -7.52968e-16 0)
(1 1.44967e-15 0)
(1 -8.56983e-16 0)
(1 5.52437e-16 0)
(1 -4.82522e-16 0)
(1 2.23077e-15 0)
(1 3.27211e-15 0)
(1 3.94655e-16 0)
(1 2.90576e-15 0)
(1 4.9016e-15 0)
(1 1.14068e-14 0)
(1 -1.31519e-15 0)
(1 -4.52439e-18 0)
(1 3.7454e-15 0)
(1 -1.06068e-14 0)
(1 -5.30615e-15 0)
(1 -6.74166e-15 0)
(1 1.26177e-15 0)
(1 -3.89557e-15 0)
(1 -6.17431e-15 0)
(1 2.14934e-15 0)
(1 -1.279e-15 0)
(1 9.37773e-15 0)
(1 1.91546e-15 0)
(1 8.70583e-15 0)
(1 2.06479e-15 0)
(1 1.18905e-14 0)
(1 2.89406e-15 0)
(1 1.7243e-14 0)
(1 8.7957e-15 0)
(1 -1.39725e-15 0)
(1 -3.94699e-15 0)
(1 -4.96742e-16 0)
(1 -1.06931e-14 0)
(1 1.78328e-15 0)
(1 -3.66638e-15 0)
(1 2.3288e-15 0)
(1 6.46357e-15 0)
(1 -3.88182e-15 0)
(1 -1.15498e-14 0)
(1 -1.5466e-15 0)
(1 -1.44334e-14 0)
(1 -1.51374e-15 0)
(1 4.66568e-15 0)
(1 1.23569e-14 0)
(1 4.26999e-15 0)
(1 4.58592e-15 0)
(1 2.94335e-15 0)
(1 1.71086e-15 0)
(1 4.13131e-15 0)
(1 -1.99685e-15 0)
(1 -4.13437e-15 0)
(1 1.006e-14 0)
(1 8.66975e-15 0)
(1 1.29928e-14 0)
(1 1.6687e-14 0)
(1 9.23488e-15 0)
(1 4.6556e-15 0)
(1 6.62745e-16 0)
(1 -1.11993e-14 0)
(1 -1.33233e-14 0)
(1 -5.18117e-15 0)
(1 2.64302e-15 0)
(1 4.57168e-15 0)
(1 4.53896e-15 0)
(1 1.55838e-15 0)
(1 -1.74766e-15 0)
(1 3.80735e-15 0)
(1 7.26653e-15 0)
(1 4.10032e-15 0)
(1 4.74699e-15 0)
(1 4.81205e-15 0)
(1 5.61608e-15 0)
(1 -5.4427e-15 0)
(1 -9.71856e-16 0)
(1 -1.88556e-15 0)
(1 1.4366e-14 0)
(1 1.61161e-14 0)
(1 1.38576e-14 0)
(1 1.32529e-14 0)
(1 1.61758e-14 0)
(1 2.78579e-15 0)
(1 5.57119e-15 0)
(1 5.89313e-15 0)
(1 1.45286e-15 0)
(1 -7.87811e-15 0)
(1 -2.86452e-15 0)
(1 5.27865e-16 0)
(1 2.18915e-15 0)
(1 -2.69405e-16 0)
(1 1.19417e-14 0)
(1 5.83544e-15 0)
(1 1.14425e-14 0)
(1 2.35247e-15 0)
(1 -8.16339e-17 0)
(1 -2.00854e-15 0)
(1 -6.2649e-15 0)
(1 -1.53803e-15 0)
(1 1.12038e-15 0)
(1 2.05186e-15 0)
(1 2.66293e-15 0)
(1 1.96623e-15 0)
(1 -3.70462e-15 0)
(1 4.58606e-15 0)
(1 3.53186e-15 0)
(1 1.17299e-14 0)
(1 8.82483e-15 0)
(1 9.17317e-15 0)
(1 1.11598e-14 0)
(1 1.76567e-14 0)
(1 1.75207e-14 0)
(1 3.23824e-15 0)
(1 7.14702e-16 0)
(1 3.9322e-15 0)
(1 -4.28549e-15 0)
(1 -4.90379e-15 0)
(1 -3.46643e-15 0)
(1 -1.13335e-15 0)
(1 6.24511e-15 0)
(1 2.80412e-15 0)
(1 2.00496e-15 0)
(1 -1.12417e-15 0)
(1 1.04277e-14 0)
(1 5.47328e-15 0)
(1 -4.20909e-15 0)
(1 3.12235e-16 0)
(1 -2.55627e-15 0)
(1 4.08207e-15 0)
(1 5.16626e-15 0)
(1 -5.74415e-15 0)
(1 -7.56111e-15 0)
(1 -1.05863e-15 0)
(1 9.84773e-16 0)
(1 4.84795e-16 0)
(1 -3.15931e-15 0)
(1 6.24058e-15 0)
(1 8.81004e-15 0)
(1 1.11743e-14 0)
(1 -8.48536e-15 0)
(1 -2.56362e-16 0)
(1 -3.61696e-15 0)
(1 -7.58455e-15 0)
(1 -2.01939e-15 0)
(1 1.03074e-15 0)
(1 9.0312e-16 0)
(1 -3.07807e-15 0)
(1 4.41331e-17 0)
(1 -4.24357e-15 0)
(1 -2.68298e-16 0)
(1 -3.74231e-15 0)
(1 4.06729e-15 0)
(1 -7.81595e-16 0)
(1 8.98214e-15 0)
(1 4.79994e-15 0)
(1 1.06325e-14 0)
(1 4.69192e-15 0)
(1 2.40907e-15 0)
(1 6.13456e-16 0)
(1 -3.2357e-15 0)
(1 5.45429e-15 0)
(1 -1.0095e-15 0)
(1 6.87087e-15 0)
(1 4.15277e-15 0)
(1 1.60208e-15 0)
(1 1.84479e-15 0)
(1 2.62792e-15 0)
(1 3.14287e-15 0)
(1 6.63605e-15 0)
(1 4.32249e-15 0)
(1 1.99278e-15 0)
(1 7.33113e-15 0)
(1 5.78579e-15 0)
(1 7.25726e-15 0)
(1 6.38806e-15 0)
(1 1.16183e-14 0)
(1 6.60424e-15 0)
(1 1.83684e-15 0)
(1 6.77792e-15 0)
(1 9.58599e-15 0)
(1 1.17866e-14 0)
(1 6.75219e-15 0)
(1 5.00781e-15 0)
(1 8.47146e-15 0)
(1 1.76229e-16 0)
(1 4.56872e-15 0)
(1 -4.04683e-15 0)
(1 -1.43966e-16 0)
(1 6.41091e-15 0)
(1 7.71192e-15 0)
(1 6.92423e-15 0)
(1 8.20268e-15 0)
(1 6.29126e-15 0)
(1 6.28978e-15 0)
(1 -2.76376e-15 0)
(1 -2.23462e-15 0)
(1 -1.08006e-15 0)
(1 -3.66169e-15 0)
(1 4.59121e-15 0)
(1 6.45844e-16 0)
(1 2.34213e-16 0)
(1 2.60126e-15 0)
(1 4.15191e-15 0)
(1 1.84337e-16 0)
(1 7.9083e-15 0)
(1 3.20048e-15 0)
(1 9.50924e-15 0)
(1 6.33579e-15 0)
(1 1.05939e-14 0)
(1 1.26979e-14 0)
(1 2.48849e-14 0)
(1 1.98928e-14 0)
(1 2.852e-16 0)
(1 1.91839e-16 0)
(1 -4.55708e-15 0)
(1 2.82195e-15 0)
(1 -1.72862e-15 0)
(1 -7.35975e-16 0)
(1 1.54353e-15 0)
(1 1.73895e-15 0)
(1 5.45669e-15 0)
(1 -1.31977e-14 0)
(1 -1.26989e-14 0)
(1 8.8488e-16 0)
(1 -7.56493e-17 0)
(1 1.97229e-16 0)
(1 5.89273e-15 0)
(1 2.17891e-15 0)
(1 1.13495e-14 0)
(1 -4.95564e-15 0)
(1 2.61946e-15 0)
(1 -4.67342e-15 0)
(1 -1.5929e-15 0)
(1 -7.74027e-16 0)
(1 -2.26186e-16 0)
(1 -6.09469e-15 0)
(1 -4.29719e-15 0)
(1 5.47679e-15 0)
(1 1.51158e-14 0)
(1 7.36418e-15 0)
(1 7.27583e-15 0)
(1 -9.90821e-15 0)
(1 -2.92114e-15 0)
(1 -4.69975e-15 0)
(1 -3.14732e-15 0)
(1 5.85133e-16 0)
(1 5.66018e-15 0)
(1 1.28913e-15 0)
(1 -8.60976e-16 0)
(1 3.01609e-15 0)
(1 3.2066e-16 0)
(1 6.51007e-15 0)
(1 1.06381e-14 0)
(1 -5.53932e-15 0)
(1 4.03517e-15 0)
(1 -1.55044e-17 0)
(1 -3.34187e-15 0)
(1 -1.02571e-15 0)
(1 5.30749e-15 0)
(1 2.06748e-15 0)
(1 7.20326e-15 0)
(1 1.4905e-15 0)
(1 1.11963e-15 0)
(1 2.57173e-15 0)
(1 5.67492e-15 0)
(1 7.32751e-15 0)
(1 9.72022e-15 0)
(1 3.83423e-15 0)
(1 9.71776e-15 0)
(1 -2.10298e-15 0)
(1 5.57586e-15 0)
(1 1.25776e-15 0)
(1 1.01274e-14 0)
(1 -9.49345e-16 0)
(1 9.74629e-15 0)
(1 1.62687e-15 0)
(1 7.88691e-15 0)
(1 1.98343e-15 0)
(1 1.04134e-14 0)
(1 4.93859e-15 0)
(1 8.32874e-15 0)
(1 3.29727e-15 0)
(1 1.36546e-14 0)
(1 4.1852e-15 0)
(1 3.9695e-16 0)
(1 -6.96441e-16 0)
(1 -3.78549e-16 0)
(1 4.5435e-15 0)
(1 9.49508e-15 0)
(1 6.48087e-15 0)
(1 9.20118e-15 0)
(1 4.81693e-16 0)
(1 6.53057e-15 0)
(1 -4.77917e-17 0)
(1 5.9394e-15 0)
(1 -1.08116e-15 0)
(1 7.25077e-16 0)
(1 7.21413e-15 0)
(1 1.25194e-16 0)
(1 1.35181e-15 0)
(1 3.25655e-15 0)
(1 -5.14287e-17 0)
(1 4.32e-15 0)
(1 1.22396e-15 0)
(1 2.62244e-15 0)
(1 2.95947e-16 0)
(1 3.27448e-15 0)
(1 6.66022e-15 0)
(1 1.02451e-14 0)
(1 8.79653e-15 0)
(1 1.13064e-14 0)
(1 1.37719e-14 0)
(1 4.21909e-15 0)
(1 -6.45249e-15 0)
(1 1.23333e-15 0)
(1 -5.55577e-16 0)
(1 -5.43237e-16 0)
(1 -3.88881e-15 0)
(1 -4.12244e-15 0)
(1 -3.19111e-15 0)
(1 6.82213e-15 0)
(1 1.05622e-14 0)
(1 2.55118e-15 0)
(1 1.84524e-15 0)
(1 -6.42268e-16 0)
(1 -2.16252e-15 0)
(1 -8.41212e-15 0)
(1 2.92263e-15 0)
(1 6.08796e-15 0)
(1 -3.27124e-15 0)
(1 9.28097e-16 0)
(1 -5.24601e-15 0)
(1 -6.53685e-15 0)
(1 -4.03773e-15 0)
(1 4.80733e-16 0)
(1 8.93963e-15 0)
(1 8.98804e-16 0)
(1 3.7297e-16 0)
(1 3.11406e-15 0)
(1 4.95854e-15 0)
(1 8.90111e-15 0)
(1 3.91325e-15 0)
(1 1.45916e-15 0)
(1 -8.14476e-16 0)
(1 -6.19332e-15 0)
(1 -2.78956e-15 0)
(1 -5.60899e-16 0)
(1 -9.18993e-15 0)
(1 -4.20284e-15 0)
(1 -5.09856e-15 0)
(1 2.39808e-15 0)
(1 1.00941e-15 0)
(1 9.21248e-15 0)
(1 -4.5235e-15 0)
(1 -3.51758e-15 0)
(1 -8.1772e-15 0)
(1 4.4006e-15 0)
(1 7.08511e-15 0)
(1 1.51682e-14 0)
(1 9.18474e-15 0)
(1 2.33954e-15 0)
(1 -1.21832e-15 0)
(1 -6.30097e-17 0)
(1 3.88559e-15 0)
(1 5.04865e-15 0)
(1 1.39215e-14 0)
(1 1.32414e-14 0)
(1 7.04015e-15 0)
(1 1.46147e-15 0)
(1 3.57879e-16 0)
(1 -2.9152e-15 0)
(1 8.29352e-16 0)
(1 8.42674e-15 0)
(1 1.20619e-14 0)
(1 7.32456e-15 0)
(1 -2.69054e-15 0)
(1 -5.10087e-15 0)
(1 4.65067e-15 0)
(1 7.42221e-15 0)
(1 6.51014e-15 0)
(1 9.97291e-16 0)
(1 6.94875e-15 0)
(1 1.02524e-14 0)
(1 3.63927e-15 0)
(1 7.03327e-15 0)
(1 1.70009e-15 0)
(1 4.45938e-15 0)
(1 2.28822e-15 0)
(1 4.05347e-15 0)
(1 7.26127e-15 0)
(1 9.2332e-15 0)
(1 3.15103e-15 0)
(1 1.21568e-14 0)
(1 7.18768e-15 0)
(1 4.78266e-15 0)
(1 -3.41467e-16 0)
(1 -1.4304e-15 0)
(1 2.94663e-15 0)
(1 -3.28737e-15 0)
(1 2.12133e-15 0)
(1 2.56823e-15 0)
(1 3.29963e-16 0)
(1 5.8341e-15 0)
(1 4.0317e-15 0)
(1 2.88836e-15 0)
(1 3.38826e-15 0)
(1 4.77596e-15 0)
(1 1.58973e-14 0)
(1 1.10057e-14 0)
(1 8.60469e-15 0)
(1 1.44396e-15 0)
(1 7.56161e-15 0)
(1 5.93836e-15 0)
(1 -5.43554e-16 0)
(1 -3.59491e-15 0)
(1 -2.99336e-15 0)
(1 3.50939e-15 0)
(1 5.14094e-15 0)
(1 1.30861e-15 0)
(1 -1.63807e-15 0)
(1 -1.82622e-15 0)
(1 8.14432e-15 0)
(1 6.97366e-15 0)
(1 -3.17016e-15 0)
(1 5.83468e-15 0)
(1 6.93298e-15 0)
(1 1.20184e-15 0)
(1 -7.87804e-15 0)
(1 -1.0549e-14 0)
(1 -7.60578e-15 0)
(1 -2.22367e-15 0)
(1 -5.0071e-15 0)
(1 -1.98251e-15 0)
(1 -4.0644e-15 0)
(1 2.08125e-15 0)
(1 -1.30571e-15 0)
(1 1.33971e-14 0)
(1 1.84421e-15 0)
(1 -3.37771e-15 0)
(1 2.95648e-16 0)
(1 -4.58991e-16 0)
(1 -3.65098e-15 0)
(1 -3.68074e-15 0)
(1 -8.18174e-16 0)
(1 -5.49199e-15 0)
(1 1.77435e-15 0)
(1 2.94109e-16 0)
(1 3.50054e-16 0)
(1 4.77468e-15 0)
(1 3.45941e-16 0)
(1 3.89304e-15 0)
(1 -1.96918e-15 0)
(1 -1.03151e-14 0)
(1 5.18379e-16 0)
(1 -3.15662e-15 0)
(1 -4.20043e-15 0)
(1 -2.37058e-15 0)
(1 7.80821e-15 0)
(1 8.13339e-15 0)
(1 1.45586e-14 0)
(1 3.30534e-15 0)
(1 6.10504e-15 0)
(1 2.40759e-15 0)
(1 -3.60593e-16 0)
(1 2.86759e-15 0)
(1 7.96588e-15 0)
(1 7.46494e-15 0)
(1 3.3085e-15 0)
(1 4.01377e-15 0)
(1 1.86177e-15 0)
(1 -7.47389e-15 0)
(1 -7.2961e-16 0)
(1 2.87585e-15 0)
(1 1.15389e-14 0)
(1 1.29138e-14 0)
(1 1.65981e-14 0)
(1 8.87289e-15 0)
(1 1.18506e-15 0)
(1 -5.2345e-15 0)
(1 8.45785e-16 0)
(1 -1.87051e-15 0)
(1 1.34444e-15 0)
(1 7.21469e-16 0)
(1 6.68158e-15 0)
(1 6.54823e-15 0)
(1 9.91206e-15 0)
(1 9.1056e-15 0)
(1 2.8264e-15 0)
(1 -3.77067e-15 0)
(1 6.36278e-15 0)
(1 7.19528e-15 0)
(1 7.15625e-15 0)
(1 4.50996e-15 0)
(1 5.64561e-15 0)
(1 -9.16261e-16 0)
(1 3.49309e-15 0)
(1 3.62479e-15 0)
(1 3.4893e-15 0)
(1 -1.09774e-15 0)
(1 1.58658e-15 0)
(1 -3.56024e-15 0)
(1 3.68763e-15 0)
(1 2.94473e-15 0)
(1 3.08732e-15 0)
(1 1.13687e-15 0)
(1 2.19143e-16 0)
(1 3.57734e-15 0)
(1 1.07995e-14 0)
(1 5.25156e-15 0)
(1 6.32439e-15 0)
(1 3.28871e-15 0)
(1 7.60119e-15 0)
(1 -3.4849e-15 0)
(1 9.35615e-15 0)
(1 -7.27891e-15 0)
(1 -1.39361e-15 0)
(1 5.57903e-15 0)
(1 5.85008e-15 0)
(1 1.44777e-15 0)
(1 4.82552e-15 0)
(1 -2.44795e-15 0)
(1 -5.42916e-15 0)
(1 2.73692e-15 0)
(1 5.83018e-15 0)
(1 2.56592e-15 0)
(1 1.10462e-14 0)
(1 -3.33073e-15 0)
(1 -1.60568e-14 0)
(1 -1.25134e-14 0)
(1 1.2392e-15 0)
(1 2.37825e-15 0)
(1 -1.31274e-15 0)
(1 1.57291e-15 0)
(1 -7.81795e-15 0)
(1 -2.49492e-15 0)
(1 -8.10086e-15 0)
(1 9.47995e-15 0)
(1 -3.51958e-15 0)
(1 1.7478e-15 0)
(1 5.92369e-16 0)
(1 6.4834e-16 0)
(1 -5.11005e-15 0)
(1 -2.61251e-15 0)
(1 3.25228e-15 0)
(1 2.73243e-15 0)
(1 5.71037e-15 0)
(1 6.83444e-15 0)
(1 3.14597e-15 0)
(1 4.12307e-15 0)
(1 -1.07289e-15 0)
(1 -4.44678e-16 0)
(1 -3.51577e-15 0)
(1 -1.20847e-14 0)
(1 -4.56202e-15 0)
(1 -1.88203e-16 0)
(1 1.40232e-14 0)
(1 3.07167e-15 0)
(1 3.30593e-15 0)
(1 -2.85623e-15 0)
(1 7.2465e-15 0)
(1 3.04625e-15 0)
(1 4.584e-15 0)
(1 -2.43573e-16 0)
(1 -3.78643e-15 0)
(1 8.68518e-15 0)
(1 -1.03438e-15 0)
(1 3.16999e-15 0)
(1 7.86475e-15 0)
(1 9.92363e-15 0)
(1 1.05713e-14 0)
(1 1.10137e-14 0)
(1 2.52935e-15 0)
(1 1.4694e-15 0)
(1 -4.03692e-16 0)
(1 1.35466e-16 0)
(1 8.07834e-15 0)
(1 6.75097e-15 0)
(1 1.05838e-14 0)
(1 2.82337e-15 0)
(1 3.7549e-15 0)
(1 8.08392e-16 0)
(1 1.42379e-15 0)
(1 3.34849e-15 0)
(1 5.86735e-15 0)
(1 1.04037e-14 0)
(1 1.18964e-14 0)
(1 1.02281e-14 0)
(1 1.30307e-14 0)
(1 2.5151e-15 0)
(1 7.24007e-15 0)
(1 9.31457e-15 0)
(1 7.8845e-15 0)
(1 3.4055e-15 0)
(1 5.03138e-15 0)
(1 3.29301e-15 0)
(1 5.03556e-15 0)
(1 2.60433e-15 0)
(1 7.40891e-16 0)
(1 -1.76499e-15 0)
(1 5.39911e-15 0)
(1 3.24314e-15 0)
(1 3.73447e-15 0)
(1 3.43978e-16 0)
(1 3.77651e-15 0)
(1 2.36293e-15 0)
(1 2.77148e-15 0)
(1 -1.46189e-16 0)
(1 3.14268e-15 0)
(1 8.35588e-15 0)
(1 8.52129e-15 0)
(1 8.66734e-15 0)
(1 9.2248e-15 0)
(1 1.5772e-15 0)
(1 2.29249e-15 0)
(1 5.80937e-15 0)
(1 5.78006e-15 0)
(1 6.61633e-15 0)
(1 -1.78961e-15 0)
(1 -9.80498e-15 0)
(1 -7.39013e-15 0)
(1 1.16966e-15 0)
(1 6.7492e-15 0)
(1 1.85012e-15 0)
(1 9.38901e-15 0)
(1 -5.34089e-15 0)
(1 -8.23098e-15 0)
(1 -1.35699e-14 0)
(1 -1.24844e-14 0)
(1 -1.58486e-14 0)
(1 7.83133e-15 0)
(1 -1.14672e-14 0)
(1 -8.30646e-16 0)
(1 -3.30228e-15 0)
(1 2.06377e-15 0)
(1 8.41154e-15 0)
(1 9.97746e-15 0)
(1 7.18271e-15 0)
(1 7.44418e-15 0)
(1 -8.64341e-16 0)
(1 -2.16033e-15 0)
(1 -2.06368e-15 0)
(1 7.71125e-16 0)
(1 -1.30015e-15 0)
(1 3.5625e-15 0)
(1 2.50623e-15 0)
(1 -8.03281e-15 0)
(1 -5.21515e-15 0)
(1 -4.79024e-15 0)
(1 -1.0444e-15 0)
(1 3.72123e-15 0)
(1 9.07846e-16 0)
(1 1.69313e-16 0)
(1 4.53821e-15 0)
(1 1.34968e-15 0)
(1 -4.4888e-16 0)
(1 8.70955e-15 0)
(1 8.50743e-15 0)
(1 6.38067e-15 0)
(1 -4.90516e-15 0)
(1 6.74046e-16 0)
(1 3.29316e-15 0)
(1 -1.63321e-15 0)
(1 7.38051e-15 0)
(1 2.59287e-15 0)
(1 1.09828e-15 0)
(1 -2.08281e-15 0)
(1 2.61462e-15 0)
(1 7.63129e-15 0)
(1 3.03893e-15 0)
(1 4.81187e-15 0)
(1 7.25037e-15 0)
(1 8.35581e-15 0)
(1 1.00409e-14 0)
(1 4.53076e-15 0)
(1 4.07383e-15 0)
(1 3.29206e-15 0)
(1 6.68441e-15 0)
(1 6.88119e-15 0)
(1 1.04378e-14 0)
(1 9.60333e-15 0)
(1 5.61398e-15 0)
(1 4.06313e-15 0)
(1 2.1178e-15 0)
(1 1.2714e-14 0)
(1 1.14705e-14 0)
(1 1.05126e-14 0)
(1 1.10584e-14 0)
(1 9.56686e-15 0)
(1 8.93035e-15 0)
(1 7.82478e-15 0)
(1 7.8126e-15 0)
(1 6.46449e-15 0)
(1 6.78704e-15 0)
(1 2.78307e-15 0)
(1 3.98645e-15 0)
(1 6.10114e-15 0)
(1 8.65867e-16 0)
(1 -5.71509e-15 0)
(1 -4.56306e-15 0)
(1 -3.26636e-15 0)
(1 -7.9394e-16 0)
(1 -1.81408e-15 0)
(1 1.2365e-16 0)
(1 3.95628e-15 0)
(1 6.01034e-15 0)
(1 6.26868e-15 0)
(1 8.51588e-15 0)
(1 1.73293e-15 0)
(1 8.85807e-15 0)
(1 8.79721e-15 0)
(1 1.11719e-14 0)
(1 1.07356e-14 0)
(1 -1.89572e-15 0)
(1 -2.67926e-15 0)
(1 -9.43066e-16 0)
(1 8.44948e-15 0)
(1 5.63379e-16 0)
(1 3.14151e-15 0)
(1 9.39971e-15 0)
(1 4.79728e-15 0)
(1 -6.54119e-16 0)
(1 9.39846e-16 0)
(1 -8.0839e-15 0)
(1 -5.57462e-15 0)
(1 -8.36712e-15 0)
(1 -4.98228e-15 0)
(1 3.22799e-15 0)
(1 8.6239e-16 0)
(1 -2.22276e-15 0)
(1 -1.42029e-14 0)
(1 -1.21539e-14 0)
(1 -3.73623e-15 0)
(1 7.14397e-16 0)
(1 1.06958e-14 0)
(1 3.94345e-16 0)
(1 -2.10048e-15 0)
(1 -1.19468e-14 0)
(1 3.18435e-15 0)
(1 -2.73291e-15 0)
(1 3.88731e-15 0)
(1 -3.48023e-15 0)
(1 4.2409e-15 0)
(1 1.02112e-15 0)
(1 2.06839e-15 0)
(1 7.21038e-15 0)
(1 2.26284e-15 0)
(1 4.9246e-16 0)
(1 4.94338e-15 0)
(1 1.08025e-15 0)
(1 3.75112e-15 0)
(1 1.30387e-15 0)
(1 1.18726e-15 0)
(1 1.00072e-14 0)
(1 8.00509e-15 0)
(1 3.74936e-15 0)
(1 -1.11218e-14 0)
(1 -8.54781e-15 0)
(1 -7.3516e-15 0)
(1 -5.27441e-15 0)
(1 -3.2242e-15 0)
(1 3.46232e-15 0)
(1 1.41476e-15 0)
(1 7.41374e-15 0)
(1 7.43146e-15 0)
(1 2.23448e-15 0)
(1 9.45368e-16 0)
(1 2.76846e-15 0)
(1 3.43082e-15 0)
(1 8.31855e-15 0)
(1 3.36005e-15 0)
(1 4.20683e-15 0)
(1 4.57643e-15 0)
(1 -1.07205e-15 0)
(1 -3.83792e-15 0)
(1 5.95461e-15 0)
(1 -1.83773e-15 0)
(1 1.00255e-14 0)
(1 -2.13095e-16 0)
(1 7.52719e-15 0)
(1 3.94309e-15 0)
(1 8.34279e-15 0)
(1 5.47102e-15 0)
(1 4.34508e-15 0)
(1 5.22268e-15 0)
(1 8.67225e-15 0)
(1 8.5272e-15 0)
(1 9.37992e-15 0)
(1 1.03213e-15 0)
(1 9.77433e-15 0)
(1 4.35814e-15 0)
(1 5.00018e-15 0)
(1 6.35069e-15 0)
(1 1.93813e-15 0)
(1 2.8809e-15 0)
(1 2.79273e-15 0)
(1 2.29093e-15 0)
(1 6.36406e-16 0)
(1 -1.21999e-15 0)
(1 -2.45123e-15 0)
(1 -3.22397e-15 0)
(1 -1.00696e-15 0)
(1 2.0189e-15 0)
(1 8.95699e-15 0)
(1 8.0172e-15 0)
(1 5.16746e-15 0)
(1 -1.23396e-15 0)
(1 5.55923e-15 0)
(1 5.0043e-15 0)
(1 7.51149e-15 0)
(1 7.31322e-15 0)
(1 8.26317e-15 0)
(1 8.10994e-15 0)
(1 -9.62694e-15 0)
(1 6.17466e-15 0)
(1 -4.55084e-15 0)
(1 1.20685e-15 0)
(1 2.98187e-16 0)
(1 3.39623e-15 0)
(1 6.91876e-15 0)
(1 1.34517e-14 0)
(1 9.12783e-15 0)
(1 2.11617e-15 0)
(1 1.64399e-15 0)
(1 -6.25997e-15 0)
(1 -5.74893e-15 0)
(1 -6.09269e-15 0)
(1 -4.30008e-15 0)
(1 1.71735e-16 0)
(1 2.21775e-15 0)
(1 -1.3474e-14 0)
(1 -3.52327e-15 0)
(1 -3.64981e-16 0)
(1 4.20373e-16 0)
(1 -9.17246e-16 0)
(1 -5.68976e-15 0)
(1 1.57496e-15 0)
(1 -8.56953e-15 0)
(1 -7.3005e-15 0)
(1 -1.16967e-15 0)
(1 -2.94816e-15 0)
(1 4.0214e-15 0)
(1 1.55777e-15 0)
(1 -5.80089e-15 0)
(1 -8.0684e-15 0)
(1 1.59181e-15 0)
(1 1.10258e-15 0)
(1 1.67389e-15 0)
(1 1.77911e-15 0)
(1 -2.4355e-15 0)
(1 -9.79708e-16 0)
(1 -6.42966e-15 0)
(1 -4.04165e-15 0)
(1 -1.78992e-16 0)
(1 2.57467e-15 0)
(1 6.55427e-16 0)
(1 -3.8261e-15 0)
(1 -4.81752e-15 0)
(1 -4.47193e-15 0)
(1 1.16707e-15 0)
(1 -6.94207e-16 0)
(1 2.10116e-16 0)
(1 7.2246e-15 0)
(1 -2.0658e-15 0)
(1 4.53784e-15 0)
(1 1.25764e-15 0)
(1 4.10417e-15 0)
(1 -1.42409e-15 0)
(1 4.49998e-15 0)
(1 -1.78259e-15 0)
(1 8.68552e-15 0)
(1 1.17275e-14 0)
(1 1.34511e-14 0)
(1 -3.10007e-15 0)
(1 -2.48181e-15 0)
(1 1.72829e-15 0)
(1 4.54721e-15 0)
(1 1.00318e-14 0)
(1 1.07211e-14 0)
(1 4.75429e-15 0)
(1 3.92597e-15 0)
(1 1.70537e-15 0)
(1 6.31553e-15 0)
(1 1.41365e-14 0)
(1 7.98571e-15 0)
(1 1.18583e-14 0)
(1 1.22256e-14 0)
(1 8.60305e-15 0)
(1 4.27649e-15 0)
(1 6.34558e-15 0)
(1 4.11044e-15 0)
(1 7.4035e-15 0)
(1 5.38856e-15 0)
(1 3.17505e-15 0)
(1 6.75259e-15 0)
(1 2.73173e-15 0)
(1 -3.5002e-15 0)
(1 -1.04539e-15 0)
(1 7.29312e-15 0)
(1 3.35711e-15 0)
(1 9.82243e-15 0)
(1 1.70762e-15 0)
(1 7.27112e-15 0)
(1 8.87925e-15 0)
(1 3.92658e-15 0)
(1 2.83383e-15 0)
(1 3.69777e-15 0)
(1 3.81927e-15 0)
(1 3.47206e-15 0)
(1 3.32907e-15 0)
(1 6.39696e-15 0)
(1 8.24629e-15 0)
(1 6.10598e-15 0)
(1 2.3439e-15 0)
(1 4.04672e-15 0)
(1 1.10681e-14 0)
(1 -2.97813e-15 0)
(1 1.07966e-15 0)
(1 -1.15331e-15 0)
(1 -6.33362e-15 0)
(1 -3.34268e-15 0)
(1 -4.60538e-16 0)
(1 -2.04741e-15 0)
(1 2.96381e-15 0)
(1 -4.03497e-15 0)
(1 -5.33862e-15 0)
(1 -5.83793e-15 0)
(1 -5.03838e-15 0)
(1 -7.27372e-16 0)
(1 -7.60557e-16 0)
(1 8.52814e-15 0)
(1 2.00177e-15 0)
(1 2.46051e-15 0)
(1 2.41923e-15 0)
(1 -3.11978e-15 0)
(1 -4.10812e-15 0)
(1 -4.98825e-15 0)
(1 -2.94209e-15 0)
(1 -1.93388e-16 0)
(1 -1.48163e-15 0)
(1 -7.58568e-15 0)
(1 -5.42423e-15 0)
(1 -3.3743e-15 0)
(1 5.15939e-16 0)
(1 -3.77283e-15 0)
(1 -8.19547e-16 0)
(1 -5.29117e-15 0)
(1 -2.10876e-15 0)
(1 -2.36468e-15 0)
(1 -3.03607e-15 0)
(1 -4.31916e-15 0)
(1 -6.60306e-15 0)
(1 -5.17519e-15 0)
(1 -4.96132e-15 0)
(1 -5.92678e-15 0)
(1 -1.2639e-15 0)
(1 1.06562e-15 0)
(1 4.1559e-15 0)
(1 4.92609e-15 0)
(1 3.27259e-15 0)
(1 -2.7589e-16 0)
(1 -8.0989e-16 0)
(1 4.8773e-15 0)
(1 5.60155e-16 0)
(1 1.9203e-15 0)
(1 -5.85309e-17 0)
(1 7.55292e-15 0)
(1 -7.08458e-16 0)
(1 -2.34194e-15 0)
(1 -3.83908e-15 0)
(1 -4.20214e-15 0)
(1 -2.42165e-15 0)
(1 3.43509e-15 0)
(1 5.61065e-15 0)
(1 6.24503e-15 0)
(1 5.32224e-15 0)
(1 9.59649e-15 0)
(1 5.93398e-15 0)
(1 5.19877e-15 0)
(1 1.29936e-15 0)
(1 2.29162e-15 0)
(1 2.74255e-15 0)
(1 3.53003e-15 0)
(1 1.1196e-14 0)
(1 1.20165e-14 0)
(1 1.3162e-14 0)
(1 8.09784e-15 0)
(1 7.47907e-15 0)
(1 3.21278e-15 0)
(1 2.43113e-15 0)
(1 3.61878e-15 0)
(1 -3.80643e-15 0)
(1 5.29223e-15 0)
(1 1.14641e-14 0)
(1 7.59646e-15 0)
(1 1.29733e-14 0)
(1 4.90442e-15 0)
(1 -2.03258e-15 0)
(1 -1.18786e-15 0)
(1 1.01421e-14 0)
(1 8.8012e-15 0)
(1 3.92021e-15 0)
(1 3.38009e-15 0)
(1 1.30924e-15 0)
(1 4.02978e-15 0)
(1 7.98878e-15 0)
(1 8.42218e-15 0)
(1 1.15922e-14 0)
(1 -4.66058e-16 0)
(1 1.10937e-15 0)
(1 4.16456e-15 0)
(1 7.93641e-15 0)
(1 7.28022e-15 0)
(1 2.89112e-15 0)
(1 -8.24184e-15 0)
(1 6.42445e-15 0)
(1 -8.47426e-16 0)
(1 -8.82581e-16 0)
(1 3.99889e-15 0)
(1 1.36483e-14 0)
(1 3.82765e-15 0)
(1 5.17589e-15 0)
(1 -7.54276e-17 0)
(1 -6.69623e-15 0)
(1 -3.35726e-15 0)
(1 2.59692e-15 0)
(1 -1.08413e-15 0)
(1 -1.22181e-15 0)
(1 -8.25457e-15 0)
(1 -4.99937e-16 0)
(1 1.1906e-15 0)
(1 8.1919e-15 0)
(1 1.71567e-15 0)
(1 -1.21276e-16 0)
(1 -4.4127e-15 0)
(1 -5.65383e-15 0)
(1 -1.26777e-14 0)
(1 -3.31526e-15 0)
(1 -4.99308e-15 0)
(1 -6.41805e-15 0)
(1 -6.51544e-15 0)
(1 -7.90816e-15 0)
(1 -3.36535e-15 0)
(1 7.12269e-15 0)
(1 -4.45487e-15 0)
(1 -2.95842e-15 0)
(1 1.79614e-15 0)
(1 2.165e-15 0)
(1 -1.61826e-15 0)
(1 -3.53339e-15 0)
(1 -5.75463e-15 0)
(1 -1.09586e-15 0)
(1 -3.16733e-15 0)
(1 3.17588e-16 0)
(1 -2.81108e-15 0)
(1 -9.79956e-16 0)
(1 -2.547e-15 0)
(1 6.10521e-16 0)
(1 -2.79903e-15 0)
(1 -2.27606e-15 0)
(1 -5.74627e-15 0)
(1 -4.89933e-15 0)
(1 -3.25841e-15 0)
(1 2.8356e-15 0)
(1 1.0438e-15 0)
(1 4.71958e-15 0)
(1 1.72775e-15 0)
(1 3.52108e-15 0)
(1 2.31515e-15 0)
(1 1.05831e-14 0)
(1 -4.01023e-15 0)
(1 -6.78774e-16 0)
(1 -6.87271e-15 0)
(1 2.84929e-15 0)
(1 6.94856e-15 0)
(1 -2.12844e-15 0)
(1 -2.13335e-15 0)
(1 3.00269e-16 0)
(1 1.90856e-16 0)
(1 1.99726e-15 0)
(1 2.73956e-15 0)
(1 6.55976e-15 0)
(1 7.97415e-15 0)
(1 2.31717e-15 0)
(1 6.02373e-15 0)
(1 6.78866e-15 0)
(1 4.60716e-15 0)
(1 8.26426e-15 0)
(1 8.29794e-15 0)
(1 4.19904e-15 0)
(1 4.76315e-15 0)
(1 2.54798e-15 0)
(1 6.16457e-15 0)
(1 4.14141e-15 0)
(1 6.86323e-15 0)
(1 6.35392e-15 0)
(1 7.29046e-15 0)
(1 1.48254e-15 0)
(1 -6.26314e-15 0)
(1 6.82636e-15 0)
(1 3.71524e-15 0)
(1 3.14454e-15 0)
(1 9.58441e-16 0)
(1 6.96802e-16 0)
(1 1.33982e-14 0)
(1 3.17193e-15 0)
(1 1.53321e-15 0)
(1 -7.9227e-16 0)
(1 8.18295e-16 0)
(1 2.50682e-15 0)
(1 3.5796e-15 0)
(1 6.51917e-15 0)
(1 3.00413e-15 0)
(1 -2.05931e-15 0)
(1 -9.84244e-15 0)
(1 6.79012e-17 0)
(1 -3.12934e-15 0)
(1 1.3705e-15 0)
(1 5.01719e-15 0)
(1 7.108e-15 0)
(1 5.76892e-15 0)
(1 3.70934e-15 0)
(1 -1.92133e-15 0)
(1 2.44915e-15 0)
(1 4.03161e-15 0)
(1 3.32297e-15 0)
(1 -8.88613e-16 0)
(1 -1.9671e-15 0)
(1 -3.39224e-15 0)
(1 -9.94414e-15 0)
(1 -2.69873e-15 0)
(1 1.52144e-15 0)
(1 4.84106e-15 0)
(1 -4.00582e-15 0)
(1 4.86236e-16 0)
(1 6.8365e-16 0)
(1 -1.49781e-16 1.07146e-46)
(1 -5.31573e-15 0)
(1 -7.9333e-15 0)
(1 -8.09436e-15 0)
(1 -5.17985e-15 0)
(1 -5.89406e-15 0)
(1 -7.42034e-16 0)
(1 -4.37593e-15 0)
(1 -1.1978e-14 0)
(1 -1.47723e-14 0)
(1 -2.0611e-15 0)
(1 -1.82573e-15 0)
(1 3.72003e-15 0)
(1 3.34843e-15 0)
(1 2.81158e-15 0)
(1 -4.3123e-16 0)
(1 2.41615e-15 0)
(1 -5.47035e-16 0)
(1 7.37871e-17 0)
(1 -4.36441e-15 0)
(1 -3.04799e-15 0)
(1 -6.86864e-15 -1.03861e-46)
(1 -3.72711e-15 0)
(1 -1.01198e-15 -1.028e-46)
(1 -1.12674e-15 0)
(1 -5.77355e-15 0)
(1 -1.55433e-15 0)
(1 7.98154e-16 0)
(1 5.54602e-15 0)
(1 3.04637e-15 0)
(1 2.72878e-15 0)
(1 -2.00369e-15 0)
(1 2.4304e-15 0)
(1 -1.18118e-15 0)
(1 -4.80225e-15 0)
(1 8.34895e-15 0)
(1 2.0692e-15 0)
(1 1.37797e-15 0)
(1 -3.1474e-15 0)
(1 -6.20229e-15 0)
(1 -3.54638e-15 0)
(1 6.08163e-15 0)
(1 3.76383e-15 0)
(1 3.16248e-15 0)
(1 4.11422e-15 0)
(1 7.84246e-15 0)
(1 5.97024e-15 3.42585e-47)
(1 2.60487e-15 -3.27313e-47)
(1 3.33039e-15 -3.18006e-47)
(1 2.30595e-15 3.01232e-47)
(1 3.01404e-15 3.03628e-47)
(1 5.67051e-15 -2.98716e-47)
(1 1.0502e-14 -2.8972e-47)
(1 8.48515e-15 2.77856e-47)
(1 5.19646e-15 2.53471e-47)
(1 1.78091e-15 -2.50834e-47)
(1 8.88902e-16 -2.41298e-47)
(1 3.58883e-15 0)
(1 1.30005e-14 0)
(1 2.25333e-15 -4.1727e-47)
(1 2.854e-15 0)
(1 7.96708e-15 -3.95057e-47)
(1 1.33692e-14 1.83759e-47)
(1 4.05374e-15 -3.52905e-47)
(1 5.63447e-15 0)
(1 3.81881e-15 -2.70178e-47)
(1 1.15303e-15 1.30478e-47)
(1 -2.61417e-16 -2.28306e-47)
(1 9.11796e-16 0)
(1 6.39397e-16 -1.65379e-47)
(1 4.3384e-15 0)
(1 -5.67205e-16 0)
(1 3.96872e-15 -7.60563e-48)
(1 2.34639e-15 -5.96141e-48)
(1 7.61082e-15 0)
(1 1.33088e-15 -2.75794e-48)
(1 -3.54952e-15 -8.76295e-49)
(1 -1.19991e-15 0)
(1 2.99606e-15 0)
(1 3.03853e-15 0)
(1 3.86009e-16 0)
(1 2.50379e-16 0)
(1 4.40783e-16 0)
(1 -2.72915e-15 0)
(1 7.63382e-15 0)
(1 4.90593e-15 0)
(1 2.72677e-15 0)
(1 6.16452e-16 0)
(1 -3.43785e-15 0)
(1 -3.92121e-15 0)
(1 -2.04789e-15 0)
(1 -2.43923e-15 0)
(1 3.695e-15 0)
(1 -1.28539e-15 0)
(1 2.52415e-15 0)
(1 -3.85132e-17 0)
(1 1.48925e-15 0)
(1 -6.19465e-15 0)
(1 1.60833e-15 0)
(1 5.64036e-16 0)
(1 5.02883e-15 -1.07146e-46)
(1 -5.98746e-15 0)
(1 -5.30441e-15 0)
(1 -2.03956e-14 0)
(1 -3.51743e-15 0)
(1 4.3832e-16 0)
(1 3.70915e-15 0)
(1 8.08413e-16 0)
(1 5.89156e-15 0)
(1 -9.02677e-15 0)
(1 -8.70998e-15 0)
(1 -1.30548e-14 0)
(1 -5.93865e-15 0)
(1 -3.16605e-15 0)
(1 -2.22992e-16 0)
(1 -4.38291e-15 0)
(1 6.89303e-15 0)
(1 3.01168e-15 0)
(1 -1.61484e-15 0)
(1 -8.39731e-15 0)
(1 -6.62152e-15 0)
(1 -6.77595e-15 1.03861e-46)
(1 -4.73547e-15 0)
(1 -1.00097e-15 1.028e-46)
(1 -3.80193e-15 0)
(1 -5.13577e-15 0)
(1 -3.40955e-15 0)
(1 2.4304e-15 0)
(1 1.10961e-14 0)
(1 7.4172e-15 0)
(1 3.85676e-15 0)
(1 5.85012e-15 0)
(1 1.14648e-15 0)
(1 3.38074e-15 0)
(1 6.54318e-15 0)
(1 1.69044e-16 0)
(1 -3.35676e-15 0)
(1 -9.21623e-15 0)
(1 -1.10659e-14 0)
(1 3.40701e-15 0)
(1 -2.09845e-15 0)
(1 3.53617e-15 0)
(1 -1.57927e-15 0)
(1 9.57258e-16 0)
(1 -9.00802e-15 0)
(1 4.7392e-15 0)
(1 -2.05224e-15 -3.42585e-47)
(1 9.52341e-15 3.27313e-47)
(1 1.2536e-15 3.18006e-47)
(1 3.15392e-15 -3.01232e-47)
(1 -3.87601e-15 -3.03628e-47)
(1 -3.61098e-16 2.98716e-47)
(1 8.73525e-15 2.8972e-47)
(1 7.67127e-15 -2.77856e-47)
(1 2.71442e-15 -2.53471e-47)
(1 3.69385e-15 2.50834e-47)
(1 1.40502e-15 2.41298e-47)
(1 1.17991e-15 0)
(1 2.07816e-15 0)
(1 -2.25685e-16 4.1727e-47)
(1 3.17614e-15 0)
(1 3.45874e-15 3.95057e-47)
(1 9.91899e-15 -1.83759e-47)
(1 8.49635e-15 3.52905e-47)
(1 3.29339e-15 0)
(1 6.76853e-15 2.70178e-47)
(1 -8.0092e-16 -1.30478e-47)
(1 2.34246e-15 2.28306e-47)
(1 -6.1667e-15 0)
(1 2.57744e-15 1.65379e-47)
(1 9.29889e-15 0)
(1 5.0846e-15 0)
(1 -6.96464e-15 7.60563e-48)
(1 -4.58039e-15 5.96141e-48)
(1 2.08469e-15 0)
(1 1.23419e-15 2.75794e-48)
(1 1.86818e-15 8.76295e-49)
(1 1.14761e-15 0)
(1 9.05474e-15 0)
(1 3.0522e-16 0)
(1 3.35752e-16 0)
(1 -4.77366e-15 0)
(1 -2.42138e-15 0)
(1 -3.45205e-15 0)
(1 5.07192e-16 0)
(1 1.0123e-14 0)
(1 1.95775e-15 0)
(1 -3.39292e-16 0)
(1 -3.8894e-15 0)
(1 -6.45802e-16 0)
(1 -1.16315e-15 0)
(1 -2.93331e-16 0)
(1 4.56219e-15 0)
(1 1.35036e-14 0)
(1 -2.18652e-15 0)
(1 -3.09793e-15 0)
(1 -3.51251e-15 0)
(1 -4.93058e-15 0)
(1 -5.22687e-15 0)
(1 -4.43806e-15 0)
(1 5.26464e-16 0)
(1 -2.38595e-16 0)
(1 -4.76722e-15 0)
(1 -5.63281e-15 0)
(1 -1.58755e-15 0)
(1 -2.46746e-15 0)
(1 1.61356e-15 0)
(1 -1.4275e-15 0)
(1 -8.74655e-15 0)
(1 -5.13065e-15 0)
(1 -9.15723e-15 0)
(1 -2.78176e-15 0)
(1 -7.71639e-15 0)
(1 -4.28914e-15 0)
(1 -4.61256e-15 0)
(1 7.32476e-15 0)
(1 1.42623e-15 0)
(1 -5.93056e-15 0)
(1 -2.82497e-15 0)
(1 -8.80942e-16 0)
(1 -4.33942e-16 0)
(1 -1.12676e-15 0)
(1 -5.83316e-15 0)
(1 -6.846e-15 0)
(1 -5.04974e-15 0)
(1 1.21675e-15 0)
(1 -7.78214e-15 0)
(1 2.34166e-15 0)
(1 6.38432e-15 0)
(1 5.58409e-15 0)
(1 -1.06733e-15 0)
(1 8.97254e-16 0)
(1 1.91609e-15 0)
(1 1.12756e-14 0)
(1 1.93928e-14 0)
(1 -3.32431e-15 0)
(1 -5.40309e-15 0)
(1 -6.7692e-15 0)
(1 -1.42373e-15 0)
(1 -3.73301e-16 0)
(1 2.82805e-15 0)
(1 -5.08715e-15 0)
(1 -1.69454e-15 0)
(1 -2.68627e-15 0)
(1 -6.95732e-15 0)
(1 -2.06844e-15 0)
(1 1.20911e-16 0)
(1 -1.35255e-15 0)
(1 -5.49135e-15 0)
(1 -3.61567e-15 0)
(1 2.00455e-15 0)
(1 5.47878e-15 0)
(1 5.71032e-15 0)
(1 3.51137e-15 0)
(1 3.56152e-15 0)
(1 8.78453e-15 0)
(1 9.5641e-16 0)
(1 -4.47599e-15 0)
(1 -6.32081e-15 0)
(1 2.89458e-15 0)
(1 -5.17283e-16 0)
(1 4.38361e-15 0)
(1 1.35551e-15 0)
(1 9.55919e-15 0)
(1 5.12133e-15 0)
(1 1.7786e-15 0)
(1 4.68073e-15 0)
(1 3.12624e-15 0)
(1 6.60511e-16 0)
(1 3.67098e-16 0)
(1 5.24328e-15 0)
(1 2.6504e-15 0)
(1 -7.8981e-15 0)
(1 -6.85747e-15 0)
(1 -4.74299e-15 0)
(1 1.60687e-15 0)
(1 6.91451e-16 0)
(1 -1.11445e-15 0)
(1 2.16062e-15 0)
(1 1.96603e-15 0)
(1 5.02915e-15 0)
(1 5.85591e-15 0)
(1 5.70602e-15 0)
(1 4.32478e-15 0)
(1 -4.8667e-15 0)
(1 2.94661e-17 0)
(1 -8.86338e-17 0)
(1 -4.67174e-15 0)
(1 -2.24556e-15 0)
(1 8.28186e-15 0)
(1 7.12186e-16 0)
(1 4.78069e-15 0)
(1 -1.35029e-15 0)
(1 1.83114e-15 0)
(1 -5.25699e-15 0)
(1 -9.22455e-15 0)
(1 5.02386e-16 0)
(1 -3.25247e-15 0)
(1 -2.56376e-15 0)
(1 -4.07115e-15 0)
(1 -3.32564e-15 0)
(1 6.68312e-15 0)
(1 3.6029e-15 0)
(1 1.44288e-15 0)
(1 -1.34275e-14 0)
(1 -1.17638e-14 0)
(1 -7.8341e-15 0)
(1 -7.11878e-15 0)
(1 -1.58385e-14 0)
(1 -8.01037e-15 0)
(1 -9.03402e-15 0)
(1 -2.74609e-15 0)
(1 2.47031e-15 0)
(1 -3.55084e-15 0)
(1 -5.57551e-15 0)
(1 1.64848e-15 0)
(1 -5.50719e-16 0)
(1 -2.86269e-15 0)
(1 2.09974e-15 0)
(1 -1.36839e-16 0)
(1 -2.36081e-15 0)
(1 -2.20818e-15 0)
(1 8.34881e-16 0)
(1 -4.02403e-15 0)
(1 9.91989e-16 0)
(1 2.54113e-15 0)
(1 -5.12327e-15 0)
(1 2.1173e-15 0)
(1 -2.39608e-15 0)
(1 -7.52737e-16 0)
(1 2.40449e-15 0)
(1 2.68255e-15 0)
(1 3.59216e-15 0)
(1 1.80298e-15 0)
(1 -3.43598e-15 0)
(1 -6.04973e-15 0)
(1 -7.54264e-15 0)
(1 3.29881e-15 0)
(1 4.66166e-15 0)
(1 -1.77331e-15 0)
(1 6.60254e-15 0)
(1 -2.35907e-15 0)
(1 -7.94273e-15 0)
(1 -1.23961e-14 0)
(1 -8.16673e-15 0)
(1 -9.11921e-15 0)
(1 4.15563e-15 0)
(1 -2.87835e-15 0)
(1 -3.66945e-15 0)
(1 -3.66548e-15 0)
(1 7.04573e-15 0)
(1 8.48259e-15 0)
(1 -9.89092e-17 0)
(1 -3.18718e-15 0)
(1 -2.13528e-15 0)
(1 -2.88806e-15 0)
(1 2.95447e-16 0)
(1 2.88651e-15 0)
(1 2.74072e-15 0)
(1 7.18608e-15 0)
(1 6.70426e-15 0)
(1 9.3283e-15 0)
(1 5.4589e-15 0)
(1 1.473e-15 0)
(1 2.52992e-15 0)
(1 3.38656e-16 0)
(1 2.58469e-15 0)
(1 -9.8621e-17 0)
(1 1.19871e-15 0)
(1 -2.4905e-15 0)
(1 -4.15628e-15 0)
(1 -3.89207e-15 0)
(1 2.72106e-15 0)
(1 -4.49451e-16 0)
(1 -4.26845e-15 0)
(1 -6.04814e-15 0)
(1 -4.99463e-15 0)
(1 -1.52785e-15 0)
(1 6.2591e-16 0)
(1 -5.06591e-16 0)
(1 5.06128e-15 0)
(1 5.09168e-15 0)
(1 2.88525e-15 0)
(1 5.96267e-15 0)
(1 -2.41484e-15 0)
(1 -3.60177e-15 0)
(1 2.21436e-15 0)
(1 -2.83029e-15 0)
(1 -2.64018e-15 0)
(1 -1.02098e-15 0)
(1 1.62637e-15 0)
(1 -2.19682e-15 0)
(1 1.38104e-15 0)
(1 1.71691e-15 0)
(1 1.32471e-14 0)
(1 5.86002e-15 0)
(1 2.70923e-15 0)
(1 -3.03486e-15 0)
(1 -6.36585e-15 0)
(1 -1.86417e-15 0)
(1 4.96726e-16 0)
(1 2.71998e-15 0)
(1 2.66529e-15 0)
(1 -5.76351e-15 0)
(1 -7.61077e-15 0)
(1 -9.9709e-15 0)
(1 -1.74856e-14 0)
(1 -9.01833e-15 0)
(1 -4.15764e-15 0)
(1 -6.92723e-15 0)
(1 -1.16643e-14 0)
(1 -1.69088e-14 0)
(1 -1.6023e-15 0)
(1 -4.38948e-15 0)
(1 1.21052e-15 0)
(1 -8.19766e-15 0)
(1 3.20283e-15 0)
(1 4.0744e-15 0)
(1 3.89832e-15 0)
(1 3.72639e-15 0)
(1 -3.99013e-15 0)
(1 1.18524e-15 0)
(1 -9.51789e-16 0)
(1 -7.96593e-15 0)
(1 -1.02513e-14 0)
(1 -8.19803e-15 0)
(1 -2.64951e-15 0)
(1 -4.06371e-15 0)
(1 5.79832e-16 0)
(1 3.31083e-15 0)
(1 5.71831e-15 0)
(1 9.86612e-15 0)
(1 6.64047e-15 0)
(1 -9.05539e-15 0)
(1 -1.1565e-14 0)
(1 -5.67128e-15 0)
(1 -5.74157e-16 0)
(1 4.28316e-16 0)
(1 1.46413e-15 0)
(1 1.66618e-15 0)
(1 2.0311e-15 0)
(1 -4.00495e-16 0)
(1 -4.92375e-15 0)
(1 -2.14562e-15 0)
(1 -6.71532e-16 0)
(1 -2.81106e-15 0)
(1 1.12176e-15 0)
(1 2.45131e-17 0)
(1 -1.46603e-15 0)
(1 -2.18935e-15 0)
(1 -5.97912e-15 0)
(1 -6.74792e-15 0)
(1 -1.55176e-15 0)
(1 -2.90053e-15 0)
(1 -7.89619e-15 0)
(1 -6.32073e-15 0)
(1 2.24917e-15 0)
(1 2.30522e-15 0)
(1 -1.9595e-15 0)
(1 -1.94574e-15 0)
(1 3.24052e-15 0)
(1 1.25499e-15 0)
(1 1.17652e-15 0)
(1 -8.09012e-16 0)
(1 5.59626e-15 0)
(1 9.99699e-16 0)
(1 2.98251e-16 0)
(1 1.24508e-15 0)
(1 7.2846e-15 0)
(1 -8.98517e-16 0)
(1 -3.58942e-15 0)
(1 -5.10789e-15 0)
(1 5.15778e-17 0)
(1 7.36371e-17 0)
(1 5.83904e-16 0)
(1 4.11404e-16 0)
(1 1.54911e-15 0)
(1 5.60501e-15 0)
(1 4.72715e-15 0)
(1 7.80813e-15 0)
(1 1.11788e-15 0)
(1 -3.74918e-15 0)
(1 -5.87988e-15 0)
(1 -3.48345e-15 0)
(1 4.70694e-15 0)
(1 -8.91636e-15 0)
(1 -2.93614e-15 0)
(1 5.15765e-15 0)
(1 2.03961e-15 0)
(1 -8.19497e-15 0)
(1 2.77955e-15 0)
(1 -2.99464e-15 0)
(1 5.78231e-15 0)
(1 4.68857e-15 0)
(1 5.70755e-15 0)
(1 -3.43819e-16 0)
(1 -5.37403e-15 0)
(1 -9.66109e-16 0)
(1 -4.1028e-15 0)
(1 1.83975e-15 0)
(1 -3.94127e-16 0)
(1 1.36778e-15 0)
(1 -2.34504e-15 0)
(1 2.75079e-15 0)
(1 6.74053e-15 0)
(1 -6.85161e-15 0)
(1 -1.56709e-14 0)
(1 -1.91468e-14 0)
(1 -2.45384e-15 0)
(1 2.66173e-15 0)
(1 -1.28465e-15 0)
(1 -6.29985e-15 0)
(1 -7.47454e-15 0)
(1 -5.91534e-15 0)
(1 -8.80533e-15 0)
(1 -6.31554e-15 0)
(1 -1.22893e-14 0)
(1 -4.29991e-15 0)
(1 -6.56063e-15 0)
(1 2.33066e-15 0)
(1 5.06443e-17 0)
(1 -2.81425e-15 0)
(1 -8.45987e-15 0)
(1 -4.80666e-15 0)
(1 -9.4961e-15 0)
(1 -5.5782e-15 0)
(1 -2.38806e-16 0)
(1 -5.40157e-15 0)
(1 1.38888e-15 0)
(1 2.55111e-16 0)
(1 4.35332e-15 0)
(1 -4.5842e-15 0)
(1 -3.29619e-15 0)
(1 -7.4738e-15 0)
(1 4.54269e-16 0)
(1 6.63186e-15 0)
(1 6.69648e-15 0)
(1 1.5334e-16 0)
(1 4.52822e-16 0)
(1 3.07617e-15 0)
(1 -4.99916e-15 0)
(1 2.15577e-15 0)
(1 5.35794e-15 0)
(1 5.03409e-15 0)
(1 5.5104e-15 0)
(1 1.30951e-15 0)
(1 -7.81598e-15 0)
(1 4.17931e-16 0)
(1 -6.42701e-16 0)
(1 3.09749e-15 0)
(1 -2.44651e-16 0)
(1 -7.67067e-15 0)
(1 -5.75989e-15 0)
(1 -4.04123e-16 0)
(1 -1.51188e-15 0)
(1 -3.99399e-15 0)
(1 1.67653e-15 0)
(1 -2.16281e-15 0)
(1 3.57711e-17 0)
(1 -1.47134e-15 0)
(1 4.13664e-15 0)
(1 -1.06123e-15 0)
(1 2.40387e-15 0)
(1 4.03858e-16 0)
(1 5.85048e-15 0)
(1 1.87777e-15 0)
(1 3.15051e-15 0)
(1 2.42287e-15 0)
(1 1.6293e-15 0)
(1 -2.44919e-15 0)
(1 -3.33667e-15 0)
(1 -9.22209e-16 0)
(1 1.10577e-15 0)
(1 -2.62557e-15 0)
(1 7.63074e-16 0)
(1 1.10484e-15 0)
(1 -2.59125e-15 0)
(1 4.61668e-15 0)
(1 3.82896e-15 0)
(1 -7.16807e-16 0)
(1 -5.84784e-15 0)
(1 -3.61865e-15 0)
(1 -7.38917e-15 0)
(1 7.43838e-15 0)
(1 1.0498e-14 0)
(1 1.78144e-15 0)
(1 -3.24663e-15 0)
(1 9.1904e-15 0)
(1 -4.40838e-15 0)
(1 -5.12014e-15 0)
(1 -4.18587e-15 0)
(1 2.37733e-15 0)
(1 3.8931e-15 0)
(1 8.35535e-15 0)
(1 -5.31587e-16 0)
(1 -1.19055e-14 0)
(1 -3.61819e-15 0)
(1 1.01354e-14 0)
(1 1.21149e-14 0)
(1 2.54624e-15 0)
(1 -9.01701e-15 0)
(1 -6.21518e-15 0)
(1 -1.10529e-14 0)
(1 -1.04337e-14 0)
(1 -8.51266e-15 0)
(1 -3.77007e-15 0)
(1 -1.00573e-14 0)
(1 -1.23422e-14 0)
(1 -5.14482e-15 0)
(1 1.10361e-15 0)
(1 -6.24382e-15 0)
(1 -3.66621e-15 0)
(1 -6.81947e-15 0)
(1 -2.6581e-15 0)
(1 -2.94712e-15 0)
(1 5.397e-17 0)
(1 -8.69808e-15 0)
(1 -5.61337e-15 0)
(1 -5.27417e-16 0)
(1 2.00503e-16 0)
(1 -1.0359e-15 0)
(1 -3.7728e-15 0)
(1 -7.48475e-15 0)
(1 1.47321e-15 0)
(1 -5.59881e-15 0)
(1 -4.5132e-15 0)
(1 -5.96502e-15 0)
(1 -4.38365e-15 0)
(1 -4.17419e-15 0)
(1 -1.91202e-15 0)
(1 1.75989e-16 0)
(1 -5.46045e-15 0)
(1 -8.31203e-15 0)
(1 -1.48743e-15 0)
(1 1.50435e-16 0)
(1 3.98311e-15 0)
(1 -9.72943e-16 0)
(1 -2.01456e-17 0)
(1 1.34553e-15 0)
(1 2.99068e-15 0)
(1 8.94335e-16 0)
(1 5.05938e-17 0)
(1 5.07392e-15 0)
(1 -5.40803e-15 0)
(1 -2.56049e-15 0)
(1 -4.34683e-15 0)
(1 -2.91521e-15 0)
(1 -9.30752e-16 0)
(1 -1.0171e-15 0)
(1 -2.71503e-15 0)
(1 -5.8394e-16 0)
(1 -5.75258e-15 0)
(1 -7.64658e-15 0)
(1 -6.6913e-15 0)
(1 -5.04928e-15 0)
(1 -3.92785e-15 0)
(1 3.56865e-16 0)
(1 -9.92527e-16 0)
(1 4.95053e-15 0)
(1 3.34525e-15 0)
(1 3.3081e-15 0)
(1 1.05026e-16 0)
(1 2.26589e-15 0)
(1 -2.55352e-15 0)
(1 -4.30899e-15 0)
(1 4.19934e-16 0)
(1 6.5517e-15 0)
(1 4.93145e-15 0)
(1 -2.4287e-15 0)
(1 -1.77733e-15 0)
(1 -9.1094e-16 0)
(1 -2.39946e-16 0)
(1 2.4189e-15 0)
(1 -2.21331e-15 0)
(1 -1.11944e-15 0)
(1 -5.00377e-15 0)
(1 -5.76897e-15 0)
(1 -1.68133e-15 0)
(1 2.41326e-15 0)
(1 -4.49109e-15 0)
(1 1.73802e-15 0)
(1 1.11742e-15 0)
(1 -1.78817e-16 0)
(1 -2.04265e-16 0)
(1 -6.65554e-15 0)
(1 -1.08409e-15 0)
(1 6.6337e-15 0)
(1 6.35081e-15 0)
(1 1.48984e-15 0)
(1 -2.00857e-15 0)
(1 -3.26227e-15 0)
(1 5.77053e-15 0)
(1 1.00381e-15 0)
(1 1.02599e-15 0)
(1 -2.65521e-15 0)
(1 -6.72052e-16 0)
(1 -2.8866e-15 0)
(1 3.93208e-15 0)
(1 -1.18174e-15 0)
(1 -3.66389e-15 0)
(1 -7.53061e-15 0)
(1 -9.27823e-15 0)
(1 -7.32411e-15 0)
(1 -7.35331e-15 0)
(1 -6.63435e-15 0)
(1 -1.52755e-15 0)
(1 -2.33505e-15 0)
(1 -4.90359e-16 0)
(1 -5.98199e-15 0)
(1 -8.28164e-15 0)
(1 -9.26945e-15 0)
(1 -7.44506e-15 0)
(1 -2.51669e-15 0)
(1 -3.15496e-15 0)
(1 -1.9662e-15 0)
(1 -4.12043e-15 0)
(1 1.91522e-15 0)
(1 -2.42248e-15 0)
(1 -2.24132e-16 0)
(1 1.50072e-15 0)
(1 -7.89766e-17 0)
(1 -3.45364e-15 0)
(1 -4.91731e-15 0)
(1 3.58151e-15 0)
(1 -6.07337e-15 0)
(1 -7.15147e-15 0)
(1 2.17477e-15 0)
(1 -3.33339e-15 0)
(1 -8.98171e-15 0)
(1 -2.99683e-15 0)
(1 -7.74839e-15 0)
(1 3.27948e-16 0)
(1 -1.04781e-15 0)
(1 -1.20624e-16 0)
(1 4.83899e-15 0)
(1 3.62458e-16 0)
(1 6.58505e-16 0)
(1 2.39595e-15 0)
(1 3.22577e-15 0)
(1 2.12811e-15 0)
(1 7.58021e-15 0)
(1 -3.3744e-15 0)
(1 1.4513e-15 0)
(1 -1.75302e-15 0)
(1 7.76551e-15 0)
(1 4.57423e-15 0)
(1 4.47074e-15 0)
(1 -9.71057e-15 0)
(1 3.39563e-16 0)
(1 -6.28834e-15 0)
(1 -5.69636e-15 0)
(1 -4.49523e-15 0)
(1 -9.5622e-15 0)
(1 -5.28087e-15 0)
(1 -6.22725e-15 0)
(1 -3.23415e-15 0)
(1 -4.84347e-15 0)
(1 4.98959e-16 0)
(1 1.81497e-15 0)
(1 5.78955e-15 0)
(1 -2.6828e-15 0)
(1 5.97299e-18 0)
(1 -1.43541e-15 0)
(1 -9.65622e-16 0)
(1 -2.64653e-15 0)
(1 -4.39231e-16 0)
(1 1.18966e-15 0)
(1 3.65161e-15 0)
(1 1.67606e-15 0)
(1 5.48425e-15 0)
(1 7.39724e-15 0)
(1 2.34448e-15 0)
(1 -1.33271e-15 0)
(1 -9.66424e-16 0)
(1 -6.15769e-16 0)
(1 2.56907e-15 0)
(1 4.29875e-15 0)
(1 -2.62928e-15 0)
(1 3.38906e-15 0)
(1 -9.33124e-16 0)
(1 5.07737e-15 0)
(1 4.95757e-15 0)
(1 5.05734e-15 0)
(1 5.48983e-16 0)
(1 -2.14687e-15 0)
(1 -1.15713e-14 0)
(1 4.7895e-15 0)
(1 -6.32383e-15 0)
(1 2.51149e-15 0)
(1 8.11955e-16 0)
(1 1.13068e-15 0)
(1 9.17911e-16 0)
(1 6.75865e-15 0)
(1 -6.38913e-15 0)
(1 -8.16216e-15 0)
(1 6.56106e-15 0)
(1 -7.20049e-15 0)
(1 -9.11054e-15 0)
(1 -3.36365e-15 0)
(1 -3.17547e-15 0)
(1 -2.8319e-15 0)
(1 3.92481e-15 0)
(1 4.60482e-15 0)
(1 3.464e-15 0)
(1 -3.82389e-15 0)
(1 -6.01369e-15 0)
(1 2.73463e-15 0)
(1 -7.97011e-15 0)
(1 -3.55732e-15 0)
(1 -8.12816e-15 0)
(1 -1.32532e-14 0)
(1 -9.26952e-15 0)
(1 -4.9646e-15 0)
(1 -2.62179e-15 0)
(1 -5.33087e-15 0)
(1 -5.38195e-15 0)
(1 1.14003e-15 0)
(1 5.04225e-15 0)
(1 -7.33266e-16 0)
(1 -4.50633e-15 0)
(1 -2.48128e-15 0)
(1 -3.68211e-15 0)
(1 -6.2123e-15 0)
(1 2.76977e-15 0)
(1 5.33271e-15 0)
(1 -3.5015e-15 0)
(1 -2.60286e-15 0)
(1 -4.77087e-15 0)
(1 -8.74261e-15 0)
(1 -4.54971e-15 0)
(1 -8.23387e-15 0)
(1 -3.29104e-15 0)
(1 1.9609e-15 0)
(1 6.02505e-15 0)
(1 7.58987e-15 0)
(1 2.68751e-15 0)
(1 1.49509e-16 0)
(1 5.36797e-15 0)
(1 1.54406e-15 0)
(1 -1.37738e-15 0)
(1 1.49177e-15 0)
(1 -2.02039e-16 0)
(1 -2.39747e-15 0)
(1 4.33605e-16 0)
(1 5.33902e-15 0)
(1 5.39165e-15 0)
(1 -4.17635e-15 0)
(1 -2.8728e-15 0)
(1 -2.85317e-15 0)
(1 -2.91859e-15 0)
(1 -2.59225e-15 0)
(1 -1.64531e-16 0)
(1 6.50598e-16 0)
(1 -2.17944e-15 0)
(1 -6.07073e-15 0)
(1 -6.52896e-15 0)
(1 -6.16093e-15 0)
(1 2.1504e-16 0)
(1 -1.78242e-15 0)
(1 2.18337e-15 0)
(1 2.4115e-15 0)
(1 1.90264e-16 0)
(1 -3.42748e-15 0)
(1 -6.66117e-16 0)
(1 -3.49287e-15 0)
(1 -1.69621e-15 0)
(1 -7.21937e-15 0)
(1 -2.40106e-15 0)
(1 -3.02584e-15 0)
(1 4.83064e-15 0)
(1 7.36118e-16 0)
(1 7.80665e-15 0)
(1 1.71808e-15 0)
(1 5.76754e-16 0)
(1 -1.0232e-15 0)
(1 6.95276e-15 0)
(1 5.51794e-15 0)
(1 -8.57413e-16 0)
(1 1.21412e-17 0)
(1 -1.50751e-15 0)
(1 -1.06642e-15 0)
(1 -3.56696e-15 0)
(1 4.30889e-15 0)
(1 -2.93493e-15 0)
(1 7.75148e-15 0)
(1 -6.55235e-16 0)
(1 1.84722e-15 0)
(1 -9.04128e-15 0)
(1 7.04873e-15 0)
(1 1.69169e-15 0)
(1 8.1064e-15 0)
(1 -8.33267e-15 0)
(1 3.1007e-15 0)
(1 -4.48238e-15 0)
(1 -2.34016e-15 0)
(1 -1.61208e-15 0)
(1 -4.21096e-15 0)
(1 -1.01572e-14 0)
(1 -2.2894e-15 0)
(1 -6.40206e-15 0)
(1 1.7428e-16 0)
(1 -2.42993e-15 0)
(1 1.26764e-15 0)
(1 -2.14859e-15 0)
(1 -4.74457e-15 0)
(1 -5.89753e-16 0)
(1 2.31692e-15 0)
(1 1.57579e-15 0)
(1 3.65702e-17 0)
(1 -4.45238e-15 0)
(1 -1.23388e-14 0)
(1 -7.53103e-15 0)
(1 -8.27871e-15 0)
(1 -9.95397e-16 0)
(1 4.04541e-15 0)
(1 9.09558e-16 0)
(1 -1.38989e-15 0)
(1 -2.01795e-15 0)
(1 7.93645e-16 0)
(1 1.47174e-16 0)
(1 -1.7832e-15 0)
(1 -2.52361e-15 0)
(1 -1.15201e-14 0)
(1 -1.18915e-14 0)
(1 3.35581e-15 0)
(1 -1.06807e-15 0)
(1 -2.83767e-15 0)
(1 -2.29568e-16 0)
(1 -1.24121e-15 0)
(1 -1.72319e-15 0)
(1 -4.69675e-15 0)
(1 -5.49517e-15 0)
(1 -5.97189e-15 0)
(1 3.31015e-15 0)
(1 6.29222e-15 0)
(1 8.12752e-15 0)
(1 3.80641e-15 0)
(1 -9.2793e-16 0)
(1 -6.36113e-16 0)
(1 9.09384e-16 0)
(1 -2.13908e-15 0)
(1 3.8593e-15 0)
(1 5.36051e-15 0)
(1 2.1135e-15 0)
(1 -1.57526e-15 0)
(1 1.87698e-15 0)
(1 -8.27229e-15 0)
(1 -2.45734e-15 0)
(1 -1.07928e-14 0)
(1 -7.28903e-15 0)
(1 -6.16703e-15 0)
(1 -2.86541e-15 0)
(1 3.71927e-15 0)
(1 -4.125e-15 0)
(1 2.97077e-17 0)
(1 -2.30498e-15 0)
(1 -3.02892e-15 0)
(1 -1.13574e-15 0)
(1 -6.48012e-15 0)
(1 -7.5205e-15 0)
(1 -2.07202e-15 0)
(1 -3.86703e-16 0)
(1 1.06886e-15 0)
(1 1.7565e-15 0)
(1 -7.30059e-16 0)
(1 2.09041e-15 0)
(1 2.39887e-15 0)
(1 2.12951e-15 0)
(1 3.05373e-16 0)
(1 3.20918e-15 0)
(1 -1.9521e-15 0)
(1 3.56355e-15 0)
(1 -2.22416e-15 0)
(1 1.33467e-15 0)
(1 1.551e-15 0)
(1 -3.6942e-15 0)
(1 -6.11027e-15 0)
(1 -3.60568e-16 0)
(1 -5.27317e-15 0)
(1 4.01766e-15 0)
(1 1.21209e-15 0)
(1 -1.54119e-15 0)
(1 5.46772e-15 0)
(1 -7.95297e-15 0)
(1 -8.9714e-15 0)
(1 1.69131e-15 0)
(1 -1.26891e-15 0)
(1 2.05292e-15 0)
(1 9.39531e-15 0)
(1 3.28601e-15 0)
(1 8.57531e-15 0)
(1 -2.77226e-15 0)
(1 -6.92229e-15 0)
(1 -1.68392e-15 0)
(1 1.24162e-15 0)
(1 9.26368e-15 0)
(1 -2.60331e-15 0)
(1 -5.13401e-15 0)
(1 -9.44176e-15 0)
(1 -1.20903e-14 0)
(1 -1.63281e-15 0)
(1 -6.94073e-15 0)
(1 -2.63587e-15 0)
(1 -1.59021e-15 0)
(1 -5.94766e-16 0)
(1 -3.6064e-17 0)
(1 -1.09746e-14 0)
(1 -1.91179e-15 0)
(1 -6.7353e-15 0)
(1 -2.96783e-15 0)
(1 4.25291e-15 0)
(1 2.3403e-15 0)
(1 -2.77004e-15 0)
(1 -6.65938e-15 0)
(1 1.30749e-16 0)
(1 -3.21145e-15 0)
(1 -9.84392e-15 0)
(1 -1.06762e-14 0)
(1 -4.29272e-15 0)
(1 7.961e-16 0)
(1 6.09182e-15 0)
(1 1.85129e-15 0)
(1 7.70834e-16 0)
(1 -1.07348e-14 0)
(1 -2.75949e-15 0)
(1 2.33447e-15 0)
(1 8.13094e-15 0)
(1 5.46069e-15 0)
(1 -5.35521e-15 0)
(1 -7.64495e-15 0)
(1 -5.57429e-15 0)
(1 -5.32361e-15 0)
(1 -3.57364e-15 0)
(1 2.18081e-15 0)
(1 7.7953e-15 0)
(1 7.78301e-15 0)
(1 7.7266e-15 0)
(1 -2.59619e-15 0)
(1 -1.0883e-15 0)
(1 1.7336e-15 0)
(1 -1.66741e-15 0)
(1 -2.06337e-15 0)
(1 -2.77606e-15 0)
(1 1.82747e-15 0)
(1 -5.22881e-15 0)
(1 -8.13997e-15 0)
(1 -4.67471e-15 0)
(1 -5.03154e-15 0)
(1 -5.09156e-15 0)
(1 -7.66514e-15 0)
(1 -7.84571e-15 0)
(1 -5.11157e-15 0)
(1 -4.2796e-15 0)
(1 -4.35322e-15 0)
(1 2.28233e-15 0)
(1 2.37487e-15 0)
(1 -5.02473e-15 0)
(1 -8.30276e-15 0)
(1 -1.50049e-15 0)
(1 -9.70218e-16 0)
(1 -2.10208e-15 0)
(1 -6.86778e-16 0)
(1 -3.65103e-15 0)
(1 -2.61453e-16 0)
(1 1.79515e-16 0)
(1 8.09424e-16 0)
(1 2.57693e-15 0)
(1 1.65585e-15 0)
(1 2.74072e-15 0)
(1 -7.26414e-16 0)
(1 1.11383e-15 0)
(1 -3.56733e-15 0)
(1 -3.20057e-15 0)
(1 -6.08461e-16 0)
(1 -2.46091e-15 0)
(1 -8.1216e-15 0)
(1 -9.94062e-15 0)
(1 2.56957e-15 0)
(1 -3.08865e-15 0)
(1 -1.51831e-15 0)
(1 -5.32576e-16 0)
(1 9.91651e-16 0)
(1 -2.4271e-15 0)
(1 -1.44945e-15 0)
(1 -1.62057e-14 0)
(1 -7.26514e-15 0)
(1 -1.57938e-14 0)
(1 2.06765e-15 0)
(1 -5.37724e-16 0)
(1 7.62334e-15 0)
(1 4.70903e-16 0)
(1 6.44717e-15 0)
(1 3.36357e-15 0)
(1 8.53168e-15 0)
(1 6.34083e-15 0)
(1 7.10322e-16 0)
(1 -3.7544e-15 0)
(1 -8.36492e-15 0)
(1 -9.47962e-15 0)
(1 -5.62682e-15 0)
(1 4.11257e-15 0)
(1 -4.32066e-16 0)
(1 -4.20174e-15 0)
(1 -5.70318e-16 0)
(1 -3.48247e-15 0)
(1 -8.97185e-15 0)
(1 -6.86548e-15 0)
(1 -6.73143e-15 0)
(1 -1.92616e-15 0)
(1 -2.32035e-15 0)
(1 1.13826e-14 0)
(1 4.91466e-15 0)
(1 -4.17479e-15 0)
(1 -3.7729e-15 0)
(1 -3.24043e-15 0)
(1 -2.39891e-15 0)
(1 -2.03714e-15 0)
(1 -7.40626e-15 0)
(1 4.52502e-16 0)
(1 -1.44214e-15 0)
(1 4.27855e-16 0)
(1 -8.1176e-15 0)
(1 -7.11648e-15 0)
(1 -6.81485e-15 0)
(1 2.01239e-16 0)
(1 6.85999e-15 0)
(1 -1.81659e-16 0)
(1 -4.6779e-16 0)
(1 -2.39374e-15 0)
(1 -1.99927e-15 0)
(1 -1.82457e-16 0)
(1 -1.36945e-15 0)
(1 -4.75291e-16 0)
(1 -9.08188e-16 0)
(1 -1.97565e-15 0)
(1 -2.30094e-15 0)
(1 1.48667e-16 0)
(1 -4.48252e-15 0)
(1 1.81486e-16 0)
(1 4.64464e-15 0)
(1 7.66759e-15 0)
(1 -7.53133e-16 0)
(1 -4.53861e-15 0)
(1 -2.85576e-15 0)
(1 -1.14641e-14 0)
(1 -1.67239e-14 0)
(1 -1.22476e-14 0)
(1 -7.30004e-15 0)
(1 -7.89749e-15 0)
(1 -3.57081e-15 0)
(1 3.1939e-15 0)
(1 6.21511e-15 0)
(1 1.50553e-15 0)
(1 1.02326e-15 0)
(1 -5.3492e-15 0)
(1 -2.40168e-15 0)
(1 1.87904e-15 0)
(1 -2.60179e-15 0)
(1 -9.52749e-16 0)
(1 -2.03802e-15 0)
(1 -9.77976e-15 0)
(1 -6.33844e-15 0)
(1 -5.79121e-15 0)
(1 -3.90928e-15 0)
(1 2.28194e-15 0)
(1 5.35384e-15 0)
(1 3.18846e-15 0)
(1 1.28999e-15 0)
(1 1.40105e-15 0)
(1 1.94399e-15 0)
(1 4.51193e-15 0)
(1 -4.39684e-15 0)
(1 2.81387e-15 0)
(1 -7.07718e-15 0)
(1 -9.63854e-15 0)
(1 -1.30675e-14 0)
(1 -1.08984e-14 0)
(1 1.86747e-15 0)
(1 -3.53915e-15 0)
(1 6.4883e-15 0)
(1 -3.71506e-16 0)
(1 4.04452e-15 0)
(1 -7.02692e-15 0)
(1 -4.14992e-15 0)
(1 -1.24871e-14 0)
(1 -4.23075e-15 0)
(1 1.66881e-16 0)
(1 2.45646e-15 0)
(1 2.65942e-16 0)
(1 -6.52946e-15 0)
(1 3.42809e-16 0)
(1 4.63978e-15 0)
(1 2.07408e-15 0)
(1 -4.72502e-15 0)
(1 4.18379e-15 0)
(1 -1.03478e-15 0)
(1 1.04062e-14 0)
(1 3.57427e-15 0)
(1 8.44692e-15 0)
(1 3.41388e-15 0)
(1 -2.36674e-15 0)
(1 -1.05544e-14 0)
(1 -9.41636e-15 0)
(1 -1.25401e-14 0)
(1 -8.41719e-15 0)
(1 -6.98482e-15 0)
(1 -1.42453e-15 0)
(1 -7.08446e-15 0)
(1 -1.33562e-15 0)
(1 4.55915e-15 0)
(1 1.26249e-14 0)
(1 5.82855e-15 0)
(1 -2.84598e-15 0)
(1 -6.33802e-15 0)
(1 -9.28359e-15 0)
(1 -2.40021e-15 0)
(1 2.64227e-15 0)
(1 4.00835e-15 0)
(1 -2.03009e-15 0)
(1 -9.3637e-15 0)
(1 -1.06917e-14 0)
(1 -2.96409e-15 0)
(1 -4.25172e-15 0)
(1 -4.34772e-15 0)
(1 -7.20438e-16 0)
(1 -1.7362e-15 0)
(1 -4.86116e-15 0)
(1 -4.50949e-15 0)
(1 1.23856e-15 0)
(1 2.21551e-15 0)
(1 3.5686e-15 0)
(1 4.38341e-15 0)
(1 -1.53089e-15 0)
(1 -2.93145e-15 0)
(1 -5.66656e-15 0)
(1 1.1617e-15 0)
(1 -3.50566e-15 0)
(1 2.11881e-15 0)
(1 -1.15185e-16 0)
(1 3.73992e-15 0)
(1 -1.97427e-15 0)
(1 -3.22585e-15 0)
(1 -7.68908e-17 0)
(1 -9.7585e-16 0)
(1 -2.83326e-15 0)
(1 -1.06897e-14 0)
(1 -9.77655e-15 0)
(1 -1.08567e-14 0)
(1 -8.86077e-15 0)
(1 -2.29194e-15 0)
(1 1.34915e-15 0)
(1 1.55697e-15 0)
(1 -2.0532e-15 0)
(1 -2.42551e-15 0)
(1 -1.15227e-15 0)
(1 2.39474e-15 0)
(1 9.50807e-15 0)
(1 4.51476e-15 0)
(1 -6.84236e-15 0)
(1 -8.96731e-15 0)
(1 -7.18098e-15 0)
(1 -7.07883e-16 0)
(1 1.06421e-15 0)
(1 -2.01886e-15 0)
(1 4.15707e-16 0)
(1 -4.90736e-16 0)
(1 3.57902e-15 0)
(1 -3.90004e-16 0)
(1 -1.55301e-16 0)
(1 1.85882e-15 0)
(1 2.98073e-15 0)
(1 -5.34494e-15 0)
(1 -3.17611e-15 0)
(1 -7.08204e-15 0)
(1 -1.06021e-14 0)
(1 -1.60882e-14 0)
(1 -9.7315e-15 0)
(1 -2.94875e-15 0)
(1 -3.81217e-15 0)
(1 3.97071e-15 0)
(1 -9.8163e-16 0)
(1 3.39428e-16 0)
(1 -1.53635e-15 0)
(1 3.52592e-15 0)
(1 -8.29271e-15 0)
(1 -5.88016e-15 0)
(1 1.88091e-15 0)
(1 1.29469e-15 0)
(1 -3.61224e-15 0)
(1 -7.8972e-15 0)
(1 -2.94805e-15 0)
(1 3.45768e-15 0)
(1 -2.53617e-15 0)
(1 -7.58542e-15 0)
(1 7.80977e-15 0)
(1 4.17405e-15 0)
(1 1.80874e-15 0)
(1 5.6821e-15 0)
(1 8.89981e-15 0)
(1 7.99511e-15 0)
(1 -6.04385e-15 0)
(1 -7.80793e-15 0)
(1 -4.9467e-15 0)
(1 -6.68151e-15 0)
(1 -7.83954e-15 0)
(1 -5.79222e-15 0)
(1 -6.75463e-15 0)
(1 7.90113e-16 0)
(1 8.06407e-16 0)
(1 -2.97618e-15 0)
(1 -3.85622e-15 0)
(1 1.23721e-15 0)
(1 -9.12739e-15 0)
(1 -3.64896e-15 0)
(1 -7.1036e-15 0)
(1 -6.7266e-16 0)
(1 1.15177e-15 0)
(1 6.95183e-15 0)
(1 -7.89822e-15 0)
(1 -6.99034e-15 0)
(1 2.59828e-16 0)
(1 -3.6131e-15 0)
(1 8.58698e-16 0)
(1 2.24645e-17 0)
(1 -3.41854e-15 0)
(1 -9.44647e-16 0)
(1 -1.4764e-17 0)
(1 3.02634e-15 0)
(1 -6.13827e-16 0)
(1 -6.09842e-15 0)
(1 -3.91535e-15 0)
(1 5.84636e-16 0)
(1 4.29239e-15 0)
(1 4.30897e-15 0)
(1 -3.8066e-17 0)
(1 1.72361e-15 0)
(1 4.46976e-15 0)
(1 9.55378e-15 0)
(1 3.2509e-15 0)
(1 -1.4475e-15 0)
(1 -7.06491e-15 0)
(1 -2.88078e-15 0)
(1 -4.99129e-15 0)
(1 -8.18471e-16 0)
(1 -2.91549e-15 0)
(1 3.2292e-16 0)
(1 -2.38339e-15 0)
(1 -3.1486e-15 0)
(1 -2.77318e-15 0)
(1 -9.25088e-17 0)
(1 -6.50615e-15 0)
(1 -2.25207e-15 0)
(1 6.16264e-16 0)
(1 -1.67187e-15 0)
(1 -4.7852e-16 0)
(1 4.76578e-16 0)
(1 2.15975e-15 0)
(1 3.31155e-16 0)
(1 6.66973e-16 0)
(1 2.36764e-15 0)
(1 4.66868e-15 0)
(1 -1.00269e-15 0)
(1 -3.33346e-15 0)
(1 -3.02283e-15 0)
(1 -3.8578e-15 0)
(1 -6.6219e-15 0)
(1 1.34446e-15 0)
(1 -1.84667e-15 0)
(1 5.27867e-15 0)
(1 1.44935e-15 0)
(1 -1.10608e-15 0)
(1 -4.94492e-15 0)
(1 -4.60364e-15 0)
(1 -1.34315e-15 0)
(1 -4.54282e-15 0)
(1 -4.69311e-15 0)
(1 -2.41939e-15 0)
(1 -2.35612e-15 0)
(1 1.82116e-15 0)
(1 -2.96059e-15 0)
(1 1.42352e-15 0)
(1 2.2581e-16 0)
(1 1.97618e-16 0)
(1 2.6642e-15 0)
(1 3.60945e-15 0)
(1 -5.56472e-15 0)
(1 -7.80422e-15 0)
(1 -9.01245e-15 0)
(1 -8.2162e-15 0)
(1 3.76224e-16 0)
(1 -4.12076e-15 0)
(1 3.51441e-15 0)
(1 3.30226e-15 0)
(1 3.30599e-15 0)
(1 2.1337e-15 0)
(1 3.88856e-16 0)
(1 -6.87376e-15 0)
(1 -4.496e-15 0)
(1 -5.24431e-15 0)
(1 2.18105e-15 0)
(1 5.21181e-16 0)
(1 1.20807e-15 0)
(1 1.98612e-15 0)
(1 -1.85363e-15 0)
(1 -7.38599e-15 0)
(1 -4.16542e-15 0)
(1 3.71663e-17 0)
(1 5.18741e-15 0)
(1 2.61423e-15 0)
(1 -7.78365e-15 0)
(1 -1.22188e-14 0)
(1 -8.85609e-15 0)
(1 -7.35169e-15 0)
(1 -5.39288e-15 0)
(1 -2.00198e-15 0)
(1 -1.48763e-15 0)
(1 1.69795e-15 0)
(1 -1.77055e-15 0)
(1 -7.54786e-16 0)
(1 -1.5992e-15 0)
(1 4.08569e-15 0)
(1 -1.07758e-14 0)
(1 -5.91232e-15 0)
(1 2.74194e-15 0)
(1 -3.947e-16 0)
(1 5.3783e-15 0)
(1 -7.06657e-16 0)
(1 -1.55762e-15 0)
(1 -2.01112e-15 0)
(1 -5.03758e-15 0)
(1 -4.31687e-15 0)
(1 -2.25316e-16 0)
(1 5.43842e-15 0)
(1 1.98845e-15 0)
(1 1.32817e-15 0)
(1 -4.00581e-15 0)
(1 2.28281e-15 0)
(1 -1.30002e-15 0)
(1 6.79725e-15 0)
(1 2.43408e-15 0)
(1 7.53727e-15 0)
(1 2.27792e-15 0)
(1 1.3308e-15 0)
(1 -7.7407e-15 0)
(1 -4.84896e-15 0)
(1 -2.36516e-15 0)
(1 -3.6033e-15 0)
(1 -5.15664e-15 0)
(1 -3.01281e-15 0)
(1 2.28932e-15 0)
(1 -8.93007e-16 0)
(1 1.29449e-15 0)
(1 2.76457e-16 0)
(1 -1.31764e-16 0)
(1 -5.33759e-15 0)
(1 -3.8117e-15 0)
(1 1.36755e-15 0)
(1 6.70697e-16 0)
(1 5.52455e-15 0)
(1 2.51455e-15 0)
(1 8.94862e-15 0)
(1 -6.45629e-16 0)
(1 -1.59336e-15 0)
(1 -1.89699e-15 0)
(1 2.1331e-15 0)
(1 3.34113e-15 0)
(1 2.08458e-15 0)
(1 -3.15944e-15 0)
(1 6.88837e-15 0)
(1 9.90359e-16 0)
(1 3.4296e-16 0)
(1 -3.28861e-15 0)
(1 4.29852e-16 0)
(1 -1.35126e-15 0)
(1 -4.831e-15 0)
(1 -3.79475e-15 0)
(1 -2.97735e-15 0)
(1 -1.95247e-15 0)
(1 4.00489e-15 0)
(1 2.62682e-15 0)
(1 3.93444e-16 0)
(1 2.86616e-15 0)
(1 9.35007e-17 0)
(1 -6.29665e-16 0)
(1 6.96763e-15 0)
(1 -1.27963e-15 0)
(1 -8.74898e-15 0)
(1 -7.27094e-15 0)
(1 -3.5042e-15 0)
(1 -9.16286e-15 0)
(1 -6.04523e-15 0)
(1 -2.04428e-15 0)
(1 1.20445e-15 0)
(1 5.7249e-15 0)
(1 -3.06921e-15 0)
(1 4.27688e-15 0)
(1 6.71537e-15 0)
(1 6.18753e-15 0)
(1 2.07368e-15 0)
(1 -6.66589e-15 0)
(1 -1.27454e-14 0)
(1 -9.27043e-15 0)
(1 -1.30068e-15 0)
(1 -3.58552e-15 0)
(1 -5.1013e-16 0)
(1 -1.09677e-15 0)
(1 6.51119e-16 0)
(1 -6.47721e-15 0)
(1 -8.71622e-15 0)
(1 3.53674e-16 0)
(1 -1.46741e-15 0)
(1 -8.32042e-16 0)
(1 6.29876e-15 0)
(1 -5.42456e-15 0)
(1 -9.07835e-15 0)
(1 -5.81617e-15 0)
(1 -3.67493e-15 0)
(1 -6.96851e-15 0)
(1 -3.37086e-15 0)
(1 -9.10622e-15 0)
(1 -5.04155e-15 0)
(1 5.36371e-15 0)
(1 7.29072e-15 0)
(1 6.87336e-15 0)
(1 1.29731e-15 0)
(1 1.80539e-15 0)
(1 -1.95373e-15 0)
(1 -6.39234e-15 0)
(1 -6.11849e-15 0)
(1 -1.145e-15 0)
(1 4.97333e-15 0)
(1 4.16953e-15 0)
(1 7.19233e-15 0)
(1 2.57515e-15 0)
(1 1.34146e-15 0)
(1 -2.53366e-16 0)
(1 9.89001e-17 0)
(1 -5.42086e-16 0)
(1 6.21609e-15 0)
(1 3.51612e-15 0)
(1 4.41823e-15 0)
(1 -4.02391e-15 0)
(1 -3.65488e-15 0)
(1 -3.6793e-15 0)
(1 3.48658e-15 0)
(1 -5.32017e-15 0)
(1 2.39302e-16 0)
(1 -4.09519e-15 0)
(1 5.22397e-16 0)
(1 -3.54893e-15 0)
(1 -2.7358e-15 0)
(1 -7.89359e-15 0)
(1 -7.60832e-15 0)
(1 -6.92083e-16 0)
(1 1.62983e-15 0)
(1 6.92535e-15 0)
(1 3.81574e-15 0)
(1 2.2608e-15 0)
(1 -4.02061e-15 0)
(1 -4.098e-15 0)
(1 3.27541e-16 0)
(1 3.45998e-15 0)
(1 1.87908e-15 0)
(1 -2.36971e-15 0)
(1 -3.69191e-16 0)
(1 6.8172e-15 0)
(1 3.65764e-15 0)
(1 4.71762e-15 0)
(1 1.76334e-15 0)
(1 6.98926e-16 0)
(1 -4.55326e-16 0)
(1 1.98521e-16 0)
(1 -3.28051e-16 0)
(1 -2.70254e-15 0)
(1 -4.659e-15 0)
(1 -3.63108e-15 0)
(1 -1.30504e-15 0)
(1 9.14696e-16 0)
(1 5.49811e-16 0)
(1 6.52989e-15 0)
(1 4.91673e-15 0)
(1 -2.77127e-15 0)
(1 4.20636e-15 0)
(1 -2.89049e-15 0)
(1 1.02716e-15 0)
(1 -8.14501e-15 0)
(1 -1.4598e-14 0)
(1 -1.75679e-14 0)
(1 -5.2458e-15 0)
(1 -5.30226e-15 0)
(1 3.00706e-16 0)
(1 -1.68543e-15 0)
(1 -7.2583e-16 0)
(1 3.27684e-15 0)
(1 7.39136e-16 0)
(1 3.33471e-15 0)
(1 2.42229e-15 0)
(1 9.24594e-15 0)
(1 1.45442e-16 0)
(1 -9.53683e-16 0)
(1 -5.32187e-15 0)
(1 -2.33228e-15 0)
(1 -8.56263e-15 0)
(1 -5.09273e-15 0)
(1 -2.00767e-15 0)
(1 -3.61952e-15 0)
(1 -2.93156e-15 0)
(1 -1.32271e-15 0)
(1 -6.94846e-15 0)
(1 1.03246e-17 0)
(1 2.6333e-15 0)
(1 5.85473e-15 0)
(1 5.64797e-15 0)
(1 3.86332e-15 0)
(1 -5.35178e-15 0)
(1 -7.03726e-15 0)
(1 -2.055e-15 0)
(1 4.37482e-15 0)
(1 -2.18671e-15 0)
(1 3.03618e-16 0)
(1 -7.83818e-15 0)
(1 -1.99719e-15 0)
(1 -3.13055e-15 0)
(1 4.18157e-15 0)
(1 3.63156e-15 0)
(1 -2.13877e-15 0)
(1 3.37333e-15 0)
(1 -1.71794e-15 0)
(1 1.54039e-15 0)
(1 1.31453e-15 0)
(1 3.66424e-16 0)
(1 -4.4771e-15 0)
(1 -3.30859e-15 0)
(1 -6.14317e-16 0)
(1 2.55844e-15 0)
(1 1.34968e-15 0)
(1 3.48528e-15 0)
(1 6.49689e-15 0)
(1 1.05513e-14 0)
(1 1.53257e-15 0)
(1 -1.22245e-15 0)
(1 -4.06734e-15 0)
(1 -6.47206e-15 0)
(1 1.02459e-15 0)
(1 5.71295e-15 0)
(1 8.89896e-15 0)
(1 7.447e-15 0)
(1 9.91205e-15 0)
(1 -8.29165e-17 0)
(1 -5.03025e-15 0)
(1 -3.50388e-15 0)
(1 -8.68142e-15 0)
(1 -6.40065e-15 0)
(1 2.42481e-15 0)
(1 7.53545e-16 0)
(1 4.19011e-15 0)
(1 -1.60268e-15 0)
(1 5.51847e-15 0)
(1 4.38096e-15 0)
(1 1.80386e-15 0)
(1 -8.42303e-15 0)
(1 2.44104e-15 0)
(1 4.07103e-15 0)
(1 7.21424e-15 0)
(1 -2.23363e-15 0)
(1 -1.99307e-15 0)
(1 3.70442e-16 0)
(1 7.60099e-15 0)
(1 -4.79505e-15 0)
(1 2.70565e-15 0)
(1 -2.11087e-15 0)
(1 3.69038e-15 0)
(1 -1.33724e-15 0)
(1 1.98228e-15 0)
(1 6.88296e-16 0)
(1 4.45099e-15 0)
(1 7.51737e-15 0)
(1 2.55781e-15 0)
(1 -3.50397e-16 0)
(1 2.27284e-16 0)
(1 2.09483e-15 0)
(1 -2.62087e-15 0)
(1 -1.93924e-15 0)
(1 -3.53763e-15 0)
(1 -3.0469e-15 0)
(1 3.50596e-16 0)
(1 -7.03256e-15 0)
(1 -2.331e-15 0)
(1 -1.24135e-14 0)
(1 2.71266e-15 0)
(1 -4.26145e-15 0)
(1 2.05424e-15 0)
(1 -1.38145e-15 0)
(1 -2.87919e-16 0)
(1 6.38334e-15 0)
(1 5.01007e-15 0)
(1 3.00318e-15 0)
(1 -2.14138e-15 0)
(1 -4.68461e-15 0)
(1 4.09214e-15 0)
(1 1.58139e-15 0)
(1 -5.55614e-15 0)
(1 -1.23814e-14 0)
(1 -6.59192e-15 0)
(1 -6.21029e-15 0)
(1 -4.34947e-15 0)
(1 -6.47448e-16 0)
(1 4.05807e-15 0)
(1 -8.03994e-15 0)
(1 -7.09809e-15 0)
(1 -3.04981e-15 0)
(1 3.61902e-15 0)
(1 1.04612e-14 0)
(1 5.86211e-15 0)
(1 2.7823e-16 0)
(1 -8.03006e-15 0)
(1 -1.94593e-15 0)
(1 6.99455e-16 0)
(1 2.49692e-15 0)
(1 4.85832e-15 0)
(1 -3.73438e-15 0)
(1 -4.65497e-15 0)
(1 -3.62093e-15 0)
(1 -1.97919e-15 0)
(1 4.63911e-16 0)
(1 1.28332e-15 0)
(1 -4.00802e-15 0)
(1 -5.69061e-15 0)
(1 2.82042e-15 0)
(1 3.20653e-15 0)
(1 1.03119e-16 0)
(1 -1.22912e-15 0)
(1 -6.3027e-15 0)
(1 2.75949e-16 0)
(1 4.07731e-15 0)
(1 -1.30333e-15 0)
(1 -1.33872e-15 0)
(1 2.46946e-15 0)
(1 1.90311e-15 0)
(1 1.19729e-15 0)
(1 1.11202e-15 0)
(1 9.35351e-15 0)
(1 6.43642e-15 0)
(1 1.72856e-15 0)
(1 -4.85766e-15 0)
(1 -1.20384e-15 0)
(1 -2.92196e-15 0)
(1 7.05231e-15 0)
(1 4.40819e-15 0)
(1 2.44671e-15 0)
(1 -6.94079e-17 0)
(1 5.91922e-15 0)
(1 3.25236e-15 0)
(1 6.54803e-16 0)
(1 1.51908e-15 0)
(1 -2.1394e-15 0)
(1 7.99719e-16 0)
(1 3.27492e-15 0)
(1 7.2105e-15 0)
(1 1.6315e-15 0)
(1 5.8359e-16 0)
(1 3.84415e-15 0)
(1 2.22782e-15 0)
(1 7.85743e-16 0)
(1 4.96529e-16 0)
(1 -3.85741e-15 0)
(1 -2.74452e-15 0)
(1 1.21265e-15 0)
(1 1.67534e-15 0)
(1 1.93228e-15 0)
(1 -2.1455e-16 0)
(1 -8.85844e-16 0)
(1 1.02799e-15 0)
(1 1.87004e-15 0)
(1 2.89022e-15 0)
(1 4.17285e-15 0)
(1 7.97812e-15 0)
(1 1.29565e-15 0)
(1 4.4513e-16 0)
(1 -3.18849e-15 0)
(1 -6.49119e-16 0)
(1 -2.77205e-15 0)
(1 -3.87944e-15 0)
(1 -3.40477e-15 0)
(1 -1.92325e-15 0)
(1 -9.39002e-16 0)
(1 -4.11886e-15 0)
(1 6.09061e-15 0)
(1 -4.20826e-15 0)
(1 7.4617e-15 0)
(1 -5.35445e-15 0)
(1 1.82315e-15 0)
(1 -1.34324e-15 0)
(1 3.96095e-15 0)
(1 2.32017e-15 0)
(1 -2.17197e-15 0)
(1 5.69091e-15 0)
(1 -3.35017e-15 0)
(1 -1.24356e-15 0)
(1 7.04403e-16 0)
(1 -3.21163e-15 0)
(1 -9.5754e-15 0)
(1 -5.33854e-15 0)
(1 3.61193e-15 0)
(1 1.62016e-15 0)
(1 6.27937e-17 0)
(1 -1.13426e-15 0)
(1 2.34475e-15 0)
(1 -1.44462e-15 0)
(1 -5.01327e-15 0)
(1 1.77118e-15 0)
(1 1.72691e-15 0)
(1 2.31202e-15 0)
(1 -1.98912e-15 0)
(1 -2.47056e-15 0)
(1 -4.64075e-15 0)
(1 -6.83123e-15 0)
(1 -1.60379e-15 0)
(1 7.1143e-15 0)
(1 2.47814e-15 0)
(1 -1.88774e-15 0)
(1 -4.85959e-15 0)
(1 3.72196e-15 0)
(1 -3.65793e-15 0)
(1 -1.43605e-15 0)
(1 3.02618e-15 0)
(1 -4.04412e-15 0)
(1 3.03964e-15 0)
(1 3.81815e-15 0)
(1 3.35592e-15 0)
(1 3.74685e-15 0)
(1 2.54789e-15 0)
(1 -2.78e-15 0)
(1 1.46723e-15 0)
(1 3.30313e-15 0)
(1 -4.51234e-15 0)
(1 -5.86395e-15 0)
(1 -3.0238e-15 0)
(1 -4.92861e-15 0)
(1 -2.06132e-15 0)
(1 -6.08285e-16 0)
(1 1.55078e-14 0)
(1 9.26148e-15 0)
(1 3.70354e-15 0)
(1 -2.49365e-15 0)
(1 -1.02108e-14 0)
(1 -5.38442e-15 0)
(1 -7.30179e-16 0)
(1 4.37458e-15 0)
(1 -6.96401e-16 0)
(1 -4.60657e-16 0)
(1 4.94958e-15 0)
(1 4.63884e-15 0)
(1 1.95214e-15 0)
(1 2.65055e-15 0)
(1 -1.06526e-15 0)
(1 2.78592e-15 0)
(1 -1.27738e-15 0)
(1 -5.05141e-16 0)
(1 -3.29758e-15 0)
(1 -8.70193e-16 0)
(1 -1.70358e-16 0)
(1 1.11787e-16 0)
(1 -6.68207e-15 0)
(1 6.57737e-15 0)
(1 6.21761e-15 0)
(1 6.55717e-15 0)
(1 1.79558e-15 0)
(1 3.20959e-15 0)
(1 -9.09125e-17 0)
(1 1.44832e-15 0)
(1 -9.97339e-16 0)
(1 8.73546e-16 0)
(1 -7.05054e-16 0)
(1 -4.37825e-15 0)
(1 2.37731e-15 0)
(1 2.49447e-15 0)
(1 4.81431e-16 0)
(1 2.1263e-15 0)
(1 1.21106e-15 0)
(1 6.56774e-16 0)
(1 -6.31331e-16 0)
(1 6.4669e-16 0)
(1 -2.20534e-15 0)
(1 9.90587e-16 0)
(1 -4.74283e-15 0)
(1 -7.07078e-15 0)
(1 -4.22885e-15 0)
(1 1.10669e-15 0)
(1 -6.13203e-17 0)
(1 2.22585e-15 0)
(1 2.12065e-15 0)
(1 2.45523e-15 0)
(1 5.37275e-15 0)
(1 -7.97897e-15 0)
(1 -1.48263e-15 0)
(1 2.43912e-15 0)
(1 7.80648e-15 0)
(1 4.1338e-15 0)
(1 4.14023e-15 0)
(1 -1.16363e-16 0)
(1 -5.48595e-16 0)
(1 -1.23298e-15 0)
(1 3.63254e-15 0)
(1 3.43533e-15 0)
(1 2.75792e-15 0)
(1 -2.66663e-15 0)
(1 -8.11295e-15 0)
(1 1.3494e-15 0)
(1 -4.29381e-15 0)
(1 3.22061e-15 0)
(1 3.65706e-16 0)
(1 -1.06083e-15 0)
(1 -1.65511e-16 0)
(1 3.32957e-15 0)
(1 -4.05345e-16 0)
(1 -5.43765e-15 0)
(1 9.4996e-16 0)
(1 5.57043e-15 0)
(1 4.46696e-15 0)
(1 -3.26988e-15 0)
(1 -5.78934e-15 0)
(1 -4.3761e-15 0)
(1 -8.02361e-16 0)
(1 4.69542e-16 0)
(1 2.94988e-15 0)
(1 5.50363e-15 0)
(1 3.26133e-15 0)
(1 1.61161e-15 0)
(1 3.31274e-16 0)
(1 -1.95432e-15 0)
(1 -3.36532e-15 0)
(1 -2.48847e-15 0)
(1 -2.2529e-15 0)
(1 1.14561e-15 0)
(1 -1.25882e-15 0)
(1 -5.32702e-15 0)
(1 -1.87718e-15 0)
(1 1.61761e-15 0)
(1 -3.26421e-15 0)
(1 -1.40536e-15 0)
(1 5.90446e-16 0)
(1 2.20854e-15 0)
(1 1.7895e-15 0)
(1 -2.68545e-15 0)
(1 -2.32604e-15 0)
(1 -1.34099e-15 0)
(1 -9.82645e-16 0)
(1 -3.96089e-16 0)
(1 -9.47726e-16 0)
(1 -1.01443e-15 0)
(1 5.79562e-16 0)
(1 -6.12731e-16 0)
(1 1.50769e-15 0)
(1 1.15194e-15 0)
(1 2.97437e-15 0)
(1 5.94498e-15 0)
(1 4.0467e-15 0)
(1 -2.11603e-16 0)
(1 -3.87236e-15 0)
(1 -6.57557e-15 0)
(1 -1.00473e-15 0)
(1 8.70446e-16 0)
(1 2.57196e-15 0)
(1 2.64769e-15 0)
(1 1.48976e-15 0)
(1 -1.79445e-15 0)
(1 -1.31028e-15 0)
(1 -5.68127e-15 0)
(1 -1.5291e-16 0)
(1 -1.0551e-15 0)
(1 9.14514e-16 0)
(1 3.55427e-15 0)
(1 5.71529e-16 0)
(1 1.46505e-15 0)
(1 2.48882e-15 0)
(1 -1.68826e-16 0)
(1 -6.48875e-16 0)
(1 3.01572e-15 0)
(1 1.15339e-15 0)
(1 -5.0199e-16 0)
(1 2.4954e-15 0)
(1 1.03303e-16 0)
(1 3.26524e-16 0)
(1 -2.97234e-15 0)
(1 -2.0062e-15 0)
(1 -5.64282e-15 0)
(1 7.84638e-16 0)
(1 -3.34875e-15 0)
(1 -5.53085e-15 0)
(1 -6.54549e-16 0)
(1 4.21744e-15 0)
(1 2.03339e-15 0)
(1 2.45716e-15 0)
(1 -2.01639e-15 0)
(1 2.99481e-15 0)
(1 2.25627e-15 0)
(1 2.16547e-15 0)
(1 1.16964e-15 0)
(1 4.00722e-15 0)
(1 -3.03022e-16 0)
(1 -3.13471e-15 0)
(1 -3.43382e-15 0)
(1 -1.3934e-15 0)
(1 1.78891e-15 0)
(1 4.10625e-15 0)
(1 -1.44949e-16 0)
(1 -5.82497e-15 0)
(1 -1.99023e-15 0)
(1 -5.00007e-15 0)
(1 -2.33245e-15 0)
(1 3.22449e-16 0)
(1 3.58877e-15 0)
(1 5.64598e-15 0)
(1 5.1145e-15 0)
(1 1.14932e-15 0)
(1 -1.99044e-15 0)
(1 -4.90483e-15 0)
(1 -1.29063e-15 0)
(1 2.57239e-15 0)
(1 -2.22651e-16 0)
(1 -2.33061e-15 0)
(1 -5.16894e-15 0)
(1 2.77867e-16 0)
(1 -3.96671e-16 0)
(1 2.67555e-15 0)
(1 2.81109e-15 0)
(1 -4.26282e-15 0)
(1 -3.92038e-15 0)
(1 -2.02343e-15 0)
(1 -2.64003e-15 0)
(1 -3.80868e-16 0)
(1 3.00439e-15 0)
(1 1.79118e-15 0)
(1 1.52152e-15 0)
(1 2.64821e-15 0)
(1 -5.60949e-16 0)
(1 4.5289e-16 0)
(1 2.16226e-15 0)
(1 5.87888e-16 0)
(1 1.60916e-15 0)
(1 -1.76283e-15 0)
(1 7.40683e-16 0)
(1 9.17388e-16 0)
(1 -7.30506e-15 0)
(1 -1.36778e-15 0)
(1 -2.88235e-15 0)
(1 -6.80397e-16 0)
(1 6.18644e-16 0)
(1 3.13293e-15 0)
(1 1.43377e-17 0)
(1 5.22437e-15 0)
(1 2.10139e-15 0)
(1 2.65176e-16 0)
(1 3.09543e-15 0)
(1 4.26019e-15 0)
(1 6.81496e-15 0)
(1 4.41909e-15 0)
(1 -1.25432e-15 0)
(1 -2.39401e-15 0)
(1 -1.66859e-15 0)
(1 5.61735e-16 0)
(1 -1.75301e-17 0)
(1 -9.00943e-16 0)
(1 -4.04066e-15 0)
(1 -2.03476e-15 0)
(1 -6.61808e-15 0)
(1 -5.57946e-16 0)
(1 -1.8188e-15 0)
(1 1.0552e-15 0)
(1 -1.23283e-15 0)
(1 -4.22158e-16 0)
(1 3.69511e-15 0)
(1 -4.4095e-16 0)
(1 6.9808e-15 0)
(1 -1.60386e-15 0)
(1 -2.05836e-15 0)
)
;

boundaryField
{
    inlet
    {
        type            fixedValue;
        value           uniform (1 0 0);
    }
    outlet
    {
        type            zeroGradient;
    }
    down
    {
        type            empty;
    }
    up
    {
        type            empty;
    }
    sides
    {
        type            slip;
    }
}

