/*--------------------------------*- C++ -*----------------------------------*\
| =========                 |                                                 |
| \\      /  F ield         | OpenFOAM: The Open Source CFD Toolbox           |
|  \\    /   O peration     | Version:  v2012                                 |
|   \\  /    A nd           | Website:  www.openfoam.com                      |
|    \\/     M anipulation  |                                                 |
\*---------------------------------------------------------------------------*/
FoamFile
{
    version     2.0;
    format      ascii;
    class       volVectorField;
    location    "0";
    object      uRec;
}
// * * * * * * * * * * * * * * * * * * * * * * * * * * * * * * * * * * * * * //

dimensions      [0 1 -1 0 0 0 0];


internalField   nonuniform List<vector> 
4000
(
(1 1.32799e-15 0)
(1 -3.25823e-17 0)
(1 -1.1654e-15 0)
(1 1.34824e-16 0)
(1 1.49112e-17 0)
(1 6.63065e-16 0)
(1 1.3355e-15 0)
(1 -3.39035e-16 0)
(1 2.65396e-15 0)
(1 -1.07819e-15 0)
(1 -2.34844e-15 0)
(1 2.23062e-16 0)
(1 1.2341e-15 0)
(1 8.10537e-16 0)
(1 -4.65702e-16 0)
(1 8.94565e-16 0)
(1 1.83339e-16 0)
(1 -4.8367e-16 0)
(1 1.52816e-15 0)
(1 1.15678e-15 0)
(1 3.57787e-16 0)
(1 1.76765e-16 0)
(1 -1.50815e-15 0)
(1 3.8704e-16 0)
(1 -1.03235e-15 0)
(1 -3.30501e-16 0)
(1 1.58241e-16 0)
(1 -6.42957e-16 0)
(1 2.14455e-16 0)
(1 2.71835e-16 0)
(1 1.68958e-15 0)
(1 1.62035e-15 0)
(1 -4.19968e-16 0)
(1 -3.55257e-16 0)
(1 4.15282e-18 0)
(1 -3.61316e-16 0)
(1 -3.68158e-16 0)
(1 1.55736e-15 0)
(1 1.73047e-16 0)
(1 -1.14261e-15 0)
(1 1.73943e-17 0)
(1 -1.00681e-15 0)
(1 -3.50286e-16 0)
(1 1.99374e-15 0)
(1 8.2136e-16 0)
(1 -7.28196e-16 0)
(1 2.2957e-16 0)
(1 6.47262e-17 0)
(1 6.18166e-16 0)
(1 -1.91216e-16 0)
(1 5.27904e-16 0)
(1 6.64473e-16 0)
(1 1.12174e-15 0)
(1 2.03404e-15 0)
(1 1.64215e-15 0)
(1 1.64247e-15 0)
(1 4.14761e-16 0)
(1 2.56126e-17 0)
(1 -4.25867e-16 0)
(1 -1.19238e-16 0)
(1 -9.34901e-16 0)
(1 -5.35728e-16 0)
(1 -2.37793e-16 0)
(1 5.64835e-16 0)
(1 1.75849e-16 0)
(1 3.6859e-16 0)
(1 -3.8865e-16 0)
(1 -3.43373e-17 0)
(1 1.75282e-16 0)
(1 -5.24538e-16 0)
(1 -4.02578e-16 0)
(1 3.63465e-16 0)
(1 -2.86682e-16 0)
(1 -4.26372e-16 0)
(1 -1.15641e-15 0)
(1 -1.09096e-15 0)
(1 -3.16814e-16 0)
(1 7.75903e-17 0)
(1 2.1145e-16 0)
(1 7.29322e-16 0)
(1 3.4401e-16 0)
(1 6.29757e-16 0)
(1 -4.61803e-16 0)
(1 -9.16883e-17 0)
(1 -1.07403e-15 0)
(1 -6.66783e-16 0)
(1 1.23061e-15 0)
(1 1.17249e-15 0)
(1 1.41326e-16 0)
(1 1.21759e-15 0)
(1 2.74803e-16 0)
(1 3.09334e-16 0)
(1 6.56569e-16 0)
(1 8.30728e-16 0)
(1 -2.19342e-16 0)
(1 -6.18879e-18 0)
(1 5.22483e-16 0)
(1 1.20527e-16 0)
(1 -5.63813e-16 0)
(1 -5.80278e-16 0)
(1 1.15233e-15 0)
(1 7.88942e-16 0)
(1 -8.64089e-16 0)
(1 3.26393e-16 0)
(1 -4.84764e-16 0)
(1 1.03023e-15 0)
(1 1.75815e-15 0)
(1 -4.22403e-17 0)
(1 2.83771e-15 0)
(1 6.84337e-16 0)
(1 -7.52578e-16 0)
(1 -4.87777e-16 0)
(1 8.92282e-16 0)
(1 -1.57453e-17 0)
(1 -6.72221e-16 0)
(1 2.51122e-15 0)
(1 1.15839e-15 0)
(1 -2.09032e-17 0)
(1 1.51147e-15 0)
(1 8.52171e-16 0)
(1 1.22771e-15 0)
(1 2.97572e-16 0)
(1 -1.28257e-15 0)
(1 2.45403e-16 0)
(1 -1.08391e-15 0)
(1 2.72473e-16 0)
(1 1.04192e-15 0)
(1 -1.47003e-15 0)
(1 4.44369e-16 0)
(1 3.63704e-16 0)
(1 6.92789e-16 0)
(1 1.422e-15 0)
(1 -1.39408e-15 0)
(1 4.02385e-16 0)
(1 1.28479e-15 0)
(1 3.5312e-16 0)
(1 7.46376e-16 0)
(1 2.4006e-15 0)
(1 -1.31073e-15 0)
(1 -1.90264e-15 0)
(1 -1.52538e-15 0)
(1 -9.57651e-16 0)
(1 2.12915e-16 0)
(1 2.40888e-15 0)
(1 1.19979e-15 0)
(1 9.59417e-17 0)
(1 1.39907e-15 0)
(1 1.8461e-15 0)
(1 2.12309e-15 0)
(1 1.57196e-15 0)
(1 1.33514e-15 0)
(1 2.83231e-16 0)
(1 7.27559e-16 0)
(1 1.12598e-15 0)
(1 1.62269e-15 0)
(1 8.02804e-16 0)
(1 1.1465e-15 0)
(1 1.25454e-15 0)
(1 8.16383e-16 0)
(1 -4.94467e-16 0)
(1 1.21767e-15 0)
(1 8.69602e-16 0)
(1 3.00497e-16 0)
(1 8.56168e-16 0)
(1 2.22872e-16 0)
(1 9.6213e-16 0)
(1 -1.11482e-15 0)
(1 -4.9518e-16 0)
(1 6.13503e-16 0)
(1 -4.01651e-16 0)
(1 -4.67157e-16 0)
(1 4.14418e-16 0)
(1 1.3908e-15 0)
(1 4.77322e-16 0)
(1 2.76114e-16 0)
(1 -4.77321e-16 0)
(1 3.95585e-16 0)
(1 1.01789e-15 0)
(1 3.29751e-16 0)
(1 2.2138e-15 0)
(1 1.4148e-15 0)
(1 5.14084e-16 0)
(1 3.04392e-16 0)
(1 -3.44502e-16 0)
(1 -1.026e-15 0)
(1 -8.24036e-16 0)
(1 2.39913e-16 0)
(1 1.59056e-15 0)
(1 2.80856e-16 0)
(1 1.64295e-15 0)
(1 4.27535e-16 0)
(1 2.48875e-17 0)
(1 1.06644e-15 0)
(1 1.33944e-15 0)
(1 -1.01622e-15 0)
(1 4.70694e-16 0)
(1 8.88565e-16 0)
(1 -7.68172e-16 0)
(1 -9.16601e-16 0)
(1 -9.49443e-16 0)
(1 -8.36068e-16 0)
(1 2.38968e-15 0)
(1 -1.44761e-15 0)
(1 9.81808e-16 0)
(1 -4.38718e-16 0)
(1 9.20114e-16 0)
(1 1.70484e-15 0)
(1 3.33418e-15 0)
(1 1.11038e-16 0)
(1 4.89466e-16 0)
(1 9.43806e-16 0)
(1 1.74604e-15 0)
(1 1.3233e-15 0)
(1 1.15253e-15 0)
(1 7.76848e-16 0)
(1 1.71812e-15 0)
(1 1.34759e-15 0)
(1 2.61793e-15 0)
(1 -5.64649e-17 0)
(1 6.4675e-16 0)
(1 8.92609e-16 0)
(1 -8.28907e-16 0)
(1 6.84577e-17 0)
(1 -2.87e-16 0)
(1 2.52244e-15 0)
(1 1.47892e-15 0)
(1 2.3262e-15 0)
(1 -9.00043e-16 0)
(1 5.63415e-16 0)
(1 6.68618e-16 0)
(1 -2.63803e-16 0)
(1 -6.54603e-16 0)
(1 -2.25949e-16 0)
(1 6.90918e-16 0)
(1 4.31517e-16 0)
(1 1.76332e-15 0)
(1 7.80212e-16 0)
(1 2.98832e-15 0)
(1 1.54485e-15 0)
(1 -1.59041e-15 0)
(1 -5.87789e-16 0)
(1 -4.82167e-16 0)
(1 5.25256e-16 0)
(1 3.77721e-16 0)
(1 1.23845e-15 0)
(1 5.57287e-16 0)
(1 2.49246e-15 0)
(1 3.4292e-15 0)
(1 2.33291e-15 0)
(1 1.89327e-15 0)
(1 3.04965e-15 0)
(1 1.3684e-15 0)
(1 1.82906e-15 0)
(1 4.46945e-16 0)
(1 1.78592e-15 0)
(1 1.82339e-15 0)
(1 2.55269e-15 0)
(1 2.82049e-15 0)
(1 3.26562e-15 0)
(1 7.88981e-16 0)
(1 2.24647e-16 0)
(1 9.28599e-16 0)
(1 4.03347e-16 0)
(1 -1.30586e-16 0)
(1 1.92325e-16 0)
(1 4.61971e-16 0)
(1 -2.26564e-16 0)
(1 2.37016e-16 0)
(1 1.45623e-15 0)
(1 2.55955e-16 0)
(1 4.99363e-16 0)
(1 -6.84218e-16 0)
(1 -5.61698e-16 0)
(1 -6.53175e-16 0)
(1 7.96247e-16 0)
(1 -3.75744e-16 0)
(1 8.53632e-16 0)
(1 -6.9139e-17 0)
(1 9.2162e-16 0)
(1 2.34099e-16 0)
(1 8.13794e-16 0)
(1 9.44655e-16 0)
(1 8.14432e-16 0)
(1 2.84168e-16 0)
(1 -2.09452e-16 0)
(1 6.18905e-16 0)
(1 -2.66332e-16 0)
(1 1.65476e-15 0)
(1 6.29986e-16 0)
(1 1.71569e-15 0)
(1 5.01792e-16 0)
(1 7.7802e-16 0)
(1 2.0067e-16 0)
(1 1.19908e-15 0)
(1 -2.30556e-16 0)
(1 1.24292e-15 0)
(1 8.76151e-16 0)
(1 -1.3468e-15 0)
(1 -2.83769e-16 0)
(1 -7.60838e-16 0)
(1 -2.33776e-17 0)
(1 7.09252e-16 0)
(1 -8.4446e-16 0)
(1 -1.24673e-15 0)
(1 2.33553e-15 0)
(1 1.29112e-15 0)
(1 3.35317e-15 0)
(1 3.36791e-15 0)
(1 1.27625e-15 0)
(1 8.27588e-17 0)
(1 -4.09456e-16 0)
(1 2.31415e-15 0)
(1 -5.55036e-17 0)
(1 3.02165e-15 0)
(1 3.48567e-15 0)
(1 3.88041e-16 0)
(1 2.169e-15 0)
(1 2.26351e-15 0)
(1 3.97311e-16 0)
(1 2.8243e-15 0)
(1 1.6402e-16 0)
(1 1.04417e-15 0)
(1 3.49629e-16 0)
(1 9.19434e-16 0)
(1 4.10336e-15 0)
(1 1.3894e-15 0)
(1 2.28886e-15 0)
(1 -3.92132e-16 0)
(1 1.73193e-15 0)
(1 7.68258e-16 0)
(1 9.80495e-16 0)
(1 1.05203e-16 0)
(1 7.51422e-17 0)
(1 -7.15552e-16 0)
(1 -1.11492e-15 0)
(1 -5.28369e-17 0)
(1 2.90522e-17 0)
(1 5.73539e-16 0)
(1 2.87141e-15 0)
(1 3.2261e-16 0)
(1 2.27184e-15 0)
(1 5.0502e-16 0)
(1 7.8777e-17 0)
(1 1.27031e-15 0)
(1 2.37194e-15 0)
(1 2.29747e-15 0)
(1 2.26678e-15 0)
(1 3.26331e-15 0)
(1 2.78452e-15 0)
(1 2.14378e-15 0)
(1 3.59457e-15 0)
(1 2.74429e-15 0)
(1 2.70833e-15 0)
(1 2.22233e-15 0)
(1 2.95145e-15 0)
(1 3.23785e-15 0)
(1 3.73458e-15 0)
(1 3.33294e-15 0)
(1 3.10611e-15 0)
(1 2.92855e-15 0)
(1 1.42181e-15 0)
(1 -9.99222e-16 0)
(1 -2.29977e-16 0)
(1 6.08516e-16 0)
(1 3.67085e-16 0)
(1 5.90402e-16 0)
(1 6.76518e-16 0)
(1 1.17885e-15 0)
(1 2.07621e-16 0)
(1 -3.52418e-16 0)
(1 9.81508e-17 0)
(1 -1.75122e-15 0)
(1 -1.5951e-15 0)
(1 -1.2934e-15 0)
(1 -8.79499e-17 0)
(1 1.74924e-15 0)
(1 2.3122e-15 0)
(1 6.60541e-16 0)
(1 2.55828e-15 0)
(1 4.76142e-16 0)
(1 -5.62538e-16 0)
(1 2.01896e-15 0)
(1 -1.48052e-17 0)
(1 8.70339e-16 0)
(1 6.26097e-16 0)
(1 1.8723e-16 0)
(1 2.21224e-15 0)
(1 9.69299e-16 0)
(1 1.76417e-15 0)
(1 1.65756e-15 0)
(1 6.04443e-16 0)
(1 2.03894e-15 0)
(1 9.98762e-16 0)
(1 1.57901e-15 0)
(1 7.32927e-16 0)
(1 3.4223e-16 0)
(1 3.07656e-16 0)
(1 5.32879e-16 0)
(1 -1.48242e-15 0)
(1 -1.69183e-15 0)
(1 1.13373e-15 0)
(1 -5.55084e-16 0)
(1 2.02998e-15 0)
(1 -4.68344e-17 0)
(1 2.79062e-15 0)
(1 1.87934e-15 0)
(1 1.24866e-15 0)
(1 1.84652e-16 0)
(1 2.21906e-15 0)
(1 1.89003e-15 0)
(1 2.07127e-15 0)
(1 3.14398e-15 0)
(1 1.18416e-15 0)
(1 1.62984e-15 0)
(1 2.59148e-15 0)
(1 1.99505e-15 0)
(1 3.51174e-15 0)
(1 1.20318e-15 0)
(1 6.69839e-16 0)
(1 1.98755e-16 0)
(1 1.11962e-15 0)
(1 3.09227e-15 0)
(1 2.32092e-15 0)
(1 2.02321e-15 0)
(1 -1.68243e-16 0)
(1 2.08439e-16 0)
(1 -7.09682e-17 0)
(1 1.25024e-15 0)
(1 1.43479e-15 0)
(1 4.6696e-16 0)
(1 5.97055e-17 0)
(1 1.24599e-15 0)
(1 -8.87873e-16 0)
(1 2.517e-15 0)
(1 -6.855e-17 0)
(1 -9.03026e-16 0)
(1 1.04048e-15 0)
(1 -7.74197e-16 0)
(1 1.8902e-15 0)
(1 2.45301e-15 0)
(1 2.43196e-15 0)
(1 5.36382e-16 0)
(1 -8.5175e-16 0)
(1 3.85624e-16 0)
(1 7.94918e-16 0)
(1 3.99104e-15 0)
(1 2.82373e-15 0)
(1 4.57096e-15 0)
(1 4.05504e-15 0)
(1 3.99835e-15 0)
(1 2.43572e-15 0)
(1 2.30535e-15 0)
(1 2.16774e-15 0)
(1 3.11291e-15 0)
(1 3.28542e-15 0)
(1 2.29203e-15 0)
(1 3.2726e-15 0)
(1 2.79525e-15 0)
(1 2.62654e-15 0)
(1 3.46422e-15 0)
(1 4.45229e-15 0)
(1 7.6061e-16 0)
(1 1.51906e-15 0)
(1 8.33748e-16 0)
(1 1.70134e-15 0)
(1 2.30385e-15 0)
(1 2.55991e-15 0)
(1 1.69003e-15 0)
(1 -7.46275e-16 0)
(1 8.33367e-16 0)
(1 -1.13806e-15 0)
(1 -6.54783e-16 0)
(1 1.19795e-15 0)
(1 9.71537e-17 0)
(1 2.73702e-16 0)
(1 1.31243e-15 0)
(1 1.59744e-15 0)
(1 1.29978e-15 0)
(1 1.28058e-15 0)
(1 1.58426e-15 0)
(1 2.34237e-16 0)
(1 4.41598e-16 0)
(1 1.60609e-17 0)
(1 3.13173e-16 0)
(1 2.08359e-15 0)
(1 1.30086e-15 0)
(1 2.17051e-15 0)
(1 1.10962e-15 0)
(1 1.94681e-15 0)
(1 8.6315e-16 0)
(1 1.71716e-15 0)
(1 1.67388e-15 0)
(1 2.51054e-15 0)
(1 1.73949e-15 0)
(1 2.37725e-15 0)
(1 5.31043e-16 0)
(1 -4.96592e-16 0)
(1 7.88892e-16 0)
(1 -7.54732e-16 0)
(1 -2.26854e-16 0)
(1 2.06042e-16 0)
(1 -2.93885e-17 0)
(1 3.1239e-15 0)
(1 2.54512e-15 0)
(1 1.0964e-15 0)
(1 1.37836e-15 0)
(1 -4.11046e-16 0)
(1 1.77263e-15 0)
(1 1.37885e-15 0)
(1 2.22792e-15 0)
(1 3.23515e-15 0)
(1 3.66186e-15 0)
(1 2.9007e-15 0)
(1 1.57968e-15 0)
(1 2.09635e-15 0)
(1 2.88076e-15 0)
(1 1.81185e-15 0)
(1 1.72013e-15 0)
(1 8.4659e-16 0)
(1 -1.02362e-15 0)
(1 1.73972e-15 0)
(1 2.29e-15 0)
(1 5.47914e-15 0)
(1 3.17232e-15 0)
(1 1.82916e-15 0)
(1 1.18756e-15 0)
(1 -6.39076e-17 0)
(1 2.14008e-15 0)
(1 -1.92645e-15 0)
(1 3.68861e-16 0)
(1 -1.27737e-15 0)
(1 1.16765e-15 0)
(1 -2.33445e-16 0)
(1 2.91493e-15 0)
(1 7.36126e-16 0)
(1 9.88658e-16 0)
(1 2.76662e-15 0)
(1 1.94671e-15 0)
(1 8.37786e-16 0)
(1 1.0365e-15 0)
(1 1.25988e-15 0)
(1 1.79007e-15 0)
(1 9.13959e-16 0)
(1 4.75218e-16 0)
(1 2.86989e-15 0)
(1 3.50946e-15 0)
(1 3.7928e-15 0)
(1 4.32402e-15 0)
(1 4.35105e-15 0)
(1 3.66869e-15 0)
(1 2.30167e-15 0)
(1 3.31095e-15 0)
(1 3.85751e-15 0)
(1 3.72934e-15 0)
(1 2.89495e-15 0)
(1 3.81301e-15 0)
(1 4.17023e-15 0)
(1 4.11454e-15 0)
(1 4.51104e-15 0)
(1 5.1272e-15 0)
(1 2.16576e-15 0)
(1 1.90559e-15 0)
(1 9.58013e-16 0)
(1 5.92814e-16 0)
(1 2.24425e-15 0)
(1 2.78558e-15 0)
(1 3.18379e-15 0)
(1 1.77369e-15 0)
(1 1.5899e-15 0)
(1 1.21481e-15 0)
(1 1.50526e-15 0)
(1 1.36069e-15 0)
(1 1.57558e-15 0)
(1 3.97527e-16 0)
(1 4.54582e-16 0)
(1 5.52204e-16 0)
(1 1.27866e-15 0)
(1 1.39646e-15 0)
(1 -8.30456e-16 0)
(1 1.01085e-15 0)
(1 1.84087e-15 0)
(1 1.8243e-15 0)
(1 1.49911e-15 0)
(1 1.66665e-15 0)
(1 5.30145e-16 0)
(1 5.16349e-16 0)
(1 -1.2162e-16 0)
(1 -1.18885e-16 0)
(1 6.39676e-16 0)
(1 1.17801e-15 0)
(1 2.24777e-15 0)
(1 2.09444e-15 0)
(1 2.65912e-15 0)
(1 2.52935e-15 0)
(1 3.48084e-15 0)
(1 2.27438e-15 0)
(1 8.58441e-16 0)
(1 -4.03993e-16 0)
(1 1.61191e-15 0)
(1 1.75759e-15 0)
(1 1.29224e-16 0)
(1 3.45348e-16 0)
(1 3.05498e-15 0)
(1 1.21974e-15 0)
(1 1.55558e-15 0)
(1 9.61008e-16 0)
(1 2.83928e-15 0)
(1 5.45634e-15 0)
(1 1.91828e-15 0)
(1 3.50252e-15 0)
(1 1.72611e-15 0)
(1 1.8813e-15 0)
(1 1.26083e-15 0)
(1 3.11124e-15 0)
(1 2.06827e-15 0)
(1 3.46626e-15 0)
(1 1.56671e-15 0)
(1 1.56404e-15 0)
(1 1.05785e-15 0)
(1 3.20062e-15 0)
(1 2.03043e-15 0)
(1 9.13801e-16 0)
(1 2.626e-15 0)
(1 -1.49385e-15 0)
(1 2.82763e-15 0)
(1 5.46262e-16 0)
(1 1.3455e-15 0)
(1 1.1353e-15 0)
(1 4.44454e-16 0)
(1 1.07704e-15 0)
(1 1.43956e-15 0)
(1 1.30094e-15 0)
(1 1.74788e-15 0)
(1 -5.52632e-16 0)
(1 3.37771e-16 0)
(1 2.10359e-15 0)
(1 3.11114e-16 0)
(1 2.2057e-15 0)
(1 -2.78229e-16 0)
(1 3.58196e-15 0)
(1 1.90139e-15 0)
(1 2.87085e-15 0)
(1 2.68371e-15 0)
(1 1.69589e-15 0)
(1 3.41585e-15 0)
(1 3.654e-15 0)
(1 4.54426e-15 0)
(1 2.20573e-15 0)
(1 4.43849e-15 0)
(1 3.22615e-15 0)
(1 2.97476e-15 0)
(1 3.62682e-15 0)
(1 3.93307e-15 0)
(1 3.99037e-15 0)
(1 3.1069e-15 0)
(1 3.68414e-15 0)
(1 5.06657e-15 0)
(1 5.20419e-15 0)
(1 4.82033e-15 0)
(1 4.56997e-15 0)
(1 2.73482e-15 0)
(1 3.66688e-15 0)
(1 2.02763e-15 0)
(1 2.23947e-15 0)
(1 1.39449e-15 0)
(1 9.84217e-16 0)
(1 9.08663e-16 0)
(1 2.37925e-15 0)
(1 2.036e-15 0)
(1 6.99887e-16 0)
(1 2.98064e-15 0)
(1 1.77923e-15 0)
(1 4.15464e-16 0)
(1 1.17385e-16 0)
(1 1.74048e-16 0)
(1 2.96161e-15 0)
(1 1.33222e-15 0)
(1 3.36366e-15 0)
(1 9.92684e-16 0)
(1 9.00239e-16 0)
(1 1.72333e-15 0)
(1 1.95894e-15 0)
(1 2.20433e-15 0)
(1 1.67174e-15 0)
(1 1.24248e-15 0)
(1 2.32847e-15 0)
(1 1.4942e-15 0)
(1 2.04633e-15 0)
(1 1.49299e-15 0)
(1 1.88476e-15 0)
(1 2.28644e-15 0)
(1 2.61526e-15 0)
(1 3.43921e-15 0)
(1 2.84352e-15 0)
(1 1.83691e-15 0)
(1 2.93809e-15 0)
(1 2.2585e-15 0)
(1 1.36607e-15 0)
(1 1.67036e-15 0)
(1 1.1356e-15 0)
(1 4.21411e-18 0)
(1 8.25582e-16 0)
(1 -6.71339e-16 0)
(1 1.73328e-15 0)
(1 2.65533e-15 0)
(1 2.68026e-15 0)
(1 3.01018e-15 0)
(1 3.8106e-15 0)
(1 4.85301e-15 0)
(1 4.74719e-15 0)
(1 2.85092e-15 0)
(1 6.30137e-16 0)
(1 2.2616e-15 0)
(1 2.62463e-15 0)
(1 2.76587e-15 0)
(1 4.26411e-15 0)
(1 2.96522e-15 0)
(1 4.12649e-15 0)
(1 1.22754e-15 0)
(1 3.24929e-15 0)
(1 2.10325e-15 0)
(1 8.43103e-17 0)
(1 1.21952e-15 0)
(1 -1.41672e-15 0)
(1 -2.60277e-15 0)
(1 -2.28765e-15 0)
(1 -1.74506e-16 0)
(1 6.45372e-16 0)
(1 3.78993e-15 0)
(1 3.95655e-15 0)
(1 4.15804e-15 0)
(1 1.21964e-15 0)
(1 1.61839e-15 0)
(1 -1.6398e-15 0)
(1 -1.48782e-15 0)
(1 7.33391e-16 0)
(1 -2.68303e-16 0)
(1 2.63808e-15 0)
(1 4.60105e-15 0)
(1 5.29529e-15 0)
(1 1.54958e-15 0)
(1 1.05545e-15 0)
(1 1.51662e-15 0)
(1 4.25031e-16 0)
(1 1.51354e-15 0)
(1 4.57198e-15 0)
(1 5.59938e-15 0)
(1 4.05546e-15 0)
(1 3.39628e-15 0)
(1 4.01355e-15 0)
(1 4.69893e-15 0)
(1 3.66346e-15 0)
(1 3.31366e-15 0)
(1 5.83096e-15 0)
(1 6.15936e-15 0)
(1 6.28743e-15 0)
(1 4.27086e-15 0)
(1 4.94816e-15 0)
(1 3.39458e-15 0)
(1 2.03284e-15 0)
(1 2.1213e-15 0)
(1 4.46476e-15 0)
(1 5.16367e-15 0)
(1 4.65197e-15 0)
(1 2.70227e-15 0)
(1 1.77836e-15 0)
(1 2.13936e-15 0)
(1 2.08537e-15 0)
(1 2.04259e-15 0)
(1 1.67488e-15 0)
(1 1.86882e-15 0)
(1 1.50934e-15 0)
(1 1.65644e-15 0)
(1 4.6363e-16 0)
(1 1.5164e-15 0)
(1 2.53462e-15 0)
(1 9.801e-16 0)
(1 1.45455e-15 0)
(1 8.39999e-16 0)
(1 4.30673e-16 0)
(1 1.96132e-15 0)
(1 1.04422e-15 0)
(1 2.2975e-15 0)
(1 1.25061e-15 0)
(1 1.26866e-15 0)
(1 2.46267e-15 0)
(1 2.49449e-15 0)
(1 2.32569e-15 0)
(1 2.38786e-15 0)
(1 1.09239e-15 0)
(1 2.33428e-15 0)
(1 2.54796e-15 0)
(1 4.03695e-15 0)
(1 3.33916e-15 0)
(1 2.32487e-15 0)
(1 2.65667e-15 0)
(1 1.28313e-15 0)
(1 1.90297e-15 0)
(1 2.24779e-15 0)
(1 2.60033e-15 0)
(1 -4.8266e-17 0)
(1 -2.81247e-16 0)
(1 -4.1142e-16 0)
(1 1.85626e-15 0)
(1 1.56652e-15 0)
(1 4.67566e-15 0)
(1 2.37354e-15 0)
(1 2.65899e-15 0)
(1 4.77258e-15 0)
(1 1.85553e-15 0)
(1 2.96303e-15 0)
(1 1.01573e-15 0)
(1 2.47931e-15 0)
(1 3.48549e-15 0)
(1 3.01525e-15 0)
(1 3.64834e-15 0)
(1 1.98733e-15 0)
(1 4.32468e-15 0)
(1 3.7898e-15 0)
(1 1.26953e-15 0)
(1 3.21707e-16 0)
(1 2.65075e-16 0)
(1 2.04945e-15 0)
(1 3.70749e-15 0)
(1 2.79085e-16 0)
(1 -7.9311e-16 0)
(1 1.87014e-16 0)
(1 5.0032e-16 0)
(1 2.23952e-15 0)
(1 2.45422e-15 0)
(1 1.58717e-15 0)
(1 -9.98623e-16 0)
(1 -3.5251e-16 0)
(1 -5.38391e-16 0)
(1 -8.175e-16 0)
(1 9.83216e-16 0)
(1 1.87123e-15 0)
(1 3.09185e-15 0)
(1 3.12888e-15 0)
(1 2.35747e-15 0)
(1 3.21024e-16 0)
(1 1.84216e-15 0)
(1 2.3782e-15 0)
(1 3.10004e-15 0)
(1 4.88963e-15 0)
(1 3.06903e-15 0)
(1 4.96907e-15 0)
(1 3.74619e-15 0)
(1 1.96148e-15 0)
(1 4.36871e-15 0)
(1 4.68622e-15 0)
(1 6.23494e-15 0)
(1 4.45202e-15 0)
(1 6.37583e-15 0)
(1 6.8783e-15 0)
(1 6.51088e-15 0)
(1 5.58499e-15 0)
(1 3.2057e-15 0)
(1 5.27642e-15 0)
(1 3.4946e-15 0)
(1 4.64107e-15 0)
(1 2.77941e-15 0)
(1 3.91752e-15 0)
(1 4.82387e-15 0)
(1 1.27272e-16 0)
(1 2.86161e-15 0)
(1 1.84423e-15 0)
(1 2.31338e-15 0)
(1 5.2527e-15 0)
(1 3.82007e-15 0)
(1 3.95093e-15 0)
(1 2.09293e-15 0)
(1 2.82485e-15 0)
(1 1.37441e-15 0)
(1 2.14769e-15 0)
(1 2.05876e-15 0)
(1 1.23927e-15 0)
(1 1.54999e-15 0)
(1 3.14706e-15 0)
(1 3.08399e-15 0)
(1 2.54963e-15 0)
(1 2.25956e-15 0)
(1 1.45733e-15 0)
(1 1.07379e-15 0)
(1 -1.7224e-16 0)
(1 -1.55881e-16 0)
(1 7.21687e-16 0)
(1 9.16193e-16 0)
(1 2.13059e-15 0)
(1 1.87628e-15 0)
(1 1.66994e-15 0)
(1 2.98178e-15 0)
(1 3.22974e-15 0)
(1 4.1538e-15 0)
(1 4.28522e-15 0)
(1 3.36856e-15 0)
(1 3.13019e-15 0)
(1 3.56481e-15 0)
(1 3.87964e-15 0)
(1 4.1971e-15 0)
(1 3.90958e-16 0)
(1 7.32563e-16 0)
(1 2.90356e-15 0)
(1 8.74205e-16 0)
(1 1.84794e-15 0)
(1 3.86568e-16 0)
(1 3.38706e-15 0)
(1 3.46344e-15 0)
(1 3.75986e-15 0)
(1 1.61573e-15 0)
(1 2.45399e-15 0)
(1 4.7691e-15 0)
(1 3.2555e-15 0)
(1 4.57245e-15 0)
(1 3.68697e-15 0)
(1 2.05396e-15 0)
(1 1.55379e-15 0)
(1 2.42352e-15 0)
(1 3.2768e-15 0)
(1 3.03728e-15 0)
(1 9.7836e-16 0)
(1 -2.08284e-16 0)
(1 -2.823e-15 0)
(1 1.65528e-15 0)
(1 2.0453e-15 0)
(1 2.22447e-15 0)
(1 4.20212e-16 0)
(1 2.50319e-15 0)
(1 1.7458e-15 0)
(1 5.85583e-16 0)
(1 -4.20262e-17 0)
(1 6.42654e-16 0)
(1 4.53831e-16 0)
(1 1.08894e-15 0)
(1 1.59086e-15 0)
(1 4.86487e-16 0)
(1 1.8187e-16 0)
(1 1.8043e-15 0)
(1 5.60128e-17 0)
(1 -5.45023e-17 0)
(1 2.40602e-15 0)
(1 3.66806e-15 0)
(1 4.18242e-15 0)
(1 4.34782e-15 0)
(1 4.78039e-15 0)
(1 1.82312e-15 0)
(1 2.63568e-15 0)
(1 3.47082e-15 0)
(1 3.46893e-15 0)
(1 5.15903e-15 0)
(1 3.32606e-15 0)
(1 3.87675e-15 0)
(1 6.1771e-15 0)
(1 5.74046e-15 0)
(1 7.40585e-15 0)
(1 6.82614e-15 0)
(1 5.51549e-15 0)
(1 2.46223e-15 0)
(1 4.97287e-15 0)
(1 5.9677e-15 0)
(1 6.29685e-15 0)
(1 4.72098e-15 0)
(1 2.68322e-15 0)
(1 3.77685e-15 0)
(1 2.46295e-15 0)
(1 1.83372e-15 0)
(1 3.66805e-15 0)
(1 3.25632e-15 0)
(1 5.44947e-15 0)
(1 5.03943e-15 0)
(1 4.07718e-15 0)
(1 1.84084e-15 0)
(1 1.22631e-15 0)
(1 1.90306e-15 0)
(1 2.03597e-15 0)
(1 9.69055e-16 0)
(1 1.51405e-15 0)
(1 1.53362e-15 0)
(1 3.73812e-15 0)
(1 2.15203e-15 0)
(1 2.27787e-15 0)
(1 1.50777e-15 0)
(1 9.74233e-16 0)
(1 1.24939e-15 0)
(1 1.78347e-16 0)
(1 2.1475e-15 0)
(1 2.91816e-15 0)
(1 3.0515e-15 0)
(1 1.59937e-15 0)
(1 2.17656e-15 0)
(1 2.92302e-15 0)
(1 2.94298e-15 0)
(1 2.22123e-15 0)
(1 1.73493e-15 0)
(1 5.36542e-15 0)
(1 2.20033e-15 0)
(1 4.29836e-15 0)
(1 4.03042e-15 0)
(1 4.41798e-15 0)
(1 4.29632e-15 0)
(1 1.64706e-16 0)
(1 9.92872e-16 0)
(1 2.05494e-15 0)
(1 1.44492e-15 0)
(1 1.12791e-15 0)
(1 -7.73018e-16 0)
(1 3.81315e-15 0)
(1 9.86726e-16 0)
(1 3.72357e-15 0)
(1 5.12739e-15 0)
(1 3.44037e-15 0)
(1 3.21746e-15 0)
(1 2.24645e-15 0)
(1 2.70508e-15 0)
(1 3.05548e-15 0)
(1 2.65081e-15 0)
(1 5.2369e-15 0)
(1 3.70323e-15 0)
(1 3.1928e-15 0)
(1 2.11544e-15 0)
(1 -2.50787e-16 0)
(1 -1.08443e-15 0)
(1 -3.37589e-15 0)
(1 -7.4252e-16 0)
(1 -1.22926e-15 0)
(1 4.18695e-15 0)
(1 2.4748e-15 0)
(1 3.56556e-15 0)
(1 1.33265e-15 0)
(1 2.30497e-16 0)
(1 -8.11485e-16 0)
(1 5.49278e-16 0)
(1 3.69405e-16 0)
(1 1.10894e-15 0)
(1 8.00987e-16 0)
(1 -1.03695e-15 0)
(1 1.32549e-15 0)
(1 6.963e-16 0)
(1 6.17385e-16 0)
(1 3.06108e-16 0)
(1 3.01374e-15 0)
(1 3.49625e-15 0)
(1 4.41665e-15 0)
(1 3.63183e-15 0)
(1 3.58214e-15 0)
(1 3.71795e-15 0)
(1 3.05131e-15 0)
(1 3.92308e-15 0)
(1 5.32638e-15 0)
(1 3.59194e-15 0)
(1 5.03408e-15 0)
(1 5.05596e-15 0)
(1 7.0569e-15 0)
(1 6.94891e-15 0)
(1 6.92679e-15 0)
(1 5.50043e-15 0)
(1 4.86514e-15 0)
(1 4.15142e-15 0)
(1 4.59278e-15 0)
(1 4.00073e-15 0)
(1 5.3245e-15 0)
(1 5.42291e-15 0)
(1 3.52364e-15 0)
(1 3.80681e-15 0)
(1 5.16742e-15 0)
(1 2.58095e-15 0)
(1 3.54811e-15 0)
(1 2.9294e-15 0)
(1 -2.37601e-17 0)
(1 2.72628e-15 0)
(1 2.91556e-15 0)
(1 4.64435e-15 0)
(1 2.81721e-15 0)
(1 1.61207e-15 0)
(1 8.61572e-16 0)
(1 4.72504e-17 0)
(1 4.34656e-15 0)
(1 1.91404e-15 0)
(1 1.30503e-15 0)
(1 3.95975e-15 0)
(1 4.08259e-15 0)
(1 2.88542e-15 0)
(1 3.31865e-15 0)
(1 1.19861e-15 0)
(1 6.68506e-16 0)
(1 1.17292e-15 0)
(1 1.65356e-15 0)
(1 5.49324e-16 0)
(1 6.59346e-16 0)
(1 1.09301e-15 0)
(1 4.91995e-15 0)
(1 2.40575e-15 0)
(1 2.85616e-15 0)
(1 2.07233e-15 0)
(1 3.99769e-15 0)
(1 3.14008e-15 0)
(1 3.34572e-15 0)
(1 3.0329e-15 0)
(1 3.22514e-15 0)
(1 3.15585e-15 0)
(1 3.69615e-16 0)
(1 8.92269e-16 0)
(1 8.58728e-16 0)
(1 2.13792e-15 0)
(1 4.38483e-16 0)
(1 4.16404e-15 0)
(1 1.60409e-15 0)
(1 2.20077e-15 0)
(1 1.63746e-15 0)
(1 3.57371e-15 0)
(1 4.19896e-15 0)
(1 2.64828e-15 0)
(1 3.87673e-15 0)
(1 3.26811e-15 0)
(1 3.99576e-15 0)
(1 1.66472e-15 0)
(1 2.64005e-15 0)
(1 4.70706e-16 0)
(1 4.24435e-15 0)
(1 -3.74801e-16 0)
(1 -3.00255e-16 0)
(1 1.38854e-15 0)
(1 1.74509e-15 0)
(1 3.79967e-16 0)
(1 1.63816e-15 0)
(1 2.30283e-15 0)
(1 2.76883e-15 0)
(1 1.54141e-15 0)
(1 1.4869e-15 0)
(1 -5.52613e-16 0)
(1 1.1227e-16 0)
(1 -3.83376e-16 0)
(1 -1.5932e-15 0)
(1 -1.01094e-15 0)
(1 -6.4957e-16 0)
(1 1.93943e-16 0)
(1 1.58445e-16 0)
(1 1.60892e-17 0)
(1 1.6178e-15 0)
(1 2.82348e-15 0)
(1 4.20966e-15 0)
(1 3.77306e-15 0)
(1 2.65517e-15 0)
(1 4.78155e-15 0)
(1 3.23083e-15 0)
(1 2.8534e-15 0)
(1 3.86602e-15 0)
(1 1.4239e-15 0)
(1 5.59471e-15 0)
(1 3.87854e-15 0)
(1 5.54887e-15 0)
(1 6.09198e-15 0)
(1 6.19096e-15 0)
(1 6.88636e-15 0)
(1 5.7194e-15 0)
(1 2.19231e-15 0)
(1 4.22588e-15 0)
(1 4.82798e-15 0)
(1 4.87973e-15 0)
(1 3.58209e-15 0)
(1 5.86811e-15 0)
(1 6.21925e-15 0)
(1 6.66502e-15 0)
(1 3.73819e-15 0)
(1 4.60225e-15 0)
(1 4.44437e-15 0)
(1 2.02131e-15 0)
(1 2.87331e-15 0)
(1 1.11865e-15 0)
(1 1.60295e-15 0)
(1 3.45492e-15 0)
(1 3.14098e-15 0)
(1 9.5459e-16 0)
(1 7.09924e-16 0)
(1 8.0276e-16 0)
(1 4.36231e-17 0)
(1 1.71627e-15 0)
(1 2.28939e-15 0)
(1 1.92548e-15 0)
(1 4.89312e-15 0)
(1 3.74617e-15 0)
(1 3.0944e-15 0)
(1 3.4708e-15 0)
(1 1.03749e-15 0)
(1 2.72225e-15 0)
(1 1.26012e-15 0)
(1 1.35558e-16 0)
(1 7.02559e-16 0)
(1 1.98693e-15 0)
(1 2.8325e-15 0)
(1 2.82047e-15 0)
(1 1.25565e-15 0)
(1 2.10489e-15 0)
(1 3.09871e-15 0)
(1 3.34157e-15 0)
(1 5.00553e-15 0)
(1 3.89431e-15 0)
(1 3.73376e-15 0)
(1 2.12275e-15 0)
(1 1.18691e-15 0)
(1 1.854e-16 0)
(1 1.51895e-15 0)
(1 -2.75897e-17 0)
(1 -2.90754e-16 0)
(1 2.16464e-15 0)
(1 1.71549e-15 0)
(1 9.66599e-16 0)
(1 3.06769e-15 0)
(1 2.16294e-15 0)
(1 4.11391e-15 0)
(1 3.7689e-15 0)
(1 2.47071e-15 0)
(1 3.19141e-15 0)
(1 2.70861e-15 0)
(1 3.81633e-15 0)
(1 1.92523e-15 0)
(1 8.54595e-16 0)
(1 3.09898e-15 0)
(1 5.18222e-15 0)
(1 3.41646e-15 0)
(1 2.38538e-15 0)
(1 1.55566e-15 0)
(1 -2.61456e-15 0)
(1 -2.6684e-15 0)
(1 3.5669e-16 0)
(1 1.35006e-16 0)
(1 1.97818e-15 0)
(1 1.16842e-15 0)
(1 2.46399e-15 0)
(1 1.13521e-17 0)
(1 -1.47457e-15 0)
(1 -1.77109e-15 0)
(1 -2.43093e-15 0)
(1 -2.71637e-15 0)
(1 1.65735e-15 0)
(1 -1.34907e-17 0)
(1 1.37749e-15 0)
(1 -6.92388e-16 0)
(1 2.18287e-15 0)
(1 3.56381e-15 0)
(1 4.49221e-15 0)
(1 3.2912e-15 0)
(1 2.00546e-15 0)
(1 4.07713e-15 0)
(1 2.33792e-15 0)
(1 4.47116e-15 0)
(1 3.87077e-15 0)
(1 4.47168e-15 0)
(1 3.53503e-15 0)
(1 5.02619e-15 0)
(1 5.43037e-15 0)
(1 4.60313e-15 0)
(1 5.71697e-15 0)
(1 5.82432e-15 0)
(1 4.93254e-15 0)
(1 5.73404e-15 0)
(1 4.69357e-15 0)
(1 4.87929e-15 0)
(1 2.11374e-15 0)
(1 3.77907e-15 0)
(1 2.33297e-15 0)
(1 3.93392e-15 0)
(1 4.80241e-15 0)
(1 4.51858e-15 0)
(1 6.11263e-15 0)
(1 5.44861e-15 0)
(1 4.16171e-15 0)
(1 2.91419e-15 0)
(1 3.19275e-15 0)
(1 1.59307e-15 0)
(1 -1.48586e-15 0)
(1 3.34287e-16 0)
(1 1.46093e-15 0)
(1 3.16478e-15 0)
(1 2.63324e-15 0)
(1 2.16123e-15 0)
(1 -6.95759e-16 0)
(1 1.86058e-15 0)
(1 2.94867e-15 0)
(1 7.50244e-16 0)
(1 1.14007e-15 0)
(1 2.05495e-15 0)
(1 2.08664e-15 0)
(1 2.76304e-15 0)
(1 3.14538e-15 0)
(1 1.97735e-15 0)
(1 1.6699e-15 0)
(1 2.96239e-15 0)
(1 2.77527e-15 0)
(1 3.39107e-15 0)
(1 8.02662e-16 0)
(1 1.82748e-15 0)
(1 1.63426e-15 0)
(1 1.9266e-15 0)
(1 2.79261e-15 0)
(1 3.00771e-15 0)
(1 2.17538e-15 0)
(1 2.50713e-15 0)
(1 1.58714e-15 0)
(1 8.02494e-16 0)
(1 2.98462e-18 0)
(1 1.08574e-15 0)
(1 1.07422e-15 0)
(1 2.90354e-16 0)
(1 1.88116e-15 0)
(1 3.68121e-16 0)
(1 1.67193e-15 0)
(1 1.882e-15 0)
(1 4.49462e-15 0)
(1 5.91179e-15 0)
(1 4.19059e-15 0)
(1 2.97101e-15 0)
(1 1.30067e-15 0)
(1 6.16482e-16 0)
(1 1.14568e-15 0)
(1 4.43117e-15 0)
(1 2.50137e-15 0)
(1 4.1619e-15 0)
(1 -5.16308e-16 0)
(1 2.42094e-15 0)
(1 1.34072e-15 0)
(1 2.74324e-15 0)
(1 -1.66221e-15 0)
(1 1.02067e-16 0)
(1 -9.37142e-16 0)
(1 1.38734e-15 0)
(1 1.49684e-15 0)
(1 3.6398e-16 0)
(1 1.66768e-15 0)
(1 -6.47565e-16 0)
(1 -1.27218e-15 0)
(1 -4.38398e-15 0)
(1 -2.00346e-15 0)
(1 -1.64406e-15 0)
(1 -1.2412e-15 0)
(1 1.28125e-15 0)
(1 2.57407e-15 0)
(1 8.18862e-16 0)
(1 2.53883e-15 0)
(1 1.26935e-15 0)
(1 1.14549e-15 0)
(1 1.86568e-15 0)
(1 4.86159e-15 0)
(1 3.21603e-15 0)
(1 3.99906e-15 0)
(1 5.05868e-15 0)
(1 2.47249e-15 0)
(1 5.65625e-15 0)
(1 1.9351e-15 0)
(1 3.11408e-15 0)
(1 1.43344e-15 0)
(1 3.49272e-15 0)
(1 6.23964e-15 0)
(1 6.19937e-15 0)
(1 4.48765e-15 0)
(1 8.05755e-15 0)
(1 5.31063e-15 0)
(1 5.33558e-15 0)
(1 3.92621e-15 0)
(1 5.14836e-15 0)
(1 3.9932e-15 0)
(1 2.7242e-15 0)
(1 3.16155e-15 0)
(1 6.02804e-15 0)
(1 3.13537e-15 0)
(1 4.58378e-15 0)
(1 4.6271e-15 0)
(1 3.49692e-15 0)
(1 2.27205e-15 0)
(1 1.36865e-15 0)
(1 -1.1859e-15 0)
(1 3.26719e-15 0)
(1 2.25741e-15 0)
(1 3.26167e-15 0)
(1 1.87653e-15 0)
(1 3.5815e-15 0)
(1 1.43327e-15 0)
(1 2.69e-15 0)
(1 1.9976e-15 0)
(1 -1.52633e-16 0)
(1 1.80899e-15 0)
(1 1.62264e-15 0)
(1 4.22369e-16 0)
(1 2.57554e-15 0)
(1 2.07996e-15 0)
(1 2.18119e-15 0)
(1 1.81572e-15 0)
(1 2.96036e-15 0)
(1 1.79601e-15 0)
(1 2.53375e-15 0)
(1 2.37222e-15 0)
(1 2.36216e-15 0)
(1 1.86537e-15 0)
(1 2.79723e-15 0)
(1 1.63733e-15 0)
(1 2.60425e-15 0)
(1 1.82349e-15 0)
(1 2.54347e-15 0)
(1 1.56637e-15 0)
(1 1.52297e-15 0)
(1 1.43565e-17 0)
(1 1.21857e-15 0)
(1 4.6646e-16 0)
(1 9.08687e-16 0)
(1 9.06619e-16 0)
(1 2.27069e-15 0)
(1 7.04858e-16 0)
(1 1.4675e-15 0)
(1 3.57264e-15 0)
(1 1.57958e-15 0)
(1 5.65902e-15 0)
(1 4.77366e-15 0)
(1 4.14866e-15 0)
(1 6.14824e-16 0)
(1 9.69778e-16 0)
(1 2.73756e-15 0)
(1 8.62665e-16 0)
(1 1.47708e-15 0)
(1 -2.47273e-15 0)
(1 2.17487e-15 0)
(1 2.91205e-15 0)
(1 1.714e-15 0)
(1 2.9715e-15 0)
(1 2.03183e-16 0)
(1 -9.84282e-16 0)
(1 -1.36688e-15 0)
(1 -1.39091e-15 0)
(1 -8.25641e-16 0)
(1 -3.33227e-16 0)
(1 -9.15631e-16 0)
(1 -1.24138e-15 0)
(1 -1.36165e-15 0)
(1 -3.9126e-16 0)
(1 -4.46175e-16 0)
(1 -1.42985e-15 0)
(1 1.35239e-15 0)
(1 -2.87308e-16 0)
(1 1.15215e-15 0)
(1 2.08653e-15 0)
(1 -1.81178e-16 0)
(1 -3.69546e-16 0)
(1 1.25473e-15 0)
(1 3.82942e-15 0)
(1 1.95999e-15 0)
(1 4.06989e-15 0)
(1 3.04027e-15 0)
(1 1.50212e-15 0)
(1 3.00064e-15 0)
(1 2.40752e-15 0)
(1 2.7362e-15 0)
(1 3.59735e-15 0)
(1 5.36662e-15 0)
(1 6.89304e-15 0)
(1 6.58592e-15 0)
(1 7.34942e-15 0)
(1 6.35135e-15 0)
(1 4.34661e-15 0)
(1 5.46008e-15 0)
(1 3.92506e-15 0)
(1 3.2954e-15 0)
(1 4.63471e-15 0)
(1 3.19154e-15 0)
(1 5.50027e-15 0)
(1 3.48776e-15 0)
(1 4.14914e-15 0)
(1 4.01305e-15 0)
(1 4.27516e-15 0)
(1 3.66262e-15 0)
(1 3.81339e-15 0)
(1 2.98951e-15 0)
(1 3.93404e-15 0)
(1 1.37684e-15 0)
(1 1.9954e-16 0)
(1 1.20774e-15 0)
(1 1.33304e-15 0)
(1 1.97117e-15 0)
(1 1.76594e-15 0)
(1 2.07128e-15 0)
(1 3.0141e-16 0)
(1 3.65902e-16 0)
(1 2.17206e-15 0)
(1 1.08541e-15 0)
(1 7.54496e-16 0)
(1 1.48616e-15 0)
(1 1.89948e-15 0)
(1 2.85467e-15 0)
(1 1.79853e-15 0)
(1 2.7703e-15 0)
(1 1.98025e-15 0)
(1 1.0371e-15 0)
(1 1.33177e-15 0)
(1 9.16217e-16 0)
(1 1.67769e-15 0)
(1 2.74269e-15 0)
(1 1.89422e-15 0)
(1 1.68684e-15 0)
(1 5.36448e-16 0)
(1 2.01153e-15 0)
(1 2.94111e-15 0)
(1 2.8853e-15 0)
(1 -2.47485e-16 0)
(1 1.2e-15 0)
(1 4.71953e-16 0)
(1 1.06943e-15 0)
(1 3.2935e-15 0)
(1 2.68788e-15 0)
(1 3.80706e-15 0)
(1 2.966e-15 0)
(1 2.589e-15 0)
(1 8.89731e-17 0)
(1 1.75481e-15 0)
(1 1.84792e-15 0)
(1 3.47738e-15 0)
(1 2.44501e-15 0)
(1 7.83388e-16 0)
(1 1.57834e-16 0)
(1 1.54035e-15 0)
(1 1.53801e-15 0)
(1 3.46445e-15 0)
(1 -7.85929e-16 0)
(1 -2.82633e-16 0)
(1 -1.83893e-15 0)
(1 3.48826e-15 0)
(1 -3.41027e-16 0)
(1 -1.10889e-15 0)
(1 -1.83015e-15 0)
(1 -1.31598e-15 0)
(1 -4.77723e-16 0)
(1 -3.45629e-15 0)
(1 -9.28365e-16 0)
(1 -3.72612e-15 0)
(1 7.89476e-16 0)
(1 -1.61155e-15 0)
(1 -3.51849e-16 0)
(1 -3.31008e-16 0)
(1 -5.81249e-16 0)
(1 -2.13275e-16 0)
(1 -5.29803e-16 0)
(1 -1.31915e-16 0)
(1 6.09149e-16 0)
(1 1.41046e-15 0)
(1 7.30092e-16 0)
(1 5.83021e-16 0)
(1 3.73844e-15 0)
(1 3.35718e-15 0)
(1 3.56753e-15 0)
(1 2.53976e-15 0)
(1 1.93338e-15 0)
(1 1.15272e-15 0)
(1 6.39509e-16 0)
(1 5.69376e-15 0)
(1 7.66455e-15 0)
(1 6.1819e-15 0)
(1 5.46073e-15 0)
(1 7.00195e-15 0)
(1 4.35567e-15 0)
(1 4.13097e-15 0)
(1 4.68518e-15 0)
(1 3.49402e-15 0)
(1 2.44296e-15 0)
(1 1.94713e-15 0)
(1 3.69717e-15 0)
(1 3.4986e-15 0)
(1 2.2799e-15 0)
(1 5.50942e-15 0)
(1 1.55117e-15 0)
(1 1.74708e-15 0)
(1 1.57404e-15 0)
(1 3.02209e-15 0)
(1 3.268e-15 0)
(1 2.29976e-15 0)
(1 -3.80554e-16 0)
(1 1.1338e-15 0)
(1 1.75372e-15 0)
(1 1.08863e-15 0)
(1 1.86665e-15 0)
(1 1.62895e-15 0)
(1 1.89835e-15 0)
(1 9.49112e-16 0)
(1 2.08152e-15 0)
(1 -7.88373e-16 0)
(1 3.02918e-16 0)
(1 1.15159e-15 0)
(1 1.48563e-15 0)
(1 1.83521e-15 0)
(1 1.85661e-15 0)
(1 2.02186e-15 0)
(1 3.19247e-15 0)
(1 2.56314e-15 0)
(1 1.78294e-15 0)
(1 3.94009e-17 0)
(1 5.64437e-16 0)
(1 1.2431e-15 0)
(1 1.22424e-15 0)
(1 6.70554e-16 0)
(1 7.35044e-16 0)
(1 9.08484e-16 0)
(1 9.62155e-16 0)
(1 2.76687e-15 0)
(1 2.43762e-15 0)
(1 -1.33156e-16 0)
(1 5.83028e-16 0)
(1 1.4697e-15 0)
(1 2.79467e-15 0)
(1 3.0553e-15 0)
(1 1.64501e-15 0)
(1 3.33696e-15 0)
(1 3.13738e-15 0)
(1 2.34916e-15 0)
(1 2.08998e-15 0)
(1 1.67381e-16 0)
(1 -8.59848e-16 0)
(1 7.2716e-16 0)
(1 2.05127e-15 0)
(1 7.1191e-16 0)
(1 1.08767e-15 0)
(1 1.29342e-15 0)
(1 -1.29825e-15 0)
(1 1.91966e-16 0)
(1 -3.04808e-15 0)
(1 -8.72294e-16 0)
(1 1.72119e-15 0)
(1 2.76388e-15 0)
(1 3.57537e-15 0)
(1 8.01845e-16 0)
(1 -4.02675e-16 0)
(1 -1.04196e-15 0)
(1 -1.01255e-15 0)
(1 -4.04264e-15 0)
(1 -1.12862e-15 0)
(1 -9.95077e-16 0)
(1 -1.07573e-15 0)
(1 -3.09111e-15 0)
(1 -1.96316e-15 0)
(1 -3.18095e-15 0)
(1 -1.01919e-15 0)
(1 -3.40358e-16 0)
(1 5.26347e-16 0)
(1 4.99719e-16 0)
(1 -3.51102e-17 0)
(1 4.00294e-16 0)
(1 -9.41086e-16 0)
(1 -4.33733e-16 0)
(1 2.0124e-15 0)
(1 2.29845e-15 0)
(1 -1.45855e-16 0)
(1 5.35738e-16 0)
(1 1.00875e-16 0)
(1 3.1717e-15 0)
(1 2.95096e-15 0)
(1 4.59748e-15 0)
(1 5.69168e-15 0)
(1 5.16267e-15 0)
(1 4.73145e-15 0)
(1 4.02889e-15 0)
(1 4.04325e-15 0)
(1 3.56703e-15 0)
(1 3.85014e-15 0)
(1 4.37408e-15 0)
(1 5.80196e-15 0)
(1 3.78949e-15 0)
(1 3.98144e-15 0)
(1 2.29881e-15 0)
(1 2.48349e-15 0)
(1 2.59578e-15 0)
(1 2.40822e-15 0)
(1 1.52601e-15 0)
(1 1.43929e-15 0)
(1 4.50219e-16 0)
(1 1.94787e-15 0)
(1 7.37239e-16 0)
(1 1.33623e-15 0)
(1 2.37693e-15 0)
(1 2.21204e-15 0)
(1 2.36657e-15 0)
(1 2.34608e-15 0)
(1 3.30522e-15 0)
(1 1.77944e-15 0)
(1 8.57767e-16 0)
(1 7.87863e-16 0)
(1 -1.05344e-15 0)
(1 -3.99736e-16 0)
(1 4.20082e-16 0)
(1 5.61962e-16 0)
(1 -4.83133e-16 0)
(1 8.86116e-16 0)
(1 2.55572e-15 0)
(1 2.07962e-15 0)
(1 1.70875e-15 0)
(1 1.77037e-15 0)
(1 7.66543e-16 0)
(1 1.17803e-15 0)
(1 1.0268e-15 0)
(1 8.27775e-16 0)
(1 7.52232e-16 0)
(1 7.13027e-16 0)
(1 3.18089e-15 0)
(1 2.97342e-15 0)
(1 1.57333e-15 0)
(1 1.15311e-15 0)
(1 6.28706e-16 0)
(1 1.36403e-15 0)
(1 5.55737e-16 0)
(1 2.27564e-15 0)
(1 2.99098e-16 0)
(1 2.05578e-15 0)
(1 2.90415e-15 0)
(1 2.38423e-15 0)
(1 2.03502e-15 0)
(1 2.36728e-15 0)
(1 1.42898e-15 0)
(1 1.3189e-15 0)
(1 -6.1911e-16 0)
(1 -7.86797e-16 0)
(1 -3.83802e-16 0)
(1 7.25998e-16 0)
(1 1.48849e-15 0)
(1 -1.70663e-15 0)
(1 -2.11488e-15 0)
(1 9.02475e-16 0)
(1 2.22757e-15 0)
(1 3.13446e-15 0)
(1 -9.3919e-16 0)
(1 -9.20858e-16 0)
(1 -1.12429e-15 0)
(1 -1.77631e-15 0)
(1 -2.79875e-15 0)
(1 -3.02043e-15 0)
(1 -3.81541e-15 0)
(1 -2.99849e-15 0)
(1 6.5676e-16 0)
(1 -1.36613e-15 0)
(1 -1.12214e-15 0)
(1 -3.32022e-15 0)
(1 -1.88727e-15 0)
(1 -1.96342e-15 0)
(1 -1.80568e-15 0)
(1 1.66504e-16 0)
(1 1.61336e-15 0)
(1 7.48774e-16 0)
(1 -5.61259e-16 0)
(1 4.47629e-16 0)
(1 -1.92349e-15 0)
(1 -1.51252e-15 0)
(1 -3.33897e-16 0)
(1 3.28289e-16 0)
(1 1.87921e-15 0)
(1 5.37234e-16 0)
(1 -2.24983e-16 0)
(1 3.50017e-15 0)
(1 4.0316e-15 0)
(1 3.09165e-15 0)
(1 2.40768e-15 0)
(1 3.12862e-15 0)
(1 2.95769e-15 0)
(1 4.00471e-15 0)
(1 3.44461e-15 0)
(1 3.23287e-15 0)
(1 4.83857e-15 0)
(1 5.71539e-15 0)
(1 5.5025e-15 0)
(1 1.90172e-15 0)
(1 1.60594e-15 0)
(1 6.89798e-16 0)
(1 1.01221e-15 0)
(1 4.11407e-15 0)
(1 3.30656e-15 0)
(1 3.18646e-15 0)
(1 9.78738e-17 0)
(1 1.21063e-15 0)
(1 -3.64454e-16 0)
(1 2.12695e-15 0)
(1 1.82809e-16 0)
(1 1.07919e-15 0)
(1 2.68839e-15 0)
(1 1.58696e-15 0)
(1 3.104e-15 0)
(1 1.43391e-15 0)
(1 9.25195e-16 0)
(1 3.58298e-17 0)
(1 5.94012e-16 0)
(1 -9.68644e-16 0)
(1 -1.06297e-15 0)
(1 -1.79006e-15 0)
(1 -2.83058e-16 0)
(1 3.86119e-16 0)
(1 1.93366e-15 0)
(1 7.68651e-16 0)
(1 9.83488e-16 0)
(1 5.64646e-16 0)
(1 1.34724e-15 0)
(1 2.09397e-15 0)
(1 7.32041e-16 0)
(1 3.45381e-16 0)
(1 1.56121e-15 0)
(1 1.2455e-15 0)
(1 2.12351e-15 0)
(1 1.93749e-15 0)
(1 8.04684e-16 0)
(1 1.2432e-15 0)
(1 6.99624e-17 0)
(1 1.53964e-15 0)
(1 5.05882e-16 0)
(1 2.76693e-15 0)
(1 9.76605e-16 0)
(1 2.66552e-15 0)
(1 4.97649e-15 0)
(1 1.88529e-15 0)
(1 2.26312e-15 0)
(1 1.99556e-15 0)
(1 1.27108e-15 0)
(1 1.45079e-15 0)
(1 -8.58502e-16 0)
(1 -1.96873e-15 0)
(1 -5.81822e-16 0)
(1 -1.25012e-15 0)
(1 -5.44206e-16 0)
(1 -1.64175e-16 0)
(1 1.72454e-15 0)
(1 3.26613e-15 0)
(1 5.78107e-17 0)
(1 9.59096e-16 0)
(1 -1.08162e-15 0)
(1 -1.66436e-16 0)
(1 1.16173e-17 0)
(1 -2.05843e-15 0)
(1 -4.05663e-15 0)
(1 -4.39058e-15 0)
(1 -3.37647e-15 0)
(1 -4.01886e-15 0)
(1 -3.46775e-15 0)
(1 -1.75943e-15 0)
(1 -2.54011e-15 0)
(1 -3.64623e-15 0)
(1 -4.57334e-16 0)
(1 -2.52802e-15 0)
(1 -1.27008e-15 0)
(1 -1.80872e-15 0)
(1 -1.46434e-15 0)
(1 3.26106e-16 0)
(1 -1.1117e-15 0)
(1 1.28617e-15 0)
(1 -8.35221e-16 0)
(1 4.30336e-16 0)
(1 -8.27602e-17 0)
(1 -8.39368e-17 0)
(1 -5.21371e-16 0)
(1 4.42876e-17 0)
(1 9.52308e-16 0)
(1 3.20541e-15 0)
(1 1.00405e-15 0)
(1 -2.51235e-16 0)
(1 1.50404e-15 0)
(1 2.10403e-15 0)
(1 3.26306e-15 0)
(1 3.17021e-15 0)
(1 3.89327e-15 0)
(1 3.26208e-15 0)
(1 4.93049e-15 0)
(1 5.21372e-15 0)
(1 4.66928e-15 0)
(1 3.33138e-15 0)
(1 2.55748e-16 0)
(1 1.9603e-15 0)
(1 1.14475e-15 0)
(1 9.7882e-16 0)
(1 1.68475e-15 0)
(1 1.36946e-15 0)
(1 8.77559e-16 0)
(1 -4.95048e-16 0)
(1 -1.18376e-15 0)
(1 1.33564e-15 0)
(1 -1.22854e-15 0)
(1 2.80417e-16 0)
(1 2.10996e-15 0)
(1 1.48536e-15 0)
(1 8.13655e-17 0)
(1 -1.47764e-16 0)
(1 3.48386e-16 0)
(1 1.09775e-15 0)
(1 -2.22053e-15 0)
(1 -3.45255e-16 0)
(1 -1.461e-15 0)
(1 -2.09786e-16 0)
(1 1.15183e-16 0)
(1 -4.84491e-16 0)
(1 -3.07134e-16 0)
(1 1.10462e-15 0)
(1 1.15056e-15 0)
(1 7.71413e-16 0)
(1 7.94446e-17 0)
(1 1.57038e-15 0)
(1 1.18856e-15 0)
(1 -1.11886e-15 0)
(1 8.0497e-16 0)
(1 2.63459e-15 0)
(1 1.2482e-15 0)
(1 -7.59116e-16 0)
(1 3.83293e-16 0)
(1 2.29373e-15 0)
(1 4.30385e-16 0)
(1 -1.09354e-15 0)
(1 1.88242e-15 0)
(1 2.33848e-15 0)
(1 2.33513e-15 0)
(1 2.33283e-15 0)
(1 1.69219e-15 0)
(1 1.85816e-15 0)
(1 8.23635e-16 0)
(1 1.5722e-15 0)
(1 6.28759e-16 0)
(1 1.90716e-16 0)
(1 -5.32661e-16 0)
(1 -4.6107e-16 0)
(1 2.39506e-16 0)
(1 -1.28467e-15 0)
(1 -1.74158e-15 0)
(1 -1.06453e-15 0)
(1 -2.44667e-16 0)
(1 -5.60035e-16 0)
(1 3.93025e-16 0)
(1 -7.81855e-16 0)
(1 -4.96047e-16 0)
(1 -2.96308e-16 -5.2474e-48)
(1 -9.88739e-17 0)
(1 -1.59568e-15 0)
(1 -3.47231e-15 0)
(1 -5.49316e-15 0)
(1 -4.3776e-15 0)
(1 -3.11314e-15 0)
(1 -2.89281e-15 0)
(1 -2.97018e-15 0)
(1 -1.17882e-15 0)
(1 -2.26544e-15 0)
(1 -2.72582e-15 0)
(1 -4.49591e-15 0)
(1 -1.99134e-15 0)
(1 -1.68188e-15 0)
(1 -2.07068e-15 0)
(1 2.73591e-16 0)
(1 9.64488e-16 0)
(1 -1.43416e-16 0)
(1 3.22587e-16 0)
(1 -1.42851e-15 0)
(1 -1.4252e-15 2.20609e-48)
(1 -3.35553e-15 0)
(1 -2.46483e-15 2.45799e-48)
(1 -5.68825e-16 0)
(1 2.87001e-15 0)
(1 2.55242e-15 0)
(1 -3.65837e-16 0)
(1 1.90523e-15 0)
(1 3.3067e-15 0)
(1 3.75904e-15 0)
(1 2.55751e-15 0)
(1 1.76818e-15 0)
(1 4.54837e-15 0)
(1 3.26655e-15 0)
(1 2.30865e-15 0)
(1 2.2729e-15 0)
(1 1.1489e-15 0)
(1 2.80839e-15 0)
(1 6.29189e-16 0)
(1 1.98463e-15 0)
(1 1.3185e-15 0)
(1 1.50443e-15 0)
(1 2.21125e-15 0)
(1 1.84846e-16 0)
(1 5.16077e-16 0)
(1 -1.34324e-15 -8.26495e-49)
(1 -1.55411e-15 7.14093e-49)
(1 -1.998e-15 7.73023e-49)
(1 1.40603e-15 -7.47362e-49)
(1 8.6408e-16 -4.97814e-49)
(1 1.3434e-15 4.38554e-49)
(1 1.02053e-15 5.94262e-49)
(1 1.93239e-16 -6.66817e-49)
(1 -1.06743e-15 -8.04222e-49)
(1 -1.29022e-15 7.60139e-49)
(1 -1.10389e-15 7.92956e-49)
(1 -3.01198e-15 0)
(1 -4.60103e-16 0)
(1 -7.77365e-16 1.09927e-48)
(1 5.25126e-16 0)
(1 3.9409e-17 8.75116e-49)
(1 3.30418e-18 -2.71659e-49)
(1 9.08386e-16 4.37336e-49)
(1 5.78494e-16 0)
(1 1.86874e-15 1.03792e-48)
(1 1.43055e-15 -5.52944e-49)
(1 -1.17524e-15 7.3235e-49)
(1 -3.0722e-16 0)
(1 -5.62528e-16 3.8665e-49)
(1 -1.96401e-15 0)
(1 -4.1408e-16 0)
(1 3.88439e-16 -1.14648e-49)
(1 1.19708e-15 -4.61e-50)
(1 5.16719e-16 0)
(1 1.07977e-15 -3.26291e-49)
(1 1.69882e-15 -1.39594e-49)
(1 4.6962e-16 0)
(1 -1.31535e-17 0)
(1 2.68615e-15 0)
(1 5.63096e-16 0)
(1 2.37844e-15 0)
(1 7.00305e-16 0)
(1 -1.52786e-16 0)
(1 4.19957e-15 0)
(1 6.68479e-16 0)
(1 1.60821e-15 0)
(1 -2.23185e-16 0)
(1 2.09496e-15 0)
(1 4.52644e-16 0)
(1 -1.02892e-15 0)
(1 -5.67074e-17 0)
(1 -5.23234e-16 0)
(1 -3.2749e-16 0)
(1 3.32792e-16 0)
(1 -2.09092e-15 0)
(1 -3.20592e-15 0)
(1 4.73429e-16 0)
(1 -7.43293e-16 0)
(1 4.32804e-16 0)
(1 -1.02951e-15 5.11617e-48)
(1 -2.824e-15 0)
(1 -3.01643e-15 0)
(1 -2.24768e-15 0)
(1 -2.20839e-15 0)
(1 -4.7363e-15 0)
(1 -3.57855e-15 0)
(1 -2.32085e-15 0)
(1 -4.74434e-15 0)
(1 -3.05736e-15 0)
(1 -5.60333e-15 0)
(1 -5.80636e-15 0)
(1 -3.51458e-15 0)
(1 -2.94396e-15 0)
(1 -4.47787e-16 0)
(1 -3.30065e-15 0)
(1 -1.50016e-15 0)
(1 8.35823e-16 0)
(1 -3.26207e-16 0)
(1 1.61952e-16 0)
(1 -1.91878e-15 0)
(1 -1.14915e-15 -2.13817e-48)
(1 -3.70997e-16 0)
(1 -8.41324e-16 -2.39334e-48)
(1 -1.29134e-15 0)
(1 -1.82307e-15 0)
(1 4.34704e-16 0)
(1 2.12084e-16 0)
(1 1.36367e-15 0)
(1 2.61503e-17 0)
(1 1.25319e-15 0)
(1 1.83436e-15 0)
(1 3.41069e-15 0)
(1 4.26108e-15 0)
(1 5.3985e-15 0)
(1 2.96234e-15 0)
(1 2.86011e-15 0)
(1 1.10933e-15 0)
(1 2.50684e-16 0)
(1 3.2813e-15 0)
(1 5.21442e-17 0)
(1 1.00075e-15 0)
(1 7.68344e-16 0)
(1 -3.75383e-16 0)
(1 -2.05908e-16 0)
(1 -2.12272e-15 0)
(1 -2.02159e-15 8.15145e-49)
(1 -1.59222e-15 -7.00422e-49)
(1 -1.65567e-15 -7.56686e-49)
(1 2.03002e-15 7.28551e-49)
(1 3.10312e-16 4.77165e-49)
(1 -1.46744e-15 -4.17034e-49)
(1 -2.12962e-15 -5.72908e-49)
(1 1.21707e-15 6.46469e-49)
(1 -7.28534e-16 7.85163e-49)
(1 -3.01929e-15 -7.41819e-49)
(1 -3.66585e-15 -7.7389e-49)
(1 -1.5782e-15 0)
(1 -1.48489e-15 0)
(1 -2.26059e-15 -1.02942e-48)
(1 -1.84992e-15 0)
(1 6.88306e-16 -7.69301e-49)
(1 -4.25774e-16 2.107e-49)
(1 1.63396e-16 -3.04716e-49)
(1 -1.59337e-15 0)
(1 2.38075e-17 -9.09218e-49)
(1 7.75351e-16 4.95696e-49)
(1 -1.01658e-16 -6.3654e-49)
(1 3.81287e-16 0)
(1 -9.31231e-16 -3.29663e-49)
(1 5.39461e-16 0)
(1 8.72856e-17 0)
(1 -1.27163e-15 1.31356e-49)
(1 9.43007e-16 6.66507e-50)
(1 3.86357e-16 0)
(1 1.5906e-15 3.45391e-49)
(1 1.1576e-15 1.46997e-49)
(1 4.0585e-16 0)
(1 2.1213e-15 0)
(1 1.23717e-15 0)
(1 7.42712e-16 0)
(1 1.58854e-15 0)
(1 1.78028e-15 0)
(1 3.34394e-16 0)
(1 1.26814e-15 0)
(1 8.32658e-17 0)
(1 -8.14065e-16 0)
(1 7.23183e-16 0)
(1 8.91168e-16 0)
(1 4.8349e-16 0)
(1 -6.78088e-16 0)
(1 -1.48072e-15 0)
(1 8.17523e-16 0)
(1 -1.49856e-15 0)
(1 -5.48475e-16 0)
(1 -3.15258e-15 0)
(1 -1.65652e-15 0)
(1 -2.88909e-15 0)
(1 -5.0747e-16 0)
(1 -1.03967e-15 0)
(1 -1.71055e-15 0)
(1 -1.99445e-15 0)
(1 -4.0338e-15 0)
(1 -4.58899e-15 0)
(1 -5.44502e-16 0)
(1 -2.20332e-15 0)
(1 -2.65029e-15 0)
(1 -4.99493e-15 0)
(1 -3.49383e-15 0)
(1 -5.0367e-15 0)
(1 -4.35516e-15 0)
(1 -3.83149e-15 0)
(1 -2.41431e-15 0)
(1 -5.25497e-15 0)
(1 -3.83416e-15 0)
(1 -3.71771e-15 0)
(1 -9.41955e-16 0)
(1 -1.46902e-15 0)
(1 -5.11759e-16 0)
(1 2.52885e-16 0)
(1 -3.21011e-16 0)
(1 -3.09451e-15 0)
(1 -1.22413e-15 0)
(1 -3.20428e-15 0)
(1 -3.61562e-15 0)
(1 -1.25468e-15 0)
(1 -1.37222e-15 0)
(1 1.48143e-15 0)
(1 -6.59432e-16 0)
(1 -8.26271e-16 0)
(1 3.87228e-16 0)
(1 6.85245e-16 0)
(1 2.21614e-15 0)
(1 2.08056e-15 0)
(1 5.68546e-15 0)
(1 2.61943e-15 0)
(1 2.18868e-15 0)
(1 3.09063e-15 0)
(1 2.83657e-16 0)
(1 3.68617e-15 0)
(1 1.67942e-15 0)
(1 1.40185e-15 0)
(1 1.50476e-16 0)
(1 -2.12336e-15 0)
(1 -1.23818e-16 0)
(1 -1.84269e-15 0)
(1 -3.14022e-15 0)
(1 -1.52012e-15 0)
(1 2.48428e-16 0)
(1 -5.64972e-16 0)
(1 -1.75143e-15 0)
(1 -3.13104e-15 0)
(1 -3.64929e-15 0)
(1 -2.61826e-15 0)
(1 -1.29155e-15 0)
(1 5.29732e-17 0)
(1 -3.23516e-15 0)
(1 -2.67154e-15 0)
(1 -2.32275e-15 0)
(1 -2.13985e-15 0)
(1 -2.79494e-15 0)
(1 -5.72504e-16 0)
(1 -7.25686e-16 0)
(1 -1.32881e-15 0)
(1 2.60959e-16 0)
(1 4.36287e-16 0)
(1 8.07343e-16 0)
(1 3.60635e-16 0)
(1 -7.21069e-16 0)
(1 -1.29461e-15 0)
(1 -6.76368e-16 0)
(1 -1.71077e-15 0)
(1 -3.08692e-16 0)
(1 5.38749e-16 0)
(1 7.09591e-16 0)
(1 7.9026e-16 0)
(1 5.64885e-16 0)
(1 6.15971e-17 0)
(1 9.22693e-16 0)
(1 1.38265e-15 0)
(1 3.78093e-16 0)
(1 1.77495e-15 0)
(1 3.82153e-15 0)
(1 1.58819e-15 0)
(1 -1.63436e-15 0)
(1 -5.57612e-16 0)
(1 -5.66992e-16 0)
(1 -2.21057e-15 0)
(1 8.47203e-16 0)
(1 8.91787e-16 0)
(1 1.27606e-15 0)
(1 -2.47203e-15 0)
(1 -2.43479e-15 0)
(1 -6.83636e-16 0)
(1 8.57088e-17 0)
(1 -1.33176e-16 0)
(1 1.85892e-16 0)
(1 -2.9642e-15 0)
(1 -7.57725e-16 0)
(1 -2.44197e-15 0)
(1 -3.02351e-15 0)
(1 -3.28474e-15 0)
(1 -2.39677e-15 0)
(1 -4.88436e-15 0)
(1 -5.24952e-15 0)
(1 -3.37415e-15 0)
(1 -2.95494e-15 0)
(1 -4.60769e-15 0)
(1 -1.68311e-15 0)
(1 -3.45579e-15 0)
(1 -8.50159e-16 0)
(1 -4.06772e-15 0)
(1 -5.48293e-15 0)
(1 -5.87983e-15 0)
(1 -5.01707e-15 0)
(1 -1.83778e-15 0)
(1 -2.44868e-15 0)
(1 -2.54203e-15 0)
(1 -2.27749e-15 0)
(1 -2.50948e-15 0)
(1 -1.60086e-15 0)
(1 -3.41029e-15 0)
(1 -4.37915e-15 0)
(1 -1.56294e-15 0)
(1 -1.98945e-15 0)
(1 -1.19487e-15 0)
(1 -2.66193e-15 0)
(1 -9.27158e-16 0)
(1 -3.80503e-16 0)
(1 8.91295e-16 0)
(1 2.75753e-16 0)
(1 1.48484e-15 0)
(1 2.30839e-15 0)
(1 1.62796e-15 0)
(1 2.14144e-15 0)
(1 3.05863e-15 0)
(1 -2.45592e-16 0)
(1 9.05018e-16 0)
(1 2.62411e-15 0)
(1 -1.81216e-16 0)
(1 1.78935e-15 0)
(1 -1.50717e-15 0)
(1 1.20459e-15 0)
(1 1.90304e-16 0)
(1 -1.39533e-15 0)
(1 -4.8915e-16 0)
(1 -2.38416e-15 0)
(1 -2.7221e-15 0)
(1 -2.2654e-15 0)
(1 -2.83397e-15 0)
(1 -3.37897e-15 0)
(1 -3.33569e-15 0)
(1 -2.63869e-15 0)
(1 -5.02543e-15 0)
(1 -1.61119e-15 0)
(1 -1.0989e-15 0)
(1 -1.97245e-15 0)
(1 -3.19742e-15 0)
(1 -4.89475e-15 0)
(1 -1.9627e-15 0)
(1 -1.9273e-15 0)
(1 -1.54895e-15 0)
(1 -2.12761e-15 0)
(1 -5.3321e-16 0)
(1 -1.66736e-15 0)
(1 1.19045e-15 0)
(1 1.70746e-15 0)
(1 -1.26016e-16 0)
(1 -1.53653e-15 0)
(1 -1.06679e-15 0)
(1 -3.32486e-15 0)
(1 -2.64781e-15 0)
(1 -4.96319e-16 0)
(1 -9.5954e-17 0)
(1 2.35178e-16 0)
(1 -3.64e-16 0)
(1 -9.1671e-16 0)
(1 6.17414e-17 0)
(1 6.80963e-16 0)
(1 2.5603e-15 0)
(1 -1.4587e-15 0)
(1 4.92369e-16 0)
(1 1.04125e-15 0)
(1 1.08744e-15 0)
(1 3.17719e-16 0)
(1 1.45021e-15 0)
(1 9.23541e-16 0)
(1 -4.89356e-16 0)
(1 -3.40826e-15 0)
(1 1.02457e-15 0)
(1 -4.9741e-16 0)
(1 -2.44202e-15 0)
(1 -2.98511e-15 0)
(1 -2.59438e-15 0)
(1 1.00017e-15 0)
(1 3.15739e-15 0)
(1 -3.06088e-18 0)
(1 -2.17116e-15 0)
(1 -4.47845e-15 0)
(1 -4.07586e-15 0)
(1 -6.04399e-15 0)
(1 -4.99586e-15 0)
(1 -2.26295e-15 0)
(1 -1.80569e-15 0)
(1 -5.96677e-15 0)
(1 -4.55748e-15 0)
(1 -3.8367e-15 0)
(1 -2.93822e-15 0)
(1 -2.65156e-15 0)
(1 -3.81481e-15 0)
(1 -3.5479e-15 0)
(1 -4.40709e-15 0)
(1 -5.50576e-15 0)
(1 -4.29971e-15 0)
(1 -4.07245e-15 0)
(1 -3.72028e-15 0)
(1 -4.54035e-15 0)
(1 -3.9e-15 0)
(1 -3.43654e-15 0)
(1 -3.71043e-15 0)
(1 -1.87253e-15 0)
(1 -7.55834e-16 0)
(1 -3.74218e-15 0)
(1 -2.43592e-15 0)
(1 -6.29662e-16 0)
(1 -6.17987e-16 0)
(1 -3.90356e-16 0)
(1 -1.22844e-15 0)
(1 -1.96587e-15 0)
(1 -9.41037e-16 0)
(1 -3.46567e-16 0)
(1 -6.10026e-17 0)
(1 2.35287e-15 0)
(1 -5.32805e-16 0)
(1 -2.20114e-16 0)
(1 3.07849e-15 0)
(1 3.35343e-16 0)
(1 -1.83625e-16 0)
(1 1.25288e-15 0)
(1 -2.51075e-16 0)
(1 -1.81221e-15 0)
(1 -1.66902e-15 0)
(1 -1.11467e-15 0)
(1 -1.08959e-15 0)
(1 -1.77443e-15 0)
(1 -1.70571e-15 0)
(1 -1.18818e-15 0)
(1 -5.20286e-16 0)
(1 -3.18093e-15 0)
(1 -2.96742e-15 0)
(1 -1.80645e-15 0)
(1 -2.90045e-15 0)
(1 -2.38419e-15 0)
(1 -3.77349e-15 0)
(1 -2.80227e-15 0)
(1 -2.39605e-15 0)
(1 -3.58285e-15 0)
(1 -2.26847e-15 0)
(1 -5.733e-15 0)
(1 -2.87069e-15 0)
(1 4.73786e-17 0)
(1 -1.68288e-15 0)
(1 -2.35062e-15 0)
(1 -1.9224e-15 0)
(1 -1.97555e-15 0)
(1 -1.17461e-15 0)
(1 -4.71764e-16 0)
(1 -6.20628e-16 0)
(1 -6.00162e-16 0)
(1 -9.24225e-16 0)
(1 -7.14954e-16 0)
(1 -1.17805e-15 0)
(1 -9.19706e-16 0)
(1 -7.66535e-16 0)
(1 -1.93683e-17 0)
(1 1.39278e-15 0)
(1 -7.59803e-17 0)
(1 2.47673e-15 0)
(1 -1.19848e-17 0)
(1 1.52268e-15 0)
(1 7.31387e-16 0)
(1 -3.49086e-16 0)
(1 -1.64325e-15 0)
(1 2.68118e-16 0)
(1 6.09945e-16 0)
(1 -1.14289e-15 0)
(1 -1.08881e-15 0)
(1 2.05556e-15 0)
(1 -3.12228e-15 0)
(1 3.51171e-17 0)
(1 1.18812e-15 0)
(1 8.87365e-16 0)
(1 -7.10214e-16 0)
(1 -4.78922e-15 0)
(1 -4.61082e-15 0)
(1 -8.25004e-16 0)
(1 -1.64499e-15 0)
(1 -3.5129e-16 0)
(1 -5.10909e-15 0)
(1 -3.61987e-15 0)
(1 -6.62791e-15 0)
(1 -4.79028e-15 0)
(1 -5.4018e-15 0)
(1 -2.34065e-15 0)
(1 -2.48319e-15 0)
(1 -2.19107e-15 0)
(1 -1.75512e-15 0)
(1 -4.02683e-15 0)
(1 -4.56329e-15 0)
(1 -4.49933e-15 0)
(1 -4.23941e-15 0)
(1 -2.91275e-15 0)
(1 -3.15257e-15 0)
(1 -5.01044e-15 0)
(1 -5.775e-15 0)
(1 -4.96246e-15 0)
(1 -3.34921e-15 0)
(1 -3.70129e-15 0)
(1 -3.57747e-15 0)
(1 -2.94699e-15 0)
(1 -2.35214e-15 0)
(1 -4.49922e-15 0)
(1 -3.13245e-15 0)
(1 -3.65572e-15 0)
(1 -2.56545e-15 0)
(1 -2.00496e-15 0)
(1 -1.88742e-15 0)
(1 -2.8425e-15 0)
(1 -1.66706e-15 0)
(1 -2.2626e-15 0)
(1 1.23522e-15 0)
(1 -2.53723e-15 0)
(1 -1.11271e-15 0)
(1 -4.8158e-16 0)
(1 -6.29828e-16 0)
(1 -3.07064e-16 0)
(1 9.66181e-16 0)
(1 5.85863e-16 0)
(1 2.02698e-16 0)
(1 8.33614e-16 0)
(1 -1.82001e-15 0)
(1 6.9461e-16 0)
(1 -3.48573e-15 0)
(1 -2.47466e-15 0)
(1 -1.38498e-15 0)
(1 -2.40226e-15 0)
(1 -5.2381e-16 0)
(1 -2.86706e-16 0)
(1 -2.02226e-15 0)
(1 -2.78999e-15 0)
(1 -1.02821e-15 0)
(1 -2.91643e-15 0)
(1 -2.29115e-15 0)
(1 -2.36083e-15 0)
(1 -2.42628e-15 0)
(1 -1.20279e-15 0)
(1 -3.11781e-15 0)
(1 -4.23026e-15 0)
(1 -5.70475e-15 0)
(1 -3.92061e-15 0)
(1 -1.99212e-15 0)
(1 -1.78016e-15 0)
(1 -2.17149e-15 0)
(1 -2.94661e-15 0)
(1 -1.46241e-15 0)
(1 -2.89684e-15 0)
(1 -3.33752e-15 0)
(1 5.40086e-16 0)
(1 -1.07143e-15 0)
(1 -2.74104e-15 0)
(1 -1.47645e-15 0)
(1 -7.39029e-16 0)
(1 -1.20536e-15 0)
(1 -3.8891e-16 0)
(1 1.21614e-15 0)
(1 -3.24596e-16 0)
(1 -8.14238e-16 0)
(1 1.47808e-15 0)
(1 1.50204e-15 0)
(1 -1.15194e-15 0)
(1 1.33047e-15 0)
(1 2.93279e-17 0)
(1 -6.18345e-16 0)
(1 3.70667e-19 0)
(1 7.67952e-16 0)
(1 -2.40172e-15 0)
(1 -1.60922e-15 0)
(1 -3.10689e-15 0)
(1 5.93841e-16 0)
(1 -2.65415e-15 0)
(1 4.93043e-16 0)
(1 3.73333e-15 0)
(1 -5.90434e-16 0)
(1 -1.62078e-15 0)
(1 -2.3599e-15 0)
(1 -2.78802e-15 0)
(1 1.26793e-17 0)
(1 -1.47777e-15 0)
(1 -4.26295e-15 0)
(1 -5.84226e-15 0)
(1 -4.54557e-15 0)
(1 -4.04144e-15 0)
(1 -5.74195e-15 0)
(1 -4.2429e-15 0)
(1 -2.41664e-15 0)
(1 -2.99494e-15 0)
(1 -4.24012e-15 0)
(1 -4.59897e-15 0)
(1 -6.34241e-15 0)
(1 -5.65813e-15 0)
(1 -6.02436e-15 0)
(1 -4.74505e-15 0)
(1 -3.29429e-15 0)
(1 -2.84965e-15 0)
(1 -4.40321e-15 0)
(1 -4.89175e-15 0)
(1 -4.70966e-15 0)
(1 -3.53009e-15 0)
(1 -3.76633e-15 0)
(1 -2.9022e-15 0)
(1 -2.97652e-15 0)
(1 -5.1597e-15 0)
(1 -4.59365e-15 0)
(1 -4.02911e-15 0)
(1 -4.35231e-15 0)
(1 -4.33717e-15 0)
(1 -3.09786e-15 0)
(1 -3.07279e-15 0)
(1 -3.65362e-16 0)
(1 -1.44025e-15 0)
(1 7.85661e-17 0)
(1 4.87859e-16 0)
(1 -4.35162e-16 0)
(1 1.01601e-15 0)
(1 -9.70511e-16 0)
(1 -1.85991e-15 0)
(1 5.96693e-16 0)
(1 -2.72526e-16 0)
(1 1.36533e-16 0)
(1 -7.78065e-16 0)
(1 -3.57484e-16 0)
(1 -6.91696e-16 0)
(1 -2.4677e-15 0)
(1 -2.50013e-15 0)
(1 -3.38591e-15 0)
(1 -4.33478e-15 0)
(1 -2.7601e-15 0)
(1 -2.1113e-15 0)
(1 -1.68491e-15 0)
(1 -2.77995e-15 0)
(1 -4.44068e-15 0)
(1 -4.02253e-15 0)
(1 -4.0959e-15 0)
(1 -3.60761e-15 0)
(1 -2.86125e-15 0)
(1 -4.32833e-15 0)
(1 -8.53762e-16 0)
(1 -2.17412e-15 0)
(1 -1.84034e-15 0)
(1 -1.3821e-15 0)
(1 -2.73536e-15 0)
(1 -2.63939e-15 0)
(1 -2.4817e-15 0)
(1 -3.24605e-15 0)
(1 -2.83877e-15 0)
(1 -3.64623e-15 0)
(1 -3.18939e-15 0)
(1 -3.89484e-16 0)
(1 -9.94499e-16 0)
(1 -5.01582e-16 0)
(1 -8.08881e-16 0)
(1 -9.70947e-16 0)
(1 -1.33118e-16 0)
(1 -3.12959e-16 0)
(1 -2.87948e-16 0)
(1 -1.66523e-15 0)
(1 -8.9338e-16 0)
(1 -3.51163e-16 0)
(1 1.33059e-15 0)
(1 -2.89732e-16 0)
(1 1.48526e-15 0)
(1 -7.44466e-16 0)
(1 5.87547e-16 0)
(1 -1.44476e-15 0)
(1 -8.56215e-16 0)
(1 1.38193e-15 0)
(1 -1.16366e-15 0)
(1 -1.87684e-15 0)
(1 -2.70701e-15 0)
(1 -1.77574e-15 0)
(1 -2.66446e-15 0)
(1 1.2254e-15 0)
(1 5.28107e-17 0)
(1 -7.52308e-16 0)
(1 -2.54209e-15 0)
(1 -4.24563e-15 0)
(1 -3.19349e-15 0)
(1 -3.07895e-15 0)
(1 -3.91146e-15 0)
(1 -4.06865e-15 0)
(1 -3.50242e-15 0)
(1 -2.09878e-15 0)
(1 -3.75794e-15 0)
(1 -4.68153e-15 0)
(1 -4.92561e-15 0)
(1 -4.77573e-15 0)
(1 -6.02913e-15 0)
(1 -3.10673e-15 0)
(1 -6.25594e-15 0)
(1 -3.5073e-15 0)
(1 -5.1772e-15 0)
(1 -6.5527e-15 0)
(1 -3.5172e-15 0)
(1 -2.38331e-15 0)
(1 -2.67393e-15 0)
(1 -3.64112e-15 0)
(1 -4.52086e-15 0)
(1 -4.17763e-15 0)
(1 -4.78962e-15 0)
(1 -4.80601e-15 0)
(1 -4.34521e-15 0)
(1 -3.58623e-15 0)
(1 -3.64289e-15 0)
(1 -4.26138e-15 0)
(1 -3.91588e-15 0)
(1 -3.42472e-15 0)
(1 -3.32487e-15 0)
(1 -3.02077e-15 0)
(1 -2.1671e-15 0)
(1 -1.34419e-15 0)
(1 -1.88813e-15 0)
(1 -1.21614e-16 0)
(1 -1.4753e-15 0)
(1 -2.64014e-15 0)
(1 2.71879e-16 0)
(1 -2.11817e-15 0)
(1 1.495e-16 0)
(1 8.74437e-16 0)
(1 -1.71336e-15 0)
(1 -6.07575e-16 0)
(1 7.4063e-16 0)
(1 9.89081e-16 0)
(1 9.93354e-16 0)
(1 -2.2153e-15 0)
(1 -4.00233e-15 0)
(1 -3.62817e-15 0)
(1 -3.5487e-15 0)
(1 -1.84807e-15 0)
(1 -2.34978e-15 0)
(1 -3.41637e-15 0)
(1 -4.5202e-15 0)
(1 -2.94356e-15 0)
(1 -3.46361e-15 0)
(1 -3.58521e-15 0)
(1 -4.8928e-15 0)
(1 -3.66391e-15 0)
(1 -1.87878e-15 0)
(1 -1.31479e-15 0)
(1 -1.82072e-15 0)
(1 -2.25389e-15 0)
(1 -3.62358e-15 0)
(1 -4.51037e-15 0)
(1 -4.83021e-15 0)
(1 -2.94503e-15 0)
(1 -3.02537e-15 0)
(1 -4.11015e-15 0)
(1 -3.68782e-15 0)
(1 -3.01751e-15 0)
(1 -1.74125e-15 0)
(1 8.1553e-16 0)
(1 1.28868e-15 0)
(1 -1.05863e-15 0)
(1 -5.12857e-16 0)
(1 -1.29882e-15 0)
(1 -8.94523e-16 0)
(1 7.75341e-16 0)
(1 1.68381e-16 0)
(1 -6.72623e-16 0)
(1 5.34433e-16 0)
(1 -2.20608e-16 0)
(1 -5.44968e-16 0)
(1 -2.17463e-15 0)
(1 -1.48797e-15 0)
(1 6.97637e-16 0)
(1 -4.88886e-17 0)
(1 1.5162e-15 0)
(1 -1.54427e-15 0)
(1 -6.98961e-16 0)
(1 -1.9549e-15 0)
(1 -1.46468e-15 0)
(1 -2.30038e-15 0)
(1 -2.23141e-15 0)
(1 8.44382e-16 0)
(1 1.28018e-15 0)
(1 -4.3256e-15 0)
(1 -2.31357e-15 0)
(1 -4.87173e-15 0)
(1 -3.50879e-15 0)
(1 -1.10146e-15 0)
(1 -1.78478e-15 0)
(1 -2.81236e-15 0)
(1 -7.11744e-15 0)
(1 -3.68634e-15 0)
(1 -4.1207e-15 0)
(1 -5.54649e-15 0)
(1 -3.49608e-15 0)
(1 -6.68853e-15 0)
(1 -6.03718e-15 0)
(1 -5.39723e-15 0)
(1 -4.67146e-15 0)
(1 -5.09019e-15 0)
(1 -4.99829e-15 0)
(1 -3.01931e-15 0)
(1 -3.53622e-15 0)
(1 -9.30457e-16 0)
(1 -2.51005e-15 0)
(1 -3.41935e-15 0)
(1 -3.83799e-15 0)
(1 -5.2769e-15 0)
(1 -4.93112e-15 0)
(1 -6.38809e-15 0)
(1 -4.86452e-15 0)
(1 -5.07414e-15 0)
(1 -4.03582e-15 0)
(1 -2.62973e-15 0)
(1 -3.41595e-15 0)
(1 -4.30006e-15 0)
(1 -2.81494e-15 0)
(1 -2.44783e-15 0)
(1 -1.97505e-15 0)
(1 -8.38941e-16 0)
(1 -5.66416e-16 0)
(1 -1.38058e-16 0)
(1 -2.71065e-17 0)
(1 3.57714e-16 0)
(1 -2.77221e-16 0)
(1 -1.21249e-15 0)
(1 -1.33698e-16 0)
(1 -1.82127e-15 0)
(1 -4.78485e-16 0)
(1 -2.23176e-15 0)
(1 -5.15596e-16 0)
(1 -1.59366e-16 0)
(1 -1.45157e-15 0)
(1 -1.74203e-15 0)
(1 -2.5733e-15 0)
(1 -1.96122e-15 0)
(1 -2.91572e-15 0)
(1 -4.05435e-15 0)
(1 -3.789e-15 0)
(1 -3.87406e-15 0)
(1 -3.49559e-15 0)
(1 -2.50452e-15 0)
(1 -1.81218e-15 0)
(1 -4.68807e-15 0)
(1 -2.86308e-15 0)
(1 -4.63719e-15 0)
(1 -2.31536e-15 0)
(1 -1.12572e-15 0)
(1 -3.3441e-15 0)
(1 -4.50621e-15 0)
(1 -5.36962e-15 0)
(1 -5.43482e-15 0)
(1 -3.8638e-15 0)
(1 -4.80419e-15 0)
(1 -3.6277e-15 0)
(1 -3.47303e-15 0)
(1 -2.73342e-15 0)
(1 -2.33476e-15 0)
(1 -2.55747e-16 0)
(1 -1.65205e-16 0)
(1 7.93355e-16 0)
(1 -8.25473e-16 0)
(1 -1.54991e-15 0)
(1 -1.99671e-15 0)
(1 -3.71114e-17 0)
(1 6.46181e-16 0)
(1 -7.62053e-16 0)
(1 1.37066e-15 0)
(1 -4.36834e-16 0)
(1 -1.30565e-15 0)
(1 -5.28847e-16 0)
(1 -6.0921e-16 0)
(1 3.08739e-16 0)
(1 8.26166e-16 0)
(1 -3.19155e-17 0)
(1 -2.81241e-15 0)
(1 -9.0128e-16 0)
(1 -3.6135e-16 0)
(1 -1.39077e-15 0)
(1 -6.8522e-16 0)
(1 -1.99568e-15 0)
(1 -9.4255e-16 0)
(1 -1.91902e-15 0)
(1 -1.53546e-15 0)
(1 -3.50543e-15 0)
(1 -4.34552e-15 0)
(1 -2.33833e-15 0)
(1 -8.66578e-16 0)
(1 -3.81531e-15 0)
(1 -4.41844e-15 0)
(1 -6.64798e-15 0)
(1 -4.35547e-15 0)
(1 -2.9783e-15 0)
(1 -5.46068e-15 0)
(1 -4.97835e-15 0)
(1 -4.60222e-15 0)
(1 -4.05335e-15 0)
(1 -3.50795e-15 0)
(1 -5.72749e-15 0)
(1 -6.132e-15 0)
(1 -3.74505e-15 0)
(1 -5.1257e-15 0)
(1 -4.34097e-15 0)
(1 -3.24907e-15 0)
(1 -2.99019e-15 0)
(1 -4.12986e-15 0)
(1 -3.94063e-15 0)
(1 -3.65311e-15 0)
(1 -4.14021e-15 0)
(1 -5.99656e-15 0)
(1 -4.42308e-15 0)
(1 -5.06028e-15 0)
(1 -6.16256e-15 0)
(1 -3.59399e-15 0)
(1 -3.18064e-15 0)
(1 -3.43437e-15 0)
(1 -4.43548e-16 0)
(1 -3.50493e-15 0)
(1 -2.36538e-15 0)
(1 -3.7165e-15 0)
(1 -6.01114e-16 0)
(1 -3.25774e-16 0)
(1 8.61608e-16 0)
(1 -2.84885e-15 0)
(1 -8.45733e-16 0)
(1 -5.06701e-16 0)
(1 -2.99909e-15 0)
(1 -3.26351e-16 0)
(1 -1.35386e-15 0)
(1 -1.15295e-15 0)
(1 -1.16367e-15 0)
(1 -3.34523e-15 0)
(1 5.97781e-17 0)
(1 -1.87635e-15 0)
(1 -5.41975e-16 0)
(1 -2.85904e-15 0)
(1 -1.9315e-15 0)
(1 -2.82526e-15 0)
(1 -2.92182e-15 0)
(1 -3.23099e-15 0)
(1 -3.21752e-15 0)
(1 -3.57258e-15 0)
(1 -4.87833e-15 0)
(1 -4.70902e-15 0)
(1 -3.32919e-15 0)
(1 -3.11504e-15 0)
(1 -9.28262e-16 0)
(1 -1.74463e-15 0)
(1 -4.05562e-15 0)
(1 -5.04968e-15 0)
(1 -5.19602e-15 0)
(1 -3.40849e-15 0)
(1 -4.7415e-15 0)
(1 -4.29384e-15 0)
(1 -1.78563e-15 0)
(1 -1.77401e-15 0)
(1 -3.71072e-15 0)
(1 -2.68084e-15 0)
(1 -3.09584e-15 0)
(1 -2.21741e-15 0)
(1 -7.23104e-17 0)
(1 -9.39145e-16 0)
(1 4.85015e-17 0)
(1 -2.58282e-15 0)
(1 -2.10226e-15 0)
(1 4.67163e-17 0)
(1 -9.5432e-17 0)
(1 -1.93076e-15 0)
(1 -6.50773e-17 0)
(1 -1.39937e-16 0)
(1 5.98062e-16 0)
(1 -2.04371e-16 0)
(1 -1.81113e-15 0)
(1 -2.2243e-15 0)
(1 -8.87608e-16 0)
(1 -1.18245e-15 0)
(1 -1.05765e-15 0)
(1 -7.32958e-16 0)
(1 -6.57119e-16 0)
(1 2.15463e-17 0)
(1 -3.20931e-15 0)
(1 -3.47917e-15 0)
(1 -3.51905e-15 0)
(1 -1.76696e-15 0)
(1 -2.87067e-15 0)
(1 -3.41606e-15 0)
(1 -8.6423e-16 0)
(1 9.36558e-17 0)
(1 -3.03007e-15 0)
(1 -3.01549e-15 0)
(1 -2.64275e-15 0)
(1 -6.02174e-15 0)
(1 -6.75541e-15 0)
(1 -5.29472e-15 0)
(1 -6.93528e-15 0)
(1 -2.38133e-15 0)
(1 -2.84975e-15 0)
(1 -3.86849e-15 0)
(1 -4.74186e-15 0)
(1 -4.89266e-15 0)
(1 -3.89111e-15 0)
(1 -5.99776e-15 0)
(1 -4.31658e-15 0)
(1 -4.88872e-15 0)
(1 -3.83141e-15 0)
(1 -2.93996e-15 0)
(1 -4.99e-15 0)
(1 -3.4266e-15 0)
(1 -4.75364e-15 0)
(1 -6.90472e-15 0)
(1 -3.54298e-15 0)
(1 -3.56738e-15 0)
(1 -4.24054e-15 0)
(1 -3.62048e-15 0)
(1 -2.2413e-15 0)
(1 -9.19622e-16 0)
(1 -2.71171e-15 0)
(1 -2.88183e-15 0)
(1 -2.60843e-15 0)
(1 -4.76069e-15 0)
(1 -1.8722e-15 0)
(1 -1.52683e-15 0)
(1 -9.39771e-16 0)
(1 -2.21285e-15 0)
(1 -6.54684e-16 0)
(1 -6.69117e-16 0)
(1 -2.51202e-15 0)
(1 -1.98638e-15 0)
(1 -1.48243e-15 0)
(1 3.08579e-16 0)
(1 -2.16151e-15 0)
(1 -1.72249e-15 0)
(1 -1.00109e-15 0)
(1 -1.97725e-15 0)
(1 -1.57542e-15 0)
(1 -2.41644e-15 0)
(1 -2.30534e-15 0)
(1 -2.33141e-15 0)
(1 -2.15043e-15 0)
(1 -2.5823e-15 0)
(1 -2.78684e-15 0)
(1 -4.0007e-15 0)
(1 -5.7009e-15 0)
(1 -3.07356e-15 0)
(1 -4.45949e-15 0)
(1 -1.29675e-15 0)
(1 -2.68855e-15 0)
(1 -3.89227e-15 0)
(1 -5.92739e-15 0)
(1 -5.1712e-15 0)
(1 -4.55651e-15 0)
(1 -5.08563e-15 0)
(1 -4.53939e-15 0)
(1 -4.34512e-15 0)
(1 -2.9996e-15 0)
(1 -3.03715e-15 0)
(1 -3.5337e-15 0)
(1 -2.88521e-15 0)
(1 -3.31093e-15 0)
(1 -2.02281e-15 0)
(1 -1.14646e-15 0)
(1 -1.30447e-15 0)
(1 -8.70176e-16 0)
(1 -7.85873e-16 0)
(1 -2.17413e-15 0)
(1 -2.08054e-15 0)
(1 1.09062e-15 0)
(1 -2.17421e-16 0)
(1 -1.63273e-15 0)
(1 -1.76972e-15 0)
(1 -9.12121e-16 0)
(1 -1.53302e-15 0)
(1 -2.06757e-15 0)
(1 -3.21399e-15 0)
(1 -1.1998e-17 0)
(1 4.70973e-16 0)
(1 -3.6822e-15 0)
(1 -7.9126e-16 0)
(1 -3.55983e-15 0)
(1 -2.34505e-15 0)
(1 -2.64969e-15 0)
(1 4.69263e-17 0)
(1 2.4612e-15 0)
(1 -1.21546e-15 0)
(1 9.73358e-17 0)
(1 4.87107e-16 0)
(1 -1.90063e-15 0)
(1 -3.47016e-15 0)
(1 -3.74051e-15 0)
(1 -2.72024e-15 0)
(1 -4.45978e-15 0)
(1 -4.55815e-15 0)
(1 -6.18216e-15 0)
(1 -5.47182e-15 0)
(1 -4.86057e-15 0)
(1 -4.8672e-15 0)
(1 -4.99522e-15 0)
(1 -3.1317e-15 0)
(1 -4.26342e-15 0)
(1 -2.88096e-15 0)
(1 -3.58685e-15 0)
(1 -5.36469e-15 0)
(1 -3.56689e-15 0)
(1 -6.91618e-15 0)
(1 -4.82975e-15 0)
(1 -3.77241e-15 0)
(1 -4.90712e-15 0)
(1 -4.29947e-15 0)
(1 -5.24293e-15 0)
(1 -5.21e-15 0)
(1 -4.6381e-15 0)
(1 -3.69451e-15 0)
(1 -1.81752e-15 0)
(1 -3.26994e-15 0)
(1 -2.47441e-15 0)
(1 -2.06218e-15 0)
(1 -4.68589e-15 0)
(1 -1.49658e-15 0)
(1 -3.35121e-15 0)
(1 -1.19208e-15 0)
(1 -2.35188e-15 0)
(1 -1.07908e-15 0)
(1 -1.22123e-15 0)
(1 -7.54605e-16 0)
(1 1.78809e-15 0)
(1 -2.56355e-15 0)
(1 -9.06719e-17 0)
(1 -1.8976e-15 0)
(1 -2.93436e-15 0)
(1 -2.24005e-15 0)
(1 -2.88422e-15 0)
(1 -1.33689e-15 0)
(1 -1.95296e-15 0)
(1 -1.82162e-15 0)
(1 -1.96706e-15 0)
(1 -2.08403e-15 0)
(1 -4.67566e-15 0)
(1 -2.94961e-15 0)
(1 -2.93209e-15 0)
(1 -3.61147e-15 0)
(1 -3.29905e-15 0)
(1 -4.35756e-15 0)
(1 -3.21002e-15 0)
(1 -4.27896e-15 0)
(1 -3.35358e-15 0)
(1 -3.44459e-15 0)
(1 -3.33617e-15 0)
(1 -3.16689e-15 0)
(1 -3.00136e-15 0)
(1 -1.99039e-15 0)
(1 -3.30013e-15 0)
(1 -4.70726e-15 0)
(1 -4.9848e-15 0)
(1 -3.58881e-15 0)
(1 -4.20414e-15 0)
(1 -3.28084e-15 0)
(1 -2.04628e-15 0)
(1 -2.41457e-15 0)
(1 -1.96099e-15 0)
(1 -2.08888e-15 0)
(1 -2.72136e-15 0)
(1 -9.38505e-16 0)
(1 -2.9673e-15 0)
(1 -8.50792e-16 0)
(1 -3.4163e-15 0)
(1 -4.34215e-15 0)
(1 5.245e-16 0)
(1 3.5916e-17 0)
(1 -9.74906e-16 0)
(1 1.89521e-15 0)
(1 -2.05276e-15 0)
(1 -1.38428e-15 0)
(1 -1.04018e-15 0)
(1 -2.07252e-15 0)
(1 -2.17037e-15 0)
(1 -3.18321e-15 0)
(1 -2.39198e-15 0)
(1 5.34426e-16 0)
(1 -1.73181e-15 0)
(1 -6.84362e-16 0)
(1 -1.81398e-15 0)
(1 1.541e-16 0)
(1 8.0929e-16 0)
(1 -2.22463e-16 0)
(1 -1.88865e-15 0)
(1 2.23491e-16 0)
(1 -2.56049e-15 0)
(1 -5.59992e-15 0)
(1 -5.67143e-15 0)
(1 -4.89365e-15 0)
(1 -4.37438e-15 0)
(1 -4.41181e-15 0)
(1 -1.89395e-15 0)
(1 -5.07282e-15 0)
(1 -3.23025e-15 0)
(1 -5.5535e-15 0)
(1 -4.18767e-15 0)
(1 -1.47922e-15 0)
(1 -2.2675e-15 0)
(1 -1.86234e-15 0)
(1 -5.3325e-15 0)
(1 -5.90478e-15 0)
(1 -5.12625e-15 0)
(1 -6.65233e-15 0)
(1 -4.00674e-15 0)
(1 -4.77289e-15 0)
(1 -3.34774e-15 0)
(1 -6.5577e-15 0)
(1 -3.84371e-15 0)
(1 -2.52503e-15 0)
(1 -3.23855e-15 0)
(1 -1.30816e-15 0)
(1 -1.78674e-15 0)
(1 -2.84147e-15 0)
(1 -4.07102e-15 0)
(1 -4.77291e-15 0)
(1 -2.57932e-15 0)
(1 -3.55167e-15 0)
(1 -3.07722e-15 0)
(1 -2.29313e-15 0)
(1 -2.71788e-15 0)
(1 -2.62725e-15 0)
(1 -1.63719e-15 0)
(1 3.19316e-16 0)
(1 -1.57027e-15 0)
(1 -8.70132e-16 0)
(1 1.6941e-16 0)
(1 4.29946e-16 0)
(1 -1.96277e-15 0)
(1 -2.05033e-15 0)
(1 -1.22924e-15 0)
(1 -3.18107e-15 0)
(1 -2.46523e-15 0)
(1 -2.56732e-15 0)
(1 -8.40979e-16 0)
(1 -2.65981e-15 0)
(1 -3.83469e-15 0)
(1 -1.96314e-15 0)
(1 -2.83976e-15 0)
(1 -2.82105e-15 0)
(1 -2.96427e-15 0)
(1 -4.57055e-15 0)
(1 -3.58533e-15 0)
(1 -4.30719e-15 0)
(1 -1.38592e-15 0)
(1 -3.08294e-15 0)
(1 -3.42706e-15 0)
(1 -3.97641e-15 0)
(1 -3.65205e-15 0)
(1 -4.17349e-15 0)
(1 -4.78979e-15 0)
(1 -4.30084e-15 0)
(1 -3.30613e-15 0)
(1 -2.25749e-15 0)
(1 -2.29999e-15 0)
(1 -2.62855e-15 0)
(1 -3.05949e-15 0)
(1 -2.37434e-15 0)
(1 -1.91949e-15 0)
(1 -2.87112e-15 0)
(1 -2.95806e-15 0)
(1 -1.4064e-15 0)
(1 -2.96728e-15 0)
(1 -1.61457e-15 0)
(1 -2.85049e-15 0)
(1 -4.0447e-15 0)
(1 -7.27202e-16 0)
(1 -2.30776e-15 0)
(1 1.25138e-17 0)
(1 -4.05943e-16 0)
(1 -2.54676e-16 0)
(1 2.50945e-16 0)
(1 5.08418e-16 0)
(1 9.6055e-17 0)
(1 -3.8084e-15 0)
(1 -2.35246e-15 0)
(1 -1.07095e-15 0)
(1 -1.60957e-15 0)
(1 -7.18411e-16 0)
(1 -7.01268e-16 0)
(1 -2.77932e-16 0)
(1 -1.21925e-15 0)
(1 7.6848e-17 0)
(1 -1.13456e-15 0)
(1 -1.16371e-15 0)
(1 -3.70421e-15 0)
(1 -5.02187e-15 0)
(1 -6.12475e-15 0)
(1 -3.57335e-15 0)
(1 -2.89289e-15 0)
(1 -2.63276e-15 0)
(1 -3.56994e-15 0)
(1 -2.75672e-15 0)
(1 -3.64839e-15 0)
(1 -4.06737e-15 0)
(1 -4.93697e-15 0)
(1 -5.49888e-15 0)
(1 -3.50042e-15 0)
(1 -1.07742e-15 0)
(1 -2.11187e-15 0)
(1 -5.10303e-15 0)
(1 -5.0595e-15 0)
(1 -7.42824e-15 0)
(1 -2.66825e-15 0)
(1 -5.39722e-15 0)
(1 -1.29954e-15 0)
(1 -3.89728e-15 0)
(1 -4.24808e-15 0)
(1 -2.72915e-15 0)
(1 -2.549e-15 0)
(1 -1.20296e-15 0)
(1 -1.50068e-15 0)
(1 -1.62146e-15 0)
(1 -3.01605e-15 0)
(1 -4.95562e-15 0)
(1 -4.1562e-15 0)
(1 -3.16252e-15 0)
(1 -3.83817e-15 0)
(1 -2.13203e-15 0)
(1 -1.68273e-15 0)
(1 -2.2587e-15 0)
(1 -1.32361e-15 0)
(1 -4.86179e-16 0)
(1 -7.02078e-16 0)
(1 -2.84175e-15 0)
(1 -1.38883e-15 0)
(1 -1.13533e-15 0)
(1 -2.29236e-15 0)
(1 -9.42684e-17 0)
(1 -8.70863e-16 0)
(1 -1.57427e-15 0)
(1 -2.03373e-15 0)
(1 -3.10963e-15 0)
(1 -5.07605e-16 0)
(1 -1.09768e-15 0)
(1 -1.08925e-15 0)
(1 -4.81421e-16 0)
(1 -2.85918e-15 0)
(1 -3.84158e-15 0)
(1 -3.1656e-15 0)
(1 -3.42849e-15 0)
(1 -2.98109e-15 0)
(1 -3.81682e-15 0)
(1 -2.00397e-15 0)
(1 -3.98962e-15 0)
(1 -3.36697e-15 0)
(1 -2.13537e-15 0)
(1 -1.2838e-15 0)
(1 -3.14328e-15 0)
(1 -3.94479e-15 0)
(1 -4.80338e-15 0)
(1 -3.30321e-15 0)
(1 -2.84921e-15 0)
(1 -2.72844e-15 0)
(1 -1.49951e-15 0)
(1 -1.89544e-15 0)
(1 -3.11154e-15 0)
(1 -2.64421e-15 0)
(1 -2.58801e-15 0)
(1 -2.25416e-15 0)
(1 -2.10853e-15 0)
(1 -2.66716e-15 0)
(1 -2.07406e-15 0)
(1 -1.57898e-15 0)
(1 -7.21457e-16 0)
(1 -9.29733e-16 0)
(1 -7.45988e-16 0)
(1 -3.14062e-16 0)
(1 -5.83737e-16 0)
(1 -1.51309e-15 0)
(1 1.85727e-15 0)
(1 -2.06566e-16 0)
(1 -1.58213e-15 0)
(1 -1.05859e-15 0)
(1 -2.68176e-15 0)
(1 -5.45203e-16 0)
(1 -9.19718e-16 0)
(1 -1.3377e-15 0)
(1 1.69235e-17 0)
(1 -2.30956e-15 0)
(1 3.20052e-17 0)
(1 -1.6496e-15 0)
(1 -3.08e-15 0)
(1 -5.5243e-16 0)
(1 -8.08844e-16 0)
(1 -2.87948e-15 0)
(1 -3.18598e-15 0)
(1 -5.43332e-15 0)
(1 -3.93795e-16 0)
(1 -3.35155e-15 0)
(1 -4.08449e-15 0)
(1 -2.14612e-15 0)
(1 -3.2624e-15 0)
(1 -6.81088e-16 0)
(1 -1.31488e-15 0)
(1 -1.90991e-15 0)
(1 -2.59377e-15 0)
(1 -5.65298e-15 0)
(1 -3.5303e-15 0)
(1 -3.07588e-15 0)
(1 -2.50652e-15 0)
(1 -3.58484e-15 0)
(1 -4.68549e-15 0)
(1 -4.43743e-15 0)
(1 -5.92864e-15 0)
(1 -4.98973e-15 0)
(1 -5.9795e-15 0)
(1 -2.38487e-15 0)
(1 -2.79462e-15 0)
(1 -7.81652e-16 0)
(1 -2.1819e-15 0)
(1 -3.59728e-15 0)
(1 -4.56222e-15 0)
(1 -3.72563e-15 0)
(1 -2.86242e-15 0)
(1 -3.30573e-15 0)
(1 -3.55744e-15 0)
(1 -2.84083e-15 0)
(1 -4.18642e-16 0)
(1 -1.47946e-15 0)
(1 -9.74995e-16 0)
(1 -3.72071e-16 0)
(1 -1.43172e-15 0)
(1 -2.1993e-15 0)
(1 -5.92786e-16 0)
(1 -2.59342e-15 0)
(1 -2.48943e-15 0)
(1 -1.754e-15 0)
(1 -1.09369e-16 0)
(1 7.79273e-17 0)
(1 -9.37377e-16 0)
(1 -1.5411e-15 0)
(1 -1.03688e-15 0)
(1 -1.50708e-15 0)
(1 -1.29944e-15 0)
(1 -1.42764e-15 0)
(1 -1.01705e-15 0)
(1 -3.40167e-15 0)
(1 -1.91951e-15 0)
(1 -1.73996e-15 0)
(1 -2.31766e-15 0)
(1 -1.99987e-15 0)
(1 -2.95896e-15 0)
(1 -3.07283e-15 0)
(1 -4.37925e-15 0)
(1 -2.95699e-15 0)
(1 -2.87622e-15 0)
(1 -1.95859e-15 0)
(1 -2.05399e-15 0)
(1 -2.08331e-15 0)
(1 -2.64133e-15 0)
(1 -2.12981e-15 0)
(1 -4.03687e-15 0)
(1 -3.13502e-15 0)
(1 -2.40233e-15 0)
(1 -1.18488e-15 0)
(1 -2.13767e-15 0)
(1 -1.87947e-15 0)
(1 -1.67336e-15 0)
(1 -8.65827e-16 0)
(1 -4.98231e-16 0)
(1 -2.91406e-15 0)
(1 -2.05109e-15 0)
(1 -1.49266e-15 0)
(1 -1.70779e-15 0)
(1 -1.10365e-15 0)
(1 -4.23776e-16 0)
(1 9.35463e-16 0)
(1 -7.34734e-16 0)
(1 1.24261e-15 0)
(1 -1.26141e-15 0)
(1 -1.03924e-15 0)
(1 -4.37383e-16 0)
(1 -6.95447e-16 0)
(1 -2.4053e-15 0)
(1 -1.82657e-15 0)
(1 -2.49527e-15 0)
(1 -2.82819e-15 0)
(1 1.24648e-15 0)
(1 -5.69499e-16 0)
(1 3.65088e-16 0)
(1 -2.98731e-15 0)
(1 -2.61805e-15 0)
(1 -3.40861e-16 0)
(1 -1.81275e-15 0)
(1 -5.46425e-17 0)
(1 -2.57478e-16 0)
(1 -4.51463e-16 0)
(1 -1.49995e-15 0)
(1 -3.8116e-15 0)
(1 -4.15315e-15 0)
(1 -5.54215e-15 0)
(1 -5.02303e-15 0)
(1 -1.36578e-15 0)
(1 -1.4086e-15 0)
(1 -8.97669e-16 0)
(1 -2.90897e-17 0)
(1 -3.98084e-15 0)
(1 -3.40218e-15 0)
(1 -3.77772e-15 0)
(1 -3.26472e-15 0)
(1 -3.90049e-15 0)
(1 -2.76851e-15 0)
(1 -6.06577e-15 0)
(1 -2.68179e-15 0)
(1 -6.85172e-15 0)
(1 -2.8508e-15 0)
(1 -2.13601e-15 0)
(1 -1.21764e-15 0)
(1 1.04871e-16 0)
(1 -1.93194e-15 0)
(1 -4.02627e-15 0)
(1 -4.5292e-15 0)
(1 -3.7932e-15 0)
(1 -3.12638e-15 0)
(1 -3.78213e-15 0)
(1 -3.51965e-15 0)
(1 -1.76535e-15 0)
(1 -1.08061e-15 0)
(1 6.78097e-16 0)
(1 -5.71349e-16 0)
(1 -8.38551e-16 0)
(1 -1.94763e-15 0)
(1 -1.84205e-15 0)
(1 -2.14047e-15 0)
(1 -2.34592e-15 0)
(1 -2.99833e-15 0)
(1 -4.10865e-16 0)
(1 1.81154e-16 0)
(1 -1.18241e-16 0)
(1 -6.07454e-16 0)
(1 -1.24211e-15 0)
(1 -8.47395e-16 0)
(1 -2.56707e-15 0)
(1 -2.5437e-15 0)
(1 -1.19839e-15 0)
(1 -1.20913e-15 0)
(1 -1.47544e-15 0)
(1 6.66938e-16 0)
(1 -8.6287e-16 0)
(1 -1.90832e-15 0)
(1 -2.95671e-15 0)
(1 -2.93591e-15 0)
(1 -2.6229e-15 0)
(1 -1.81672e-15 0)
(1 -1.73489e-15 0)
(1 -2.14545e-15 0)
(1 -1.47811e-15 0)
(1 -1.49459e-15 0)
(1 -3.63651e-15 0)
(1 -2.86618e-15 0)
(1 -2.09096e-15 0)
(1 -2.34299e-15 0)
(1 -2.31534e-15 0)
(1 -3.07113e-15 0)
(1 -2.29174e-15 0)
(1 -2.39432e-15 0)
(1 -2.21966e-15 0)
(1 -2.88732e-16 0)
(1 -4.21215e-16 0)
(1 8.13523e-17 0)
(1 -1.55874e-15 0)
(1 -1.62738e-15 0)
(1 -1.36404e-15 0)
(1 -1.80895e-15 0)
(1 -1.35478e-15 0)
(1 1.84873e-16 0)
(1 7.10185e-16 0)
(1 2.27425e-16 0)
(1 2.16006e-16 0)
(1 -1.21933e-15 0)
(1 -1.29585e-15 0)
(1 5.43319e-16 0)
(1 -1.75045e-15 0)
(1 9.13847e-18 0)
(1 -1.75616e-15 0)
(1 -2.18003e-16 0)
(1 -1.77339e-15 0)
(1 -9.00972e-16 0)
(1 -1.18432e-15 0)
(1 -1.14984e-15 0)
(1 -1.68507e-15 0)
(1 -3.32581e-16 0)
(1 -1.80411e-15 0)
(1 -1.32215e-15 0)
(1 -3.22507e-15 0)
(1 -3.08988e-16 0)
(1 -3.03991e-16 0)
(1 -3.0906e-15 0)
(1 -1.19846e-15 0)
(1 -1.24651e-15 0)
(1 -3.89512e-15 0)
(1 -2.46909e-15 0)
(1 -3.37317e-15 0)
(1 -3.20559e-15 0)
(1 -1.16623e-15 0)
(1 -2.18139e-15 0)
(1 -1.3323e-16 0)
(1 -2.21443e-15 0)
(1 -5.5747e-16 0)
(1 -2.69313e-15 0)
(1 -3.54241e-15 0)
(1 -4.85393e-15 0)
(1 -4.17503e-15 0)
(1 -4.03313e-15 0)
(1 -3.9606e-15 0)
(1 -1.42578e-15 0)
(1 -7.47407e-16 0)
(1 -1.01863e-15 0)
(1 -1.90105e-15 0)
(1 -2.71428e-15 0)
(1 -2.60476e-15 0)
(1 -1.00156e-15 0)
(1 -3.92914e-15 0)
(1 -5.15053e-15 0)
(1 -3.78711e-15 0)
(1 -3.07856e-15 0)
(1 6.34959e-16 0)
(1 -9.49412e-16 0)
(1 9.16558e-16 0)
(1 -6.25884e-16 0)
(1 -1.12958e-15 0)
(1 3.8119e-17 0)
(1 -9.41169e-16 0)
(1 -1.50877e-15 0)
(1 -9.76663e-16 0)
(1 -1.89253e-15 0)
(1 -1.72686e-15 0)
(1 -5.77223e-16 0)
(1 -8.61787e-16 0)
(1 -3.73112e-16 0)
(1 -3.80894e-16 0)
(1 -1.87182e-15 0)
(1 -1.30134e-15 0)
(1 -4.29169e-16 0)
(1 1.30378e-15 0)
(1 1.07035e-15 0)
(1 1.29032e-16 0)
(1 -2.12845e-15 0)
(1 -3.37943e-15 0)
(1 -3.08156e-15 0)
(1 -1.98659e-15 0)
(1 -2.6992e-15 0)
(1 -5.08317e-16 0)
(1 -1.43156e-15 0)
(1 -2.64924e-15 0)
(1 -1.82704e-15 0)
(1 -6.44e-16 0)
(1 -1.00379e-15 0)
(1 -3.05852e-15 0)
(1 -1.7492e-15 0)
(1 -2.05237e-15 0)
(1 -5.67816e-16 0)
(1 -1.43982e-15 0)
(1 -2.89164e-16 0)
(1 -6.61478e-16 0)
(1 -6.01456e-16 0)
(1 -1.315e-15 0)
(1 -1.50904e-15 0)
(1 -1.61214e-15 0)
(1 -1.38066e-15 0)
(1 -1.58022e-15 0)
(1 -9.40877e-16 0)
(1 -8.28752e-16 0)
(1 -1.66466e-15 0)
(1 -3.6203e-16 0)
(1 8.49234e-16 0)
(1 -8.41609e-16 0)
(1 1.14296e-15 0)
(1 2.00289e-16 0)
(1 -1.84719e-16 0)
(1 -8.73232e-16 0)
(1 -2.08355e-15 0)
(1 -2.08847e-15 0)
(1 9.62921e-16 0)
(1 -7.95781e-16 0)
(1 1.71163e-15 0)
(1 1.66692e-15 0)
(1 -2.88088e-15 0)
(1 -1.43523e-15 0)
(1 -3.36654e-15 0)
(1 -1.08442e-15 0)
(1 -6.81861e-16 0)
(1 -4.09371e-17 0)
(1 3.8033e-17 0)
(1 -1.39314e-15 0)
(1 -3.12135e-15 0)
(1 -1.16186e-15 0)
(1 -3.31209e-15 0)
(1 -3.03533e-15 0)
(1 -1.7087e-15 0)
(1 -6.04105e-16 0)
(1 -1.49293e-15 0)
(1 -2.10556e-15 0)
(1 -1.50207e-15 0)
(1 -2.46578e-16 0)
(1 -1.84916e-15 0)
(1 -6.40019e-16 0)
(1 -3.17247e-15 0)
(1 -2.15813e-15 0)
(1 -3.09055e-15 0)
(1 -2.01994e-15 0)
(1 -4.78978e-15 0)
(1 -2.14908e-15 0)
(1 -3.83567e-15 0)
(1 -2.62375e-15 0)
(1 -1.6074e-15 0)
(1 -1.63802e-15 0)
(1 -1.27177e-15 0)
(1 -2.48159e-15 0)
(1 -2.10956e-15 0)
(1 -1.77929e-15 0)
(1 -1.88047e-15 0)
(1 -2.26948e-15 0)
(1 -3.62767e-15 0)
(1 -2.70988e-15 0)
(1 -1.11693e-15 0)
(1 -1.01762e-15 0)
(1 -1.3229e-15 0)
(1 -1.65613e-15 0)
(1 -1.53012e-16 0)
(1 -2.01725e-15 0)
(1 3.5379e-16 0)
(1 7.15044e-18 0)
(1 1.32596e-15 0)
(1 9.84001e-18 0)
(1 -1.95925e-16 0)
(1 2.17816e-17 0)
(1 -2.39069e-15 0)
(1 -1.70239e-15 0)
(1 -1.80979e-15 0)
(1 -2.06614e-16 0)
(1 -9.04173e-17 0)
(1 5.7257e-16 0)
(1 2.32083e-16 0)
(1 2.56361e-16 0)
(1 -7.27479e-16 0)
(1 2.7655e-16 0)
(1 -8.46081e-16 0)
(1 -5.44984e-16 0)
(1 -1.09407e-16 0)
(1 -4.80293e-16 0)
(1 -8.34229e-16 0)
(1 -1.08535e-15 0)
(1 -1.95625e-15 0)
(1 -1.04459e-15 0)
(1 -2.04439e-15 0)
(1 -1.50288e-15 0)
(1 -1.215e-15 0)
(1 -7.6881e-16 0)
(1 9.23718e-16 0)
(1 -5.36087e-16 0)
(1 -8.81667e-16 0)
(1 -1.47809e-15 0)
(1 -2.0339e-15 0)
(1 -6.12884e-16 0)
(1 -1.11322e-15 0)
(1 -1.07777e-15 0)
(1 -1.80685e-15 0)
(1 -9.51524e-16 0)
(1 -5.27544e-16 0)
(1 -1.14981e-15 0)
(1 -5.60068e-16 0)
(1 -1.03363e-15 0)
(1 -7.63549e-16 0)
(1 2.28686e-16 0)
(1 4.53119e-16 0)
(1 -9.40261e-16 0)
(1 7.84594e-16 0)
(1 1.10578e-17 0)
(1 -2.78e-16 0)
(1 2.01541e-16 0)
(1 -2.46237e-15 0)
(1 9.82344e-17 0)
(1 4.07001e-16 0)
(1 1.5109e-15 0)
(1 5.84838e-16 0)
(1 -3.37032e-15 0)
(1 -1.69298e-15 0)
(1 -3.13988e-16 0)
(1 -1.08672e-15 0)
(1 -2.57175e-16 0)
(1 2.3549e-17 0)
(1 1.34757e-15 0)
(1 -1.12745e-15 0)
(1 1.69961e-15 0)
(1 -2.45559e-15 0)
(1 -1.26246e-15 0)
(1 -2.85682e-15 0)
(1 -1.57754e-15 0)
(1 -1.51831e-16 0)
(1 5.39869e-16 0)
(1 -2.03407e-15 0)
(1 -3.0233e-16 0)
(1 -2.58919e-15 0)
(1 -2.26066e-15 0)
(1 -6.78344e-16 0)
(1 -1.71718e-15 0)
(1 -1.62182e-15 0)
(1 -3.80875e-15 0)
(1 -2.53194e-15 0)
(1 -1.22694e-15 0)
(1 -1.85386e-15 0)
(1 -1.92729e-15 0)
(1 -2.63765e-15 0)
(1 -6.7223e-16 0)
(1 -1.33016e-16 0)
(1 -1.83817e-15 0)
(1 -4.89519e-16 0)
(1 -1.13109e-15 0)
(1 -3.795e-16 0)
(1 -2.33891e-15 0)
(1 -3.49506e-15 0)
(1 -2.35388e-15 0)
(1 -1.51401e-15 0)
(1 -1.01576e-15 0)
(1 8.8014e-16 0)
(1 -1.51861e-15 0)
(1 -1.06684e-15 0)
(1 -1.11475e-15 0)
(1 -3.02752e-16 0)
(1 -1.50021e-15 0)
(1 -1.68427e-15 0)
(1 -1.51279e-16 0)
(1 1.06595e-15 0)
(1 -2.08049e-16 0)
(1 1.60765e-16 0)
(1 -3.85832e-16 0)
(1 -2.68696e-15 0)
(1 -1.56638e-15 0)
(1 -1.6385e-15 0)
(1 4.96119e-16 0)
(1 1.1418e-15 0)
(1 1.4264e-15 0)
(1 3.16895e-16 0)
(1 -7.24947e-16 0)
(1 -1.24299e-15 0)
(1 -8.26338e-16 0)
(1 -1.21853e-15 0)
(1 -6.47111e-16 0)
(1 -2.00753e-16 0)
(1 -7.56719e-16 0)
(1 9.67669e-17 0)
(1 -3.14939e-15 0)
(1 -1.9386e-15 0)
(1 -1.22297e-15 0)
(1 -2.30572e-17 0)
(1 -1.08736e-15 0)
(1 -4.52822e-17 0)
(1 3.72071e-16 0)
(1 4.56226e-16 0)
(1 3.32241e-16 0)
(1 -1.39742e-15 0)
(1 -1.05712e-15 0)
(1 -4.03013e-15 0)
(1 -1.35178e-15 0)
(1 -3.1936e-16 0)
(1 4.32059e-16 0)
(1 4.29419e-16 0)
(1 -7.77459e-16 0)
(1 -1.56153e-15 0)
(1 -1.11743e-15 0)
(1 -1.60149e-15 0)
(1 -3.35744e-17 0)
(1 1.35347e-15 0)
(1 2.18551e-16 0)
(1 -6.26971e-16 0)
(1 1.00279e-15 0)
(1 -1.11668e-15 0)
(1 -8.98076e-17 0)
(1 3.41672e-16 0)
(1 8.06234e-16 0)
(1 -4.11894e-16 0)
(1 9.01047e-16 0)
(1 -1.05086e-15 0)
(1 1.44339e-17 0)
(1 -1.0449e-15 0)
(1 -7.86294e-16 0)
(1 9.98943e-16 0)
(1 -6.22702e-16 0)
(1 -5.09193e-16 0)
(1 -2.68373e-16 0)
(1 -5.09595e-16 0)
(1 6.66981e-16 0)
(1 5.33719e-16 0)
(1 -1.05007e-15 0)
(1 2.14273e-16 0)
(1 -3.21749e-15 0)
(1 -2.5231e-15 0)
(1 -1.04617e-15 0)
(1 3.39467e-16 0)
(1 1.29525e-15 0)
(1 6.09827e-16 0)
(1 -3.8828e-16 0)
(1 -2.41373e-15 0)
(1 -1.69622e-15 0)
(1 -1.18374e-15 0)
(1 4.58955e-16 0)
(1 -4.5562e-16 0)
(1 -2.53923e-15 0)
(1 -2.25873e-15 0)
(1 -2.1214e-15 0)
(1 8.22351e-16 0)
(1 -3.97287e-16 0)
(1 -9.59895e-16 0)
(1 7.2486e-16 0)
(1 5.60566e-16 0)
(1 -7.70679e-16 0)
(1 -1.1995e-15 0)
(1 -1.09982e-15 0)
(1 -1.49483e-15 0)
(1 -2.07281e-15 0)
(1 -1.40628e-15 0)
(1 -2.12893e-15 0)
(1 -5.55245e-16 0)
(1 3.5143e-17 0)
(1 1.16107e-15 0)
(1 -1.12121e-15 0)
(1 1.03082e-15 0)
(1 -1.16538e-15 0)
(1 -1.52351e-15 0)
(1 -9.29804e-16 0)
(1 -2.39112e-16 0)
(1 -5.86795e-16 0)
(1 6.99977e-16 0)
(1 7.30305e-16 0)
(1 -2.04913e-16 0)
(1 2.75388e-16 0)
(1 -1.54084e-15 0)
(1 -1.26653e-15 0)
(1 2.72253e-16 0)
(1 1.26109e-16 0)
(1 2.72318e-16 0)
(1 3.65819e-16 0)
(1 1.23513e-15 0)
(1 4.36923e-16 0)
(1 -1.15387e-15 0)
(1 -1.60595e-15 0)
(1 -1.7712e-15 0)
(1 -7.04038e-16 0)
(1 -1.00425e-15 0)
(1 -1.49109e-16 0)
(1 5.46758e-16 0)
(1 -2.86873e-15 0)
(1 -2.12568e-15 0)
(1 -2.25096e-15 0)
(1 -1.025e-15 0)
(1 -5.02245e-16 0)
(1 9.68768e-17 0)
(1 7.03026e-16 0)
(1 9.3426e-16 0)
(1 -1.62786e-16 0)
(1 -8.13764e-16 0)
(1 -2.27293e-16 0)
(1 -1.13122e-15 0)
(1 -4.19178e-16 0)
(1 7.47985e-16 0)
(1 4.69133e-16 0)
(1 1.10656e-15 0)
(1 -1.89649e-15 0)
(1 -1.7254e-15 0)
(1 -1.9583e-15 0)
(1 -7.78858e-16 0)
(1 -3.35658e-16 0)
(1 2.31306e-15 0)
(1 9.01588e-16 0)
(1 -4.23014e-16 0)
(1 1.00935e-15 0)
(1 -1.23054e-15 0)
(1 -1.14058e-16 0)
(1 -5.12965e-16 0)
(1 8.52045e-16 0)
(1 8.95854e-16 0)
(1 9.69675e-16 0)
(1 -1.22562e-15 0)
(1 -1.62744e-15 0)
(1 -2.06595e-15 0)
(1 2.11872e-15 0)
(1 1.06544e-15 0)
(1 -7.16152e-16 0)
(1 -3.7078e-16 0)
(1 -1.55774e-16 0)
(1 1.01817e-15 0)
(1 1.04587e-15 0)
(1 2.70514e-15 0)
(1 5.02671e-17 0)
(1 3.5558e-16 0)
(1 -2.58031e-15 0)
(1 -1.29509e-15 0)
(1 -1.90546e-15 0)
(1 -9.13746e-16 0)
(1 7.02853e-17 0)
(1 8.54832e-16 0)
(1 -6.8058e-16 0)
(1 -1.20592e-16 0)
(1 3.86567e-16 0)
(1 -1.40881e-15 0)
(1 1.21117e-16 0)
(1 -2.00057e-16 0)
(1 -1.5372e-15 0)
(1 -2.31284e-15 0)
(1 -1.29753e-15 0)
(1 6.96546e-16 0)
(1 7.03207e-16 0)
(1 5.43203e-16 0)
(1 3.36464e-16 0)
(1 -2.46739e-16 0)
(1 -3.81577e-16 0)
(1 -1.74965e-15 0)
(1 -6.68618e-16 0)
(1 -6.42463e-16 0)
(1 -7.32314e-16 0)
(1 5.8044e-16 0)
(1 -5.55779e-16 0)
(1 4.44701e-16 0)
(1 -6.53256e-17 0)
(1 2.24936e-17 0)
(1 -1.43435e-15 0)
(1 1.37212e-16 0)
(1 -2.15425e-16 0)
(1 -1.3223e-15 0)
(1 -6.31787e-16 0)
(1 1.01136e-15 0)
(1 -9.19801e-16 0)
(1 5.60543e-16 0)
(1 6.84724e-16 0)
(1 8.07996e-17 0)
(1 1.41184e-15 0)
(1 -6.60835e-16 0)
(1 -3.97273e-16 0)
(1 4.22388e-16 0)
(1 -3.48121e-16 0)
(1 -6.80729e-16 0)
(1 -5.79176e-17 0)
(1 5.41145e-16 0)
(1 5.10599e-16 0)
(1 -1.19508e-15 0)
(1 -2.41816e-16 0)
(1 6.94563e-16 0)
(1 1.64276e-15 0)
(1 7.03308e-16 0)
(1 2.799e-16 0)
(1 6.12216e-16 0)
(1 -1.19219e-15 0)
(1 -1.2834e-15 0)
(1 -7.04876e-16 0)
(1 -1.1886e-15 0)
(1 1.26716e-17 0)
(1 4.54752e-17 0)
(1 5.35086e-16 0)
(1 1.24316e-15 0)
(1 4.14488e-17 0)
(1 -5.57201e-16 0)
(1 -4.76217e-16 0)
(1 -7.79361e-16 0)
(1 -9.01754e-16 0)
(1 -8.538e-16 0)
(1 -1.14472e-15 0)
(1 5.12787e-16 0)
(1 -1.03417e-15 0)
(1 -2.09436e-16 0)
(1 -8.15558e-16 0)
(1 8.73321e-16 0)
(1 -1.17133e-15 0)
(1 1.21674e-15 0)
(1 1.24209e-15 0)
)
;

boundaryField
{
    inlet
    {
        type            calculated;
        value           uniform (1 0 0);
    }
    outlet
    {
        type            calculated;
        value           nonuniform List<vector> 
40
(
(1 -5.91268e-16 0)
(1 -9.82927e-16 0)
(1 -8.10101e-16 0)
(1 -1.7638e-15 0)
(1 -3.3162e-16 0)
(1 1.65569e-15 0)
(1 1.05038e-15 0)
(1 2.51069e-15 0)
(1 4.09863e-15 0)
(1 4.19356e-15 0)
(1 3.03057e-15 0)
(1 1.05265e-15 0)
(1 6.99601e-16 0)
(1 1.43786e-15 0)
(1 2.802e-15 0)
(1 2.36215e-15 0)
(1 1.11066e-15 0)
(1 1.25347e-15 0)
(1 2.34074e-15 0)
(1 1.75563e-15 -1.39594e-49)
(1 1.20231e-15 1.46997e-49)
(1 6.07626e-16 0)
(1 -8.63855e-16 0)
(1 -2.25618e-17 0)
(1 -7.49878e-16 0)
(1 -7.94056e-16 0)
(1 2.79371e-16 0)
(1 7.64273e-16 0)
(1 1.92719e-16 0)
(1 -1.92282e-15 0)
(1 -4.18416e-15 0)
(1 -3.88966e-15 0)
(1 -7.7752e-16 0)
(1 -9.73081e-16 0)
(1 -1.26097e-15 0)
(1 -3.05869e-16 0)
(1 2.68298e-16 0)
(1 2.58689e-16 0)
(1 9.33953e-16 0)
(1 1.25565e-15 0)
)
;
    }
    down
    {
        type            empty;
    }
    up
    {
        type            empty;
    }
    sides
    {
        type            calculated;
        value           nonuniform List<vector> 
200
(
(1 0 0)
(1 0 0)
(1 0 0)
(1 0 0)
(1 0 0)
(1 0 0)
(1 0 0)
(1 0 0)
(1 0 0)
(1 0 0)
(1 0 0)
(1 0 0)
(1 0 0)
(1 0 0)
(1 0 0)
(1 0 0)
(1 0 0)
(1 0 0)
(1 0 0)
(1 0 0)
(1 0 0)
(1 0 0)
(1 0 0)
(1 0 0)
(1 0 0)
(1 0 0)
(1 0 0)
(1 0 0)
(1 0 0)
(1 0 0)
(1 0 0)
(1 0 0)
(1 0 0)
(1 0 0)
(1 0 0)
(1 0 0)
(1 0 0)
(1 0 0)
(1 0 0)
(1 0 0)
(1 0 0)
(1 0 0)
(1 0 0)
(1 0 0)
(1 0 0)
(1 0 0)
(1 0 0)
(1 0 0)
(1 0 0)
(1 0 0)
(1 0 0)
(1 0 0)
(1 0 0)
(1 0 0)
(1 0 0)
(1 0 0)
(1 0 0)
(1 0 0)
(1 0 0)
(1 0 0)
(1 0 0)
(1 0 0)
(1 0 0)
(1 0 0)
(1 0 0)
(1 0 0)
(1 0 0)
(1 0 0)
(1 0 0)
(1 0 0)
(1 0 0)
(1 0 0)
(1 0 0)
(1 0 0)
(1 0 0)
(1 0 0)
(1 0 0)
(1 0 0)
(1 0 0)
(1 0 0)
(1 0 0)
(1 0 0)
(1 0 0)
(1 0 0)
(1 0 0)
(1 0 0)
(1 0 0)
(1 0 0)
(1 0 0)
(1 0 0)
(1 0 0)
(1 0 0)
(1 0 0)
(1 0 0)
(1 0 0)
(1 0 0)
(1 0 0)
(1 0 0)
(1 0 0)
(1 0 0)
(1 0 0)
(1 0 0)
(1 0 0)
(1 0 0)
(1 0 0)
(1 0 0)
(1 0 0)
(1 0 0)
(1 0 0)
(1 0 0)
(1 0 0)
(1 0 0)
(1 0 0)
(1 0 0)
(1 0 0)
(1 0 0)
(1 0 0)
(1 0 0)
(1 0 0)
(1 0 0)
(1 0 0)
(1 0 0)
(1 0 0)
(1 0 0)
(1 0 0)
(1 0 0)
(1 0 0)
(1 0 0)
(1 0 0)
(1 0 0)
(1 0 0)
(1 0 0)
(1 0 0)
(1 0 0)
(1 0 0)
(1 0 0)
(1 0 0)
(1 0 0)
(1 0 0)
(1 0 0)
(1 0 0)
(1 0 0)
(1 0 0)
(1 0 0)
(1 0 0)
(1 0 0)
(1 0 0)
(1 0 0)
(1 0 0)
(1 0 0)
(1 0 0)
(1 0 0)
(1 0 0)
(1 0 0)
(1 0 0)
(1 0 0)
(1 0 0)
(1 0 0)
(1 0 0)
(1 0 0)
(1 0 0)
(1 0 0)
(1 0 0)
(1 0 0)
(1 0 0)
(1 0 0)
(1 0 0)
(1 0 0)
(1 0 0)
(1 0 0)
(1 0 0)
(1 0 0)
(1 0 0)
(1 0 0)
(1 0 0)
(1 0 0)
(1 0 0)
(1 0 0)
(1 0 0)
(1 0 0)
(1 0 0)
(1 0 0)
(1 0 0)
(1 0 0)
(1 0 0)
(1 0 0)
(1 0 0)
(1 0 0)
(1 0 0)
(1 0 0)
(1 0 0)
(1 0 0)
(1 0 0)
(1 0 0)
(1 0 0)
(1 0 0)
(1 0 0)
(1 0 0)
(1 0 0)
(1 0 0)
)
;
    }
}

