/*--------------------------------*- C++ -*----------------------------------*\
| =========                 |                                                 |
| \\      /  F ield         | OpenFOAM: The Open Source CFD Toolbox           |
|  \\    /   O peration     | Version:  v2012                                 |
|   \\  /    A nd           | Website:  www.openfoam.com                      |
|    \\/     M anipulation  |                                                 |
\*---------------------------------------------------------------------------*/
FoamFile
{
    version     2.0;
    format      ascii;
    class       volVectorField;
    location    "0";
    object      U;
}
// * * * * * * * * * * * * * * * * * * * * * * * * * * * * * * * * * * * * * //

dimensions      [0 1 -1 0 0 0 0];


internalField   nonuniform List<vector> 
4000
(
(1 2.8115e-15 0)
(1 3.2451e-15 0)
(1 -1.00805e-15 0)
(1 4.48096e-15 0)
(1 -4.24766e-15 0)
(1 -1.48893e-16 0)
(1 4.37254e-15 0)
(1 -2.48071e-15 0)
(1 -8.31356e-16 0)
(1 -6.26497e-15 0)
(1 -1.58618e-15 0)
(1 -1.6842e-15 0)
(1 7.50402e-15 0)
(1 2.9393e-15 0)
(1 -4.16509e-15 0)
(1 -1.19831e-15 0)
(1 1.92702e-15 0)
(1 -5.36765e-15 0)
(1 -1.32132e-15 0)
(1 5.41022e-16 0)
(1 -5.09295e-16 0)
(1 1.8669e-17 0)
(1 -1.20351e-15 0)
(1 1.10805e-15 0)
(1 -4.57197e-16 0)
(1 -3.45419e-15 0)
(1 -1.99043e-15 0)
(1 1.16408e-16 0)
(1 -1.4426e-15 0)
(1 3.53963e-15 0)
(1 -1.71868e-15 0)
(1 -1.77386e-16 0)
(1 -2.06997e-15 0)
(1 5.04989e-15 0)
(1 5.37114e-17 0)
(1 6.79011e-15 0)
(1 5.98905e-15 0)
(1 6.85597e-15 0)
(1 -1.72001e-15 0)
(1 -4.25755e-15 0)
(1 -3.35958e-15 0)
(1 -7.48861e-15 0)
(1 2.57563e-16 0)
(1 3.01109e-15 0)
(1 3.28784e-15 0)
(1 -3.01327e-15 0)
(1 2.51606e-16 0)
(1 1.83083e-16 0)
(1 2.9487e-15 0)
(1 3.05403e-15 0)
(1 1.46525e-16 0)
(1 1.3836e-15 0)
(1 -2.18824e-16 0)
(1 2.87789e-15 0)
(1 3.03131e-15 0)
(1 2.32705e-15 0)
(1 -2.74914e-15 0)
(1 3.49553e-15 0)
(1 5.01136e-16 0)
(1 3.21284e-15 0)
(1 -1.35244e-15 0)
(1 1.12176e-15 0)
(1 -3.49316e-15 0)
(1 -1.69445e-15 0)
(1 -2.17076e-15 0)
(1 1.20619e-15 0)
(1 1.2324e-15 0)
(1 1.61781e-15 0)
(1 -1.25156e-15 0)
(1 -1.03548e-15 0)
(1 -3.51432e-15 0)
(1 -4.19635e-15 0)
(1 -2.7163e-15 0)
(1 -1.54138e-15 0)
(1 -3.41772e-15 0)
(1 -2.52976e-15 0)
(1 -6.31183e-15 0)
(1 -2.85696e-16 0)
(1 1.02814e-15 0)
(1 1.90662e-15 0)
(1 4.14123e-15 0)
(1 1.42643e-15 0)
(1 -2.4161e-15 0)
(1 1.27475e-15 0)
(1 8.68791e-16 0)
(1 -1.84321e-15 0)
(1 -1.17067e-15 0)
(1 1.62009e-16 0)
(1 5.87303e-16 0)
(1 4.22373e-15 0)
(1 4.83021e-16 0)
(1 3.38001e-15 0)
(1 2.04768e-15 0)
(1 8.93879e-16 0)
(1 -1.53931e-15 0)
(1 -1.92179e-15 0)
(1 -1.11311e-15 0)
(1 1.06823e-15 0)
(1 3.65889e-17 0)
(1 -9.55607e-16 0)
(1 3.46246e-15 0)
(1 3.01761e-15 0)
(1 1.45152e-16 0)
(1 3.6438e-15 0)
(1 -2.27255e-15 0)
(1 -4.02968e-15 0)
(1 2.27282e-15 0)
(1 -4.02629e-15 0)
(1 2.25096e-15 0)
(1 -1.71645e-15 0)
(1 -4.54041e-15 0)
(1 -4.37739e-15 0)
(1 8.01337e-15 0)
(1 5.63633e-15 0)
(1 6.84367e-17 0)
(1 -1.35833e-16 0)
(1 2.68346e-15 0)
(1 3.27749e-16 0)
(1 4.65011e-16 0)
(1 -7.89005e-16 0)
(1 -3.34913e-15 0)
(1 -1.32577e-15 0)
(1 -2.50335e-15 0)
(1 2.1917e-15 0)
(1 -3.45067e-15 0)
(1 -4.56207e-15 0)
(1 -3.87441e-15 0)
(1 -2.19784e-15 0)
(1 -6.41278e-16 0)
(1 -3.86518e-16 0)
(1 -1.87011e-15 0)
(1 6.23927e-17 0)
(1 -1.38326e-15 0)
(1 3.89183e-15 0)
(1 -4.80328e-15 0)
(1 1.01276e-14 0)
(1 7.59368e-15 0)
(1 6.07471e-15 0)
(1 -4.62504e-15 0)
(1 -2.2176e-15 0)
(1 -6.3735e-15 0)
(1 -5.87865e-15 0)
(1 8.48859e-16 0)
(1 3.15095e-15 0)
(1 -3.66956e-15 0)
(1 -6.72692e-15 0)
(1 -1.05952e-15 0)
(1 5.01359e-15 0)
(1 7.46188e-15 0)
(1 2.36227e-15 0)
(1 -1.42875e-15 0)
(1 -3.02015e-15 0)
(1 -1.50777e-15 0)
(1 -1.77501e-15 0)
(1 3.5733e-15 0)
(1 5.38925e-15 0)
(1 -1.75324e-15 0)
(1 -7.40241e-16 0)
(1 -8.78993e-16 0)
(1 -1.94483e-15 0)
(1 -2.94563e-15 0)
(1 -2.41561e-16 0)
(1 1.99655e-15 0)
(1 3.19196e-15 0)
(1 -9.23317e-16 0)
(1 4.20908e-15 0)
(1 -2.68734e-16 0)
(1 2.64588e-15 0)
(1 -6.1798e-16 0)
(1 -5.29102e-15 0)
(1 -1.99678e-15 0)
(1 7.38394e-16 0)
(1 7.82719e-15 0)
(1 5.54057e-15 0)
(1 9.90339e-16 0)
(1 -3.43611e-15 0)
(1 -3.77777e-15 0)
(1 -3.65307e-16 0)
(1 5.66568e-16 0)
(1 3.48524e-15 0)
(1 6.53947e-15 0)
(1 5.72208e-16 0)
(1 -4.11127e-15 0)
(1 2.05638e-15 0)
(1 2.23252e-15 0)
(1 6.78373e-16 0)
(1 -1.3055e-15 0)
(1 -3.50847e-15 0)
(1 -3.19533e-15 0)
(1 7.22246e-16 0)
(1 1.43702e-15 0)
(1 1.45115e-15 0)
(1 2.87914e-16 0)
(1 6.8604e-16 0)
(1 -6.23384e-15 0)
(1 -6.66147e-16 0)
(1 -9.38861e-16 0)
(1 2.8347e-15 0)
(1 -5.369e-16 0)
(1 -6.64598e-16 0)
(1 -3.38829e-15 0)
(1 4.58952e-15 0)
(1 -7.69971e-15 0)
(1 4.39691e-15 0)
(1 4.62124e-16 0)
(1 9.77838e-16 0)
(1 2.0626e-15 0)
(1 6.29957e-15 0)
(1 9.92473e-16 0)
(1 -2.85131e-15 0)
(1 -5.75191e-15 0)
(1 -6.18242e-16 0)
(1 4.65903e-15 0)
(1 6.80518e-15 0)
(1 1.19504e-16 0)
(1 -2.43547e-16 0)
(1 -1.32613e-16 0)
(1 -1.31119e-15 0)
(1 1.23129e-15 0)
(1 1.91964e-15 0)
(1 -6.2345e-16 0)
(1 -3.51164e-15 0)
(1 4.85123e-16 0)
(1 2.78502e-15 0)
(1 -2.69972e-16 0)
(1 4.18789e-15 0)
(1 7.60495e-15 0)
(1 6.88352e-15 0)
(1 2.37378e-15 0)
(1 -3.83507e-15 0)
(1 -1.79951e-15 0)
(1 -3.64349e-15 0)
(1 -1.16907e-15 0)
(1 -8.44796e-15 0)
(1 -1.63858e-15 0)
(1 9.03503e-15 0)
(1 1.75864e-15 0)
(1 3.53207e-15 0)
(1 4.86162e-15 0)
(1 4.19751e-15 0)
(1 6.1336e-15 0)
(1 -3.11521e-15 0)
(1 -1.26645e-15 0)
(1 -3.56553e-15 0)
(1 -2.89055e-15 0)
(1 -1.47026e-15 0)
(1 1.68477e-15 0)
(1 6.05917e-15 0)
(1 2.75495e-16 0)
(1 -3.33712e-15 0)
(1 -2.19595e-15 0)
(1 -2.42236e-15 0)
(1 3.43809e-15 0)
(1 -1.14495e-15 0)
(1 2.64092e-15 0)
(1 3.35632e-15 0)
(1 1.55673e-15 0)
(1 -6.97949e-16 0)
(1 -2.57234e-15 0)
(1 -5.40825e-15 0)
(1 3.95094e-16 0)
(1 -2.11346e-15 0)
(1 1.02895e-15 0)
(1 4.59772e-15 0)
(1 8.13892e-16 0)
(1 2.68009e-15 0)
(1 3.78272e-16 0)
(1 -4.46841e-16 0)
(1 -1.73521e-15 0)
(1 -2.48104e-15 0)
(1 -1.67626e-16 0)
(1 -3.16646e-15 0)
(1 2.1937e-15 0)
(1 -3.30344e-16 0)
(1 -3.84125e-16 0)
(1 -1.76689e-15 0)
(1 -2.08354e-15 0)
(1 -1.19055e-15 0)
(1 -5.46318e-16 0)
(1 -7.23883e-17 0)
(1 1.9605e-15 0)
(1 1.82907e-15 0)
(1 -1.9694e-15 0)
(1 -1.03695e-16 0)
(1 -1.35629e-17 0)
(1 3.34469e-15 0)
(1 2.7357e-15 0)
(1 -8.21327e-16 0)
(1 -3.21683e-15 0)
(1 -8.2153e-17 0)
(1 1.84876e-17 0)
(1 5.88813e-16 0)
(1 -1.80164e-15 0)
(1 -5.78624e-16 0)
(1 -3.23055e-15 0)
(1 3.65279e-17 0)
(1 -3.24232e-15 0)
(1 -1.48854e-15 0)
(1 1.22848e-15 0)
(1 6.68627e-16 0)
(1 -6.15901e-16 0)
(1 -2.17228e-15 0)
(1 -7.99088e-15 0)
(1 -4.02643e-15 0)
(1 3.53298e-15 0)
(1 4.6105e-15 0)
(1 6.85766e-15 0)
(1 5.73441e-15 0)
(1 -1.75168e-15 0)
(1 -3.02197e-15 0)
(1 -4.38792e-15 0)
(1 5.37808e-15 0)
(1 7.09582e-15 0)
(1 1.1716e-14 0)
(1 -2.17412e-15 0)
(1 -3.91058e-15 0)
(1 2.80913e-15 0)
(1 -4.95225e-15 0)
(1 -4.6205e-15 0)
(1 3.88442e-15 0)
(1 5.30513e-15 0)
(1 -6.7241e-16 0)
(1 7.83596e-15 0)
(1 1.19148e-14 0)
(1 8.9288e-15 0)
(1 3.00539e-15 0)
(1 -9.34853e-16 0)
(1 3.23353e-15 0)
(1 1.52538e-15 0)
(1 -1.0688e-15 0)
(1 -7.64698e-15 0)
(1 -3.20327e-15 0)
(1 -7.11874e-15 0)
(1 -1.0619e-14 0)
(1 -1.2795e-15 0)
(1 6.38721e-17 0)
(1 4.31798e-15 0)
(1 6.92253e-15 0)
(1 1.27387e-14 0)
(1 6.28493e-16 0)
(1 1.05473e-14 0)
(1 -6.13351e-15 0)
(1 -5.94458e-15 0)
(1 -9.55028e-15 0)
(1 5.1172e-15 0)
(1 5.38338e-15 0)
(1 9.2744e-15 0)
(1 4.26504e-15 0)
(1 4.06366e-15 0)
(1 -3.5607e-16 0)
(1 -2.41949e-15 0)
(1 1.18767e-15 0)
(1 -1.45624e-15 0)
(1 1.92059e-15 0)
(1 -2.60973e-15 0)
(1 -5.76172e-15 0)
(1 3.27531e-15 0)
(1 5.03403e-15 0)
(1 -7.55495e-15 0)
(1 -1.5587e-16 0)
(1 1.63197e-15 0)
(1 -2.82953e-15 0)
(1 3.39288e-16 0)
(1 1.27321e-15 0)
(1 3.51994e-15 0)
(1 -2.73987e-16 0)
(1 -3.30958e-17 0)
(1 -5.54564e-15 0)
(1 -2.24066e-15 0)
(1 8.17764e-16 0)
(1 -3.46801e-15 0)
(1 -8.76257e-15 0)
(1 -7.76859e-15 0)
(1 -9.54189e-15 0)
(1 -3.26801e-15 0)
(1 1.80608e-15 0)
(1 6.30044e-16 0)
(1 1.04703e-15 0)
(1 6.24894e-15 0)
(1 7.9816e-16 0)
(1 9.55673e-16 0)
(1 4.03692e-15 0)
(1 1.66499e-15 0)
(1 -1.43875e-15 0)
(1 -3.34468e-16 0)
(1 1.65256e-15 0)
(1 9.35777e-15 0)
(1 6.24053e-15 0)
(1 4.17599e-15 0)
(1 3.27443e-15 0)
(1 -1.79278e-15 0)
(1 1.30233e-15 0)
(1 7.61267e-16 0)
(1 -7.65977e-16 0)
(1 -2.04485e-15 0)
(1 -5.28809e-15 0)
(1 -5.34123e-15 0)
(1 -5.62355e-15 0)
(1 -3.6905e-15 0)
(1 8.55229e-16 0)
(1 5.10896e-15 0)
(1 -3.8198e-15 0)
(1 8.14704e-16 0)
(1 -2.90025e-15 0)
(1 9.38904e-15 0)
(1 4.02133e-15 0)
(1 -3.50714e-15 0)
(1 -6.08979e-15 0)
(1 -8.15628e-15 0)
(1 -4.07485e-15 0)
(1 3.43078e-15 0)
(1 2.37523e-15 0)
(1 2.43501e-15 0)
(1 2.374e-15 0)
(1 1.06998e-14 0)
(1 4.22251e-16 0)
(1 -2.41685e-15 0)
(1 -1.956e-15 0)
(1 -1.12017e-15 0)
(1 -1.03279e-14 0)
(1 2.78357e-15 0)
(1 7.74179e-16 0)
(1 6.35494e-15 0)
(1 9.28853e-15 0)
(1 1.28071e-14 0)
(1 1.01297e-14 0)
(1 5.10393e-15 0)
(1 6.44933e-16 0)
(1 4.86153e-15 0)
(1 1.19011e-15 0)
(1 -4.67895e-15 0)
(1 -2.85054e-15 0)
(1 -6.90468e-15 0)
(1 3.26111e-15 0)
(1 -8.60135e-15 0)
(1 -1.02898e-14 0)
(1 1.3996e-15 0)
(1 1.73817e-16 0)
(1 5.95361e-15 0)
(1 2.2511e-15 0)
(1 2.24808e-15 0)
(1 2.90469e-15 0)
(1 -5.10278e-15 0)
(1 -3.88194e-15 0)
(1 -4.82597e-15 0)
(1 2.3647e-15 0)
(1 5.83833e-15 0)
(1 5.64394e-15 0)
(1 8.14915e-15 0)
(1 1.10473e-15 0)
(1 -1.59657e-16 0)
(1 -3.74803e-15 0)
(1 -7.1089e-15 0)
(1 -1.37516e-15 0)
(1 -4.53517e-15 0)
(1 -3.28099e-15 0)
(1 6.62975e-15 0)
(1 5.18843e-15 0)
(1 1.70449e-16 0)
(1 5.32157e-15 0)
(1 1.64581e-15 0)
(1 -2.05081e-15 0)
(1 5.52842e-15 0)
(1 3.48534e-15 0)
(1 6.07123e-15 0)
(1 4.18656e-15 0)
(1 6.04438e-16 0)
(1 -6.2456e-15 0)
(1 -1.23535e-15 0)
(1 -3.30303e-16 0)
(1 -6.79612e-15 0)
(1 -7.54502e-16 0)
(1 9.99121e-17 0)
(1 -4.66677e-15 0)
(1 1.41133e-15 0)
(1 -1.0953e-16 0)
(1 -8.62833e-16 0)
(1 -5.27348e-15 0)
(1 4.34448e-15 0)
(1 7.32599e-15 0)
(1 1.85492e-15 0)
(1 -3.81235e-16 0)
(1 4.23694e-15 0)
(1 3.2298e-15 0)
(1 5.62335e-15 0)
(1 2.12329e-15 0)
(1 6.94278e-15 0)
(1 2.66404e-15 0)
(1 3.38307e-15 0)
(1 -2.11756e-15 0)
(1 1.98701e-15 0)
(1 -2.60325e-15 0)
(1 3.212e-15 0)
(1 5.81784e-16 0)
(1 1.31097e-15 0)
(1 -2.1693e-15 0)
(1 -3.90997e-15 0)
(1 -4.92741e-15 0)
(1 1.21948e-16 0)
(1 4.33073e-15 0)
(1 -8.14155e-16 0)
(1 1.36495e-15 0)
(1 7.53966e-16 0)
(1 1.32172e-15 0)
(1 -9.06642e-16 0)
(1 7.54516e-15 0)
(1 -6.30021e-15 0)
(1 -6.85772e-15 0)
(1 -8.59842e-15 0)
(1 -5.89269e-15 0)
(1 8.62101e-15 0)
(1 2.06456e-15 0)
(1 3.00525e-15 0)
(1 -1.40609e-15 0)
(1 1.17058e-14 0)
(1 6.49483e-15 0)
(1 -3.97999e-15 0)
(1 -1.11502e-14 0)
(1 -3.64042e-16 0)
(1 -9.62228e-15 0)
(1 8.58575e-15 0)
(1 1.8888e-14 0)
(1 1.36303e-14 0)
(1 1.49204e-15 0)
(1 2.02971e-15 0)
(1 2.03561e-15 0)
(1 3.70994e-15 0)
(1 4.48099e-15 0)
(1 3.25119e-15 0)
(1 4.21549e-16 0)
(1 -3.99658e-15 0)
(1 -8.18138e-15 0)
(1 -6.46431e-15 0)
(1 3.61196e-15 0)
(1 1.27257e-15 0)
(1 3.75893e-16 0)
(1 1.4211e-15 0)
(1 1.2627e-15 0)
(1 6.08127e-15 0)
(1 8.37841e-16 0)
(1 3.47758e-15 0)
(1 6.18945e-15 0)
(1 2.3467e-15 0)
(1 4.85278e-15 0)
(1 -2.36825e-15 0)
(1 1.64689e-15 0)
(1 7.30088e-16 0)
(1 4.76239e-15 0)
(1 2.81281e-15 0)
(1 6.31831e-16 0)
(1 -1.70835e-15 0)
(1 6.80224e-18 0)
(1 4.4321e-15 0)
(1 -4.1456e-15 0)
(1 -9.02623e-15 0)
(1 -1.116e-15 0)
(1 3.89727e-15 0)
(1 6.2586e-15 0)
(1 1.04289e-14 0)
(1 7.84421e-15 0)
(1 1.20261e-15 0)
(1 7.59916e-16 0)
(1 3.03463e-15 0)
(1 9.00056e-16 0)
(1 3.62586e-15 0)
(1 5.09019e-15 0)
(1 1.14643e-15 0)
(1 6.52451e-15 0)
(1 9.61989e-15 0)
(1 1.17908e-14 0)
(1 9.37752e-16 0)
(1 -3.65592e-16 0)
(1 -1.60691e-15 0)
(1 -3.7378e-15 0)
(1 -3.43265e-15 0)
(1 -8.33906e-15 0)
(1 -4.05443e-15 0)
(1 -5.0676e-16 0)
(1 5.11203e-17 0)
(1 4.18158e-15 0)
(1 2.58076e-15 0)
(1 5.12589e-15 0)
(1 2.47737e-15 0)
(1 3.99095e-15 0)
(1 -1.84659e-16 0)
(1 -3.84498e-15 0)
(1 2.48454e-15 0)
(1 2.60711e-15 0)
(1 1.85615e-15 0)
(1 1.14693e-15 0)
(1 -2.65239e-16 0)
(1 2.2936e-15 0)
(1 -1.68591e-15 0)
(1 5.2803e-15 0)
(1 5.37863e-15 0)
(1 5.43674e-15 0)
(1 3.1329e-15 0)
(1 1.4606e-15 0)
(1 7.57934e-15 0)
(1 6.48924e-15 0)
(1 -3.25863e-17 0)
(1 -5.74623e-16 0)
(1 7.71841e-15 0)
(1 3.14442e-15 0)
(1 -3.10688e-15 0)
(1 2.60793e-15 0)
(1 1.34637e-15 0)
(1 -4.82714e-15 0)
(1 -2.88792e-15 0)
(1 5.56276e-16 0)
(1 -3.47958e-15 0)
(1 -1.74988e-15 0)
(1 2.09619e-15 0)
(1 7.67886e-15 0)
(1 2.13637e-15 0)
(1 4.47776e-15 0)
(1 -9.15515e-16 0)
(1 -5.39928e-15 0)
(1 -7.10034e-15 0)
(1 8.39587e-15 0)
(1 8.1156e-15 0)
(1 1.57346e-14 0)
(1 1.94613e-15 0)
(1 -3.25826e-15 0)
(1 5.20375e-16 0)
(1 2.36114e-15 0)
(1 5.85753e-16 0)
(1 8.21312e-16 0)
(1 1.87911e-15 0)
(1 3.57574e-15 0)
(1 1.66463e-15 0)
(1 -6.11523e-16 0)
(1 -3.67672e-16 0)
(1 -6.65432e-15 0)
(1 6.46475e-16 0)
(1 -1.39513e-15 0)
(1 1.40973e-15 0)
(1 1.89079e-15 0)
(1 4.30241e-15 0)
(1 3.84265e-15 0)
(1 1.76111e-14 0)
(1 1.0194e-14 0)
(1 7.95877e-15 0)
(1 -2.3476e-15 0)
(1 2.78633e-15 0)
(1 -2.34551e-15 0)
(1 -4.41924e-15 0)
(1 -2.5521e-15 0)
(1 2.616e-15 0)
(1 4.27504e-15 0)
(1 7.51067e-16 0)
(1 -6.91217e-15 0)
(1 -6.84729e-15 0)
(1 -2.95669e-15 0)
(1 -2.99685e-15 0)
(1 5.63653e-16 0)
(1 6.03311e-16 0)
(1 2.8373e-15 0)
(1 6.88668e-15 0)
(1 1.32564e-15 0)
(1 4.4085e-15 0)
(1 8.9401e-15 0)
(1 7.08266e-15 0)
(1 3.8646e-15 0)
(1 3.41864e-15 0)
(1 -2.22105e-15 0)
(1 -4.59796e-15 0)
(1 5.42573e-15 0)
(1 6.18452e-15 0)
(1 2.46713e-15 0)
(1 2.34403e-15 0)
(1 -1.83794e-15 0)
(1 -6.81687e-15 0)
(1 3.94609e-16 0)
(1 -4.97393e-17 0)
(1 1.47451e-15 0)
(1 2.55612e-15 0)
(1 1.01976e-14 0)
(1 3.16238e-15 0)
(1 2.72049e-15 0)
(1 5.04819e-15 0)
(1 1.20191e-15 0)
(1 3.9342e-15 0)
(1 1.49507e-15 0)
(1 2.09989e-15 0)
(1 4.41778e-15 0)
(1 8.98189e-15 0)
(1 6.81167e-15 0)
(1 4.17399e-15 0)
(1 3.51174e-15 0)
(1 4.40891e-16 0)
(1 6.39344e-15 0)
(1 4.39687e-15 0)
(1 5.53353e-15 0)
(1 2.47299e-15 0)
(1 8.63398e-15 0)
(1 1.10728e-14 0)
(1 9.03963e-15 0)
(1 3.3942e-15 0)
(1 6.96842e-15 0)
(1 7.56182e-16 0)
(1 1.04383e-16 0)
(1 1.20032e-15 0)
(1 1.23609e-15 0)
(1 4.50055e-15 0)
(1 -2.64315e-15 0)
(1 2.05359e-15 0)
(1 -2.01484e-15 0)
(1 -3.64797e-15 0)
(1 3.75555e-16 0)
(1 -7.86057e-15 0)
(1 1.74846e-15 0)
(1 2.25514e-15 0)
(1 1.15424e-14 0)
(1 2.71823e-16 0)
(1 3.30781e-15 0)
(1 -3.0315e-15 0)
(1 6.56158e-15 0)
(1 -4.65249e-15 0)
(1 1.00042e-14 0)
(1 -1.5727e-15 0)
(1 2.57001e-15 0)
(1 -5.04529e-15 0)
(1 -8.83916e-16 0)
(1 -5.00679e-15 0)
(1 6.73591e-15 0)
(1 7.56928e-15 0)
(1 2.08412e-17 0)
(1 1.90956e-15 0)
(1 8.81718e-15 0)
(1 2.42508e-15 0)
(1 1.46453e-15 0)
(1 -2.45606e-15 0)
(1 -8.43641e-15 0)
(1 -4.48721e-15 0)
(1 -3.477e-15 0)
(1 -9.73877e-16 0)
(1 1.38121e-15 0)
(1 4.93021e-15 0)
(1 1.22199e-14 0)
(1 6.59403e-15 0)
(1 -1.877e-15 0)
(1 -1.76168e-16 0)
(1 -2.97052e-15 0)
(1 1.6056e-15 0)
(1 6.06198e-15 0)
(1 2.43664e-16 0)
(1 2.14258e-15 0)
(1 5.14036e-15 0)
(1 5.60789e-15 0)
(1 4.57875e-15 0)
(1 -2.17982e-15 0)
(1 -2.22726e-15 0)
(1 3.08645e-15 0)
(1 8.87409e-15 0)
(1 -1.32441e-15 0)
(1 -1.54493e-15 0)
(1 -7.47063e-15 0)
(1 1.72361e-15 0)
(1 -2.95394e-15 0)
(1 1.25564e-14 0)
(1 1.46408e-14 0)
(1 9.43527e-15 0)
(1 6.64781e-15 0)
(1 5.24625e-15 0)
(1 1.62165e-15 0)
(1 1.54846e-15 0)
(1 8.38509e-16 0)
(1 -1.19877e-15 0)
(1 -3.70826e-15 0)
(1 5.7938e-15 0)
(1 8.08633e-15 0)
(1 2.06171e-16 0)
(1 -2.47348e-16 0)
(1 4.08145e-15 0)
(1 6.5439e-15 0)
(1 -1.15849e-15 0)
(1 5.65819e-16 0)
(1 3.00348e-15 0)
(1 3.01302e-15 0)
(1 4.64095e-15 0)
(1 -2.37637e-15 0)
(1 2.1392e-15 0)
(1 1.27211e-15 0)
(1 3.68945e-15 0)
(1 4.43325e-15 0)
(1 3.17551e-15 0)
(1 4.06943e-16 0)
(1 2.54319e-15 0)
(1 4.83927e-16 0)
(1 1.83994e-15 0)
(1 2.56391e-15 0)
(1 7.80131e-15 0)
(1 6.08296e-15 0)
(1 1.09143e-14 0)
(1 9.68623e-15 0)
(1 7.0428e-15 0)
(1 1.02134e-14 0)
(1 6.26166e-15 0)
(1 1.23074e-14 0)
(1 -2.35997e-15 0)
(1 -1.57444e-15 0)
(1 -4.29594e-15 0)
(1 -5.33889e-15 0)
(1 -3.14627e-15 0)
(1 3.30315e-16 0)
(1 -1.96091e-16 0)
(1 2.43605e-15 0)
(1 -5.70683e-15 0)
(1 4.65887e-16 0)
(1 -1.90347e-15 0)
(1 5.30124e-15 0)
(1 9.26462e-15 0)
(1 1.29404e-14 0)
(1 -3.97391e-16 0)
(1 -2.51818e-15 0)
(1 9.279e-16 0)
(1 9.14191e-15 0)
(1 -6.14013e-15 0)
(1 1.72958e-16 0)
(1 -3.85144e-15 0)
(1 5.23082e-15 0)
(1 1.07365e-14 0)
(1 1.43604e-14 0)
(1 -4.80221e-16 0)
(1 3.46477e-15 0)
(1 -4.54939e-15 0)
(1 -6.02062e-15 0)
(1 -1.37211e-17 0)
(1 -7.96103e-16 0)
(1 -8.40417e-15 0)
(1 -6.0711e-15 0)
(1 -9.07188e-15 0)
(1 -7.63227e-15 0)
(1 7.99351e-17 0)
(1 7.43372e-15 0)
(1 5.42576e-15 0)
(1 3.52799e-15 0)
(1 3.79199e-15 0)
(1 6.78257e-15 0)
(1 -8.55078e-15 0)
(1 -3.74991e-15 0)
(1 6.49116e-16 0)
(1 5.74755e-15 0)
(1 7.05595e-15 0)
(1 8.75157e-15 0)
(1 7.4212e-15 0)
(1 3.40559e-15 0)
(1 3.76951e-15 0)
(1 -1.5554e-15 0)
(1 1.38545e-15 0)
(1 1.06221e-14 0)
(1 1.07974e-14 0)
(1 -3.72151e-15 0)
(1 4.01793e-15 0)
(1 1.82077e-17 0)
(1 3.33799e-15 0)
(1 -1.82695e-15 0)
(1 5.03268e-15 0)
(1 1.56917e-15 0)
(1 4.79387e-15 0)
(1 1.19517e-16 0)
(1 5.16239e-16 0)
(1 -1.38967e-15 0)
(1 -2.29595e-15 0)
(1 2.42838e-15 0)
(1 1.02277e-14 0)
(1 1.50807e-14 0)
(1 1.59649e-14 0)
(1 1.24334e-14 0)
(1 1.19756e-14 0)
(1 1.16745e-14 0)
(1 7.93626e-15 0)
(1 3.32576e-16 0)
(1 -5.77491e-16 0)
(1 -1.077e-15 0)
(1 -2.01194e-15 0)
(1 2.25625e-15 0)
(1 4.97789e-15 0)
(1 3.63121e-15 0)
(1 6.67732e-15 0)
(1 8.00172e-15 0)
(1 2.5611e-15 0)
(1 1.56026e-16 0)
(1 -1.35929e-15 0)
(1 -2.10688e-15 0)
(1 -1.61718e-15 0)
(1 -2.63357e-15 0)
(1 2.90196e-15 0)
(1 5.04246e-17 0)
(1 2.08226e-15 0)
(1 1.68732e-15 0)
(1 6.32665e-15 0)
(1 9.37997e-15 0)
(1 1.68991e-14 0)
(1 1.88679e-14 0)
(1 2.08935e-14 0)
(1 1.8137e-14 0)
(1 1.77867e-14 0)
(1 2.08913e-14 0)
(1 -6.45037e-18 0)
(1 2.05522e-15 0)
(1 4.98912e-15 0)
(1 3.8631e-15 0)
(1 -7.39293e-15 0)
(1 7.55401e-16 0)
(1 2.34527e-16 0)
(1 -3.74106e-16 0)
(1 6.3097e-16 0)
(1 -3.59371e-15 0)
(1 -2.66976e-15 0)
(1 -2.2971e-15 0)
(1 4.18166e-15 0)
(1 -1.87255e-15 0)
(1 7.73554e-15 0)
(1 5.89215e-16 0)
(1 1.32108e-15 0)
(1 5.20813e-15 0)
(1 5.84466e-15 0)
(1 -9.18432e-16 0)
(1 -5.60034e-15 0)
(1 -1.30071e-14 0)
(1 3.77767e-15 0)
(1 1.07364e-14 0)
(1 7.86828e-15 0)
(1 5.65444e-15 0)
(1 5.70357e-15 0)
(1 2.92701e-15 0)
(1 -5.1067e-15 0)
(1 -8.03257e-15 0)
(1 1.86294e-15 0)
(1 1.36789e-15 0)
(1 5.67665e-15 0)
(1 -3.37529e-15 0)
(1 -3.93354e-15 0)
(1 -4.18487e-15 0)
(1 -1.78545e-15 0)
(1 -1.11309e-15 0)
(1 -2.2246e-15 0)
(1 4.59907e-15 0)
(1 -1.18586e-15 0)
(1 6.43466e-15 0)
(1 4.77319e-15 0)
(1 6.19914e-15 0)
(1 9.25517e-15 0)
(1 6.47297e-16 0)
(1 1.91278e-15 0)
(1 -1.28556e-15 0)
(1 2.73759e-15 0)
(1 5.6901e-15 0)
(1 3.29745e-15 0)
(1 2.6759e-15 0)
(1 3.0193e-15 0)
(1 4.23056e-15 0)
(1 3.43325e-15 0)
(1 7.08816e-15 0)
(1 3.50626e-15 0)
(1 6.50407e-15 0)
(1 7.91079e-16 0)
(1 3.32315e-15 0)
(1 1.55067e-15 0)
(1 1.61204e-15 0)
(1 4.56488e-15 0)
(1 5.38781e-15 0)
(1 3.17824e-15 0)
(1 3.28187e-15 0)
(1 1.26733e-14 0)
(1 1.39932e-14 0)
(1 1.78824e-14 0)
(1 1.19806e-14 0)
(1 7.70452e-15 0)
(1 5.37337e-15 0)
(1 3.39263e-15 0)
(1 7.86962e-18 0)
(1 3.31229e-17 0)
(1 2.49839e-15 0)
(1 6.74829e-15 0)
(1 4.34064e-15 0)
(1 5.8281e-15 0)
(1 2.04281e-15 0)
(1 4.3258e-15 0)
(1 -9.81892e-16 0)
(1 1.07624e-15 0)
(1 1.84713e-15 0)
(1 -2.31177e-15 0)
(1 5.03515e-15 0)
(1 2.96252e-15 0)
(1 8.85291e-17 0)
(1 5.51018e-15 0)
(1 1.11128e-15 0)
(1 8.33416e-15 0)
(1 4.11853e-15 0)
(1 6.82907e-15 0)
(1 6.92591e-15 0)
(1 1.3827e-14 0)
(1 1.48741e-14 0)
(1 2.12437e-14 0)
(1 1.51526e-14 0)
(1 2.60742e-14 0)
(1 2.37525e-14 0)
(1 8.56551e-16 0)
(1 1.1237e-16 0)
(1 2.56701e-15 0)
(1 7.33576e-16 0)
(1 -6.7507e-15 0)
(1 -5.31806e-15 0)
(1 -1.80629e-16 0)
(1 -5.47009e-15 0)
(1 4.77725e-16 0)
(1 -1.15013e-15 0)
(1 3.35251e-16 0)
(1 -4.59354e-15 0)
(1 -6.8307e-15 0)
(1 -5.68059e-17 0)
(1 1.16832e-14 0)
(1 1.08547e-14 0)
(1 1.26562e-14 0)
(1 3.86434e-15 0)
(1 1.70744e-14 0)
(1 1.39998e-15 0)
(1 2.11323e-15 0)
(1 -1.1398e-14 0)
(1 -9.13592e-15 0)
(1 -1.10353e-14 0)
(1 -4.65196e-15 0)
(1 -9.81675e-15 0)
(1 5.96005e-15 0)
(1 3.94562e-15 0)
(1 -6.60539e-15 0)
(1 -4.42104e-15 0)
(1 7.19997e-15 0)
(1 -1.33719e-15 0)
(1 1.41179e-15 0)
(1 2.16406e-15 0)
(1 -6.47274e-16 0)
(1 -4.85538e-15 0)
(1 -3.82555e-15 0)
(1 1.32512e-15 0)
(1 -4.02406e-15 0)
(1 1.89486e-15 0)
(1 -2.97665e-15 0)
(1 2.0114e-15 0)
(1 3.98614e-15 0)
(1 6.85224e-15 0)
(1 5.73143e-15 0)
(1 4.57414e-15 0)
(1 9.21065e-15 0)
(1 4.60026e-15 0)
(1 7.33158e-15 0)
(1 3.87264e-15 0)
(1 7.26143e-15 0)
(1 -1.25718e-16 0)
(1 2.47168e-15 0)
(1 9.7669e-15 0)
(1 3.40083e-15 0)
(1 -1.12263e-17 0)
(1 1.71459e-15 0)
(1 3.0441e-15 0)
(1 1.7412e-15 0)
(1 1.05267e-15 0)
(1 7.90752e-15 0)
(1 3.73457e-15 0)
(1 2.33052e-15 0)
(1 4.47025e-15 0)
(1 6.76737e-15 0)
(1 1.04265e-14 0)
(1 8.62868e-15 0)
(1 3.94846e-15 0)
(1 5.69529e-15 0)
(1 1.18852e-14 0)
(1 1.78937e-14 0)
(1 1.05123e-14 0)
(1 5.5731e-15 0)
(1 -1.00344e-15 0)
(1 -1.26756e-16 0)
(1 2.36293e-15 0)
(1 1.06328e-14 0)
(1 1.08247e-14 0)
(1 7.76673e-15 0)
(1 4.84201e-15 0)
(1 1.05225e-15 0)
(1 2.16222e-15 0)
(1 3.48752e-15 0)
(1 5.11416e-15 0)
(1 -1.36056e-15 0)
(1 -3.76631e-15 0)
(1 -3.73916e-15 0)
(1 2.48159e-15 0)
(1 1.55196e-15 0)
(1 4.9249e-16 0)
(1 5.47475e-15 0)
(1 6.14559e-15 0)
(1 1.05118e-14 0)
(1 7.92386e-15 0)
(1 1.64364e-14 0)
(1 6.80698e-15 0)
(1 1.1765e-14 0)
(1 1.07537e-14 0)
(1 2.07528e-14 0)
(1 1.68601e-14 0)
(1 2.4576e-15 0)
(1 -4.02646e-15 0)
(1 3.43846e-15 0)
(1 9.91283e-17 0)
(1 -1.51407e-15 0)
(1 -4.20446e-15 0)
(1 -2.22585e-15 0)
(1 -2.29097e-15 0)
(1 -7.05821e-15 0)
(1 2.51412e-15 0)
(1 4.0705e-15 0)
(1 6.13668e-15 0)
(1 5.79259e-16 0)
(1 5.71016e-15 0)
(1 -6.0662e-15 0)
(1 -3.70838e-15 0)
(1 4.89495e-15 0)
(1 -8.86942e-16 0)
(1 8.00545e-15 0)
(1 -8.57814e-15 0)
(1 5.61172e-15 0)
(1 7.9685e-15 0)
(1 2.1435e-15 0)
(1 -1.18251e-17 0)
(1 4.65255e-15 0)
(1 4.46864e-15 0)
(1 2.41136e-15 0)
(1 -7.92526e-16 0)
(1 1.57862e-15 0)
(1 6.94112e-16 0)
(1 -3.80896e-15 0)
(1 -3.29497e-15 0)
(1 -6.34675e-15 0)
(1 2.8812e-15 0)
(1 -3.3009e-15 0)
(1 -1.06674e-15 0)
(1 -4.88066e-15 0)
(1 -2.80574e-15 0)
(1 -3.04776e-15 0)
(1 -4.68283e-15 0)
(1 3.26173e-15 0)
(1 7.31806e-15 0)
(1 8.30694e-15 0)
(1 6.25836e-15 0)
(1 9.47999e-16 0)
(1 5.71908e-15 0)
(1 1.12107e-14 0)
(1 8.87465e-15 0)
(1 5.0675e-15 0)
(1 -1.83833e-15 0)
(1 3.69978e-15 0)
(1 -6.45092e-16 0)
(1 -6.74254e-16 0)
(1 8.34212e-15 0)
(1 7.32382e-15 0)
(1 4.06862e-15 0)
(1 -3.99557e-15 0)
(1 2.88818e-15 0)
(1 6.74662e-15 0)
(1 4.37969e-15 0)
(1 3.69079e-15 0)
(1 2.45339e-15 0)
(1 -8.6679e-16 0)
(1 1.16437e-15 0)
(1 1.17576e-14 0)
(1 6.85763e-15 0)
(1 4.47842e-15 0)
(1 6.7089e-15 0)
(1 2.1726e-15 0)
(1 1.11617e-14 0)
(1 1.48665e-14 0)
(1 1.5339e-14 0)
(1 2.42077e-15 0)
(1 2.95497e-15 0)
(1 6.04621e-16 0)
(1 2.13555e-17 0)
(1 -1.38483e-15 0)
(1 5.38405e-15 0)
(1 2.01781e-15 0)
(1 8.70704e-15 0)
(1 7.83626e-15 0)
(1 1.40986e-14 0)
(1 5.86349e-15 0)
(1 2.09822e-15 0)
(1 5.62236e-15 0)
(1 -5.35264e-15 0)
(1 -3.15004e-15 0)
(1 6.80535e-15 0)
(1 1.70579e-15 0)
(1 1.29706e-15 0)
(1 -2.65822e-15 0)
(1 3.47149e-15 0)
(1 1.18696e-14 0)
(1 1.17215e-14 0)
(1 1.17428e-14 0)
(1 1.28105e-14 0)
(1 1.17159e-14 0)
(1 1.43965e-14 0)
(1 1.28089e-14 0)
(1 1.22174e-14 0)
(1 2.28326e-15 0)
(1 1.46765e-15 0)
(1 -4.39133e-15 0)
(1 -2.10574e-15 0)
(1 -1.86437e-15 0)
(1 -7.20407e-16 0)
(1 -4.36313e-15 0)
(1 2.26836e-15 0)
(1 -5.62185e-15 0)
(1 2.61709e-15 0)
(1 2.53628e-15 0)
(1 2.07203e-14 0)
(1 2.15494e-15 0)
(1 -3.60801e-15 0)
(1 -9.73631e-15 0)
(1 -2.32278e-15 0)
(1 -5.54248e-15 0)
(1 1.54617e-14 0)
(1 1.23338e-14 0)
(1 1.60553e-14 0)
(1 2.31765e-15 0)
(1 -9.9284e-15 0)
(1 -2.36138e-14 0)
(1 -1.233e-14 0)
(1 -9.83706e-15 0)
(1 3.78092e-15 0)
(1 1.60655e-15 0)
(1 4.30984e-15 0)
(1 7.60484e-15 0)
(1 1.32649e-15 0)
(1 -4.90505e-15 0)
(1 -1.00911e-15 0)
(1 -1.76633e-15 0)
(1 -1.06238e-15 0)
(1 -4.66792e-15 0)
(1 -1.51636e-15 0)
(1 -4.32932e-15 0)
(1 -5.93358e-15 0)
(1 1.35407e-15 0)
(1 1.43191e-16 0)
(1 4.59698e-15 0)
(1 4.32035e-15 0)
(1 2.27122e-16 0)
(1 1.94311e-16 0)
(1 7.1954e-15 0)
(1 1.37074e-14 0)
(1 7.00479e-15 0)
(1 1.71664e-14 0)
(1 8.38969e-15 0)
(1 1.10902e-14 0)
(1 -3.97912e-15 0)
(1 -2.59517e-16 0)
(1 9.36716e-16 0)
(1 5.02587e-15 0)
(1 3.25468e-15 0)
(1 2.42252e-15 0)
(1 -6.94126e-15 0)
(1 -6.76255e-16 0)
(1 -3.7991e-15 0)
(1 -3.65326e-15 0)
(1 -3.53945e-15 0)
(1 5.41065e-15 0)
(1 7.83645e-15 0)
(1 1.36109e-14 0)
(1 1.25354e-14 0)
(1 6.52532e-15 0)
(1 6.83226e-15 0)
(1 6.5017e-15 0)
(1 4.06903e-15 0)
(1 1.19467e-15 0)
(1 -3.05118e-15 0)
(1 4.6604e-15 0)
(1 1.55181e-15 0)
(1 1.22417e-14 0)
(1 9.20878e-15 0)
(1 3.58479e-15 0)
(1 -2.54385e-15 0)
(1 -1.93979e-15 0)
(1 -1.67225e-15 0)
(1 5.94024e-15 0)
(1 6.43542e-15 0)
(1 1.04597e-14 0)
(1 4.21163e-15 0)
(1 7.20024e-15 0)
(1 5.6705e-15 0)
(1 5.54254e-15 0)
(1 3.66184e-15 0)
(1 5.48786e-15 0)
(1 2.35897e-15 0)
(1 3.0137e-15 0)
(1 -6.22858e-16 0)
(1 3.82576e-15 0)
(1 1.30966e-15 0)
(1 4.4917e-15 0)
(1 2.94684e-15 0)
(1 1.14202e-14 0)
(1 1.07016e-14 0)
(1 1.19252e-14 0)
(1 5.464e-15 0)
(1 6.34759e-15 0)
(1 -7.47215e-16 0)
(1 4.65364e-15 0)
(1 -2.57406e-15 0)
(1 -5.20993e-15 0)
(1 -5.15484e-16 0)
(1 -8.00841e-15 0)
(1 -6.47802e-15 0)
(1 6.38657e-15 0)
(1 1.1455e-14 0)
(1 7.74289e-15 0)
(1 4.17161e-15 0)
(1 4.41368e-16 0)
(1 -5.4449e-15 0)
(1 -2.75636e-15 0)
(1 4.85956e-16 0)
(1 2.11536e-15 0)
(1 -4.894e-15 0)
(1 3.92044e-15 0)
(1 -3.04935e-15 0)
(1 1.22645e-14 0)
(1 -3.60436e-15 0)
(1 1.83384e-15 0)
(1 -1.38825e-14 0)
(1 -5.66231e-15 0)
(1 2.71078e-15 0)
(1 -5.34121e-16 0)
(1 1.10764e-15 0)
(1 -5.1707e-16 0)
(1 -1.35777e-15 0)
(1 -4.44897e-16 0)
(1 2.43318e-15 0)
(1 -4.39283e-15 0)
(1 -3.59159e-15 0)
(1 -9.46738e-15 0)
(1 -3.96917e-15 0)
(1 6.13118e-15 0)
(1 1.94497e-16 0)
(1 5.60049e-16 0)
(1 1.97921e-15 0)
(1 -7.10053e-15 0)
(1 -1.96985e-15 0)
(1 4.179e-15 0)
(1 7.75302e-15 0)
(1 8.495e-15 0)
(1 1.2898e-14 0)
(1 8.03246e-15 0)
(1 3.05856e-15 0)
(1 5.36466e-15 0)
(1 4.69801e-15 0)
(1 5.54016e-15 0)
(1 -7.74929e-17 0)
(1 3.12136e-15 0)
(1 3.97482e-15 0)
(1 -1.05322e-15 0)
(1 2.40481e-15 0)
(1 7.93879e-15 0)
(1 6.1892e-15 0)
(1 5.8633e-15 0)
(1 -2.95669e-15 0)
(1 -4.38908e-17 0)
(1 3.82237e-16 0)
(1 2.12232e-15 0)
(1 1.65353e-15 0)
(1 1.08564e-14 0)
(1 -3.88425e-15 0)
(1 1.21325e-14 0)
(1 1.3707e-14 0)
(1 8.57746e-15 0)
(1 7.13895e-15 0)
(1 3.94837e-15 0)
(1 -2.24409e-15 0)
(1 -3.2082e-15 0)
(1 4.82979e-15 0)
(1 1.35861e-14 0)
(1 9.92372e-15 0)
(1 9.83584e-15 0)
(1 1.00604e-14 0)
(1 9.47286e-15 0)
(1 3.46377e-15 0)
(1 8.16747e-15 0)
(1 6.60352e-15 0)
(1 5.43551e-15 0)
(1 1.31081e-15 0)
(1 5.36701e-15 0)
(1 5.16523e-15 0)
(1 7.89861e-15 0)
(1 5.71215e-15 0)
(1 5.48488e-15 0)
(1 4.45835e-15 0)
(1 3.87982e-15 0)
(1 4.26595e-16 0)
(1 3.52633e-15 0)
(1 2.99123e-15 0)
(1 3.50334e-15 0)
(1 3.49318e-15 0)
(1 1.00579e-14 0)
(1 1.54477e-14 0)
(1 1.08302e-14 0)
(1 5.37678e-15 0)
(1 5.49762e-15 0)
(1 6.2298e-16 0)
(1 1.2201e-16 0)
(1 2.60051e-15 0)
(1 -7.19726e-15 0)
(1 8.79537e-15 0)
(1 -8.64092e-15 0)
(1 -1.13703e-14 0)
(1 -9.91925e-15 0)
(1 6.10218e-15 0)
(1 -4.7354e-16 0)
(1 1.13901e-14 0)
(1 -5.56889e-15 0)
(1 8.45593e-15 0)
(1 2.29072e-15 0)
(1 1.21675e-15 0)
(1 -3.38722e-15 0)
(1 -3.24515e-15 0)
(1 -1.32048e-14 0)
(1 -9.46108e-15 0)
(1 -5.57262e-15 0)
(1 -5.11798e-15 0)
(1 8.70763e-15 0)
(1 1.17667e-14 0)
(1 7.84621e-15 0)
(1 1.65315e-14 0)
(1 7.38392e-15 0)
(1 2.12361e-15 0)
(1 -2.10326e-15 0)
(1 -7.6389e-15 0)
(1 -8.0027e-15 0)
(1 -4.6654e-15 0)
(1 -2.62667e-15 0)
(1 -9.49919e-17 0)
(1 -1.05379e-14 0)
(1 -2.18877e-15 0)
(1 -2.48199e-15 0)
(1 3.4807e-15 0)
(1 1.07102e-14 0)
(1 -5.77572e-16 0)
(1 -7.32186e-15 0)
(1 -9.61122e-16 0)
(1 8.98529e-15 0)
(1 1.01109e-14 0)
(1 1.19176e-14 0)
(1 4.34277e-15 0)
(1 -6.33113e-17 0)
(1 2.47885e-16 0)
(1 -6.39801e-15 0)
(1 -3.12112e-15 0)
(1 5.17715e-15 0)
(1 9.40762e-15 0)
(1 1.21001e-14 0)
(1 6.07535e-15 0)
(1 5.31282e-15 0)
(1 6.14163e-15 0)
(1 3.94044e-15 0)
(1 6.73411e-15 0)
(1 4.27867e-15 0)
(1 2.36938e-15 0)
(1 4.62957e-15 0)
(1 -1.19103e-15 0)
(1 -1.41689e-15 0)
(1 1.61835e-15 0)
(1 -1.09755e-15 0)
(1 4.67376e-15 0)
(1 6.00089e-15 0)
(1 1.17541e-14 0)
(1 1.25288e-14 0)
(1 1.43055e-14 0)
(1 1.11673e-14 0)
(1 6.84806e-15 0)
(1 1.5187e-15 0)
(1 8.56644e-15 0)
(1 4.7664e-15 0)
(1 6.97177e-15 0)
(1 1.21379e-14 0)
(1 1.10131e-14 0)
(1 4.81891e-15 0)
(1 7.08911e-15 0)
(1 6.72244e-15 0)
(1 1.04399e-14 0)
(1 2.09022e-16 0)
(1 2.64705e-15 0)
(1 -3.00421e-15 0)
(1 2.6949e-15 0)
(1 1.12616e-15 0)
(1 5.74908e-15 0)
(1 2.77495e-15 0)
(1 -1.25425e-15 0)
(1 1.24398e-15 0)
(1 1.2842e-15 0)
(1 2.0677e-15 0)
(1 7.01499e-15 0)
(1 1.2328e-14 0)
(1 9.34628e-15 0)
(1 6.64826e-15 0)
(1 7.24939e-15 0)
(1 9.53936e-15 0)
(1 8.04351e-15 0)
(1 7.62773e-15 0)
(1 -2.39033e-15 0)
(1 -2.48439e-15 0)
(1 -3.84761e-15 0)
(1 -2.29467e-15 0)
(1 7.33798e-15 0)
(1 3.74786e-15 0)
(1 1.22315e-14 0)
(1 6.35134e-15 0)
(1 -1.36955e-15 0)
(1 -1.02701e-14 0)
(1 -2.31262e-15 0)
(1 -8.93151e-15 0)
(1 2.29446e-15 0)
(1 -2.93928e-16 0)
(1 -2.38144e-15 0)
(1 -4.94103e-15 0)
(1 8.61022e-16 0)
(1 2.03892e-15 0)
(1 -7.28076e-15 0)
(1 6.27253e-16 0)
(1 8.05629e-16 0)
(1 3.54412e-15 0)
(1 4.07471e-15 0)
(1 -1.1116e-14 0)
(1 -6.59962e-15 0)
(1 5.66684e-16 0)
(1 -2.34733e-15 0)
(1 -5.08446e-15 0)
(1 -7.70038e-16 0)
(1 -3.85768e-15 0)
(1 -2.18179e-17 0)
(1 -1.82331e-15 0)
(1 5.93422e-16 0)
(1 5.04932e-15 0)
(1 2.83589e-15 0)
(1 -2.46769e-15 0)
(1 5.24316e-15 0)
(1 3.14423e-15 0)
(1 -7.10034e-15 0)
(1 -8.71106e-16 0)
(1 3.66115e-15 0)
(1 3.73701e-15 0)
(1 3.39186e-15 0)
(1 6.16561e-15 0)
(1 -1.73191e-15 0)
(1 -4.46585e-15 0)
(1 4.75717e-15 0)
(1 -3.07654e-15 0)
(1 2.65121e-15 0)
(1 9.20943e-15 0)
(1 1.28272e-14 0)
(1 1.12074e-14 0)
(1 6.91151e-15 0)
(1 2.66413e-15 0)
(1 3.36739e-15 0)
(1 -7.43409e-15 0)
(1 3.86204e-15 0)
(1 1.52892e-15 0)
(1 5.83147e-15 0)
(1 1.78232e-15 0)
(1 -6.00797e-15 0)
(1 1.56929e-15 0)
(1 1.27734e-15 0)
(1 2.88867e-16 0)
(1 5.29248e-15 0)
(1 -4.41382e-15 0)
(1 -1.6656e-15 0)
(1 3.82083e-15 0)
(1 1.09471e-14 0)
(1 7.75994e-15 0)
(1 4.63333e-15 0)
(1 3.55011e-15 0)
(1 1.21094e-14 0)
(1 9.35424e-15 0)
(1 8.90948e-15 0)
(1 4.61902e-15 0)
(1 5.42056e-15 0)
(1 2.11238e-15 0)
(1 1.6189e-14 0)
(1 8.80375e-15 0)
(1 2.0549e-15 0)
(1 3.31796e-15 0)
(1 7.37251e-15 0)
(1 5.41705e-15 0)
(1 6.07247e-15 0)
(1 3.56678e-16 0)
(1 -2.13004e-15 0)
(1 -4.5978e-15 0)
(1 -2.70529e-15 0)
(1 -6.62854e-16 0)
(1 5.80083e-15 0)
(1 4.06704e-15 0)
(1 1.24004e-14 0)
(1 8.21729e-15 0)
(1 9.24714e-15 0)
(1 8.13015e-15 0)
(1 2.14995e-15 0)
(1 8.34582e-15 0)
(1 4.52837e-15 0)
(1 2.64242e-15 0)
(1 -3.91778e-15 0)
(1 -8.53376e-16 0)
(1 2.07812e-15 0)
(1 2.13289e-15 0)
(1 -2.63264e-15 0)
(1 -5.42455e-15 0)
(1 5.70985e-15 0)
(1 1.36459e-14 0)
(1 1.13367e-14 0)
(1 1.5409e-15 0)
(1 -6.98148e-15 0)
(1 -1.62039e-14 0)
(1 -1.21549e-14 0)
(1 -5.98719e-15 0)
(1 -4.6346e-15 0)
(1 8.12587e-15 0)
(1 -1.4578e-15 0)
(1 5.95446e-15 0)
(1 -1.18284e-14 0)
(1 -6.82668e-15 0)
(1 -1.49654e-15 0)
(1 6.23559e-15 0)
(1 1.01469e-14 0)
(1 4.15762e-15 0)
(1 -3.95901e-15 0)
(1 -3.68543e-17 0)
(1 4.32827e-15 0)
(1 -3.32013e-15 0)
(1 -6.46149e-16 0)
(1 -6.03407e-16 0)
(1 4.19894e-15 0)
(1 -2.99206e-15 0)
(1 -3.26058e-15 0)
(1 -7.94579e-15 0)
(1 1.72791e-15 0)
(1 -2.64302e-16 0)
(1 2.51748e-15 0)
(1 -3.84238e-15 0)
(1 -2.45478e-15 0)
(1 -5.38601e-15 0)
(1 2.91144e-15 0)
(1 -6.70099e-15 0)
(1 -6.71268e-16 0)
(1 6.88456e-15 0)
(1 -5.77194e-16 0)
(1 -7.74629e-15 0)
(1 -2.38792e-15 0)
(1 2.15089e-15 0)
(1 8.41446e-15 0)
(1 6.95053e-15 0)
(1 5.55988e-15 0)
(1 5.83351e-15 0)
(1 4.20291e-15 0)
(1 1.07587e-16 0)
(1 -2.45877e-15 0)
(1 -1.56843e-15 0)
(1 -1.8913e-15 0)
(1 1.5284e-15 0)
(1 4.85271e-15 0)
(1 6.49324e-15 0)
(1 3.26923e-15 0)
(1 8.99859e-15 0)
(1 2.28076e-15 0)
(1 -1.6786e-15 0)
(1 -4.84954e-15 0)
(1 -4.12436e-16 0)
(1 6.62909e-17 0)
(1 5.25065e-16 0)
(1 -1.63229e-15 0)
(1 5.4652e-15 0)
(1 1.19695e-14 0)
(1 1.22817e-14 0)
(1 1.65313e-14 0)
(1 1.48221e-14 0)
(1 1.18331e-14 0)
(1 1.0078e-14 0)
(1 2.15162e-15 0)
(1 6.82818e-15 0)
(1 4.36478e-15 0)
(1 7.54875e-15 0)
(1 4.11231e-15 0)
(1 8.02999e-15 0)
(1 7.04177e-15 0)
(1 2.55913e-15 0)
(1 1.05087e-15 0)
(1 4.31271e-15 0)
(1 1.81479e-15 0)
(1 9.13208e-16 0)
(1 3.25605e-16 0)
(1 -7.00571e-16 0)
(1 4.50878e-15 0)
(1 6.70763e-15 0)
(1 1.08853e-14 0)
(1 6.60386e-15 0)
(1 7.89805e-15 0)
(1 1.07941e-14 0)
(1 9.21594e-15 0)
(1 6.75495e-15 0)
(1 7.28387e-15 0)
(1 6.29894e-15 0)
(1 2.40479e-15 0)
(1 6.70921e-15 0)
(1 -1.52331e-15 0)
(1 2.62517e-15 0)
(1 -7.16114e-15 0)
(1 -2.50956e-15 0)
(1 -4.792e-15 0)
(1 -5.06985e-16 0)
(1 5.90984e-15 0)
(1 1.41007e-15 0)
(1 -8.24023e-15 0)
(1 -2.24669e-16 0)
(1 -7.67008e-15 0)
(1 -6.22714e-15 0)
(1 -7.17932e-15 0)
(1 3.38741e-15 0)
(1 6.40761e-16 0)
(1 -3.6234e-15 0)
(1 -4.29042e-16 0)
(1 -2.26333e-15 0)
(1 8.73861e-15 0)
(1 -5.36378e-15 0)
(1 3.39074e-15 0)
(1 1.01308e-15 0)
(1 -1.88522e-15 0)
(1 7.58814e-16 0)
(1 7.42466e-15 0)
(1 -6.46551e-16 0)
(1 -4.63422e-15 0)
(1 -4.23473e-15 0)
(1 -2.83531e-15 0)
(1 -3.22585e-15 0)
(1 -4.06883e-16 0)
(1 -9.63617e-15 0)
(1 -7.6428e-16 0)
(1 -1.50766e-15 0)
(1 -3.59709e-15 0)
(1 -4.9909e-15 0)
(1 -9.66205e-16 0)
(1 2.88763e-15 0)
(1 2.63654e-15 0)
(1 -5.5558e-15 0)
(1 -8.03641e-15 0)
(1 -5.7255e-16 0)
(1 -5.04976e-15 0)
(1 4.45414e-15 0)
(1 4.81109e-15 0)
(1 5.32707e-15 0)
(1 -5.62946e-15 0)
(1 1.56895e-15 0)
(1 2.72401e-15 0)
(1 5.73166e-15 0)
(1 6.29262e-15 0)
(1 7.25859e-15 0)
(1 -4.40001e-15 0)
(1 2.70261e-16 0)
(1 -3.73484e-15 0)
(1 -8.05015e-15 0)
(1 4.01352e-15 0)
(1 2.10301e-15 0)
(1 4.13439e-15 0)
(1 -4.48894e-15 0)
(1 -1.07722e-15 0)
(1 -9.0748e-15 0)
(1 2.70322e-15 0)
(1 6.39909e-15 0)
(1 7.6763e-15 0)
(1 -2.27805e-15 0)
(1 -1.92438e-15 0)
(1 6.45401e-15 0)
(1 1.42592e-14 0)
(1 1.27283e-14 0)
(1 1.18943e-14 0)
(1 1.21979e-14 0)
(1 9.58552e-15 0)
(1 1.41257e-14 0)
(1 2.49411e-15 0)
(1 4.45567e-15 0)
(1 -4.01938e-15 0)
(1 9.50506e-15 0)
(1 1.65035e-14 0)
(1 9.32634e-15 0)
(1 6.27641e-15 0)
(1 2.06819e-16 0)
(1 3.59625e-15 0)
(1 4.90644e-15 0)
(1 8.24824e-15 0)
(1 -4.93724e-16 0)
(1 -2.67022e-15 0)
(1 1.53245e-15 0)
(1 8.43752e-15 0)
(1 9.20827e-15 0)
(1 8.11144e-16 0)
(1 2.65051e-15 0)
(1 8.41898e-15 0)
(1 5.50998e-15 0)
(1 1.05092e-14 0)
(1 7.37661e-15 0)
(1 1.12292e-14 0)
(1 9.63984e-15 0)
(1 2.16121e-16 0)
(1 5.68524e-15 0)
(1 -7.3465e-15 0)
(1 -1.82905e-15 0)
(1 -2.57919e-15 0)
(1 9.63513e-15 0)
(1 1.65879e-14 0)
(1 6.8184e-15 0)
(1 1.01833e-15 0)
(1 -7.45884e-15 0)
(1 -1.26384e-14 0)
(1 9.81399e-16 0)
(1 -4.48528e-15 0)
(1 -5.62261e-16 0)
(1 -3.5581e-15 0)
(1 -1.44827e-14 0)
(1 -4.21086e-15 0)
(1 -3.13176e-15 0)
(1 9.91123e-15 0)
(1 5.91417e-15 0)
(1 4.1117e-15 0)
(1 -5.76838e-16 0)
(1 2.10385e-15 0)
(1 2.45209e-15 0)
(1 -1.24155e-15 0)
(1 -8.43553e-16 0)
(1 -4.24289e-15 0)
(1 -5.28818e-15 0)
(1 -9.24997e-15 0)
(1 -9.85282e-16 0)
(1 -4.96494e-15 0)
(1 2.45736e-15 0)
(1 -7.59307e-15 0)
(1 4.25057e-15 0)
(1 -7.96937e-15 0)
(1 -4.41308e-15 0)
(1 -6.02613e-15 0)
(1 -8.00472e-15 0)
(1 -5.23729e-15 0)
(1 5.66775e-15 0)
(1 5.17167e-15 0)
(1 1.76274e-14 0)
(1 -7.7864e-16 0)
(1 -5.82081e-15 0)
(1 -6.47769e-15 0)
(1 -1.34453e-15 0)
(1 4.00784e-15 0)
(1 2.66954e-15 0)
(1 -4.39618e-15 0)
(1 -2.11288e-15 0)
(1 -2.51969e-16 0)
(1 -1.25949e-15 0)
(1 3.07316e-15 0)
(1 -3.31654e-16 0)
(1 -4.50723e-15 0)
(1 5.52941e-15 0)
(1 3.63995e-15 0)
(1 1.95549e-16 0)
(1 9.03912e-17 0)
(1 1.80734e-15 0)
(1 -3.51093e-16 0)
(1 -5.60754e-15 0)
(1 -7.81328e-15 0)
(1 -6.17575e-15 0)
(1 -6.9851e-16 0)
(1 6.71326e-15 0)
(1 1.30856e-15 0)
(1 9.6027e-16 0)
(1 -1.64624e-15 0)
(1 7.24267e-16 0)
(1 2.48472e-15 0)
(1 5.70236e-15 0)
(1 2.54342e-15 0)
(1 8.63063e-15 0)
(1 8.8082e-15 0)
(1 6.75927e-15 0)
(1 6.94851e-15 0)
(1 9.00548e-15 0)
(1 6.30789e-15 0)
(1 4.62656e-15 0)
(1 8.37712e-15 0)
(1 1.15983e-14 0)
(1 3.72691e-15 0)
(1 6.3517e-15 0)
(1 2.39181e-15 0)
(1 -3.88578e-15 0)
(1 -1.24078e-17 0)
(1 -9.70302e-17 0)
(1 -1.85997e-16 0)
(1 3.11517e-15 0)
(1 5.44001e-15 0)
(1 7.36941e-15 0)
(1 -3.98721e-15 0)
(1 2.76422e-15 0)
(1 7.66737e-15 0)
(1 6.52101e-15 0)
(1 1.32705e-15 0)
(1 1.04854e-14 0)
(1 1.03838e-14 0)
(1 6.43134e-15 0)
(1 -6.50604e-16 0)
(1 -7.5278e-15 0)
(1 -1.49273e-15 0)
(1 -1.79725e-15 0)
(1 5.8836e-16 0)
(1 9.35073e-15 0)
(1 2.58399e-15 0)
(1 4.36479e-15 0)
(1 -3.65634e-15 0)
(1 2.97956e-16 0)
(1 -3.86829e-15 0)
(1 -7.693e-16 0)
(1 -6.21618e-15 0)
(1 -3.80372e-15 0)
(1 -2.24545e-15 0)
(1 -4.76607e-15 0)
(1 -8.09253e-15 0)
(1 -3.65533e-15 0)
(1 -6.62228e-16 0)
(1 2.87351e-15 0)
(1 6.74693e-16 0)
(1 -1.8571e-15 0)
(1 1.20795e-15 0)
(1 8.46535e-15 6.40639e-48)
(1 1.10232e-14 0)
(1 -7.41486e-16 0)
(1 -7.69294e-15 0)
(1 -4.09876e-15 0)
(1 1.02167e-15 0)
(1 1.04222e-15 0)
(1 -2.46265e-15 0)
(1 -7.24097e-16 0)
(1 -1.16651e-14 0)
(1 -7.25613e-15 0)
(1 -1.00981e-14 0)
(1 -1.03845e-14 0)
(1 3.1986e-15 0)
(1 6.63734e-15 0)
(1 4.65697e-15 0)
(1 -4.99188e-17 0)
(1 -5.36562e-15 0)
(1 2.77602e-15 0)
(1 2.37212e-15 0)
(1 -3.62175e-15 0)
(1 2.43841e-15 -1.20154e-47)
(1 -5.261e-15 0)
(1 -3.54178e-15 -9.57812e-48)
(1 1.40653e-15 0)
(1 7.15145e-15 0)
(1 1.25067e-15 0)
(1 -3.55906e-15 0)
(1 5.16676e-15 0)
(1 6.78149e-15 0)
(1 -2.09886e-15 0)
(1 -3.24468e-15 0)
(1 1.60208e-15 0)
(1 2.45737e-15 0)
(1 1.09284e-15 0)
(1 -2.2476e-15 0)
(1 -8.38873e-15 0)
(1 -4.92567e-15 0)
(1 -8.60144e-15 0)
(1 -7.85891e-15 0)
(1 -2.66634e-15 0)
(1 5.03768e-15 0)
(1 4.19099e-15 0)
(1 -3.03075e-15 0)
(1 4.76447e-15 0)
(1 1.9907e-15 0)
(1 1.11215e-15 6.09259e-48)
(1 -2.43597e-15 -5.85137e-48)
(1 2.71452e-15 -3.58121e-48)
(1 8.89157e-15 3.55203e-48)
(1 8.2686e-15 4.4884e-48)
(1 1.14921e-14 -4.59627e-48)
(1 6.34796e-15 -4.46688e-48)
(1 1.29335e-14 3.8159e-48)
(1 6.95153e-15 3.04977e-48)
(1 5.1413e-15 -2.6871e-48)
(1 -4.43746e-15 -2.31072e-48)
(1 -8.61483e-16 0)
(1 4.46235e-15 0)
(1 6.19845e-15 -1.96384e-48)
(1 7.40143e-15 0)
(1 -1.07063e-16 -1.90475e-48)
(1 2.21842e-15 7.854e-49)
(1 5.75076e-15 -1.61809e-48)
(1 7.79114e-15 0)
(1 6.12451e-15 -9.07464e-49)
(1 1.26047e-15 3.21574e-49)
(1 2.19913e-15 -1.62529e-48)
(1 4.47362e-15 0)
(1 -1.12721e-15 -2.61574e-48)
(1 -6.68467e-16 0)
(1 4.43748e-15 0)
(1 5.27397e-15 -6.59835e-49)
(1 8.0562e-15 -1.48613e-48)
(1 9.12252e-15 0)
(1 3.0134e-15 -5.21312e-49)
(1 3.70821e-15 -1.14335e-49)
(1 -8.11451e-16 0)
(1 -3.49364e-15 0)
(1 2.55734e-15 0)
(1 7.45024e-15 0)
(1 1.608e-17 0)
(1 5.51213e-15 0)
(1 -3.14968e-16 0)
(1 2.48637e-15 0)
(1 -5.4252e-16 0)
(1 3.16699e-15 0)
(1 -9.46389e-15 0)
(1 -3.55814e-15 0)
(1 -6.03775e-15 0)
(1 -9.01569e-15 0)
(1 -5.32051e-16 0)
(1 -5.39243e-15 0)
(1 1.68591e-15 0)
(1 -4.13657e-15 0)
(1 -2.48765e-15 0)
(1 -2.6909e-15 0)
(1 5.75883e-15 0)
(1 4.3304e-15 0)
(1 3.61253e-15 0)
(1 -2.27147e-15 -6.40639e-48)
(1 1.01179e-14 0)
(1 3.05149e-16 0)
(1 -4.49022e-15 0)
(1 -5.45354e-15 0)
(1 3.05055e-15 0)
(1 1.43184e-15 0)
(1 2.44166e-15 0)
(1 -7.87273e-15 0)
(1 -5.78356e-15 0)
(1 -1.03883e-14 0)
(1 -6.82847e-15 0)
(1 -5.13815e-15 0)
(1 -4.70037e-15 0)
(1 6.18363e-15 0)
(1 2.4736e-17 0)
(1 3.29188e-16 0)
(1 -7.52751e-15 0)
(1 -9.65886e-15 0)
(1 -6.08516e-15 0)
(1 2.2735e-15 0)
(1 2.25175e-15 1.20154e-47)
(1 2.76982e-15 0)
(1 -3.80012e-15 9.57812e-48)
(1 -6.88842e-17 0)
(1 2.84618e-15 0)
(1 9.3985e-15 0)
(1 9.24295e-15 0)
(1 3.75849e-15 0)
(1 9.01931e-17 0)
(1 -2.65239e-15 0)
(1 1.22483e-15 0)
(1 -4.49801e-15 0)
(1 2.18359e-15 0)
(1 4.8183e-15 0)
(1 5.95481e-15 0)
(1 2.57542e-15 0)
(1 -8.74614e-15 0)
(1 -1.2384e-14 0)
(1 -6.66896e-15 0)
(1 -4.13629e-15 0)
(1 1.39513e-15 0)
(1 -3.80626e-15 0)
(1 -1.8944e-15 0)
(1 -5.62556e-15 0)
(1 -7.97838e-15 0)
(1 -2.33401e-15 -6.09259e-48)
(1 -2.35645e-15 5.85137e-48)
(1 4.16379e-15 3.58121e-48)
(1 9.62341e-16 -3.55203e-48)
(1 2.53476e-15 -4.4884e-48)
(1 1.737e-15 4.59627e-48)
(1 6.37706e-15 4.46688e-48)
(1 1.1771e-14 -3.8159e-48)
(1 2.98335e-15 -3.04977e-48)
(1 5.48613e-15 2.6871e-48)
(1 -1.3705e-15 2.31072e-48)
(1 -3.37846e-15 0)
(1 -2.41222e-15 0)
(1 2.01435e-15 1.96384e-48)
(1 2.92651e-15 0)
(1 6.02075e-15 1.90475e-48)
(1 8.50305e-15 -7.854e-49)
(1 7.84248e-15 1.61809e-48)
(1 3.63961e-15 0)
(1 9.15881e-15 9.07464e-49)
(1 -2.58853e-15 -3.21574e-49)
(1 6.88582e-15 1.62529e-48)
(1 3.57327e-15 0)
(1 2.41255e-15 2.61574e-48)
(1 -5.96981e-15 0)
(1 -2.35774e-15 0)
(1 -9.71212e-16 6.59835e-49)
(1 8.46352e-15 1.48613e-48)
(1 -9.40395e-16 0)
(1 2.69285e-15 5.21312e-49)
(1 8.79633e-15 1.14335e-49)
(1 4.67615e-16 0)
(1 4.40519e-15 0)
(1 2.8738e-15 0)
(1 5.23105e-16 0)
(1 -5.0339e-15 0)
(1 1.18984e-15 0)
(1 1.06854e-15 0)
(1 1.80524e-15 0)
(1 7.06993e-15 0)
(1 1.96172e-15 0)
(1 -1.31475e-15 0)
(1 -6.20066e-15 0)
(1 -3.72088e-15 0)
(1 -6.78789e-15 0)
(1 -3.92359e-15 0)
(1 -2.82399e-15 0)
(1 1.49883e-15 0)
(1 -3.38154e-15 0)
(1 -3.3116e-15 0)
(1 -4.68083e-15 0)
(1 -7.40938e-15 0)
(1 4.71446e-15 0)
(1 6.23355e-15 0)
(1 7.88131e-15 0)
(1 -3.87168e-15 0)
(1 -4.40495e-15 0)
(1 -2.8629e-15 0)
(1 3.08432e-15 0)
(1 4.25906e-15 0)
(1 6.11315e-15 0)
(1 -9.30974e-15 0)
(1 1.64817e-15 0)
(1 2.76638e-15 0)
(1 1.00135e-14 0)
(1 -4.72617e-15 0)
(1 -3.58036e-15 0)
(1 -1.15352e-14 0)
(1 -9.84008e-15 0)
(1 -9.29948e-15 0)
(1 6.7415e-16 0)
(1 -7.24976e-15 0)
(1 7.94463e-16 0)
(1 -2.79008e-15 0)
(1 4.33408e-15 0)
(1 -3.94866e-15 0)
(1 9.97929e-16 0)
(1 -8.5693e-15 0)
(1 -9.09022e-16 0)
(1 -3.02103e-15 0)
(1 3.86894e-16 0)
(1 1.02163e-14 0)
(1 2.86911e-15 0)
(1 -8.58374e-15 0)
(1 -6.35915e-15 0)
(1 -5.2553e-15 0)
(1 -2.69168e-15 0)
(1 4.86365e-15 0)
(1 1.48345e-14 0)
(1 7.56126e-15 0)
(1 7.50047e-15 0)
(1 -3.40098e-15 0)
(1 1.63852e-15 0)
(1 -4.11581e-15 0)
(1 -5.31942e-15 0)
(1 -1.28189e-14 0)
(1 -5.49702e-15 0)
(1 2.1605e-15 0)
(1 3.71992e-15 0)
(1 -5.86695e-15 0)
(1 -9.80623e-15 0)
(1 -3.11661e-15 0)
(1 6.59964e-15 0)
(1 8.70547e-16 0)
(1 3.31372e-16 0)
(1 -5.06121e-16 0)
(1 -5.43992e-15 0)
(1 3.123e-15 0)
(1 7.26832e-15 0)
(1 4.60332e-15 0)
(1 -5.89655e-15 0)
(1 -9.98004e-15 0)
(1 -5.4328e-15 0)
(1 -2.18425e-15 0)
(1 3.53524e-15 0)
(1 5.91338e-15 0)
(1 1.04308e-14 0)
(1 3.65237e-15 0)
(1 7.58853e-15 0)
(1 6.50378e-15 0)
(1 6.54374e-15 0)
(1 1.00837e-14 0)
(1 3.13599e-15 0)
(1 9.89843e-16 0)
(1 -2.87243e-15 0)
(1 -6.59044e-15 0)
(1 -7.42554e-17 0)
(1 5.11101e-15 0)
(1 -1.07677e-15 0)
(1 2.4565e-15 0)
(1 5.7652e-15 0)
(1 -1.20203e-15 0)
(1 -1.28389e-15 0)
(1 5.01174e-15 0)
(1 4.00119e-15 0)
(1 1.14589e-14 0)
(1 1.41497e-14 0)
(1 -3.74492e-15 0)
(1 -1.0063e-14 0)
(1 -7.10415e-15 0)
(1 -3.92448e-15 0)
(1 -1.77722e-15 0)
(1 -8.14906e-15 0)
(1 -2.09369e-16 0)
(1 -2.68872e-15 0)
(1 -5.1079e-15 0)
(1 5.30903e-15 0)
(1 5.711e-17 0)
(1 -6.23873e-15 0)
(1 -6.72344e-15 0)
(1 4.86792e-15 0)
(1 -6.87514e-15 0)
(1 -2.05033e-15 0)
(1 8.44655e-16 0)
(1 5.1753e-15 0)
(1 -1.59528e-15 0)
(1 -2.47119e-16 0)
(1 3.62355e-15 0)
(1 3.05393e-15 0)
(1 1.4122e-15 0)
(1 -4.35716e-15 0)
(1 -2.99388e-15 0)
(1 2.30388e-15 0)
(1 2.72959e-15 0)
(1 7.54554e-15 0)
(1 -3.78923e-15 0)
(1 -4.18621e-15 0)
(1 -1.00885e-14 0)
(1 -1.19606e-14 0)
(1 -4.70962e-15 0)
(1 -2.99136e-15 0)
(1 -6.27347e-15 0)
(1 -3.94094e-15 0)
(1 2.74765e-15 0)
(1 -5.28047e-15 0)
(1 -6.924e-15 0)
(1 -3.00433e-15 0)
(1 1.09901e-15 0)
(1 1.51424e-15 0)
(1 -2.05271e-15 0)
(1 -9.67282e-15 0)
(1 -2.40338e-15 0)
(1 6.10237e-15 0)
(1 -6.07051e-16 0)
(1 4.80797e-15 0)
(1 2.35357e-15 0)
(1 1.0307e-14 0)
(1 -7.37752e-16 0)
(1 6.47023e-15 0)
(1 -3.65848e-15 0)
(1 -1.21934e-15 0)
(1 6.8966e-16 0)
(1 -3.46999e-16 0)
(1 -7.8034e-15 0)
(1 -5.68257e-15 0)
(1 -9.49711e-15 0)
(1 -3.73475e-15 0)
(1 -2.05092e-15 0)
(1 -2.15037e-15 0)
(1 -2.42321e-15 0)
(1 -8.57711e-15 0)
(1 -1.09283e-14 0)
(1 -8.90625e-15 0)
(1 -7.87985e-16 0)
(1 5.6646e-15 0)
(1 2.2345e-15 0)
(1 -1.64996e-15 0)
(1 5.93526e-16 0)
(1 3.24993e-15 0)
(1 1.85745e-15 0)
(1 -3.3762e-15 0)
(1 -4.74015e-15 0)
(1 -4.22411e-15 0)
(1 -1.06319e-16 0)
(1 3.32882e-15 0)
(1 5.10939e-15 0)
(1 5.75568e-15 0)
(1 2.6481e-15 0)
(1 2.44919e-15 0)
(1 6.27831e-15 0)
(1 1.08582e-14 0)
(1 7.59273e-15 0)
(1 7.70328e-16 0)
(1 -1.47288e-15 0)
(1 -9.83666e-16 0)
(1 -5.18064e-15 0)
(1 -2.58103e-15 0)
(1 1.88744e-16 0)
(1 1.1809e-16 0)
(1 -6.41312e-15 0)
(1 -3.22046e-15 0)
(1 -2.11544e-15 0)
(1 -4.16515e-16 0)
(1 4.83291e-15 0)
(1 -1.27188e-15 0)
(1 8.64193e-15 0)
(1 2.78566e-15 0)
(1 5.2198e-15 0)
(1 -7.84558e-15 0)
(1 3.42445e-17 0)
(1 -2.7286e-15 0)
(1 -4.89078e-15 0)
(1 -1.22214e-14 0)
(1 3.64233e-15 0)
(1 -3.71145e-15 0)
(1 -2.30882e-15 0)
(1 -4.15975e-15 0)
(1 6.4899e-15 0)
(1 2.29231e-15 0)
(1 1.68691e-15 0)
(1 -4.59441e-15 0)
(1 -1.08973e-15 0)
(1 -1.48911e-15 0)
(1 8.16812e-17 0)
(1 -5.60775e-15 0)
(1 4.4401e-15 0)
(1 1.48558e-15 0)
(1 -2.94595e-15 0)
(1 -3.21098e-15 0)
(1 -7.76314e-15 0)
(1 -4.50592e-15 0)
(1 6.30547e-15 0)
(1 -1.23826e-15 0)
(1 2.45898e-15 0)
(1 -6.47186e-15 0)
(1 -4.19786e-15 0)
(1 -1.02653e-14 0)
(1 -5.26507e-15 0)
(1 -6.05573e-16 0)
(1 -4.24437e-17 0)
(1 -3.38702e-15 0)
(1 -3.64869e-16 0)
(1 -2.74424e-15 0)
(1 -3.01753e-15 0)
(1 -6.01758e-15 0)
(1 -2.99518e-15 0)
(1 8.21898e-16 0)
(1 1.84121e-16 0)
(1 2.86177e-16 0)
(1 -6.59969e-15 0)
(1 -2.07674e-15 0)
(1 -8.76685e-17 0)
(1 1.62512e-15 0)
(1 2.03787e-15 0)
(1 7.88329e-15 0)
(1 2.22814e-15 0)
(1 8.08775e-16 0)
(1 -1.13649e-14 0)
(1 -1.25825e-14 0)
(1 -1.01131e-14 0)
(1 -2.8033e-15 0)
(1 -2.13523e-15 0)
(1 -6.98405e-15 0)
(1 -3.34547e-15 0)
(1 -2.18663e-15 0)
(1 -7.33348e-15 0)
(1 -6.39951e-15 0)
(1 -4.9706e-15 0)
(1 -1.00009e-14 0)
(1 -4.64434e-15 0)
(1 3.22025e-17 0)
(1 -1.48818e-15 0)
(1 -6.44943e-15 0)
(1 -6.57946e-16 0)
(1 4.57982e-15 0)
(1 -2.66434e-15 0)
(1 7.28087e-15 0)
(1 -1.3797e-15 0)
(1 -1.71242e-15 0)
(1 -4.4589e-15 0)
(1 -7.23872e-16 0)
(1 1.07702e-16 0)
(1 -5.6527e-15 0)
(1 -3.25406e-15 0)
(1 -4.14438e-15 0)
(1 -1.12851e-15 0)
(1 1.83539e-15 0)
(1 3.18633e-15 0)
(1 4.81188e-15 0)
(1 1.51849e-15 0)
(1 2.26766e-15 0)
(1 1.20752e-15 0)
(1 -2.56649e-15 0)
(1 -8.72892e-15 0)
(1 4.2008e-15 0)
(1 2.24713e-15 0)
(1 -1.10585e-15 0)
(1 -1.33619e-15 0)
(1 7.44975e-15 0)
(1 6.74102e-15 0)
(1 4.00733e-15 0)
(1 6.58942e-15 0)
(1 4.03601e-15 0)
(1 3.43326e-15 0)
(1 -8.03907e-16 0)
(1 -4.4294e-15 0)
(1 -1.45757e-14 0)
(1 1.74414e-15 0)
(1 1.74356e-15 0)
(1 3.62938e-15 0)
(1 6.73824e-17 0)
(1 -1.73979e-15 0)
(1 -5.35121e-15 0)
(1 -3.72306e-15 0)
(1 -2.83303e-16 0)
(1 1.65187e-15 0)
(1 -4.21453e-15 0)
(1 -1.96383e-15 0)
(1 -6.86824e-15 0)
(1 -1.5059e-15 0)
(1 -8.43639e-15 0)
(1 1.57728e-15 0)
(1 -2.45655e-15 0)
(1 7.82319e-15 0)
(1 2.84302e-16 0)
(1 -3.51271e-15 0)
(1 -3.34632e-16 0)
(1 -1.89527e-15 0)
(1 7.79556e-15 0)
(1 -1.54899e-15 0)
(1 -1.41297e-16 0)
(1 -6.39657e-15 0)
(1 1.53331e-15 0)
(1 7.76404e-15 0)
(1 1.01764e-14 0)
(1 7.76527e-15 0)
(1 -5.81714e-15 0)
(1 3.33534e-15 0)
(1 -1.14885e-14 0)
(1 -7.58025e-15 0)
(1 -9.42155e-15 0)
(1 -7.80884e-15 0)
(1 -8.99105e-15 0)
(1 -3.49056e-15 0)
(1 -3.91131e-15 0)
(1 -5.96196e-15 0)
(1 -1.75244e-15 0)
(1 -1.06107e-14 0)
(1 -7.81626e-15 0)
(1 -8.64032e-15 0)
(1 -1.3505e-15 0)
(1 -3.58121e-15 0)
(1 7.33285e-16 0)
(1 5.09788e-15 0)
(1 -1.04427e-17 0)
(1 -1.26053e-15 0)
(1 -1.21008e-14 0)
(1 -4.41669e-15 0)
(1 -1.18131e-14 0)
(1 -1.25565e-15 0)
(1 -8.28086e-15 0)
(1 -9.89076e-16 0)
(1 1.32528e-15 0)
(1 -9.06388e-16 0)
(1 -2.21771e-16 0)
(1 -4.87643e-15 0)
(1 -7.48104e-15 0)
(1 -4.87001e-15 0)
(1 -6.04354e-15 0)
(1 -3.52864e-15 0)
(1 2.17787e-15 0)
(1 5.33557e-15 0)
(1 6.4525e-15 0)
(1 -7.81982e-16 0)
(1 -1.11366e-15 0)
(1 1.6951e-15 0)
(1 2.13837e-15 0)
(1 3.40264e-15 0)
(1 6.35411e-15 0)
(1 1.82888e-15 0)
(1 -3.71584e-15 0)
(1 -3.26523e-15 0)
(1 -7.27979e-15 0)
(1 -2.4017e-15 0)
(1 1.25779e-15 0)
(1 -9.63928e-18 0)
(1 4.60756e-15 0)
(1 -6.6772e-16 0)
(1 2.60308e-15 0)
(1 7.27386e-16 0)
(1 2.90969e-15 0)
(1 -5.4779e-17 0)
(1 -2.87573e-15 0)
(1 -9.45233e-15 0)
(1 -2.12862e-15 0)
(1 -2.18463e-15 0)
(1 3.51137e-15 0)
(1 2.40182e-15 0)
(1 6.59071e-15 0)
(1 5.84165e-15 0)
(1 1.0846e-15 0)
(1 5.55385e-15 0)
(1 1.57309e-15 0)
(1 -1.27462e-15 0)
(1 7.25697e-15 0)
(1 -1.775e-17 0)
(1 -2.93652e-15 0)
(1 -4.57806e-15 0)
(1 -4.65533e-16 0)
(1 -1.50764e-14 0)
(1 -7.59026e-15 0)
(1 7.81649e-16 0)
(1 6.9293e-15 0)
(1 -3.54765e-15 0)
(1 5.97518e-15 0)
(1 4.51323e-15 0)
(1 2.61413e-16 0)
(1 -1.91052e-15 0)
(1 -1.3746e-15 0)
(1 -1.79086e-15 0)
(1 8.56332e-15 0)
(1 -2.45434e-15 0)
(1 -1.33974e-15 0)
(1 -9.09321e-15 0)
(1 -6.94573e-15 0)
(1 -1.17589e-14 0)
(1 -1.06047e-15 0)
(1 4.65153e-15 0)
(1 3.98941e-15 0)
(1 -2.37733e-16 0)
(1 -8.92661e-15 0)
(1 -6.55376e-15 0)
(1 -3.76086e-15 0)
(1 -1.26911e-15 0)
(1 -3.10568e-16 0)
(1 -2.28826e-17 0)
(1 -5.39727e-16 0)
(1 -2.21546e-15 0)
(1 -7.45551e-15 0)
(1 2.43854e-15 0)
(1 -2.28689e-15 0)
(1 -1.81055e-16 0)
(1 -8.00972e-16 0)
(1 1.77911e-16 0)
(1 -4.69273e-15 0)
(1 -4.42767e-15 0)
(1 -1.26421e-14 0)
(1 -8.91475e-15 0)
(1 -1.25553e-14 0)
(1 -2.58482e-16 0)
(1 -6.84009e-15 0)
(1 -8.7017e-15 0)
(1 -1.33147e-15 0)
(1 5.29596e-15 0)
(1 -4.57278e-15 0)
(1 3.56477e-15 0)
(1 1.80389e-16 0)
(1 -2.47743e-16 0)
(1 -5.74658e-15 0)
(1 -3.47019e-15 0)
(1 -7.42804e-15 0)
(1 -8.7317e-15 0)
(1 -1.75819e-15 0)
(1 -6.13507e-15 0)
(1 3.37068e-15 0)
(1 -3.87141e-16 0)
(1 2.25623e-15 0)
(1 -1.29934e-14 0)
(1 -1.20015e-14 0)
(1 -1.66138e-14 0)
(1 -5.43624e-15 0)
(1 1.00001e-15 0)
(1 3.47349e-15 0)
(1 -1.77533e-15 0)
(1 -6.95256e-15 0)
(1 -2.03783e-16 0)
(1 -7.94647e-15 0)
(1 1.78867e-15 0)
(1 6.21095e-16 0)
(1 4.23759e-15 0)
(1 -2.11642e-15 0)
(1 9.51862e-16 0)
(1 3.52864e-15 0)
(1 2.23696e-15 0)
(1 3.07987e-15 0)
(1 -2.34856e-16 0)
(1 -2.14236e-15 0)
(1 -2.31655e-15 0)
(1 -2.31552e-15 0)
(1 -8.29275e-16 0)
(1 7.08866e-15 0)
(1 -8.15904e-16 0)
(1 2.54016e-15 0)
(1 8.07644e-16 0)
(1 -6.15667e-15 0)
(1 -3.18755e-15 0)
(1 2.52392e-15 0)
(1 5.99537e-16 0)
(1 2.59492e-15 0)
(1 -1.25601e-15 0)
(1 -3.75059e-16 0)
(1 -2.34292e-15 0)
(1 -3.70896e-16 0)
(1 8.60689e-16 0)
(1 3.62854e-16 0)
(1 2.50238e-15 0)
(1 -3.23995e-15 0)
(1 -7.75218e-15 0)
(1 -2.73541e-15 0)
(1 -6.56357e-15 0)
(1 3.27844e-15 0)
(1 9.13148e-15 0)
(1 7.44961e-15 0)
(1 -2.51003e-15 0)
(1 -4.00119e-15 0)
(1 1.51291e-15 0)
(1 3.32794e-15 0)
(1 -4.05633e-15 0)
(1 -2.41706e-15 0)
(1 -8.81062e-15 0)
(1 -5.26201e-15 0)
(1 -3.67059e-15 0)
(1 -4.15339e-15 0)
(1 -1.57833e-15 0)
(1 -4.42658e-15 0)
(1 6.60683e-15 0)
(1 -4.62058e-15 0)
(1 -1.90551e-15 0)
(1 -3.74309e-15 0)
(1 1.64424e-15 0)
(1 2.86112e-15 0)
(1 4.04835e-16 0)
(1 -6.83152e-15 0)
(1 -3.90516e-15 0)
(1 -9.54812e-16 0)
(1 -5.40836e-15 0)
(1 1.54522e-15 0)
(1 -3.49948e-15 0)
(1 4.60103e-15 0)
(1 7.07205e-15 0)
(1 8.51405e-16 0)
(1 2.69516e-15 0)
(1 -1.11516e-15 0)
(1 -6.09459e-15 0)
(1 -5.79764e-15 0)
(1 -2.76575e-15 0)
(1 -1.25909e-14 0)
(1 -1.13612e-14 0)
(1 -9.89252e-15 0)
(1 -6.12737e-15 0)
(1 -7.32352e-15 0)
(1 6.58297e-16 0)
(1 2.7808e-15 0)
(1 6.39787e-15 0)
(1 -4.81461e-15 0)
(1 -7.14886e-15 0)
(1 -7.90737e-16 0)
(1 -3.34108e-15 0)
(1 -1.69314e-15 0)
(1 -5.68197e-15 0)
(1 -3.18572e-15 0)
(1 -8.3569e-15 0)
(1 -4.23181e-15 0)
(1 -8.0728e-16 0)
(1 2.07696e-15 0)
(1 7.27877e-15 0)
(1 3.70985e-15 0)
(1 -3.89574e-15 0)
(1 -7.80259e-15 0)
(1 -4.7536e-15 0)
(1 -3.48489e-15 0)
(1 6.66565e-16 0)
(1 -4.48755e-15 0)
(1 2.28048e-15 0)
(1 -6.34692e-15 0)
(1 -1.04707e-14 0)
(1 -5.53062e-15 0)
(1 -2.12456e-15 0)
(1 -7.1339e-15 0)
(1 -3.90157e-16 0)
(1 3.7354e-15 0)
(1 7.10042e-15 0)
(1 6.46504e-15 0)
(1 4.14602e-15 0)
(1 -1.24362e-15 0)
(1 9.97835e-16 0)
(1 -7.92413e-15 0)
(1 -2.55758e-15 0)
(1 -5.09666e-15 0)
(1 -6.92625e-15 0)
(1 -2.57927e-15 0)
(1 -3.20171e-15 0)
(1 -3.83329e-15 0)
(1 8.39905e-15 0)
(1 4.72061e-15 0)
(1 4.60471e-15 0)
(1 2.9027e-15 0)
(1 2.5636e-15 0)
(1 7.14605e-15 0)
(1 9.78413e-15 0)
(1 6.10133e-15 0)
(1 -3.59492e-15 0)
(1 2.60853e-15 0)
(1 -3.14005e-15 0)
(1 -6.8215e-15 0)
(1 -2.26179e-15 0)
(1 -9.40343e-15 0)
(1 4.75272e-15 0)
(1 -1.00129e-15 0)
(1 7.91128e-15 0)
(1 2.8814e-15 0)
(1 6.01563e-16 0)
(1 -2.74513e-15 0)
(1 -5.65431e-15 0)
(1 -5.58526e-15 0)
(1 2.48612e-15 0)
(1 7.63172e-15 0)
(1 -4.5673e-15 0)
(1 -1.20778e-14 0)
(1 -3.35181e-15 0)
(1 -7.71889e-15 0)
(1 -2.27166e-15 0)
(1 -9.12514e-15 0)
(1 7.24559e-16 0)
(1 6.73633e-15 0)
(1 1.15295e-14 0)
(1 7.58233e-15 0)
(1 6.50107e-16 0)
(1 3.28327e-16 0)
(1 2.52962e-15 0)
(1 -6.38587e-15 0)
(1 -6.57344e-15 0)
(1 -1.13341e-14 0)
(1 -8.35251e-15 0)
(1 -3.49123e-15 0)
(1 3.8714e-15 0)
(1 7.60012e-15 0)
(1 2.29052e-15 0)
(1 2.7069e-15 0)
(1 -2.7754e-15 0)
(1 3.45471e-15 0)
(1 3.60105e-15 0)
(1 -5.07142e-15 0)
(1 -4.94124e-15 0)
(1 -1.12593e-14 0)
(1 -5.44892e-15 0)
(1 -4.45082e-15 0)
(1 -7.97803e-15 0)
(1 -5.98522e-16 0)
(1 -7.82659e-15 0)
(1 -4.14477e-15 0)
(1 -1.61079e-15 0)
(1 -4.52433e-15 0)
(1 -3.05466e-15 0)
(1 -3.67033e-15 0)
(1 -1.40215e-15 0)
(1 -1.37672e-15 0)
(1 -1.28278e-15 0)
(1 4.8258e-15 0)
(1 5.22199e-16 0)
(1 1.32418e-15 0)
(1 2.31099e-16 0)
(1 1.58199e-15 0)
(1 -8.12047e-16 0)
(1 -7.03779e-15 0)
(1 -2.44158e-15 0)
(1 -9.3336e-15 0)
(1 8.18828e-15 0)
(1 2.0415e-15 0)
(1 3.89574e-15 0)
(1 -2.78346e-15 0)
(1 -5.77519e-15 0)
(1 -2.08718e-15 0)
(1 -4.17325e-15 0)
(1 -9.72802e-15 0)
(1 -1.3208e-14 0)
(1 3.37268e-15 0)
(1 2.86487e-15 0)
(1 3.22735e-16 0)
(1 -1.08543e-16 0)
(1 5.45912e-15 0)
(1 4.81605e-15 0)
(1 2.22556e-15 0)
(1 1.04702e-15 0)
(1 -6.72772e-15 0)
(1 -1.62083e-15 0)
(1 -8.47418e-15 0)
(1 -1.78702e-15 0)
(1 -7.81986e-15 0)
(1 -5.79045e-15 0)
(1 -1.22328e-14 0)
(1 -1.0242e-14 0)
(1 -5.13114e-15 0)
(1 9.64519e-15 0)
(1 1.04148e-14 0)
(1 7.10568e-15 0)
(1 4.08245e-15 0)
(1 2.48359e-15 0)
(1 2.50519e-15 0)
(1 7.6894e-15 0)
(1 3.87478e-15 0)
(1 -7.31944e-16 0)
(1 1.3844e-15 0)
(1 -6.99467e-15 0)
(1 -1.43571e-15 0)
(1 -8.11772e-15 0)
(1 1.29146e-15 0)
(1 8.93829e-16 0)
(1 1.93038e-15 0)
(1 -1.68519e-15 0)
(1 -1.77965e-15 0)
(1 4.95797e-15 0)
(1 4.29268e-15 0)
(1 1.03882e-14 0)
(1 5.85676e-15 0)
(1 -7.96105e-16 0)
(1 -4.80753e-15 0)
(1 -1.21934e-14 0)
(1 -9.1355e-15 0)
(1 -9.17446e-15 0)
(1 -7.90054e-15 0)
(1 -8.443e-15 0)
(1 3.63688e-16 0)
(1 -1.25062e-15 0)
(1 6.95626e-15 0)
(1 6.10727e-16 0)
(1 6.27927e-15 0)
(1 5.06096e-15 0)
(1 3.30874e-15 0)
(1 7.0438e-15 0)
(1 -1.40339e-16 0)
(1 -3.02641e-15 0)
(1 -3.61541e-16 0)
(1 -8.46406e-15 0)
(1 -2.09476e-14 0)
(1 -6.07591e-15 0)
(1 -2.35371e-15 0)
(1 1.1805e-15 0)
(1 -1.34698e-15 0)
(1 -8.04624e-16 0)
(1 1.08146e-14 0)
(1 9.10651e-15 0)
(1 1.06913e-15 0)
(1 2.47954e-15 0)
(1 -4.32063e-15 0)
(1 -4.94261e-15 0)
(1 -1.17867e-14 0)
(1 -4.25945e-15 0)
(1 -1.01486e-14 0)
(1 -8.18468e-15 0)
(1 -8.48644e-15 0)
(1 -2.72788e-15 0)
(1 -1.07742e-14 0)
(1 -7.9669e-15 0)
(1 -4.24219e-15 0)
(1 1.6732e-15 0)
(1 -1.13041e-15 0)
(1 6.44517e-16 0)
(1 1.75365e-15 0)
(1 3.02965e-15 0)
(1 -1.54601e-16 0)
(1 -1.87622e-15 0)
(1 -5.24529e-16 0)
(1 3.28114e-15 0)
(1 -3.05207e-15 0)
(1 -1.04307e-15 0)
(1 -2.88575e-16 0)
(1 1.19429e-15 0)
(1 -1.46232e-16 0)
(1 -1.40677e-15 0)
(1 -4.50803e-15 0)
(1 -8.82674e-15 0)
(1 -7.02919e-15 0)
(1 -7.9205e-15 0)
(1 -1.20437e-15 0)
(1 2.2158e-15 0)
(1 9.2172e-17 0)
(1 8.55097e-18 0)
(1 -6.51919e-15 0)
(1 -6.53177e-16 0)
(1 2.58732e-15 0)
(1 2.65381e-15 0)
(1 2.56592e-15 0)
(1 -2.32787e-15 0)
(1 -2.92005e-15 0)
(1 -5.65239e-15 0)
(1 -2.37189e-15 0)
(1 -7.38184e-16 0)
(1 4.26217e-16 0)
(1 -1.48122e-15 0)
(1 -6.02762e-15 0)
(1 -9.13728e-15 0)
(1 -4.94059e-16 0)
(1 2.00032e-15 0)
(1 4.50743e-15 0)
(1 3.5001e-15 0)
(1 -1.09083e-15 0)
(1 3.66538e-15 0)
(1 -1.65022e-16 0)
(1 -1.40793e-15 0)
(1 -1.60919e-15 0)
(1 -2.14397e-16 0)
(1 -5.31174e-15 0)
(1 -3.19427e-15 0)
(1 2.78429e-16 0)
(1 -2.60768e-15 0)
(1 -2.14203e-17 0)
(1 -9.6726e-15 0)
(1 -8.79924e-15 0)
(1 -7.08899e-15 0)
(1 -8.37976e-15 0)
(1 5.59924e-15 0)
(1 6.03463e-15 0)
(1 1.51502e-14 0)
(1 4.33405e-15 0)
(1 -7.14068e-16 0)
(1 -1.19687e-14 0)
(1 -7.51442e-15 0)
(1 -8.60728e-15 0)
(1 -1.89721e-15 0)
(1 -6.68674e-15 0)
(1 4.80699e-15 0)
(1 1.34051e-14 0)
(1 9.63093e-15 0)
(1 1.57366e-15 0)
(1 -5.77238e-15 0)
(1 -1.02376e-14 0)
(1 2.35495e-16 0)
(1 5.07128e-15 0)
(1 -2.82585e-16 0)
(1 -4.62063e-15 0)
(1 -1.10402e-14 0)
(1 -7.62311e-15 0)
(1 -7.07823e-15 0)
(1 -4.05106e-16 0)
(1 5.55756e-15 0)
(1 4.7439e-15 0)
(1 4.44214e-15 0)
(1 1.29272e-15 0)
(1 3.24618e-15 0)
(1 6.51547e-15 0)
(1 1.22698e-15 0)
(1 -2.49478e-16 0)
(1 -2.77075e-15 0)
(1 -7.9886e-15 0)
(1 -5.18666e-16 0)
(1 -6.28914e-15 0)
(1 -1.95776e-15 0)
(1 -7.2903e-15 0)
(1 -5.70799e-15 0)
(1 -9.0974e-15 0)
(1 -3.62905e-15 0)
(1 -8.14167e-15 0)
(1 -8.59343e-15 0)
(1 -6.79188e-15 0)
(1 -4.88498e-15 0)
(1 -2.30998e-15 0)
(1 1.06823e-15 0)
(1 5.09531e-15 0)
(1 8.13582e-15 0)
(1 2.22629e-15 0)
(1 1.40525e-15 0)
(1 -4.33615e-15 0)
(1 -2.29293e-15 0)
(1 -1.2762e-15 0)
(1 -2.07663e-15 0)
(1 3.19296e-15 0)
(1 -3.91405e-15 0)
(1 -2.33386e-15 0)
(1 -8.53877e-15 0)
(1 -3.52965e-15 0)
(1 -8.67877e-15 0)
(1 -1.14099e-14 0)
(1 -6.82304e-15 0)
(1 4.61088e-15 0)
(1 1.77605e-15 0)
(1 -7.34448e-15 0)
(1 -1.32472e-14 0)
(1 -6.10175e-15 0)
(1 1.13996e-15 0)
(1 8.74311e-15 0)
(1 4.6e-15 0)
(1 -7.38035e-16 0)
(1 3.95601e-16 0)
(1 3.82064e-16 0)
(1 -6.35152e-15 0)
(1 -4.73646e-15 0)
(1 -8.12336e-15 0)
(1 -2.93105e-15 0)
(1 -5.53081e-16 0)
(1 1.20678e-15 0)
(1 2.78472e-15 0)
(1 2.11636e-16 0)
(1 -4.64431e-15 0)
(1 -2.72724e-15 0)
(1 -1.24719e-15 0)
(1 -3.79141e-15 0)
(1 -1.52642e-15 0)
(1 -3.611e-15 0)
(1 -6.29893e-15 0)
(1 -7.5225e-15 0)
(1 4.64802e-15 0)
(1 -5.99909e-15 0)
(1 -6.88313e-15 0)
(1 -6.29187e-15 0)
(1 -4.62759e-15 0)
(1 -9.33663e-15 0)
(1 -4.83949e-15 0)
(1 -5.7786e-15 0)
(1 -6.52517e-15 0)
(1 -1.24157e-14 0)
(1 -7.68011e-15 0)
(1 1.59529e-15 0)
(1 5.85549e-15 0)
(1 6.02711e-15 0)
(1 1.26044e-15 0)
(1 9.78237e-15 0)
(1 6.90104e-15 0)
(1 -9.89812e-16 0)
(1 9.85315e-15 0)
(1 -5.29187e-17 0)
(1 1.14456e-14 0)
(1 4.74827e-15 0)
(1 -2.20604e-15 0)
(1 -1.13752e-14 0)
(1 -9.72008e-15 0)
(1 -3.70662e-15 0)
(1 -4.37597e-15 0)
(1 3.70122e-15 0)
(1 -8.71311e-15 0)
(1 -9.21968e-15 0)
(1 -1.00527e-14 0)
(1 -9.12494e-15 0)
(1 5.94107e-16 0)
(1 9.84802e-15 0)
(1 1.24254e-14 0)
(1 5.65868e-15 0)
(1 -5.34831e-15 0)
(1 2.70462e-16 0)
(1 3.67595e-15 0)
(1 5.12068e-15 0)
(1 4.90005e-15 0)
(1 -5.74825e-17 0)
(1 -8.27223e-15 0)
(1 -6.33511e-15 0)
(1 -2.49062e-15 0)
(1 -1.32354e-15 0)
(1 -1.2343e-15 0)
(1 -2.57062e-15 0)
(1 -3.38037e-15 0)
(1 -5.96889e-15 0)
(1 -8.36273e-15 0)
(1 -8.07787e-15 0)
(1 -9.39661e-15 0)
(1 -4.06482e-15 0)
(1 -3.85542e-15 0)
(1 -4.18731e-15 0)
(1 -7.54302e-16 0)
(1 2.16163e-15 0)
(1 3.3283e-15 0)
(1 -2.09256e-15 0)
(1 -1.78851e-15 0)
(1 -2.05828e-16 0)
(1 1.09569e-15 0)
(1 1.00948e-14 0)
(1 3.698e-16 0)
(1 -1.81242e-15 0)
(1 -3.5167e-15 0)
(1 -6.79232e-15 0)
(1 -1.24705e-14 0)
(1 -1.49481e-14 0)
(1 -1.26419e-14 0)
(1 -6.08513e-15 0)
(1 -4.38247e-15 0)
(1 -5.34145e-15 0)
(1 -7.43851e-16 0)
(1 -1.47535e-15 0)
(1 -7.94551e-15 0)
(1 -4.02794e-15 0)
(1 -4.90383e-15 0)
(1 4.38903e-15 0)
(1 3.4908e-15 0)
(1 7.20173e-16 0)
(1 -1.54188e-15 0)
(1 -3.93703e-17 0)
(1 2.78007e-15 0)
(1 -1.48996e-15 0)
(1 -1.20279e-14 0)
(1 -2.06259e-15 0)
(1 6.64977e-16 0)
(1 9.17481e-15 0)
(1 3.17119e-15 0)
(1 2.25243e-15 0)
(1 -4.06702e-15 0)
(1 -6.49122e-15 0)
(1 -5.01126e-15 0)
(1 2.55521e-16 0)
(1 -1.02621e-14 0)
(1 -8.54883e-15 0)
(1 -1.24152e-14 0)
(1 -1.44844e-14 0)
(1 2.11172e-15 0)
(1 -1.92111e-15 0)
(1 4.949e-15 0)
(1 -1.05481e-15 0)
(1 -3.37987e-15 0)
(1 -5.2226e-15 0)
(1 -1.19173e-14 0)
(1 -6.64754e-15 0)
(1 -1.44327e-14 0)
(1 -8.61492e-15 0)
(1 -9.01467e-15 0)
(1 1.03444e-14 0)
(1 1.03258e-14 0)
(1 9.00084e-15 0)
(1 -2.12618e-15 0)
(1 1.18262e-14 0)
(1 -4.84999e-15 0)
(1 9.20937e-15 0)
(1 1.14687e-14 0)
(1 1.17363e-14 0)
(1 5.87874e-15 0)
(1 -1.91698e-15 0)
(1 -1.01132e-14 0)
(1 -1.00311e-14 0)
(1 -1.08859e-14 0)
(1 -1.13852e-14 0)
(1 -1.14505e-14 0)
(1 -9.1266e-15 0)
(1 -1.08713e-14 0)
(1 -1.04828e-15 0)
(1 -5.83688e-15 0)
(1 6.35814e-16 0)
(1 2.36677e-15 0)
(1 9.57656e-15 0)
(1 4.03616e-15 0)
(1 1.67048e-15 0)
(1 3.42054e-16 0)
(1 4.94488e-15 0)
(1 3.85876e-15 0)
(1 -6.73125e-16 0)
(1 6.13846e-15 0)
(1 -2.25826e-15 0)
(1 -2.03126e-15 0)
(1 -2.69277e-15 0)
(1 -9.98385e-15 0)
(1 -1.32368e-14 0)
(1 -8.54672e-15 0)
(1 -8.26826e-15 0)
(1 -7.11024e-15 0)
(1 -2.38316e-15 0)
(1 -3.05954e-15 0)
(1 2.66024e-15 0)
(1 -5.51801e-16 0)
(1 -2.09794e-15 0)
(1 -3.0864e-15 0)
(1 -3.54942e-15 0)
(1 -7.68435e-16 0)
(1 -4.05164e-15 0)
(1 -4.61265e-15 0)
(1 8.6852e-17 0)
(1 3.46331e-15 0)
(1 5.57445e-15 0)
(1 1.62018e-15 0)
(1 6.89594e-15 0)
(1 2.56513e-15 0)
(1 -2.13056e-15 0)
(1 -1.40905e-15 0)
(1 -5.71465e-15 0)
(1 -6.54403e-15 0)
(1 -1.53699e-14 0)
(1 -1.40651e-14 0)
(1 -9.6078e-15 0)
(1 -6.25196e-15 0)
(1 -5.97265e-15 0)
(1 9.27112e-16 0)
(1 -2.73775e-15 0)
(1 -9.68723e-16 0)
(1 -4.83165e-15 0)
(1 -1.50835e-15 0)
(1 -4.23123e-15 0)
(1 4.2475e-15 0)
(1 2.60654e-15 0)
(1 -2.27357e-15 0)
(1 -5.94026e-18 0)
(1 2.20335e-15 0)
(1 6.15721e-16 0)
(1 -7.36144e-15 0)
(1 -2.16009e-15 0)
(1 3.50943e-16 0)
(1 2.9683e-15 0)
(1 -1.35224e-15 0)
(1 -5.98987e-16 0)
(1 -1.73463e-17 0)
(1 -2.25417e-15 0)
(1 -4.46338e-15 0)
(1 -4.25723e-15 0)
(1 -9.54814e-15 0)
(1 -8.59297e-15 0)
(1 -1.4121e-14 0)
(1 -1.46297e-14 0)
(1 -1.9913e-15 0)
(1 -3.91356e-15 0)
(1 8.724e-15 0)
(1 -5.67933e-15 0)
(1 6.30913e-16 0)
(1 3.08373e-15 0)
(1 -9.17713e-15 0)
(1 -1.25724e-14 0)
(1 -9.58356e-15 0)
(1 -1.03025e-14 0)
(1 -2.52687e-17 0)
(1 6.37103e-15 0)
(1 2.73509e-15 0)
(1 -1.11531e-15 0)
(1 1.87514e-17 0)
(1 -5.80747e-15 0)
(1 -2.80735e-16 0)
(1 1.19841e-14 0)
(1 1.37913e-14 0)
(1 8.66244e-15 0)
(1 3.17545e-15 0)
(1 -7.40486e-15 0)
(1 -1.08637e-14 0)
(1 -1.47026e-15 0)
(1 -4.2567e-15 0)
(1 -3.07288e-16 0)
(1 -6.60767e-15 0)
(1 -9.68483e-15 0)
(1 -1.18783e-14 0)
(1 -6.55383e-15 0)
(1 -2.71592e-17 0)
(1 1.46384e-15 0)
(1 -1.07495e-15 0)
(1 1.04967e-14 0)
(1 1.22837e-15 0)
(1 1.17728e-15 0)
(1 3.50327e-15 0)
(1 6.25393e-15 0)
(1 -1.5041e-15 0)
(1 -2.51004e-15 0)
(1 -3.27409e-15 0)
(1 1.19355e-15 0)
(1 6.35868e-16 0)
(1 -6.74475e-15 0)
(1 -3.43526e-15 0)
(1 -2.33165e-15 0)
(1 -9.0094e-15 0)
(1 -3.81695e-15 0)
(1 -3.54823e-15 0)
(1 -5.16067e-15 0)
(1 -4.41961e-15 0)
(1 -9.14527e-16 0)
(1 -1.3232e-16 0)
(1 3.63697e-16 0)
(1 3.61038e-17 0)
(1 9.10457e-16 0)
(1 -1.09791e-15 0)
(1 -5.47048e-15 0)
(1 1.115e-15 0)
(1 5.55402e-15 0)
(1 6.02371e-15 0)
(1 2.47982e-15 0)
(1 -1.18351e-16 0)
(1 -3.45373e-15 0)
(1 -4.44157e-15 0)
(1 -3.18386e-15 0)
(1 -2.10442e-15 0)
(1 1.11299e-15 0)
(1 -3.83251e-15 0)
(1 2.42287e-15 0)
(1 -4.51163e-15 0)
(1 -3.06337e-15 0)
(1 -5.92317e-15 0)
(1 -6.4837e-15 0)
(1 -3.11247e-15 0)
(1 -5.68566e-16 0)
(1 -3.28726e-16 0)
(1 -2.51117e-15 0)
(1 -1.13392e-15 0)
(1 -7.72996e-16 0)
(1 6.80599e-15 0)
(1 4.65674e-15 0)
(1 3.68003e-15 0)
(1 -9.95905e-16 0)
(1 -6.084e-15 0)
(1 -2.35641e-15 0)
(1 -3.2709e-15 0)
(1 -1.30198e-15 0)
(1 2.78367e-15 0)
(1 6.0376e-16 0)
(1 1.31081e-15 0)
(1 -2.21828e-15 0)
(1 -2.3234e-15 0)
(1 2.73244e-16 0)
(1 -5.88383e-15 0)
(1 -6.7289e-15 0)
(1 -2.20003e-15 0)
(1 -3.4541e-15 0)
(1 -4.49451e-15 0)
(1 -2.74997e-15 0)
(1 -3.59018e-15 0)
(1 7.03274e-16 0)
(1 2.90955e-15 0)
(1 -2.65922e-15 0)
(1 -1.46595e-15 0)
(1 1.95627e-15 0)
(1 -8.59442e-15 0)
(1 1.11885e-15 0)
(1 -2.47325e-15 0)
(1 3.66953e-15 0)
(1 1.03171e-15 0)
(1 -4.45911e-15 0)
(1 -1.2121e-14 0)
(1 -3.42833e-15 0)
(1 8.78401e-16 0)
(1 -4.47276e-15 0)
(1 4.91057e-15 0)
(1 8.52786e-15 0)
(1 1.09368e-15 0)
(1 -4.33073e-17 0)
(1 -1.02083e-14 0)
(1 -2.43206e-16 0)
(1 -2.01344e-15 0)
(1 -7.11502e-15 0)
(1 -8.33293e-15 0)
(1 2.59687e-15 0)
(1 -4.99661e-16 0)
(1 -6.19948e-15 0)
(1 -4.55901e-15 0)
(1 6.06443e-16 0)
(1 1.46468e-14 0)
(1 -2.16423e-16 0)
(1 -2.57063e-16 0)
(1 2.13456e-15 0)
(1 6.03355e-15 0)
(1 2.67754e-15 0)
(1 1.9807e-15 0)
(1 2.19318e-16 0)
(1 -2.84354e-15 0)
(1 -1.83763e-15 0)
(1 -7.24467e-15 0)
(1 -4.43654e-15 0)
(1 -6.98616e-15 0)
(1 -7.53728e-15 0)
(1 -8.99048e-15 0)
(1 -5.24811e-15 0)
(1 -1.16399e-14 0)
(1 -7.3012e-15 0)
(1 -7.45908e-16 0)
(1 -2.1125e-15 0)
(1 6.34328e-16 0)
(1 -6.53057e-15 0)
(1 -5.8311e-15 0)
(1 5.56062e-15 0)
(1 4.44358e-15 0)
(1 3.637e-15 0)
(1 3.40071e-15 0)
(1 3.9092e-15 0)
(1 2.02791e-15 0)
(1 -4.06822e-16 0)
(1 -5.38402e-15 0)
(1 -3.51718e-15 0)
(1 6.34204e-15 0)
(1 2.86676e-15 0)
(1 3.62166e-15 0)
(1 -2.88e-15 0)
(1 -4.47396e-15 0)
(1 -8.08092e-15 0)
(1 -4.73307e-15 0)
(1 -2.64553e-15 0)
(1 -2.56217e-15 0)
(1 -5.73828e-15 0)
(1 1.75903e-16 0)
(1 -4.47296e-15 0)
(1 2.34602e-16 0)
(1 2.41647e-15 0)
(1 7.55056e-16 0)
(1 1.15954e-15 0)
(1 -2.09002e-15 0)
(1 1.66529e-15 0)
(1 3.53291e-15 0)
(1 7.13295e-16 0)
(1 2.75215e-15 0)
(1 2.18366e-15 0)
(1 2.43379e-15 0)
(1 4.21384e-15 0)
(1 -2.5701e-15 0)
(1 -8.17843e-16 0)
(1 1.46808e-15 0)
(1 1.10037e-15 0)
(1 1.73113e-17 0)
(1 -8.81168e-17 0)
(1 -2.78965e-15 0)
(1 1.44566e-15 0)
(1 -3.84314e-15 0)
(1 -1.34249e-15 0)
(1 -1.99073e-15 0)
(1 -1.91657e-15 0)
(1 -4.1496e-15 0)
(1 -2.63052e-15 0)
(1 -4.17864e-15 0)
(1 9.14159e-15 0)
(1 2.22494e-15 0)
(1 5.79306e-15 0)
(1 -5.24447e-15 0)
(1 -4.56403e-15 0)
(1 -2.19933e-15 0)
(1 1.88325e-15 0)
(1 -3.65145e-15 0)
(1 3.95256e-15 0)
(1 -1.05012e-14 0)
(1 -7.74264e-15 0)
(1 -5.13041e-15 0)
(1 -3.57307e-15 0)
(1 6.80737e-16 0)
(1 -9.35078e-16 0)
(1 3.4848e-15 0)
(1 7.23811e-15 0)
(1 -3.98254e-16 0)
(1 9.47712e-16 0)
(1 -1.67693e-15 0)
(1 7.89161e-15 0)
(1 3.17372e-15 0)
(1 -6.54253e-15 0)
(1 -1.02794e-14 0)
(1 -1.24391e-14 0)
(1 -6.84447e-15 0)
(1 -1.14382e-14 0)
(1 -1.24267e-15 0)
(1 -3.46263e-15 0)
(1 1.83881e-15 0)
(1 -1.10449e-15 0)
(1 5.04406e-15 0)
(1 -2.67125e-15 0)
(1 7.02402e-15 0)
(1 9.705e-17 0)
(1 3.73765e-15 0)
(1 3.56026e-15 0)
(1 9.65513e-16 0)
(1 -2.82812e-15 0)
(1 -5.44685e-15 0)
(1 -8.60496e-15 0)
(1 -6.11644e-15 0)
(1 -4.16939e-15 0)
(1 -1.04873e-14 0)
(1 -8.57421e-15 0)
(1 -7.77488e-15 0)
(1 -1.08901e-14 0)
(1 3.8591e-17 0)
(1 2.97274e-15 0)
(1 2.04023e-15 0)
(1 -4.48525e-16 0)
(1 -6.44546e-15 0)
(1 8.97765e-15 0)
(1 9.56419e-15 0)
(1 4.82467e-15 0)
(1 4.22171e-16 0)
(1 1.83586e-15 0)
(1 5.27178e-16 0)
(1 -1.39889e-15 0)
(1 -2.96994e-15 0)
(1 -8.6776e-16 0)
(1 -7.89736e-16 0)
(1 3.07493e-15 0)
(1 2.49232e-15 0)
(1 5.54336e-18 0)
(1 -2.79424e-15 0)
(1 -5.44263e-15 0)
(1 -1.25393e-15 0)
(1 -2.49778e-15 0)
(1 3.12487e-16 0)
(1 -2.30917e-15 0)
(1 1.7463e-15 0)
(1 -3.95953e-15 0)
(1 -3.43461e-15 0)
(1 -4.77432e-15 0)
(1 -3.84801e-15 0)
(1 1.29884e-15 0)
(1 4.66935e-15 0)
(1 4.65693e-15 0)
(1 5.77325e-15 0)
(1 4.08467e-15 0)
(1 2.78499e-15 0)
(1 -4.45418e-15 0)
(1 3.34756e-15 0)
(1 4.04138e-15 0)
(1 1.05344e-15 0)
(1 -4.20442e-15 0)
(1 -4.08656e-15 0)
(1 -9.77548e-16 0)
(1 -1.94011e-15 0)
(1 2.69828e-16 0)
(1 -1.03139e-15 0)
(1 1.66473e-15 0)
(1 4.3728e-16 0)
(1 -3.18106e-15 0)
(1 -5.65924e-16 0)
(1 -4.41228e-16 0)
(1 -1.80394e-15 0)
(1 -3.34712e-15 0)
(1 1.69808e-15 0)
(1 2.54648e-15 0)
(1 4.48154e-15 0)
(1 9.31794e-15 0)
(1 1.10187e-15 0)
(1 -4.35832e-15 0)
(1 3.51504e-16 0)
(1 -5.93494e-15 0)
(1 -3.94515e-15 0)
(1 -7.05097e-15 0)
(1 -6.50086e-15 0)
(1 -7.07755e-15 0)
(1 -5.60073e-15 0)
(1 -1.71891e-15 0)
(1 -5.66054e-15 0)
(1 -2.47857e-15 0)
(1 6.02187e-16 0)
(1 -2.46896e-15 0)
(1 5.13023e-15 0)
(1 4.25754e-15 0)
(1 9.02399e-15 0)
(1 -5.88858e-15 0)
(1 -4.93049e-15 0)
(1 -8.58647e-15 0)
(1 -3.94414e-15 0)
(1 -2.55174e-15 0)
(1 -6.66739e-16 0)
(1 -5.05273e-15 0)
(1 -3.3465e-15 0)
(1 -2.38551e-15 0)
(1 -1.17323e-15 0)
(1 5.83937e-15 0)
(1 1.35477e-14 0)
(1 6.50947e-15 0)
(1 -4.01375e-16 0)
(1 -3.12057e-15 0)
(1 -5.4495e-15 0)
(1 -2.63217e-15 0)
(1 3.88253e-15 0)
(1 4.21869e-16 0)
(1 -1.23284e-15 0)
(1 -2.22864e-15 0)
(1 -9.45516e-15 0)
(1 -4.53435e-15 0)
(1 -6.08934e-15 0)
(1 4.36334e-16 0)
(1 -1.46045e-15 0)
(1 -6.72969e-15 0)
(1 -8.39158e-15 0)
(1 -4.18634e-16 0)
(1 -3.65338e-15 0)
(1 2.85947e-15 0)
(1 4.19406e-15 0)
(1 1.66128e-15 0)
(1 3.81892e-15 0)
(1 7.1041e-15 0)
(1 4.42477e-15 0)
(1 -3.13542e-15 0)
(1 4.49973e-15 0)
(1 1.92293e-15 0)
(1 5.11326e-15 0)
(1 2.92177e-16 0)
(1 -7.66488e-16 0)
(1 -5.81039e-15 0)
(1 -3.31757e-15 0)
(1 -5.2048e-15 0)
(1 -6.15187e-15 0)
(1 -1.7072e-16 0)
(1 6.9144e-15 0)
(1 9.57406e-15 0)
(1 7.16284e-15 0)
(1 5.66559e-15 0)
(1 -4.82286e-15 0)
(1 -5.56131e-15 0)
(1 -4.99473e-15 0)
(1 2.29959e-16 0)
(1 -1.10217e-15 0)
(1 2.04859e-15 0)
(1 1.68408e-15 0)
(1 5.0266e-15 0)
(1 5.14938e-15 0)
(1 1.0931e-14 0)
(1 4.22571e-15 0)
(1 -3.11224e-15 0)
(1 1.12172e-15 0)
(1 -1.90241e-15 0)
(1 2.9049e-15 0)
(1 3.11702e-15 0)
(1 3.17064e-15 0)
(1 1.93912e-15 0)
(1 2.45231e-16 0)
(1 -2.25618e-15 0)
(1 -4.86566e-15 0)
(1 -2.76173e-15 0)
(1 1.54524e-15 0)
(1 -6.22616e-15 0)
(1 3.24265e-15 0)
(1 4.36886e-15 0)
(1 5.49622e-15 0)
(1 6.98976e-15 0)
(1 2.20398e-15 0)
(1 -1.61449e-15 0)
(1 -5.01677e-16 0)
(1 6.53231e-15 0)
(1 6.13964e-15 0)
(1 -4.6343e-15 0)
(1 3.62295e-16 0)
(1 -9.25753e-15 0)
(1 -1.43624e-15 0)
(1 -1.04947e-14 0)
(1 3.37108e-15 0)
(1 -6.96125e-15 0)
(1 -1.47356e-15 0)
(1 -8.89167e-15 0)
(1 -3.85344e-15 0)
(1 -2.12151e-15 0)
(1 2.12819e-15 0)
(1 5.94799e-15 0)
(1 1.06128e-14 0)
(1 7.96186e-15 0)
(1 9.3035e-16 0)
(1 -1.20669e-15 0)
(1 -5.19851e-15 0)
(1 -8.73339e-15 0)
(1 -1.19259e-14 0)
(1 -8.28729e-15 0)
(1 -2.31781e-15 0)
(1 -2.87359e-15 0)
(1 -5.60035e-15 0)
(1 -1.44178e-15 0)
(1 -1.9114e-15 0)
(1 1.28911e-15 0)
(1 3.58748e-15 0)
(1 3.55195e-15 0)
(1 -7.2796e-15 0)
(1 -1.11892e-16 0)
(1 2.21136e-15 0)
(1 -2.42374e-15 0)
(1 -1.86603e-15 0)
(1 1.48787e-16 0)
(1 -3.24446e-15 0)
(1 -9.23777e-15 0)
(1 -8.16733e-15 0)
(1 -5.35883e-15 0)
(1 -5.87004e-15 0)
(1 4.51366e-15 0)
(1 2.10657e-15 0)
(1 -2.53657e-15 0)
(1 -7.06232e-15 0)
(1 -8.19117e-16 0)
(1 -3.75535e-15 0)
(1 3.58215e-15 0)
(1 7.73848e-15 0)
(1 -4.04858e-15 0)
(1 3.03879e-16 0)
(1 5.07461e-15 0)
(1 7.43471e-15 0)
(1 8.68484e-15 0)
(1 3.19605e-15 0)
(1 -1.17434e-15 0)
(1 2.54626e-15 0)
(1 -2.37685e-15 0)
(1 -3.04811e-15 0)
(1 -4.32939e-15 0)
(1 -1.56816e-15 0)
(1 -1.14283e-16 0)
(1 1.26448e-15 0)
(1 2.32065e-15 0)
(1 6.66459e-15 0)
(1 -9.2258e-16 0)
(1 6.15044e-15 0)
(1 7.24657e-15 0)
(1 3.86798e-15 0)
(1 2.98562e-15 0)
(1 6.12392e-15 0)
(1 3.15662e-15 0)
(1 5.03215e-17 0)
(1 4.87484e-15 0)
(1 -5.79981e-16 0)
(1 1.25915e-15 0)
(1 -2.09853e-15 0)
(1 1.82208e-15 0)
(1 -9.99794e-16 0)
(1 1.7529e-15 0)
(1 1.94498e-16 0)
(1 4.04603e-15 0)
(1 4.8146e-15 0)
(1 -2.00136e-16 0)
(1 -2.89521e-18 0)
(1 -4.73514e-15 0)
(1 2.11929e-15 0)
(1 8.12353e-16 0)
(1 -3.12273e-16 0)
(1 -2.59122e-15 0)
(1 3.73062e-15 0)
(1 5.18708e-15 0)
(1 3.57211e-15 0)
(1 3.15424e-15 0)
(1 3.18407e-15 0)
(1 3.86175e-15 0)
(1 1.83578e-15 0)
(1 -4.14525e-15 0)
(1 -1.60635e-15 0)
(1 -1.2709e-15 0)
(1 9.66616e-15 0)
(1 -3.22365e-15 0)
(1 -1.64226e-15 0)
(1 -8.33133e-15 0)
(1 2.76469e-15 0)
(1 -2.51494e-15 0)
(1 3.12136e-16 0)
(1 -3.4763e-15 0)
(1 2.78834e-15 0)
(1 -5.16605e-15 0)
(1 1.58925e-15 0)
(1 2.2739e-15 0)
(1 5.22085e-15 0)
(1 7.76155e-15 0)
(1 -1.51249e-15 0)
(1 3.15297e-16 0)
(1 -4.2422e-16 0)
(1 -3.24257e-15 0)
(1 -4.10872e-15 0)
(1 3.83531e-16 0)
(1 -1.94692e-15 0)
(1 -4.8018e-15 0)
(1 -1.84952e-16 0)
(1 -5.34776e-16 0)
(1 -3.41426e-15 0)
(1 -6.75102e-15 0)
(1 -3.47259e-15 0)
(1 4.74106e-15 0)
(1 -2.79872e-16 0)
(1 1.45541e-15 0)
(1 -1.29051e-15 0)
(1 4.19751e-16 0)
(1 -1.48231e-15 0)
(1 -1.1651e-15 0)
(1 -7.88389e-15 0)
(1 8.74786e-16 0)
(1 -9.16503e-16 0)
(1 -7.58622e-15 0)
(1 -4.85293e-15 0)
(1 -4.72097e-17 0)
(1 -7.1067e-16 0)
(1 2.20318e-15 0)
(1 9.12437e-16 0)
(1 -3.54097e-15 0)
(1 -3.73258e-15 0)
(1 2.95535e-15 0)
(1 -3.25994e-15 0)
(1 3.86936e-17 0)
(1 2.04209e-15 0)
(1 2.51095e-15 0)
(1 4.03047e-15 0)
(1 3.56125e-15 0)
(1 -1.58173e-16 0)
(1 8.64391e-15 0)
(1 3.61521e-17 0)
(1 -2.55501e-15 0)
(1 -2.03687e-15 0)
(1 -4.3332e-15 0)
(1 -2.58908e-15 0)
(1 -1.54492e-15 0)
(1 -4.42653e-15 0)
(1 9.41348e-15 0)
(1 5.52319e-15 0)
(1 3.05084e-15 0)
(1 -2.17079e-15 0)
(1 -7.82271e-15 0)
(1 1.15331e-15 0)
(1 3.78775e-15 0)
(1 1.84736e-15 0)
(1 5.09218e-15 0)
(1 7.17121e-15 0)
(1 4.21426e-16 0)
(1 -2.2563e-15 0)
(1 -2.23188e-15 0)
(1 -3.05979e-16 0)
(1 -8.53731e-16 0)
(1 -2.16459e-15 0)
(1 3.26945e-15 0)
(1 1.48732e-15 0)
(1 1.2948e-15 0)
(1 -8.0746e-16 0)
(1 4.03306e-15 0)
(1 2.88082e-15 0)
(1 -4.09376e-15 0)
(1 -4.1011e-15 0)
(1 1.33911e-15 0)
(1 8.9556e-16 0)
(1 2.31652e-15 0)
(1 4.20031e-15 0)
(1 -6.92948e-16 0)
(1 3.63305e-16 0)
(1 3.76205e-15 0)
(1 4.77444e-16 0)
(1 3.96624e-16 0)
(1 3.61794e-15 0)
(1 8.33454e-16 0)
(1 7.1815e-17 0)
(1 -1.00927e-15 0)
(1 1.65753e-15 0)
(1 -4.27992e-16 0)
(1 3.88075e-15 0)
(1 3.8069e-15 0)
(1 -2.24574e-15 0)
(1 5.05242e-15 0)
(1 -1.42744e-15 0)
(1 -7.86098e-17 0)
(1 -9.78198e-15 0)
(1 8.38832e-17 0)
(1 -1.40077e-15 0)
(1 1.92615e-15 0)
(1 3.65185e-16 0)
(1 7.61347e-16 0)
(1 7.45305e-15 0)
(1 4.14498e-15 0)
(1 -1.45065e-15 0)
(1 3.01008e-16 0)
(1 -5.08331e-15 0)
(1 -7.8004e-15 0)
(1 -9.28884e-16 0)
(1 -1.5024e-15 0)
(1 3.17672e-15 0)
(1 -2.15813e-15 0)
(1 2.16417e-15 0)
(1 -9.45112e-16 0)
(1 2.05373e-15 0)
(1 -2.94623e-15 0)
(1 -2.28098e-15 0)
(1 2.37318e-15 0)
(1 -9.54886e-16 0)
(1 9.83909e-16 0)
(1 2.67719e-15 0)
(1 3.47493e-15 0)
(1 3.13262e-15 0)
(1 2.28358e-15 0)
(1 2.0785e-15 0)
(1 -3.97136e-16 0)
(1 2.37187e-15 0)
(1 -5.10823e-15 0)
(1 -8.39097e-15 0)
(1 -2.66104e-15 0)
(1 3.82112e-15 0)
(1 -1.99831e-15 0)
(1 -3.64254e-15 0)
(1 -4.47707e-15 0)
(1 -5.93251e-15 0)
(1 2.40832e-15 0)
(1 -2.98577e-15 0)
(1 -2.77446e-16 0)
(1 2.9248e-15 0)
(1 5.25257e-15 0)
(1 4.85002e-15 0)
(1 6.66448e-15 0)
(1 4.88118e-15 0)
(1 3.81999e-15 0)
(1 -6.85674e-16 0)
(1 -1.5829e-15 0)
(1 -1.19661e-15 0)
(1 -2.70592e-15 0)
(1 -3.00763e-15 0)
(1 -3.61844e-15 0)
(1 -1.09368e-15 0)
(1 2.11346e-15 0)
(1 -9.18631e-17 0)
(1 -1.18879e-15 0)
(1 -1.34953e-15 0)
(1 -3.26911e-15 0)
(1 -5.40959e-15 0)
(1 -2.35117e-16 0)
(1 2.01078e-15 0)
(1 2.92695e-15 0)
(1 3.83968e-15 0)
(1 -6.61167e-16 0)
(1 -3.46007e-15 0)
(1 -5.56383e-15 0)
(1 -2.59391e-15 0)
(1 -2.48595e-15 0)
(1 2.97251e-15 0)
(1 6.45776e-15 0)
(1 2.46485e-15 0)
(1 1.31217e-15 0)
(1 2.27414e-16 0)
(1 -1.70659e-16 0)
(1 3.15078e-16 0)
(1 -2.31967e-15 0)
(1 -3.88327e-15 0)
(1 6.69755e-15 0)
(1 1.5717e-15 0)
(1 2.56072e-15 0)
(1 5.93618e-16 0)
(1 -5.5577e-15 0)
(1 -2.25421e-15 0)
(1 -4.70353e-15 0)
(1 -3.52701e-16 0)
(1 -1.47098e-15 0)
(1 6.34949e-15 0)
(1 5.98968e-15 0)
(1 -1.49835e-15 0)
(1 3.54549e-15 0)
(1 -2.71685e-15 0)
(1 1.18663e-15 0)
(1 -4.05403e-15 0)
(1 3.32353e-15 0)
(1 1.97727e-15 0)
(1 4.46022e-15 0)
(1 -7.0972e-15 0)
(1 -5.05928e-15 0)
(1 -7.71612e-15 0)
(1 8.23476e-16 0)
(1 2.1393e-15 0)
(1 -1.9696e-15 0)
(1 3.74793e-15 0)
(1 1.09436e-15 0)
(1 7.8323e-15 0)
(1 9.62869e-15 0)
(1 6.1766e-15 0)
(1 1.16583e-15 0)
(1 -6.69585e-15 0)
(1 -3.91053e-15 0)
(1 1.46336e-15 0)
(1 -4.95504e-15 0)
(1 -1.67898e-15 0)
(1 -2.90824e-15 0)
(1 -1.09107e-15 0)
(1 -1.85098e-15 0)
(1 4.09835e-15 0)
(1 1.90546e-15 0)
(1 -1.37015e-15 0)
(1 -1.85512e-15 0)
(1 -2.088e-15 0)
(1 -5.24881e-15 0)
(1 -1.61251e-15 0)
(1 -4.31007e-16 0)
(1 7.4653e-15 0)
(1 1.88647e-15 0)
(1 6.67886e-16 0)
(1 -2.94112e-15 0)
(1 -5.80397e-16 0)
(1 -5.7849e-15 0)
(1 -4.12199e-15 0)
(1 -9.72051e-16 0)
(1 2.92984e-15 0)
(1 -5.63787e-16 0)
(1 -2.89e-15 0)
(1 -3.50642e-15 0)
(1 -4.34944e-16 0)
(1 -1.32055e-15 0)
(1 -3.15416e-15 0)
(1 -8.54237e-16 0)
(1 2.04612e-15 0)
(1 8.42435e-16 0)
(1 2.70821e-15 0)
(1 2.53783e-15 0)
(1 5.74265e-15 0)
(1 3.26988e-15 0)
(1 6.23272e-16 0)
(1 -2.90423e-16 0)
(1 -5.82726e-16 0)
(1 2.12566e-15 0)
(1 -2.16308e-15 0)
(1 8.55476e-16 0)
(1 4.17024e-15 0)
(1 2.91832e-16 0)
(1 -5.45029e-16 0)
(1 -2.35891e-15 0)
(1 8.75241e-16 0)
(1 -2.60887e-15 0)
(1 -3.91233e-15 0)
(1 1.66101e-15 0)
(1 5.75255e-15 0)
(1 2.76884e-15 0)
(1 5.95568e-15 0)
(1 3.4416e-15 0)
(1 -4.12539e-16 0)
(1 -2.11103e-15 0)
(1 -1.52844e-15 0)
(1 -1.37836e-15 0)
(1 2.82484e-15 0)
(1 2.7706e-15 0)
(1 2.58816e-16 0)
(1 4.81186e-16 0)
(1 -6.14351e-16 0)
(1 -1.49278e-16 0)
(1 -9.37646e-16 0)
(1 -4.47625e-15 0)
(1 -5.78576e-15 0)
(1 -6.61117e-18 0)
(1 2.95639e-15 0)
(1 2.40565e-15 0)
(1 -6.88898e-16 0)
(1 -4.75245e-15 0)
(1 -1.2928e-15 0)
(1 -1.12465e-15 0)
(1 8.5977e-16 0)
(1 -2.8555e-15 0)
(1 3.10938e-15 0)
(1 3.16561e-15 0)
)
;

boundaryField
{
    inlet
    {
        type            fixedValue;
        value           uniform (1 0 0);
    }
    outlet
    {
        type            zeroGradient;
    }
    down
    {
        type            empty;
    }
    up
    {
        type            empty;
    }
    sides
    {
        type            slip;
    }
}

