/*--------------------------------*- C++ -*----------------------------------*\
| =========                 |                                                 |
| \\      /  F ield         | OpenFOAM: The Open Source CFD Toolbox           |
|  \\    /   O peration     | Version:  v2012                                 |
|   \\  /    A nd           | Website:  www.openfoam.com                      |
|    \\/     M anipulation  |                                                 |
\*---------------------------------------------------------------------------*/
FoamFile
{
    version     2.0;
    format      ascii;
    class       volVectorField;
    location    "0";
    object      uRec;
}
// * * * * * * * * * * * * * * * * * * * * * * * * * * * * * * * * * * * * * //

dimensions      [0 1 -1 0 0 0 0];


internalField   nonuniform List<vector> 
4000
(
(1 -6.09482e-16 0)
(1 3.35894e-15 0)
(1 3.83187e-15 0)
(1 1.62127e-15 0)
(1 4.99092e-17 0)
(1 8.8778e-17 0)
(1 -1.0889e-15 0)
(1 -2.30453e-15 0)
(1 -3.68029e-15 0)
(1 -4.89279e-16 0)
(1 3.64852e-15 0)
(1 8.55368e-16 0)
(1 6.19668e-16 0)
(1 3.04241e-16 0)
(1 4.29896e-15 0)
(1 -2.29667e-15 0)
(1 -4.1283e-15 0)
(1 -4.70416e-15 0)
(1 -2.54649e-17 0)
(1 -4.86334e-15 0)
(1 -5.2728e-15 0)
(1 -5.94309e-15 0)
(1 4.0857e-15 0)
(1 2.1397e-15 0)
(1 6.3268e-15 0)
(1 1.84416e-15 0)
(1 2.84967e-15 0)
(1 -5.58435e-17 0)
(1 -3.58646e-16 0)
(1 7.80569e-16 0)
(1 2.21883e-16 0)
(1 -3.36765e-15 0)
(1 -3.79733e-15 0)
(1 1.11298e-15 0)
(1 3.13643e-15 0)
(1 4.00278e-15 0)
(1 5.69783e-15 0)
(1 2.45359e-15 0)
(1 2.50766e-15 0)
(1 1.31868e-16 0)
(1 1.11314e-15 0)
(1 -1.1387e-15 0)
(1 4.73967e-17 0)
(1 -3.70942e-15 0)
(1 -3.09811e-15 0)
(1 -8.98204e-16 0)
(1 -1.35866e-15 0)
(1 1.38055e-15 0)
(1 7.0412e-17 0)
(1 2.2226e-15 0)
(1 1.24608e-15 0)
(1 3.27029e-15 0)
(1 1.89824e-15 0)
(1 4.10245e-16 0)
(1 -2.40349e-15 0)
(1 -2.57057e-15 0)
(1 -3.11074e-15 0)
(1 1.30347e-15 0)
(1 1.21533e-15 0)
(1 4.8355e-15 0)
(1 3.34505e-15 0)
(1 8.17933e-16 0)
(1 2.5923e-15 0)
(1 1.44342e-15 0)
(1 -1.20196e-15 0)
(1 -3.07029e-15 0)
(1 -7.0707e-16 0)
(1 -2.34209e-16 0)
(1 5.17621e-16 0)
(1 -1.72239e-16 0)
(1 -2.37522e-15 0)
(1 -8.06798e-17 0)
(1 -2.51858e-16 0)
(1 -5.0353e-15 0)
(1 -4.1739e-15 0)
(1 -1.47706e-15 0)
(1 -1.03549e-16 0)
(1 5.41318e-16 0)
(1 2.63097e-15 0)
(1 3.74806e-15 0)
(1 7.8728e-16 0)
(1 9.25789e-17 0)
(1 5.76623e-16 0)
(1 -1.63895e-15 0)
(1 -2.45686e-15 0)
(1 -2.37022e-15 0)
(1 -3.50351e-15 0)
(1 2.30907e-15 0)
(1 3.19272e-15 0)
(1 3.06135e-15 0)
(1 5.84822e-16 0)
(1 6.11606e-17 0)
(1 -2.96956e-15 0)
(1 -1.35962e-15 0)
(1 -2.17702e-15 0)
(1 -3.23819e-15 0)
(1 -2.01731e-15 0)
(1 1.88253e-15 0)
(1 2.02603e-15 0)
(1 6.14167e-17 0)
(1 1.37311e-15 0)
(1 2.9313e-15 0)
(1 6.36217e-15 0)
(1 -2.63865e-16 0)
(1 -8.81566e-17 0)
(1 -3.73457e-15 0)
(1 -1.64757e-15 0)
(1 -4.53437e-15 0)
(1 -1.62846e-15 0)
(1 -2.02268e-15 0)
(1 3.89439e-15 0)
(1 3.66247e-15 0)
(1 5.09569e-15 0)
(1 3.72863e-15 0)
(1 3.50703e-15 0)
(1 -5.47195e-15 0)
(1 -7.81051e-15 0)
(1 -3.95154e-15 0)
(1 7.52014e-16 0)
(1 -5.95017e-15 0)
(1 -4.6001e-15 0)
(1 -6.86424e-15 0)
(1 8.42897e-16 0)
(1 1.20058e-15 0)
(1 6.19721e-15 0)
(1 8.13941e-16 0)
(1 -2.32907e-16 0)
(1 -2.36844e-15 0)
(1 -5.65145e-16 0)
(1 2.18556e-15 0)
(1 4.38043e-15 0)
(1 -2.46035e-15 0)
(1 1.14194e-15 0)
(1 -1.67385e-16 0)
(1 1.02433e-15 0)
(1 3.83021e-16 0)
(1 2.49448e-15 0)
(1 2.3816e-15 0)
(1 2.42744e-15 0)
(1 9.16343e-16 0)
(1 -4.89489e-16 0)
(1 -1.92747e-16 0)
(1 -1.14301e-15 0)
(1 -6.80085e-15 0)
(1 -3.47817e-15 0)
(1 -4.36212e-15 0)
(1 7.23692e-16 0)
(1 2.28634e-15 0)
(1 4.68499e-15 0)
(1 -2.69875e-15 0)
(1 -1.97663e-15 0)
(1 -1.64412e-15 0)
(1 3.36086e-15 0)
(1 5.5511e-15 0)
(1 4.30862e-15 0)
(1 2.72231e-15 0)
(1 6.09807e-16 0)
(1 1.70932e-15 0)
(1 -1.56437e-15 0)
(1 -3.10813e-16 0)
(1 -2.30647e-15 0)
(1 -7.55205e-16 0)
(1 2.35281e-15 0)
(1 2.98813e-15 0)
(1 -2.18555e-16 0)
(1 -3.34057e-15 0)
(1 -3.10928e-15 0)
(1 -2.84372e-15 0)
(1 -1.07004e-15 0)
(1 -1.00972e-15 0)
(1 2.93013e-16 0)
(1 3.09031e-15 0)
(1 2.71422e-15 0)
(1 -2.2013e-15 0)
(1 -2.63159e-15 0)
(1 1.35069e-15 0)
(1 2.62485e-15 0)
(1 3.37442e-15 0)
(1 5.74176e-15 0)
(1 5.07953e-15 0)
(1 1.07044e-15 0)
(1 -4.61341e-15 0)
(1 1.60782e-15 0)
(1 2.55249e-16 0)
(1 6.75994e-16 0)
(1 1.66676e-16 0)
(1 -1.99937e-15 0)
(1 -3.42467e-15 0)
(1 -1.98286e-15 0)
(1 -1.27681e-15 0)
(1 -1.64738e-16 0)
(1 -7.31054e-16 0)
(1 -4.5697e-15 0)
(1 -1.70712e-15 0)
(1 -4.78457e-15 0)
(1 -1.84613e-15 0)
(1 -1.56305e-15 0)
(1 3.99111e-15 0)
(1 1.71839e-15 0)
(1 1.035e-16 0)
(1 2.00973e-15 0)
(1 -1.35192e-15 0)
(1 -1.10923e-15 0)
(1 -2.41241e-16 0)
(1 3.77335e-15 0)
(1 4.35907e-16 0)
(1 1.80506e-15 0)
(1 2.59859e-16 0)
(1 -4.43444e-16 0)
(1 -2.19796e-16 0)
(1 6.00804e-16 0)
(1 3.0126e-15 0)
(1 4.5384e-15 0)
(1 7.45163e-15 0)
(1 2.35351e-15 0)
(1 -4.4788e-15 0)
(1 -6.89483e-15 0)
(1 -1.8733e-15 0)
(1 -4.20753e-15 0)
(1 4.21788e-16 0)
(1 -6.96813e-16 0)
(1 1.59748e-15 0)
(1 -4.63846e-15 0)
(1 1.83554e-15 0)
(1 5.96729e-15 0)
(1 4.62752e-15 0)
(1 6.17095e-15 0)
(1 3.21657e-15 0)
(1 3.00787e-15 0)
(1 1.90225e-15 0)
(1 3.79787e-15 0)
(1 -9.2979e-16 0)
(1 1.61802e-15 0)
(1 -3.12735e-15 0)
(1 1.2242e-15 0)
(1 -1.90873e-15 0)
(1 7.41369e-16 0)
(1 1.12832e-15 0)
(1 6.43966e-16 0)
(1 8.19527e-16 0)
(1 -1.85444e-15 0)
(1 -2.59925e-15 0)
(1 -6.0055e-15 0)
(1 -6.52906e-15 0)
(1 -3.97274e-15 0)
(1 -2.83959e-15 0)
(1 3.43295e-16 0)
(1 -1.21578e-15 0)
(1 3.27783e-15 0)
(1 1.3308e-15 0)
(1 1.89179e-15 0)
(1 1.2371e-15 0)
(1 6.48078e-15 0)
(1 5.76861e-15 0)
(1 7.58105e-15 0)
(1 3.18829e-15 0)
(1 7.05243e-16 0)
(1 -3.80795e-15 0)
(1 -3.12753e-15 0)
(1 -4.58333e-15 0)
(1 1.43923e-15 0)
(1 1.70615e-15 0)
(1 1.46245e-15 0)
(1 6.17127e-16 0)
(1 -1.61077e-15 0)
(1 -7.05371e-16 0)
(1 -3.12776e-15 0)
(1 -6.14067e-16 0)
(1 -1.22455e-15 0)
(1 1.16905e-15 0)
(1 1.89799e-15 0)
(1 1.87419e-15 0)
(1 1.67217e-15 0)
(1 8.2317e-16 0)
(1 -2.46211e-15 0)
(1 -1.08068e-16 0)
(1 7.46167e-16 0)
(1 -1.0234e-16 0)
(1 1.98249e-15 0)
(1 5.60121e-16 0)
(1 -2.22194e-15 0)
(1 -5.51124e-15 0)
(1 -3.27752e-15 0)
(1 1.465e-16 0)
(1 2.07849e-15 0)
(1 1.3542e-15 0)
(1 1.87797e-15 0)
(1 -4.46038e-15 0)
(1 -3.61244e-15 0)
(1 -9.70403e-16 0)
(1 -1.34635e-15 0)
(1 -1.53376e-15 0)
(1 -2.71741e-15 0)
(1 -2.4416e-15 0)
(1 -2.03497e-15 0)
(1 -1.41746e-15 0)
(1 -1.71933e-15 0)
(1 -6.41871e-16 0)
(1 2.50671e-16 0)
(1 6.98531e-16 0)
(1 3.21911e-15 0)
(1 -3.68164e-15 0)
(1 -8.95386e-16 0)
(1 -1.29373e-15 0)
(1 3.56666e-15 0)
(1 3.4484e-15 0)
(1 2.22936e-15 0)
(1 -1.7074e-15 0)
(1 -9.89834e-16 0)
(1 -2.30342e-15 0)
(1 5.20733e-15 0)
(1 6.39675e-15 0)
(1 7.22687e-15 0)
(1 3.07325e-15 0)
(1 2.4858e-15 0)
(1 -4.9057e-16 0)
(1 -3.12108e-15 0)
(1 -8.08741e-15 0)
(1 -1.09032e-14 0)
(1 -3.93707e-16 0)
(1 -3.87983e-16 0)
(1 1.61003e-15 0)
(1 1.53922e-15 0)
(1 7.27202e-15 0)
(1 3.78875e-15 0)
(1 7.16863e-15 0)
(1 7.68354e-15 0)
(1 1.17579e-14 0)
(1 6.16118e-15 0)
(1 3.63381e-15 0)
(1 -6.48191e-16 0)
(1 -1.10983e-15 0)
(1 -3.12906e-15 0)
(1 -1.67026e-15 0)
(1 2.39479e-15 0)
(1 3.78048e-16 0)
(1 3.5869e-15 0)
(1 1.25107e-15 0)
(1 2.46494e-15 0)
(1 2.37328e-15 0)
(1 -6.09297e-16 0)
(1 -4.84986e-15 0)
(1 -5.5579e-15 0)
(1 -3.3308e-15 0)
(1 -5.8653e-15 0)
(1 1.15352e-15 0)
(1 2.97833e-15 0)
(1 1.89196e-15 0)
(1 2.17124e-15 0)
(1 7.36134e-15 0)
(1 2.33515e-15 0)
(1 2.46333e-15 0)
(1 1.34404e-15 0)
(1 6.4481e-16 0)
(1 9.239e-16 0)
(1 1.45622e-15 0)
(1 -1.53839e-15 0)
(1 -5.14297e-15 0)
(1 -2.77317e-15 0)
(1 1.06783e-15 0)
(1 2.47475e-15 0)
(1 3.4542e-15 0)
(1 1.44607e-15 0)
(1 1.75304e-15 0)
(1 -2.63296e-15 0)
(1 -3.04185e-15 0)
(1 -5.3269e-15 0)
(1 -1.70124e-15 0)
(1 -1.73368e-15 0)
(1 1.11062e-15 0)
(1 -4.17073e-17 0)
(1 2.29671e-15 0)
(1 -1.9582e-16 0)
(1 -6.99008e-16 0)
(1 -2.27859e-15 0)
(1 -1.37762e-15 0)
(1 -3.26063e-17 0)
(1 6.79048e-16 0)
(1 2.58962e-15 0)
(1 -7.39744e-16 0)
(1 2.39929e-15 0)
(1 -1.06573e-15 0)
(1 -1.70469e-15 0)
(1 -1.68123e-15 0)
(1 4.11893e-16 0)
(1 1.49997e-15 0)
(1 3.57722e-15 0)
(1 1.66556e-15 0)
(1 1.60713e-15 0)
(1 2.95484e-16 0)
(1 -7.5482e-16 0)
(1 -2.49289e-15 0)
(1 -9.34861e-16 0)
(1 -1.69873e-15 0)
(1 -1.39236e-15 0)
(1 -3.72889e-15 0)
(1 -3.89583e-15 0)
(1 -4.43594e-15 0)
(1 -3.53071e-15 0)
(1 -6.37884e-16 0)
(1 4.19874e-15 0)
(1 -2.20725e-15 0)
(1 -2.93031e-15 0)
(1 -2.07886e-15 0)
(1 2.57795e-16 0)
(1 6.34587e-16 0)
(1 -8.99599e-16 0)
(1 -4.19844e-15 0)
(1 -9.47263e-16 0)
(1 1.01557e-15 0)
(1 6.4962e-15 0)
(1 4.34625e-15 0)
(1 6.96496e-15 0)
(1 -4.31507e-15 0)
(1 3.13966e-15 0)
(1 1.83359e-15 0)
(1 1.12473e-15 0)
(1 -4.93413e-15 0)
(1 -4.21899e-15 0)
(1 -9.71793e-15 0)
(1 -3.20898e-15 0)
(1 -6.04502e-15 0)
(1 8.09819e-15 0)
(1 1.38791e-14 0)
(1 1.06811e-14 0)
(1 8.20738e-15 0)
(1 6.28724e-15 0)
(1 6.14298e-15 0)
(1 6.18907e-15 0)
(1 1.38634e-15 0)
(1 -1.59312e-15 0)
(1 2.06702e-15 0)
(1 9.7623e-16 0)
(1 -6.69994e-16 0)
(1 -5.27735e-15 0)
(1 -3.08309e-15 0)
(1 -1.70443e-15 0)
(1 -6.30294e-16 0)
(1 -3.38832e-16 0)
(1 -2.13996e-16 0)
(1 -5.629e-15 0)
(1 -2.96715e-15 0)
(1 -3.70807e-15 0)
(1 7.28327e-16 0)
(1 -2.45409e-15 0)
(1 8.57871e-16 0)
(1 4.67839e-15 0)
(1 3.80713e-15 0)
(1 4.59609e-15 0)
(1 1.81669e-15 0)
(1 3.88504e-16 0)
(1 1.51247e-15 0)
(1 1.07865e-16 0)
(1 3.62131e-15 0)
(1 4.4867e-15 0)
(1 7.22384e-15 0)
(1 2.71446e-15 0)
(1 -3.5365e-16 0)
(1 -2.07649e-15 0)
(1 -3.05919e-15 0)
(1 -4.32415e-15 0)
(1 -2.32211e-15 0)
(1 1.68778e-15 0)
(1 1.96235e-17 0)
(1 1.39345e-15 0)
(1 -1.13873e-15 0)
(1 -2.64017e-15 0)
(1 -3.04926e-15 0)
(1 7.15125e-16 0)
(1 -3.22022e-17 0)
(1 2.95189e-15 0)
(1 3.92539e-15 0)
(1 1.69583e-15 0)
(1 1.08683e-15 0)
(1 1.6913e-15 0)
(1 1.15341e-15 0)
(1 3.956e-16 0)
(1 6.2481e-15 0)
(1 6.36247e-15 0)
(1 3.17804e-16 0)
(1 1.90621e-15 0)
(1 -2.40448e-15 0)
(1 2.86182e-15 0)
(1 4.00981e-16 0)
(1 1.88607e-15 0)
(1 -1.34888e-15 0)
(1 -5.92168e-16 0)
(1 -3.16663e-15 0)
(1 -2.23434e-15 0)
(1 -2.33735e-15 0)
(1 3.04844e-16 0)
(1 -4.07789e-15 0)
(1 -1.20973e-15 0)
(1 1.75035e-16 0)
(1 -1.56583e-15 0)
(1 -1.72364e-15 0)
(1 -2.11563e-15 0)
(1 -1.05117e-15 0)
(1 -4.17487e-15 0)
(1 -1.12559e-15 0)
(1 -1.97402e-15 0)
(1 -2.11571e-15 0)
(1 -3.02979e-15 0)
(1 -3.06339e-15 0)
(1 2.63314e-15 0)
(1 3.08278e-16 0)
(1 -1.78468e-15 0)
(1 -1.48987e-16 0)
(1 -3.2382e-16 0)
(1 6.17328e-15 0)
(1 3.31774e-15 0)
(1 2.95145e-15 0)
(1 2.01249e-15 0)
(1 -2.58755e-17 0)
(1 4.40308e-15 0)
(1 1.63763e-15 0)
(1 9.39699e-18 0)
(1 -5.20557e-15 0)
(1 -3.01193e-15 0)
(1 -2.71832e-15 0)
(1 2.21388e-15 0)
(1 7.59229e-15 0)
(1 9.15326e-15 0)
(1 4.36385e-15 0)
(1 3.44293e-15 0)
(1 2.14224e-15 0)
(1 6.78992e-15 0)
(1 -1.41866e-15 0)
(1 6.10969e-15 0)
(1 7.91975e-16 0)
(1 -3.74676e-15 0)
(1 -1.52604e-16 0)
(1 -1.52034e-15 0)
(1 4.94507e-15 0)
(1 -1.2437e-15 0)
(1 5.49907e-15 0)
(1 4.32701e-15 0)
(1 4.46333e-15 0)
(1 -8.27573e-16 0)
(1 -2.29612e-15 0)
(1 -2.42644e-15 0)
(1 -1.60375e-15 0)
(1 8.54226e-16 0)
(1 -5.54212e-16 0)
(1 9.94673e-16 0)
(1 -2.87943e-15 0)
(1 -2.45944e-15 0)
(1 -1.01853e-15 0)
(1 4.23895e-15 0)
(1 5.80812e-15 0)
(1 7.72937e-15 0)
(1 3.38269e-15 0)
(1 9.18635e-17 0)
(1 2.55789e-15 0)
(1 4.67908e-15 0)
(1 3.46923e-15 0)
(1 9.13228e-16 0)
(1 3.1032e-15 0)
(1 4.2808e-15 0)
(1 1.16036e-15 0)
(1 4.89625e-15 0)
(1 -1.00576e-15 0)
(1 -1.75318e-15 0)
(1 -5.14673e-15 0)
(1 7.9075e-16 0)
(1 2.95253e-15 0)
(1 7.15534e-15 0)
(1 9.96917e-15 0)
(1 1.04342e-14 0)
(1 1.05137e-14 0)
(1 4.37693e-15 0)
(1 1.24884e-15 0)
(1 2.67641e-15 0)
(1 -6.45489e-16 0)
(1 -4.42757e-15 0)
(1 -7.23879e-15 0)
(1 -5.10164e-15 0)
(1 2.57328e-15 0)
(1 5.69321e-15 0)
(1 8.56493e-15 0)
(1 6.55188e-16 0)
(1 3.64196e-15 0)
(1 3.90242e-16 0)
(1 -7.99851e-16 0)
(1 -1.26856e-15 0)
(1 -4.96691e-15 0)
(1 -2.75574e-15 0)
(1 -2.24563e-15 0)
(1 -3.02213e-15 0)
(1 -1.17464e-15 0)
(1 -3.26296e-15 0)
(1 -2.0108e-15 0)
(1 -6.36525e-16 0)
(1 6.04859e-16 0)
(1 3.12442e-15 0)
(1 2.68449e-15 0)
(1 3.55633e-15 0)
(1 4.34597e-15 0)
(1 4.68317e-15 0)
(1 2.87825e-15 0)
(1 -2.23987e-15 0)
(1 -3.21084e-15 0)
(1 6.63764e-15 0)
(1 -4.77539e-16 0)
(1 -1.79302e-16 0)
(1 -3.56247e-15 0)
(1 -7.22709e-15 0)
(1 -3.18649e-15 0)
(1 4.11625e-16 0)
(1 2.39294e-15 0)
(1 8.60218e-16 0)
(1 9.56355e-16 0)
(1 3.23667e-15 0)
(1 5.59293e-15 0)
(1 7.40063e-15 0)
(1 3.50851e-15 0)
(1 8.26129e-15 0)
(1 -1.90297e-15 0)
(1 3.57344e-15 0)
(1 7.57263e-15 0)
(1 3.62867e-15 0)
(1 1.08967e-15 0)
(1 -3.48713e-15 0)
(1 -2.83686e-15 0)
(1 -3.68772e-15 0)
(1 -7.67014e-16 0)
(1 1.03077e-15 0)
(1 3.76534e-15 0)
(1 4.26044e-15 0)
(1 7.16536e-15 0)
(1 4.8622e-15 0)
(1 4.90714e-16 0)
(1 -1.88109e-15 0)
(1 6.00793e-16 0)
(1 1.77464e-15 0)
(1 2.12936e-15 0)
(1 6.94906e-15 0)
(1 5.75009e-15 0)
(1 3.90312e-15 0)
(1 -5.20858e-15 0)
(1 9.28561e-16 0)
(1 -2.18163e-15 0)
(1 4.16021e-15 0)
(1 3.92615e-15 0)
(1 8.13593e-16 0)
(1 -5.52827e-15 0)
(1 -6.09956e-15 0)
(1 3.61527e-15 0)
(1 5.75692e-15 0)
(1 9.37587e-15 0)
(1 8.34377e-15 0)
(1 1.25962e-15 0)
(1 -1.3332e-15 0)
(1 9.86378e-16 0)
(1 7.83467e-16 0)
(1 2.6347e-15 0)
(1 -2.88835e-16 0)
(1 1.57735e-16 0)
(1 -6.14256e-16 0)
(1 2.64817e-15 0)
(1 1.82357e-15 0)
(1 1.53563e-15 0)
(1 -1.24711e-15 0)
(1 -5.15931e-16 0)
(1 -8.48426e-16 0)
(1 -1.07162e-15 0)
(1 1.06717e-15 0)
(1 4.0521e-15 0)
(1 3.57359e-15 0)
(1 3.38784e-15 0)
(1 6.37184e-16 0)
(1 1.67386e-16 0)
(1 8.5671e-16 0)
(1 2.61136e-15 0)
(1 5.35541e-15 0)
(1 2.55388e-15 0)
(1 5.34831e-15 0)
(1 3.83605e-15 0)
(1 5.20638e-15 0)
(1 7.30623e-15 0)
(1 2.96323e-15 0)
(1 3.71512e-15 0)
(1 4.72203e-16 0)
(1 1.38676e-16 0)
(1 7.10361e-16 0)
(1 1.06754e-15 0)
(1 1.96309e-15 0)
(1 1.94364e-15 0)
(1 7.93127e-16 0)
(1 -9.06273e-16 0)
(1 -1.75976e-15 0)
(1 3.58338e-15 0)
(1 2.15933e-15 0)
(1 2.50752e-15 0)
(1 2.90326e-15 0)
(1 4.19083e-15 0)
(1 4.94581e-15 0)
(1 4.09645e-15 0)
(1 5.56842e-15 0)
(1 5.27658e-15 0)
(1 -7.95296e-16 0)
(1 -3.67971e-16 0)
(1 -2.67619e-16 0)
(1 3.42863e-15 0)
(1 -4.07446e-15 0)
(1 -1.50682e-15 0)
(1 -4.29605e-15 0)
(1 -5.13428e-15 0)
(1 -8.2806e-16 0)
(1 3.54552e-16 0)
(1 -3.11994e-15 0)
(1 -3.18921e-15 0)
(1 1.86032e-15 0)
(1 9.45215e-15 0)
(1 6.1233e-15 0)
(1 4.79002e-15 0)
(1 3.76044e-15 0)
(1 7.32713e-15 0)
(1 1.0016e-14 0)
(1 5.43945e-15 0)
(1 -5.20495e-15 0)
(1 -5.72375e-15 0)
(1 -7.29138e-15 0)
(1 -2.11517e-15 0)
(1 2.34536e-16 0)
(1 1.21733e-15 0)
(1 -1.77418e-15 0)
(1 4.66974e-15 0)
(1 -4.46939e-15 0)
(1 2.45981e-16 0)
(1 5.68028e-15 0)
(1 2.948e-15 0)
(1 -4.2893e-16 0)
(1 -1.06945e-15 0)
(1 4.73688e-15 0)
(1 1.05561e-15 0)
(1 1.66981e-15 0)
(1 2.49211e-15 0)
(1 1.38352e-15 0)
(1 -1.66464e-15 0)
(1 -2.86313e-16 0)
(1 1.22236e-17 0)
(1 2.37859e-15 0)
(1 7.34713e-15 0)
(1 7.48985e-15 0)
(1 4.19826e-15 0)
(1 1.25227e-15 0)
(1 3.40035e-15 0)
(1 -1.32689e-15 0)
(1 -2.22557e-16 0)
(1 2.70677e-15 0)
(1 7.99505e-15 0)
(1 9.08326e-15 0)
(1 5.18377e-15 0)
(1 3.86406e-15 0)
(1 2.82236e-15 0)
(1 5.21447e-15 0)
(1 -2.09145e-15 0)
(1 -1.3223e-15 0)
(1 1.62502e-15 0)
(1 1.12768e-16 0)
(1 1.46864e-15 0)
(1 3.57509e-15 0)
(1 2.69226e-15 0)
(1 3.12043e-15 0)
(1 1.8099e-15 0)
(1 5.52659e-15 0)
(1 4.40477e-16 0)
(1 1.54981e-15 0)
(1 1.48958e-16 0)
(1 7.06876e-15 0)
(1 8.90498e-15 0)
(1 5.60782e-15 0)
(1 5.38475e-15 0)
(1 7.11713e-15 0)
(1 8.76615e-15 0)
(1 7.98355e-15 0)
(1 4.74659e-15 0)
(1 1.12619e-15 0)
(1 -1.10478e-15 0)
(1 -2.39665e-15 0)
(1 -2.34962e-15 0)
(1 -2.44627e-15 0)
(1 1.78552e-15 0)
(1 -5.04549e-16 0)
(1 4.68303e-16 0)
(1 -1.22676e-15 0)
(1 1.4869e-15 0)
(1 -4.91201e-16 0)
(1 -2.6261e-15 0)
(1 -1.83402e-15 0)
(1 -6.29161e-16 0)
(1 -2.39111e-16 0)
(1 2.34605e-15 0)
(1 3.54333e-15 0)
(1 5.19594e-15 0)
(1 3.95684e-15 0)
(1 5.87349e-15 0)
(1 6.3841e-15 0)
(1 9.64682e-15 0)
(1 -2.17279e-15 0)
(1 4.25825e-15 0)
(1 -5.81949e-15 0)
(1 -6.49095e-15 0)
(1 -5.29298e-15 0)
(1 -2.34861e-15 0)
(1 -3.18633e-16 0)
(1 -5.08267e-15 0)
(1 -6.03866e-15 0)
(1 -3.32596e-16 0)
(1 1.50417e-15 0)
(1 8.23011e-15 0)
(1 8.64902e-15 0)
(1 1.08164e-14 0)
(1 3.77842e-15 0)
(1 8.75501e-15 0)
(1 5.18511e-15 0)
(1 1.39269e-14 0)
(1 -2.53957e-16 0)
(1 -2.72461e-15 0)
(1 -8.43931e-15 0)
(1 1.92581e-15 0)
(1 -1.82094e-15 0)
(1 -4.58124e-15 0)
(1 -2.2925e-15 0)
(1 -3.56043e-16 0)
(1 -4.0133e-15 0)
(1 -5.3757e-15 0)
(1 -7.756e-15 0)
(1 -4.57616e-15 0)
(1 -2.41062e-15 0)
(1 2.64165e-15 0)
(1 3.04727e-15 0)
(1 6.43236e-15 0)
(1 4.65965e-15 0)
(1 8.25822e-15 0)
(1 9.57087e-16 0)
(1 2.36995e-15 0)
(1 1.59372e-15 0)
(1 2.82132e-15 0)
(1 2.33254e-15 0)
(1 6.25842e-15 0)
(1 5.94296e-15 0)
(1 6.9341e-15 0)
(1 1.16388e-14 0)
(1 1.15353e-14 0)
(1 4.95367e-15 0)
(1 -1.86768e-15 0)
(1 -5.03745e-15 0)
(1 -6.27085e-15 0)
(1 1.26621e-15 0)
(1 4.75062e-15 0)
(1 7.28633e-15 0)
(1 3.45513e-15 0)
(1 4.63947e-15 0)
(1 2.7487e-15 0)
(1 6.70802e-15 0)
(1 5.42315e-15 0)
(1 4.33523e-15 0)
(1 4.43162e-15 0)
(1 1.80881e-15 0)
(1 2.83037e-15 0)
(1 -6.59301e-15 0)
(1 -6.85661e-15 0)
(1 -2.03936e-15 0)
(1 3.70919e-15 0)
(1 1.42142e-14 0)
(1 1.29031e-14 0)
(1 1.24921e-14 0)
(1 1.27698e-14 0)
(1 8.99048e-15 0)
(1 1.05252e-14 0)
(1 6.17905e-15 0)
(1 2.24832e-15 0)
(1 -4.22432e-15 0)
(1 5.73344e-16 0)
(1 2.89338e-15 0)
(1 4.44536e-15 0)
(1 2.13685e-17 0)
(1 3.70641e-15 0)
(1 3.64347e-15 0)
(1 9.36123e-15 0)
(1 2.0582e-16 0)
(1 2.9585e-15 0)
(1 -4.7717e-15 0)
(1 -2.47415e-15 0)
(1 -2.76176e-15 0)
(1 -5.72232e-16 0)
(1 -1.72649e-15 0)
(1 -1.01133e-15 0)
(1 -8.80666e-16 0)
(1 -2.44104e-16 0)
(1 5.08914e-15 0)
(1 6.42463e-15 0)
(1 1.24225e-14 0)
(1 1.01335e-14 0)
(1 1.39369e-14 0)
(1 1.16374e-14 0)
(1 1.64599e-14 0)
(1 1.75948e-14 0)
(1 8.95116e-16 0)
(1 1.53372e-15 0)
(1 8.00518e-16 0)
(1 -5.11037e-16 0)
(1 -4.51652e-15 0)
(1 -1.96552e-15 0)
(1 1.08446e-15 0)
(1 2.89175e-15 0)
(1 -1.42263e-15 0)
(1 1.07913e-15 0)
(1 2.62555e-15 0)
(1 6.28154e-15 0)
(1 6.65049e-15 0)
(1 -2.11192e-16 0)
(1 -3.34631e-15 0)
(1 -6.25342e-16 0)
(1 2.56434e-15 0)
(1 6.16604e-15 0)
(1 -5.04583e-16 0)
(1 -5.34043e-15 0)
(1 -4.16885e-15 0)
(1 -3.97031e-15 0)
(1 1.53801e-15 0)
(1 3.41591e-16 0)
(1 3.93902e-15 0)
(1 2.6633e-15 0)
(1 1.65587e-15 0)
(1 -7.57087e-15 0)
(1 -2.16906e-15 0)
(1 -1.1086e-15 0)
(1 -3.59628e-15 0)
(1 -4.50006e-16 0)
(1 2.04635e-15 0)
(1 4.1532e-15 0)
(1 -1.03066e-15 0)
(1 3.21294e-15 0)
(1 -1.2416e-15 0)
(1 8.56888e-16 0)
(1 -2.07091e-15 0)
(1 1.96832e-15 0)
(1 9.46971e-16 0)
(1 5.85599e-15 0)
(1 6.96243e-15 0)
(1 7.43498e-15 0)
(1 4.55562e-15 0)
(1 6.48571e-15 0)
(1 1.54046e-15 0)
(1 6.45016e-16 0)
(1 4.38752e-15 0)
(1 3.40404e-15 0)
(1 8.22738e-15 0)
(1 3.77728e-15 0)
(1 3.69699e-15 0)
(1 3.2519e-15 0)
(1 5.89684e-15 0)
(1 4.89407e-15 0)
(1 3.438e-15 0)
(1 5.754e-15 0)
(1 2.67962e-15 0)
(1 1.0031e-15 0)
(1 4.61954e-15 0)
(1 5.90504e-15 0)
(1 1.09115e-14 0)
(1 4.76465e-15 0)
(1 1.36945e-15 0)
(1 3.23664e-15 0)
(1 7.48707e-15 0)
(1 9.30115e-15 0)
(1 1.20266e-14 0)
(1 8.52273e-15 0)
(1 4.9853e-15 0)
(1 3.91053e-15 0)
(1 3.32742e-15 0)
(1 2.70992e-15 0)
(1 1.86216e-16 0)
(1 5.9051e-15 0)
(1 9.15376e-15 0)
(1 8.31124e-15 0)
(1 4.49088e-15 0)
(1 4.4381e-15 0)
(1 3.83068e-15 0)
(1 2.27921e-15 0)
(1 -1.01505e-15 0)
(1 -2.79203e-15 0)
(1 -2.58242e-15 0)
(1 -2.11273e-15 0)
(1 9.01866e-16 0)
(1 -4.42375e-15 0)
(1 1.72066e-15 0)
(1 6.74536e-17 0)
(1 4.41891e-15 0)
(1 1.71448e-15 0)
(1 8.24393e-15 0)
(1 5.99591e-15 0)
(1 1.05315e-14 0)
(1 8.42633e-15 0)
(1 1.28934e-14 0)
(1 1.21927e-14 0)
(1 2.26819e-14 0)
(1 1.99826e-14 0)
(1 -3.71552e-17 0)
(1 -4.23447e-15 0)
(1 -7.04028e-16 0)
(1 4.75529e-15 0)
(1 -3.56711e-15 0)
(1 9.19502e-16 0)
(1 -7.18256e-16 0)
(1 2.1126e-15 0)
(1 2.30329e-15 0)
(1 -7.27146e-15 0)
(1 -4.00309e-15 0)
(1 -3.56238e-15 0)
(1 -8.61961e-16 0)
(1 4.87183e-15 0)
(1 6.03057e-15 0)
(1 6.2131e-15 0)
(1 1.05005e-15 0)
(1 -4.12537e-15 0)
(1 7.29528e-16 0)
(1 -3.01505e-15 0)
(1 1.24665e-15 0)
(1 -9.43035e-16 0)
(1 -7.39644e-17 0)
(1 -1.40862e-15 0)
(1 -3.50444e-15 0)
(1 -9.45372e-16 0)
(1 5.84679e-15 0)
(1 3.06672e-15 0)
(1 4.43203e-15 0)
(1 -6.47017e-16 0)
(1 -2.78463e-15 0)
(1 -8.62186e-15 0)
(1 -2.66477e-15 0)
(1 -5.70295e-16 0)
(1 4.87656e-15 0)
(1 2.81406e-15 0)
(1 4.47242e-15 0)
(1 5.3253e-16 0)
(1 3.55834e-16 0)
(1 2.1168e-15 0)
(1 5.60693e-15 0)
(1 6.6053e-16 0)
(1 6.71694e-15 0)
(1 6.20221e-17 0)
(1 2.98452e-15 0)
(1 2.36474e-15 0)
(1 5.45668e-15 0)
(1 2.21045e-15 0)
(1 7.26566e-15 0)
(1 6.10938e-15 0)
(1 6.3804e-15 0)
(1 5.81972e-15 0)
(1 8.87461e-15 0)
(1 6.17053e-15 0)
(1 8.933e-15 0)
(1 4.227e-15 0)
(1 9.08727e-15 0)
(1 1.28666e-15 0)
(1 7.79633e-15 0)
(1 -1.8555e-16 0)
(1 8.47932e-15 0)
(1 -1.8601e-15 0)
(1 7.75089e-15 0)
(1 3.45194e-15 0)
(1 4.79354e-15 0)
(1 6.66872e-15 0)
(1 5.17563e-15 0)
(1 4.30113e-15 0)
(1 8.33051e-15 0)
(1 5.05955e-15 0)
(1 9.13735e-15 0)
(1 2.31608e-15 0)
(1 3.54963e-15 0)
(1 -2.66653e-16 0)
(1 -1.74595e-16 0)
(1 3.88427e-15 0)
(1 8.93436e-15 0)
(1 7.98497e-15 0)
(1 6.58693e-15 0)
(1 1.41917e-15 0)
(1 3.73519e-15 0)
(1 -1.87006e-15 0)
(1 4.43458e-15 0)
(1 -1.4209e-15 0)
(1 2.37727e-15 0)
(1 -1.4718e-15 0)
(1 1.43514e-15 0)
(1 1.52029e-15 0)
(1 2.30955e-15 0)
(1 -1.01306e-15 0)
(1 2.47579e-15 0)
(1 2.28759e-15 0)
(1 2.54326e-15 0)
(1 3.08897e-15 0)
(1 4.03305e-15 0)
(1 5.85697e-15 0)
(1 8.29673e-15 0)
(1 1.32308e-14 0)
(1 1.62952e-14 0)
(1 1.45766e-14 0)
(1 1.32638e-15 0)
(1 -5.6442e-15 0)
(1 2.75343e-15 0)
(1 6.73685e-16 0)
(1 1.37744e-15 0)
(1 -4.28554e-15 0)
(1 -5.9095e-15 0)
(1 -1.83011e-15 0)
(1 2.70672e-15 0)
(1 2.97762e-15 0)
(1 3.77425e-15 0)
(1 5.27926e-16 0)
(1 -5.18241e-15 0)
(1 -2.68404e-15 0)
(1 3.30152e-15 0)
(1 6.51792e-15 0)
(1 3.63134e-15 0)
(1 -3.86073e-15 0)
(1 -4.43103e-15 0)
(1 -6.19929e-15 0)
(1 6.37633e-16 0)
(1 -1.35634e-15 0)
(1 -4.25404e-16 0)
(1 -1.25466e-15 0)
(1 2.28832e-15 0)
(1 1.57669e-15 0)
(1 1.31036e-15 0)
(1 3.95082e-15 0)
(1 6.14713e-15 0)
(1 2.49733e-15 0)
(1 6.02357e-16 0)
(1 -1.55643e-15 0)
(1 -1.9939e-16 0)
(1 -3.1634e-15 0)
(1 -2.40046e-15 0)
(1 -5.99049e-15 0)
(1 3.03105e-15 0)
(1 -1.7728e-16 0)
(1 3.02563e-15 0)
(1 -7.20555e-16 0)
(1 4.02875e-15 0)
(1 -4.27689e-16 0)
(1 -1.24756e-15 0)
(1 -4.96227e-15 0)
(1 4.90539e-15 0)
(1 9.84371e-15 0)
(1 1.25739e-14 0)
(1 1.0397e-14 0)
(1 6.10243e-15 0)
(1 6.63501e-15 0)
(1 4.13596e-15 0)
(1 6.38174e-15 0)
(1 6.98064e-15 0)
(1 9.43941e-15 0)
(1 8.16395e-15 0)
(1 8.69269e-16 0)
(1 -1.19094e-15 0)
(1 -3.3108e-16 0)
(1 5.36276e-15 0)
(1 6.70697e-15 0)
(1 7.95475e-15 0)
(1 6.91758e-15 0)
(1 1.57584e-15 0)
(1 2.05983e-15 0)
(1 3.88823e-15 0)
(1 4.12905e-16 0)
(1 3.83223e-15 0)
(1 5.12124e-15 0)
(1 4.33512e-15 0)
(1 4.72066e-15 0)
(1 5.97092e-15 0)
(1 5.78795e-15 0)
(1 6.13663e-15 0)
(1 2.95705e-15 0)
(1 5.95956e-15 0)
(1 2.81797e-15 0)
(1 8.2721e-15 0)
(1 4.18861e-15 0)
(1 1.73739e-15 0)
(1 1.61088e-15 0)
(1 7.02295e-15 0)
(1 6.16981e-15 0)
(1 4.27651e-15 0)
(1 1.98438e-15 0)
(1 2.2716e-15 0)
(1 -1.63993e-15 0)
(1 -1.64809e-15 0)
(1 2.44488e-15 0)
(1 -2.30858e-15 0)
(1 4.08262e-15 0)
(1 3.63743e-15 0)
(1 7.21742e-15 0)
(1 4.45375e-15 0)
(1 5.36161e-15 0)
(1 5.34007e-15 0)
(1 8.90531e-15 0)
(1 1.14126e-14 0)
(1 1.23481e-14 0)
(1 7.66207e-15 0)
(1 9.43952e-15 0)
(1 5.27964e-15 0)
(1 -1.39273e-15 0)
(1 -1.40965e-15 0)
(1 -7.50706e-16 0)
(1 3.97347e-15 0)
(1 -1.13531e-16 0)
(1 1.00958e-15 0)
(1 1.18187e-15 0)
(1 -2.23311e-15 0)
(1 3.14958e-15 0)
(1 7.03454e-15 0)
(1 1.32664e-14 0)
(1 5.26961e-15 0)
(1 -2.44376e-15 0)
(1 -7.3487e-15 0)
(1 -1.13236e-14 0)
(1 -7.23361e-15 0)
(1 -8.15738e-15 0)
(1 -1.97614e-15 0)
(1 -4.22258e-15 0)
(1 3.70214e-15 0)
(1 -1.60729e-15 0)
(1 3.95784e-15 0)
(1 -5.41896e-15 0)
(1 4.1162e-15 0)
(1 3.55186e-15 0)
(1 -1.03684e-15 0)
(1 -3.28279e-15 0)
(1 -5.0736e-15 0)
(1 -1.66594e-15 0)
(1 -1.37783e-16 0)
(1 2.04367e-15 0)
(1 -2.46396e-15 0)
(1 1.63924e-15 0)
(1 -1.18004e-15 0)
(1 4.4952e-15 0)
(1 3.4011e-15 0)
(1 3.50624e-15 0)
(1 1.62678e-15 0)
(1 -8.34699e-17 0)
(1 -7.0322e-15 0)
(1 1.86358e-15 0)
(1 -6.89533e-15 0)
(1 -5.11025e-16 0)
(1 3.37882e-15 0)
(1 7.35546e-15 0)
(1 1.08725e-14 0)
(1 1.28173e-14 0)
(1 6.14092e-15 0)
(1 9.21124e-15 0)
(1 1.38143e-15 0)
(1 7.63302e-15 0)
(1 5.45863e-15 0)
(1 1.06875e-14 0)
(1 4.56038e-15 0)
(1 7.49152e-15 0)
(1 -1.6485e-15 0)
(1 3.50092e-15 0)
(1 -3.06311e-15 0)
(1 9.91801e-16 0)
(1 -1.25551e-15 0)
(1 9.97196e-15 0)
(1 1.17297e-14 0)
(1 1.43408e-14 0)
(1 6.90009e-15 0)
(1 6.45239e-16 0)
(1 -1.28548e-15 0)
(1 1.06299e-15 0)
(1 -1.64031e-15 0)
(1 9.96017e-16 0)
(1 2.56547e-15 0)
(1 4.49058e-15 0)
(1 7.10122e-15 0)
(1 9.15307e-15 0)
(1 9.89842e-15 0)
(1 2.22297e-15 0)
(1 -4.36136e-16 0)
(1 1.11382e-15 0)
(1 1.22291e-15 0)
(1 6.61182e-15 0)
(1 3.03773e-15 0)
(1 3.09473e-15 0)
(1 1.1202e-15 0)
(1 3.90628e-15 0)
(1 1.55108e-15 0)
(1 5.85566e-15 0)
(1 4.36357e-17 0)
(1 1.70082e-16 0)
(1 5.60195e-16 0)
(1 3.40905e-15 0)
(1 3.27268e-15 0)
(1 2.3687e-15 0)
(1 2.428e-16 0)
(1 1.01462e-15 0)
(1 -5.87726e-17 0)
(1 8.41022e-15 0)
(1 1.01534e-14 0)
(1 8.82675e-15 0)
(1 5.03845e-15 0)
(1 6.7146e-15 0)
(1 -2.15078e-15 0)
(1 8.89736e-15 0)
(1 -8.81277e-15 0)
(1 1.22166e-15 0)
(1 -1.66858e-16 0)
(1 5.84613e-15 0)
(1 9.95264e-16 0)
(1 4.16437e-15 0)
(1 -6.96073e-16 0)
(1 -2.54756e-15 0)
(1 4.11524e-16 0)
(1 6.45937e-15 0)
(1 3.61816e-15 0)
(1 5.35106e-15 0)
(1 -6.34231e-15 0)
(1 -1.1379e-14 0)
(1 -6.75323e-15 0)
(1 -6.30335e-15 0)
(1 -3.9348e-15 0)
(1 -3.541e-15 0)
(1 -3.09056e-15 0)
(1 -2.48444e-15 0)
(1 5.89361e-15 0)
(1 2.78534e-15 0)
(1 4.26334e-15 0)
(1 -2.02641e-15 0)
(1 -1.20001e-15 0)
(1 -3.0275e-15 0)
(1 -9.19563e-16 0)
(1 4.05825e-16 0)
(1 3.53707e-15 0)
(1 -9.1292e-16 0)
(1 -1.84165e-15 0)
(1 -2.28132e-15 0)
(1 5.84606e-15 0)
(1 6.23937e-15 0)
(1 5.07027e-15 0)
(1 6.67111e-16 0)
(1 3.33676e-16 0)
(1 -2.84748e-15 0)
(1 -3.79065e-15 0)
(1 -2.48251e-15 0)
(1 1.5949e-16 0)
(1 9.91085e-15 0)
(1 3.82219e-15 0)
(1 6.85689e-15 0)
(1 6.20718e-15 0)
(1 1.04101e-14 0)
(1 7.89229e-15 0)
(1 7.8541e-15 0)
(1 2.31049e-17 0)
(1 1.81555e-16 0)
(1 1.63864e-16 0)
(1 1.69474e-15 0)
(1 4.28732e-15 0)
(1 8.74048e-15 0)
(1 1.25613e-14 0)
(1 9.21258e-15 0)
(1 4.60522e-15 0)
(1 -1.34787e-17 0)
(1 -3.98155e-16 0)
(1 -3.29091e-17 0)
(1 3.47343e-16 0)
(1 2.80074e-15 0)
(1 5.90668e-15 0)
(1 1.19551e-14 0)
(1 1.00885e-15 0)
(1 5.55065e-15 0)
(1 1.11948e-16 0)
(1 5.36403e-15 0)
(1 7.3736e-15 0)
(1 5.79723e-15 0)
(1 8.06781e-15 0)
(1 1.09449e-14 0)
(1 9.01866e-15 0)
(1 6.11182e-15 0)
(1 2.25146e-15 0)
(1 6.27842e-15 0)
(1 9.48592e-15 0)
(1 7.6544e-15 0)
(1 1.1708e-15 0)
(1 6.78509e-16 0)
(1 1.23495e-15 0)
(1 4.23104e-15 0)
(1 3.44107e-15 0)
(1 3.31568e-15 0)
(1 5.17088e-16 0)
(1 2.75537e-15 0)
(1 6.81906e-15 0)
(1 4.39724e-15 0)
(1 9.49638e-16 0)
(1 2.65715e-15 0)
(1 8.16754e-16 0)
(1 2.80797e-15 0)
(1 1.0421e-15 0)
(1 7.49862e-15 0)
(1 7.94994e-15 0)
(1 1.01888e-14 0)
(1 9.43209e-15 0)
(1 5.28429e-15 0)
(1 2.80111e-16 0)
(1 3.45419e-15 0)
(1 6.81884e-15 0)
(1 1.69139e-15 0)
(1 1.93672e-15 0)
(1 -2.35309e-15 0)
(1 -5.13591e-15 0)
(1 -7.54407e-15 0)
(1 3.03438e-15 0)
(1 7.41104e-15 0)
(1 2.75018e-15 0)
(1 -3.83906e-15 0)
(1 -4.74777e-15 0)
(1 -6.06144e-15 0)
(1 -9.45717e-15 0)
(1 -8.31673e-15 0)
(1 -9.45394e-15 0)
(1 -4.383e-15 0)
(1 -4.88178e-15 0)
(1 2.37422e-15 0)
(1 -5.19136e-15 0)
(1 3.00167e-15 0)
(1 -2.93606e-15 0)
(1 1.64896e-14 0)
(1 1.29222e-14 0)
(1 5.40185e-15 0)
(1 -2.11786e-15 0)
(1 -1.09342e-15 0)
(1 -3.17346e-15 0)
(1 -1.44891e-15 0)
(1 -2.29696e-15 0)
(1 2.22954e-16 0)
(1 -5.44585e-16 0)
(1 -8.73089e-15 0)
(1 7.98036e-16 0)
(1 2.3731e-16 0)
(1 2.44564e-15 0)
(1 3.13603e-15 0)
(1 6.12446e-16 0)
(1 1.21107e-15 0)
(1 4.2382e-15 0)
(1 3.58237e-15 0)
(1 4.88526e-15 0)
(1 7.07125e-15 0)
(1 4.34905e-15 0)
(1 7.03211e-15 0)
(1 3.27276e-15 0)
(1 5.83431e-15 0)
(1 1.09101e-15 0)
(1 5.77597e-16 0)
(1 3.31232e-15 0)
(1 2.38001e-15 0)
(1 -2.91972e-16 0)
(1 2.29891e-15 0)
(1 7.46685e-15 0)
(1 2.0991e-15 0)
(1 9.8733e-15 0)
(1 8.42309e-15 0)
(1 9.22916e-15 0)
(1 7.17713e-15 0)
(1 7.31509e-15 0)
(1 1.41161e-15 0)
(1 2.93524e-15 0)
(1 1.6989e-15 0)
(1 7.64e-15 0)
(1 7.20815e-15 0)
(1 1.0223e-14 0)
(1 6.41256e-15 0)
(1 6.69216e-15 0)
(1 8.53284e-15 0)
(1 6.48574e-15 0)
(1 1.2368e-14 0)
(1 7.95707e-15 0)
(1 8.40496e-15 0)
(1 6.09874e-15 0)
(1 9.43656e-15 0)
(1 7.73791e-15 0)
(1 5.2038e-15 0)
(1 9.38031e-15 0)
(1 4.70312e-15 0)
(1 2.62861e-15 0)
(1 2.6151e-15 0)
(1 1.61714e-15 0)
(1 1.50475e-15 0)
(1 -4.85003e-16 0)
(1 -5.3855e-15 0)
(1 -3.48674e-15 0)
(1 -2.55543e-15 0)
(1 5.76869e-16 0)
(1 -1.67026e-15 0)
(1 3.42914e-15 0)
(1 2.94536e-15 0)
(1 7.72032e-15 0)
(1 7.60427e-15 0)
(1 1.2381e-14 0)
(1 7.07103e-15 0)
(1 4.35286e-15 0)
(1 8.58721e-15 0)
(1 1.10463e-14 0)
(1 7.85881e-15 0)
(1 -1.63103e-15 0)
(1 -2.6008e-15 0)
(1 -1.36924e-16 0)
(1 3.71863e-15 0)
(1 -1.65816e-15 0)
(1 4.6955e-15 0)
(1 8.75257e-15 0)
(1 4.48811e-15 0)
(1 2.21171e-15 0)
(1 1.33755e-15 0)
(1 -5.50764e-15 0)
(1 -1.17484e-14 0)
(1 -6.64005e-15 0)
(1 -6.75683e-15 0)
(1 -9.29361e-16 0)
(1 1.26733e-15 0)
(1 -1.00146e-14 0)
(1 -7.90937e-15 0)
(1 -6.98942e-15 0)
(1 8.34783e-16 0)
(1 1.34437e-15 0)
(1 6.08973e-15 0)
(1 -5.46224e-15 0)
(1 7.06177e-16 0)
(1 -2.07901e-15 0)
(1 4.94898e-15 0)
(1 2.43317e-15 0)
(1 3.36247e-15 0)
(1 -1.91982e-15 0)
(1 -3.41831e-15 0)
(1 -2.53424e-15 0)
(1 -1.61441e-15 0)
(1 3.00206e-15 0)
(1 2.23101e-15 0)
(1 1.072e-15 0)
(1 3.6752e-15 0)
(1 -2.62549e-16 0)
(1 2.56059e-15 0)
(1 4.39387e-15 0)
(1 6.97315e-15 0)
(1 4.33338e-15 0)
(1 4.94926e-15 0)
(1 5.01562e-15 0)
(1 -4.68948e-15 0)
(1 2.09954e-16 0)
(1 -7.80799e-15 0)
(1 5.26263e-15 0)
(1 2.78675e-15 0)
(1 4.37641e-15 0)
(1 -1.02995e-15 0)
(1 6.66497e-15 0)
(1 4.66169e-15 0)
(1 6.27766e-15 0)
(1 1.33667e-15 0)
(1 4.06968e-15 0)
(1 6.49964e-15 0)
(1 1.12112e-14 0)
(1 7.03363e-15 0)
(1 8.04193e-15 0)
(1 -6.522e-16 0)
(1 -2.37757e-15 0)
(1 -2.96902e-15 0)
(1 1.04629e-15 0)
(1 3.89476e-15 0)
(1 4.09025e-15 0)
(1 -1.80071e-16 0)
(1 7.81305e-15 0)
(1 2.63438e-15 0)
(1 1.25352e-14 0)
(1 6.05573e-15 0)
(1 4.67302e-15 0)
(1 8.78405e-15 0)
(1 5.86377e-15 0)
(1 7.37762e-15 0)
(1 6.39705e-15 0)
(1 3.08226e-15 0)
(1 1.80267e-15 0)
(1 2.30378e-15 0)
(1 6.31792e-15 0)
(1 4.36425e-15 0)
(1 3.67007e-15 0)
(1 2.65756e-15 0)
(1 5.61559e-15 0)
(1 4.03771e-15 0)
(1 1.91743e-15 0)
(1 -1.92139e-15 0)
(1 -3.79082e-15 0)
(1 -4.4836e-15 0)
(1 -9.14371e-16 0)
(1 1.86469e-15 0)
(1 5.37052e-15 0)
(1 4.62947e-15 0)
(1 6.36057e-15 0)
(1 5.71242e-15 0)
(1 9.68368e-15 0)
(1 5.99578e-15 0)
(1 5.3675e-15 0)
(1 4.81385e-15 0)
(1 4.24962e-15 0)
(1 7.53395e-15 0)
(1 -6.84618e-15 0)
(1 2.58601e-15 0)
(1 -8.33735e-15 0)
(1 4.73822e-15 0)
(1 -2.49336e-15 0)
(1 4.70266e-15 0)
(1 4.64346e-15 0)
(1 1.44177e-14 0)
(1 6.8187e-15 0)
(1 1.62875e-15 0)
(1 -3.40241e-15 0)
(1 -9.51721e-15 0)
(1 -1.23736e-14 0)
(1 -2.27349e-15 0)
(1 1.10337e-15 0)
(1 8.09614e-16 0)
(1 -4.24257e-15 0)
(1 -2.07677e-15 0)
(1 -4.86042e-15 0)
(1 -8.4094e-16 0)
(1 2.05751e-15 0)
(1 1.32486e-15 0)
(1 5.53234e-15 0)
(1 -3.03199e-15 0)
(1 -1.04849e-14 0)
(1 -6.60156e-15 0)
(1 -1.26529e-15 0)
(1 2.66079e-15 0)
(1 2.47159e-15 0)
(1 -5.70493e-15 0)
(1 -4.52507e-15 0)
(1 -9.87554e-15 0)
(1 -3.35088e-15 0)
(1 2.60306e-15 0)
(1 1.55571e-15 0)
(1 5.01565e-16 0)
(1 3.80365e-16 0)
(1 -7.38678e-16 0)
(1 -1.68449e-16 0)
(1 2.81583e-15 0)
(1 -1.75404e-16 0)
(1 -1.33603e-15 0)
(1 -2.85295e-15 0)
(1 -4.54528e-16 0)
(1 2.21273e-16 0)
(1 -3.61687e-16 0)
(1 5.96669e-15 0)
(1 1.57104e-15 0)
(1 8.71791e-15 0)
(1 4.53896e-15 0)
(1 1.18923e-15 0)
(1 -3.45157e-16 0)
(1 6.39013e-16 0)
(1 4.63923e-15 0)
(1 -1.82448e-15 0)
(1 5.64912e-15 0)
(1 1.49751e-17 0)
(1 8.57657e-15 0)
(1 9.76055e-15 0)
(1 6.9472e-15 0)
(1 -2.64146e-17 0)
(1 7.00269e-15 0)
(1 6.24644e-15 0)
(1 9.54519e-15 0)
(1 2.38679e-15 0)
(1 3.61116e-15 0)
(1 8.83402e-17 0)
(1 4.64544e-15 0)
(1 8.57306e-15 0)
(1 8.54048e-15 0)
(1 8.15381e-15 0)
(1 7.49766e-15 0)
(1 8.28307e-15 0)
(1 9.05302e-15 0)
(1 1.01264e-14 0)
(1 6.01804e-15 0)
(1 3.53611e-15 0)
(1 6.28571e-15 0)
(1 4.88145e-15 0)
(1 3.5513e-15 0)
(1 5.38995e-15 0)
(1 1.43463e-15 0)
(1 1.85867e-15 0)
(1 4.45747e-15 0)
(1 5.57896e-15 0)
(1 3.75565e-15 0)
(1 1.5279e-15 0)
(1 3.09818e-15 0)
(1 1.68857e-16 0)
(1 7.18747e-15 0)
(1 6.30742e-16 0)
(1 3.70791e-15 0)
(1 5.36865e-15 0)
(1 5.7951e-15 0)
(1 6.58527e-15 0)
(1 9.42421e-15 0)
(1 6.20033e-15 0)
(1 2.48375e-15 0)
(1 3.97339e-15 0)
(1 5.42067e-15 0)
(1 1.78809e-15 0)
(1 2.79823e-15 0)
(1 5.56259e-15 0)
(1 -4.15128e-15 0)
(1 5.14238e-16 0)
(1 -2.80731e-15 0)
(1 -3.40127e-15 0)
(1 -2.68075e-16 0)
(1 1.11331e-15 0)
(1 -2.15949e-16 0)
(1 -5.71726e-17 0)
(1 2.52659e-17 0)
(1 -4.77945e-15 0)
(1 -4.30838e-15 0)
(1 -3.24397e-15 0)
(1 -5.546e-15 0)
(1 -4.80158e-16 0)
(1 3.75199e-15 0)
(1 6.83483e-15 0)
(1 4.17515e-15 0)
(1 -9.99228e-16 0)
(1 -5.87806e-15 0)
(1 -1.12353e-15 0)
(1 -3.97305e-16 0)
(1 1.63402e-15 0)
(1 1.02316e-15 0)
(1 1.30526e-15 0)
(1 -2.04608e-15 0)
(1 -5.38029e-15 0)
(1 -8.76161e-15 0)
(1 -9.98851e-15 0)
(1 -7.98731e-15 0)
(1 -7.06419e-15 0)
(1 -3.37465e-15 0)
(1 -5.00591e-15 0)
(1 -1.49031e-15 0)
(1 -2.98315e-15 0)
(1 -3.22438e-15 0)
(1 -6.62383e-15 0)
(1 -1.93384e-15 0)
(1 1.84832e-15 0)
(1 4.55124e-15 0)
(1 1.48637e-15 0)
(1 4.60758e-15 0)
(1 2.86817e-15 0)
(1 9.69822e-15 0)
(1 3.32036e-15 0)
(1 2.03261e-16 0)
(1 1.50197e-15 0)
(1 1.07663e-15 0)
(1 7.65773e-16 0)
(1 3.3195e-15 0)
(1 2.34223e-15 0)
(1 6.07004e-15 0)
(1 1.94181e-15 0)
(1 3.47781e-15 0)
(1 -3.42801e-15 0)
(1 2.17393e-16 0)
(1 -2.79116e-15 0)
(1 3.9875e-15 0)
(1 4.83252e-15 0)
(1 5.71449e-15 0)
(1 6.12647e-15 0)
(1 5.31305e-15 0)
(1 4.91343e-15 0)
(1 3.85695e-15 0)
(1 3.50266e-15 0)
(1 2.85902e-15 0)
(1 1.77849e-15 0)
(1 7.07072e-15 0)
(1 1.1836e-14 0)
(1 8.56151e-15 0)
(1 9.66538e-15 0)
(1 4.7675e-15 0)
(1 4.84455e-15 0)
(1 4.29763e-15 0)
(1 3.01879e-15 0)
(1 -3.3776e-16 0)
(1 3.67547e-16 0)
(1 6.92013e-15 0)
(1 9.70997e-15 0)
(1 7.3546e-15 0)
(1 5.97375e-15 0)
(1 4.05885e-15 0)
(1 1.3722e-15 0)
(1 6.26593e-15 0)
(1 8.37515e-15 0)
(1 7.93669e-15 0)
(1 3.91137e-15 0)
(1 1.88263e-15 0)
(1 2.95057e-15 0)
(1 3.93514e-15 0)
(1 5.22831e-15 0)
(1 6.27046e-15 0)
(1 4.82008e-15 0)
(1 1.77632e-15 0)
(1 5.74811e-15 0)
(1 3.7227e-15 0)
(1 9.58791e-15 0)
(1 6.15855e-15 0)
(1 1.06345e-15 0)
(1 -6.73231e-15 0)
(1 2.31315e-15 0)
(1 -6.47388e-15 0)
(1 1.31863e-15 0)
(1 3.76441e-15 0)
(1 8.8606e-15 0)
(1 6.7387e-15 0)
(1 5.26397e-15 0)
(1 -1.3405e-15 0)
(1 -5.7709e-15 0)
(1 -8.28282e-16 0)
(1 2.02983e-16 0)
(1 -5.11338e-15 0)
(1 -5.30284e-15 0)
(1 -7.29717e-15 0)
(1 2.15715e-15 0)
(1 5.02841e-15 0)
(1 7.69437e-15 0)
(1 1.94796e-15 0)
(1 -1.25984e-15 0)
(1 -4.69349e-15 0)
(1 -4.21998e-15 0)
(1 -9.90768e-15 0)
(1 -3.02832e-15 0)
(1 -3.30462e-15 0)
(1 1.5709e-15 0)
(1 -7.20761e-15 0)
(1 -4.42132e-15 0)
(1 -2.99005e-15 0)
(1 -2.85328e-15 0)
(1 -3.24036e-15 0)
(1 -8.95659e-16 0)
(1 -6.97358e-16 0)
(1 -4.62485e-15 0)
(1 -3.64279e-15 0)
(1 -8.32182e-15 0)
(1 -3.16569e-15 0)
(1 8.08409e-16 0)
(1 6.35034e-16 0)
(1 3.52033e-15 0)
(1 1.22857e-15 0)
(1 4.5804e-15 0)
(1 -2.03475e-15 0)
(1 -6.65433e-16 0)
(1 2.32632e-16 0)
(1 -2.78441e-15 0)
(1 1.64665e-15 0)
(1 -2.82723e-16 0)
(1 1.2392e-15 0)
(1 4.19504e-15 0)
(1 3.09026e-15 0)
(1 4.0321e-15 0)
(1 -2.3068e-15 0)
(1 2.24774e-15 0)
(1 2.78897e-15 0)
(1 4.88908e-15 0)
(1 -8.66048e-16 0)
(1 -2.64352e-15 0)
(1 -7.95721e-16 0)
(1 3.31946e-15 0)
(1 -2.79687e-15 0)
(1 -1.9206e-15 0)
(1 -1.14301e-15 0)
(1 5.87143e-15 0)
(1 6.45301e-15 0)
(1 5.23312e-15 0)
(1 6.54643e-15 0)
(1 2.76507e-15 0)
(1 5.57526e-15 0)
(1 7.4643e-15 0)
(1 5.13738e-15 0)
(1 5.6815e-15 0)
(1 3.33494e-15 0)
(1 2.78304e-15 0)
(1 3.36648e-15 0)
(1 2.98118e-15 0)
(1 3.00782e-15 0)
(1 5.2034e-15 0)
(1 7.12148e-15 0)
(1 8.81345e-15 0)
(1 8.59372e-15 0)
(1 7.58702e-15 0)
(1 2.33253e-15 0)
(1 -2.20019e-17 0)
(1 8.78071e-16 0)
(1 1.74294e-15 0)
(1 1.88075e-15 0)
(1 1.91834e-15 0)
(1 1.63854e-15 0)
(1 6.72872e-15 0)
(1 9.48699e-15 0)
(1 2.39066e-15 0)
(1 2.46076e-15 0)
(1 -2.75244e-15 0)
(1 -2.92209e-15 0)
(1 2.37642e-15 0)
(1 5.59841e-15 0)
(1 6.38559e-15 0)
(1 3.14586e-15 0)
(1 -2.76284e-15 0)
(1 -9.95857e-15 0)
(1 -5.22753e-15 0)
(1 -5.03598e-15 0)
(1 1.44993e-15 0)
(1 5.58939e-15 0)
(1 6.61835e-15 0)
(1 7.98825e-15 0)
(1 1.72753e-15 0)
(1 2.1529e-15 0)
(1 1.97509e-15 0)
(1 3.9819e-15 0)
(1 1.28611e-15 0)
(1 -1.44928e-15 0)
(1 -2.56552e-15 0)
(1 -5.11511e-15 0)
(1 -3.69187e-15 0)
(1 -1.234e-15 0)
(1 -2.27426e-16 0)
(1 1.70671e-15 0)
(1 3.46776e-15 0)
(1 1.43365e-18 0)
(1 -1.26311e-15 0)
(1 -1.58283e-15 9.44159e-50)
(1 -4.97837e-15 0)
(1 -6.60306e-15 0)
(1 -6.21639e-15 0)
(1 -4.34346e-15 0)
(1 -2.86062e-15 0)
(1 -3.21396e-15 0)
(1 -6.08489e-15 0)
(1 -8.60816e-15 0)
(1 -8.9619e-15 0)
(1 -4.28358e-15 0)
(1 3.93203e-16 0)
(1 1.7811e-15 0)
(1 5.62987e-16 0)
(1 1.59149e-15 0)
(1 1.68736e-15 0)
(1 -4.76799e-16 0)
(1 -1.24249e-15 0)
(1 -4.93193e-15 0)
(1 -1.85676e-15 0)
(1 -8.46863e-16 0)
(1 8.47842e-16 -1.10957e-47)
(1 1.45126e-16 0)
(1 -1.13696e-15 -1.09763e-47)
(1 1.62516e-15 0)
(1 6.78977e-16 0)
(1 5.09446e-15 0)
(1 2.01764e-15 0)
(1 5.32237e-15 0)
(1 3.58861e-15 0)
(1 3.16165e-15 0)
(1 -1.4721e-15 0)
(1 -1.9723e-15 0)
(1 -4.34152e-15 0)
(1 8.20113e-16 0)
(1 6.22099e-15 0)
(1 2.65705e-15 0)
(1 -2.42302e-16 0)
(1 -6.6504e-15 0)
(1 -2.74039e-15 0)
(1 3.58473e-15 0)
(1 7.18305e-15 0)
(1 4.79141e-15 0)
(1 4.03382e-15 0)
(1 4.98338e-15 0)
(1 5.23533e-15 0)
(1 3.32368e-15 3.91431e-48)
(1 2.65893e-15 -3.21315e-48)
(1 -1.69517e-16 -2.81467e-48)
(1 3.30336e-15 2.61443e-48)
(1 5.3047e-15 2.73036e-48)
(1 5.05069e-15 -3.11976e-48)
(1 7.93348e-15 -3.31036e-48)
(1 6.98722e-15 2.92699e-48)
(1 4.0555e-15 2.72427e-48)
(1 3.52174e-15 -2.47732e-48)
(1 2.43536e-15 -2.38276e-48)
(1 8.23888e-15 0)
(1 8.63605e-15 0)
(1 7.51689e-15 -3.22209e-48)
(1 4.01379e-15 0)
(1 4.45341e-15 -3.89825e-48)
(1 8.15113e-15 2.39717e-48)
(1 4.75159e-15 -4.7125e-48)
(1 4.28168e-15 0)
(1 1.64094e-15 -4.0528e-48)
(1 3.93633e-15 2.25113e-48)
(1 6.6602e-16 -4.32351e-48)
(1 2.41232e-15 0)
(1 1.88125e-15 -2.37745e-48)
(1 1.90473e-15 0)
(1 -3.37639e-16 0)
(1 5.74442e-15 -1.84816e-48)
(1 2.46553e-15 -1.84466e-48)
(1 4.894e-15 0)
(1 -2.28132e-15 -9.83231e-49)
(1 -3.65485e-15 -2.23709e-49)
(1 -1.93112e-15 0)
(1 9.21811e-16 0)
(1 -3.80816e-15 0)
(1 1.34719e-15 0)
(1 9.96194e-16 0)
(1 5.04676e-15 0)
(1 2.94536e-15 0)
(1 1.72381e-15 0)
(1 -7.43535e-16 0)
(1 1.2552e-15 0)
(1 -4.79872e-16 0)
(1 -2.58415e-16 0)
(1 -3.00236e-15 0)
(1 -4.16624e-15 0)
(1 -3.6986e-15 0)
(1 2.28215e-15 0)
(1 1.00507e-15 0)
(1 1.9816e-15 0)
(1 1.54777e-15 0)
(1 2.10829e-15 0)
(1 1.26569e-15 0)
(1 2.15345e-15 0)
(1 -6.48064e-16 0)
(1 2.97122e-15 -9.72806e-50)
(1 -2.94223e-15 0)
(1 -7.40656e-15 0)
(1 -1.54182e-14 0)
(1 -6.8276e-15 0)
(1 -1.09327e-15 0)
(1 2.89947e-15 0)
(1 1.8231e-15 0)
(1 7.26388e-15 0)
(1 -6.26034e-15 0)
(1 -7.21834e-15 0)
(1 -1.15399e-14 0)
(1 -7.26383e-15 0)
(1 -2.85214e-15 0)
(1 2.13466e-17 0)
(1 -3.39779e-15 0)
(1 2.33194e-15 0)
(1 -9.67861e-16 0)
(1 -3.14313e-15 0)
(1 -5.62189e-15 0)
(1 -2.15222e-15 0)
(1 -2.2229e-15 1.10972e-47)
(1 7.43971e-16 0)
(1 2.82385e-15 1.09777e-47)
(1 -3.6338e-17 0)
(1 9.63992e-16 0)
(1 3.93772e-15 0)
(1 9.21733e-15 0)
(1 8.9129e-15 0)
(1 4.20517e-15 0)
(1 3.05199e-15 0)
(1 5.11144e-15 0)
(1 -2.9422e-15 0)
(1 4.279e-15 0)
(1 3.73112e-17 0)
(1 9.9412e-17 0)
(1 -8.59743e-16 0)
(1 -5.82657e-15 0)
(1 -5.14249e-15 0)
(1 9.7028e-16 0)
(1 2.51448e-15 0)
(1 1.51949e-15 0)
(1 -4.27245e-15 0)
(1 -6.68855e-16 0)
(1 -3.82608e-15 0)
(1 2.08092e-15 0)
(1 -9.98875e-16 -3.91456e-48)
(1 4.23239e-15 3.21344e-48)
(1 4.8287e-16 2.81503e-48)
(1 1.57258e-15 -2.61484e-48)
(1 9.40101e-17 -2.73081e-48)
(1 3.82071e-15 3.12023e-48)
(1 4.81888e-15 3.31083e-48)
(1 8.26674e-15 -2.92743e-48)
(1 1.49099e-15 -2.72469e-48)
(1 1.94744e-15 2.47772e-48)
(1 2.01376e-15 2.38318e-48)
(1 1.41553e-15 0)
(1 -5.73623e-16 0)
(1 2.30791e-15 3.22361e-48)
(1 4.96056e-15 0)
(1 4.86172e-15 3.90056e-48)
(1 8.05462e-15 -2.3985e-48)
(1 6.59752e-15 4.71539e-48)
(1 2.8762e-15 0)
(1 3.42035e-15 4.05561e-48)
(1 1.60363e-15 -2.25238e-48)
(1 9.93069e-16 4.3256e-48)
(1 -3.68415e-15 0)
(1 3.01746e-15 2.37869e-48)
(1 5.03158e-16 0)
(1 2.74778e-15 0)
(1 6.74813e-16 1.84852e-48)
(1 8.71829e-16 1.8451e-48)
(1 9.57319e-17 0)
(1 -7.83237e-16 9.83648e-49)
(1 1.28545e-15 2.23871e-49)
(1 3.23481e-16 0)
(1 7.16103e-15 0)
(1 -2.34001e-15 0)
(1 -6.99026e-16 0)
(1 -1.42679e-15 0)
(1 -1.38596e-16 0)
(1 -2.1641e-15 0)
(1 -2.58924e-15 0)
(1 7.09768e-15 0)
(1 3.32322e-15 0)
(1 2.32818e-15 0)
(1 -3.45916e-15 0)
(1 -2.52361e-15 0)
(1 -1.87798e-15 0)
(1 -4.51285e-17 0)
(1 4.45583e-15 0)
(1 8.04021e-15 0)
(1 -1.22743e-15 0)
(1 -4.75791e-17 0)
(1 -9.57716e-15 0)
(1 -4.04764e-15 0)
(1 5.62167e-16 0)
(1 4.01506e-15 0)
(1 -2.07212e-15 0)
(1 -5.18288e-15 0)
(1 -4.71132e-15 0)
(1 -5.54547e-15 0)
(1 -5.86505e-15 0)
(1 -5.73412e-15 0)
(1 4.91485e-16 0)
(1 1.50878e-15 0)
(1 3.44327e-15 0)
(1 1.65545e-15 0)
(1 -3.12635e-15 0)
(1 -6.0388e-15 0)
(1 -8.90288e-15 0)
(1 -3.53141e-15 0)
(1 -2.90656e-15 0)
(1 1.05606e-15 0)
(1 -5.01361e-15 0)
(1 -5.27727e-15 0)
(1 -2.41431e-15 0)
(1 -3.75336e-15 0)
(1 -1.03618e-16 0)
(1 -1.70718e-15 0)
(1 -2.21582e-15 0)
(1 -2.42269e-15 0)
(1 2.34785e-15 0)
(1 4.72122e-15 0)
(1 2.50657e-15 0)
(1 6.43809e-15 0)
(1 3.91797e-15 0)
(1 1.30663e-15 0)
(1 1.66419e-15 0)
(1 5.227e-15 0)
(1 1.48558e-15 0)
(1 1.1392e-14 0)
(1 6.5993e-15 0)
(1 -1.82521e-15 0)
(1 -2.16908e-15 0)
(1 -4.06747e-15 0)
(1 3.7618e-15 0)
(1 -2.52608e-15 0)
(1 -1.31092e-15 0)
(1 -8.04271e-15 0)
(1 -2.36254e-15 0)
(1 -3.76655e-15 0)
(1 -3.41553e-15 0)
(1 -2.78628e-15 0)
(1 -4.05187e-16 0)
(1 -1.02993e-15 0)
(1 -4.26586e-16 0)
(1 6.52989e-16 0)
(1 1.31721e-15 0)
(1 6.47387e-15 0)
(1 3.12477e-15 0)
(1 5.79552e-15 0)
(1 8.71035e-15 0)
(1 1.84056e-15 0)
(1 -1.30948e-15 0)
(1 -3.52211e-15 0)
(1 -1.12926e-15 0)
(1 1.59241e-15 0)
(1 2.18821e-15 0)
(1 6.15458e-15 0)
(1 1.41823e-15 0)
(1 1.00959e-15 0)
(1 1.17032e-15 0)
(1 2.23361e-15 0)
(1 1.48724e-15 0)
(1 6.00404e-15 0)
(1 8.07203e-16 0)
(1 3.70749e-15 0)
(1 1.54561e-15 0)
(1 2.00141e-15 0)
(1 -4.0652e-15 0)
(1 -4.24838e-15 0)
(1 -6.73705e-15 0)
(1 3.03736e-16 0)
(1 2.97727e-15 0)
(1 -1.74556e-15 0)
(1 -1.98019e-15 0)
(1 2.0867e-16 0)
(1 5.03663e-15 0)
(1 6.5847e-15 0)
(1 2.93343e-15 0)
(1 2.11334e-15 0)
(1 -4.5838e-15 0)
(1 -3.08744e-15 0)
(1 -3.48696e-15 0)
(1 4.38932e-15 0)
(1 -3.48116e-15 0)
(1 1.91496e-15 0)
(1 3.41993e-15 0)
(1 4.22496e-15 0)
(1 -7.43806e-16 0)
(1 -3.7107e-15 0)
(1 -7.38121e-15 0)
(1 -2.62885e-15 0)
(1 3.39298e-16 0)
(1 -9.02499e-16 0)
(1 2.37124e-16 0)
(1 -7.3067e-16 0)
(1 4.50175e-16 0)
(1 -2.95212e-16 0)
(1 3.61505e-15 0)
(1 -2.86073e-15 0)
(1 -7.98124e-15 0)
(1 -9.30386e-15 0)
(1 -9.5916e-15 0)
(1 -6.36236e-15 0)
(1 -1.1884e-14 0)
(1 -1.28032e-15 0)
(1 -4.33891e-15 0)
(1 -3.23436e-16 0)
(1 -3.6467e-15 0)
(1 -2.74958e-15 0)
(1 -4.73237e-15 0)
(1 -9.31492e-16 0)
(1 -2.9918e-15 0)
(1 -1.93437e-15 0)
(1 -2.54694e-15 0)
(1 -4.26454e-16 0)
(1 -5.30671e-17 0)
(1 4.09775e-15 0)
(1 1.38895e-15 0)
(1 2.70782e-15 0)
(1 3.1133e-15 0)
(1 6.68262e-15 0)
(1 -7.70168e-16 0)
(1 1.14341e-18 0)
(1 -1.45533e-15 0)
(1 2.68761e-15 0)
(1 3.61605e-15 0)
(1 5.36157e-16 0)
(1 5.73134e-15 0)
(1 -1.11356e-15 0)
(1 -4.96835e-16 0)
(1 -5.61532e-15 0)
(1 1.02801e-15 0)
(1 1.94218e-15 0)
(1 3.32153e-15 0)
(1 -3.64875e-15 0)
(1 -4.21907e-15 0)
(1 -4.12035e-15 0)
(1 -3.27444e-15 0)
(1 -2.41871e-15 0)
(1 -3.51412e-15 0)
(1 -4.22098e-15 0)
(1 -1.02062e-15 0)
(1 -6.1287e-15 0)
(1 -2.99698e-15 0)
(1 -1.18347e-15 0)
(1 6.85367e-15 0)
(1 4.86411e-15 0)
(1 2.56954e-15 0)
(1 -1.48338e-15 0)
(1 -5.20012e-16 0)
(1 2.97234e-15 0)
(1 -6.90745e-16 0)
(1 1.65886e-15 0)
(1 6.83338e-15 0)
(1 4.36151e-15 0)
(1 2.21949e-15 0)
(1 6.10429e-15 0)
(1 2.82309e-15 0)
(1 -3.39074e-17 0)
(1 3.75338e-15 0)
(1 3.53774e-15 0)
(1 3.7896e-16 0)
(1 -8.84186e-16 0)
(1 3.73507e-16 0)
(1 -1.39346e-15 0)
(1 2.69361e-15 0)
(1 -2.87916e-15 0)
(1 -6.94148e-16 0)
(1 -5.67165e-15 0)
(1 -4.56243e-15 0)
(1 -4.40885e-15 0)
(1 -1.2624e-15 0)
(1 -1.65028e-15 0)
(1 -5.72649e-15 0)
(1 -2.20175e-15 0)
(1 9.50787e-15 0)
(1 6.50309e-15 0)
(1 6.18601e-16 0)
(1 3.65466e-15 0)
(1 -1.35879e-15 0)
(1 -3.1169e-15 0)
(1 -4.41241e-15 0)
(1 -2.33902e-15 0)
(1 -3.93395e-15 0)
(1 1.96813e-15 0)
(1 -8.56237e-16 0)
(1 1.40074e-15 0)
(1 3.30331e-15 0)
(1 2.28435e-15 0)
(1 6.51229e-15 0)
(1 3.19206e-15 0)
(1 5.65529e-15 0)
(1 -1.80024e-15 0)
(1 -1.02116e-15 0)
(1 -6.19687e-15 0)
(1 -1.498e-16 0)
(1 -1.31705e-15 0)
(1 -4.29808e-15 0)
(1 -6.6644e-15 0)
(1 -5.34984e-15 0)
(1 -6.79876e-15 0)
(1 -8.90565e-15 0)
(1 -6.01965e-15 0)
(1 -4.99349e-15 0)
(1 -6.07013e-15 0)
(1 -7.16775e-15 0)
(1 -9.71961e-15 0)
(1 -3.25492e-15 0)
(1 -5.44512e-15 0)
(1 -2.22999e-16 0)
(1 -3.74966e-15 0)
(1 7.60622e-15 0)
(1 2.69368e-16 0)
(1 1.89359e-15 0)
(1 -3.98362e-15 0)
(1 -5.56877e-15 0)
(1 -8.14754e-16 0)
(1 2.47175e-15 0)
(1 -1.85158e-15 0)
(1 -5.42172e-15 0)
(1 -2.92783e-15 0)
(1 7.47215e-16 0)
(1 1.26299e-15 0)
(1 1.41455e-15 0)
(1 6.71103e-15 0)
(1 4.37493e-15 0)
(1 3.40501e-15 0)
(1 -1.3633e-15 0)
(1 -6.30912e-15 0)
(1 -6.41347e-15 0)
(1 -4.64206e-15 0)
(1 2.44249e-15 0)
(1 3.55923e-15 0)
(1 -1.98161e-16 0)
(1 4.26975e-16 0)
(1 -4.32054e-15 0)
(1 7.23202e-16 0)
(1 -2.67213e-15 0)
(1 -5.49861e-16 0)
(1 -2.31294e-16 0)
(1 1.95768e-15 0)
(1 5.45824e-16 0)
(1 -4.5667e-15 0)
(1 -3.49715e-16 0)
(1 -2.9841e-15 0)
(1 -1.95397e-15 0)
(1 -5.04317e-15 0)
(1 -1.97924e-15 0)
(1 -2.98371e-15 0)
(1 -8.20598e-15 0)
(1 -7.42015e-16 0)
(1 1.19361e-15 0)
(1 5.37768e-16 0)
(1 2.24252e-15 0)
(1 -1.01224e-15 0)
(1 7.51738e-16 0)
(1 4.84844e-16 0)
(1 1.86443e-15 0)
(1 2.83424e-15 0)
(1 4.90324e-15 0)
(1 3.922e-16 0)
(1 -2.70011e-15 0)
(1 -3.16071e-15 0)
(1 2.97752e-15 0)
(1 -6.40529e-16 0)
(1 6.26525e-16 0)
(1 -1.23704e-15 0)
(1 -1.65868e-15 0)
(1 -1.25119e-15 0)
(1 3.36899e-15 0)
(1 -4.59477e-16 0)
(1 2.34754e-15 0)
(1 4.43817e-15 0)
(1 5.04735e-15 0)
(1 5.86339e-15 0)
(1 7.69245e-16 0)
(1 -2.99805e-15 0)
(1 -4.75472e-15 0)
(1 -5.082e-15 0)
(1 5.5438e-16 0)
(1 -1.98254e-16 0)
(1 -2.32263e-15 0)
(1 -7.07466e-15 0)
(1 -1.56407e-15 0)
(1 -1.0649e-15 0)
(1 -5.19981e-17 0)
(1 4.0751e-15 0)
(1 4.93908e-15 0)
(1 8.55411e-15 0)
(1 3.98339e-15 0)
(1 -3.07871e-15 0)
(1 -5.85177e-15 0)
(1 -1.7771e-15 0)
(1 -3.76204e-15 0)
(1 -4.24706e-15 0)
(1 -4.46733e-15 0)
(1 -1.7048e-15 0)
(1 -3.44754e-15 0)
(1 5.4249e-15 0)
(1 4.0143e-15 0)
(1 -3.15403e-15 0)
(1 -1.06378e-14 0)
(1 -1.35288e-14 0)
(1 -3.18371e-16 0)
(1 1.10852e-15 0)
(1 3.54386e-15 0)
(1 -4.35017e-15 0)
(1 -8.05977e-15 0)
(1 -5.72305e-15 0)
(1 -9.1645e-15 0)
(1 -9.24859e-15 0)
(1 -1.15594e-14 0)
(1 -4.74132e-15 0)
(1 -2.09844e-15 0)
(1 2.77275e-16 0)
(1 2.90901e-15 0)
(1 7.81388e-16 0)
(1 4.69484e-16 0)
(1 -3.81196e-15 0)
(1 -3.15611e-15 0)
(1 -3.85328e-15 0)
(1 -1.08383e-16 0)
(1 -2.88256e-15 0)
(1 -3.83999e-16 0)
(1 3.69595e-15 0)
(1 2.56522e-15 0)
(1 6.47511e-16 0)
(1 -3.54662e-15 0)
(1 -4.01138e-15 0)
(1 1.43017e-15 0)
(1 4.48908e-15 0)
(1 1.12793e-15 0)
(1 2.06266e-15 0)
(1 2.39709e-15 0)
(1 -1.14825e-15 0)
(1 -2.06218e-15 0)
(1 -8.30296e-16 0)
(1 1.59012e-15 0)
(1 1.69418e-15 0)
(1 2.44282e-15 0)
(1 4.30183e-15 0)
(1 -2.84076e-15 0)
(1 1.55035e-15 0)
(1 1.43311e-15 0)
(1 2.77476e-15 0)
(1 -2.26042e-15 0)
(1 -1.83105e-15 0)
(1 -1.74618e-15 0)
(1 -3.31439e-15 0)
(1 -7.56346e-16 0)
(1 -5.10839e-15 0)
(1 -1.06214e-15 0)
(1 -4.07321e-16 0)
(1 1.31058e-15 0)
(1 4.27031e-16 0)
(1 3.79492e-15 0)
(1 -9.3708e-16 0)
(1 2.57125e-15 0)
(1 5.56578e-15 0)
(1 1.95638e-15 0)
(1 -7.5593e-16 0)
(1 8.22403e-16 0)
(1 -3.12522e-15 0)
(1 -1.52412e-16 0)
(1 -1.18231e-15 0)
(1 -6.30596e-16 0)
(1 8.85575e-16 0)
(1 1.16077e-15 0)
(1 2.26125e-15 0)
(1 1.10947e-15 0)
(1 -3.7271e-16 0)
(1 -2.85949e-15 0)
(1 3.45544e-15 0)
(1 2.2744e-15 0)
(1 7.87655e-15 0)
(1 -7.53752e-15 0)
(1 -5.14883e-15 0)
(1 -6.62104e-15 0)
(1 3.02568e-15 0)
(1 4.56532e-15 0)
(1 2.12664e-15 0)
(1 -2.40437e-15 0)
(1 8.38396e-16 0)
(1 -1.62659e-15 0)
(1 -1.15445e-15 0)
(1 2.47076e-16 0)
(1 2.45523e-15 0)
(1 1.86899e-15 0)
(1 8.15575e-15 0)
(1 1.8592e-15 0)
(1 -5.48126e-15 0)
(1 -3.27545e-15 0)
(1 1.95942e-15 0)
(1 2.48431e-16 0)
(1 -2.38222e-15 0)
(1 -8.19585e-15 0)
(1 -6.94371e-15 0)
(1 -9.7892e-15 0)
(1 -4.8188e-15 0)
(1 -5.27109e-15 0)
(1 -6.25197e-15 0)
(1 -1.08886e-14 0)
(1 -4.51323e-15 0)
(1 -2.81833e-15 0)
(1 -7.91456e-16 0)
(1 -1.46099e-15 0)
(1 3.13298e-15 0)
(1 -4.76745e-15 0)
(1 8.51422e-16 0)
(1 -6.84824e-15 0)
(1 -2.74537e-15 0)
(1 -1.28684e-14 0)
(1 -1.73797e-15 0)
(1 -3.54072e-15 0)
(1 1.91865e-15 0)
(1 1.56145e-15 0)
(1 -2.83354e-16 0)
(1 -3.82371e-15 0)
(1 6.56155e-16 0)
(1 -4.16928e-15 0)
(1 -5.30927e-15 0)
(1 -5.42009e-15 0)
(1 -2.97222e-15 0)
(1 -1.90353e-15 0)
(1 1.74314e-15 0)
(1 -2.5368e-16 0)
(1 -2.91136e-15 0)
(1 -7.7969e-16 0)
(1 -4.17775e-15 0)
(1 -1.51997e-15 0)
(1 4.09326e-15 0)
(1 2.62728e-15 0)
(1 3.32472e-16 0)
(1 2.04997e-15 0)
(1 -4.75291e-16 0)
(1 1.45989e-15 0)
(1 2.35772e-16 0)
(1 4.98695e-16 0)
(1 -2.77098e-15 0)
(1 -9.41713e-16 0)
(1 -3.57801e-15 0)
(1 -3.65939e-15 0)
(1 4.88849e-16 0)
(1 -2.56115e-15 0)
(1 -3.17898e-15 0)
(1 -1.30477e-15 0)
(1 -6.4891e-16 0)
(1 -2.86428e-15 0)
(1 -8.92289e-15 0)
(1 -2.92105e-15 0)
(1 -3.31542e-15 0)
(1 -2.65766e-15 0)
(1 2.25637e-16 0)
(1 2.53704e-15 0)
(1 4.38234e-15 0)
(1 3.65699e-15 0)
(1 1.05797e-15 0)
(1 1.24578e-15 0)
(1 -1.71965e-15 0)
(1 -3.89527e-15 0)
(1 1.41492e-15 0)
(1 5.04602e-15 0)
(1 -1.80822e-16 0)
(1 -1.83971e-15 0)
(1 -1.87885e-15 0)
(1 9.62456e-17 0)
(1 -1.20599e-15 0)
(1 2.57374e-15 0)
(1 -6.22883e-16 0)
(1 -1.12542e-15 0)
(1 -4.06574e-15 0)
(1 -3.83771e-15 0)
(1 -2.54911e-15 0)
(1 2.20937e-15 0)
(1 -7.64774e-16 0)
(1 1.49375e-17 0)
(1 -3.49464e-15 0)
(1 -5.29471e-15 0)
(1 -1.3288e-15 0)
(1 -5.14107e-16 0)
(1 1.93132e-15 0)
(1 7.43976e-15 0)
(1 1.77565e-15 0)
(1 -8.46955e-17 0)
(1 -6.9346e-16 0)
(1 2.53917e-15 0)
(1 3.69364e-15 0)
(1 4.78466e-15 0)
(1 -8.84103e-16 0)
(1 -5.14268e-15 0)
(1 1.92166e-15 0)
(1 -4.18933e-15 0)
(1 -4.76882e-15 0)
(1 -6.90179e-15 0)
(1 -3.53226e-15 0)
(1 -7.00634e-15 0)
(1 -5.50788e-15 0)
(1 -5.5042e-15 0)
(1 -5.19724e-15 0)
(1 -6.15432e-15 0)
(1 -6.27503e-15 0)
(1 -2.08718e-15 0)
(1 3.45359e-15 0)
(1 -4.52897e-15 0)
(1 -7.10526e-15 0)
(1 -6.71655e-15 0)
(1 1.02881e-16 0)
(1 -4.35124e-16 0)
(1 -3.98877e-15 0)
(1 -3.11446e-15 0)
(1 -3.92205e-15 0)
(1 2.77365e-16 0)
(1 1.97187e-15 0)
(1 2.65698e-15 0)
(1 1.29832e-15 0)
(1 -3.85713e-15 0)
(1 -3.51737e-15 0)
(1 -3.39985e-15 0)
(1 -3.03693e-15 0)
(1 -8.09496e-15 0)
(1 -5.09235e-15 0)
(1 6.6219e-16 0)
(1 1.01322e-15 0)
(1 8.66266e-16 0)
(1 -5.31447e-16 0)
(1 -7.97194e-16 0)
(1 2.37543e-15 0)
(1 3.22664e-15 0)
(1 3.08764e-15 0)
(1 -3.37959e-15 0)
(1 2.26831e-15 0)
(1 6.5372e-16 0)
(1 1.5944e-15 0)
(1 1.00062e-15 0)
(1 7.11654e-16 0)
(1 1.59918e-15 0)
(1 -2.09726e-15 0)
(1 2.54376e-15 0)
(1 1.95497e-15 0)
(1 7.72624e-15 0)
(1 1.64932e-15 0)
(1 3.82943e-15 0)
(1 -2.75907e-15 0)
(1 -3.57118e-15 0)
(1 -6.11153e-15 0)
(1 -4.21351e-15 0)
(1 -5.77242e-15 0)
(1 -5.14339e-15 0)
(1 -3.4887e-15 0)
(1 -6.13102e-15 0)
(1 -4.35761e-15 0)
(1 -6.53027e-16 0)
(1 2.82926e-15 0)
(1 2.61495e-15 0)
(1 5.52773e-15 0)
(1 -1.53185e-15 0)
(1 1.39818e-15 0)
(1 4.88622e-16 0)
(1 -4.28686e-15 0)
(1 -1.84866e-15 0)
(1 1.58712e-15 0)
(1 -2.00544e-16 0)
(1 1.36321e-15 0)
(1 3.0239e-15 0)
(1 5.33507e-15 0)
(1 2.69135e-15 0)
(1 2.85181e-15 0)
(1 -1.92208e-15 0)
(1 -1.11635e-15 0)
(1 1.70144e-16 0)
(1 2.32264e-15 0)
(1 5.34051e-15 0)
(1 -1.09451e-15 0)
(1 5.26801e-15 0)
(1 -4.86814e-16 0)
(1 1.72249e-15 0)
(1 3.45828e-15 0)
(1 2.02713e-15 0)
(1 -5.41302e-15 0)
(1 -5.42564e-15 0)
(1 -2.96461e-15 0)
(1 4.9549e-15 0)
(1 -5.64459e-15 0)
(1 -4.23665e-16 0)
(1 -2.32179e-15 0)
(1 1.99421e-15 0)
(1 4.61534e-15 0)
(1 4.51552e-15 0)
(1 -3.4568e-15 0)
(1 -5.62551e-15 0)
(1 4.73453e-16 0)
(1 -2.59366e-15 0)
(1 -7.22904e-15 0)
(1 -8.06959e-15 0)
(1 -3.96008e-15 0)
(1 1.89904e-15 0)
(1 5.5157e-15 0)
(1 5.42526e-15 0)
(1 1.31853e-16 0)
(1 -6.64472e-15 0)
(1 -8.75133e-15 0)
(1 -6.72529e-16 0)
(1 -1.44392e-15 0)
(1 -5.84415e-15 0)
(1 -6.36732e-15 0)
(1 -4.44511e-15 0)
(1 -4.82529e-15 0)
(1 -2.25366e-15 0)
(1 -4.88996e-15 0)
(1 -4.33545e-15 0)
(1 -4.17609e-15 0)
(1 -5.02344e-16 0)
(1 -1.04347e-15 0)
(1 -2.35316e-15 0)
(1 -1.31168e-15 0)
(1 -3.37973e-15 0)
(1 -1.61533e-15 0)
(1 -1.58595e-15 0)
(1 -1.10521e-15 0)
(1 1.42055e-16 0)
(1 6.04372e-16 0)
(1 1.84599e-15 0)
(1 -5.99676e-16 0)
(1 -3.65566e-15 0)
(1 -5.60449e-15 0)
(1 -4.64341e-15 0)
(1 2.73932e-15 0)
(1 4.39669e-15 0)
(1 7.32839e-15 0)
(1 2.97827e-15 0)
(1 2.74075e-16 0)
(1 -4.09307e-16 0)
(1 4.03804e-15 0)
(1 2.01019e-15 0)
(1 3.03023e-15 0)
(1 1.9134e-15 0)
(1 -1.19755e-15 0)
(1 -4.01175e-16 0)
(1 1.975e-15 0)
(1 5.79678e-16 0)
(1 -1.63785e-15 0)
(1 4.33183e-16 0)
(1 -3.01205e-15 0)
(1 -1.50892e-15 0)
(1 -3.28632e-15 0)
(1 -3.66748e-15 0)
(1 -5.60329e-15 0)
(1 -2.30544e-15 0)
(1 1.62266e-15 0)
(1 1.08459e-15 0)
(1 1.55513e-15 0)
(1 1.9743e-15 0)
(1 1.36411e-15 0)
(1 -3.02252e-15 0)
(1 -1.92835e-15 0)
(1 -3.27069e-15 0)
(1 -3.38091e-15 0)
(1 -6.22372e-15 0)
(1 -2.09666e-15 0)
(1 -2.10113e-15 0)
(1 -2.619e-15 0)
(1 -5.11122e-15 0)
(1 -2.5114e-15 0)
(1 1.25272e-16 0)
(1 4.27431e-15 0)
(1 2.14253e-15 0)
(1 8.84861e-15 0)
(1 2.97154e-15 0)
(1 3.84119e-15 0)
(1 6.09509e-16 0)
(1 5.97264e-15 0)
(1 4.89834e-15 0)
(1 1.58649e-15 0)
(1 4.84172e-16 0)
(1 1.21522e-15 0)
(1 -1.95457e-15 0)
(1 -1.98561e-15 0)
(1 -9.40968e-16 0)
(1 -4.22983e-15 0)
(1 2.44419e-15 0)
(1 -5.277e-15 0)
(1 3.13329e-16 0)
(1 -7.35909e-16 0)
(1 7.61437e-15 0)
(1 2.2282e-15 0)
(1 2.14147e-15 0)
(1 -5.68395e-15 0)
(1 -1.31647e-15 0)
(1 -5.55535e-15 0)
(1 2.82392e-15 0)
(1 -6.18312e-15 0)
(1 1.25459e-15 0)
(1 -5.64413e-15 0)
(1 -5.49781e-15 0)
(1 -3.85201e-15 0)
(1 7.55994e-16 0)
(1 -4.72826e-15 0)
(1 -7.8433e-16 0)
(1 -4.63705e-15 0)
(1 -3.79202e-15 0)
(1 -1.2798e-15 0)
(1 3.58369e-15 0)
(1 3.03003e-15 0)
(1 -2.42407e-15 0)
(1 -4.92137e-15 0)
(1 -1.20295e-14 0)
(1 -9.33678e-15 0)
(1 -3.64243e-15 0)
(1 1.09236e-15 0)
(1 2.03728e-15 0)
(1 1.37815e-15 0)
(1 -5.13522e-16 0)
(1 -3.12824e-15 0)
(1 -2.41345e-15 0)
(1 -7.59387e-16 0)
(1 -1.91637e-15 0)
(1 -1.8661e-15 0)
(1 -6.32564e-15 0)
(1 -6.65284e-15 0)
(1 5.0101e-17 0)
(1 -5.706e-16 0)
(1 2.92232e-16 0)
(1 1.09014e-17 0)
(1 -1.23133e-15 0)
(1 -1.85571e-15 0)
(1 -6.61869e-16 0)
(1 -2.67323e-15 0)
(1 1.1597e-15 0)
(1 1.48313e-15 0)
(1 5.60183e-15 0)
(1 1.50472e-15 0)
(1 -9.85195e-16 0)
(1 2.68638e-15 0)
(1 -1.50372e-15 0)
(1 3.77345e-15 0)
(1 3.77841e-15 0)
(1 4.53898e-15 0)
(1 1.35008e-15 0)
(1 -6.11008e-16 0)
(1 -4.1755e-15 0)
(1 -9.6803e-16 0)
(1 -2.28748e-15 0)
(1 -6.18273e-15 0)
(1 -6.57654e-15 0)
(1 -5.86274e-15 0)
(1 -7.43855e-15 0)
(1 -5.39449e-15 0)
(1 -5.85194e-15 0)
(1 2.81323e-15 0)
(1 4.82532e-15 0)
(1 2.55616e-15 0)
(1 -5.45499e-16 0)
(1 -3.01671e-15 0)
(1 -2.9854e-15 0)
(1 -4.4324e-15 0)
(1 1.33657e-15 0)
(1 1.68583e-16 0)
(1 -4.09839e-15 0)
(1 8.98856e-16 0)
(1 6.57225e-16 0)
(1 -3.27543e-16 0)
(1 1.03459e-16 0)
(1 3.9648e-15 0)
(1 1.87149e-15 0)
(1 3.57099e-15 0)
(1 1.1963e-15 0)
(1 2.08816e-15 0)
(1 -2.2189e-15 0)
(1 -6.58184e-16 0)
(1 -4.9006e-16 0)
(1 -2.26393e-15 0)
(1 -4.23627e-15 0)
(1 5.9989e-16 0)
(1 -6.4255e-16 0)
(1 1.03414e-15 0)
(1 7.50223e-16 0)
(1 -8.73571e-16 0)
(1 -5.9807e-16 0)
(1 -3.58583e-15 0)
(1 -4.50636e-15 0)
(1 -7.39234e-15 0)
(1 -3.60127e-15 0)
(1 4.85561e-15 0)
(1 1.06352e-14 0)
(1 8.62481e-15 0)
(1 6.4402e-15 0)
(1 -1.24579e-15 0)
(1 -4.22328e-15 0)
(1 -5.5214e-15 0)
(1 1.04346e-16 0)
(1 -3.97984e-16 0)
(1 6.53893e-16 0)
(1 -2.21519e-15 0)
(1 -6.6292e-15 0)
(1 -8.1102e-15 0)
(1 -6.47387e-15 0)
(1 -7.21946e-15 0)
(1 -1.18581e-15 0)
(1 5.23772e-16 0)
(1 1.5941e-15 0)
(1 2.55725e-15 0)
(1 -3.3677e-15 0)
(1 -7.09654e-15 0)
(1 -4.50938e-15 0)
(1 -3.25684e-15 0)
(1 -5.7286e-15 0)
(1 -3.65047e-15 0)
(1 -1.10716e-15 0)
(1 -2.50886e-15 0)
(1 -1.08792e-15 0)
(1 -5.49831e-15 0)
(1 -3.97867e-15 0)
(1 -2.55782e-15 0)
(1 -7.42539e-16 0)
(1 6.26572e-16 0)
(1 4.42905e-15 0)
(1 -9.89643e-17 0)
(1 -2.38025e-15 0)
(1 -7.34067e-15 0)
(1 -4.30088e-15 0)
(1 2.51436e-16 0)
(1 1.81645e-15 0)
(1 -1.60115e-16 0)
(1 1.49171e-15 0)
(1 -3.97993e-16 0)
(1 3.00145e-15 0)
(1 -1.47139e-15 0)
(1 2.90607e-15 0)
(1 1.17504e-16 0)
(1 4.76225e-15 0)
(1 1.46746e-15 0)
(1 1.84143e-15 0)
(1 1.58708e-15 0)
(1 3.0259e-15 0)
(1 9.36255e-16 0)
(1 3.76979e-16 0)
(1 -4.14129e-15 0)
(1 -3.13535e-15 0)
(1 -3.13648e-15 0)
(1 -3.43399e-15 0)
(1 -4.74039e-15 0)
(1 -9.70877e-15 0)
(1 -7.21908e-15 0)
(1 -3.82765e-15 0)
(1 -4.36217e-15 0)
(1 -4.12809e-15 0)
(1 -2.83769e-15 0)
(1 -1.40586e-15 0)
(1 1.75709e-15 0)
(1 2.73224e-16 0)
(1 5.7967e-16 0)
(1 -6.15697e-15 0)
(1 -6.47455e-15 0)
(1 -3.54581e-15 0)
(1 7.17657e-16 0)
(1 1.43183e-15 0)
(1 3.0125e-16 0)
(1 -7.23162e-16 0)
(1 -2.19491e-15 0)
(1 -1.44067e-15 0)
(1 -6.50518e-16 0)
(1 1.01589e-15 0)
(1 5.5211e-15 0)
(1 1.6484e-15 0)
(1 2.15586e-15 0)
(1 7.28021e-17 0)
(1 -6.57477e-15 0)
(1 -2.9104e-15 0)
(1 -2.32184e-15 0)
(1 -1.78795e-15 0)
(1 -5.7886e-15 0)
(1 -6.89906e-15 0)
(1 4.43056e-15 0)
(1 -2.45559e-15 0)
(1 1.01813e-16 0)
(1 1.49548e-16 0)
(1 -1.94835e-15 0)
(1 -3.83152e-15 0)
(1 -3.41025e-15 0)
(1 -1.29265e-14 0)
(1 -9.067e-15 0)
(1 -1.47999e-14 0)
(1 -1.51775e-15 0)
(1 -8.61354e-16 0)
(1 9.81838e-15 0)
(1 4.22471e-15 0)
(1 7.36353e-15 0)
(1 4.87263e-16 0)
(1 4.40729e-15 0)
(1 2.30007e-15 0)
(1 9.55467e-16 0)
(1 -3.47339e-15 0)
(1 -3.39354e-15 0)
(1 -2.40879e-15 0)
(1 -6.84587e-15 0)
(1 -4.19756e-15 0)
(1 -7.77179e-16 0)
(1 -2.66699e-15 0)
(1 -2.61138e-15 0)
(1 -9.73413e-17 0)
(1 -4.27733e-15 0)
(1 -7.42428e-15 0)
(1 -9.75746e-15 0)
(1 -2.39395e-15 0)
(1 -5.34864e-16 0)
(1 6.20056e-15 0)
(1 1.65239e-15 0)
(1 9.59421e-16 0)
(1 -3.59788e-16 0)
(1 2.37672e-15 0)
(1 -3.15344e-15 0)
(1 -3.57266e-15 0)
(1 -2.68825e-15 0)
(1 -1.22188e-15 0)
(1 -5.22372e-15 0)
(1 -1.55949e-15 0)
(1 -6.14422e-15 0)
(1 -6.0524e-16 0)
(1 2.45121e-16 0)
(1 1.04206e-15 0)
(1 -3.53016e-17 0)
(1 -6.59336e-16 0)
(1 -1.34341e-15 0)
(1 4.84086e-16 0)
(1 1.29298e-15 0)
(1 -9.19012e-16 0)
(1 1.39262e-15 0)
(1 -3.06636e-15 0)
(1 3.03756e-16 0)
(1 -7.26008e-16 0)
(1 -2.24871e-15 0)
(1 -1.50709e-16 0)
(1 -3.04313e-15 0)
(1 2.33251e-15 0)
(1 1.08414e-15 0)
(1 1.92769e-15 0)
(1 2.05217e-15 0)
(1 3.8888e-16 0)
(1 -5.89556e-15 0)
(1 -1.0445e-14 0)
(1 -1.65688e-14 0)
(1 -1.6196e-14 0)
(1 -8.38858e-15 0)
(1 -4.70867e-15 0)
(1 -1.83579e-16 0)
(1 4.24223e-15 0)
(1 5.14725e-15 0)
(1 6.07669e-15 0)
(1 -3.72552e-15 0)
(1 -3.20749e-15 0)
(1 -1.0859e-15 0)
(1 -6.85365e-16 0)
(1 -1.56942e-15 0)
(1 -3.68718e-15 0)
(1 -2.7379e-15 0)
(1 -7.50455e-15 0)
(1 -6.95542e-15 0)
(1 6.72425e-16 0)
(1 3.76668e-16 0)
(1 -7.6484e-17 0)
(1 1.8967e-15 0)
(1 3.98736e-15 0)
(1 3.54856e-16 0)
(1 1.92097e-15 0)
(1 -8.02991e-16 0)
(1 1.85535e-15 0)
(1 -2.92418e-15 0)
(1 1.88755e-15 0)
(1 -4.62408e-15 0)
(1 -6.51615e-15 0)
(1 -1.00208e-14 0)
(1 -1.03025e-14 0)
(1 1.09134e-15 0)
(1 -6.6006e-16 0)
(1 3.92155e-15 0)
(1 -1.66716e-16 0)
(1 3.52687e-16 0)
(1 -4.79606e-15 0)
(1 -3.74954e-15 0)
(1 -1.30053e-14 0)
(1 -5.48873e-15 0)
(1 -4.72561e-16 0)
(1 -1.42946e-15 0)
(1 2.64572e-15 0)
(1 2.77704e-15 0)
(1 5.36525e-15 0)
(1 8.09998e-16 0)
(1 3.46787e-15 0)
(1 -6.141e-15 0)
(1 -1.37608e-15 0)
(1 -1.53346e-15 0)
(1 1.10077e-15 0)
(1 5.80673e-15 0)
(1 8.0454e-15 0)
(1 3.46858e-15 0)
(1 -5.06663e-15 0)
(1 -9.92769e-15 0)
(1 -9.80269e-15 0)
(1 -1.14815e-14 0)
(1 -1.68433e-15 0)
(1 -1.54306e-15 0)
(1 -7.39985e-16 0)
(1 -4.56782e-15 0)
(1 -4.94253e-16 0)
(1 2.86738e-15 0)
(1 3.85137e-15 0)
(1 1.94484e-15 0)
(1 -2.84939e-15 0)
(1 -3.94298e-15 0)
(1 -1.4744e-15 0)
(1 -1.46919e-15 0)
(1 8.15901e-16 0)
(1 -2.63998e-15 0)
(1 -3.90489e-15 0)
(1 -4.62657e-15 0)
(1 -8.12918e-15 0)
(1 -4.77358e-15 0)
(1 -3.57534e-15 0)
(1 -1.18898e-15 0)
(1 6.36135e-16 0)
(1 -4.07704e-15 0)
(1 -2.0028e-15 0)
(1 -2.77868e-15 0)
(1 4.33009e-15 0)
(1 2.46204e-15 0)
(1 3.88611e-15 0)
(1 -8.72288e-16 0)
(1 -1.03613e-15 0)
(1 -1.07274e-15 0)
(1 -3.09068e-15 0)
(1 1.55308e-15 0)
(1 -1.98544e-15 0)
(1 -1.73791e-15 0)
(1 -1.62891e-15 0)
(1 5.10059e-15 0)
(1 -2.73381e-15 0)
(1 4.20994e-15 0)
(1 3.52492e-15 0)
(1 -6.63772e-16 0)
(1 -4.99764e-15 0)
(1 -1.21631e-14 0)
(1 -9.32667e-15 0)
(1 -1.05095e-14 0)
(1 -8.44524e-15 0)
(1 6.39509e-16 0)
(1 1.61062e-15 0)
(1 1.36812e-15 0)
(1 -7.61231e-16 0)
(1 -5.55811e-15 0)
(1 3.52143e-16 0)
(1 -8.3959e-16 0)
(1 3.8356e-15 0)
(1 2.0185e-15 0)
(1 -2.39224e-16 0)
(1 -3.48068e-15 0)
(1 -3.68417e-15 0)
(1 -1.12958e-15 0)
(1 8.3986e-16 0)
(1 -9.07188e-16 0)
(1 -2.20698e-15 0)
(1 -1.29294e-15 0)
(1 2.26565e-15 0)
(1 -2.43831e-15 0)
(1 -3.98198e-16 0)
(1 -1.67374e-15 0)
(1 1.08903e-15 0)
(1 -2.84169e-15 0)
(1 -3.5855e-15 0)
(1 -9.03122e-15 0)
(1 -7.4252e-15 0)
(1 -1.05666e-14 0)
(1 -9.63463e-15 0)
(1 -3.28956e-15 0)
(1 -1.34776e-15 0)
(1 2.01751e-15 0)
(1 -4.44436e-16 0)
(1 2.25646e-15 0)
(1 -2.07447e-16 0)
(1 1.11114e-15 0)
(1 -9.00593e-15 0)
(1 -2.77875e-15 0)
(1 -8.67671e-16 0)
(1 6.77492e-16 0)
(1 -2.29834e-15 0)
(1 -4.94203e-15 0)
(1 -2.02948e-15 0)
(1 -4.95258e-15 0)
(1 -1.26353e-15 0)
(1 -8.31629e-16 0)
(1 2.19593e-15 0)
(1 5.15143e-15 0)
(1 3.98214e-15 0)
(1 7.58227e-15 0)
(1 6.42927e-15 0)
(1 3.35811e-15 0)
(1 -7.30704e-15 0)
(1 -6.26048e-15 0)
(1 -6.75452e-15 0)
(1 -4.09147e-15 0)
(1 -2.94287e-15 0)
(1 -8.87503e-16 0)
(1 1.76969e-15 0)
(1 -4.9005e-16 0)
(1 -3.32401e-15 0)
(1 -5.14869e-15 0)
(1 -6.24611e-15 0)
(1 -2.99779e-15 0)
(1 -4.83714e-15 0)
(1 -3.03411e-15 0)
(1 -4.13675e-15 0)
(1 1.06254e-15 0)
(1 7.70142e-16 0)
(1 -4.13499e-15 0)
(1 -7.78794e-15 0)
(1 -3.9224e-15 0)
(1 -3.1608e-15 0)
(1 -4.06227e-15 0)
(1 1.79687e-16 0)
(1 4.54358e-16 0)
(1 2.67663e-15 0)
(1 2.60073e-15 0)
(1 -7.76111e-16 0)
(1 2.17864e-15 0)
(1 1.03771e-16 0)
(1 -8.3749e-16 0)
(1 -2.31277e-16 0)
(1 -9.26697e-16 0)
(1 1.02487e-15 0)
(1 -4.73793e-16 0)
(1 -2.69844e-15 0)
(1 6.32707e-15 0)
(1 6.55593e-15 0)
(1 4.97194e-15 0)
(1 1.09844e-15 0)
(1 -1.96585e-16 0)
(1 -4.84227e-15 0)
(1 -3.06832e-15 0)
(1 -2.59516e-15 0)
(1 1.26568e-15 0)
(1 4.11291e-16 0)
(1 -8.36915e-16 0)
(1 -2.97122e-15 0)
(1 -3.34536e-15 0)
(1 -4.34812e-15 0)
(1 -7.50915e-16 0)
(1 -2.58533e-15 0)
(1 3.93142e-16 0)
(1 2.5651e-16 0)
(1 9.4291e-16 0)
(1 9.6669e-16 0)
(1 -1.50664e-15 0)
(1 6.41527e-16 0)
(1 9.34494e-16 0)
(1 4.76469e-15 0)
(1 5.62427e-16 0)
(1 -3.7432e-16 0)
(1 -4.06568e-16 0)
(1 -4.10052e-15 0)
(1 -4.4751e-15 0)
(1 -2.15103e-15 0)
(1 -2.08931e-15 0)
(1 2.92899e-15 0)
(1 -3.68127e-16 0)
(1 6.89543e-16 0)
(1 -3.31716e-15 0)
(1 -2.21357e-15 0)
(1 -4.04129e-15 0)
(1 -2.03856e-15 0)
(1 -9.68594e-16 0)
(1 1.52608e-15 0)
(1 -1.15417e-15 0)
(1 -1.67366e-15 0)
(1 -8.16162e-16 0)
(1 7.45891e-16 0)
(1 -2.47171e-15 0)
(1 2.84004e-15 0)
(1 -2.09911e-15 0)
(1 -6.17361e-16 0)
(1 -4.62941e-15 0)
(1 2.90967e-15 0)
(1 -1.87449e-15 0)
(1 -7.38724e-15 0)
(1 -5.651e-15 0)
(1 -1.0049e-14 0)
(1 -3.74202e-15 0)
(1 -3.19287e-15 0)
(1 2.80289e-16 0)
(1 1.51357e-15 0)
(1 8.44075e-15 0)
(1 3.40662e-15 0)
(1 -5.89573e-16 0)
(1 4.64066e-16 0)
(1 -4.24055e-15 0)
(1 -5.80093e-15 0)
(1 -6.20831e-15 0)
(1 -1.69645e-16 0)
(1 3.09569e-15 0)
(1 -1.13936e-15 0)
(1 -1.12728e-16 0)
(1 -2.51896e-15 0)
(1 -1.14379e-15 0)
(1 2.95215e-15 0)
(1 -1.60532e-16 0)
(1 -1.47061e-15 0)
(1 -6.89155e-15 0)
(1 -4.97913e-15 0)
(1 -7.59977e-15 0)
(1 -7.18349e-15 0)
(1 -1.02558e-15 0)
(1 7.34252e-16 0)
(1 3.13941e-15 0)
(1 1.40452e-15 0)
(1 -1.35204e-15 0)
(1 -3.16022e-15 0)
(1 -5.28144e-15 0)
(1 -2.06141e-15 0)
(1 -5.10053e-15 0)
(1 -5.66142e-16 0)
(1 1.62187e-15 0)
(1 3.22399e-15 0)
(1 1.44614e-15 0)
(1 -6.88642e-16 0)
(1 1.01283e-15 0)
(1 -2.37254e-15 0)
(1 -1.73198e-15 0)
(1 -3.14095e-15 0)
(1 3.89848e-16 0)
(1 -3.79625e-16 0)
(1 2.67005e-15 0)
(1 7.51441e-16 0)
(1 1.89681e-16 0)
(1 9.37572e-16 0)
(1 -8.99494e-16 0)
(1 2.22709e-15 0)
(1 -3.88636e-16 0)
(1 5.24812e-15 0)
(1 1.66069e-15 0)
(1 -1.15007e-16 0)
(1 -3.97285e-15 0)
(1 -1.74898e-15 0)
(1 -6.208e-16 0)
(1 -2.19483e-15 0)
(1 -1.92971e-15 0)
(1 -2.09214e-15 0)
(1 -3.2727e-15 0)
(1 -6.55669e-16 0)
(1 1.59867e-15 0)
(1 6.88725e-16 0)
(1 3.48223e-16 0)
(1 -2.70839e-15 0)
(1 -3.34382e-16 0)
(1 -2.85266e-17 0)
(1 3.28916e-15 0)
(1 2.62785e-15 0)
(1 4.36837e-15 0)
(1 3.48739e-15 0)
(1 1.01305e-15 0)
(1 -1.8547e-15 0)
(1 -1.85766e-15 0)
(1 1.87658e-15 0)
(1 1.44231e-15 0)
(1 6.06897e-16 0)
(1 6.1029e-17 0)
(1 2.47273e-15 0)
(1 -2.52626e-15 0)
(1 -1.07552e-15 0)
(1 -2.55003e-15 0)
(1 1.36615e-15 0)
(1 -6.04072e-16 0)
(1 -2.15063e-15 0)
(1 -1.79289e-15 0)
(1 -1.60497e-15 0)
(1 -1.35976e-15 0)
(1 4.01924e-15 0)
(1 1.77784e-15 0)
(1 -1.44308e-15 0)
(1 1.92279e-15 0)
(1 4.34251e-16 0)
(1 -5.28194e-15 0)
(1 1.5051e-15 0)
(1 1.68997e-15 0)
(1 -3.61009e-15 0)
(1 -3.06127e-15 0)
(1 -7.61688e-15 0)
(1 -3.77636e-15 0)
(1 -4.6464e-15 0)
(1 1.08894e-16 0)
(1 2.0243e-15 0)
(1 1.34732e-15 0)
(1 -1.09621e-15 0)
(1 -9.56412e-16 0)
(1 2.89136e-15 0)
(1 3.86702e-15 0)
(1 -3.94672e-15 0)
(1 -8.51436e-15 0)
(1 -5.70742e-15 0)
(1 -2.98857e-15 0)
(1 -1.77138e-15 0)
(1 -1.66275e-15 0)
(1 -3.63731e-15 0)
(1 -9.71777e-16 0)
(1 -4.60399e-15 0)
(1 -6.18559e-15 0)
(1 -2.13474e-15 0)
(1 -2.63348e-15 0)
(1 3.81528e-16 0)
(1 -1.43961e-15 0)
(1 -3.41048e-15 0)
(1 -3.48327e-15 0)
(1 -1.37493e-15 0)
(1 3.18261e-15 0)
(1 -2.95715e-15 0)
(1 -3.53862e-15 0)
(1 -4.40878e-15 0)
(1 -2.82937e-15 0)
(1 -1.81274e-15 0)
(1 3.39341e-15 0)
(1 1.58965e-16 0)
(1 3.26814e-15 0)
(1 -4.75765e-16 0)
(1 -4.54547e-16 0)
(1 6.3284e-16 0)
(1 1.52059e-16 0)
(1 9.89132e-16 0)
(1 2.63073e-15 0)
(1 -2.19591e-15 0)
(1 2.14664e-15 0)
(1 3.40458e-15 0)
(1 5.0342e-15 0)
(1 4.59092e-15 0)
(1 -3.25233e-15 0)
(1 -3.57724e-15 0)
(1 -3.91123e-16 0)
(1 3.87101e-15 0)
(1 3.24151e-15 0)
(1 2.11206e-15 0)
(1 -1.76408e-15 0)
(1 -9.97902e-17 0)
(1 5.53182e-16 0)
(1 3.51004e-16 0)
(1 -4.25613e-15 0)
(1 -2.43138e-15 0)
(1 -4.35011e-15 0)
(1 3.42663e-16 0)
(1 -2.03998e-15 0)
(1 4.89316e-16 0)
(1 -2.69528e-15 0)
(1 -2.55881e-15 0)
(1 -2.27123e-15 0)
(1 1.04623e-15 0)
(1 5.32838e-15 0)
(1 6.01484e-16 0)
(1 7.64965e-16 0)
(1 -3.96779e-15 0)
(1 1.53255e-15 0)
(1 1.94572e-15 0)
(1 2.96896e-15 0)
(1 1.37215e-15 0)
(1 4.04197e-16 0)
(1 1.11326e-15 0)
(1 1.31986e-15 0)
(1 -1.09765e-16 0)
(1 2.36522e-15 0)
(1 -1.47363e-15 0)
(1 -2.37701e-15 0)
(1 -1.19191e-15 0)
(1 -1.04406e-15 0)
(1 3.75058e-15 0)
(1 3.43415e-16 0)
(1 -4.79408e-16 0)
(1 -1.71953e-15 0)
(1 -1.4522e-15 0)
(1 1.17125e-15 0)
(1 4.00885e-16 0)
(1 7.25831e-15 0)
(1 8.2893e-18 0)
(1 7.37237e-16 0)
(1 -1.91379e-15 0)
(1 -2.16854e-15 0)
(1 -4.31514e-15 0)
(1 -5.69226e-15 0)
(1 -9.91564e-15 0)
(1 -1.19172e-14 0)
(1 -7.32478e-15 0)
(1 -3.88742e-15 0)
(1 -8.94194e-16 0)
(1 1.31793e-15 0)
(1 -9.1795e-16 0)
(1 2.68914e-16 0)
(1 1.46736e-15 0)
(1 5.08674e-15 0)
(1 3.43832e-15 0)
(1 4.45014e-15 0)
(1 -8.61745e-16 0)
(1 -1.04237e-15 0)
(1 -4.5772e-15 0)
(1 -1.81301e-15 0)
(1 -4.37616e-15 0)
(1 -3.90496e-15 0)
(1 -4.69209e-15 0)
(1 -5.91649e-15 0)
(1 -8.4004e-15 0)
(1 -2.47234e-15 0)
(1 -8.88497e-16 0)
(1 3.39553e-15 0)
(1 5.27683e-15 0)
(1 3.38483e-15 0)
(1 3.50877e-15 0)
(1 -1.80081e-15 0)
(1 -2.83615e-15 0)
(1 -1.04097e-15 0)
(1 -2.48591e-15 0)
(1 7.5363e-16 0)
(1 -2.23744e-15 0)
(1 1.44923e-15 0)
(1 -2.72861e-15 0)
(1 1.50959e-15 0)
(1 -1.45409e-15 0)
(1 2.7152e-15 0)
(1 -1.89598e-15 0)
(1 3.70472e-15 0)
(1 4.17681e-15 0)
(1 5.35613e-15 0)
(1 1.32611e-15 0)
(1 -8.2626e-16 0)
(1 -4.25085e-15 0)
(1 -3.70039e-15 0)
(1 -1.96331e-15 0)
(1 -2.30002e-15 0)
(1 3.17847e-15 0)
(1 5.7328e-16 0)
(1 4.4752e-15 0)
(1 7.59147e-15 0)
(1 7.23194e-15 0)
(1 -1.19529e-15 0)
(1 -4.66678e-15 0)
(1 -7.97504e-15 0)
(1 -3.50913e-15 0)
(1 4.24987e-15 0)
(1 8.49387e-15 0)
(1 1.10529e-14 0)
(1 7.76968e-15 0)
(1 3.50705e-15 0)
(1 -2.96529e-15 0)
(1 -2.02703e-15 0)
(1 -2.98412e-15 0)
(1 -2.40854e-15 0)
(1 -1.12538e-15 0)
(1 1.20652e-15 0)
(1 -5.88367e-18 0)
(1 8.15506e-16 0)
(1 1.27997e-15 0)
(1 3.37739e-15 0)
(1 4.25527e-15 0)
(1 2.08263e-15 0)
(1 -2.76784e-15 0)
(1 -1.54215e-15 0)
(1 3.43051e-15 0)
(1 4.57144e-15 0)
(1 3.75679e-16 0)
(1 2.46253e-16 0)
(1 -1.94811e-16 0)
(1 2.45005e-15 0)
(1 -4.4247e-15 0)
(1 -3.80944e-16 0)
(1 -5.33207e-15 0)
(1 7.4586e-16 0)
(1 3.60662e-17 0)
(1 3.44388e-15 0)
(1 5.55475e-15 0)
(1 7.85996e-15 0)
(1 7.30161e-15 0)
(1 2.37242e-15 0)
(1 2.84455e-16 0)
(1 5.70028e-16 0)
(1 -7.87173e-17 0)
(1 -1.1906e-16 0)
(1 -5.74781e-15 0)
(1 -4.98173e-15 0)
(1 -4.27872e-15 0)
(1 -4.69264e-15 0)
(1 2.33938e-16 0)
(1 -2.75042e-15 0)
(1 -2.71724e-15 0)
(1 -1.94787e-15 0)
(1 -3.3261e-15 0)
(1 3.64832e-15 0)
(1 -3.62276e-15 0)
(1 1.67372e-15 0)
(1 2.85602e-15 0)
(1 1.47866e-15 0)
(1 -8.73457e-16 0)
(1 -2.98735e-15 0)
(1 9.79499e-16 0)
(1 3.89458e-15 0)
(1 2.33724e-15 0)
(1 -4.51279e-15 0)
(1 -1.01507e-14 0)
(1 -7.00352e-15 0)
(1 -5.39119e-15 0)
(1 -5.69048e-15 0)
(1 -3.82024e-15 0)
(1 1.09132e-15 0)
(1 -5.20329e-15 0)
(1 5.6336e-16 0)
(1 1.01019e-15 0)
(1 5.13435e-15 0)
(1 6.4856e-15 0)
(1 5.85621e-15 0)
(1 -7.15187e-16 0)
(1 -6.51462e-15 0)
(1 -7.19452e-16 0)
(1 -3.05253e-15 0)
(1 2.48049e-16 0)
(1 -2.29129e-15 0)
(1 6.25113e-16 0)
(1 3.06504e-16 0)
(1 -1.88456e-16 0)
(1 -8.64304e-16 0)
(1 -1.85303e-16 0)
(1 -1.11045e-15 0)
(1 -8.22861e-16 0)
(1 -3.04631e-16 0)
(1 -7.2921e-17 0)
(1 -1.07585e-15 0)
(1 8.36606e-16 0)
(1 -2.44589e-15 0)
(1 -2.52087e-15 0)
(1 -8.01048e-16 0)
(1 2.56714e-15 0)
(1 1.97008e-15 0)
(1 3.64676e-15 0)
(1 1.01357e-15 0)
(1 1.34213e-15 0)
(1 -2.62226e-16 0)
(1 4.10177e-15 0)
(1 2.47102e-15 0)
(1 2.60816e-16 0)
(1 -3.94998e-15 0)
(1 -2.29437e-15 0)
(1 4.26765e-15 0)
(1 4.86898e-15 0)
(1 7.37562e-15 0)
(1 3.72768e-15 0)
(1 3.86111e-15 0)
(1 1.0777e-15 0)
(1 4.43314e-15 0)
(1 1.95741e-15 0)
(1 3.71001e-15 0)
(1 -1.93174e-15 0)
(1 -1.6993e-15 0)
(1 -1.33227e-15 0)
(1 5.98524e-16 0)
(1 7.2529e-16 0)
(1 1.51377e-15 0)
(1 2.12201e-15 0)
(1 2.20566e-15 0)
(1 4.85201e-15 0)
(1 2.65461e-15 0)
(1 8.61788e-16 0)
(1 -2.65223e-15 0)
(1 -3.09638e-15 0)
(1 -5.97955e-16 0)
(1 -2.4424e-16 0)
(1 -2.24595e-16 0)
(1 -1.41257e-15 0)
(1 1.84596e-15 0)
(1 -4.22419e-16 0)
(1 3.30306e-15 0)
(1 4.91991e-15 0)
(1 9.14652e-15 0)
(1 8.52142e-15 0)
(1 1.78359e-15 0)
(1 -7.6828e-16 0)
(1 -1.72065e-15 0)
(1 -1.01666e-15 0)
(1 -2.87224e-15 0)
(1 -3.2687e-15 0)
(1 -4.42182e-15 0)
(1 -1.8456e-15 0)
(1 -7.03297e-15 0)
(1 -2.61308e-16 0)
(1 3.63206e-15 0)
(1 5.00324e-15 0)
(1 2.17317e-15 0)
(1 -2.46335e-15 0)
(1 -6.02958e-16 0)
(1 -1.5842e-15 0)
(1 1.87675e-15 0)
(1 -2.11198e-16 0)
(1 3.98683e-16 0)
(1 -1.6845e-15 0)
(1 -1.99181e-15 0)
(1 1.9542e-15 0)
(1 2.92184e-15 0)
(1 1.42729e-16 0)
(1 -6.59397e-15 0)
(1 -1.29106e-15 0)
(1 -3.16895e-15 0)
(1 -2.47092e-15 0)
(1 -8.07912e-16 0)
(1 -9.18835e-16 0)
(1 9.41186e-16 0)
(1 -1.13745e-15 0)
(1 -4.44615e-16 0)
(1 -3.8894e-16 0)
(1 6.3197e-16 0)
(1 1.15892e-15 0)
(1 6.69157e-16 0)
(1 -6.06297e-16 0)
(1 -1.00793e-15 0)
(1 -1.8424e-15 0)
(1 -3.77175e-15 0)
(1 -1.01208e-15 0)
(1 -1.61769e-15 0)
(1 1.17587e-15 0)
(1 -5.13297e-16 0)
(1 2.32476e-15 0)
(1 -3.66798e-16 0)
(1 3.69588e-15 0)
(1 -7.13082e-16 0)
(1 -7.49011e-17 0)
(1 4.67262e-16 0)
(1 6.21385e-16 0)
(1 3.38153e-15 0)
(1 3.01165e-15 0)
(1 1.98834e-15 0)
(1 -1.21966e-15 0)
(1 -1.79237e-15 0)
(1 -2.67762e-15 0)
(1 -2.1771e-15 0)
(1 6.09885e-16 0)
(1 -2.20932e-15 0)
(1 -1.92017e-15 0)
(1 -1.92823e-16 0)
(1 5.30466e-15 0)
(1 8.48494e-15 0)
(1 5.55955e-15 0)
(1 -1.55721e-15 0)
(1 -6.39197e-15 0)
(1 -6.87515e-15 0)
(1 -2.77348e-16 0)
(1 2.45305e-15 0)
(1 5.89174e-15 0)
(1 4.30042e-15 0)
(1 2.26438e-15 0)
(1 1.82579e-15 0)
(1 -6.44776e-16 0)
(1 7.63998e-16 0)
(1 1.5425e-16 0)
(1 8.77595e-16 0)
(1 -2.51021e-16 0)
(1 -2.05295e-15 0)
(1 -2.14698e-16 0)
(1 -9.50017e-16 0)
(1 7.72091e-16 0)
(1 3.09958e-16 0)
(1 -5.20796e-16 0)
(1 3.39757e-17 0)
(1 4.09521e-15 0)
(1 2.53835e-15 0)
(1 1.86219e-15 0)
(1 -2.64663e-15 0)
(1 -3.82211e-16 0)
(1 -3.8018e-15 0)
(1 1.27195e-15 0)
(1 1.35703e-15 0)
(1 1.32397e-15 0)
(1 3.14881e-15 0)
(1 2.46544e-15 0)
(1 4.51417e-15 0)
(1 3.97681e-15 0)
(1 9.21526e-16 0)
(1 5.63656e-16 0)
(1 2.96173e-15 0)
(1 8.41781e-16 0)
(1 -4.01744e-15 0)
(1 -2.80327e-16 0)
(1 -2.29124e-15 0)
(1 -3.74192e-15 0)
(1 -4.24541e-15 0)
(1 -2.16599e-15 0)
(1 -2.27341e-15 0)
(1 1.82968e-15 0)
(1 -8.02653e-17 0)
(1 4.13487e-15 0)
(1 3.57743e-16 0)
(1 3.33316e-15 0)
(1 4.54054e-15 0)
(1 5.90988e-17 0)
(1 1.10948e-15 0)
(1 -2.06067e-15 0)
(1 1.23746e-15 0)
(1 2.35226e-15 0)
(1 4.49464e-15 0)
(1 -1.46088e-15 0)
(1 -1.16966e-15 0)
(1 1.97762e-15 0)
(1 1.8602e-15 0)
(1 6.37136e-16 0)
(1 2.56278e-16 0)
(1 -2.85833e-15 0)
(1 -4.0468e-15 0)
(1 -5.85475e-16 0)
(1 1.53462e-15 0)
(1 2.8418e-15 0)
(1 2.41287e-15 0)
(1 1.24953e-15 0)
(1 -7.53007e-16 0)
(1 -9.56752e-16 0)
(1 -1.7002e-15 0)
(1 -5.44824e-15 0)
(1 6.44966e-16 0)
(1 9.63974e-16 0)
(1 1.6457e-15 0)
(1 -1.20053e-15 0)
(1 1.48032e-16 0)
(1 9.9193e-16 0)
(1 7.17813e-16 0)
(1 1.50076e-15 0)
(1 2.25816e-15 0)
(1 1.5726e-15 0)
(1 -5.17147e-16 0)
(1 -6.30779e-16 0)
(1 -2.11506e-15 0)
(1 -9.39286e-16 0)
(1 -9.71779e-16 0)
(1 -2.10931e-16 0)
(1 -2.29241e-15 0)
(1 -2.81499e-15 0)
(1 -3.80414e-15 0)
(1 -1.15289e-15 0)
(1 -6.04055e-16 0)
(1 3.45178e-16 0)
(1 -1.61336e-16 0)
(1 6.48804e-16 0)
(1 9.65606e-16 0)
(1 1.95943e-15 0)
(1 2.0714e-15 0)
(1 -1.0666e-15 0)
(1 -1.74931e-15 0)
(1 2.72335e-16 0)
(1 1.0072e-15 0)
(1 8.57279e-16 0)
(1 2.31479e-15 0)
(1 -1.74121e-15 0)
(1 -9.05698e-16 0)
(1 -4.17046e-15 0)
(1 1.40673e-15 0)
(1 2.119e-16 0)
(1 1.52786e-15 0)
(1 4.16649e-15 0)
(1 4.81272e-15 0)
(1 1.76403e-15 0)
(1 -2.31151e-15 0)
(1 -5.29368e-15 0)
(1 -2.36803e-15 0)
(1 -3.55675e-15 0)
(1 4.94147e-16 0)
(1 -9.70553e-16 0)
(1 1.95458e-15 0)
(1 -1.05914e-15 0)
(1 -9.64477e-16 0)
(1 -3.2394e-15 0)
(1 -2.31312e-15 0)
(1 -2.95251e-15 0)
(1 7.01889e-16 0)
(1 2.83574e-16 0)
(1 4.59437e-15 0)
(1 3.17709e-15 0)
(1 4.92035e-15 0)
(1 2.74557e-15 0)
(1 -3.52677e-16 0)
(1 2.40501e-15 0)
(1 1.45233e-15 0)
(1 4.37076e-16 0)
(1 -7.24956e-16 0)
(1 -5.99078e-16 0)
(1 -2.73964e-15 0)
(1 -6.55566e-15 0)
(1 5.29282e-16 0)
(1 1.19791e-15 0)
(1 1.46993e-15 0)
(1 -3.26947e-15 0)
(1 -3.04266e-15 0)
(1 2.58442e-16 0)
(1 2.79159e-15 0)
(1 4.11132e-16 0)
(1 4.3842e-15 0)
(1 3.66068e-15 0)
(1 2.00977e-15 0)
(1 -1.28724e-15 0)
(1 8.96459e-16 0)
(1 1.6803e-15 0)
(1 1.73769e-15 0)
(1 -3.14601e-15 0)
(1 -2.21659e-15 0)
(1 -2.76741e-15 0)
(1 2.50348e-15 0)
(1 -2.25165e-16 0)
(1 1.18495e-15 0)
(1 -1.26957e-15 0)
(1 -2.48236e-15 0)
(1 -3.38939e-15 0)
(1 -1.75834e-15 0)
(1 -1.01325e-15 0)
(1 3.32399e-15 0)
(1 2.15496e-15 0)
(1 4.53731e-15 0)
(1 1.24471e-15 0)
(1 -2.23428e-15 0)
(1 -4.77064e-15 0)
(1 -3.20511e-15 0)
(1 3.39745e-16 0)
(1 -1.31743e-15 0)
(1 1.25855e-16 0)
(1 1.10971e-15 0)
(1 7.10972e-16 0)
(1 1.05601e-16 0)
(1 -5.96623e-16 0)
(1 4.52332e-16 0)
(1 -1.99353e-15 0)
(1 -3.50364e-15 0)
(1 -2.59528e-15 0)
(1 -2.59173e-15 0)
(1 -2.23883e-15 0)
(1 3.31677e-16 0)
(1 2.83293e-15 0)
(1 5.00486e-15 0)
(1 2.76754e-15 0)
(1 6.19074e-17 0)
(1 -1.01192e-15 0)
(1 -1.45477e-15 0)
(1 -1.1318e-15 0)
(1 1.47786e-15 0)
(1 2.28403e-15 0)
(1 6.67347e-16 0)
(1 4.46992e-16 0)
(1 5.60987e-16 0)
(1 -2.43176e-15 0)
(1 -1.2647e-15 0)
(1 -2.72307e-15 0)
(1 1.58675e-15 0)
(1 1.01135e-15 0)
(1 3.43311e-15 0)
(1 -4.87465e-16 0)
(1 2.8207e-15 0)
(1 -6.75914e-16 0)
(1 3.64208e-15 0)
(1 1.48117e-15 0)
(1 2.30421e-15 0)
(1 4.31782e-15 0)
(1 4.32021e-15 0)
(1 -1.06474e-15 0)
(1 -3.12589e-15 0)
(1 -3.19163e-15 0)
(1 -8.53081e-17 0)
(1 1.18991e-16 0)
(1 -1.68967e-16 0)
(1 -2.52798e-15 0)
(1 -9.19473e-16 0)
(1 -2.88866e-15 0)
(1 1.46064e-15 0)
(1 -1.67183e-17 0)
(1 -9.53897e-16 0)
(1 -2.21766e-15 0)
(1 -1.93046e-16 0)
(1 -4.70097e-16 0)
(1 2.45197e-15 0)
(1 2.82137e-15 0)
(1 1.9161e-15 0)
(1 5.3233e-17 0)
)
;

boundaryField
{
    inlet
    {
        type            calculated;
        value           uniform (1 0 0);
    }
    outlet
    {
        type            calculated;
        value           nonuniform List<vector> 
40
(
(1 6.22736e-17 0)
(1 1.03404e-16 0)
(1 6.92004e-16 0)
(1 -6.5709e-16 0)
(1 -1.154e-15 0)
(1 2.85071e-15 0)
(1 5.24826e-15 0)
(1 9.61063e-15 0)
(1 1.75555e-14 0)
(1 1.99435e-14 0)
(1 1.45366e-14 0)
(1 9.40279e-15 0)
(1 6.68306e-15 0)
(1 5.25558e-15 0)
(1 7.83176e-15 0)
(1 7.51071e-15 0)
(1 5.40175e-15 0)
(1 6.14339e-15 0)
(1 3.13554e-15 0)
(1 -3.66169e-15 -2.23709e-49)
(1 1.2759e-15 2.23871e-49)
(1 2.96655e-15 0)
(1 -1.27212e-15 0)
(1 2.33886e-15 0)
(1 -2.86513e-15 0)
(1 -3.8415e-15 0)
(1 5.33762e-15 0)
(1 4.90006e-15 0)
(1 -4.22853e-15 0)
(1 -6.88831e-15 0)
(1 -1.02902e-14 0)
(1 -9.62257e-15 0)
(1 -1.6649e-15 0)
(1 -1.59864e-15 0)
(1 -1.4472e-15 0)
(1 7.29991e-15 0)
(1 8.51839e-15 0)
(1 3.97764e-15 0)
(1 2.74798e-15 0)
(1 5.51293e-17 0)
)
;
    }
    down
    {
        type            empty;
    }
    up
    {
        type            empty;
    }
    sides
    {
        type            calculated;
        value           nonuniform List<vector> 
200
(
(1 0 0)
(1 0 0)
(1 0 0)
(1 0 0)
(1 0 0)
(1 0 0)
(1 0 0)
(1 0 0)
(1 0 0)
(1 0 0)
(1 0 0)
(1 0 0)
(1 0 0)
(1 0 0)
(1 0 0)
(1 0 0)
(1 0 0)
(1 0 0)
(1 0 0)
(1 0 0)
(1 0 0)
(1 0 0)
(1 0 0)
(1 0 0)
(1 0 0)
(1 0 0)
(1 0 0)
(1 0 0)
(1 0 0)
(1 0 0)
(1 0 0)
(1 0 0)
(1 0 0)
(1 0 0)
(1 0 0)
(1 0 0)
(1 0 0)
(1 0 0)
(1 0 0)
(1 0 0)
(1 0 0)
(1 0 0)
(1 0 0)
(1 0 0)
(1 0 0)
(1 0 0)
(1 0 0)
(1 0 0)
(1 0 0)
(1 0 0)
(1 0 0)
(1 0 0)
(1 0 0)
(1 0 0)
(1 0 0)
(1 0 0)
(1 0 0)
(1 0 0)
(1 0 0)
(1 0 0)
(1 0 0)
(1 0 0)
(1 0 0)
(1 0 0)
(1 0 0)
(1 0 0)
(1 0 0)
(1 0 0)
(1 0 0)
(1 0 0)
(1 0 0)
(1 0 0)
(1 0 0)
(1 0 0)
(1 0 0)
(1 0 0)
(1 0 0)
(1 0 0)
(1 0 0)
(1 0 0)
(1 0 0)
(1 0 0)
(1 0 0)
(1 0 0)
(1 0 0)
(1 0 0)
(1 0 0)
(1 0 0)
(1 0 0)
(1 0 0)
(1 0 0)
(1 0 0)
(1 0 0)
(1 0 0)
(1 0 0)
(1 0 0)
(1 0 0)
(1 0 0)
(1 0 0)
(1 0 0)
(1 0 0)
(1 0 0)
(1 0 0)
(1 0 0)
(1 0 0)
(1 0 0)
(1 0 0)
(1 0 0)
(1 0 0)
(1 0 0)
(1 0 0)
(1 0 0)
(1 0 0)
(1 0 0)
(1 0 0)
(1 0 0)
(1 0 0)
(1 0 0)
(1 0 0)
(1 0 0)
(1 0 0)
(1 0 0)
(1 0 0)
(1 0 0)
(1 0 0)
(1 0 0)
(1 0 0)
(1 0 0)
(1 0 0)
(1 0 0)
(1 0 0)
(1 0 0)
(1 0 0)
(1 0 0)
(1 0 0)
(1 0 0)
(1 0 0)
(1 0 0)
(1 0 0)
(1 0 0)
(1 0 0)
(1 0 0)
(1 0 0)
(1 0 0)
(1 0 0)
(1 0 0)
(1 0 0)
(1 0 0)
(1 0 0)
(1 0 0)
(1 0 0)
(1 0 0)
(1 0 0)
(1 0 0)
(1 0 0)
(1 0 0)
(1 0 0)
(1 0 0)
(1 0 0)
(1 0 0)
(1 0 0)
(1 0 0)
(1 0 0)
(1 0 0)
(1 0 0)
(1 0 0)
(1 0 0)
(1 0 0)
(1 0 0)
(1 0 0)
(1 0 0)
(1 0 0)
(1 0 0)
(1 0 0)
(1 0 0)
(1 0 0)
(1 0 0)
(1 0 0)
(1 0 0)
(1 0 0)
(1 0 0)
(1 0 0)
(1 0 0)
(1 0 0)
(1 0 0)
(1 0 0)
(1 0 0)
(1 0 0)
(1 0 0)
(1 0 0)
(1 0 0)
(1 0 0)
(1 0 0)
(1 0 0)
(1 0 0)
(1 0 0)
(1 0 0)
(1 0 0)
(1 0 0)
(1 0 0)
)
;
    }
}

