/*--------------------------------*- C++ -*----------------------------------*\
| =========                 |                                                 |
| \\      /  F ield         | OpenFOAM: The Open Source CFD Toolbox           |
|  \\    /   O peration     | Version:  v2012                                 |
|   \\  /    A nd           | Website:  www.openfoam.com                      |
|    \\/     M anipulation  |                                                 |
\*---------------------------------------------------------------------------*/
FoamFile
{
    version     2.0;
    format      ascii;
    class       volScalarField;
    location    "0";
    object      p;
}
// * * * * * * * * * * * * * * * * * * * * * * * * * * * * * * * * * * * * * //

dimensions      [0 2 -2 0 0 0 0];


internalField   nonuniform List<scalar> 
4000
(
-7.13334e-14
-8.02376e-14
-7.71473e-14
-6.99692e-14
-6.163e-14
-6.50315e-14
-7.14969e-14
-6.96405e-14
-6.65143e-14
-6.34356e-14
-5.58601e-14
-6.17323e-14
-7.17452e-14
-7.84667e-14
-8.63184e-14
-7.9071e-14
-8.00389e-14
-9.19463e-14
-9.16011e-14
-9.24046e-14
-1.01852e-13
-1.06085e-13
-1.04744e-13
-1.04625e-13
-1.05984e-13
-1.13641e-13
-1.0342e-13
-1.09507e-13
-1.23228e-13
-1.18995e-13
-1.25766e-13
-1.24055e-13
-1.19324e-13
-1.04137e-13
-1.11486e-13
-1.11556e-13
-1.16345e-13
-1.26579e-13
-1.40274e-13
-1.35351e-13
-1.20145e-13
-1.22915e-13
-1.18585e-13
-1.18192e-13
-1.34416e-13
-1.375e-13
-1.45102e-13
-1.38391e-13
-1.3329e-13
-1.29067e-13
-1.25752e-13
-1.27013e-13
-1.24573e-13
-1.2388e-13
-1.19115e-13
-1.30858e-13
-1.258e-13
-1.26762e-13
-1.26572e-13
-1.15524e-13
-1.07849e-13
-1.04636e-13
-1.10885e-13
-1.06478e-13
-1.04223e-13
-9.82944e-14
-8.7543e-14
-8.28137e-14
-8.62635e-14
-9.36137e-14
-9.02242e-14
-8.52672e-14
-9.21868e-14
-8.75846e-14
-8.88e-14
-7.80988e-14
-6.84455e-14
-6.17346e-14
-6.43772e-14
-6.15463e-14
-5.62006e-14
-4.96465e-14
-3.9812e-14
-5.19683e-14
-4.57337e-14
-4.33453e-14
-4.69388e-14
-5.099e-14
-3.93014e-14
-2.7262e-14
-3.35102e-14
-2.82066e-14
-1.46982e-14
-9.16848e-15
-9.26427e-15
-1.07119e-14
-1.37484e-14
-4.45554e-15
1.8943e-16
2.92421e-15
-7.81081e-14
-7.78977e-14
-7.41481e-14
-7.03148e-14
-6.85435e-14
-6.68605e-14
-6.83024e-14
-6.41571e-14
-6.17522e-14
-6.33381e-14
-6.11446e-14
-6.49676e-14
-7.4588e-14
-7.57088e-14
-7.97165e-14
-7.78844e-14
-7.91406e-14
-8.67978e-14
-9.40113e-14
-9.26047e-14
-9.92296e-14
-1.07714e-13
-1.10339e-13
-1.06286e-13
-1.03597e-13
-1.07738e-13
-1.10819e-13
-1.12764e-13
-1.22084e-13
-1.24018e-13
-1.25385e-13
-1.1945e-13
-1.15247e-13
-1.11799e-13
-1.13016e-13
-1.1579e-13
-1.14616e-13
-1.22584e-13
-1.32001e-13
-1.27757e-13
-1.23631e-13
-1.25846e-13
-1.21035e-13
-1.178e-13
-1.31656e-13
-1.38631e-13
-1.44451e-13
-1.41287e-13
-1.34194e-13
-1.30562e-13
-1.28596e-13
-1.27879e-13
-1.22858e-13
-1.2267e-13
-1.19574e-13
-1.24065e-13
-1.26097e-13
-1.30145e-13
-1.27319e-13
-1.18838e-13
-1.10335e-13
-1.06667e-13
-1.06199e-13
-1.01842e-13
-1.04821e-13
-9.92248e-14
-8.77341e-14
-8.38572e-14
-8.69678e-14
-9.05871e-14
-8.7618e-14
-8.69549e-14
-9.08298e-14
-8.71252e-14
-8.63858e-14
-7.60901e-14
-7.07828e-14
-6.45329e-14
-6.71329e-14
-5.95951e-14
-5.10999e-14
-5.08039e-14
-4.65619e-14
-4.81936e-14
-4.35516e-14
-4.57405e-14
-4.95462e-14
-4.98146e-14
-4.16722e-14
-3.05128e-14
-2.94234e-14
-2.87574e-14
-1.15555e-14
-9.50561e-15
-8.35116e-15
-1.20879e-14
-1.31103e-14
-3.70324e-15
1.66191e-15
3.70325e-15
-7.72547e-14
-8.02256e-14
-7.53606e-14
-6.88449e-14
-6.515e-14
-6.95741e-14
-6.92355e-14
-6.19263e-14
-6.2008e-14
-6.59172e-14
-6.54851e-14
-6.56738e-14
-7.51533e-14
-7.76432e-14
-7.40409e-14
-7.63319e-14
-8.15866e-14
-8.7184e-14
-9.29498e-14
-9.37693e-14
-1.04868e-13
-1.05197e-13
-1.04483e-13
-1.03913e-13
-1.02143e-13
-1.07463e-13
-1.12942e-13
-1.17245e-13
-1.20834e-13
-1.22515e-13
-1.28006e-13
-1.22373e-13
-1.1335e-13
-1.09961e-13
-1.11022e-13
-1.14075e-13
-1.12767e-13
-1.19425e-13
-1.30368e-13
-1.29525e-13
-1.2761e-13
-1.25834e-13
-1.24753e-13
-1.20009e-13
-1.25841e-13
-1.37566e-13
-1.4763e-13
-1.41266e-13
-1.36585e-13
-1.28231e-13
-1.24138e-13
-1.25578e-13
-1.23937e-13
-1.24736e-13
-1.21379e-13
-1.22429e-13
-1.27401e-13
-1.26023e-13
-1.17704e-13
-1.2094e-13
-1.13847e-13
-1.1346e-13
-1.0827e-13
-1.01638e-13
-1.04202e-13
-9.74488e-14
-9.14269e-14
-8.58155e-14
-8.71611e-14
-9.26989e-14
-8.90766e-14
-9.0233e-14
-8.90334e-14
-8.18375e-14
-8.34726e-14
-7.63573e-14
-7.19712e-14
-6.39797e-14
-6.05103e-14
-6.04349e-14
-4.70301e-14
-5.29418e-14
-5.224e-14
-4.8716e-14
-4.25824e-14
-4.17746e-14
-4.56007e-14
-4.81851e-14
-4.26428e-14
-3.38675e-14
-2.8343e-14
-2.85361e-14
-1.62826e-14
-9.46982e-15
-8.02627e-15
-9.52206e-15
-1.17891e-14
-3.83309e-15
-5.76727e-16
1.85706e-15
-7.86585e-14
-7.87129e-14
-7.25022e-14
-7.21145e-14
-6.57962e-14
-7.30548e-14
-7.10539e-14
-6.69755e-14
-6.21584e-14
-6.04627e-14
-6.63222e-14
-7.3499e-14
-7.75221e-14
-7.55921e-14
-6.90822e-14
-6.88225e-14
-8.2562e-14
-9.39738e-14
-9.03233e-14
-9.54092e-14
-1.0367e-13
-1.04226e-13
-1.04352e-13
-1.06316e-13
-1.05412e-13
-1.10379e-13
-1.18102e-13
-1.17673e-13
-1.1871e-13
-1.22876e-13
-1.22911e-13
-1.19956e-13
-1.18061e-13
-1.14161e-13
-1.17099e-13
-1.16998e-13
-1.16363e-13
-1.18029e-13
-1.21923e-13
-1.21925e-13
-1.24973e-13
-1.23499e-13
-1.22564e-13
-1.25128e-13
-1.32352e-13
-1.38329e-13
-1.39964e-13
-1.3096e-13
-1.35776e-13
-1.34469e-13
-1.28984e-13
-1.30376e-13
-1.25199e-13
-1.18172e-13
-1.20957e-13
-1.24819e-13
-1.25334e-13
-1.24545e-13
-1.19364e-13
-1.17999e-13
-1.17991e-13
-1.10199e-13
-1.0672e-13
-1.04324e-13
-1.07622e-13
-1.02199e-13
-9.36365e-14
-8.85036e-14
-9.15154e-14
-8.81476e-14
-8.59384e-14
-8.39462e-14
-8.43696e-14
-8.10591e-14
-7.86171e-14
-7.68786e-14
-7.20139e-14
-6.38068e-14
-5.89574e-14
-5.47698e-14
-5.42255e-14
-4.52164e-14
-5.17256e-14
-5.36408e-14
-4.70885e-14
-4.55108e-14
-4.65407e-14
-4.64922e-14
-4.32512e-14
-3.21324e-14
-2.7182e-14
-2.94999e-14
-1.92427e-14
-8.31799e-15
-7.59496e-15
-6.11361e-15
-1.1975e-14
-4.49014e-15
-4.30743e-15
-5.28262e-16
-7.61613e-14
-7.59067e-14
-7.43949e-14
-7.18462e-14
-7.00436e-14
-7.23171e-14
-7.37059e-14
-6.77096e-14
-6.43096e-14
-6.34743e-14
-7.06105e-14
-7.41913e-14
-7.26397e-14
-7.11325e-14
-7.02416e-14
-7.58702e-14
-7.81505e-14
-8.8943e-14
-8.95677e-14
-9.78808e-14
-1.0595e-13
-1.04761e-13
-1.04277e-13
-1.06376e-13
-1.03755e-13
-1.08699e-13
-1.15171e-13
-1.19364e-13
-1.19461e-13
-1.21824e-13
-1.25616e-13
-1.19159e-13
-1.13664e-13
-1.14736e-13
-1.17581e-13
-1.18047e-13
-1.11422e-13
-1.14878e-13
-1.2682e-13
-1.28596e-13
-1.25398e-13
-1.23289e-13
-1.23616e-13
-1.23932e-13
-1.33079e-13
-1.38024e-13
-1.37107e-13
-1.34878e-13
-1.29897e-13
-1.30252e-13
-1.30113e-13
-1.22813e-13
-1.18621e-13
-1.158e-13
-1.25848e-13
-1.28032e-13
-1.2484e-13
-1.24188e-13
-1.1915e-13
-1.22231e-13
-1.16581e-13
-1.13107e-13
-1.12625e-13
-1.04063e-13
-1.0251e-13
-9.88233e-14
-9.18115e-14
-9.16391e-14
-9.42807e-14
-9.29594e-14
-8.89512e-14
-8.5546e-14
-8.44528e-14
-8.53799e-14
-8.67278e-14
-7.67515e-14
-6.96476e-14
-6.24202e-14
-5.88707e-14
-5.17079e-14
-4.81836e-14
-4.83782e-14
-5.38133e-14
-5.21855e-14
-5.22587e-14
-4.60836e-14
-4.05001e-14
-4.24164e-14
-4.13571e-14
-3.32518e-14
-3.33699e-14
-2.8869e-14
-2.12654e-14
-1.00333e-14
-3.08833e-15
-6.1027e-15
-6.35709e-15
-2.73891e-15
-4.86235e-15
-1.43186e-15
-7.76739e-14
-7.18948e-14
-7.14274e-14
-7.79489e-14
-6.73649e-14
-6.6779e-14
-6.85653e-14
-6.75433e-14
-7.16141e-14
-6.99048e-14
-7.27183e-14
-7.29577e-14
-6.95684e-14
-7.36682e-14
-7.0939e-14
-7.34023e-14
-7.45692e-14
-8.46328e-14
-8.51914e-14
-9.5604e-14
-1.03465e-13
-1.08136e-13
-1.14212e-13
-1.06561e-13
-1.05185e-13
-1.07741e-13
-1.15498e-13
-1.17693e-13
-1.21293e-13
-1.16687e-13
-1.20942e-13
-1.17771e-13
-1.2081e-13
-1.16212e-13
-1.17815e-13
-1.14841e-13
-1.11849e-13
-1.17724e-13
-1.23081e-13
-1.29196e-13
-1.26313e-13
-1.18726e-13
-1.18194e-13
-1.25593e-13
-1.32885e-13
-1.3671e-13
-1.35549e-13
-1.35875e-13
-1.28884e-13
-1.30362e-13
-1.28033e-13
-1.21463e-13
-1.16431e-13
-1.20727e-13
-1.2566e-13
-1.28851e-13
-1.26714e-13
-1.25224e-13
-1.19728e-13
-1.19352e-13
-1.15624e-13
-1.12754e-13
-1.08713e-13
-1.07789e-13
-1.06604e-13
-1.00171e-13
-9.37732e-14
-9.63029e-14
-9.42338e-14
-9.17065e-14
-8.87125e-14
-8.81431e-14
-8.40208e-14
-8.13721e-14
-8.50203e-14
-7.83096e-14
-6.81302e-14
-6.37801e-14
-6.14822e-14
-4.93545e-14
-5.13585e-14
-4.86487e-14
-5.14276e-14
-5.66888e-14
-5.66686e-14
-3.98843e-14
-3.95406e-14
-4.21063e-14
-4.21954e-14
-3.42844e-14
-3.25543e-14
-2.98097e-14
-2.42217e-14
-1.45991e-14
-4.16101e-15
-3.62982e-15
-4.23459e-15
-6.32499e-15
-6.95497e-15
-2.02022e-15
-7.07121e-14
-7.25308e-14
-6.73888e-14
-7.14036e-14
-6.8937e-14
-6.542e-14
-6.82201e-14
-7.13541e-14
-7.30238e-14
-7.49714e-14
-7.82195e-14
-7.61097e-14
-6.42847e-14
-6.99241e-14
-7.25744e-14
-6.93919e-14
-7.34792e-14
-7.65397e-14
-8.84868e-14
-9.79969e-14
-1.11344e-13
-1.0723e-13
-1.05166e-13
-1.02737e-13
-1.03073e-13
-1.07084e-13
-1.16975e-13
-1.18896e-13
-1.19135e-13
-1.18948e-13
-1.19363e-13
-1.18806e-13
-1.21651e-13
-1.18728e-13
-1.23497e-13
-1.21634e-13
-1.15181e-13
-1.07451e-13
-1.1237e-13
-1.26044e-13
-1.33457e-13
-1.27037e-13
-1.24635e-13
-1.26419e-13
-1.29481e-13
-1.32377e-13
-1.32162e-13
-1.28685e-13
-1.28008e-13
-1.31426e-13
-1.25676e-13
-1.187e-13
-1.161e-13
-1.21787e-13
-1.27399e-13
-1.29161e-13
-1.27506e-13
-1.28816e-13
-1.23385e-13
-1.16265e-13
-1.14027e-13
-1.11036e-13
-1.10159e-13
-1.08339e-13
-1.07826e-13
-9.97017e-14
-1.00706e-13
-1.02186e-13
-1.01293e-13
-9.33058e-14
-8.14379e-14
-8.46369e-14
-8.6071e-14
-8.18947e-14
-8.12079e-14
-7.98542e-14
-7.38115e-14
-6.07389e-14
-5.8891e-14
-5.18285e-14
-5.31037e-14
-5.13229e-14
-5.08233e-14
-4.48618e-14
-5.03993e-14
-4.53637e-14
-4.19541e-14
-4.12994e-14
-3.9655e-14
-3.38047e-14
-3.49812e-14
-3.25755e-14
-2.54142e-14
-1.65806e-14
-8.16968e-15
-5.54616e-15
-7.0155e-15
-8.33594e-15
-7.43108e-16
-2.1124e-15
-6.66337e-14
-6.87966e-14
-7.02264e-14
-6.63553e-14
-6.265e-14
-6.26176e-14
-6.60024e-14
-6.86854e-14
-7.09966e-14
-7.21992e-14
-7.76302e-14
-7.70955e-14
-7.27541e-14
-7.24653e-14
-6.99266e-14
-6.69553e-14
-7.36062e-14
-7.59254e-14
-9.37039e-14
-1.00554e-13
-1.04441e-13
-1.03415e-13
-9.67893e-14
-1.01013e-13
-1.08231e-13
-1.19447e-13
-1.1856e-13
-1.17512e-13
-1.16048e-13
-1.23655e-13
-1.20638e-13
-1.18397e-13
-1.13874e-13
-1.15122e-13
-1.20604e-13
-1.22836e-13
-1.17109e-13
-1.17494e-13
-1.19423e-13
-1.34195e-13
-1.31472e-13
-1.19166e-13
-1.20849e-13
-1.20179e-13
-1.24378e-13
-1.28382e-13
-1.35215e-13
-1.40859e-13
-1.31056e-13
-1.2224e-13
-1.1289e-13
-1.15922e-13
-1.19727e-13
-1.24122e-13
-1.25186e-13
-1.26559e-13
-1.31766e-13
-1.31479e-13
-1.23384e-13
-1.19982e-13
-1.16098e-13
-1.09711e-13
-1.11908e-13
-1.04699e-13
-1.07298e-13
-9.96278e-14
-9.93467e-14
-1.01971e-13
-9.39209e-14
-8.64452e-14
-8.81567e-14
-8.9718e-14
-8.57771e-14
-8.50274e-14
-8.36961e-14
-7.72938e-14
-6.92846e-14
-6.16947e-14
-5.56875e-14
-5.24515e-14
-5.12868e-14
-5.57324e-14
-5.19445e-14
-5.26445e-14
-5.29068e-14
-5.14905e-14
-4.10084e-14
-3.79567e-14
-3.84008e-14
-3.36211e-14
-3.93236e-14
-3.17786e-14
-2.6258e-14
-1.58123e-14
-1.19113e-14
-1.04354e-14
-8.63248e-15
-7.9595e-15
-6.16196e-17
-1.36329e-15
-6.138e-14
-6.17733e-14
-6.22931e-14
-6.79103e-14
-6.24065e-14
-6.17702e-14
-6.49157e-14
-6.6689e-14
-7.59571e-14
-6.86967e-14
-7.5572e-14
-8.09286e-14
-7.76275e-14
-7.19148e-14
-6.88245e-14
-6.63561e-14
-7.06102e-14
-8.1993e-14
-9.26839e-14
-1.04374e-13
-1.02373e-13
-1.01756e-13
-9.16442e-14
-1.01664e-13
-1.09872e-13
-1.19093e-13
-1.18891e-13
-1.18464e-13
-1.09768e-13
-1.14916e-13
-1.18963e-13
-1.17031e-13
-1.14211e-13
-1.15826e-13
-1.21883e-13
-1.28432e-13
-1.2817e-13
-1.30104e-13
-1.19519e-13
-1.14895e-13
-1.1852e-13
-1.31667e-13
-1.32334e-13
-1.26482e-13
-1.2377e-13
-1.29059e-13
-1.28424e-13
-1.26799e-13
-1.23201e-13
-1.21656e-13
-1.19815e-13
-1.21347e-13
-1.16286e-13
-1.21398e-13
-1.24987e-13
-1.26183e-13
-1.28853e-13
-1.32767e-13
-1.28534e-13
-1.22159e-13
-1.14449e-13
-1.09803e-13
-1.10505e-13
-1.07758e-13
-1.11373e-13
-1.0409e-13
-1.0273e-13
-1.0266e-13
-9.69886e-14
-9.40772e-14
-9.25085e-14
-8.30351e-14
-8.16259e-14
-8.27353e-14
-7.93223e-14
-7.47862e-14
-6.81686e-14
-6.06179e-14
-5.3908e-14
-5.30934e-14
-5.0888e-14
-5.33138e-14
-5.22554e-14
-4.6644e-14
-5.05115e-14
-5.08117e-14
-4.42393e-14
-3.64849e-14
-3.64623e-14
-3.49785e-14
-3.23008e-14
-3.10442e-14
-3.01536e-14
-1.89107e-14
-1.14949e-14
-8.53431e-15
-1.05452e-14
-1.18533e-14
-4.22614e-15
-2.79543e-15
-5.97841e-14
-5.83029e-14
-5.93476e-14
-5.80549e-14
-5.96871e-14
-6.32189e-14
-6.32767e-14
-6.61202e-14
-7.6637e-14
-7.41414e-14
-7.56011e-14
-8.18379e-14
-7.21943e-14
-6.57847e-14
-6.48353e-14
-7.42211e-14
-7.40265e-14
-7.45539e-14
-8.9023e-14
-1.04006e-13
-1.02448e-13
-1.01911e-13
-1.03899e-13
-1.06592e-13
-1.06546e-13
-1.10502e-13
-1.12763e-13
-1.17712e-13
-1.16023e-13
-1.16923e-13
-1.15727e-13
-1.16832e-13
-1.16508e-13
-1.19537e-13
-1.24986e-13
-1.25223e-13
-1.21961e-13
-1.22217e-13
-1.26324e-13
-1.27497e-13
-1.24594e-13
-1.27533e-13
-1.28616e-13
-1.27079e-13
-1.24853e-13
-1.18512e-13
-1.24567e-13
-1.27338e-13
-1.26296e-13
-1.26365e-13
-1.20143e-13
-1.18221e-13
-1.11694e-13
-1.23431e-13
-1.27181e-13
-1.30809e-13
-1.29855e-13
-1.31633e-13
-1.27601e-13
-1.16588e-13
-1.15809e-13
-1.043e-13
-1.09092e-13
-1.08331e-13
-1.11913e-13
-1.1073e-13
-1.12841e-13
-1.01848e-13
-9.54041e-14
-8.82356e-14
-8.84741e-14
-8.1257e-14
-7.69345e-14
-7.58091e-14
-7.54271e-14
-7.44954e-14
-7.00743e-14
-5.88981e-14
-5.67775e-14
-5.53011e-14
-5.16059e-14
-4.76018e-14
-4.90303e-14
-4.46248e-14
-5.25922e-14
-5.03337e-14
-4.72339e-14
-3.60253e-14
-3.54732e-14
-3.39769e-14
-3.79122e-14
-3.62636e-14
-3.18076e-14
-2.34631e-14
-1.42804e-14
-6.45195e-15
-1.31308e-14
-1.03054e-14
-7.70325e-15
-2.60381e-15
-5.8993e-14
-5.734e-14
-5.93715e-14
-5.56848e-14
-5.84336e-14
-6.11944e-14
-6.46184e-14
-6.92435e-14
-6.97717e-14
-6.37405e-14
-7.37918e-14
-8.159e-14
-7.60638e-14
-6.96676e-14
-6.80029e-14
-6.91771e-14
-7.0595e-14
-7.56269e-14
-8.77051e-14
-9.59236e-14
-9.62187e-14
-1.03684e-13
-1.05721e-13
-1.10295e-13
-1.08566e-13
-1.11266e-13
-1.13136e-13
-1.12569e-13
-1.17754e-13
-1.1528e-13
-1.17531e-13
-1.1989e-13
-1.09649e-13
-1.18448e-13
-1.23303e-13
-1.24207e-13
-1.28218e-13
-1.27332e-13
-1.2552e-13
-1.25204e-13
-1.30041e-13
-1.30486e-13
-1.32799e-13
-1.23138e-13
-1.1268e-13
-1.19032e-13
-1.244e-13
-1.23735e-13
-1.28307e-13
-1.25315e-13
-1.18046e-13
-1.10945e-13
-1.15388e-13
-1.2849e-13
-1.39232e-13
-1.33271e-13
-1.24129e-13
-1.22869e-13
-1.28865e-13
-1.25355e-13
-1.15701e-13
-1.06918e-13
-1.11449e-13
-1.02288e-13
-1.04675e-13
-1.12739e-13
-1.13765e-13
-1.00055e-13
-9.71631e-14
-8.69853e-14
-8.57763e-14
-8.01488e-14
-7.31193e-14
-7.74918e-14
-7.47192e-14
-7.68909e-14
-6.85584e-14
-5.20943e-14
-5.41144e-14
-4.97443e-14
-4.95008e-14
-4.19597e-14
-4.81253e-14
-4.90656e-14
-5.7172e-14
-5.45677e-14
-4.29411e-14
-3.46878e-14
-3.76301e-14
-3.46275e-14
-3.24347e-14
-3.27163e-14
-2.98656e-14
-1.8177e-14
-2.0735e-14
-7.78835e-15
-1.79776e-14
-2.4997e-14
-1.07134e-14
1.41171e-15
-5.52286e-14
-5.51214e-14
-5.73373e-14
-5.39482e-14
-5.65578e-14
-5.77665e-14
-6.37932e-14
-6.57152e-14
-6.82866e-14
-7.07522e-14
-7.21805e-14
-7.6273e-14
-7.79912e-14
-7.32031e-14
-7.55314e-14
-7.45775e-14
-7.07628e-14
-7.2763e-14
-8.23857e-14
-9.52546e-14
-1.00111e-13
-9.8706e-14
-1.01876e-13
-1.09434e-13
-1.14924e-13
-1.13267e-13
-1.17184e-13
-1.16608e-13
-1.16213e-13
-1.09311e-13
-1.13813e-13
-1.16036e-13
-1.18445e-13
-1.20568e-13
-1.22341e-13
-1.266e-13
-1.28206e-13
-1.27878e-13
-1.23412e-13
-1.23483e-13
-1.36308e-13
-1.36701e-13
-1.25999e-13
-1.18235e-13
-1.13847e-13
-1.18343e-13
-1.1936e-13
-1.18958e-13
-1.24696e-13
-1.25113e-13
-1.22433e-13
-1.17318e-13
-1.21667e-13
-1.29723e-13
-1.31695e-13
-1.30882e-13
-1.24828e-13
-1.25676e-13
-1.27719e-13
-1.17464e-13
-1.13153e-13
-9.98716e-14
-1.06817e-13
-1.10838e-13
-1.10358e-13
-1.16837e-13
-1.11621e-13
-1.01441e-13
-9.12628e-14
-8.7892e-14
-8.83617e-14
-8.02792e-14
-6.31815e-14
-6.94097e-14
-7.54362e-14
-8.26233e-14
-7.69655e-14
-4.94381e-14
-5.02825e-14
-4.94114e-14
-4.6388e-14
-3.96249e-14
-4.3728e-14
-4.61069e-14
-5.22903e-14
-4.9572e-14
-4.69539e-14
-4.16601e-14
-3.49174e-14
-3.55739e-14
-3.47923e-14
-3.54327e-14
-2.72228e-14
-2.123e-14
-1.89682e-14
-1.34061e-14
-2.26818e-14
-2.22886e-14
-8.41377e-15
1.93251e-15
-5.53939e-14
-5.28769e-14
-5.93083e-14
-4.9757e-14
-5.69738e-14
-5.58058e-14
-5.83565e-14
-6.566e-14
-6.56648e-14
-7.42396e-14
-8.17335e-14
-7.0269e-14
-6.59292e-14
-7.12858e-14
-7.36737e-14
-7.39774e-14
-7.15476e-14
-7.33966e-14
-7.92198e-14
-9.28439e-14
-1.01714e-13
-1.08826e-13
-1.10018e-13
-1.12429e-13
-1.17196e-13
-1.15667e-13
-1.09906e-13
-1.10334e-13
-1.1277e-13
-1.08814e-13
-1.15553e-13
-1.20362e-13
-1.16839e-13
-1.18994e-13
-1.1571e-13
-1.27634e-13
-1.31826e-13
-1.31882e-13
-1.27082e-13
-1.30036e-13
-1.36365e-13
-1.31558e-13
-1.2284e-13
-1.15145e-13
-1.0826e-13
-1.16709e-13
-1.19432e-13
-1.21109e-13
-1.18167e-13
-1.20571e-13
-1.20309e-13
-1.17247e-13
-1.25798e-13
-1.3646e-13
-1.29787e-13
-1.17807e-13
-1.24482e-13
-1.25684e-13
-1.23817e-13
-1.25054e-13
-1.1798e-13
-1.09008e-13
-1.05908e-13
-1.05875e-13
-1.03297e-13
-1.11054e-13
-1.13123e-13
-1.04131e-13
-8.90895e-14
-8.80908e-14
-8.76849e-14
-8.12295e-14
-6.82964e-14
-7.18584e-14
-7.58363e-14
-7.84937e-14
-6.51078e-14
-4.90757e-14
-5.39161e-14
-4.99724e-14
-4.92215e-14
-3.99037e-14
-4.39482e-14
-4.80027e-14
-5.01705e-14
-5.02817e-14
-4.75751e-14
-3.7632e-14
-3.65243e-14
-3.0109e-14
-3.47509e-14
-4.16246e-14
-3.47643e-14
-2.15764e-14
-1.91074e-14
-1.7246e-14
-2.45046e-14
-1.88124e-14
-1.03592e-14
2.42474e-15
-5.6927e-14
-4.86564e-14
-5.1478e-14
-5.27435e-14
-5.7286e-14
-5.80186e-14
-5.87016e-14
-6.18896e-14
-6.85139e-14
-7.49011e-14
-7.57068e-14
-7.0388e-14
-6.59843e-14
-6.89266e-14
-7.09254e-14
-7.10357e-14
-7.76926e-14
-8.55509e-14
-8.36258e-14
-8.80806e-14
-8.99066e-14
-9.34404e-14
-1.01221e-13
-1.09438e-13
-1.22619e-13
-1.22101e-13
-1.22263e-13
-1.12975e-13
-1.06918e-13
-1.03771e-13
-1.11412e-13
-1.20033e-13
-1.23308e-13
-1.27828e-13
-1.23267e-13
-1.25383e-13
-1.2562e-13
-1.32165e-13
-1.31529e-13
-1.27479e-13
-1.304e-13
-1.33553e-13
-1.22327e-13
-1.19381e-13
-1.14163e-13
-1.15533e-13
-1.16892e-13
-1.21505e-13
-1.13175e-13
-1.16228e-13
-1.19701e-13
-1.19014e-13
-1.21687e-13
-1.35634e-13
-1.2661e-13
-1.21466e-13
-1.24588e-13
-1.19525e-13
-1.22605e-13
-1.20556e-13
-1.16306e-13
-1.1318e-13
-1.10048e-13
-1.04009e-13
-1.0709e-13
-1.09887e-13
-1.06155e-13
-1.01003e-13
-9.09276e-14
-8.63376e-14
-8.71156e-14
-8.26395e-14
-7.34745e-14
-7.25904e-14
-7.51794e-14
-7.40259e-14
-6.69862e-14
-5.66129e-14
-5.35009e-14
-4.54517e-14
-4.56607e-14
-4.15465e-14
-4.50305e-14
-4.70529e-14
-4.84737e-14
-4.78132e-14
-4.75691e-14
-4.22658e-14
-3.36251e-14
-3.40829e-14
-3.97355e-14
-3.24768e-14
-2.81211e-14
-2.17968e-14
-2.07414e-14
-2.05564e-14
-2.12278e-14
-1.95718e-14
-6.87166e-15
8.7552e-16
-5.52111e-14
-5.46575e-14
-5.5316e-14
-5.10063e-14
-5.39316e-14
-5.26623e-14
-6.31862e-14
-6.88612e-14
-7.4416e-14
-6.79429e-14
-6.73348e-14
-6.69897e-14
-6.36868e-14
-6.66656e-14
-6.7161e-14
-7.32903e-14
-7.30485e-14
-7.52717e-14
-8.36586e-14
-9.17991e-14
-9.97196e-14
-1.08464e-13
-1.09541e-13
-1.17694e-13
-1.13033e-13
-1.12829e-13
-1.10011e-13
-1.12001e-13
-1.13094e-13
-1.12108e-13
-1.07969e-13
-1.12571e-13
-1.23404e-13
-1.30726e-13
-1.31405e-13
-1.30559e-13
-1.34866e-13
-1.28284e-13
-1.29035e-13
-1.25941e-13
-1.25476e-13
-1.2371e-13
-1.23187e-13
-1.20196e-13
-1.22091e-13
-1.11193e-13
-1.13798e-13
-1.17664e-13
-1.14208e-13
-1.1759e-13
-1.14125e-13
-1.24492e-13
-1.23683e-13
-1.33421e-13
-1.30235e-13
-1.25302e-13
-1.23862e-13
-1.18811e-13
-1.21832e-13
-1.25166e-13
-1.11933e-13
-1.10039e-13
-1.07946e-13
-1.06548e-13
-1.10479e-13
-1.08753e-13
-1.03997e-13
-1.02829e-13
-8.79094e-14
-8.71121e-14
-8.45585e-14
-8.25577e-14
-7.67417e-14
-7.77011e-14
-7.38281e-14
-7.42672e-14
-6.79062e-14
-6.11781e-14
-4.87746e-14
-3.92346e-14
-3.76854e-14
-4.02694e-14
-4.6447e-14
-5.07883e-14
-4.94659e-14
-5.01827e-14
-4.9752e-14
-3.9995e-14
-3.34656e-14
-3.64568e-14
-3.83946e-14
-3.20972e-14
-2.64646e-14
-2.12714e-14
-2.36464e-14
-1.97537e-14
-2.45701e-14
-2.26601e-14
-7.37078e-15
6.12185e-16
-5.76676e-14
-5.13334e-14
-4.78488e-14
-4.89982e-14
-5.30322e-14
-5.56425e-14
-5.55543e-14
-6.41897e-14
-7.65999e-14
-7.56167e-14
-7.12627e-14
-6.90877e-14
-6.80921e-14
-6.37333e-14
-6.07901e-14
-6.64298e-14
-7.12923e-14
-8.05566e-14
-9.00761e-14
-8.83658e-14
-9.37137e-14
-9.98976e-14
-1.065e-13
-1.21447e-13
-1.20722e-13
-1.1255e-13
-1.06878e-13
-1.11107e-13
-1.08358e-13
-1.08576e-13
-1.07405e-13
-1.17836e-13
-1.24776e-13
-1.29235e-13
-1.31687e-13
-1.31569e-13
-1.32951e-13
-1.2577e-13
-1.3174e-13
-1.25925e-13
-1.24072e-13
-1.22832e-13
-1.15618e-13
-1.22352e-13
-1.24232e-13
-1.16554e-13
-1.1105e-13
-1.14082e-13
-1.15951e-13
-1.25454e-13
-1.21651e-13
-1.23555e-13
-1.20601e-13
-1.28812e-13
-1.29432e-13
-1.27297e-13
-1.26443e-13
-1.17627e-13
-1.16752e-13
-1.22962e-13
-1.13772e-13
-1.13494e-13
-1.12392e-13
-1.08784e-13
-1.06303e-13
-1.06148e-13
-1.10805e-13
-1.0475e-13
-9.30667e-14
-8.51867e-14
-8.1345e-14
-8.09456e-14
-7.31177e-14
-7.3874e-14
-7.90797e-14
-7.4328e-14
-6.68177e-14
-5.79296e-14
-5.13715e-14
-4.47929e-14
-4.22532e-14
-4.21571e-14
-4.49093e-14
-4.76631e-14
-5.18592e-14
-4.86955e-14
-4.58296e-14
-4.13833e-14
-3.96658e-14
-3.34354e-14
-3.43367e-14
-3.23286e-14
-2.79627e-14
-2.69365e-14
-2.20817e-14
-2.01001e-14
-2.29867e-14
-2.05468e-14
-1.26818e-14
-2.39123e-15
-5.19514e-14
-5.40781e-14
-5.66948e-14
-5.76062e-14
-5.37687e-14
-5.78127e-14
-6.31273e-14
-5.86575e-14
-6.32299e-14
-6.32111e-14
-6.4977e-14
-7.12397e-14
-6.95961e-14
-6.69101e-14
-6.26677e-14
-6.92667e-14
-7.34432e-14
-6.89712e-14
-8.25535e-14
-8.94854e-14
-1.04102e-13
-1.10048e-13
-1.06655e-13
-1.04562e-13
-1.15301e-13
-1.12258e-13
-1.07939e-13
-1.11469e-13
-1.07523e-13
-1.12488e-13
-1.05238e-13
-1.22727e-13
-1.29372e-13
-1.32216e-13
-1.33834e-13
-1.33237e-13
-1.25351e-13
-1.22514e-13
-1.27443e-13
-1.2666e-13
-1.22412e-13
-1.22271e-13
-1.20046e-13
-1.19281e-13
-1.19415e-13
-1.12831e-13
-1.16748e-13
-1.17582e-13
-1.16606e-13
-1.22641e-13
-1.2005e-13
-1.27981e-13
-1.21271e-13
-1.28611e-13
-1.31875e-13
-1.31086e-13
-1.26743e-13
-1.17663e-13
-1.13218e-13
-1.19474e-13
-1.20588e-13
-1.07489e-13
-1.13464e-13
-1.12034e-13
-1.03328e-13
-1.02559e-13
-1.0809e-13
-1.11712e-13
-1.02434e-13
-8.84972e-14
-7.448e-14
-8.09289e-14
-7.33049e-14
-7.35679e-14
-8.12805e-14
-7.74461e-14
-7.1652e-14
-6.49481e-14
-5.12171e-14
-3.37021e-14
-3.3341e-14
-4.41311e-14
-4.88465e-14
-5.11355e-14
-4.90673e-14
-5.19144e-14
-4.74511e-14
-4.45967e-14
-3.98309e-14
-3.31561e-14
-2.71199e-14
-3.18002e-14
-2.54308e-14
-2.39831e-14
-2.22768e-14
-2.34682e-14
-2.30063e-14
-1.63827e-14
-1.09362e-14
-6.25949e-15
-5.28227e-14
-5.53767e-14
-5.4782e-14
-4.9951e-14
-4.60427e-14
-5.23985e-14
-6.10082e-14
-6.78318e-14
-7.26827e-14
-6.643e-14
-6.30034e-14
-6.27844e-14
-6.99881e-14
-7.12283e-14
-6.92662e-14
-6.81798e-14
-7.05052e-14
-7.31456e-14
-8.43313e-14
-9.29919e-14
-1.04146e-13
-1.06896e-13
-1.07868e-13
-1.06613e-13
-1.05557e-13
-1.12276e-13
-1.10399e-13
-1.11654e-13
-1.08264e-13
-1.13656e-13
-1.06997e-13
-1.10133e-13
-1.15947e-13
-1.32147e-13
-1.45848e-13
-1.3546e-13
-1.28935e-13
-1.20124e-13
-1.26381e-13
-1.15935e-13
-1.17449e-13
-1.22429e-13
-1.31249e-13
-1.26269e-13
-1.17604e-13
-1.06718e-13
-1.15263e-13
-1.20566e-13
-1.16016e-13
-1.19169e-13
-1.21362e-13
-1.27001e-13
-1.25686e-13
-1.29463e-13
-1.29125e-13
-1.27573e-13
-1.28635e-13
-1.21819e-13
-1.18306e-13
-1.24551e-13
-1.18674e-13
-1.09195e-13
-1.1533e-13
-1.09258e-13
-1.0441e-13
-9.99088e-14
-1.09492e-13
-1.05381e-13
-1.07419e-13
-9.71221e-14
-8.14204e-14
-7.86266e-14
-7.08337e-14
-7.76483e-14
-8.20195e-14
-7.53739e-14
-6.74359e-14
-6.20955e-14
-5.25452e-14
-4.324e-14
-4.1323e-14
-4.46116e-14
-4.04692e-14
-4.52491e-14
-4.85807e-14
-6.02882e-14
-5.20386e-14
-3.75175e-14
-4.04287e-14
-3.57215e-14
-2.59953e-14
-2.96864e-14
-3.16052e-14
-2.57966e-14
-2.42678e-14
-2.02389e-14
-2.19526e-14
-1.59503e-14
-1.1509e-14
-6.61717e-15
-5.61776e-14
-5.32494e-14
-5.42838e-14
-5.46907e-14
-5.31785e-14
-5.61154e-14
-5.8005e-14
-6.10408e-14
-6.00529e-14
-6.05922e-14
-6.53886e-14
-6.70548e-14
-6.97755e-14
-6.64744e-14
-7.27708e-14
-6.97656e-14
-7.1331e-14
-7.2362e-14
-8.38134e-14
-9.09215e-14
-1.05873e-13
-1.10748e-13
-1.04375e-13
-1.04096e-13
-1.11658e-13
-1.16169e-13
-1.07074e-13
-1.03473e-13
-1.08273e-13
-1.06946e-13
-1.11204e-13
-1.15967e-13
-1.21521e-13
-1.31152e-13
-1.39328e-13
-1.29368e-13
-1.19458e-13
-1.18861e-13
-1.26266e-13
-1.27662e-13
-1.22981e-13
-1.22599e-13
-1.22602e-13
-1.18387e-13
-1.18543e-13
-1.13835e-13
-1.16549e-13
-1.16569e-13
-1.19581e-13
-1.25532e-13
-1.22379e-13
-1.21367e-13
-1.27586e-13
-1.2227e-13
-1.29913e-13
-1.2364e-13
-1.26803e-13
-1.21495e-13
-1.2628e-13
-1.21034e-13
-1.11656e-13
-1.10221e-13
-1.12039e-13
-1.13782e-13
-1.11867e-13
-1.0313e-13
-1.08446e-13
-1.02341e-13
-1.05931e-13
-9.61025e-14
-9.01083e-14
-7.54738e-14
-6.8556e-14
-7.76476e-14
-8.02159e-14
-7.73125e-14
-6.85505e-14
-6.37645e-14
-6.15022e-14
-5.40763e-14
-3.64723e-14
-3.66527e-14
-4.75638e-14
-4.99925e-14
-5.29614e-14
-4.38627e-14
-4.95888e-14
-4.09495e-14
-3.51224e-14
-3.68861e-14
-2.86314e-14
-2.81276e-14
-2.96331e-14
-3.29031e-14
-2.38079e-14
-2.00179e-14
-1.86457e-14
-1.74824e-14
-1.3406e-14
-3.73413e-15
-5.33806e-14
-5.22363e-14
-5.29399e-14
-5.43519e-14
-5.31739e-14
-5.58353e-14
-5.58562e-14
-5.85785e-14
-5.85638e-14
-6.17473e-14
-6.67433e-14
-6.67926e-14
-6.65862e-14
-6.41171e-14
-6.93201e-14
-6.95414e-14
-7.99758e-14
-7.86091e-14
-8.4793e-14
-9.5585e-14
-1.04383e-13
-1.03392e-13
-1.02229e-13
-1.06357e-13
-1.10465e-13
-1.08482e-13
-1.04107e-13
-1.06244e-13
-1.10031e-13
-1.09573e-13
-1.10564e-13
-1.12405e-13
-1.19861e-13
-1.28473e-13
-1.33889e-13
-1.35382e-13
-1.23001e-13
-1.24239e-13
-1.26457e-13
-1.27211e-13
-1.2325e-13
-1.18052e-13
-1.24083e-13
-1.22479e-13
-1.15685e-13
-1.13579e-13
-1.16853e-13
-1.24155e-13
-1.15906e-13
-1.20003e-13
-1.20864e-13
-1.19564e-13
-1.2944e-13
-1.25772e-13
-1.30338e-13
-1.24776e-13
-1.24653e-13
-1.2088e-13
-1.26738e-13
-1.20122e-13
-1.1237e-13
-1.10878e-13
-1.06366e-13
-1.09765e-13
-1.10491e-13
-1.05219e-13
-1.06957e-13
-9.89113e-14
-1.01877e-13
-9.70099e-14
-8.46893e-14
-8.33453e-14
-7.79759e-14
-7.95611e-14
-7.53197e-14
-7.70349e-14
-7.13359e-14
-6.51383e-14
-6.46396e-14
-5.33034e-14
-4.27085e-14
-4.01072e-14
-4.06285e-14
-3.66957e-14
-4.4445e-14
-5.18295e-14
-5.54022e-14
-4.91319e-14
-3.94446e-14
-4.02845e-14
-3.34668e-14
-2.63194e-14
-2.40204e-14
-2.40362e-14
-2.64736e-14
-2.42529e-14
-1.95212e-14
-1.89139e-14
-8.1098e-15
-3.50416e-15
-5.12053e-14
-5.42479e-14
-5.97092e-14
-5.49622e-14
-5.84184e-14
-5.25014e-14
-5.61566e-14
-5.72168e-14
-5.78908e-14
-6.30492e-14
-6.55018e-14
-6.48955e-14
-6.19731e-14
-6.58981e-14
-6.76655e-14
-7.12793e-14
-7.21826e-14
-7.74491e-14
-9.05262e-14
-1.01158e-13
-1.04826e-13
-1.02143e-13
-1.0898e-13
-1.11606e-13
-1.09646e-13
-1.06091e-13
-1.01024e-13
-1.1169e-13
-1.09876e-13
-1.07673e-13
-1.09072e-13
-1.09385e-13
-1.17697e-13
-1.28652e-13
-1.38693e-13
-1.35862e-13
-1.25758e-13
-1.24051e-13
-1.2368e-13
-1.23266e-13
-1.24549e-13
-1.19499e-13
-1.22822e-13
-1.21199e-13
-1.22756e-13
-1.18523e-13
-1.22971e-13
-1.1744e-13
-1.11102e-13
-1.17597e-13
-1.23403e-13
-1.24104e-13
-1.29656e-13
-1.26569e-13
-1.24107e-13
-1.16382e-13
-1.21313e-13
-1.20794e-13
-1.18619e-13
-1.13392e-13
-1.08415e-13
-1.11107e-13
-1.16185e-13
-1.17678e-13
-1.1174e-13
-1.02458e-13
-1.05934e-13
-1.00709e-13
-1.01195e-13
-9.52279e-14
-8.67143e-14
-8.82155e-14
-7.95505e-14
-8.17063e-14
-8.12598e-14
-8.22522e-14
-6.94309e-14
-6.07759e-14
-6.03837e-14
-5.57423e-14
-5.34954e-14
-4.65739e-14
-4.04207e-14
-3.90058e-14
-4.79761e-14
-5.30411e-14
-5.53215e-14
-4.25221e-14
-4.18344e-14
-3.68581e-14
-2.46261e-14
-3.40192e-14
-2.85428e-14
-2.07979e-14
-2.65976e-14
-2.52048e-14
-1.3255e-14
-1.26446e-14
-6.90284e-15
-4.5614e-15
-5.12483e-14
-5.6557e-14
-5.75537e-14
-5.5643e-14
-5.59168e-14
-5.62468e-14
-5.48851e-14
-5.54301e-14
-5.40425e-14
-5.5419e-14
-6.52301e-14
-7.14505e-14
-6.48159e-14
-6.65496e-14
-7.52742e-14
-7.11574e-14
-7.87318e-14
-8.8129e-14
-8.73401e-14
-9.63895e-14
-1.02429e-13
-9.66855e-14
-1.12427e-13
-1.06047e-13
-1.03194e-13
-1.07434e-13
-1.08525e-13
-1.12284e-13
-1.14102e-13
-1.10766e-13
-1.07066e-13
-1.07028e-13
-1.10919e-13
-1.2141e-13
-1.37335e-13
-1.32446e-13
-1.30361e-13
-1.26472e-13
-1.19294e-13
-1.22341e-13
-1.25744e-13
-1.25931e-13
-1.18909e-13
-1.21698e-13
-1.24504e-13
-1.19453e-13
-1.20182e-13
-1.17558e-13
-1.18999e-13
-1.21028e-13
-1.19951e-13
-1.19499e-13
-1.23243e-13
-1.28002e-13
-1.23644e-13
-1.22994e-13
-1.2701e-13
-1.20671e-13
-1.18759e-13
-1.09356e-13
-1.00548e-13
-1.14557e-13
-1.11862e-13
-1.10557e-13
-1.08973e-13
-9.78992e-14
-1.03729e-13
-1.0594e-13
-9.94297e-14
-9.73908e-14
-9.90744e-14
-8.77566e-14
-7.86138e-14
-8.19984e-14
-8.59126e-14
-8.15202e-14
-7.11881e-14
-6.5654e-14
-6.28284e-14
-5.24777e-14
-5.25152e-14
-4.73251e-14
-4.6359e-14
-4.34747e-14
-4.81738e-14
-5.03711e-14
-5.23579e-14
-4.41473e-14
-4.12765e-14
-3.85379e-14
-2.8871e-14
-3.02257e-14
-2.81556e-14
-1.90639e-14
-2.32687e-14
-1.66668e-14
-1.41051e-14
-1.59986e-14
-7.84872e-15
-1.54043e-15
-5.61497e-14
-5.3509e-14
-5.51087e-14
-5.66535e-14
-5.94564e-14
-5.523e-14
-5.36426e-14
-5.59017e-14
-5.41204e-14
-5.7757e-14
-5.90217e-14
-6.11139e-14
-6.71245e-14
-6.8429e-14
-7.17956e-14
-7.52923e-14
-7.63476e-14
-8.06805e-14
-8.43133e-14
-9.96955e-14
-1.13184e-13
-1.12888e-13
-1.11935e-13
-1.04133e-13
-1.05919e-13
-1.11647e-13
-1.10184e-13
-1.1194e-13
-1.11362e-13
-1.05844e-13
-1.04533e-13
-1.11806e-13
-1.20751e-13
-1.25384e-13
-1.23913e-13
-1.21217e-13
-1.23494e-13
-1.26786e-13
-1.16816e-13
-1.21123e-13
-1.23673e-13
-1.2957e-13
-1.21482e-13
-1.19641e-13
-1.19764e-13
-1.20841e-13
-1.20814e-13
-1.21176e-13
-1.18985e-13
-1.20214e-13
-1.22206e-13
-1.2455e-13
-1.2013e-13
-1.18835e-13
-1.24143e-13
-1.30598e-13
-1.34941e-13
-1.16488e-13
-1.01386e-13
-1.1065e-13
-1.12743e-13
-1.13672e-13
-1.136e-13
-1.09532e-13
-1.06565e-13
-1.03475e-13
-1.05425e-13
-1.06191e-13
-9.80458e-14
-9.57761e-14
-9.34577e-14
-8.57042e-14
-8.47624e-14
-8.54747e-14
-8.68256e-14
-7.69129e-14
-7.51438e-14
-6.82056e-14
-6.06731e-14
-5.304e-14
-5.57334e-14
-4.90679e-14
-5.0531e-14
-5.02495e-14
-4.66098e-14
-5.06358e-14
-5.43891e-14
-4.44086e-14
-4.28476e-14
-4.28085e-14
-2.48402e-14
-3.15291e-14
-2.10706e-14
-2.50211e-14
-1.68605e-14
-1.4163e-14
-1.49618e-14
-6.87218e-15
-9.00025e-15
-6.27617e-16
-5.08714e-14
-5.83326e-14
-6.25813e-14
-6.73304e-14
-5.90872e-14
-4.65482e-14
-4.62451e-14
-4.17243e-14
-5.46322e-14
-6.1292e-14
-6.07375e-14
-6.79384e-14
-7.42185e-14
-6.76383e-14
-6.39783e-14
-7.47617e-14
-7.98296e-14
-7.74276e-14
-8.93952e-14
-1.03061e-13
-1.09568e-13
-1.09984e-13
-1.1327e-13
-1.11785e-13
-1.10605e-13
-1.0958e-13
-1.08504e-13
-1.11494e-13
-1.13525e-13
-1.04472e-13
-1.10615e-13
-1.1551e-13
-1.17062e-13
-1.21191e-13
-1.23106e-13
-1.16951e-13
-1.20465e-13
-1.2304e-13
-1.22848e-13
-1.23576e-13
-1.21966e-13
-1.19465e-13
-1.17718e-13
-1.23277e-13
-1.2237e-13
-1.22631e-13
-1.24274e-13
-1.19565e-13
-1.19296e-13
-1.20589e-13
-1.28084e-13
-1.22187e-13
-1.21039e-13
-1.26607e-13
-1.24904e-13
-1.25716e-13
-1.25035e-13
-1.13904e-13
-1.04434e-13
-1.13305e-13
-1.09015e-13
-1.05822e-13
-1.11664e-13
-1.10074e-13
-1.04836e-13
-9.89216e-14
-1.00443e-13
-1.05332e-13
-1.031e-13
-8.92124e-14
-9.43606e-14
-8.7384e-14
-8.90381e-14
-9.09673e-14
-8.76517e-14
-7.81645e-14
-6.96957e-14
-6.73654e-14
-6.68296e-14
-6.04572e-14
-5.65655e-14
-4.68319e-14
-5.21146e-14
-4.93955e-14
-3.97736e-14
-4.63536e-14
-4.9281e-14
-4.90094e-14
-4.6965e-14
-3.91687e-14
-3.01404e-14
-2.84043e-14
-2.71597e-14
-1.53057e-14
-1.34185e-14
-1.36431e-14
-1.4775e-14
-9.8366e-15
-1.01026e-14
-7.45312e-15
-5.31534e-14
-5.63212e-14
-6.10049e-14
-5.95326e-14
-5.50652e-14
-5.157e-14
-5.23809e-14
-5.05272e-14
-5.0025e-14
-5.25815e-14
-5.96783e-14
-6.81304e-14
-7.71318e-14
-6.29837e-14
-6.46252e-14
-7.09465e-14
-8.1057e-14
-8.05163e-14
-8.9036e-14
-1.01469e-13
-1.07679e-13
-1.12478e-13
-1.16235e-13
-1.11853e-13
-1.14692e-13
-1.07502e-13
-1.06894e-13
-1.09854e-13
-1.11561e-13
-1.10602e-13
-1.10572e-13
-1.16187e-13
-1.1378e-13
-1.17813e-13
-1.15571e-13
-1.20761e-13
-1.21714e-13
-1.1959e-13
-1.22908e-13
-1.22884e-13
-1.23196e-13
-1.25408e-13
-1.21954e-13
-1.19206e-13
-1.1972e-13
-1.20338e-13
-1.20664e-13
-1.25896e-13
-1.21038e-13
-1.22207e-13
-1.28309e-13
-1.26669e-13
-1.17443e-13
-1.19574e-13
-1.21289e-13
-1.24077e-13
-1.21056e-13
-1.12113e-13
-1.10595e-13
-1.10403e-13
-1.10163e-13
-1.08687e-13
-1.12526e-13
-1.11118e-13
-1.04169e-13
-1.00613e-13
-1.08101e-13
-1.10817e-13
-9.97578e-14
-9.08726e-14
-9.64151e-14
-8.15951e-14
-8.90517e-14
-8.68738e-14
-8.59293e-14
-7.7817e-14
-7.3084e-14
-7.16671e-14
-6.25198e-14
-5.88039e-14
-5.58832e-14
-4.9673e-14
-5.32777e-14
-5.36331e-14
-4.5812e-14
-4.93233e-14
-5.58418e-14
-4.85717e-14
-3.79805e-14
-3.47511e-14
-2.8145e-14
-2.9739e-14
-2.78121e-14
-2.0441e-14
-1.22733e-14
-1.03745e-14
-1.41998e-14
-1.58654e-14
-1.33614e-14
-5.42133e-15
-6.14572e-14
-5.35045e-14
-6.21863e-14
-5.78603e-14
-5.0924e-14
-5.0531e-14
-5.1031e-14
-5.56264e-14
-4.81114e-14
-5.43351e-14
-6.77527e-14
-6.77088e-14
-7.0345e-14
-6.49864e-14
-6.77552e-14
-7.14512e-14
-8.19066e-14
-8.32913e-14
-8.61732e-14
-9.47143e-14
-1.13137e-13
-1.15223e-13
-1.1852e-13
-1.12549e-13
-1.15904e-13
-1.13436e-13
-1.05536e-13
-1.10824e-13
-1.08113e-13
-1.07027e-13
-1.11522e-13
-1.23545e-13
-1.16871e-13
-1.19349e-13
-1.21315e-13
-1.13444e-13
-1.13743e-13
-1.14918e-13
-1.19644e-13
-1.23734e-13
-1.26942e-13
-1.24758e-13
-1.22216e-13
-1.15199e-13
-1.21796e-13
-1.19363e-13
-1.17167e-13
-1.26213e-13
-1.24107e-13
-1.21921e-13
-1.29716e-13
-1.31053e-13
-1.22537e-13
-1.24327e-13
-1.18936e-13
-1.21509e-13
-1.22649e-13
-1.11635e-13
-1.12685e-13
-1.07251e-13
-1.16064e-13
-1.11179e-13
-1.07011e-13
-1.06294e-13
-1.02682e-13
-1.01446e-13
-1.08687e-13
-1.05314e-13
-1.02306e-13
-9.4792e-14
-9.88282e-14
-8.89062e-14
-8.92942e-14
-8.25029e-14
-8.24027e-14
-8.17149e-14
-8.08698e-14
-7.50381e-14
-6.25191e-14
-5.61021e-14
-5.45856e-14
-5.16391e-14
-5.81499e-14
-5.65766e-14
-4.49643e-14
-4.55452e-14
-4.72462e-14
-4.5961e-14
-4.20995e-14
-3.59438e-14
-3.16941e-14
-2.64324e-14
-2.19446e-14
-1.94404e-14
-1.61779e-14
-1.23857e-14
-8.75177e-15
-1.01543e-14
-8.37841e-15
-4.93845e-15
-6.24677e-14
-5.51131e-14
-6.10049e-14
-5.5267e-14
-5.41837e-14
-5.51707e-14
-5.39015e-14
-5.18755e-14
-4.87484e-14
-5.71158e-14
-6.75256e-14
-6.37188e-14
-6.70141e-14
-6.76629e-14
-7.36659e-14
-7.83701e-14
-8.38379e-14
-8.32246e-14
-8.78362e-14
-9.65654e-14
-1.09882e-13
-1.08765e-13
-1.1465e-13
-1.08776e-13
-1.12402e-13
-1.14667e-13
-1.08305e-13
-1.06317e-13
-1.03425e-13
-1.11293e-13
-1.21456e-13
-1.15479e-13
-1.07738e-13
-1.12585e-13
-1.2134e-13
-1.24713e-13
-1.2437e-13
-1.22026e-13
-1.193e-13
-1.19625e-13
-1.27344e-13
-1.26221e-13
-1.25685e-13
-1.17263e-13
-1.15865e-13
-1.18361e-13
-1.17155e-13
-1.23699e-13
-1.22585e-13
-1.30272e-13
-1.34708e-13
-1.29533e-13
-1.21518e-13
-1.21001e-13
-1.1744e-13
-1.18656e-13
-1.19321e-13
-1.15447e-13
-1.15086e-13
-1.07978e-13
-1.11303e-13
-1.14905e-13
-1.10505e-13
-1.08857e-13
-1.07398e-13
-1.04291e-13
-1.00005e-13
-1.05734e-13
-1.02408e-13
-9.62513e-14
-9.6975e-14
-8.81254e-14
-8.26855e-14
-7.99837e-14
-8.11277e-14
-8.3328e-14
-8.25446e-14
-7.18152e-14
-6.17267e-14
-5.97695e-14
-5.50517e-14
-5.26574e-14
-5.60536e-14
-5.48646e-14
-5.23186e-14
-4.4887e-14
-4.43416e-14
-5.08787e-14
-4.21789e-14
-3.2204e-14
-2.97428e-14
-2.72214e-14
-1.91533e-14
-2.10924e-14
-1.69219e-14
-1.59271e-14
-5.3344e-15
-9.41709e-15
-9.90685e-15
-7.92691e-15
-5.97315e-14
-5.90911e-14
-6.21198e-14
-5.71599e-14
-4.98567e-14
-5.58904e-14
-5.92147e-14
-5.59911e-14
-5.63943e-14
-5.58022e-14
-6.10699e-14
-5.8836e-14
-6.61411e-14
-7.59349e-14
-7.59599e-14
-7.42473e-14
-7.89266e-14
-8.22347e-14
-9.14218e-14
-9.64567e-14
-1.08316e-13
-1.15315e-13
-1.17382e-13
-1.13031e-13
-1.10607e-13
-1.0816e-13
-1.12421e-13
-1.11708e-13
-1.05376e-13
-1.08881e-13
-1.16251e-13
-1.13807e-13
-1.15645e-13
-1.13849e-13
-1.18804e-13
-1.25922e-13
-1.23034e-13
-1.18022e-13
-1.13605e-13
-1.20826e-13
-1.25339e-13
-1.24045e-13
-1.27109e-13
-1.1806e-13
-1.1326e-13
-1.19487e-13
-1.1728e-13
-1.20387e-13
-1.30443e-13
-1.35144e-13
-1.31421e-13
-1.27341e-13
-1.1429e-13
-1.19957e-13
-1.21962e-13
-1.25011e-13
-1.21675e-13
-1.20041e-13
-1.13278e-13
-1.09511e-13
-1.14741e-13
-1.10213e-13
-1.10789e-13
-1.11199e-13
-1.12011e-13
-1.06124e-13
-1.02734e-13
-1.09239e-13
-9.86132e-14
-9.12485e-14
-8.71801e-14
-8.70095e-14
-8.48858e-14
-7.87563e-14
-8.29671e-14
-8.65753e-14
-8.12401e-14
-7.15623e-14
-6.17318e-14
-5.63841e-14
-5.98723e-14
-5.76718e-14
-5.21008e-14
-5.97699e-14
-4.7709e-14
-4.4879e-14
-4.34772e-14
-4.83456e-14
-4.04822e-14
-3.47548e-14
-3.29592e-14
-3.04877e-14
-2.64152e-14
-2.50686e-14
-1.30862e-14
-9.1637e-15
-8.02814e-15
-1.16932e-14
-1.34406e-14
-6.80343e-15
-6.12149e-14
-5.45587e-14
-5.43785e-14
-5.78612e-14
-5.54569e-14
-6.24013e-14
-6.36349e-14
-6.05624e-14
-5.6744e-14
-5.11034e-14
-5.72471e-14
-6.04872e-14
-6.73501e-14
-7.61242e-14
-7.32415e-14
-7.52777e-14
-8.16241e-14
-8.39587e-14
-9.50493e-14
-9.98391e-14
-1.0728e-13
-1.13799e-13
-1.18423e-13
-1.16276e-13
-1.13057e-13
-1.07524e-13
-1.05301e-13
-1.08909e-13
-1.10021e-13
-1.04982e-13
-1.15724e-13
-1.11837e-13
-1.03346e-13
-1.15543e-13
-1.27535e-13
-1.2915e-13
-1.25229e-13
-1.1849e-13
-1.1355e-13
-1.17375e-13
-1.22303e-13
-1.20149e-13
-1.21613e-13
-1.16835e-13
-1.1204e-13
-1.21726e-13
-1.22085e-13
-1.19507e-13
-1.23397e-13
-1.27794e-13
-1.29136e-13
-1.25288e-13
-1.20277e-13
-1.22078e-13
-1.25686e-13
-1.25353e-13
-1.23629e-13
-1.19856e-13
-1.12753e-13
-1.09824e-13
-1.10917e-13
-1.09808e-13
-1.04828e-13
-1.11874e-13
-1.12651e-13
-1.09875e-13
-1.05217e-13
-9.9494e-14
-9.50976e-14
-9.58665e-14
-8.80677e-14
-8.14264e-14
-8.19884e-14
-8.2479e-14
-8.73845e-14
-9.1709e-14
-7.4454e-14
-6.73913e-14
-6.04075e-14
-6.45458e-14
-6.7468e-14
-5.39225e-14
-4.98765e-14
-5.53751e-14
-4.7669e-14
-5.10059e-14
-4.63733e-14
-4.30072e-14
-3.81235e-14
-3.92316e-14
-3.55088e-14
-3.65688e-14
-2.59677e-14
-2.46756e-14
-1.42682e-14
-3.23772e-15
-7.98243e-15
-1.45749e-14
-1.01399e-14
-5.56179e-15
-5.85721e-14
-5.85473e-14
-5.58802e-14
-5.4277e-14
-5.39612e-14
-6.00958e-14
-6.25675e-14
-6.11801e-14
-6.05779e-14
-6.28872e-14
-6.29086e-14
-6.63154e-14
-6.34655e-14
-6.8477e-14
-6.95208e-14
-6.85265e-14
-8.10547e-14
-9.47656e-14
-9.53287e-14
-1.01302e-13
-1.10123e-13
-1.19976e-13
-1.14841e-13
-1.16424e-13
-1.12899e-13
-1.11546e-13
-1.09134e-13
-1.1514e-13
-1.10982e-13
-1.09221e-13
-1.12714e-13
-1.10123e-13
-1.01129e-13
-1.02985e-13
-1.26483e-13
-1.30289e-13
-1.27145e-13
-1.19423e-13
-1.12126e-13
-1.1501e-13
-1.18885e-13
-1.20221e-13
-1.19446e-13
-1.13706e-13
-1.11273e-13
-1.16431e-13
-1.18822e-13
-1.20464e-13
-1.26063e-13
-1.31245e-13
-1.27646e-13
-1.23419e-13
-1.26593e-13
-1.29521e-13
-1.2815e-13
-1.24173e-13
-1.25122e-13
-1.16113e-13
-1.11061e-13
-1.08806e-13
-1.11564e-13
-1.13585e-13
-1.13563e-13
-1.1299e-13
-1.12647e-13
-1.03474e-13
-1.04374e-13
-9.86201e-14
-9.11136e-14
-9.10615e-14
-8.61385e-14
-8.07365e-14
-8.46855e-14
-8.74e-14
-9.02222e-14
-9.16638e-14
-7.91042e-14
-6.85665e-14
-5.86027e-14
-6.38316e-14
-6.73831e-14
-6.01933e-14
-5.44588e-14
-5.61668e-14
-5.06112e-14
-5.33659e-14
-4.38042e-14
-4.10844e-14
-3.62373e-14
-3.72301e-14
-3.82562e-14
-3.7905e-14
-2.89897e-14
-1.62594e-14
-9.52246e-15
-5.28419e-15
-9.4125e-15
-9.99476e-15
-7.41904e-15
-3.97795e-15
-5.59427e-14
-5.57144e-14
-5.50641e-14
-5.48441e-14
-5.86346e-14
-5.87876e-14
-5.9104e-14
-5.7641e-14
-6.34602e-14
-6.40393e-14
-6.40137e-14
-6.99403e-14
-7.13932e-14
-6.80555e-14
-6.80757e-14
-7.27895e-14
-7.91107e-14
-8.9802e-14
-1.01935e-13
-1.04832e-13
-1.19106e-13
-1.1758e-13
-1.12361e-13
-1.16422e-13
-1.16613e-13
-1.13533e-13
-1.09155e-13
-1.03593e-13
-1.0313e-13
-1.06485e-13
-1.12591e-13
-1.11499e-13
-1.07689e-13
-1.11235e-13
-1.29658e-13
-1.32479e-13
-1.29023e-13
-1.1827e-13
-1.10065e-13
-1.13816e-13
-1.12123e-13
-1.15492e-13
-1.18004e-13
-1.20501e-13
-1.17536e-13
-1.14338e-13
-1.13859e-13
-1.26886e-13
-1.25711e-13
-1.28622e-13
-1.29359e-13
-1.2493e-13
-1.29693e-13
-1.33115e-13
-1.30452e-13
-1.2377e-13
-1.22041e-13
-1.12319e-13
-1.11271e-13
-1.06256e-13
-1.11037e-13
-1.15399e-13
-1.06664e-13
-1.06601e-13
-1.13363e-13
-1.05916e-13
-9.82251e-14
-9.59345e-14
-9.16512e-14
-9.08675e-14
-9.02821e-14
-8.68324e-14
-8.49745e-14
-9.05092e-14
-8.96558e-14
-8.4884e-14
-7.762e-14
-7.25759e-14
-6.68329e-14
-6.42113e-14
-6.44011e-14
-6.25128e-14
-5.66105e-14
-5.79511e-14
-4.66515e-14
-4.94929e-14
-4.95153e-14
-3.73915e-14
-3.95562e-14
-3.84158e-14
-4.03457e-14
-3.86528e-14
-2.74974e-14
-1.74343e-14
-1.1973e-14
-8.21444e-15
-2.69849e-15
-4.98814e-15
-6.5068e-15
-4.82624e-15
-5.73089e-14
-5.05415e-14
-5.63822e-14
-5.34531e-14
-5.51849e-14
-5.59717e-14
-5.54632e-14
-5.83823e-14
-6.1772e-14
-6.53348e-14
-7.00854e-14
-7.62626e-14
-8.04676e-14
-7.42168e-14
-6.8525e-14
-7.28081e-14
-8.21066e-14
-9.18191e-14
-1.04215e-13
-1.09299e-13
-1.11161e-13
-1.13949e-13
-1.15233e-13
-1.16828e-13
-1.14621e-13
-1.10908e-13
-1.12829e-13
-1.03791e-13
-1.06389e-13
-1.09673e-13
-1.16683e-13
-1.13911e-13
-1.1084e-13
-1.10922e-13
-1.21674e-13
-1.25963e-13
-1.21303e-13
-1.17831e-13
-1.18712e-13
-1.13355e-13
-1.0425e-13
-1.11785e-13
-1.24546e-13
-1.21766e-13
-1.16283e-13
-1.1958e-13
-1.14605e-13
-1.20265e-13
-1.23697e-13
-1.29573e-13
-1.3194e-13
-1.29745e-13
-1.31982e-13
-1.34727e-13
-1.37153e-13
-1.2253e-13
-1.23581e-13
-1.11348e-13
-1.11407e-13
-1.04458e-13
-1.08875e-13
-1.13001e-13
-1.12963e-13
-1.15423e-13
-1.11396e-13
-1.01685e-13
-9.04381e-14
-9.01858e-14
-8.784e-14
-9.02992e-14
-9.21552e-14
-9.53011e-14
-9.15567e-14
-9.21176e-14
-8.94974e-14
-8.05837e-14
-7.69073e-14
-7.44913e-14
-6.99806e-14
-6.38366e-14
-6.44518e-14
-6.07002e-14
-6.18835e-14
-6.12858e-14
-5.3224e-14
-3.90865e-14
-4.76677e-14
-4.68094e-14
-4.24171e-14
-3.20005e-14
-3.44378e-14
-3.16858e-14
-2.98325e-14
-2.12682e-14
-1.21344e-14
-6.92866e-15
-9.11557e-16
-4.80368e-15
-4.66837e-15
-2.24169e-15
-5.46094e-14
-5.50465e-14
-5.24361e-14
-5.11024e-14
-5.05559e-14
-5.30708e-14
-5.50691e-14
-5.72945e-14
-6.41341e-14
-6.71832e-14
-7.97778e-14
-7.68283e-14
-7.70432e-14
-7.7748e-14
-7.59663e-14
-7.35954e-14
-8.43633e-14
-9.88132e-14
-1.05967e-13
-1.1241e-13
-1.10272e-13
-1.10338e-13
-1.13954e-13
-1.08907e-13
-1.07712e-13
-1.09432e-13
-1.14674e-13
-1.07038e-13
-1.0764e-13
-1.04277e-13
-1.15008e-13
-1.17772e-13
-1.19705e-13
-1.15597e-13
-1.21375e-13
-1.23107e-13
-1.23548e-13
-1.1556e-13
-1.12667e-13
-1.14755e-13
-1.13655e-13
-1.12873e-13
-1.18625e-13
-1.20544e-13
-1.19812e-13
-1.22533e-13
-1.1685e-13
-1.1955e-13
-1.25906e-13
-1.29599e-13
-1.3579e-13
-1.35077e-13
-1.32224e-13
-1.31673e-13
-1.30482e-13
-1.26152e-13
-1.2416e-13
-1.17622e-13
-1.16912e-13
-1.07306e-13
-1.03219e-13
-1.1036e-13
-1.08791e-13
-1.11951e-13
-1.09399e-13
-1.00342e-13
-9.57625e-14
-8.70826e-14
-8.99327e-14
-9.35875e-14
-9.19136e-14
-9.47171e-14
-9.17375e-14
-9.36559e-14
-8.95202e-14
-7.74123e-14
-7.62618e-14
-7.57382e-14
-7.30728e-14
-7.12468e-14
-6.75392e-14
-5.66118e-14
-5.83226e-14
-5.67471e-14
-5.15115e-14
-4.9139e-14
-4.91823e-14
-4.77494e-14
-4.22423e-14
-3.41666e-14
-3.149e-14
-3.40288e-14
-3.12817e-14
-2.0891e-14
-1.50362e-14
-5.29054e-15
8.1436e-16
-3.19614e-15
-4.94052e-15
-4.63219e-15
-5.16724e-14
-5.13111e-14
-5.2138e-14
-5.23117e-14
-5.06908e-14
-5.09706e-14
-5.35122e-14
-5.44067e-14
-6.84794e-14
-7.37141e-14
-8.28255e-14
-7.67856e-14
-7.86267e-14
-8.0517e-14
-7.92227e-14
-8.13232e-14
-8.97179e-14
-1.0081e-13
-1.07646e-13
-9.87975e-14
-1.10194e-13
-1.0788e-13
-1.13237e-13
-1.16964e-13
-1.12e-13
-1.10189e-13
-1.09678e-13
-1.0264e-13
-1.13024e-13
-1.14967e-13
-1.13388e-13
-1.17144e-13
-1.20587e-13
-1.16373e-13
-1.16417e-13
-1.25132e-13
-1.2132e-13
-1.16262e-13
-1.15375e-13
-1.13645e-13
-1.17739e-13
-1.13247e-13
-1.1746e-13
-1.23292e-13
-1.22962e-13
-1.19186e-13
-1.14596e-13
-1.25924e-13
-1.25262e-13
-1.34741e-13
-1.29506e-13
-1.2991e-13
-1.33399e-13
-1.3757e-13
-1.34882e-13
-1.268e-13
-1.2595e-13
-1.16914e-13
-1.16833e-13
-1.08988e-13
-1.03471e-13
-1.06593e-13
-1.1012e-13
-1.10676e-13
-1.10062e-13
-1.01273e-13
-9.18859e-14
-8.81569e-14
-9.62225e-14
-9.32368e-14
-8.71036e-14
-9.08144e-14
-9.22361e-14
-9.31825e-14
-9.2889e-14
-8.03825e-14
-7.25978e-14
-7.11784e-14
-7.64374e-14
-7.40633e-14
-7.01971e-14
-6.13369e-14
-5.57044e-14
-5.31999e-14
-5.20612e-14
-5.33293e-14
-5.42976e-14
-5.08269e-14
-4.19197e-14
-3.51927e-14
-3.16109e-14
-3.09225e-14
-2.93393e-14
-1.94137e-14
-1.3896e-14
-8.54399e-15
-3.85054e-15
-5.87443e-15
-7.21645e-15
-4.12546e-15
-5.28031e-14
-5.29992e-14
-4.91227e-14
-5.63122e-14
-5.32081e-14
-4.7477e-14
-5.49535e-14
-6.13736e-14
-6.79583e-14
-7.38904e-14
-8.55193e-14
-7.91004e-14
-8.23793e-14
-8.41443e-14
-8.10822e-14
-8.38437e-14
-8.40288e-14
-9.62763e-14
-1.04992e-13
-1.06383e-13
-1.14192e-13
-1.1107e-13
-1.06943e-13
-1.19128e-13
-1.14126e-13
-1.13401e-13
-1.10386e-13
-1.06626e-13
-1.11792e-13
-1.12988e-13
-1.1132e-13
-1.112e-13
-1.20968e-13
-1.2499e-13
-1.2293e-13
-1.18523e-13
-1.17791e-13
-1.19081e-13
-1.15678e-13
-1.13617e-13
-1.15337e-13
-1.1774e-13
-1.16755e-13
-1.22096e-13
-1.21662e-13
-1.20884e-13
-1.21831e-13
-1.25196e-13
-1.31791e-13
-1.30764e-13
-1.30156e-13
-1.30513e-13
-1.40264e-13
-1.35702e-13
-1.35895e-13
-1.24358e-13
-1.20569e-13
-1.22697e-13
-1.16681e-13
-1.09079e-13
-1.07201e-13
-1.1407e-13
-1.15079e-13
-1.04129e-13
-1.02569e-13
-9.52073e-14
-9.13519e-14
-8.80904e-14
-9.1084e-14
-9.13729e-14
-9.09189e-14
-9.41572e-14
-9.87954e-14
-8.7576e-14
-8.81585e-14
-8.17867e-14
-7.52489e-14
-7.32007e-14
-7.8263e-14
-7.27938e-14
-7.11779e-14
-6.05116e-14
-6.0896e-14
-5.8981e-14
-5.2462e-14
-4.73297e-14
-4.8019e-14
-4.70641e-14
-4.24021e-14
-3.80759e-14
-3.41424e-14
-3.11251e-14
-3.00788e-14
-1.82155e-14
-1.70285e-14
-9.94484e-15
-1.99035e-15
-8.13934e-15
-8.78637e-15
-2.53124e-15
-5.38274e-14
-5.55955e-14
-4.82529e-14
-4.70342e-14
-5.6253e-14
-5.99931e-14
-5.54724e-14
-6.39246e-14
-6.69759e-14
-7.37165e-14
-8.05148e-14
-7.34747e-14
-8.42067e-14
-8.85393e-14
-8.96002e-14
-8.74897e-14
-9.05872e-14
-1.00396e-13
-9.89164e-14
-1.03245e-13
-1.15466e-13
-1.12912e-13
-1.12947e-13
-1.16433e-13
-1.08185e-13
-1.10985e-13
-1.10532e-13
-1.08075e-13
-1.15067e-13
-1.06622e-13
-1.10616e-13
-1.16671e-13
-1.2122e-13
-1.21941e-13
-1.23113e-13
-1.1979e-13
-1.22339e-13
-1.22748e-13
-1.20225e-13
-1.15189e-13
-1.15468e-13
-1.20144e-13
-1.19621e-13
-1.19569e-13
-1.22771e-13
-1.19056e-13
-1.17917e-13
-1.26153e-13
-1.33891e-13
-1.36153e-13
-1.37161e-13
-1.35994e-13
-1.38446e-13
-1.37764e-13
-1.30811e-13
-1.23942e-13
-1.25135e-13
-1.29026e-13
-1.13872e-13
-1.09971e-13
-1.09885e-13
-1.09854e-13
-1.09141e-13
-1.08235e-13
-1.00228e-13
-9.22514e-14
-9.18922e-14
-9.16954e-14
-9.05899e-14
-9.06819e-14
-8.87928e-14
-8.75593e-14
-9.52463e-14
-9.21219e-14
-8.77173e-14
-8.20763e-14
-8.09015e-14
-7.97264e-14
-7.74323e-14
-7.25872e-14
-6.79813e-14
-6.07851e-14
-5.79526e-14
-5.41093e-14
-5.50744e-14
-5.0927e-14
-4.72394e-14
-4.40892e-14
-3.91082e-14
-3.70961e-14
-3.21284e-14
-2.86315e-14
-2.87166e-14
-1.71121e-14
-1.46344e-14
-1.08483e-14
-7.47566e-15
-1.08553e-14
-9.63005e-15
-4.14543e-15
-5.38909e-14
-5.48235e-14
-5.21121e-14
-4.8077e-14
-5.72091e-14
-5.53535e-14
-6.00021e-14
-6.18307e-14
-6.81042e-14
-7.42137e-14
-8.16982e-14
-7.82174e-14
-8.65234e-14
-8.37719e-14
-8.69906e-14
-9.21818e-14
-8.67937e-14
-9.55414e-14
-1.05386e-13
-1.07128e-13
-1.14591e-13
-1.15492e-13
-1.12176e-13
-1.14461e-13
-1.1739e-13
-1.07105e-13
-1.00469e-13
-1.06592e-13
-1.15017e-13
-1.13864e-13
-1.15643e-13
-1.17672e-13
-1.20359e-13
-1.20332e-13
-1.21753e-13
-1.21952e-13
-1.23621e-13
-1.18868e-13
-1.22999e-13
-1.24964e-13
-1.17226e-13
-1.17149e-13
-1.17143e-13
-1.16821e-13
-1.17846e-13
-1.21295e-13
-1.21124e-13
-1.27084e-13
-1.29669e-13
-1.36908e-13
-1.41607e-13
-1.3912e-13
-1.36179e-13
-1.33926e-13
-1.31477e-13
-1.28297e-13
-1.25922e-13
-1.23919e-13
-1.16459e-13
-1.1182e-13
-1.10583e-13
-1.07501e-13
-1.10425e-13
-1.0301e-13
-1.00061e-13
-9.49981e-14
-9.31926e-14
-9.5085e-14
-9.25608e-14
-8.56879e-14
-8.59257e-14
-8.65125e-14
-9.03085e-14
-8.88375e-14
-8.90052e-14
-8.11886e-14
-8.05251e-14
-8.00624e-14
-7.77686e-14
-7.30181e-14
-6.6131e-14
-6.21858e-14
-5.54628e-14
-5.62489e-14
-5.76658e-14
-4.8466e-14
-4.51572e-14
-3.93112e-14
-3.76405e-14
-3.4674e-14
-3.02639e-14
-2.57556e-14
-2.32418e-14
-1.49106e-14
-1.48003e-14
-1.73233e-14
-1.20746e-14
-1.40978e-14
-1.17682e-14
-7.26275e-15
-5.34476e-14
-5.40068e-14
-5.33513e-14
-5.13857e-14
-5.548e-14
-5.28196e-14
-6.52117e-14
-6.69761e-14
-7.16671e-14
-7.86633e-14
-8.72819e-14
-8.35469e-14
-8.29568e-14
-8.17034e-14
-9.48467e-14
-9.39814e-14
-1.04275e-13
-9.62796e-14
-9.40694e-14
-1.0575e-13
-1.12853e-13
-1.12955e-13
-1.09372e-13
-1.07981e-13
-1.04047e-13
-1.0687e-13
-1.0814e-13
-1.06325e-13
-1.12168e-13
-1.13187e-13
-1.14161e-13
-1.14506e-13
-1.18238e-13
-1.19272e-13
-1.26952e-13
-1.25362e-13
-1.23943e-13
-1.24379e-13
-1.25087e-13
-1.19693e-13
-1.18413e-13
-1.18728e-13
-1.16665e-13
-1.20696e-13
-1.1646e-13
-1.18817e-13
-1.21073e-13
-1.29334e-13
-1.25383e-13
-1.34464e-13
-1.3929e-13
-1.39749e-13
-1.3518e-13
-1.33723e-13
-1.33302e-13
-1.34705e-13
-1.30255e-13
-1.22617e-13
-1.14686e-13
-1.11535e-13
-1.0968e-13
-1.07245e-13
-1.11627e-13
-1.0464e-13
-9.94365e-14
-8.98733e-14
-9.16545e-14
-9.24744e-14
-9.02771e-14
-8.91933e-14
-9.117e-14
-8.4555e-14
-9.07086e-14
-9.57034e-14
-9.05255e-14
-8.39922e-14
-8.08567e-14
-7.59104e-14
-7.4827e-14
-6.85764e-14
-6.48704e-14
-6.03512e-14
-5.5875e-14
-5.63974e-14
-6.06446e-14
-5.15364e-14
-4.32968e-14
-3.94739e-14
-3.37238e-14
-3.62964e-14
-3.27334e-14
-2.3028e-14
-1.93324e-14
-1.93144e-14
-1.81261e-14
-1.89027e-14
-9.0381e-15
-7.10067e-15
-1.12835e-14
-8.04736e-15
-5.27006e-14
-5.62726e-14
-5.83859e-14
-5.48307e-14
-5.21552e-14
-5.35436e-14
-6.62223e-14
-6.62665e-14
-7.68188e-14
-8.10446e-14
-9.02987e-14
-8.75354e-14
-8.35987e-14
-8.17223e-14
-8.99499e-14
-9.12207e-14
-9.208e-14
-9.06033e-14
-1.01849e-13
-1.13083e-13
-1.13763e-13
-1.14655e-13
-1.08359e-13
-1.08151e-13
-1.11338e-13
-1.08466e-13
-1.02705e-13
-1.04487e-13
-1.08469e-13
-1.12687e-13
-1.16973e-13
-1.16563e-13
-1.19056e-13
-1.16828e-13
-1.26574e-13
-1.2518e-13
-1.22461e-13
-1.21931e-13
-1.26041e-13
-1.24095e-13
-1.22241e-13
-1.15365e-13
-1.12321e-13
-1.15039e-13
-1.20001e-13
-1.19657e-13
-1.23628e-13
-1.22559e-13
-1.27148e-13
-1.36751e-13
-1.40319e-13
-1.39202e-13
-1.36983e-13
-1.33233e-13
-1.3168e-13
-1.26984e-13
-1.2208e-13
-1.24052e-13
-1.21874e-13
-1.15191e-13
-1.10621e-13
-1.04425e-13
-1.0629e-13
-1.07127e-13
-1.03421e-13
-9.301e-14
-9.51619e-14
-8.93512e-14
-9.15155e-14
-8.74704e-14
-8.48235e-14
-8.80242e-14
-8.87951e-14
-9.26555e-14
-9.23628e-14
-8.04625e-14
-7.9123e-14
-7.45676e-14
-7.46916e-14
-7.24785e-14
-6.92825e-14
-5.9866e-14
-5.86444e-14
-5.07615e-14
-5.6381e-14
-5.20056e-14
-4.95857e-14
-3.90444e-14
-3.32408e-14
-3.6773e-14
-3.12863e-14
-2.34794e-14
-1.91639e-14
-2.03518e-14
-1.61293e-14
-1.80326e-14
-8.66061e-15
-9.62013e-15
-8.38527e-15
-4.16782e-15
-5.38839e-14
-5.60615e-14
-5.78377e-14
-5.86003e-14
-5.92463e-14
-5.88306e-14
-6.11049e-14
-6.10028e-14
-7.24302e-14
-7.5741e-14
-9.05074e-14
-9.85717e-14
-8.45187e-14
-8.63433e-14
-8.96262e-14
-9.23103e-14
-9.70096e-14
-9.66497e-14
-9.32962e-14
-1.02477e-13
-1.13304e-13
-1.16196e-13
-1.07761e-13
-1.05309e-13
-1.11775e-13
-1.11963e-13
-1.04442e-13
-1.00132e-13
-1.09034e-13
-1.11894e-13
-1.13286e-13
-1.14947e-13
-1.20708e-13
-1.15349e-13
-1.28518e-13
-1.24017e-13
-1.24455e-13
-1.21494e-13
-1.24814e-13
-1.25863e-13
-1.23094e-13
-1.07725e-13
-1.13665e-13
-1.22091e-13
-1.22297e-13
-1.12575e-13
-1.18107e-13
-1.20517e-13
-1.33325e-13
-1.36292e-13
-1.3841e-13
-1.36998e-13
-1.386e-13
-1.36102e-13
-1.31823e-13
-1.34896e-13
-1.24248e-13
-1.24698e-13
-1.19254e-13
-1.16051e-13
-1.14439e-13
-1.05713e-13
-1.06458e-13
-1.07514e-13
-1.02199e-13
-9.46254e-14
-9.00388e-14
-8.30654e-14
-9.28192e-14
-9.0808e-14
-8.78814e-14
-9.06101e-14
-9.10332e-14
-9.55956e-14
-9.14193e-14
-7.84098e-14
-7.57801e-14
-7.40561e-14
-7.84742e-14
-7.57119e-14
-7.18414e-14
-5.85271e-14
-5.69129e-14
-5.20965e-14
-5.68372e-14
-5.53334e-14
-4.58082e-14
-3.63847e-14
-2.91304e-14
-3.55381e-14
-3.2574e-14
-2.49032e-14
-1.98655e-14
-1.61254e-14
-1.8745e-14
-1.91141e-14
-1.43952e-14
-1.3194e-14
-4.42639e-15
-2.50414e-15
)
;

boundaryField
{
    inlet
    {
        type            zeroGradient;
    }
    outlet
    {
        type            fixedValue;
        value           uniform 0;
    }
    down
    {
        type            empty;
    }
    up
    {
        type            empty;
    }
    sides
    {
        type            zeroGradient;
    }
}

