/*--------------------------------*- C++ -*----------------------------------*\
| =========                 |                                                 |
| \\      /  F ield         | OpenFOAM: The Open Source CFD Toolbox           |
|  \\    /   O peration     | Version:  v2012                                 |
|   \\  /    A nd           | Website:  www.openfoam.com                      |
|    \\/     M anipulation  |                                                 |
\*---------------------------------------------------------------------------*/
FoamFile
{
    version     2.0;
    format      ascii;
    class       volVectorField;
    location    "0";
    object      U;
}
// * * * * * * * * * * * * * * * * * * * * * * * * * * * * * * * * * * * * * //

dimensions      [0 1 -1 0 0 0 0];


internalField   nonuniform List<vector> 
4000
(
(1 2.7207e-15 0)
(1 4.15191e-15 0)
(1 -4.71381e-16 0)
(1 1.75728e-15 0)
(1 -1.71632e-15 0)
(1 -4.94065e-15 0)
(1 5.62003e-15 0)
(1 2.18373e-15 0)
(1 1.22814e-15 0)
(1 -3.38492e-15 0)
(1 -4.04239e-15 0)
(1 -3.54183e-15 0)
(1 2.37259e-15 0)
(1 7.1559e-15 0)
(1 -2.55139e-15 0)
(1 -4.76215e-15 0)
(1 1.99454e-16 0)
(1 -1.54708e-15 0)
(1 -5.72751e-16 0)
(1 -1.44941e-15 0)
(1 -2.73387e-15 0)
(1 5.25382e-16 0)
(1 -5.36392e-16 0)
(1 -1.54758e-16 0)
(1 6.91376e-15 0)
(1 7.528e-16 0)
(1 -7.90523e-15 0)
(1 -8.01196e-15 0)
(1 -4.81067e-15 0)
(1 5.65721e-15 0)
(1 2.7131e-15 0)
(1 1.65638e-15 0)
(1 -6.44265e-15 0)
(1 6.78203e-15 0)
(1 1.39515e-15 0)
(1 6.56592e-15 0)
(1 7.39585e-15 0)
(1 4.97253e-15 0)
(1 1.15795e-15 0)
(1 -6.23024e-15 0)
(1 -2.63964e-15 0)
(1 -6.81258e-15 0)
(1 -1.28934e-15 0)
(1 2.47911e-15 0)
(1 3.72639e-15 0)
(1 -1.1266e-15 0)
(1 1.24285e-15 0)
(1 2.07265e-15 0)
(1 -1.66567e-15 0)
(1 4.54172e-15 0)
(1 2.65814e-15 0)
(1 1.29451e-15 0)
(1 9.58697e-16 0)
(1 1.38994e-15 0)
(1 -1.24849e-15 0)
(1 3.59256e-15 0)
(1 -1.59985e-16 0)
(1 1.26505e-16 0)
(1 -1.14632e-15 0)
(1 4.67863e-15 0)
(1 1.16815e-15 0)
(1 4.69662e-16 0)
(1 -2.33377e-15 0)
(1 -4.26029e-15 0)
(1 -1.67038e-15 0)
(1 -1.39483e-15 0)
(1 1.27981e-16 0)
(1 2.2748e-15 0)
(1 2.88495e-15 0)
(1 -9.17758e-18 0)
(1 -2.00388e-15 0)
(1 -2.24833e-15 0)
(1 -6.67762e-15 0)
(1 -3.48888e-15 0)
(1 -4.35169e-15 0)
(1 -1.92166e-15 0)
(1 -3.85264e-15 0)
(1 -3.75682e-15 0)
(1 9.22889e-16 0)
(1 8.54772e-16 0)
(1 3.12862e-15 0)
(1 4.49828e-15 0)
(1 -1.97008e-15 0)
(1 -4.38838e-15 0)
(1 9.90108e-16 0)
(1 1.29203e-15 0)
(1 9.27626e-16 0)
(1 1.14477e-16 0)
(1 -1.21069e-15 0)
(1 3.93392e-15 0)
(1 2.27611e-15 0)
(1 1.50551e-15 0)
(1 -1.9775e-15 0)
(1 1.37652e-15 0)
(1 2.12085e-15 0)
(1 -1.17241e-15 0)
(1 -2.37903e-15 0)
(1 1.5192e-15 0)
(1 1.41061e-16 0)
(1 -1.94053e-15 0)
(1 3.35565e-15 0)
(1 3.58164e-15 0)
(1 7.2216e-16 0)
(1 1.60301e-15 0)
(1 -3.59205e-15 0)
(1 -5.47174e-15 0)
(1 2.75035e-15 0)
(1 2.43365e-15 0)
(1 1.21675e-15 0)
(1 2.01278e-15 0)
(1 -2.34064e-15 0)
(1 -6.57906e-15 0)
(1 1.09349e-15 0)
(1 7.80833e-15 0)
(1 -2.64688e-15 0)
(1 -5.17411e-15 0)
(1 3.0654e-15 0)
(1 2.19185e-15 0)
(1 2.51088e-15 0)
(1 1.3138e-15 0)
(1 -4.04609e-15 0)
(1 -8.70536e-16 0)
(1 -1.55558e-15 0)
(1 -6.90093e-16 0)
(1 3.1749e-16 0)
(1 -4.16434e-16 0)
(1 -3.1778e-15 0)
(1 -8.7763e-15 0)
(1 -5.58448e-15 0)
(1 5.29954e-15 0)
(1 2.18001e-15 0)
(1 5.0623e-16 0)
(1 -8.27358e-15 0)
(1 6.50975e-15 0)
(1 -3.39137e-15 0)
(1 3.91414e-15 0)
(1 9.76677e-15 0)
(1 1.04774e-14 0)
(1 -4.79075e-15 0)
(1 -5.68895e-15 0)
(1 -3.7452e-15 0)
(1 -3.13726e-15 0)
(1 -2.00969e-15 0)
(1 3.85544e-15 0)
(1 -5.43886e-16 0)
(1 -6.2051e-15 0)
(1 -6.78616e-15 0)
(1 -2.28327e-16 0)
(1 3.64477e-15 0)
(1 5.11651e-15 0)
(1 7.56779e-15 0)
(1 -1.41157e-15 0)
(1 -3.42101e-15 0)
(1 4.84436e-16 0)
(1 1.36145e-15 0)
(1 2.41177e-15 0)
(1 -8.50061e-16 0)
(1 -2.04896e-15 0)
(1 -2.64352e-15 0)
(1 -1.45496e-15 0)
(1 -1.65936e-15 0)
(1 1.98242e-15 0)
(1 1.43049e-15 0)
(1 6.30397e-16 0)
(1 1.74676e-16 0)
(1 1.85689e-15 0)
(1 1.3629e-15 0)
(1 -2.63566e-16 0)
(1 2.71699e-15 0)
(1 -1.19662e-15 0)
(1 4.85602e-16 0)
(1 1.05175e-16 0)
(1 2.0521e-15 0)
(1 4.79721e-15 0)
(1 3.83192e-15 0)
(1 -1.16838e-15 0)
(1 -2.80239e-15 0)
(1 -2.85395e-15 0)
(1 1.56132e-16 0)
(1 1.66279e-15 0)
(1 3.03308e-15 0)
(1 -5.4772e-16 0)
(1 -2.45302e-15 0)
(1 1.14474e-15 0)
(1 4.94802e-15 0)
(1 4.54482e-15 0)
(1 -7.68773e-17 0)
(1 -5.40044e-15 0)
(1 -2.74715e-15 0)
(1 -3.24543e-16 0)
(1 2.94014e-16 0)
(1 3.08934e-15 0)
(1 -1.78001e-15 0)
(1 1.83975e-15 0)
(1 -1.37336e-15 0)
(1 -8.26117e-16 0)
(1 -1.88839e-15 0)
(1 3.8457e-15 0)
(1 -2.44977e-15 0)
(1 -4.54199e-15 0)
(1 -4.22888e-15 0)
(1 4.57657e-15 0)
(1 -6.11951e-15 0)
(1 2.3526e-15 0)
(1 -6.21794e-16 0)
(1 7.9379e-16 0)
(1 -2.81373e-16 0)
(1 1.02587e-14 0)
(1 5.77246e-15 0)
(1 -1.05083e-15 0)
(1 -4.23777e-15 0)
(1 -3.84185e-15 0)
(1 -2.18934e-16 0)
(1 5.38044e-15 0)
(1 1.3389e-15 0)
(1 -7.88103e-15 0)
(1 1.97222e-15 0)
(1 3.14502e-15 0)
(1 2.77226e-15 0)
(1 1.48877e-15 0)
(1 4.31315e-16 0)
(1 -2.9012e-15 0)
(1 -1.87404e-15 0)
(1 1.77331e-15 0)
(1 7.76857e-16 0)
(1 3.68216e-15 0)
(1 4.79199e-15 0)
(1 4.72206e-15 0)
(1 4.32402e-15 0)
(1 3.7683e-15 0)
(1 -5.09141e-16 0)
(1 -5.69179e-15 0)
(1 -1.89675e-15 0)
(1 -7.76153e-15 0)
(1 -4.25463e-15 0)
(1 5.1867e-16 0)
(1 4.19082e-15 0)
(1 3.24026e-15 0)
(1 -2.12899e-15 0)
(1 3.39616e-15 0)
(1 3.08215e-15 0)
(1 -4.96473e-16 0)
(1 6.54742e-16 0)
(1 1.25955e-15 0)
(1 1.04017e-15 0)
(1 2.36408e-15 0)
(1 -2.64851e-15 0)
(1 3.57127e-16 0)
(1 2.41919e-15 0)
(1 -2.69822e-15 0)
(1 7.28861e-15 0)
(1 1.77038e-15 0)
(1 1.4173e-15 0)
(1 -2.44525e-15 0)
(1 1.273e-15 0)
(1 -1.02267e-15 0)
(1 -3.8242e-16 0)
(1 -2.66607e-15 0)
(1 6.563e-16 0)
(1 -5.2447e-15 0)
(1 -9.39943e-16 0)
(1 4.9668e-15 0)
(1 1.53564e-15 0)
(1 -1.93257e-15 0)
(1 -1.72497e-15 0)
(1 2.30691e-16 0)
(1 3.22939e-15 0)
(1 6.79811e-16 0)
(1 3.10326e-16 0)
(1 -9.49572e-16 0)
(1 2.64087e-15 0)
(1 -2.46079e-15 0)
(1 -1.88707e-16 0)
(1 -1.40382e-15 0)
(1 -1.34841e-15 0)
(1 -4.98867e-15 0)
(1 -1.42406e-16 0)
(1 1.9466e-15 0)
(1 -1.12683e-15 0)
(1 -1.97812e-15 0)
(1 -3.04641e-15 0)
(1 -1.28949e-15 0)
(1 3.24323e-17 0)
(1 1.74011e-15 0)
(1 2.94245e-16 0)
(1 2.37953e-15 0)
(1 3.43697e-17 0)
(1 -1.16363e-15 0)
(1 2.66209e-16 0)
(1 2.07541e-15 0)
(1 1.51635e-15 0)
(1 3.16645e-15 0)
(1 -1.42512e-15 0)
(1 -1.96657e-15 0)
(1 -1.91733e-15 0)
(1 -1.14619e-15 0)
(1 1.65712e-15 0)
(1 -2.2109e-15 0)
(1 -3.90364e-15 0)
(1 -8.19068e-16 0)
(1 -7.57169e-16 0)
(1 -3.75876e-15 0)
(1 -5.31371e-15 0)
(1 -6.0423e-15 0)
(1 5.48629e-15 0)
(1 7.13964e-15 0)
(1 3.11159e-15 0)
(1 8.53931e-15 0)
(1 3.09362e-15 0)
(1 -2.60723e-15 0)
(1 -5.01438e-15 0)
(1 -2.58654e-15 0)
(1 4.84361e-15 0)
(1 9.83737e-15 0)
(1 7.47653e-15 0)
(1 -4.35148e-15 0)
(1 -3.3337e-15 0)
(1 1.24241e-15 0)
(1 -2.56118e-15 0)
(1 5.54459e-15 0)
(1 4.21845e-15 0)
(1 -4.43822e-15 0)
(1 1.51748e-15 0)
(1 7.15879e-15 0)
(1 1.53697e-14 0)
(1 1.35068e-14 0)
(1 1.81372e-15 0)
(1 -1.13313e-15 0)
(1 -2.11677e-15 0)
(1 1.40181e-15 0)
(1 -5.7459e-15 0)
(1 -7.29407e-15 0)
(1 -4.17458e-15 0)
(1 -9.85709e-15 0)
(1 -9.66145e-16 0)
(1 -5.03831e-15 0)
(1 3.40179e-15 0)
(1 -3.81749e-16 0)
(1 1.46194e-14 0)
(1 -1.11332e-15 0)
(1 2.94618e-15 0)
(1 -4.83008e-15 0)
(1 1.51749e-15 0)
(1 -3.87861e-15 0)
(1 2.97008e-15 0)
(1 6.659e-15 0)
(1 8.51495e-15 0)
(1 2.58443e-15 0)
(1 9.84588e-16 0)
(1 4.00755e-15 0)
(1 6.35487e-15 0)
(1 4.44111e-15 0)
(1 -2.37314e-16 0)
(1 -6.0127e-15 0)
(1 -1.12566e-15 0)
(1 2.84941e-15 0)
(1 -4.73322e-15 0)
(1 -2.03177e-17 0)
(1 -1.80534e-16 0)
(1 -3.5802e-15 0)
(1 3.65057e-15 0)
(1 3.79221e-15 0)
(1 -6.89796e-16 0)
(1 -2.38516e-15 0)
(1 1.77246e-15 0)
(1 -3.68857e-15 0)
(1 -2.75284e-16 0)
(1 1.14478e-15 0)
(1 -3.27999e-15 0)
(1 -1.43871e-15 0)
(1 4.36713e-15 0)
(1 -4.4235e-15 0)
(1 -8.1439e-15 0)
(1 -8.90254e-15 0)
(1 -7.80677e-15 0)
(1 -6.37202e-15 0)
(1 1.40525e-15 0)
(1 3.21732e-15 0)
(1 5.86756e-17 0)
(1 1.05434e-15 0)
(1 -8.47291e-16 0)
(1 5.70709e-16 0)
(1 3.11837e-16 0)
(1 -1.61071e-15 0)
(1 3.72872e-15 0)
(1 3.46403e-15 0)
(1 5.43353e-15 0)
(1 5.15063e-15 0)
(1 3.72125e-15 0)
(1 5.65973e-15 0)
(1 3.31912e-15 0)
(1 1.55309e-16 0)
(1 1.89748e-15 0)
(1 -7.73372e-17 0)
(1 7.35351e-16 0)
(1 -6.27135e-15 0)
(1 -5.48628e-15 0)
(1 -5.01924e-15 0)
(1 -3.94096e-15 0)
(1 1.54299e-15 0)
(1 5.03879e-15 0)
(1 -2.81734e-15 0)
(1 -6.58985e-16 0)
(1 -5.81971e-16 0)
(1 3.06043e-15 0)
(1 3.09027e-15 0)
(1 -3.83309e-15 0)
(1 -4.52063e-15 0)
(1 -4.34717e-15 0)
(1 -1.33375e-15 0)
(1 4.6158e-15 0)
(1 1.41975e-16 0)
(1 8.6101e-15 0)
(1 -5.1219e-15 0)
(1 1.01711e-14 0)
(1 2.11484e-15 0)
(1 2.37219e-15 0)
(1 -4.15605e-15 0)
(1 1.51925e-15 0)
(1 -5.70215e-15 0)
(1 -4.83457e-15 0)
(1 -8.12949e-15 0)
(1 1.91056e-15 0)
(1 1.28215e-14 0)
(1 1.56952e-14 0)
(1 5.99704e-15 0)
(1 4.60959e-15 0)
(1 3.7968e-15 0)
(1 6.22341e-15 0)
(1 5.80184e-15 0)
(1 -1.59357e-15 0)
(1 -1.4189e-15 0)
(1 -1.11887e-14 0)
(1 -6.14219e-16 0)
(1 -4.18696e-15 0)
(1 -1.50009e-14 0)
(1 -1.86889e-15 0)
(1 -9.34051e-16 0)
(1 6.83251e-15 0)
(1 1.18095e-15 0)
(1 -1.93828e-15 0)
(1 2.51451e-16 0)
(1 -1.73131e-15 0)
(1 1.39343e-15 0)
(1 -3.30187e-15 0)
(1 -3.41642e-15 0)
(1 5.75742e-15 0)
(1 6.71842e-15 0)
(1 5.41447e-15 0)
(1 7.96762e-15 0)
(1 1.11717e-15 0)
(1 1.78993e-15 0)
(1 -7.20186e-15 0)
(1 -4.85449e-15 0)
(1 -3.14173e-15 0)
(1 -2.94208e-16 0)
(1 -8.54957e-16 0)
(1 4.51445e-16 0)
(1 2.87864e-15 0)
(1 3.71047e-15 0)
(1 5.40424e-15 0)
(1 8.49119e-17 0)
(1 6.82468e-16 0)
(1 5.39749e-15 0)
(1 7.69619e-15 0)
(1 3.37156e-15 0)
(1 1.78475e-15 0)
(1 1.40318e-16 0)
(1 -3.66008e-15 0)
(1 -3.47595e-15 0)
(1 1.22286e-16 0)
(1 -4.60344e-15 0)
(1 1.13002e-15 0)
(1 -2.72805e-15 0)
(1 -3.53549e-15 0)
(1 -2.81088e-15 0)
(1 1.26594e-15 0)
(1 -1.45821e-15 0)
(1 -2.15723e-15 0)
(1 4.66509e-15 0)
(1 5.21876e-15 0)
(1 -2.65721e-15 0)
(1 1.23539e-15 0)
(1 -1.62873e-16 0)
(1 7.55145e-15 0)
(1 6.2211e-15 0)
(1 4.65196e-15 0)
(1 3.66188e-15 0)
(1 6.13998e-15 0)
(1 9.00357e-17 0)
(1 1.62053e-15 0)
(1 -2.24998e-15 0)
(1 4.42701e-15 0)
(1 4.15953e-15 0)
(1 2.73765e-16 0)
(1 -1.95353e-15 0)
(1 -3.90865e-15 0)
(1 -1.61754e-15 0)
(1 5.61114e-16 0)
(1 3.24676e-15 0)
(1 -8.98829e-16 0)
(1 3.63288e-15 0)
(1 -1.34865e-15 0)
(1 3.56202e-15 0)
(1 -6.95223e-15 0)
(1 -2.37292e-17 0)
(1 3.78941e-16 0)
(1 -2.05533e-15 0)
(1 3.32323e-16 0)
(1 -7.23334e-15 0)
(1 6.98662e-15 0)
(1 4.47918e-15 0)
(1 5.31113e-15 0)
(1 -4.79454e-15 0)
(1 2.36011e-15 0)
(1 3.63928e-15 0)
(1 8.12243e-15 0)
(1 -9.43821e-15 0)
(1 -6.47478e-15 0)
(1 -1.30925e-14 0)
(1 2.49363e-15 0)
(1 1.56912e-14 0)
(1 1.47088e-14 0)
(1 8.9826e-15 0)
(1 3.74154e-15 0)
(1 -5.99796e-16 0)
(1 -8.21866e-17 0)
(1 7.7557e-15 0)
(1 6.0493e-15 0)
(1 4.99732e-15 0)
(1 1.87175e-15 0)
(1 9.76061e-16 0)
(1 -9.14726e-15 0)
(1 -4.72991e-15 0)
(1 -2.95912e-15 0)
(1 -3.82258e-15 0)
(1 -1.31761e-15 0)
(1 -4.61123e-15 0)
(1 5.87651e-16 0)
(1 5.41028e-15 0)
(1 9.47739e-16 0)
(1 5.42404e-15 0)
(1 3.45395e-15 0)
(1 9.10933e-15 0)
(1 2.35218e-15 0)
(1 -1.75456e-15 0)
(1 -1.34137e-15 0)
(1 5.74381e-15 0)
(1 4.43173e-15 0)
(1 1.89168e-15 0)
(1 4.51032e-15 0)
(1 7.28086e-15 0)
(1 2.46121e-16 0)
(1 -7.747e-16 0)
(1 -6.79316e-15 0)
(1 -5.38427e-15 0)
(1 -1.44109e-15 0)
(1 -2.75845e-15 0)
(1 6.69261e-15 0)
(1 1.38652e-14 0)
(1 3.87684e-15 0)
(1 -2.25426e-15 0)
(1 1.68864e-15 0)
(1 1.52293e-15 0)
(1 3.00078e-15 0)
(1 8.71179e-15 0)
(1 6.08809e-15 0)
(1 8.96369e-15 0)
(1 1.03272e-14 0)
(1 1.45106e-14 0)
(1 4.41178e-15 0)
(1 -7.55074e-15 0)
(1 -8.45672e-16 0)
(1 -6.70449e-15 0)
(1 -8.12621e-15 0)
(1 -6.15521e-15 0)
(1 -1.49948e-15 0)
(1 7.71153e-16 0)
(1 -2.46556e-16 0)
(1 1.95679e-15 0)
(1 1.74872e-15 0)
(1 4.21035e-15 0)
(1 2.80693e-17 0)
(1 -3.74807e-15 0)
(1 -3.82507e-16 0)
(1 6.35264e-16 0)
(1 -9.57203e-17 0)
(1 3.23846e-15 0)
(1 3.02414e-15 0)
(1 1.68518e-15 0)
(1 5.27161e-18 0)
(1 4.54634e-15 0)
(1 2.29298e-15 0)
(1 4.63448e-15 0)
(1 1.36327e-15 0)
(1 5.65904e-15 0)
(1 6.45521e-15 0)
(1 4.84519e-15 0)
(1 8.49543e-15 0)
(1 5.62878e-15 0)
(1 -2.13523e-16 0)
(1 1.38911e-15 0)
(1 6.7412e-15 0)
(1 3.59159e-15 0)
(1 -1.79765e-15 0)
(1 5.61192e-16 0)
(1 7.39818e-16 0)
(1 -1.32041e-15 0)
(1 8.82896e-16 0)
(1 -1.12672e-15 0)
(1 -3.48555e-15 0)
(1 -4.71753e-16 0)
(1 -4.85444e-15 0)
(1 4.00118e-15 0)
(1 2.24363e-16 0)
(1 7.15171e-15 0)
(1 3.71485e-15 0)
(1 -2.17784e-15 0)
(1 -8.00537e-15 0)
(1 5.36687e-15 0)
(1 6.32929e-15 0)
(1 8.4803e-15 0)
(1 1.21946e-15 0)
(1 -2.83698e-15 0)
(1 -5.82268e-15 0)
(1 3.99036e-16 0)
(1 8.03483e-15 0)
(1 8.07416e-15 0)
(1 1.56199e-15 0)
(1 2.75974e-15 0)
(1 7.18534e-15 0)
(1 2.61889e-15 0)
(1 1.53537e-15 0)
(1 -9.25513e-15 0)
(1 -2.7171e-15 0)
(1 2.32293e-16 0)
(1 -4.32604e-15 0)
(1 -2.67661e-15 0)
(1 5.74854e-15 0)
(1 3.39413e-15 0)
(1 9.34177e-15 0)
(1 1.14551e-14 0)
(1 1.28883e-14 0)
(1 6.65709e-15 0)
(1 -4.16655e-15 0)
(1 -3.7704e-15 0)
(1 -2.83743e-15 0)
(1 -3.2071e-15 0)
(1 1.09292e-15 0)
(1 3.37188e-15 0)
(1 6.59357e-15 0)
(1 1.16139e-15 0)
(1 -3.56702e-15 0)
(1 -5.90932e-15 0)
(1 -1.27085e-15 0)
(1 -5.75745e-16 0)
(1 1.06288e-15 0)
(1 -4.0446e-15 0)
(1 -2.85466e-16 0)
(1 7.2731e-15 0)
(1 6.56738e-15 0)
(1 5.70736e-15 0)
(1 7.01802e-15 0)
(1 -2.68775e-17 0)
(1 5.53899e-16 0)
(1 6.73519e-15 0)
(1 2.62357e-15 0)
(1 2.55875e-15 0)
(1 4.62018e-15 0)
(1 8.57886e-15 0)
(1 2.78135e-15 0)
(1 -1.16695e-15 0)
(1 -8.19078e-15 0)
(1 -1.07407e-15 0)
(1 -2.40789e-16 0)
(1 3.36336e-15 0)
(1 4.92277e-15 0)
(1 6.81664e-15 0)
(1 5.26339e-15 0)
(1 -2.23932e-15 0)
(1 -1.15928e-16 0)
(1 9.16152e-16 0)
(1 1.67091e-15 0)
(1 -1.65675e-15 0)
(1 4.90123e-15 0)
(1 8.30298e-15 0)
(1 8.4959e-15 0)
(1 7.36094e-15 0)
(1 2.74703e-15 0)
(1 3.22703e-15 0)
(1 2.27783e-15 0)
(1 5.7452e-15 0)
(1 5.29129e-15 0)
(1 6.96295e-15 0)
(1 2.95249e-15 0)
(1 8.3604e-15 0)
(1 9.07539e-15 0)
(1 1.22102e-14 0)
(1 5.395e-15 0)
(1 5.6216e-15 0)
(1 1.02883e-15 0)
(1 -6.58796e-16 0)
(1 1.6862e-15 0)
(1 -1.61748e-15 0)
(1 5.78135e-15 0)
(1 -1.57167e-15 0)
(1 -2.72217e-15 0)
(1 -6.05976e-16 0)
(1 8.51883e-16 0)
(1 2.58112e-15 0)
(1 -8.11733e-15 0)
(1 -1.82315e-15 0)
(1 -2.97e-15 0)
(1 1.1458e-14 0)
(1 1.72221e-15 0)
(1 1.11298e-14 0)
(1 2.04643e-15 0)
(1 6.96376e-15 0)
(1 -4.47557e-15 0)
(1 4.69697e-15 0)
(1 -6.86191e-15 0)
(1 -6.90179e-15 0)
(1 -7.81808e-15 0)
(1 -9.5321e-17 0)
(1 1.02217e-15 0)
(1 -5.85267e-15 0)
(1 6.35128e-15 0)
(1 9.8437e-15 0)
(1 8.41653e-15 0)
(1 7.70374e-15 0)
(1 6.47829e-15 0)
(1 -5.95089e-15 0)
(1 2.29758e-15 0)
(1 -6.8059e-16 0)
(1 -4.35364e-15 0)
(1 -1.11667e-15 0)
(1 -2.3336e-15 0)
(1 -8.60187e-16 0)
(1 -9.79998e-16 0)
(1 5.65539e-15 0)
(1 2.4383e-15 0)
(1 -5.01998e-15 0)
(1 5.33861e-16 0)
(1 4.46112e-15 0)
(1 9.57244e-16 0)
(1 2.39879e-15 0)
(1 5.3516e-15 0)
(1 2.35448e-15 0)
(1 2.5843e-15 0)
(1 6.03553e-15 0)
(1 6.2922e-15 0)
(1 -1.42311e-15 0)
(1 4.25463e-15 0)
(1 1.49647e-15 0)
(1 1.14978e-14 0)
(1 2.22378e-15 0)
(1 2.23422e-15 0)
(1 -1.28383e-14 0)
(1 -7.21686e-15 0)
(1 -3.29512e-15 0)
(1 6.9699e-15 0)
(1 1.3561e-14 0)
(1 1.17179e-14 0)
(1 9.83745e-15 0)
(1 6.15092e-15 0)
(1 7.21134e-15 0)
(1 7.37471e-15 0)
(1 1.46603e-15 0)
(1 2.89194e-15 0)
(1 -4.27248e-15 0)
(1 -1.82142e-15 0)
(1 5.58739e-15 0)
(1 3.2618e-15 0)
(1 1.05761e-15 0)
(1 -4.62092e-18 0)
(1 6.14058e-15 0)
(1 6.41559e-15 0)
(1 1.36216e-15 0)
(1 5.34834e-16 0)
(1 -1.61416e-15 0)
(1 6.87581e-16 0)
(1 -3.00402e-15 0)
(1 1.5738e-15 0)
(1 2.58135e-15 0)
(1 4.86668e-15 0)
(1 5.29133e-15 0)
(1 2.58808e-15 0)
(1 1.87974e-15 0)
(1 4.88572e-16 0)
(1 7.90661e-16 0)
(1 5.09685e-15 0)
(1 -3.02364e-16 0)
(1 4.87998e-15 0)
(1 7.31003e-15 0)
(1 8.81072e-15 0)
(1 1.39614e-14 0)
(1 1.08544e-14 0)
(1 1.29402e-14 0)
(1 7.15538e-15 0)
(1 1.00411e-14 0)
(1 -2.15829e-15 0)
(1 -2.55594e-15 0)
(1 -4.12731e-15 0)
(1 -8.14564e-15 0)
(1 1.03343e-15 0)
(1 1.7445e-15 0)
(1 3.0682e-15 0)
(1 6.01804e-15 0)
(1 -3.39083e-16 0)
(1 -8.51207e-15 0)
(1 -5.30671e-15 0)
(1 5.76273e-15 0)
(1 3.54894e-15 0)
(1 1.2856e-14 0)
(1 1.98389e-16 0)
(1 3.59412e-15 0)
(1 -1.80456e-16 0)
(1 1.19542e-14 0)
(1 -2.95286e-15 0)
(1 -5.65249e-15 0)
(1 -8.96143e-15 0)
(1 3.82338e-15 0)
(1 7.43567e-15 0)
(1 9.50052e-15 0)
(1 4.3843e-15 0)
(1 2.42633e-15 0)
(1 -1.60909e-16 0)
(1 -2.5431e-15 0)
(1 -2.10582e-16 0)
(1 1.32305e-15 0)
(1 -3.11247e-15 0)
(1 -1.00716e-14 0)
(1 -1.152e-14 0)
(1 -3.54418e-15 0)
(1 1.38166e-15 0)
(1 7.31459e-15 0)
(1 7.82778e-15 0)
(1 6.70459e-15 0)
(1 -5.31628e-15 0)
(1 -1.60956e-15 0)
(1 -7.8714e-15 0)
(1 -3.92549e-15 0)
(1 1.45353e-15 0)
(1 4.94727e-15 0)
(1 1.96585e-14 0)
(1 1.22537e-14 0)
(1 6.35284e-15 0)
(1 4.28696e-16 0)
(1 1.40095e-16 0)
(1 1.22553e-15 0)
(1 4.55876e-15 0)
(1 6.10173e-15 0)
(1 1.38745e-14 0)
(1 5.47331e-15 0)
(1 5.58004e-15 0)
(1 -1.87611e-15 0)
(1 -1.60757e-15 0)
(1 -4.21521e-15 0)
(1 3.15946e-16 0)
(1 1.42969e-15 0)
(1 4.13965e-15 0)
(1 2.07252e-15 0)
(1 -1.57127e-15 0)
(1 3.42892e-15 0)
(1 2.31373e-15 0)
(1 1.51252e-15 0)
(1 1.46553e-14 0)
(1 1.07656e-14 0)
(1 1.94384e-14 0)
(1 1.57344e-14 0)
(1 7.60533e-15 0)
(1 1.05359e-14 0)
(1 9.4136e-15 0)
(1 1.41455e-15 0)
(1 -4.05195e-15 0)
(1 3.18706e-16 0)
(1 1.37142e-15 0)
(1 -2.02305e-15 0)
(1 2.18573e-15 0)
(1 4.87546e-15 0)
(1 5.09989e-15 0)
(1 6.40968e-15 0)
(1 1.08593e-15 0)
(1 2.07925e-15 0)
(1 4.18472e-15 0)
(1 -2.94851e-15 0)
(1 -1.26584e-15 0)
(1 -3.54812e-15 0)
(1 -9.86044e-16 0)
(1 4.82901e-16 0)
(1 5.25839e-15 0)
(1 4.49423e-15 0)
(1 4.39447e-15 0)
(1 7.314e-15 0)
(1 1.34486e-14 0)
(1 1.58064e-14 0)
(1 1.98269e-14 0)
(1 2.35116e-14 0)
(1 2.22524e-14 0)
(1 1.93526e-14 0)
(1 1.97994e-16 0)
(1 2.16264e-15 0)
(1 3.08352e-15 0)
(1 4.09661e-15 0)
(1 6.16843e-16 0)
(1 -5.37713e-15 0)
(1 7.37801e-16 0)
(1 4.06726e-15 0)
(1 2.41919e-15 0)
(1 -7.13572e-15 0)
(1 -4.4118e-15 0)
(1 -3.16693e-15 0)
(1 5.35248e-15 0)
(1 -8.86683e-15 0)
(1 6.77744e-15 0)
(1 -4.19814e-16 0)
(1 2.18766e-15 0)
(1 3.35024e-15 0)
(1 6.12171e-15 0)
(1 -8.17369e-16 0)
(1 -4.76771e-15 0)
(1 -5.84871e-15 0)
(1 -2.53823e-15 0)
(1 8.05597e-15 0)
(1 7.18455e-15 0)
(1 1.12562e-14 0)
(1 4.02657e-15 0)
(1 2.34628e-15 0)
(1 7.46654e-17 0)
(1 -3.81133e-15 0)
(1 -9.84229e-16 0)
(1 8.27349e-16 0)
(1 1.365e-16 0)
(1 2.41078e-15 0)
(1 -3.22908e-15 0)
(1 -4.87047e-16 0)
(1 -4.01087e-15 0)
(1 1.05766e-14 0)
(1 -1.00833e-14 0)
(1 -8.93463e-15 0)
(1 -2.28678e-15 0)
(1 7.26348e-15 0)
(1 5.52269e-15 0)
(1 3.59359e-15 0)
(1 1.16283e-14 0)
(1 7.12402e-15 0)
(1 3.71104e-15 0)
(1 -7.49611e-16 0)
(1 -5.31852e-16 0)
(1 4.53609e-15 0)
(1 1.37469e-15 0)
(1 3.30019e-15 0)
(1 7.1602e-15 0)
(1 6.42253e-15 0)
(1 4.25235e-15 0)
(1 5.82269e-15 0)
(1 2.59371e-15 0)
(1 3.38513e-15 0)
(1 -1.90685e-15 0)
(1 5.88505e-15 0)
(1 5.87703e-15 0)
(1 1.32005e-15 0)
(1 3.07258e-15 0)
(1 4.44006e-15 0)
(1 8.17272e-15 0)
(1 1.84779e-15 0)
(1 1.29275e-14 0)
(1 1.75008e-14 0)
(1 1.41294e-14 0)
(1 9.67504e-15 0)
(1 5.72455e-15 0)
(1 7.76295e-15 0)
(1 3.88724e-15 0)
(1 6.68059e-15 0)
(1 -1.39015e-15 0)
(1 4.86251e-15 0)
(1 7.41316e-15 0)
(1 -6.63728e-16 0)
(1 6.6261e-15 0)
(1 4.89916e-16 0)
(1 4.62053e-15 0)
(1 -8.63141e-16 0)
(1 -1.06463e-15 0)
(1 4.76877e-15 0)
(1 3.77916e-16 0)
(1 1.38604e-15 0)
(1 9.89432e-15 0)
(1 1.47365e-15 0)
(1 -7.85989e-16 0)
(1 2.81815e-15 0)
(1 6.94969e-15 0)
(1 9.57726e-15 0)
(1 8.86563e-15 0)
(1 5.06516e-15 0)
(1 1.21705e-14 0)
(1 6.91345e-15 0)
(1 1.89025e-14 0)
(1 2.32069e-14 0)
(1 2.80556e-14 0)
(1 2.25623e-14 0)
(1 9.71262e-16 0)
(1 -2.63205e-17 0)
(1 3.0401e-16 0)
(1 1.36422e-15 0)
(1 -4.93413e-15 0)
(1 -5.54833e-15 0)
(1 -1.44154e-15 0)
(1 -1.12114e-15 0)
(1 -1.48833e-15 0)
(1 6.1798e-15 0)
(1 -1.37449e-15 0)
(1 -6.09125e-15 0)
(1 -1.4251e-15 0)
(1 -8.63816e-15 0)
(1 5.01098e-15 0)
(1 4.23789e-15 0)
(1 1.235e-14 0)
(1 1.65018e-15 0)
(1 1.26445e-14 0)
(1 4.30963e-15 0)
(1 1.0625e-14 0)
(1 -6.39854e-15 0)
(1 -1.1795e-14 0)
(1 -9.21136e-15 0)
(1 -4.34037e-15 0)
(1 -3.83382e-15 0)
(1 -4.18457e-15 0)
(1 -1.65564e-15 0)
(1 1.03045e-15 0)
(1 -2.57823e-15 0)
(1 2.96138e-15 0)
(1 2.55102e-16 0)
(1 5.39987e-15 0)
(1 4.66612e-15 0)
(1 -2.8311e-15 0)
(1 -3.7198e-15 0)
(1 -2.01806e-15 0)
(1 4.76066e-15 0)
(1 -1.06028e-14 0)
(1 -5.82847e-15 0)
(1 3.05505e-17 0)
(1 -1.24381e-15 0)
(1 1.09715e-15 0)
(1 1.60808e-15 0)
(1 4.32489e-15 0)
(1 7.49029e-15 0)
(1 9.6294e-15 0)
(1 5.25303e-15 0)
(1 8.72471e-15 0)
(1 4.92889e-15 0)
(1 9.32399e-15 0)
(1 3.92122e-15 0)
(1 1.651e-16 0)
(1 4.88538e-15 0)
(1 4.94476e-15 0)
(1 6.11362e-15 0)
(1 8.64005e-16 0)
(1 -1.19898e-15 0)
(1 2.26461e-16 0)
(1 1.48712e-15 0)
(1 5.38013e-15 0)
(1 5.44813e-15 0)
(1 5.97976e-15 0)
(1 4.55321e-15 0)
(1 9.02666e-15 0)
(1 7.51812e-15 0)
(1 5.11034e-15 0)
(1 1.11277e-14 0)
(1 1.07484e-15 0)
(1 2.44186e-15 0)
(1 1.91428e-14 0)
(1 1.21193e-14 0)
(1 8.81532e-15 0)
(1 6.31743e-15 0)
(1 6.78548e-15 0)
(1 6.76616e-15 0)
(1 7.12698e-15 0)
(1 1.00215e-14 0)
(1 6.57318e-15 0)
(1 2.82898e-15 0)
(1 -3.53602e-15 0)
(1 -1.2439e-15 0)
(1 3.2044e-15 0)
(1 5.96376e-15 0)
(1 -1.40517e-15 0)
(1 1.69088e-16 0)
(1 1.15955e-15 0)
(1 2.89068e-17 0)
(1 2.20683e-16 0)
(1 -4.28403e-16 0)
(1 5.62318e-15 0)
(1 5.4074e-15 0)
(1 9.97958e-15 0)
(1 5.61306e-15 0)
(1 1.47352e-14 0)
(1 6.34767e-15 0)
(1 1.26359e-14 0)
(1 1.34436e-14 0)
(1 2.3932e-14 0)
(1 2.03797e-14 0)
(1 2.49613e-15 0)
(1 -5.26787e-15 0)
(1 1.15953e-15 0)
(1 1.66519e-16 0)
(1 -3.47964e-15 0)
(1 1.53733e-15 0)
(1 1.30235e-15 0)
(1 1.50841e-15 0)
(1 -6.95376e-15 0)
(1 9.07726e-16 0)
(1 5.2755e-15 0)
(1 5.89925e-15 0)
(1 -1.60771e-15 0)
(1 -1.96517e-15 0)
(1 -1.52191e-15 0)
(1 -4.22292e-15 0)
(1 1.9383e-15 0)
(1 -8.11671e-15 0)
(1 6.46491e-15 0)
(1 -4.96152e-15 0)
(1 3.51463e-15 0)
(1 5.13629e-15 0)
(1 1.13695e-14 0)
(1 4.40953e-15 0)
(1 -2.67173e-16 0)
(1 4.01841e-16 0)
(1 6.78312e-15 0)
(1 -1.1782e-15 0)
(1 4.58807e-15 0)
(1 3.68821e-15 0)
(1 -7.36049e-15 0)
(1 -1.42781e-15 0)
(1 -4.59974e-15 0)
(1 -5.51537e-16 0)
(1 3.03505e-15 0)
(1 1.37551e-16 0)
(1 3.8968e-15 0)
(1 -4.71442e-15 0)
(1 -6.40535e-15 0)
(1 -8.24943e-15 0)
(1 1.24479e-15 0)
(1 7.32532e-16 0)
(1 3.11703e-15 0)
(1 4.44225e-15 0)
(1 -1.63467e-16 0)
(1 9.2846e-15 0)
(1 1.63657e-14 0)
(1 1.34357e-14 0)
(1 7.79582e-15 0)
(1 -6.25697e-16 0)
(1 2.26301e-16 0)
(1 6.13584e-15 0)
(1 -1.95976e-15 0)
(1 4.13438e-15 0)
(1 5.8828e-15 0)
(1 -2.57596e-15 0)
(1 -6.59909e-15 0)
(1 3.587e-15 0)
(1 7.52951e-15 0)
(1 8.09517e-15 0)
(1 7.94679e-15 0)
(1 2.09492e-15 0)
(1 7.3511e-15 0)
(1 -1.6993e-15 0)
(1 8.61151e-15 0)
(1 8.43444e-15 0)
(1 2.86819e-15 0)
(1 1.3642e-15 0)
(1 2.59428e-15 0)
(1 1.10333e-14 0)
(1 1.388e-14 0)
(1 1.71383e-14 0)
(1 9.63022e-15 0)
(1 -6.40112e-17 0)
(1 1.77057e-15 0)
(1 3.14722e-15 0)
(1 2.97015e-16 0)
(1 3.42737e-15 0)
(1 1.67023e-15 0)
(1 9.10119e-15 0)
(1 9.21233e-16 0)
(1 1.34057e-14 0)
(1 1.18818e-14 0)
(1 2.12317e-15 0)
(1 1.15014e-15 0)
(1 -1.13081e-15 0)
(1 -3.4717e-15 0)
(1 1.70944e-15 0)
(1 5.03007e-15 0)
(1 4.95388e-15 0)
(1 5.86059e-15 0)
(1 1.94165e-15 0)
(1 4.57375e-15 0)
(1 6.59341e-15 0)
(1 9.60374e-15 0)
(1 1.10352e-14 0)
(1 1.24167e-14 0)
(1 1.26085e-14 0)
(1 1.89716e-14 0)
(1 1.77968e-14 0)
(1 2.8553e-15 0)
(1 -3.10715e-15 0)
(1 -4.01716e-15 0)
(1 -1.04391e-15 0)
(1 -3.64405e-16 0)
(1 5.01422e-16 0)
(1 -2.33994e-15 0)
(1 2.80653e-15 0)
(1 -9.12923e-15 0)
(1 4.85356e-15 0)
(1 3.15284e-15 0)
(1 4.64764e-15 0)
(1 7.53402e-15 0)
(1 1.31893e-15 0)
(1 -8.58423e-15 0)
(1 -1.14968e-15 0)
(1 -6.2085e-15 0)
(1 6.70113e-15 0)
(1 1.04813e-14 0)
(1 2.11942e-14 0)
(1 3.4549e-15 0)
(1 -3.93472e-15 0)
(1 -1.3062e-14 0)
(1 -1.73605e-14 0)
(1 -1.10023e-14 0)
(1 -4.58416e-15 0)
(1 1.74377e-15 0)
(1 3.8499e-15 0)
(1 6.78868e-15 0)
(1 4.41275e-15 0)
(1 -5.76837e-15 0)
(1 3.45729e-16 0)
(1 4.38507e-16 0)
(1 -6.10844e-16 0)
(1 1.54058e-15 0)
(1 4.12036e-15 0)
(1 1.50544e-15 0)
(1 -1.31246e-14 0)
(1 -1.66689e-15 0)
(1 1.23235e-16 0)
(1 -5.59358e-16 0)
(1 2.78624e-16 0)
(1 -5.96409e-16 0)
(1 9.29485e-16 0)
(1 2.42042e-16 0)
(1 1.37779e-14 0)
(1 1.5096e-14 0)
(1 2.04956e-14 0)
(1 5.85887e-15 0)
(1 6.99599e-15 0)
(1 -1.19406e-15 0)
(1 9.49435e-17 0)
(1 -1.83894e-15 0)
(1 4.68032e-15 0)
(1 2.96288e-15 0)
(1 4.25486e-15 0)
(1 -2.66899e-15 0)
(1 -3.63874e-15 0)
(1 -7.66765e-15 0)
(1 -3.56146e-15 0)
(1 -3.38453e-15 0)
(1 4.41571e-15 0)
(1 1.22308e-14 0)
(1 1.3286e-14 0)
(1 1.04663e-14 0)
(1 8.60706e-15 0)
(1 2.17703e-15 0)
(1 4.14997e-15 0)
(1 5.60536e-15 0)
(1 5.86476e-15 0)
(1 -5.88078e-15 0)
(1 3.98225e-15 0)
(1 7.75389e-15 0)
(1 4.1334e-15 0)
(1 7.23437e-15 0)
(1 2.67101e-15 0)
(1 6.43899e-16 0)
(1 1.4115e-15 0)
(1 3.65337e-15 0)
(1 8.35746e-15 0)
(1 3.14914e-15 0)
(1 8.1179e-15 0)
(1 5.75479e-15 0)
(1 5.44364e-15 0)
(1 5.29317e-15 0)
(1 6.25523e-15 0)
(1 2.51327e-15 0)
(1 4.9928e-15 0)
(1 5.18928e-15 0)
(1 6.22717e-15 0)
(1 1.90479e-15 0)
(1 2.74099e-15 0)
(1 -5.04593e-17 0)
(1 3.04569e-16 0)
(1 6.87367e-16 0)
(1 1.06445e-14 0)
(1 9.87216e-15 0)
(1 1.22927e-14 0)
(1 1.23262e-14 0)
(1 1.01763e-14 0)
(1 -7.69337e-16 0)
(1 1.92609e-15 0)
(1 -4.54356e-15 0)
(1 -6.53823e-15 0)
(1 6.79546e-16 0)
(1 -9.03533e-16 0)
(1 -4.75663e-15 0)
(1 5.22787e-16 0)
(1 7.54551e-15 0)
(1 1.77357e-14 0)
(1 4.00234e-15 0)
(1 -8.96591e-16 0)
(1 -5.71811e-15 0)
(1 -6.00015e-15 0)
(1 -7.39615e-15 0)
(1 2.76338e-15 0)
(1 -3.02455e-15 0)
(1 6.78313e-15 0)
(1 -5.93553e-15 0)
(1 9.57494e-15 0)
(1 -5.54369e-15 0)
(1 2.26187e-15 0)
(1 -7.91679e-15 0)
(1 -5.71464e-15 0)
(1 3.64644e-16 0)
(1 -7.45783e-16 0)
(1 -5.82073e-15 0)
(1 9.2856e-16 0)
(1 4.88233e-15 0)
(1 -2.75016e-15 0)
(1 4.20912e-15 0)
(1 -1.07746e-15 0)
(1 -7.94146e-15 0)
(1 -7.11324e-15 0)
(1 1.25437e-15 0)
(1 1.02974e-14 0)
(1 4.6803e-15 0)
(1 -6.04056e-15 0)
(1 -5.94496e-16 0)
(1 -3.19764e-15 0)
(1 -7.45986e-15 0)
(1 -5.76928e-15 0)
(1 3.23368e-15 0)
(1 6.06194e-15 0)
(1 1.53153e-14 0)
(1 1.9328e-14 0)
(1 6.93164e-15 0)
(1 4.26019e-15 0)
(1 1.55411e-15 0)
(1 2.86605e-15 0)
(1 -1.98001e-15 0)
(1 -1.36209e-15 0)
(1 5.26086e-15 0)
(1 3.76884e-15 0)
(1 -2.1534e-15 0)
(1 1.57418e-14 0)
(1 1.41618e-14 0)
(1 9.75944e-16 0)
(1 -3.14501e-15 0)
(1 -2.01739e-15 0)
(1 -3.4481e-15 0)
(1 3.05439e-15 0)
(1 -4.04338e-15 0)
(1 1.37284e-14 0)
(1 -2.12573e-15 0)
(1 8.61498e-15 0)
(1 9.76505e-15 0)
(1 8.80397e-15 0)
(1 7.59136e-15 0)
(1 3.16061e-15 0)
(1 2.8097e-16 0)
(1 4.50435e-15 0)
(1 2.19733e-15 0)
(1 1.07025e-14 0)
(1 7.93738e-15 0)
(1 7.59193e-15 0)
(1 1.07866e-14 0)
(1 1.91711e-14 0)
(1 1.09605e-14 0)
(1 5.6718e-15 0)
(1 9.23152e-16 0)
(1 4.73195e-16 0)
(1 -2.16909e-16 0)
(1 5.48329e-15 0)
(1 8.89517e-15 0)
(1 9.24737e-15 0)
(1 5.59096e-15 0)
(1 6.30499e-15 0)
(1 4.19274e-15 0)
(1 5.35307e-15 0)
(1 5.96314e-15 0)
(1 5.18142e-15 0)
(1 -4.12315e-15 0)
(1 -3.28951e-16 0)
(1 3.63225e-15 0)
(1 1.06874e-14 0)
(1 1.33247e-14 0)
(1 1.34467e-14 0)
(1 1.18902e-14 0)
(1 8.11997e-15 0)
(1 1.48015e-15 0)
(1 -3.43389e-15 0)
(1 3.73554e-15 0)
(1 -1.21687e-14 0)
(1 7.8577e-16 0)
(1 4.01416e-15 0)
(1 -1.62827e-15 0)
(1 -1.75418e-14 0)
(1 7.79892e-15 0)
(1 3.77227e-16 0)
(1 1.12088e-14 0)
(1 5.67951e-15 0)
(1 -2.76762e-15 0)
(1 -2.38819e-15 0)
(1 -1.11568e-15 0)
(1 -3.35105e-15 0)
(1 -7.32174e-16 0)
(1 -9.21766e-15 0)
(1 -8.38519e-15 0)
(1 -4.35221e-15 0)
(1 -6.92006e-15 0)
(1 4.96054e-15 0)
(1 1.72525e-14 0)
(1 1.25455e-14 0)
(1 9.39939e-15 0)
(1 2.67712e-15 0)
(1 -1.37268e-15 0)
(1 -3.15662e-15 0)
(1 -1.62422e-15 0)
(1 -4.64809e-15 0)
(1 -3.23923e-16 0)
(1 -5.27139e-15 0)
(1 -2.42067e-15 0)
(1 -2.80773e-15 0)
(1 -2.66347e-16 0)
(1 3.20046e-15 0)
(1 -4.2546e-16 0)
(1 2.16856e-15 0)
(1 6.93725e-16 0)
(1 -5.13676e-15 0)
(1 -7.40126e-15 0)
(1 1.07765e-15 0)
(1 8.07768e-15 0)
(1 1.19636e-14 0)
(1 1.31001e-14 0)
(1 6.93798e-15 0)
(1 1.13958e-15 0)
(1 -3.98987e-15 0)
(1 -5.43566e-15 0)
(1 -1.93838e-15 0)
(1 -1.65094e-15 0)
(1 9.0515e-15 0)
(1 1.12604e-14 0)
(1 9.98827e-15 0)
(1 9.0851e-15 0)
(1 6.33889e-15 0)
(1 8.99382e-15 0)
(1 7.97132e-15 0)
(1 -7.36372e-17 0)
(1 -2.10633e-15 0)
(1 2.64757e-15 0)
(1 -3.53276e-15 0)
(1 6.29354e-16 0)
(1 3.34737e-15 0)
(1 7.73371e-15 0)
(1 4.74299e-15 0)
(1 9.2872e-15 0)
(1 7.14727e-15 0)
(1 1.58786e-14 0)
(1 7.90795e-15 0)
(1 7.27013e-15 0)
(1 1.0685e-14 0)
(1 3.31985e-15 0)
(1 6.1758e-15 0)
(1 3.1356e-15 0)
(1 1.16127e-14 0)
(1 1.23057e-14 0)
(1 9.8233e-15 0)
(1 1.03239e-14 0)
(1 4.21273e-15 0)
(1 1.05564e-14 0)
(1 7.29721e-16 0)
(1 2.82066e-15 0)
(1 1.52679e-15 0)
(1 4.39663e-16 0)
(1 4.13565e-17 0)
(1 2.79303e-15 0)
(1 1.4007e-15 0)
(1 3.44523e-16 0)
(1 4.28845e-15 0)
(1 4.40221e-15 0)
(1 4.17607e-15 0)
(1 1.19979e-15 0)
(1 5.36646e-15 0)
(1 1.078e-14 0)
(1 1.2486e-14 0)
(1 5.20402e-15 0)
(1 6.94212e-15 0)
(1 1.13846e-14 0)
(1 1.18235e-14 0)
(1 -3.01739e-15 0)
(1 -6.68951e-15 0)
(1 1.20433e-15 0)
(1 2.2513e-16 0)
(1 5.32437e-15 0)
(1 5.65958e-15 0)
(1 1.43301e-14 0)
(1 9.89408e-16 0)
(1 -2.64541e-16 0)
(1 -1.01701e-14 0)
(1 -2.67292e-15 0)
(1 -4.42185e-15 0)
(1 -2.35013e-15 0)
(1 4.02312e-16 0)
(1 -5.29853e-15 0)
(1 -8.32526e-15 0)
(1 -2.99306e-15 0)
(1 2.13889e-15 0)
(1 -1.77659e-15 0)
(1 -2.13446e-15 0)
(1 5.65284e-15 0)
(1 -1.84973e-15 0)
(1 9.79279e-15 0)
(1 -3.34793e-15 0)
(1 -9.12321e-15 0)
(1 -7.8535e-15 0)
(1 -7.44806e-15 0)
(1 -1.68776e-16 0)
(1 -1.50662e-15 0)
(1 -4.62724e-16 0)
(1 -9.19162e-16 0)
(1 -5.00215e-16 0)
(1 2.01123e-15 0)
(1 6.05037e-15 0)
(1 6.42647e-15 0)
(1 1.44918e-15 0)
(1 4.40697e-16 0)
(1 8.61604e-16 0)
(1 -9.58626e-16 0)
(1 -4.57359e-15 0)
(1 -7.75761e-15 0)
(1 7.34699e-15 0)
(1 7.40707e-15 0)
(1 3.57137e-15 0)
(1 8.8798e-15 0)
(1 -6.34566e-15 0)
(1 2.49123e-15 0)
(1 1.86651e-15 0)
(1 5.72313e-16 0)
(1 1.17192e-15 0)
(1 8.43212e-15 0)
(1 8.54989e-15 0)
(1 9.17288e-15 0)
(1 1.12598e-15 0)
(1 6.03913e-15 0)
(1 -2.64619e-15 0)
(1 3.83215e-15 0)
(1 8.554e-15 0)
(1 -2.01197e-15 0)
(1 -4.82777e-15 0)
(1 -1.60815e-15 0)
(1 1.45806e-15 0)
(1 3.65278e-15 0)
(1 -7.62722e-16 0)
(1 6.33372e-15 0)
(1 -3.45286e-15 0)
(1 -5.72935e-15 0)
(1 -2.92996e-15 0)
(1 8.99741e-15 0)
(1 6.69289e-15 0)
(1 1.12508e-14 0)
(1 8.99523e-15 0)
(1 9.5658e-15 0)
(1 8.12221e-15 0)
(1 1.35891e-14 0)
(1 3.24654e-15 0)
(1 3.21889e-15 0)
(1 2.96131e-15 0)
(1 9.3085e-15 0)
(1 1.24546e-14 0)
(1 1.06952e-14 0)
(1 5.27758e-15 0)
(1 4.95665e-15 0)
(1 4.34095e-15 0)
(1 5.37422e-15 0)
(1 2.50437e-15 0)
(1 -2.86039e-15 0)
(1 -6.08802e-15 0)
(1 8.38126e-17 0)
(1 -4.06244e-16 0)
(1 7.89157e-16 0)
(1 -2.05194e-17 0)
(1 9.17919e-15 0)
(1 9.56017e-15 0)
(1 1.01259e-14 0)
(1 1.30134e-14 0)
(1 5.4995e-15 0)
(1 3.36106e-15 0)
(1 6.12823e-15 0)
(1 9.29697e-15 0)
(1 -5.56452e-15 0)
(1 -2.41329e-15 0)
(1 2.98158e-15 0)
(1 9.84575e-15 0)
(1 1.10504e-15 0)
(1 -1.03283e-14 0)
(1 3.87434e-15 0)
(1 1.09247e-14 0)
(1 7.37761e-15 0)
(1 3.79607e-15 0)
(1 -3.32448e-15 0)
(1 -1.13973e-14 0)
(1 -2.13283e-14 0)
(1 -8.01725e-15 0)
(1 -1.10802e-14 0)
(1 9.72813e-15 0)
(1 -3.17382e-15 0)
(1 2.71773e-15 0)
(1 -9.17011e-15 0)
(1 -1.23967e-14 0)
(1 -4.82042e-15 0)
(1 2.05571e-15 0)
(1 1.15316e-14 0)
(1 1.12763e-14 0)
(1 3.87786e-15 0)
(1 7.09711e-16 0)
(1 2.28913e-15 0)
(1 3.52251e-15 0)
(1 1.64462e-15 0)
(1 -2.8428e-15 0)
(1 -8.42483e-16 0)
(1 -2.10783e-15 0)
(1 2.7453e-15 0)
(1 -4.56268e-15 0)
(1 -1.86373e-15 0)
(1 -1.31257e-15 0)
(1 1.73477e-15 0)
(1 -2.67348e-15 0)
(1 -1.29532e-16 0)
(1 -4.73977e-15 0)
(1 -4.25627e-15 0)
(1 4.64558e-16 0)
(1 -6.50389e-15 0)
(1 -1.45835e-15 0)
(1 5.75077e-15 0)
(1 -5.15333e-16 0)
(1 -5.505e-15 0)
(1 -1.31263e-16 0)
(1 7.5206e-15 0)
(1 8.63459e-15 0)
(1 6.64451e-15 0)
(1 3.67112e-15 0)
(1 4.15439e-15 0)
(1 2.48534e-15 0)
(1 3.04838e-15 0)
(1 -2.74923e-15 0)
(1 -1.40459e-15 0)
(1 3.30343e-15 0)
(1 3.44703e-16 0)
(1 7.11256e-15 0)
(1 3.1526e-15 0)
(1 3.19229e-15 0)
(1 1.37018e-15 0)
(1 2.95603e-15 0)
(1 -4.35237e-15 0)
(1 -2.23912e-16 0)
(1 -5.88521e-15 0)
(1 -1.43448e-16 0)
(1 7.65816e-16 0)
(1 9.19939e-15 0)
(1 1.35468e-14 0)
(1 1.08099e-14 0)
(1 1.21936e-14 0)
(1 1.75184e-14 0)
(1 1.24079e-14 0)
(1 8.47986e-15 0)
(1 5.36125e-15 0)
(1 9.30456e-15 0)
(1 7.83207e-15 0)
(1 5.97244e-15 0)
(1 4.42803e-15 0)
(1 6.1732e-15 0)
(1 3.70448e-15 0)
(1 4.58661e-15 0)
(1 4.37214e-15 0)
(1 5.26146e-15 0)
(1 3.595e-15 0)
(1 2.95241e-15 0)
(1 -1.13263e-15 0)
(1 1.6556e-15 0)
(1 2.95846e-15 0)
(1 2.58826e-15 0)
(1 9.98253e-15 0)
(1 1.01711e-14 0)
(1 5.54839e-15 0)
(1 6.89553e-15 0)
(1 1.21507e-14 0)
(1 7.18254e-15 0)
(1 5.5198e-15 0)
(1 6.26129e-15 0)
(1 3.16733e-16 0)
(1 8.14206e-15 0)
(1 -8.63715e-17 0)
(1 2.5228e-15 0)
(1 -5.34486e-15 0)
(1 -4.54464e-15 0)
(1 -4.32239e-15 0)
(1 1.46703e-15 0)
(1 1.91608e-15 0)
(1 4.76968e-15 0)
(1 -3.60626e-15 0)
(1 -6.05324e-16 0)
(1 -1.16009e-14 0)
(1 -1.1555e-14 0)
(1 -1.11048e-14 0)
(1 4.25653e-15 0)
(1 -1.19299e-15 0)
(1 -4.62634e-15 0)
(1 7.28153e-15 0)
(1 -2.86356e-15 0)
(1 3.11033e-15 0)
(1 1.91555e-16 0)
(1 -3.10263e-15 0)
(1 -3.98078e-15 0)
(1 3.05312e-15 0)
(1 1.9625e-15 0)
(1 4.31348e-15 0)
(1 -4.35945e-18 0)
(1 -2.01505e-15 0)
(1 -6.34313e-15 0)
(1 2.34722e-16 0)
(1 -1.04316e-15 0)
(1 7.50426e-15 0)
(1 -1.50319e-15 0)
(1 -5.29662e-15 0)
(1 3.05758e-17 0)
(1 -7.84067e-15 0)
(1 -1.07703e-14 0)
(1 -1.14141e-15 0)
(1 5.88114e-15 0)
(1 7.15249e-15 0)
(1 -3.96983e-15 0)
(1 -1.2657e-14 0)
(1 -2.99848e-15 0)
(1 -4.81004e-15 0)
(1 6.55675e-15 0)
(1 -3.66981e-15 0)
(1 1.34533e-15 0)
(1 -2.3826e-15 0)
(1 3.57115e-16 0)
(1 2.51752e-15 0)
(1 2.39128e-15 0)
(1 1.49284e-15 0)
(1 6.94536e-15 0)
(1 6.76385e-15 0)
(1 -2.15611e-15 0)
(1 -2.71537e-15 0)
(1 -4.51976e-15 0)
(1 1.88691e-15 0)
(1 2.37773e-15 0)
(1 4.61011e-15 0)
(1 -3.98205e-15 0)
(1 -1.16248e-15 0)
(1 -5.55875e-15 0)
(1 -2.69791e-15 0)
(1 -1.0544e-15 0)
(1 1.7043e-15 0)
(1 6.21451e-15 0)
(1 3.22644e-15 0)
(1 8.17608e-15 0)
(1 1.11841e-14 0)
(1 8.76433e-15 0)
(1 9.35936e-15 0)
(1 1.36677e-14 0)
(1 1.00365e-14 0)
(1 1.5735e-14 0)
(1 6.72151e-15 0)
(1 6.25055e-15 0)
(1 2.03901e-15 0)
(1 7.32932e-15 0)
(1 1.60026e-14 0)
(1 8.51227e-15 0)
(1 5.69398e-15 0)
(1 6.69798e-17 0)
(1 1.70421e-15 0)
(1 2.78125e-15 0)
(1 8.42764e-15 0)
(1 6.11594e-15 0)
(1 1.69435e-15 0)
(1 2.69975e-15 0)
(1 1.17186e-15 0)
(1 3.09549e-15 0)
(1 5.52798e-15 0)
(1 7.50571e-15 0)
(1 6.77009e-15 0)
(1 2.39689e-15 0)
(1 9.43214e-15 0)
(1 6.59284e-15 0)
(1 8.62437e-15 0)
(1 8.22409e-15 0)
(1 -1.68047e-15 0)
(1 5.02237e-15 0)
(1 -9.94469e-16 0)
(1 -4.43883e-15 0)
(1 1.75605e-15 0)
(1 4.39002e-15 0)
(1 9.76404e-15 0)
(1 1.06826e-14 0)
(1 3.96156e-16 0)
(1 -1.80432e-17 0)
(1 -6.75117e-15 0)
(1 -1.84225e-15 0)
(1 -3.1533e-15 0)
(1 -1.25949e-14 0)
(1 -5.36787e-15 0)
(1 -1.29962e-14 0)
(1 -6.53705e-15 0)
(1 -9.93367e-16 0)
(1 1.2317e-14 0)
(1 2.19149e-15 0)
(1 5.74751e-15 0)
(1 1.25963e-16 0)
(1 -7.81643e-15 0)
(1 -7.7104e-16 0)
(1 6.75595e-15 0)
(1 5.99107e-15 0)
(1 -1.40368e-15 0)
(1 -3.90184e-15 0)
(1 -1.17487e-14 0)
(1 -4.10268e-15 0)
(1 -6.38093e-15 0)
(1 8.57555e-15 0)
(1 9.60372e-16 0)
(1 2.94953e-15 0)
(1 -2.81203e-15 0)
(1 -5.72161e-15 0)
(1 -9.44351e-15 0)
(1 -7.79859e-15 0)
(1 -8.57134e-15 0)
(1 8.69205e-15 0)
(1 3.70998e-15 0)
(1 6.2985e-15 0)
(1 5.71112e-15 0)
(1 -1.98765e-15 0)
(1 -8.58163e-15 0)
(1 -3.80261e-15 0)
(1 1.94861e-15 0)
(1 4.05433e-16 0)
(1 -4.57015e-15 0)
(1 -3.73539e-15 0)
(1 -3.22219e-15 0)
(1 -4.3493e-15 0)
(1 -2.35524e-15 0)
(1 3.95309e-15 0)
(1 -1.11744e-16 0)
(1 6.85533e-15 0)
(1 3.90161e-15 0)
(1 1.2265e-15 0)
(1 1.96512e-15 0)
(1 -4.69221e-16 0)
(1 2.37607e-15 0)
(1 1.97859e-16 0)
(1 -6.35309e-15 0)
(1 -6.32825e-15 0)
(1 -8.139e-15 0)
(1 -4.58656e-15 0)
(1 3.4919e-15 0)
(1 2.49504e-15 0)
(1 4.27381e-15 0)
(1 5.15067e-15 0)
(1 4.2941e-15 0)
(1 2.32024e-15 0)
(1 1.86754e-15 0)
(1 7.46346e-15 0)
(1 1.0344e-14 0)
(1 8.95669e-15 0)
(1 7.28779e-15 0)
(1 6.79686e-15 0)
(1 2.29446e-15 0)
(1 1.09981e-14 0)
(1 1.03066e-14 0)
(1 8.9596e-15 0)
(1 9.02744e-15 0)
(1 4.69586e-15 0)
(1 2.65723e-15 0)
(1 -2.45168e-15 0)
(1 -3.09037e-15 0)
(1 -9.50261e-16 0)
(1 4.52635e-15 0)
(1 6.40742e-15 0)
(1 6.07505e-16 0)
(1 2.3438e-15 0)
(1 1.70468e-15 0)
(1 4.09531e-15 0)
(1 4.59244e-15 0)
(1 5.66977e-15 0)
(1 1.31986e-15 0)
(1 3.04884e-15 0)
(1 1.01683e-14 0)
(1 7.51537e-15 0)
(1 -1.8004e-15 0)
(1 -4.06995e-15 0)
(1 -1.3299e-15 0)
(1 -1.50693e-15 0)
(1 6.26526e-16 0)
(1 7.50559e-15 0)
(1 -2.06381e-16 0)
(1 4.62024e-15 0)
(1 -3.63124e-15 0)
(1 2.76658e-15 0)
(1 1.98694e-15 0)
(1 -3.44656e-15 0)
(1 -8.31505e-15 0)
(1 -1.19231e-14 0)
(1 -9.11487e-15 0)
(1 -4.7347e-15 0)
(1 -7.94655e-15 0)
(1 -1.07962e-15 0)
(1 2.38945e-15 0)
(1 4.76486e-15 0)
(1 1.76379e-15 0)
(1 -6.96123e-15 0)
(1 -2.7563e-15 0)
(1 5.56095e-15 -1.7511e-47)
(1 1.20816e-14 0)
(1 4.529e-15 0)
(1 3.09091e-15 0)
(1 -3.99937e-15 0)
(1 -9.66105e-15 0)
(1 -2.75176e-16 0)
(1 -2.534e-15 0)
(1 1.78405e-15 0)
(1 9.14804e-16 0)
(1 -2.95916e-15 0)
(1 -4.57061e-15 0)
(1 -1.25738e-14 0)
(1 -5.02882e-15 0)
(1 2.98279e-15 0)
(1 3.18842e-15 0)
(1 1.98415e-15 0)
(1 -4.19361e-15 0)
(1 -2.5013e-15 0)
(1 5.7647e-15 0)
(1 -2.45684e-15 0)
(1 -1.51148e-15 2.00435e-48)
(1 -3.78082e-15 0)
(1 -1.74602e-15 1.94143e-48)
(1 1.96593e-16 0)
(1 1.71682e-15 0)
(1 6.52436e-15 0)
(1 -3.51405e-15 0)
(1 -1.90242e-15 0)
(1 3.82548e-15 0)
(1 5.14387e-15 0)
(1 2.75436e-15 0)
(1 -4.45674e-16 0)
(1 7.91458e-17 0)
(1 4.16428e-16 0)
(1 -1.01277e-15 0)
(1 -4.25739e-15 0)
(1 -6.07074e-15 0)
(1 -5.12887e-15 0)
(1 -3.75348e-15 0)
(1 -7.03537e-15 0)
(1 -4.88778e-15 0)
(1 2.24733e-15 0)
(1 -2.63898e-15 0)
(1 3.0602e-15 0)
(1 4.86483e-15 0)
(1 1.0134e-14 6.99796e-49)
(1 -1.80676e-15 -2.70118e-49)
(1 -2.7003e-15 9.09779e-50)
(1 5.74717e-15 6.86436e-49)
(1 4.54017e-15 1.17677e-48)
(1 1.57117e-14 -1.69818e-48)
(1 7.45806e-15 -2.63971e-48)
(1 1.34798e-14 1.9533e-48)
(1 4.4342e-15 1.91402e-48)
(1 7.37531e-15 -2.02768e-48)
(1 -1.0657e-15 -2.51688e-48)
(1 -1.24926e-16 0)
(1 8.30959e-15 0)
(1 8.18339e-15 -4.75644e-48)
(1 7.67328e-15 0)
(1 5.82253e-15 -4.01522e-48)
(1 9.9562e-16 2.68717e-48)
(1 3.24385e-15 -4.88716e-48)
(1 3.57942e-15 0)
(1 8.27166e-15 -4.68576e-48)
(1 7.89986e-15 3.05628e-48)
(1 -4.21112e-15 -7.07257e-48)
(1 -4.0419e-15 0)
(1 3.98866e-15 -7.14184e-48)
(1 5.13069e-15 0)
(1 2.05775e-16 0)
(1 3.03689e-15 -4.30392e-48)
(1 7.4174e-16 -4.3736e-48)
(1 9.32966e-15 0)
(1 6.78146e-15 -1.87866e-48)
(1 4.14426e-15 -4.32672e-49)
(1 7.38241e-17 0)
(1 -1.6274e-16 0)
(1 -1.5274e-15 0)
(1 7.24445e-15 0)
(1 -7.53113e-16 0)
(1 4.57365e-15 0)
(1 -2.68911e-15 0)
(1 4.85029e-15 0)
(1 1.05497e-15 0)
(1 3.82933e-15 0)
(1 -4.69626e-15 0)
(1 -1.43282e-15 0)
(1 -1.46184e-15 0)
(1 -1.26772e-14 0)
(1 -8.83793e-15 0)
(1 -6.07987e-15 0)
(1 -1.74199e-15 0)
(1 -4.18895e-15 0)
(1 1.64244e-15 0)
(1 3.39407e-15 0)
(1 4.61132e-15 0)
(1 -5.41326e-15 0)
(1 -8.47701e-16 0)
(1 -2.95551e-15 1.7511e-47)
(1 5.80173e-15 0)
(1 2.93944e-15 0)
(1 7.28578e-15 0)
(1 -4.4909e-17 0)
(1 5.84335e-16 0)
(1 -1.81571e-15 0)
(1 1.2951e-15 0)
(1 -4.30419e-15 0)
(1 -5.0897e-15 0)
(1 -1.07895e-14 0)
(1 -1.05283e-14 0)
(1 6.28883e-16 0)
(1 -5.65709e-15 0)
(1 7.84398e-15 0)
(1 3.93159e-15 0)
(1 -4.66418e-16 0)
(1 -6.36243e-15 0)
(1 -9.61881e-15 0)
(1 -7.31803e-15 0)
(1 3.01555e-16 0)
(1 8.95624e-16 -2.00435e-48)
(1 2.70748e-15 0)
(1 -2.12159e-15 -1.94143e-48)
(1 -1.21424e-15 0)
(1 -2.11105e-15 0)
(1 4.26426e-15 0)
(1 9.26323e-15 0)
(1 4.78788e-15 0)
(1 4.67277e-15 0)
(1 -1.42168e-15 0)
(1 2.68429e-15 0)
(1 -1.18531e-15 0)
(1 8.79192e-16 0)
(1 4.77535e-15 0)
(1 4.86507e-15 0)
(1 4.66377e-15 0)
(1 -9.4813e-15 0)
(1 -1.09903e-14 0)
(1 -3.57179e-15 0)
(1 -7.1599e-15 0)
(1 -5.82178e-15 0)
(1 -5.59445e-15 0)
(1 -6.50667e-15 0)
(1 -1.78395e-15 0)
(1 -5.80453e-15 0)
(1 1.66661e-15 -6.99796e-49)
(1 -3.47193e-16 2.70118e-49)
(1 4.31899e-16 -9.09779e-50)
(1 4.42068e-15 -6.86436e-49)
(1 -1.03591e-15 -1.17677e-48)
(1 1.10589e-15 1.69818e-48)
(1 3.61567e-15 2.63971e-48)
(1 9.24867e-15 -1.9533e-48)
(1 2.65873e-15 -1.91402e-48)
(1 6.12492e-15 2.02768e-48)
(1 3.37018e-15 2.51688e-48)
(1 3.46939e-15 0)
(1 -1.10798e-15 0)
(1 2.43365e-15 4.75644e-48)
(1 3.26628e-15 0)
(1 2.01022e-15 4.01522e-48)
(1 5.08185e-15 -2.68717e-48)
(1 9.07403e-15 4.88716e-48)
(1 2.656e-15 0)
(1 7.03932e-15 4.68576e-48)
(1 3.91395e-15 -3.05628e-48)
(1 4.01923e-15 7.07257e-48)
(1 -1.66191e-15 0)
(1 5.65532e-15 7.14184e-48)
(1 6.01215e-15 0)
(1 3.06682e-15 0)
(1 -6.87057e-15 4.30392e-48)
(1 -1.48595e-16 4.3736e-48)
(1 1.35988e-15 0)
(1 7.54348e-16 1.87866e-48)
(1 6.43335e-15 4.32672e-49)
(1 1.2535e-15 0)
(1 4.25448e-15 0)
(1 6.03949e-16 0)
(1 4.18742e-15 0)
(1 -9.30625e-16 0)
(1 -3.18066e-15 0)
(1 -2.16479e-15 0)
(1 2.65456e-15 0)
(1 6.00005e-15 0)
(1 -1.70479e-15 0)
(1 1.16668e-15 0)
(1 -4.40842e-15 0)
(1 -1.64604e-15 0)
(1 -2.06406e-15 0)
(1 -3.1835e-15 0)
(1 -6.63533e-15 0)
(1 -2.51359e-15 0)
(1 -6.48902e-15 0)
(1 -9.32612e-15 0)
(1 -1.48274e-15 0)
(1 -6.32197e-15 0)
(1 7.2396e-16 0)
(1 1.477e-15 0)
(1 5.22116e-15 0)
(1 -3.82166e-15 0)
(1 -5.34573e-16 0)
(1 2.17458e-15 0)
(1 5.92112e-15 0)
(1 4.83465e-15 0)
(1 1.28062e-14 0)
(1 -5.7954e-15 0)
(1 2.6683e-15 0)
(1 -2.2496e-15 0)
(1 -3.8519e-16 0)
(1 -5.15846e-15 0)
(1 -2.31499e-15 0)
(1 -7.6371e-15 0)
(1 -2.12791e-15 0)
(1 -9.41166e-15 0)
(1 7.18659e-16 0)
(1 -3.97434e-15 0)
(1 -1.57631e-15 0)
(1 -5.44959e-15 0)
(1 7.74402e-15 0)
(1 -5.39418e-15 0)
(1 -2.97941e-15 0)
(1 -7.19523e-15 0)
(1 -6.29758e-15 0)
(1 2.55736e-15 0)
(1 -7.37543e-15 0)
(1 5.48142e-15 0)
(1 4.25334e-15 0)
(1 -3.31702e-15 0)
(1 -2.86386e-15 0)
(1 -6.55475e-15 0)
(1 2.22352e-15 0)
(1 5.00403e-15 0)
(1 1.12997e-14 0)
(1 8.20573e-15 0)
(1 3.90004e-15 0)
(1 5.1037e-16 0)
(1 2.76192e-15 0)
(1 -1.54092e-16 0)
(1 -6.44608e-15 0)
(1 -1.55116e-14 0)
(1 -1.03378e-14 0)
(1 -2.56288e-15 0)
(1 1.95063e-15 0)
(1 -1.5734e-15 0)
(1 -3.68144e-15 0)
(1 -9.94915e-16 0)
(1 4.99387e-15 0)
(1 3.19925e-15 0)
(1 -1.56076e-15 0)
(1 3.52083e-15 0)
(1 -1.86132e-15 0)
(1 -4.71369e-15 0)
(1 2.89427e-15 0)
(1 5.2487e-15 0)
(1 2.53982e-15 0)
(1 -4.94333e-15 0)
(1 -8.9321e-15 0)
(1 6.18262e-17 0)
(1 6.72355e-15 0)
(1 2.92734e-15 0)
(1 4.41341e-15 0)
(1 4.01633e-15 0)
(1 3.56619e-15 0)
(1 6.72448e-15 0)
(1 8.05813e-15 0)
(1 1.01538e-14 0)
(1 7.01081e-15 0)
(1 5.2466e-15 0)
(1 -5.49246e-16 0)
(1 1.63897e-15 0)
(1 -5.24028e-15 0)
(1 -1.98282e-15 0)
(1 -5.30509e-15 0)
(1 -1.77967e-15 0)
(1 4.44892e-15 0)
(1 -1.12028e-15 0)
(1 1.3915e-15 0)
(1 8.44025e-16 0)
(1 8.49077e-15 0)
(1 4.82739e-15 0)
(1 6.21631e-15 0)
(1 6.56695e-15 0)
(1 -2.19336e-15 0)
(1 -5.75661e-15 0)
(1 -1.36164e-14 0)
(1 2.80337e-15 0)
(1 -5.86198e-15 0)
(1 -8.7488e-16 0)
(1 3.41959e-15 0)
(1 -1.6065e-15 0)
(1 -6.98238e-15 0)
(1 -9.97947e-15 0)
(1 -3.23247e-17 0)
(1 -2.30368e-15 0)
(1 7.05056e-15 0)
(1 -4.42181e-15 0)
(1 5.52219e-16 0)
(1 2.15301e-15 0)
(1 9.14248e-16 0)
(1 -6.8317e-15 0)
(1 -2.79712e-15 0)
(1 -2.2043e-15 0)
(1 3.64155e-15 0)
(1 -2.30068e-16 0)
(1 -1.587e-15 0)
(1 2.39574e-15 0)
(1 5.32018e-15 0)
(1 -3.90431e-15 0)
(1 3.94141e-15 0)
(1 -1.00597e-15 0)
(1 -6.94462e-15 0)
(1 -5.49982e-15 0)
(1 -4.48869e-15 0)
(1 -3.92498e-15 0)
(1 -2.8704e-15 0)
(1 -6.68261e-16 0)
(1 -3.4823e-15 0)
(1 -5.35862e-15 0)
(1 -2.02107e-15 0)
(1 -5.37861e-15 0)
(1 -7.52104e-15 0)
(1 -7.34757e-16 0)
(1 -3.83372e-15 0)
(1 -6.09422e-16 0)
(1 -7.72959e-15 0)
(1 -7.58613e-15 0)
(1 2.74567e-15 0)
(1 2.61644e-15 0)
(1 6.87121e-15 0)
(1 4.1971e-15 0)
(1 6.17866e-15 0)
(1 7.87154e-16 0)
(1 2.18272e-15 0)
(1 -2.61495e-15 0)
(1 -2.26641e-15 0)
(1 2.22099e-15 0)
(1 2.91356e-15 0)
(1 -5.85266e-15 0)
(1 -8.55891e-15 0)
(1 -1.14875e-14 0)
(1 -7.61527e-15 0)
(1 -1.667e-15 0)
(1 5.08645e-16 0)
(1 -1.33042e-15 0)
(1 -9.36796e-15 0)
(1 -1.08919e-14 0)
(1 -6.54062e-15 0)
(1 -1.17001e-15 0)
(1 7.86557e-16 0)
(1 4.21528e-15 0)
(1 -8.31057e-16 0)
(1 -2.4397e-15 0)
(1 -1.20201e-16 0)
(1 1.35751e-15 0)
(1 1.11882e-15 0)
(1 -4.792e-16 0)
(1 8.08329e-16 0)
(1 -9.37321e-16 0)
(1 1.11696e-15 0)
(1 5.81191e-15 0)
(1 4.45558e-15 0)
(1 1.00712e-15 0)
(1 3.88142e-15 0)
(1 7.8089e-15 0)
(1 6.76366e-15 0)
(1 5.23315e-15 0)
(1 4.38144e-15 0)
(1 4.52605e-15 0)
(1 -1.73763e-15 0)
(1 -7.92168e-15 0)
(1 -4.47605e-15 0)
(1 -5.15711e-15 0)
(1 -2.26903e-16 0)
(1 -2.26267e-15 0)
(1 -2.67416e-15 0)
(1 -2.23737e-15 0)
(1 1.08174e-16 0)
(1 3.79446e-15 0)
(1 -1.58661e-15 0)
(1 5.57693e-15 0)
(1 5.17705e-15 0)
(1 6.89619e-15 0)
(1 -3.30263e-15 0)
(1 1.45658e-15 0)
(1 -6.83363e-15 0)
(1 -3.30816e-15 0)
(1 -8.32243e-15 0)
(1 2.71097e-15 0)
(1 -4.28406e-16 0)
(1 2.30929e-15 0)
(1 -6.12937e-15 0)
(1 -2.54451e-15 0)
(1 2.09502e-16 0)
(1 7.25797e-15 0)
(1 -3.73372e-15 0)
(1 1.96817e-15 0)
(1 -9.44037e-16 0)
(1 -2.39909e-15 0)
(1 -8.06117e-15 0)
(1 -4.59932e-15 0)
(1 3.9371e-15 0)
(1 -3.99227e-15 0)
(1 -2.86683e-15 0)
(1 8.25183e-16 0)
(1 -6.31237e-15 0)
(1 1.14854e-14 0)
(1 1.19435e-15 0)
(1 -5.36548e-15 0)
(1 -1.03942e-14 0)
(1 -3.86993e-15 0)
(1 -5.70474e-15 0)
(1 -3.83397e-15 0)
(1 -1.78566e-15 0)
(1 5.46148e-15 0)
(1 2.98458e-15 0)
(1 -6.30811e-16 0)
(1 -1.41019e-15 0)
(1 -7.94539e-15 0)
(1 -8.16015e-15 0)
(1 -2.75864e-15 0)
(1 -2.46598e-15 0)
(1 -1.81656e-15 0)
(1 7.36612e-16 0)
(1 -8.6421e-15 0)
(1 -3.84697e-15 0)
(1 -4.06452e-16 0)
(1 3.1303e-15 0)
(1 6.03995e-16 0)
(1 1.18201e-14 0)
(1 1.98632e-16 0)
(1 -1.49701e-15 0)
(1 -9.70877e-15 0)
(1 -1.21449e-14 0)
(1 -1.26242e-14 0)
(1 -5.69301e-15 0)
(1 -3.36594e-15 0)
(1 -4.83073e-15 0)
(1 -5.42623e-15 0)
(1 -8.46505e-16 0)
(1 -5.1596e-16 0)
(1 -9.51618e-15 0)
(1 -6.12511e-15 0)
(1 -3.54139e-15 0)
(1 -8.62151e-16 0)
(1 -5.28526e-15 0)
(1 -2.94849e-15 0)
(1 -4.85831e-15 0)
(1 -7.83014e-15 0)
(1 2.27059e-15 0)
(1 -2.83323e-15 0)
(1 8.13678e-15 0)
(1 2.62708e-15 0)
(1 -2.53875e-15 0)
(1 -3.56164e-15 0)
(1 -1.14872e-15 0)
(1 3.75462e-15 0)
(1 1.95117e-15 0)
(1 -6.25261e-15 0)
(1 -5.94071e-15 0)
(1 -7.76536e-15 0)
(1 7.71229e-15 0)
(1 3.46715e-15 0)
(1 4.44486e-15 0)
(1 1.10788e-15 0)
(1 -1.56032e-15 0)
(1 -2.38454e-16 0)
(1 7.67716e-15 0)
(1 1.13477e-15 0)
(1 3.80843e-15 0)
(1 7.91911e-17 0)
(1 -3.59752e-15 0)
(1 -8.37415e-15 0)
(1 -3.41965e-15 0)
(1 5.7607e-15 0)
(1 6.31308e-15 0)
(1 6.23694e-15 0)
(1 3.44232e-15 0)
(1 5.16558e-15 0)
(1 -2.30462e-15 0)
(1 6.89945e-16 0)
(1 -7.28154e-15 0)
(1 -8.22404e-15 0)
(1 -3.61428e-15 0)
(1 3.66016e-15 0)
(1 1.11131e-16 0)
(1 -4.6069e-15 0)
(1 -4.45633e-15 0)
(1 -2.43545e-15 0)
(1 -1.22117e-15 0)
(1 8.0141e-15 0)
(1 -1.48931e-15 0)
(1 3.97045e-15 0)
(1 -1.26548e-14 0)
(1 -8.59945e-15 0)
(1 -1.11593e-14 0)
(1 2.66629e-15 0)
(1 -2.26639e-15 0)
(1 2.12265e-16 0)
(1 4.1337e-15 0)
(1 -9.664e-16 0)
(1 6.00013e-15 0)
(1 -3.83102e-15 0)
(1 8.91465e-16 0)
(1 4.95216e-15 0)
(1 3.22653e-15 0)
(1 1.25206e-15 0)
(1 5.97632e-16 0)
(1 7.90538e-15 0)
(1 6.07452e-17 0)
(1 7.69968e-15 0)
(1 -7.32972e-15 0)
(1 2.71116e-17 0)
(1 -6.24789e-15 0)
(1 -2.57191e-15 0)
(1 -7.71512e-15 0)
(1 -2.16876e-15 0)
(1 -7.91273e-15 0)
(1 -6.57355e-15 0)
(1 -6.13691e-15 0)
(1 -5.56804e-15 0)
(1 -1.49976e-15 0)
(1 -1.09851e-14 0)
(1 -6.33962e-15 0)
(1 -9.01307e-15 0)
(1 -2.83116e-15 0)
(1 -7.64863e-15 0)
(1 -2.16645e-15 0)
(1 1.66015e-15 0)
(1 4.21084e-16 0)
(1 1.29634e-15 0)
(1 -8.92009e-15 0)
(1 -6.93631e-15 0)
(1 -1.15067e-14 0)
(1 -5.67837e-15 0)
(1 -7.93802e-15 0)
(1 9.76709e-16 0)
(1 2.99705e-15 0)
(1 1.19113e-15 0)
(1 -1.73931e-15 0)
(1 -3.43792e-15 0)
(1 -8.53975e-15 0)
(1 -9.92708e-15 0)
(1 -3.70094e-18 0)
(1 2.46823e-16 0)
(1 3.47705e-15 0)
(1 -7.07741e-16 0)
(1 8.87839e-16 0)
(1 1.98742e-15 0)
(1 -2.43143e-16 0)
(1 2.09249e-15 0)
(1 1.15633e-15 0)
(1 2.92389e-15 0)
(1 7.50712e-15 0)
(1 5.84704e-16 0)
(1 -2.14509e-15 0)
(1 -1.78374e-15 0)
(1 -3.21538e-15 0)
(1 -4.877e-15 0)
(1 4.51215e-15 0)
(1 -2.82945e-17 0)
(1 5.09604e-15 0)
(1 1.05966e-15 0)
(1 -9.51198e-17 0)
(1 -3.96062e-15 0)
(1 -8.14431e-16 0)
(1 -6.76456e-16 0)
(1 8.85178e-15 0)
(1 -2.55275e-15 0)
(1 -2.51447e-15 0)
(1 -2.33612e-15 0)
(1 -1.48141e-17 0)
(1 -2.91676e-15 0)
(1 -4.09857e-15 0)
(1 2.88223e-15 0)
(1 5.81457e-15 0)
(1 3.95406e-15 0)
(1 2.37596e-15 0)
(1 1.21716e-15 0)
(1 4.94217e-15 0)
(1 -9.11855e-16 0)
(1 1.15687e-15 0)
(1 -8.00028e-15 0)
(1 -3.55144e-15 0)
(1 -1.25021e-14 0)
(1 -9.03096e-15 0)
(1 -5.14985e-15 0)
(1 5.86611e-15 0)
(1 2.87181e-15 0)
(1 5.47901e-15 0)
(1 8.32795e-15 0)
(1 3.48626e-15 0)
(1 -3.45362e-15 0)
(1 3.94202e-15 0)
(1 -4.39454e-15 0)
(1 1.4908e-15 0)
(1 6.47735e-16 0)
(1 -2.88222e-15 0)
(1 -9.15585e-15 0)
(1 -7.7719e-15 0)
(1 -8.70916e-15 0)
(1 -5.07413e-15 0)
(1 2.7811e-15 0)
(1 -1.17642e-15 0)
(1 -9.74261e-16 0)
(1 -3.23931e-15 0)
(1 -2.23155e-15 0)
(1 8.41221e-16 0)
(1 -1.94932e-15 0)
(1 -7.6357e-15 0)
(1 -8.55208e-15 0)
(1 -5.61719e-15 0)
(1 5.84391e-15 0)
(1 8.77797e-16 0)
(1 2.80229e-16 0)
(1 -3.27691e-15 0)
(1 3.25842e-15 0)
(1 -1.04923e-15 0)
(1 -1.58612e-16 0)
(1 -4.30957e-15 0)
(1 -6.19411e-15 0)
(1 -1.13761e-14 0)
(1 -5.02162e-15 0)
(1 -1.46631e-14 0)
(1 -7.27485e-15 0)
(1 1.23233e-15 0)
(1 -9.86042e-15 0)
(1 -1.00352e-14 0)
(1 -3.79559e-16 0)
(1 -3.61174e-15 0)
(1 7.26093e-15 0)
(1 7.60392e-16 0)
(1 5.01484e-17 0)
(1 -7.33735e-15 0)
(1 -6.72876e-15 0)
(1 -6.51511e-15 0)
(1 -5.21187e-15 0)
(1 2.32382e-15 0)
(1 -6.16742e-15 0)
(1 8.5509e-16 0)
(1 -4.32154e-15 0)
(1 2.76581e-15 0)
(1 -1.15927e-14 0)
(1 -1.00573e-14 0)
(1 -1.6341e-14 0)
(1 -7.52361e-15 0)
(1 -2.53206e-15 0)
(1 -1.00961e-15 0)
(1 3.72153e-15 0)
(1 -5.48053e-15 0)
(1 -3.42172e-15 0)
(1 -6.96903e-15 0)
(1 -7.58128e-16 0)
(1 1.92786e-15 0)
(1 4.67806e-15 0)
(1 1.80575e-15 0)
(1 -2.1481e-15 0)
(1 1.09325e-16 0)
(1 1.3966e-15 0)
(1 6.50985e-15 0)
(1 6.65895e-15 0)
(1 -5.28938e-15 0)
(1 -5.08217e-15 0)
(1 2.57625e-15 0)
(1 2.17634e-15 0)
(1 4.20162e-15 0)
(1 7.47452e-15 0)
(1 4.8162e-15 0)
(1 2.67487e-15 0)
(1 -5.08079e-15 0)
(1 -7.09334e-15 0)
(1 -8.9501e-17 0)
(1 -2.96916e-15 0)
(1 -2.65814e-15 0)
(1 -4.6409e-15 0)
(1 6.34218e-16 0)
(1 -3.34361e-15 0)
(1 -2.26558e-15 0)
(1 4.94078e-15 0)
(1 2.61173e-15 0)
(1 -1.94366e-15 0)
(1 6.53456e-15 0)
(1 -1.98381e-15 0)
(1 -1.05923e-14 0)
(1 -9.25734e-15 0)
(1 4.01427e-16 0)
(1 3.37629e-15 0)
(1 6.80411e-15 0)
(1 2.44164e-15 0)
(1 4.6886e-15 0)
(1 2.76378e-15 0)
(1 6.76009e-15 0)
(1 -6.51502e-15 0)
(1 -7.52149e-16 0)
(1 -1.09529e-14 0)
(1 -1.60209e-14 0)
(1 -4.43697e-15 0)
(1 1.07797e-15 0)
(1 -1.76899e-15 0)
(1 -9.87902e-15 0)
(1 -1.70205e-15 0)
(1 8.46089e-16 0)
(1 6.05989e-15 0)
(1 -3.33982e-15 0)
(1 -1.28273e-15 0)
(1 4.40451e-15 0)
(1 7.42873e-15 0)
(1 -1.38549e-15 0)
(1 -1.13088e-14 0)
(1 -4.01242e-15 0)
(1 -7.73083e-15 0)
(1 -1.1615e-15 0)
(1 2.0019e-15 0)
(1 5.27125e-15 0)
(1 7.83039e-15 0)
(1 5.23495e-15 0)
(1 4.69182e-16 0)
(1 -6.4206e-16 0)
(1 -2.63388e-15 0)
(1 -8.09232e-15 0)
(1 -7.92438e-15 0)
(1 -7.98266e-15 0)
(1 -6.87161e-15 0)
(1 -1.15178e-14 0)
(1 -5.78247e-15 0)
(1 -7.67876e-15 0)
(1 8.17305e-17 0)
(1 -4.054e-15 0)
(1 -2.52286e-15 0)
(1 -1.49379e-15 0)
(1 -4.64223e-15 0)
(1 -4.42594e-16 0)
(1 -3.22036e-15 0)
(1 -3.08231e-15 0)
(1 -4.80587e-15 0)
(1 -1.23937e-15 0)
(1 -5.42181e-15 0)
(1 -4.5473e-15 0)
(1 -1.04689e-15 0)
(1 -1.70604e-15 0)
(1 5.05231e-15 0)
(1 8.31783e-15 0)
(1 1.63218e-15 0)
(1 -4.57797e-15 0)
(1 -5.16797e-15 0)
(1 -5.7786e-15 0)
(1 -2.91702e-15 0)
(1 -4.95756e-15 0)
(1 -1.08693e-14 0)
(1 -9.17038e-15 0)
(1 -4.6586e-15 0)
(1 -3.49855e-15 0)
(1 1.25287e-16 0)
(1 -5.11925e-15 0)
(1 3.08466e-15 0)
(1 -2.57072e-16 0)
(1 2.30888e-15 0)
(1 6.94273e-15 0)
(1 6.45987e-15 0)
(1 8.3856e-16 0)
(1 4.61732e-15 0)
(1 -3.38485e-15 0)
(1 -9.87626e-17 0)
(1 -3.30966e-15 0)
(1 -3.40786e-15 0)
(1 -6.50385e-15 0)
(1 -1.67264e-15 0)
(1 -3.30643e-15 0)
(1 3.94734e-15 0)
(1 6.67532e-15 0)
(1 6.14508e-15 0)
(1 -1.0204e-16 0)
(1 -9.19152e-16 0)
(1 1.2472e-15 0)
(1 6.798e-15 0)
(1 7.24079e-15 0)
(1 -1.39047e-15 0)
(1 -2.08941e-15 0)
(1 4.31096e-16 0)
(1 -7.18689e-15 0)
(1 -3.2814e-15 0)
(1 -1.15478e-14 0)
(1 4.99851e-15 0)
(1 7.67174e-16 0)
(1 1.11121e-14 0)
(1 2.26031e-15 0)
(1 -8.00457e-15 0)
(1 -4.61062e-15 0)
(1 -3.27738e-15 0)
(1 3.96098e-16 0)
(1 3.09542e-15 0)
(1 1.00806e-14 0)
(1 4.12925e-15 0)
(1 -1.03774e-14 0)
(1 -1.31821e-14 0)
(1 -1.02516e-14 0)
(1 -2.94652e-15 0)
(1 -1.71738e-15 0)
(1 -2.33363e-15 0)
(1 -2.16535e-17 0)
(1 5.06234e-15 0)
(1 4.63072e-15 0)
(1 8.02651e-15 0)
(1 2.20489e-15 0)
(1 7.0763e-16 0)
(1 -3.06038e-15 0)
(1 -2.54543e-15 0)
(1 -8.88944e-15 0)
(1 -1.4196e-14 0)
(1 -4.45956e-15 0)
(1 -1.52418e-15 0)
(1 1.11424e-16 0)
(1 2.72187e-15 0)
(1 1.21186e-14 0)
(1 4.99897e-15 0)
(1 -3.94387e-15 0)
(1 -3.68386e-16 0)
(1 -4.81227e-15 0)
(1 -1.01458e-15 0)
(1 -6.04748e-15 0)
(1 -6.07162e-15 0)
(1 -3.22083e-15 0)
(1 -4.94622e-15 0)
(1 -4.81205e-15 0)
(1 -5.75785e-15 0)
(1 -8.60537e-15 0)
(1 -4.71394e-15 0)
(1 -5.77624e-15 0)
(1 -3.98795e-15 0)
(1 -1.84059e-15 0)
(1 1.96609e-16 0)
(1 -2.23603e-15 0)
(1 -3.27056e-15 0)
(1 1.00877e-15 0)
(1 -3.10627e-16 0)
(1 7.31796e-15 0)
(1 2.23569e-15 0)
(1 -3.71908e-15 0)
(1 2.52041e-15 0)
(1 -4.59339e-15 0)
(1 -3.35504e-15 0)
(1 -1.10854e-14 0)
(1 7.50758e-15 0)
(1 4.09379e-15 0)
(1 2.09807e-15 0)
(1 -2.54862e-15 0)
(1 -1.78635e-15 0)
(1 -3.13618e-15 0)
(1 -9.56603e-15 0)
(1 -8.79864e-15 0)
(1 -1.39335e-14 0)
(1 -1.61384e-15 0)
(1 5.77205e-15 0)
(1 4.72262e-15 0)
(1 -1.38338e-15 0)
(1 -2.74901e-15 0)
(1 2.83627e-15 0)
(1 3.21167e-15 0)
(1 7.1289e-15 0)
(1 1.16485e-15 0)
(1 -1.56988e-16 0)
(1 -8.7354e-15 0)
(1 -9.08309e-16 0)
(1 -5.53291e-15 0)
(1 -4.65318e-15 0)
(1 -7.92006e-15 0)
(1 -7.50191e-15 0)
(1 -6.08108e-15 0)
(1 1.78155e-15 0)
(1 1.32084e-14 0)
(1 6.25196e-15 0)
(1 -9.5761e-16 0)
(1 4.05463e-16 0)
(1 -1.46857e-17 0)
(1 7.66497e-15 0)
(1 5.4976e-15 0)
(1 -7.81006e-16 0)
(1 5.38064e-15 0)
(1 -5.35299e-15 0)
(1 -6.3204e-15 0)
(1 -7.94563e-15 0)
(1 -5.37573e-15 0)
(1 1.71252e-15 0)
(1 5.99643e-15 0)
(1 5.65647e-15 0)
(1 -3.52441e-16 0)
(1 -4.63295e-16 0)
(1 -3.33295e-15 0)
(1 9.97839e-15 0)
(1 7.40789e-15 0)
(1 3.45948e-15 0)
(1 -2.85011e-15 0)
(1 -6.72576e-15 0)
(1 -8.0179e-15 0)
(1 -1.49611e-14 0)
(1 -1.23242e-14 0)
(1 -7.85748e-15 0)
(1 2.86138e-16 0)
(1 1.20357e-15 0)
(1 6.13356e-16 0)
(1 2.97312e-16 0)
(1 -3.0048e-17 0)
(1 5.64251e-15 0)
(1 2.71322e-15 0)
(1 4.27425e-15 0)
(1 8.46247e-15 0)
(1 -5.14713e-16 0)
(1 -3.86961e-15 0)
(1 1.39427e-15 0)
(1 -1.54075e-14 0)
(1 -1.60841e-14 0)
(1 -7.12066e-15 0)
(1 3.89046e-15 0)
(1 6.84352e-15 0)
(1 3.63264e-15 0)
(1 -2.46487e-15 0)
(1 3.29677e-15 0)
(1 2.94418e-15 0)
(1 6.78406e-15 0)
(1 -1.32793e-15 0)
(1 -2.56002e-15 0)
(1 -6.82762e-15 0)
(1 -4.34384e-15 0)
(1 -1.07222e-14 0)
(1 -5.80163e-15 0)
(1 -1.17793e-14 0)
(1 -4.42412e-15 0)
(1 -1.19894e-14 0)
(1 -1.02717e-14 0)
(1 -3.55922e-16 0)
(1 -1.4074e-15 0)
(1 -3.62361e-15 0)
(1 -1.13905e-15 0)
(1 -2.51443e-15 0)
(1 -3.29134e-15 0)
(1 4.47912e-15 0)
(1 6.64198e-15 0)
(1 -7.08309e-16 0)
(1 5.47285e-16 0)
(1 -2.45173e-15 0)
(1 -1.45221e-15 0)
(1 7.79124e-16 0)
(1 2.77394e-16 0)
(1 -3.57024e-15 0)
(1 6.24634e-16 0)
(1 -8.59563e-16 0)
(1 -4.95847e-15 0)
(1 -7.81547e-15 0)
(1 -8.50114e-15 0)
(1 -8.43659e-15 0)
(1 1.66915e-16 0)
(1 1.59261e-15 0)
(1 1.51646e-15 0)
(1 -3.16284e-15 0)
(1 -3.72276e-15 0)
(1 4.50838e-16 0)
(1 -1.2136e-15 0)
(1 1.07895e-17 0)
(1 3.14866e-15 0)
(1 1.7141e-15 0)
(1 -3.65098e-15 0)
(1 -5.46324e-15 0)
(1 3.35642e-16 0)
(1 4.58354e-15 0)
(1 1.39179e-17 0)
(1 -6.1924e-15 0)
(1 -7.66091e-15 0)
(1 -2.07697e-15 0)
(1 2.47004e-15 0)
(1 6.90549e-15 0)
(1 4.65544e-15 0)
(1 -4.74803e-15 0)
(1 -1.0753e-16 0)
(1 -1.67039e-15 0)
(1 -7.55842e-16 0)
(1 -9.27329e-16 0)
(1 -8.28691e-16 0)
(1 1.79684e-15 0)
(1 -5.87274e-15 0)
(1 -2.99349e-15 0)
(1 -1.80787e-15 0)
(1 7.44192e-16 0)
(1 -5.22602e-15 0)
(1 -1.10037e-14 0)
(1 -5.60469e-15 0)
(1 -2.55313e-15 0)
(1 3.37554e-15 0)
(1 -1.45948e-17 0)
(1 8.2585e-15 0)
(1 1.24252e-14 0)
(1 2.06167e-15 0)
(1 -1.44212e-14 0)
(1 -4.49497e-15 0)
(1 -9.57038e-15 0)
(1 -3.56409e-15 0)
(1 -8.7363e-15 0)
(1 -1.70878e-15 0)
(1 1.53676e-14 0)
(1 8.05374e-15 0)
(1 -4.55781e-17 0)
(1 -1.76318e-15 0)
(1 -3.13137e-15 0)
(1 -3.37909e-15 0)
(1 -3.87206e-15 0)
(1 -6.76078e-15 0)
(1 -4.78007e-16 0)
(1 -2.2813e-15 0)
(1 -5.95844e-15 0)
(1 2.8454e-15 0)
(1 -6.07235e-15 0)
(1 -5.82678e-15 0)
(1 4.26908e-15 0)
(1 9.9764e-15 0)
(1 8.12226e-15 0)
(1 1.94847e-15 0)
(1 -1.68433e-15 0)
(1 4.29874e-16 0)
(1 -9.35551e-16 0)
(1 2.59547e-15 0)
(1 -2.68363e-15 0)
(1 -3.7049e-15 0)
(1 -4.96587e-16 0)
(1 -7.95309e-16 0)
(1 -5.5397e-15 0)
(1 -2.47252e-15 0)
(1 -1.13315e-14 0)
(1 -7.79234e-15 0)
(1 -8.15708e-15 0)
(1 -1.0267e-14 0)
(1 -9.28808e-15 0)
(1 -8.40364e-15 0)
(1 -6.72923e-16 0)
(1 -6.00634e-16 0)
(1 -2.75303e-15 0)
(1 1.5137e-15 0)
(1 4.32034e-15 0)
(1 6.95714e-15 0)
(1 4.36154e-15 0)
(1 7.954e-16 0)
(1 -4.22562e-15 0)
(1 -1.13874e-15 0)
(1 5.12634e-15 0)
(1 -5.83491e-15 0)
(1 -5.00662e-15 0)
(1 -7.71073e-15 0)
(1 -1.89499e-15 0)
(1 -5.88231e-15 0)
(1 -8.43204e-15 0)
(1 -7.92756e-15 0)
(1 -2.95088e-15 0)
(1 4.73426e-15 0)
(1 9.55541e-16 0)
(1 -9.79624e-15 0)
(1 -1.16367e-14 0)
(1 -5.55387e-15 0)
(1 3.096e-15 0)
(1 2.28522e-17 0)
(1 -1.61596e-15 0)
(1 3.2165e-15 0)
(1 5.83326e-16 0)
(1 4.69505e-16 0)
(1 -1.41225e-15 0)
(1 -3.28878e-15 0)
(1 -5.13552e-15 0)
(1 -5.44067e-15 0)
(1 -9.04246e-16 0)
(1 9.45013e-16 0)
(1 2.82809e-15 0)
(1 8.17433e-16 0)
(1 -3.72871e-15 0)
(1 -2.99626e-15 0)
(1 -3.09217e-15 0)
(1 -2.9698e-15 0)
(1 -4.5085e-15 0)
(1 -7.07497e-15 0)
(1 -7.45109e-15 0)
(1 5.81336e-15 0)
(1 1.24648e-15 0)
(1 -7.24078e-15 0)
(1 -1.32902e-14 0)
(1 -3.77423e-15 0)
(1 -7.2843e-15 0)
(1 -8.49964e-15 0)
(1 -9.49056e-15 0)
(1 -2.42556e-15 0)
(1 8.42883e-16 0)
(1 -1.16697e-14 0)
(1 -7.75319e-15 0)
(1 -5.63186e-15 0)
(1 1.27943e-14 0)
(1 5.82071e-15 0)
(1 2.69391e-15 0)
(1 1.74425e-14 0)
(1 -1.02235e-15 0)
(1 7.02993e-15 0)
(1 4.06475e-15 0)
(1 3.8196e-15 0)
(1 -3.83865e-15 0)
(1 -1.14675e-14 0)
(1 -6.02666e-15 0)
(1 -5.80345e-15 0)
(1 -2.87612e-15 0)
(1 -8.22461e-15 0)
(1 1.47211e-15 0)
(1 -4.78227e-15 0)
(1 -1.03792e-14 0)
(1 -6.84879e-15 0)
(1 -3.37938e-15 0)
(1 1.66406e-15 0)
(1 1.17377e-14 0)
(1 4.57211e-15 0)
(1 3.82581e-15 0)
(1 2.79511e-15 0)
(1 8.6796e-16 0)
(1 -2.56338e-15 0)
(1 5.81728e-16 0)
(1 1.1974e-15 0)
(1 -1.69988e-15 0)
(1 -1.37408e-15 0)
(1 -1.0567e-15 0)
(1 -6.44121e-16 0)
(1 -3.8399e-15 0)
(1 1.78647e-15 0)
(1 2.19882e-15 0)
(1 -4.65092e-15 0)
(1 -7.14571e-15 0)
(1 -1.55354e-14 0)
(1 -6.7218e-15 0)
(1 -6.49138e-15 0)
(1 -8.00171e-15 0)
(1 -4.97603e-15 0)
(1 -2.52369e-15 0)
(1 -2.5363e-15 0)
(1 -6.27471e-15 0)
(1 6.55798e-16 0)
(1 4.78068e-16 0)
(1 -1.36264e-15 0)
(1 7.15547e-15 0)
(1 2.31142e-15 0)
(1 4.18339e-15 0)
(1 3.52694e-15 0)
(1 -2.54364e-15 0)
(1 -4.72069e-15 0)
(1 -6.20263e-15 0)
(1 -1.38018e-14 0)
(1 -1.41217e-14 0)
(1 -8.82335e-15 0)
(1 -8.6836e-15 0)
(1 -7.85925e-16 0)
(1 1.92541e-15 0)
(1 -2.40015e-15 0)
(1 -2.7572e-15 0)
(1 -7.03572e-15 0)
(1 -4.70209e-15 0)
(1 -4.30836e-15 0)
(1 -2.36775e-15 0)
(1 -1.30362e-15 0)
(1 -6.1321e-16 0)
(1 2.88811e-15 0)
(1 3.05929e-15 0)
(1 6.2249e-16 0)
(1 3.73235e-15 0)
(1 -5.36133e-15 0)
(1 -4.69049e-15 0)
(1 -1.09105e-15 0)
(1 8.73634e-15 0)
(1 7.39069e-15 0)
(1 1.87713e-15 0)
(1 -3.35682e-15 0)
(1 -6.56724e-15 0)
(1 -7.89826e-15 0)
(1 4.64686e-15 0)
(1 -4.776e-15 0)
(1 -1.26065e-14 0)
(1 -1.66229e-14 0)
(1 -1.62704e-14 0)
(1 3.91538e-15 0)
(1 -1.37948e-15 0)
(1 8.36863e-16 0)
(1 1.77395e-15 0)
(1 -2.0209e-15 0)
(1 -6.5892e-15 0)
(1 -8.04456e-15 0)
(1 -8.90754e-15 0)
(1 -1.42211e-14 0)
(1 -7.75371e-15 0)
(1 -3.33463e-15 0)
(1 -2.34481e-15 0)
(1 1.06616e-14 0)
(1 1.26764e-14 0)
(1 1.37902e-15 0)
(1 2.48598e-15 0)
(1 2.74892e-15 0)
(1 9.79514e-15 0)
(1 6.09813e-15 0)
(1 6.71355e-15 0)
(1 6.21283e-15 0)
(1 -5.98717e-15 0)
(1 -7.42657e-15 0)
(1 -4.67847e-15 0)
(1 -6.41524e-15 0)
(1 -8.11327e-15 0)
(1 -1.83656e-14 0)
(1 -9.60195e-15 0)
(1 -9.50327e-15 0)
(1 -4.73123e-15 0)
(1 -5.57702e-15 0)
(1 3.99191e-15 0)
(1 2.39445e-15 0)
(1 5.76557e-15 0)
(1 6.76592e-15 0)
(1 9.2989e-16 0)
(1 2.79598e-15 0)
(1 -1.61276e-15 0)
(1 8.03277e-15 0)
(1 8.36047e-16 0)
(1 1.30713e-15 0)
(1 1.26092e-15 0)
(1 1.15098e-15 0)
(1 -2.97462e-15 0)
(1 -2.4603e-15 0)
(1 -1.08915e-14 0)
(1 -9.34634e-15 0)
(1 -5.92691e-15 0)
(1 -6.94297e-15 0)
(1 -5.37178e-15 0)
(1 -1.01227e-14 0)
(1 -1.81503e-15 0)
(1 3.73444e-15 0)
(1 4.47184e-16 0)
(1 -4.4524e-15 0)
(1 -6.47393e-15 0)
(1 -1.32543e-15 0)
(1 -1.88942e-15 0)
(1 -4.2478e-15 0)
(1 -6.03167e-15 0)
(1 1.73897e-15 0)
(1 7.28622e-15 0)
(1 1.33324e-15 0)
(1 4.31281e-16 0)
(1 2.13808e-15 0)
(1 1.23986e-15 0)
(1 9.56164e-16 0)
(1 -7.70043e-15 0)
(1 -5.14936e-15 0)
(1 -1.21968e-14 0)
(1 -1.19835e-14 0)
(1 -1.13962e-14 0)
(1 -2.25511e-15 0)
(1 1.02858e-16 0)
(1 -2.42209e-15 0)
(1 -9.71994e-15 0)
(1 -2.29969e-15 0)
(1 -2.79058e-15 0)
(1 -1.44925e-15 0)
(1 -1.77188e-15 0)
(1 -5.79016e-16 0)
(1 -1.2856e-16 0)
(1 -2.04069e-15 0)
(1 1.32837e-15 0)
(1 2.30086e-15 0)
(1 3.27253e-15 0)
(1 -1.43437e-15 0)
(1 4.10097e-15 0)
(1 -2.04739e-16 0)
(1 -8.81259e-16 0)
(1 -2.20408e-15 0)
(1 -2.75534e-15 0)
(1 -2.70232e-15 0)
(1 -5.32549e-15 0)
(1 -1.46454e-15 0)
(1 -1.355e-16 0)
(1 -6.50804e-15 0)
(1 -1.18234e-14 0)
(1 -1.53709e-14 0)
(1 -1.46243e-14 0)
(1 -2.88553e-15 0)
(1 -1.09559e-14 0)
(1 1.26015e-15 0)
(1 9.8418e-15 0)
(1 -2.22149e-17 0)
(1 -9.91356e-16 0)
(1 1.16221e-15 0)
(1 -8.16664e-15 0)
(1 -1.03925e-14 0)
(1 -1.3022e-14 0)
(1 -7.09472e-15 0)
(1 6.36605e-15 0)
(1 5.31657e-15 0)
(1 -1.58059e-15 0)
(1 3.5233e-15 0)
(1 1.51789e-15 0)
(1 -5.31764e-16 0)
(1 5.59137e-15 0)
(1 1.01644e-14 0)
(1 9.57963e-15 0)
(1 -2.06759e-15 0)
(1 1.38032e-15 0)
(1 -1.01311e-14 0)
(1 -3.51797e-15 0)
(1 -6.34753e-15 0)
(1 -9.69589e-15 0)
(1 -1.13038e-14 0)
(1 -1.27829e-14 0)
(1 -5.79766e-15 0)
(1 -7.41065e-15 0)
(1 -8.94686e-15 0)
(1 7.40461e-15 0)
(1 2.61711e-15 0)
(1 8.80657e-15 0)
(1 4.21589e-15 0)
(1 1.04759e-14 0)
(1 3.6901e-15 0)
(1 -1.67066e-15 0)
(1 -8.72554e-17 0)
(1 -4.33886e-15 0)
(1 -3.84232e-15 0)
(1 -1.32686e-15 0)
(1 -3.23788e-16 0)
(1 1.60923e-15 0)
(1 -2.66378e-15 0)
(1 -1.19413e-15 0)
(1 -6.48228e-15 0)
(1 -1.1769e-15 0)
(1 -2.86161e-15 0)
(1 -4.98105e-15 0)
(1 -8.21344e-15 0)
(1 -9.91084e-15 0)
(1 -2.99296e-15 0)
(1 -3.20526e-15 0)
(1 5.28482e-16 0)
(1 1.18109e-16 0)
(1 1.65501e-15 0)
(1 2.97503e-15 0)
(1 1.83944e-15 0)
(1 -3.80121e-17 0)
(1 7.05769e-15 0)
(1 2.15904e-15 0)
(1 -3.75563e-15 0)
(1 -7.33564e-16 0)
(1 -1.97257e-15 0)
(1 1.27229e-15 0)
(1 -3.82618e-15 0)
(1 -9.30083e-16 0)
(1 -1.41404e-15 0)
(1 -8.46997e-16 0)
(1 -1.82074e-15 0)
(1 -4.99509e-15 0)
(1 -3.56757e-15 0)
(1 -7.32272e-17 0)
(1 -3.6675e-15 0)
(1 -5.87023e-15 0)
(1 -2.0085e-15 0)
(1 -2.8954e-15 0)
(1 7.91098e-16 0)
(1 -7.81282e-16 0)
(1 2.75951e-15 0)
(1 3.37635e-15 0)
(1 -6.2714e-16 0)
(1 2.4481e-15 0)
(1 -2.9537e-15 0)
(1 -2.22381e-15 0)
(1 1.27758e-15 0)
(1 2.34623e-15 0)
(1 3.46577e-15 0)
(1 1.96852e-15 0)
(1 -1.59001e-15 0)
(1 -4.13299e-16 0)
(1 -3.72873e-15 0)
(1 -4.18126e-15 0)
(1 -2.67721e-15 0)
(1 -7.32852e-15 0)
(1 -3.75546e-15 0)
(1 -7.49529e-16 0)
(1 -4.72096e-15 0)
(1 -3.75659e-15 0)
(1 -3.29612e-15 0)
(1 -3.677e-15 0)
(1 -4.56102e-15 0)
(1 1.00636e-14 0)
(1 -1.31705e-15 0)
(1 3.66434e-15 0)
(1 -4.62974e-15 0)
(1 1.3715e-15 0)
(1 -5.71826e-15 0)
(1 2.36512e-15 0)
(1 -4.65088e-15 0)
(1 2.53857e-15 0)
(1 -1.49138e-14 0)
(1 -1.14614e-14 0)
(1 5.27054e-15 0)
(1 8.24168e-15 0)
(1 1.94575e-15 0)
(1 7.2978e-16 0)
(1 2.41079e-15 0)
(1 3.93799e-15 0)
(1 -7.77974e-15 0)
(1 -6.81302e-15 0)
(1 -4.19446e-16 0)
(1 3.45551e-15 0)
(1 -4.11592e-15 0)
(1 -1.0336e-14 0)
(1 -8.79897e-15 0)
(1 -9.52291e-15 0)
(1 1.82961e-15 0)
(1 -3.23408e-15 0)
(1 2.0271e-15 0)
(1 2.90733e-15 0)
(1 1.92225e-15 0)
(1 1.175e-15 0)
(1 8.55601e-15 0)
(1 1.03372e-14 0)
(1 1.03356e-15 0)
(1 -2.85103e-15 0)
(1 -6.00346e-15 0)
(1 2.4245e-15 0)
(1 -9.46221e-15 0)
(1 -5.71619e-15 0)
(1 -3.70565e-15 0)
(1 1.23687e-15 0)
(1 -4.78695e-15 0)
(1 -5.96583e-15 0)
(1 -6.45296e-15 0)
(1 -1.07268e-14 0)
(1 -5.29553e-15 0)
(1 -3.49381e-15 0)
(1 -9.247e-15 0)
(1 -4.92135e-15 0)
(1 -5.19067e-15 0)
(1 2.23e-16 0)
(1 4.55491e-15 0)
(1 7.4653e-15 0)
(1 1.11375e-15 0)
(1 6.03725e-15 0)
(1 1.19273e-15 0)
(1 -8.2481e-16 0)
(1 -3.45013e-15 0)
(1 -1.93218e-16 0)
(1 4.19263e-15 0)
(1 5.73722e-15 0)
(1 6.48657e-15 0)
(1 -5.89883e-16 0)
(1 -5.72943e-15 0)
(1 -6.78294e-15 0)
(1 -4.9185e-15 0)
(1 -6.92988e-15 0)
(1 -2.84605e-15 0)
(1 -5.9336e-15 0)
(1 -2.8378e-15 0)
(1 2.47319e-15 0)
(1 2.73379e-15 0)
(1 1.65136e-15 0)
(1 -2.46748e-15 0)
(1 -2.52549e-15 0)
(1 -1.21817e-15 0)
(1 -1.65932e-15 0)
(1 3.80359e-15 0)
(1 4.57499e-16 0)
(1 3.11973e-15 0)
(1 6.59446e-15 0)
(1 1.36989e-15 0)
(1 5.43054e-15 0)
(1 2.86553e-15 0)
(1 -5.29744e-16 0)
(1 2.00264e-15 0)
(1 2.39122e-15 0)
(1 5.96538e-16 0)
(1 -6.53261e-16 0)
(1 -6.98598e-15 0)
(1 -1.65399e-15 0)
(1 -2.51535e-15 0)
(1 2.8975e-15 0)
(1 -1.27259e-15 0)
(1 2.44222e-16 0)
(1 -3.41578e-15 0)
(1 -4.9819e-15 0)
(1 -3.30607e-15 0)
(1 6.70936e-15 0)
(1 2.40244e-15 0)
(1 2.45934e-15 0)
(1 3.30719e-15 0)
(1 -4.93663e-16 0)
(1 -9.39167e-15 0)
(1 1.74568e-15 0)
(1 -8.84419e-15 0)
(1 -1.09053e-15 0)
(1 7.06e-16 0)
(1 -8.06564e-15 0)
(1 -1.02768e-14 0)
(1 -7.1501e-15 0)
(1 1.10513e-15 0)
(1 1.14591e-14 0)
(1 -2.40277e-15 0)
(1 8.04978e-15 0)
(1 -3.12705e-15 0)
(1 4.45258e-16 0)
(1 -1.11004e-16 0)
(1 2.97819e-15 0)
(1 1.00659e-14 0)
(1 8.9048e-16 0)
(1 -4.59078e-15 0)
(1 -1.71906e-14 0)
(1 -1.57248e-14 0)
(1 -1.2845e-14 0)
(1 -4.60919e-15 0)
(1 2.34161e-16 0)
(1 6.73314e-15 0)
(1 -6.19519e-15 0)
(1 -8.08703e-16 0)
(1 -9.0505e-15 0)
(1 1.17158e-14 0)
(1 2.84578e-15 0)
(1 -3.61576e-17 0)
(1 4.72611e-16 0)
(1 7.85665e-16 0)
(1 5.08769e-15 0)
(1 -5.4391e-15 0)
(1 -4.90128e-15 0)
(1 -5.74641e-15 0)
(1 -4.98663e-15 0)
(1 -3.9752e-15 0)
(1 -9.09777e-15 0)
(1 -3.91059e-15 0)
(1 -9.74311e-15 0)
(1 -6.95537e-15 0)
(1 -3.22383e-16 0)
(1 -4.68675e-15 0)
(1 9.28449e-17 0)
(1 4.26499e-16 0)
(1 1.49067e-15 0)
(1 1.71264e-15 0)
(1 4.29366e-15 0)
(1 3.03797e-15 0)
(1 4.63834e-15 0)
(1 9.73917e-16 0)
(1 -1.78126e-15 0)
(1 -6.03213e-15 0)
(1 2.94576e-15 0)
(1 5.39271e-15 0)
(1 3.17855e-15 0)
(1 3.62724e-15 0)
(1 -1.6841e-15 0)
(1 -2.77984e-15 0)
(1 -5.35911e-15 0)
(1 -5.72139e-15 0)
(1 -3.43479e-15 0)
(1 1.32393e-15 0)
(1 1.1143e-15 0)
(1 1.65737e-15 0)
(1 1.40825e-15 0)
(1 -1.90445e-15 0)
(1 -2.18587e-15 0)
(1 -7.15097e-15 0)
(1 -2.50553e-15 0)
(1 6.14074e-16 0)
(1 6.30314e-15 0)
(1 3.04636e-15 0)
(1 -3.05279e-15 0)
(1 1.86344e-15 0)
(1 4.66158e-15 0)
(1 6.77717e-15 0)
(1 3.56054e-15 0)
(1 -3.10331e-16 0)
(1 1.72932e-15 0)
(1 -2.08686e-15 0)
(1 -3.20912e-16 0)
(1 -1.18012e-15 0)
(1 -5.21165e-15 0)
(1 -1.41794e-15 0)
(1 -7.96606e-16 0)
(1 1.00386e-15 0)
(1 1.52056e-15 0)
(1 -1.08898e-15 0)
(1 -8.47885e-16 0)
(1 -9.47487e-16 0)
(1 -4.87851e-15 0)
(1 1.39592e-15 0)
(1 4.24725e-15 0)
(1 6.0168e-15 0)
(1 -4.41509e-16 0)
(1 2.57065e-15 0)
(1 1.00012e-15 0)
(1 1.8996e-15 0)
(1 -2.93689e-15 0)
(1 -9.88054e-15 0)
(1 -6.54983e-15 0)
(1 -4.51148e-15 0)
(1 -6.11797e-15 0)
(1 -7.12049e-15 0)
(1 -4.90166e-15 0)
(1 -4.2525e-15 0)
(1 -4.44235e-15 0)
(1 1.50919e-15 0)
(1 7.32685e-17 0)
(1 4.30967e-15 0)
(1 6.58365e-15 0)
(1 8.58608e-15 0)
(1 -2.30758e-15 0)
(1 -3.25942e-15 0)
(1 -1.18356e-14 0)
(1 -4.97618e-15 0)
(1 -6.21373e-15 0)
(1 -4.52839e-15 0)
(1 -4.56123e-15 0)
(1 -2.13095e-15 0)
(1 7.32558e-15 0)
(1 1.25411e-15 0)
(1 -1.35483e-15 0)
(1 5.38982e-15 0)
(1 7.89704e-15 0)
(1 2.78807e-15 0)
(1 2.08277e-15 0)
(1 -2.95003e-15 0)
(1 -3.01472e-15 0)
(1 -1.89947e-16 0)
(1 -1.62873e-15 0)
(1 -3.79198e-15 0)
(1 8.84995e-16 0)
(1 -4.7698e-15 0)
(1 -2.96976e-15 0)
(1 -3.30126e-15 0)
(1 -4.72518e-15 0)
(1 -6.82197e-15 0)
(1 2.62435e-15 0)
(1 -6.50156e-15 0)
(1 -5.80974e-15 0)
(1 -3.11541e-15 0)
(1 -9.07157e-16 0)
(1 3.26077e-15 0)
(1 -3.15484e-15 0)
(1 1.72221e-15 0)
(1 2.67681e-15 0)
(1 8.19082e-15 0)
(1 3.4676e-15 0)
(1 5.69302e-15 0)
(1 2.17871e-15 0)
(1 4.32359e-15 0)
(1 4.0603e-15 0)
(1 8.95291e-16 0)
(1 -4.5464e-15 0)
(1 -3.3551e-15 0)
(1 -4.75019e-15 0)
(1 -6.14017e-15 0)
(1 -1.53497e-15 0)
(1 -1.92041e-16 0)
(1 7.73111e-15 0)
(1 7.27704e-15 0)
(1 5.55128e-15 0)
(1 -2.43467e-15 0)
(1 -2.51976e-15 0)
(1 -4.63647e-15 0)
(1 -1.59501e-15 0)
(1 4.37394e-17 0)
(1 7.91713e-16 0)
(1 1.79988e-15 0)
(1 3.98957e-15 0)
(1 1.47736e-15 0)
(1 6.77662e-15 0)
(1 5.95735e-15 0)
(1 6.22906e-17 0)
(1 3.6933e-15 0)
(1 2.94891e-15 0)
(1 7.10893e-16 0)
(1 4.79043e-15 0)
(1 6.96106e-15 0)
(1 2.12478e-15 0)
(1 -3.82904e-15 0)
(1 -3.68258e-15 0)
(1 -1.54971e-15 0)
(1 -7.09979e-15 0)
(1 2.4594e-15 0)
(1 -2.25111e-16 0)
(1 2.15307e-15 0)
(1 2.55969e-15 0)
(1 6.75326e-15 0)
(1 5.222e-15 0)
(1 2.84537e-15 0)
(1 -1.16946e-15 0)
(1 -3.23903e-16 0)
(1 -1.85476e-15 0)
(1 6.69322e-15 0)
(1 2.93832e-15 0)
(1 5.42232e-15 0)
(1 -1.05316e-14 0)
(1 -3.88135e-15 0)
(1 -9.98959e-15 0)
(1 2.26445e-15 0)
(1 -5.74645e-15 0)
(1 -2.08198e-15 0)
(1 -8.70528e-15 0)
(1 -6.18139e-15 0)
(1 -6.43888e-15 0)
(1 5.18346e-15 0)
(1 2.39557e-15 0)
(1 8.66014e-15 0)
(1 1.01776e-14 0)
(1 2.79117e-15 0)
(1 -5.89667e-15 0)
(1 -1.19844e-15 0)
(1 -4.73356e-15 0)
(1 -7.14001e-15 0)
(1 -9.54539e-15 0)
(1 -7.99669e-15 0)
(1 -4.28635e-15 0)
(1 -3.48565e-15 0)
(1 3.71462e-15 0)
(1 -2.81471e-15 0)
(1 -1.83556e-15 0)
(1 -1.96666e-15 0)
(1 2.27255e-15 0)
(1 2.79755e-16 0)
(1 2.5074e-16 0)
(1 1.38603e-15 0)
(1 1.57287e-15 0)
(1 -2.19864e-15 0)
(1 -7.97713e-15 0)
(1 -5.52797e-15 0)
(1 4.98581e-16 0)
(1 -3.89781e-15 0)
(1 -6.86884e-17 0)
(1 -3.75611e-15 0)
(1 -5.43564e-15 0)
(1 -7.39621e-15 0)
(1 -2.30825e-15 0)
(1 -4.71137e-15 0)
(1 -3.67532e-15 0)
(1 4.15577e-16 0)
(1 2.14424e-15 0)
(1 4.62482e-15 0)
(1 1.03025e-15 0)
(1 -3.0086e-15 0)
(1 -3.16374e-16 0)
(1 5.4415e-15 0)
(1 7.13731e-15 0)
(1 8.76075e-15 0)
(1 4.59439e-15 0)
(1 4.24619e-16 0)
(1 1.68472e-15 0)
(1 1.95173e-15 0)
(1 -1.17908e-15 0)
(1 -2.26544e-15 0)
(1 -4.51814e-15 0)
(1 2.1073e-15 0)
(1 -1.8216e-15 0)
(1 5.00193e-15 0)
(1 2.86816e-15 0)
(1 5.09279e-15 0)
(1 1.2399e-15 0)
(1 3.23035e-15 0)
(1 5.48193e-15 0)
(1 4.92235e-15 0)
(1 7.4576e-15 0)
(1 2.47315e-15 0)
(1 1.20605e-15 0)
(1 -1.54037e-16 0)
(1 -2.86023e-15 0)
(1 1.43669e-15 0)
(1 5.73704e-15 0)
(1 2.84927e-15 0)
(1 -1.56473e-15 0)
(1 4.08518e-15 0)
(1 2.62843e-15 0)
(1 3.51439e-15 0)
(1 -9.14108e-16 0)
(1 3.40478e-15 0)
(1 -4.73191e-15 0)
(1 -1.37801e-15 0)
(1 1.12883e-15 0)
(1 -3.81154e-15 0)
(1 -4.11441e-15 0)
(1 4.08182e-15 0)
(1 7.49699e-15 0)
(1 8.34055e-15 0)
(1 3.41828e-15 0)
(1 2.58463e-16 0)
(1 2.56363e-15 0)
(1 2.16153e-15 0)
(1 -5.25986e-15 0)
(1 2.93006e-15 0)
(1 -6.43545e-15 0)
(1 5.96051e-15 0)
(1 2.56037e-15 0)
(1 3.18498e-15 0)
(1 -7.78428e-15 0)
(1 -4.54113e-16 0)
(1 -1.04785e-15 0)
(1 1.80192e-15 0)
(1 -6.78055e-15 0)
(1 -1.3545e-15 0)
(1 -3.98974e-15 0)
(1 -1.92398e-15 0)
(1 5.86708e-15 0)
(1 3.9138e-15 0)
(1 7.14766e-15 0)
(1 8.75711e-16 0)
(1 -1.17081e-15 0)
(1 6.71659e-16 0)
(1 -1.18274e-16 0)
(1 -2.76833e-15 0)
(1 -8.94853e-16 0)
(1 -2.26894e-15 0)
(1 -5.8947e-15 0)
(1 -4.81458e-15 0)
(1 -3.59163e-15 0)
(1 -4.14013e-15 0)
(1 -2.48413e-15 0)
(1 -4.71458e-16 0)
(1 1.38266e-15 0)
(1 1.53091e-15 0)
(1 4.60096e-15 0)
(1 -2.51555e-15 0)
(1 -1.78837e-15 0)
(1 -8.36709e-16 0)
(1 1.36149e-16 0)
(1 -6.34932e-15 0)
(1 -3.56945e-15 0)
(1 1.68222e-15 0)
(1 -1.0682e-15 0)
(1 -4.27411e-15 0)
(1 -7.06715e-15 0)
(1 -1.79616e-15 0)
(1 -3.56391e-16 0)
(1 1.30769e-15 0)
(1 1.15195e-16 0)
(1 -3.77421e-15 0)
(1 -2.97294e-15 0)
(1 4.69645e-15 0)
(1 -1.62473e-17 0)
(1 -4.11052e-15 0)
(1 3.61823e-15 0)
(1 -1.95519e-15 0)
(1 -7.01519e-16 0)
(1 -1.13845e-15 0)
(1 5.19068e-15 0)
(1 1.05925e-14 0)
(1 4.65869e-15 0)
(1 -9.74152e-16 0)
(1 -2.31147e-15 0)
(1 -4.91216e-15 0)
(1 -2.4808e-16 0)
(1 -3.29794e-15 0)
(1 2.39555e-15 0)
(1 5.42354e-15 0)
(1 3.24011e-15 0)
(1 4.3708e-15 0)
(1 -5.73647e-16 0)
(1 -5.65829e-15 0)
(1 -3.13727e-15 0)
(1 1.60928e-15 0)
(1 4.15464e-15 0)
(1 3.49249e-15 0)
(1 3.55924e-15 0)
(1 1.07787e-15 0)
(1 1.17882e-15 0)
(1 -1.60347e-15 0)
(1 -1.76807e-15 0)
(1 -8.9486e-16 0)
(1 5.65252e-15 0)
(1 -2.12651e-16 0)
(1 2.17541e-15 0)
(1 1.26785e-15 0)
(1 2.56658e-16 0)
(1 3.45255e-15 0)
(1 5.94044e-16 0)
(1 -4.71061e-15 0)
(1 -3.17825e-15 0)
(1 4.72786e-16 0)
(1 2.54035e-15 0)
(1 2.43522e-15 0)
(1 1.17915e-15 0)
(1 1.54178e-15 0)
(1 3.21607e-15 0)
(1 4.9104e-15 0)
(1 3.20335e-15 0)
(1 -2.21327e-15 0)
(1 -1.42268e-15 0)
(1 2.04547e-16 0)
(1 6.01759e-17 0)
(1 2.20311e-15 0)
(1 -4.80598e-16 0)
(1 1.06167e-16 0)
(1 7.04766e-15 0)
(1 -1.28764e-15 0)
(1 2.8786e-15 0)
(1 -1.6721e-15 0)
(1 2.26372e-15 0)
(1 -9.31218e-15 0)
(1 -1.60731e-15 0)
(1 -2.3556e-15 0)
(1 2.98231e-15 0)
(1 -3.02429e-17 0)
(1 -1.15114e-15 0)
(1 4.63821e-15 0)
(1 7.06097e-15 0)
(1 2.42593e-15 0)
(1 -1.19182e-15 0)
(1 3.48122e-15 0)
(1 -4.98268e-15 0)
(1 -2.47368e-15 0)
(1 -6.7853e-15 0)
(1 -3.75843e-15 0)
(1 -1.0868e-15 0)
(1 4.59166e-15 0)
(1 -2.67664e-15 0)
(1 -2.46485e-16 0)
(1 1.44429e-15 0)
(1 -8.23711e-16 0)
(1 -1.10683e-15 0)
(1 -1.60926e-16 0)
(1 4.12284e-15 0)
(1 -5.9829e-16 0)
(1 1.90646e-16 0)
(1 1.67073e-15 0)
(1 5.48167e-15 0)
(1 5.75234e-15 0)
(1 -2.50188e-15 0)
(1 3.16082e-15 0)
(1 -9.94254e-16 0)
(1 -4.23081e-15 0)
(1 -9.13604e-15 0)
(1 4.37021e-16 0)
(1 1.27881e-16 0)
(1 -5.00029e-15 0)
(1 -5.02083e-16 0)
(1 -3.03051e-15 0)
(1 -3.18197e-15 0)
(1 1.05753e-15 0)
(1 -1.81821e-15 0)
(1 -4.43569e-15 0)
(1 4.02106e-15 0)
(1 3.49446e-15 0)
(1 -9.17994e-16 0)
(1 4.83674e-15 0)
(1 4.50867e-15 0)
(1 4.37643e-15 0)
(1 2.08032e-15 0)
(1 1.13072e-15 0)
(1 2.05081e-15 0)
(1 -6.0201e-16 0)
(1 -4.91024e-15 0)
(1 -3.91725e-15 0)
(1 -2.00872e-16 0)
(1 -1.26703e-16 0)
(1 1.34255e-15 0)
(1 -1.93514e-15 0)
(1 -7.43136e-16 0)
(1 -6.54e-15 0)
(1 -2.4267e-15 0)
(1 2.11793e-15 0)
(1 2.58457e-15 0)
(1 1.69325e-15 0)
(1 -1.03202e-15 0)
(1 1.28745e-15 0)
(1 -2.3082e-15 0)
(1 -4.95938e-15 0)
(1 -2.62326e-15 0)
(1 -3.2249e-15 0)
(1 7.02313e-15 0)
(1 3.9534e-15 0)
(1 2.0342e-16 0)
(1 1.6091e-16 0)
(1 5.56473e-16 0)
(1 1.40775e-15 0)
(1 6.30136e-15 0)
(1 -2.5916e-15 0)
(1 -1.21407e-15 0)
(1 1.3275e-16 0)
(1 3.78947e-16 0)
(1 4.51691e-15 0)
(1 -4.38732e-15 0)
(1 -3.93389e-15 0)
(1 -1.55654e-15 0)
(1 2.78949e-15 0)
(1 -1.734e-15 0)
(1 2.42251e-15 0)
(1 3.0544e-15 0)
(1 -1.98471e-15 0)
(1 4.93638e-15 0)
(1 -7.56125e-16 0)
(1 4.01286e-17 0)
(1 -3.25128e-15 0)
(1 3.12008e-15 0)
(1 -2.96018e-15 0)
(1 6.18676e-16 0)
(1 -4.22798e-16 0)
(1 -3.54464e-15 0)
(1 -7.73774e-15 0)
(1 1.29241e-15 0)
(1 7.23243e-16 0)
(1 1.45854e-15 0)
(1 2.05639e-15 0)
(1 9.28194e-16 0)
(1 6.85269e-15 0)
(1 9.60831e-15 0)
(1 6.37008e-15 0)
(1 3.38216e-15 0)
(1 -2.63986e-15 0)
(1 -9.29693e-15 0)
(1 -3.44235e-15 0)
(1 -5.56128e-15 0)
(1 -6.51676e-15 0)
(1 -4.47372e-15 0)
(1 1.57096e-15 0)
(1 -1.10676e-15 0)
(1 4.52279e-15 0)
(1 3.88635e-15 0)
(1 4.04115e-17 0)
(1 -3.28697e-15 0)
(1 -1.35076e-15 0)
(1 -1.01469e-15 0)
(1 1.17684e-15 0)
(1 -2.91356e-15 0)
(1 5.01517e-16 0)
(1 3.55013e-15 0)
(1 4.57951e-15 0)
(1 -4.11569e-15 0)
(1 -1.90082e-15 0)
(1 -9.79035e-16 0)
(1 -3.13301e-15 0)
(1 -3.57161e-15 0)
(1 2.21366e-15 0)
(1 -8.69573e-16 0)
(1 -4.31213e-15 0)
(1 -2.63608e-15 0)
(1 -2.16464e-15 0)
(1 2.00045e-16 0)
(1 -1.84563e-15 0)
(1 -3.83253e-15 0)
(1 -1.86756e-15 0)
(1 1.10774e-15 0)
(1 -8.30896e-17 0)
(1 -3.69025e-15 0)
(1 5.74656e-15 0)
(1 2.70328e-15 0)
(1 1.03556e-15 0)
(1 3.23031e-15 0)
(1 -6.58548e-17 0)
(1 3.22241e-15 0)
(1 3.23329e-15 0)
(1 2.7405e-16 0)
(1 1.96765e-15 0)
(1 1.34882e-16 0)
(1 1.43991e-15 0)
(1 -1.21479e-15 0)
(1 -1.8562e-15 0)
(1 -2.26744e-16 0)
(1 -1.79832e-15 0)
(1 -2.39282e-15 0)
(1 5.36098e-15 0)
(1 5.72006e-15 0)
(1 4.72527e-15 0)
(1 2.7042e-15 0)
(1 -4.55035e-17 0)
(1 -1.06319e-15 0)
(1 -6.78861e-16 0)
(1 -9.45809e-16 0)
(1 -1.09594e-15 0)
(1 2.68652e-15 0)
(1 2.34954e-15 0)
(1 -2.15904e-15 0)
(1 -6.92472e-16 0)
(1 2.95372e-16 0)
(1 -8.78813e-16 0)
(1 3.9897e-16 0)
(1 -2.3536e-15 0)
(1 -3.79767e-15 0)
(1 1.10224e-16 0)
(1 -9.63035e-16 0)
(1 1.64389e-15 0)
(1 -3.16818e-15 0)
(1 -2.37504e-15 0)
(1 -1.60477e-15 0)
(1 4.12888e-15 0)
(1 -2.99691e-15 0)
(1 2.83281e-16 0)
(1 1.82592e-15 0)
)
;

boundaryField
{
    inlet
    {
        type            fixedValue;
        value           uniform (1 0 0);
    }
    outlet
    {
        type            zeroGradient;
    }
    down
    {
        type            empty;
    }
    up
    {
        type            empty;
    }
    sides
    {
        type            slip;
    }
}

