/*--------------------------------*- C++ -*----------------------------------*\
| =========                 |                                                 |
| \\      /  F ield         | OpenFOAM: The Open Source CFD Toolbox           |
|  \\    /   O peration     | Version:  v2012                                 |
|   \\  /    A nd           | Website:  www.openfoam.com                      |
|    \\/     M anipulation  |                                                 |
\*---------------------------------------------------------------------------*/
FoamFile
{
    version     2.0;
    format      ascii;
    class       volVectorField;
    location    "0";
    object      U;
}
// * * * * * * * * * * * * * * * * * * * * * * * * * * * * * * * * * * * * * //

dimensions      [0 1 -1 0 0 0 0];


internalField   nonuniform List<vector> 
4000
(
(1 -4.27277e-16 0)
(1 7.04152e-15 0)
(1 7.0942e-15 0)
(1 -3.69575e-15 0)
(1 1.50374e-15 0)
(1 -2.54502e-15 0)
(1 -1.23177e-15 0)
(1 -1.98623e-15 0)
(1 -2.60394e-15 0)
(1 4.45124e-15 0)
(1 -9.57059e-18 0)
(1 -1.27835e-15 0)
(1 2.89372e-16 0)
(1 5.25039e-16 0)
(1 3.83329e-15 0)
(1 -2.88734e-15 0)
(1 -8.68793e-15 0)
(1 -5.15179e-15 0)
(1 -1.28336e-15 0)
(1 -6.23175e-15 0)
(1 -4.29921e-15 0)
(1 -1.54555e-15 0)
(1 9.13941e-15 0)
(1 6.73274e-15 0)
(1 5.46918e-15 0)
(1 2.10283e-15 0)
(1 1.79148e-15 0)
(1 -2.06731e-15 0)
(1 -3.6311e-16 0)
(1 6.87363e-16 0)
(1 -2.35704e-15 0)
(1 -4.03567e-15 0)
(1 -4.37341e-15 0)
(1 1.22837e-17 0)
(1 4.14857e-15 0)
(1 2.09519e-15 0)
(1 3.48233e-15 0)
(1 1.88585e-15 0)
(1 6.559e-15 0)
(1 1.31079e-15 0)
(1 3.66934e-15 0)
(1 -2.41512e-15 0)
(1 -5.59549e-16 0)
(1 -6.50272e-15 0)
(1 -2.83124e-15 0)
(1 -3.23263e-15 0)
(1 2.67058e-16 0)
(1 9.60249e-16 0)
(1 -9.94728e-18 0)
(1 3.63598e-15 0)
(1 4.2779e-16 0)
(1 3.21436e-15 0)
(1 2.16142e-15 0)
(1 4.43905e-17 0)
(1 -2.2478e-15 0)
(1 -1.44538e-15 0)
(1 -3.8172e-15 0)
(1 -1.33118e-15 0)
(1 1.45136e-15 0)
(1 9.81979e-15 0)
(1 2.70544e-15 0)
(1 -1.10808e-15 0)
(1 2.90359e-15 0)
(1 2.94085e-15 0)
(1 -2.71383e-15 0)
(1 -2.56564e-15 0)
(1 -2.51935e-16 0)
(1 1.69982e-16 0)
(1 3.56038e-15 0)
(1 -2.96446e-15 0)
(1 -2.65169e-15 0)
(1 -2.42042e-16 0)
(1 -1.62505e-15 0)
(1 -5.19631e-15 0)
(1 -2.16732e-15 0)
(1 -2.01903e-15 0)
(1 -6.86243e-17 0)
(1 -1.48287e-15 0)
(1 3.38836e-15 0)
(1 3.822e-15 0)
(1 8.04619e-16 0)
(1 2.26273e-15 0)
(1 -9.53206e-16 0)
(1 -2.37063e-15 0)
(1 -3.26928e-15 0)
(1 -3.51336e-15 0)
(1 -3.96641e-15 0)
(1 4.45861e-15 0)
(1 4.13989e-15 0)
(1 2.89029e-15 0)
(1 8.24125e-17 0)
(1 -1.3453e-15 0)
(1 -1.00283e-15 0)
(1 -1.27058e-15 0)
(1 -4.69853e-15 0)
(1 -3.63895e-15 0)
(1 -4.26077e-16 0)
(1 4.28645e-15 0)
(1 6.06486e-16 0)
(1 -3.75204e-17 0)
(1 5.60813e-16 0)
(1 1.0121e-14 0)
(1 8.30417e-15 0)
(1 -7.09606e-15 0)
(1 -4.97717e-16 0)
(1 -3.3723e-15 0)
(1 -3.8706e-15 0)
(1 -3.75377e-15 0)
(1 6.64077e-16 0)
(1 -4.43217e-16 0)
(1 2.92405e-15 0)
(1 3.46592e-15 0)
(1 2.03761e-15 0)
(1 1.43896e-16 0)
(1 4.01769e-15 0)
(1 -3.92542e-15 0)
(1 -1.08323e-14 0)
(1 -1.059e-15 0)
(1 1.3866e-15 0)
(1 -4.94894e-15 0)
(1 -5.84163e-15 0)
(1 -5.70597e-15 0)
(1 3.5517e-15 0)
(1 6.58131e-15 0)
(1 5.86802e-15 0)
(1 1.07051e-15 0)
(1 -1.6604e-15 0)
(1 -5.75265e-15 0)
(1 -1.7501e-15 0)
(1 1.86365e-15 0)
(1 -1.09801e-15 0)
(1 -1.70304e-17 0)
(1 3.61971e-15 0)
(1 -2.61533e-15 0)
(1 2.8417e-15 0)
(1 -2.56966e-15 0)
(1 1.49629e-15 0)
(1 2.00923e-15 0)
(1 6.52045e-15 0)
(1 2.95883e-15 0)
(1 1.35254e-15 0)
(1 -1.35923e-15 0)
(1 -5.07257e-15 0)
(1 -1.06623e-14 0)
(1 -4.5013e-15 0)
(1 -5.89997e-15 0)
(1 3.3368e-15 0)
(1 4.79393e-15 0)
(1 5.83258e-15 0)
(1 -1.67789e-15 0)
(1 -2.62769e-15 0)
(1 -1.18354e-15 0)
(1 9.17372e-15 0)
(1 5.44666e-15 0)
(1 3.72669e-15 0)
(1 2.3855e-15 0)
(1 -1.08815e-15 0)
(1 3.1225e-15 0)
(1 -2.52198e-15 0)
(1 -3.54504e-15 0)
(1 -4.00016e-15 0)
(1 -1.26149e-15 0)
(1 2.0405e-15 0)
(1 4.52883e-15 0)
(1 -1.7008e-15 0)
(1 -2.47066e-15 0)
(1 -4.87025e-15 0)
(1 -3.60396e-15 0)
(1 2.14547e-15 0)
(1 -2.71762e-15 0)
(1 -6.17726e-17 0)
(1 3.01774e-15 0)
(1 1.23108e-15 0)
(1 -5.3612e-15 0)
(1 -1.04883e-15 0)
(1 3.98694e-15 0)
(1 2.01408e-15 0)
(1 3.25935e-15 0)
(1 6.80375e-15 0)
(1 5.49845e-15 0)
(1 -5.49702e-16 0)
(1 -2.60059e-15 0)
(1 1.30553e-15 0)
(1 -2.39765e-15 0)
(1 1.31993e-15 0)
(1 -3.46966e-16 0)
(1 -4.71738e-15 0)
(1 -4.75056e-15 0)
(1 -4.07778e-16 0)
(1 -1.17662e-15 0)
(1 -2.42275e-15 0)
(1 -4.03127e-15 0)
(1 3.25929e-16 0)
(1 -8.23499e-16 0)
(1 -8.12333e-15 0)
(1 -3.54147e-15 0)
(1 1.30468e-15 0)
(1 6.41978e-15 0)
(1 3.62809e-17 0)
(1 -9.94012e-17 0)
(1 2.43368e-15 0)
(1 6.87691e-16 0)
(1 1.91594e-16 0)
(1 4.76191e-16 0)
(1 1.64057e-15 0)
(1 1.48259e-15 0)
(1 3.9369e-16 0)
(1 4.21685e-15 0)
(1 -1.98457e-15 0)
(1 -1.92754e-15 0)
(1 2.86597e-15 0)
(1 4.34228e-15 0)
(1 4.15325e-15 0)
(1 3.90206e-15 0)
(1 2.23933e-15 0)
(1 -7.40926e-15 0)
(1 -5.49512e-15 0)
(1 -4.43546e-15 0)
(1 -3.4157e-15 0)
(1 5.39192e-15 0)
(1 -4.23642e-15 0)
(1 1.63928e-15 0)
(1 -1.48495e-15 0)
(1 6.67813e-15 0)
(1 7.327e-15 0)
(1 6.87962e-15 0)
(1 3.89223e-15 0)
(1 -4.00763e-15 0)
(1 -1.3911e-15 0)
(1 -2.56704e-16 0)
(1 2.84708e-15 0)
(1 -1.75111e-15 0)
(1 4.23184e-15 0)
(1 6.72382e-16 0)
(1 2.80176e-15 0)
(1 -2.56599e-15 0)
(1 -6.42451e-16 0)
(1 -4.0236e-15 0)
(1 -2.99261e-16 0)
(1 2.02884e-15 0)
(1 -1.6911e-15 0)
(1 -3.19004e-15 0)
(1 -8.05878e-15 0)
(1 -1.00784e-14 0)
(1 -6.81642e-15 0)
(1 -2.60597e-15 0)
(1 -1.84718e-15 0)
(1 8.99679e-16 0)
(1 8.4189e-15 0)
(1 4.76071e-15 0)
(1 3.7942e-15 0)
(1 3.11177e-15 0)
(1 9.57917e-15 0)
(1 3.8064e-15 0)
(1 4.83148e-15 0)
(1 -2.23902e-15 0)
(1 8.54088e-17 0)
(1 -2.27502e-15 0)
(1 -1.37554e-15 0)
(1 -7.16826e-15 0)
(1 1.27808e-15 0)
(1 2.03278e-16 0)
(1 1.58977e-15 0)
(1 -6.31704e-16 0)
(1 -2.36804e-15 0)
(1 -1.50507e-15 0)
(1 -3.88857e-15 0)
(1 1.31555e-15 0)
(1 8.21665e-17 0)
(1 3.51192e-15 0)
(1 3.1512e-15 0)
(1 3.32415e-15 0)
(1 2.22008e-15 0)
(1 -2.9768e-15 0)
(1 -4.39038e-15 0)
(1 -4.45789e-16 0)
(1 -4.88548e-16 0)
(1 1.52066e-15 0)
(1 4.34128e-15 0)
(1 -8.11941e-16 0)
(1 -4.79414e-15 0)
(1 -7.56982e-15 0)
(1 -2.0386e-15 0)
(1 -7.79522e-16 0)
(1 2.89395e-15 0)
(1 2.15139e-15 0)
(1 -1.76477e-15 0)
(1 -8.0122e-15 0)
(1 -2.65818e-15 0)
(1 1.50653e-17 0)
(1 -2.35907e-15 0)
(1 -2.35009e-15 0)
(1 -3.79207e-15 0)
(1 -9.07548e-16 0)
(1 -1.73477e-15 0)
(1 -2.86269e-15 0)
(1 -2.31249e-16 0)
(1 -3.74226e-16 0)
(1 4.43776e-16 0)
(1 8.1622e-16 0)
(1 2.78687e-15 0)
(1 -9.06465e-17 0)
(1 2.81621e-15 0)
(1 1.91224e-15 0)
(1 2.84467e-16 0)
(1 -1.43598e-15 0)
(1 1.21167e-16 0)
(1 2.64253e-15 0)
(1 3.8151e-17 0)
(1 -3.01926e-15 0)
(1 5.63466e-15 0)
(1 8.64289e-15 0)
(1 6.60224e-15 0)
(1 -8.63758e-17 0)
(1 4.16848e-15 0)
(1 -3.29925e-15 0)
(1 -2.22388e-15 0)
(1 -1.64073e-14 0)
(1 -1.23686e-14 0)
(1 5.46028e-15 0)
(1 -1.86471e-15 0)
(1 4.06291e-15 0)
(1 3.33609e-15 0)
(1 9.41237e-15 0)
(1 6.34757e-15 0)
(1 1.31664e-14 0)
(1 7.86848e-15 0)
(1 8.56078e-15 0)
(1 1.56753e-15 0)
(1 4.55198e-15 0)
(1 -3.79495e-15 0)
(1 -4.73845e-15 0)
(1 -4.46764e-15 0)
(1 2.79419e-15 0)
(1 4.28839e-15 0)
(1 2.43134e-15 0)
(1 2.99037e-15 0)
(1 -1.7069e-15 0)
(1 2.51228e-15 0)
(1 1.90248e-15 0)
(1 -1.71348e-15 0)
(1 -7.1676e-15 0)
(1 -6.03097e-15 0)
(1 -6.68546e-15 0)
(1 -9.03376e-15 0)
(1 2.23617e-16 0)
(1 5.04787e-16 0)
(1 1.88157e-15 0)
(1 7.87594e-15 0)
(1 1.16414e-14 0)
(1 5.18077e-15 0)
(1 3.85319e-15 0)
(1 1.73877e-15 0)
(1 1.10964e-15 0)
(1 7.232e-16 0)
(1 -1.1486e-15 0)
(1 -2.41273e-15 0)
(1 -4.74054e-15 0)
(1 -1.29085e-15 0)
(1 2.93895e-15 0)
(1 8.22568e-16 0)
(1 1.00744e-15 0)
(1 4.28431e-16 0)
(1 3.63289e-16 0)
(1 -5.21021e-15 0)
(1 -3.47345e-15 0)
(1 -6.17343e-15 0)
(1 3.74215e-15 0)
(1 -1.62458e-15 0)
(1 9.98976e-16 0)
(1 9.44947e-16 0)
(1 4.38245e-15 0)
(1 4.82377e-16 0)
(1 -1.77323e-15 0)
(1 -6.72757e-15 0)
(1 -4.26082e-15 0)
(1 1.05293e-15 0)
(1 3.00313e-15 0)
(1 1.69151e-15 0)
(1 1.45725e-15 0)
(1 2.20154e-16 0)
(1 -4.57398e-15 0)
(1 -6.23541e-16 0)
(1 -3.08057e-15 0)
(1 1.09296e-15 0)
(1 1.45744e-15 0)
(1 1.84699e-15 0)
(1 3.17606e-16 0)
(1 1.46897e-15 0)
(1 1.10701e-15 0)
(1 -2.32982e-15 0)
(1 -2.37611e-15 0)
(1 -3.48059e-15 0)
(1 -1.33798e-15 0)
(1 5.33473e-16 0)
(1 -1.66063e-15 0)
(1 -3.34883e-15 0)
(1 -7.14713e-15 0)
(1 -5.59074e-15 0)
(1 -2.22708e-16 0)
(1 4.0675e-15 0)
(1 -1.39241e-15 0)
(1 2.53917e-16 0)
(1 -4.96327e-15 0)
(1 -1.69782e-15 0)
(1 -1.29561e-15 0)
(1 -2.97452e-15 0)
(1 -2.67167e-15 0)
(1 6.40097e-15 0)
(1 5.84832e-15 0)
(1 8.72795e-15 0)
(1 7.80991e-15 0)
(1 2.46491e-15 0)
(1 -1.19079e-14 0)
(1 2.06346e-15 0)
(1 2.50339e-15 0)
(1 2.73782e-15 0)
(1 -1.71204e-15 0)
(1 -2.47582e-15 0)
(1 -9.43012e-15 0)
(1 -5.94416e-15 0)
(1 -7.45655e-15 0)
(1 1.00788e-14 0)
(1 1.47536e-14 0)
(1 1.19978e-14 0)
(1 8.16859e-15 0)
(1 4.55518e-15 0)
(1 6.38014e-15 0)
(1 3.15792e-15 0)
(1 -1.19775e-15 0)
(1 -1.15836e-15 0)
(1 2.07317e-15 0)
(1 -1.54087e-15 0)
(1 5.60763e-16 0)
(1 -6.75857e-15 0)
(1 -6.9414e-16 0)
(1 -3.12116e-15 0)
(1 -8.2739e-18 0)
(1 -2.80577e-15 0)
(1 -1.89967e-15 0)
(1 -5.18699e-15 0)
(1 -2.60446e-15 0)
(1 -6.41944e-15 0)
(1 1.24017e-15 0)
(1 -5.89947e-15 0)
(1 1.62456e-15 0)
(1 6.87459e-15 0)
(1 7.62499e-15 0)
(1 6.18572e-15 0)
(1 -1.37529e-15 0)
(1 4.14729e-15 0)
(1 1.20158e-15 0)
(1 -5.22552e-16 0)
(1 4.51703e-15 0)
(1 4.93102e-15 0)
(1 6.799e-15 0)
(1 4.98987e-17 0)
(1 -3.13564e-16 0)
(1 -7.2654e-15 0)
(1 -8.24526e-15 0)
(1 -5.89837e-15 0)
(1 -1.56291e-15 0)
(1 1.13607e-15 0)
(1 5.28984e-16 0)
(1 2.37282e-15 0)
(1 -2.9441e-15 0)
(1 -4.69255e-15 0)
(1 -7.24575e-16 0)
(1 4.16904e-16 0)
(1 1.45271e-15 0)
(1 3.00072e-15 0)
(1 5.91176e-15 0)
(1 2.73649e-15 0)
(1 1.65273e-15 0)
(1 -2.17904e-15 0)
(1 -8.77261e-16 0)
(1 1.92477e-15 0)
(1 1.12126e-14 0)
(1 4.44441e-15 0)
(1 -5.22887e-16 0)
(1 5.80721e-16 0)
(1 -2.2039e-15 0)
(1 2.27917e-15 0)
(1 -2.01217e-15 0)
(1 1.94294e-15 0)
(1 -5.10604e-15 0)
(1 -9.62276e-16 0)
(1 -4.98307e-15 0)
(1 -3.94577e-15 0)
(1 -7.2569e-16 0)
(1 -1.34797e-15 0)
(1 -6.96341e-15 0)
(1 -6.76085e-16 0)
(1 -1.0278e-15 0)
(1 -4.69813e-16 0)
(1 -3.54143e-16 0)
(1 -1.20553e-15 0)
(1 -4.28669e-15 0)
(1 -7.18467e-15 0)
(1 -7.97362e-16 0)
(1 -1.85827e-15 0)
(1 -4.80912e-15 0)
(1 -2.65952e-15 0)
(1 -2.62499e-15 0)
(1 4.57871e-15 0)
(1 -1.77885e-15 0)
(1 -8.92051e-16 0)
(1 8.11581e-16 0)
(1 2.60104e-15 0)
(1 1.19783e-14 0)
(1 7.0486e-15 0)
(1 4.62091e-15 0)
(1 -4.36415e-16 0)
(1 -6.70395e-16 0)
(1 2.13572e-15 0)
(1 -9.39915e-16 0)
(1 -2.04676e-15 0)
(1 -5.49146e-15 0)
(1 -4.84264e-15 0)
(1 -4.63195e-15 0)
(1 1.43662e-15 0)
(1 7.51239e-15 0)
(1 1.48013e-14 0)
(1 4.42117e-15 0)
(1 -2.33559e-15 0)
(1 4.72865e-15 0)
(1 7.93178e-15 0)
(1 -8.02198e-15 0)
(1 5.47495e-15 0)
(1 -3.15118e-15 0)
(1 -9.25881e-16 0)
(1 4.8105e-16 0)
(1 1.57391e-15 0)
(1 6.35314e-15 0)
(1 -6.17108e-15 0)
(1 8.39384e-15 0)
(1 4.3812e-15 0)
(1 5.17521e-15 0)
(1 -4.79432e-15 0)
(1 -4.83332e-15 0)
(1 -1.33873e-15 0)
(1 -2.23051e-15 0)
(1 -3.16569e-15 0)
(1 -2.63476e-15 0)
(1 5.18599e-16 0)
(1 -1.95335e-15 0)
(1 -2.27024e-15 0)
(1 2.35833e-15 0)
(1 6.35573e-15 0)
(1 6.1454e-15 0)
(1 1.00605e-14 0)
(1 2.75097e-15 0)
(1 1.23736e-15 0)
(1 4.68856e-15 0)
(1 4.30036e-15 0)
(1 1.10576e-16 0)
(1 1.84196e-15 0)
(1 3.25779e-15 0)
(1 -4.02418e-16 0)
(1 1.77302e-15 0)
(1 4.72256e-15 0)
(1 -2.95576e-15 0)
(1 -2.83249e-15 0)
(1 -5.59925e-15 0)
(1 1.28277e-15 0)
(1 1.75855e-15 0)
(1 1.07869e-14 0)
(1 1.02533e-14 0)
(1 9.49277e-15 0)
(1 1.05278e-14 0)
(1 6.52806e-15 0)
(1 4.8197e-15 0)
(1 3.79654e-15 0)
(1 -1.20082e-15 0)
(1 -7.98498e-15 0)
(1 -1.04987e-14 0)
(1 -3.96749e-15 0)
(1 6.96816e-15 0)
(1 7.80215e-15 0)
(1 2.95466e-15 0)
(1 -2.91839e-15 0)
(1 4.67599e-15 0)
(1 -3.33904e-15 0)
(1 -1.21287e-15 0)
(1 -3.98164e-15 0)
(1 -6.4761e-15 0)
(1 -1.1676e-15 0)
(1 -5.05761e-15 0)
(1 -4.44326e-15 0)
(1 -1.77028e-15 0)
(1 -5.03192e-15 0)
(1 -3.64789e-15 0)
(1 4.90107e-16 0)
(1 2.55952e-15 0)
(1 7.51333e-15 0)
(1 3.92944e-15 0)
(1 2.69599e-15 0)
(1 1.42181e-15 0)
(1 3.73579e-15 0)
(1 3.10631e-15 0)
(1 -3.4872e-15 0)
(1 -2.76586e-15 0)
(1 6.7668e-15 0)
(1 -2.14378e-15 0)
(1 4.89187e-15 0)
(1 -6.5479e-15 0)
(1 -7.1493e-15 0)
(1 -2.48488e-15 0)
(1 2.62445e-15 0)
(1 2.05262e-15 0)
(1 2.66566e-15 0)
(1 2.70089e-15 0)
(1 3.78317e-15 0)
(1 1.01471e-14 0)
(1 5.50239e-15 0)
(1 7.33339e-15 0)
(1 9.16188e-15 0)
(1 -5.48609e-15 0)
(1 2.63706e-15 0)
(1 3.15769e-15 0)
(1 4.74319e-15 0)
(1 -4.56217e-15 0)
(1 -3.66237e-16 0)
(1 1.21852e-15 0)
(1 -2.4531e-15 0)
(1 -6.92336e-16 0)
(1 7.62387e-16 0)
(1 -6.51666e-16 0)
(1 4.84817e-15 0)
(1 7.80973e-15 0)
(1 6.02981e-16 0)
(1 8.0663e-16 0)
(1 2.21186e-15 0)
(1 1.88456e-15 0)
(1 -8.8235e-17 0)
(1 3.47432e-15 0)
(1 1.34219e-14 0)
(1 5.9138e-15 0)
(1 -8.03768e-16 0)
(1 -1.0109e-14 0)
(1 -1.64354e-15 0)
(1 -6.269e-15 0)
(1 3.8097e-15 0)
(1 2.49778e-15 0)
(1 2.94411e-15 0)
(1 -3.79449e-15 0)
(1 -5.86712e-15 0)
(1 4.76422e-15 0)
(1 3.75814e-15 0)
(1 1.31363e-14 0)
(1 7.51889e-15 0)
(1 -1.08027e-15 0)
(1 7.90392e-16 0)
(1 4.31946e-15 0)
(1 1.66414e-15 0)
(1 -8.54966e-16 0)
(1 -4.11142e-15 0)
(1 -3.04686e-16 0)
(1 -5.684e-16 0)
(1 1.41878e-15 0)
(1 -1.43162e-15 0)
(1 -2.57157e-16 0)
(1 -1.68502e-15 0)
(1 -2.71792e-15 0)
(1 -2.84144e-15 0)
(1 -2.33872e-15 0)
(1 1.65146e-15 0)
(1 6.3098e-15 0)
(1 4.93025e-15 0)
(1 2.61085e-15 0)
(1 3.18366e-15 0)
(1 3.04965e-15 0)
(1 4.41639e-16 0)
(1 2.91649e-15 0)
(1 5.20816e-15 0)
(1 1.02938e-15 0)
(1 6.08587e-15 0)
(1 4.31962e-15 0)
(1 7.01543e-15 0)
(1 5.52082e-15 0)
(1 9.75089e-16 0)
(1 4.15935e-15 0)
(1 -1.49469e-15 0)
(1 -1.00184e-15 0)
(1 -2.20587e-15 0)
(1 3.52827e-16 0)
(1 2.953e-16 0)
(1 1.07745e-15 0)
(1 1.27077e-15 0)
(1 -5.14281e-15 0)
(1 -4.90552e-15 0)
(1 4.52886e-15 0)
(1 1.65272e-15 0)
(1 4.29714e-15 0)
(1 4.70917e-15 0)
(1 5.16768e-15 0)
(1 1.84326e-15 0)
(1 3.07175e-15 0)
(1 5.92432e-15 0)
(1 4.39862e-15 0)
(1 4.60652e-16 0)
(1 -2.97503e-15 0)
(1 2.01621e-15 0)
(1 -9.66878e-16 0)
(1 -2.92367e-15 0)
(1 -1.19507e-16 0)
(1 -6.82744e-15 0)
(1 -4.64108e-15 0)
(1 1.84413e-15 0)
(1 5.61202e-15 0)
(1 -2.62762e-15 0)
(1 -4.26363e-15 0)
(1 3.35778e-15 0)
(1 1.04527e-14 0)
(1 4.35992e-15 0)
(1 7.41588e-15 0)
(1 4.19249e-15 0)
(1 1.16897e-14 0)
(1 1.53997e-14 0)
(1 -3.47059e-15 0)
(1 -8.98999e-15 0)
(1 -9.00142e-15 0)
(1 -1.31588e-14 0)
(1 -1.00898e-15 0)
(1 6.52328e-15 0)
(1 -6.13913e-15 0)
(1 -6.06317e-15 0)
(1 4.55173e-15 0)
(1 -4.68138e-15 0)
(1 4.6823e-16 0)
(1 1.05646e-14 0)
(1 3.7441e-15 0)
(1 -1.35662e-15 0)
(1 -1.16534e-15 0)
(1 9.11452e-15 0)
(1 -1.8918e-15 0)
(1 1.62421e-15 0)
(1 -4.91282e-16 0)
(1 -3.7863e-15 0)
(1 -1.9806e-15 0)
(1 -6.83612e-16 0)
(1 5.44911e-16 0)
(1 3.47836e-15 0)
(1 7.7544e-15 0)
(1 5.05858e-15 0)
(1 3.9897e-15 0)
(1 4.43223e-15 0)
(1 6.60101e-15 0)
(1 -2.33462e-15 0)
(1 -4.242e-16 0)
(1 5.87415e-15 0)
(1 8.2155e-15 0)
(1 5.54157e-15 0)
(1 5.96109e-15 0)
(1 5.13039e-15 0)
(1 4.12905e-15 0)
(1 1.53884e-15 0)
(1 -9.49423e-15 0)
(1 2.62199e-15 0)
(1 -1.21668e-15 0)
(1 -5.60864e-15 0)
(1 1.36718e-15 0)
(1 4.31002e-15 0)
(1 4.5286e-15 0)
(1 -6.68783e-16 0)
(1 1.94211e-15 0)
(1 7.36372e-15 0)
(1 -1.48759e-15 0)
(1 4.37958e-15 0)
(1 3.36978e-15 0)
(1 1.10585e-14 0)
(1 1.06374e-14 0)
(1 5.05413e-15 0)
(1 3.89721e-15 0)
(1 5.41638e-15 0)
(1 9.84068e-15 0)
(1 1.03497e-14 0)
(1 2.32322e-15 0)
(1 -2.6951e-16 0)
(1 -3.37432e-15 0)
(1 -2.34107e-15 0)
(1 -3.94477e-15 0)
(1 -3.44481e-15 0)
(1 2.3949e-15 0)
(1 -4.73903e-15 0)
(1 -3.25763e-15 0)
(1 -2.65422e-15 0)
(1 3.42275e-15 0)
(1 -2.08872e-15 0)
(1 -9.33307e-15 0)
(1 -6.02197e-15 0)
(1 9.92275e-16 0)
(1 -1.51731e-15 0)
(1 4.63626e-15 0)
(1 6.20556e-15 0)
(1 6.09463e-15 0)
(1 1.022e-15 0)
(1 5.58905e-15 0)
(1 6.38884e-15 0)
(1 8.25824e-15 0)
(1 -1.6848e-15 0)
(1 3.71558e-15 0)
(1 -7.62577e-15 0)
(1 -6.42899e-15 0)
(1 -6.19922e-15 0)
(1 1.32439e-15 0)
(1 -2.51436e-15 0)
(1 -8.64332e-15 0)
(1 -6.07758e-15 0)
(1 2.8937e-15 0)
(1 2.95247e-15 0)
(1 1.07974e-14 0)
(1 1.22082e-14 0)
(1 1.16505e-14 0)
(1 6.9461e-15 0)
(1 8.61121e-15 0)
(1 5.49631e-15 0)
(1 1.12548e-14 0)
(1 -1.25103e-15 0)
(1 -5.92168e-15 0)
(1 -1.3475e-14 0)
(1 1.7822e-15 0)
(1 -8.87474e-15 0)
(1 -5.41382e-15 0)
(1 1.34939e-15 0)
(1 -1.9945e-15 0)
(1 -4.14999e-15 0)
(1 -8.0781e-15 0)
(1 -9.58121e-15 0)
(1 -3.35311e-15 0)
(1 3.99816e-15 0)
(1 5.4418e-15 0)
(1 4.15846e-15 0)
(1 4.28223e-15 0)
(1 7.60155e-15 0)
(1 7.38699e-15 0)
(1 -2.52413e-15 0)
(1 3.96248e-15 0)
(1 7.94875e-16 0)
(1 4.05628e-15 0)
(1 1.17575e-15 0)
(1 3.18003e-15 0)
(1 4.04983e-15 0)
(1 3.05068e-15 0)
(1 1.00497e-14 0)
(1 7.97705e-15 0)
(1 7.78307e-15 0)
(1 -1.39926e-15 0)
(1 -5.04633e-15 0)
(1 -5.6575e-15 0)
(1 3.64125e-15 0)
(1 6.35735e-15 0)
(1 7.0425e-15 0)
(1 5.42524e-15 0)
(1 7.34539e-15 0)
(1 3.77057e-15 0)
(1 9.06818e-15 0)
(1 -5.27144e-16 0)
(1 4.64233e-15 0)
(1 1.40621e-15 0)
(1 -9.42273e-16 0)
(1 2.74275e-15 0)
(1 -8.83915e-15 0)
(1 -8.00258e-15 0)
(1 -7.48412e-15 0)
(1 3.63931e-16 0)
(1 1.61641e-14 0)
(1 1.0338e-14 0)
(1 1.60717e-14 0)
(1 1.34908e-14 0)
(1 1.39281e-14 0)
(1 1.09399e-14 0)
(1 8.04631e-15 0)
(1 6.67888e-16 0)
(1 -7.03201e-15 0)
(1 3.26506e-15 0)
(1 6.4732e-15 0)
(1 4.46435e-15 0)
(1 -3.90284e-15 0)
(1 3.56977e-15 0)
(1 3.13191e-15 0)
(1 6.74021e-15 0)
(1 -2.36116e-15 0)
(1 5.31905e-15 0)
(1 -7.36764e-15 0)
(1 -4.76665e-15 0)
(1 -6.11284e-15 0)
(1 -9.84383e-16 0)
(1 -4.82043e-15 0)
(1 -3.14669e-15 0)
(1 -3.24394e-15 0)
(1 5.34987e-16 0)
(1 6.88316e-15 0)
(1 1.02699e-14 0)
(1 1.45639e-14 0)
(1 1.19897e-14 0)
(1 1.30111e-14 0)
(1 7.21566e-15 0)
(1 1.61571e-14 0)
(1 1.81636e-14 0)
(1 1.35208e-16 0)
(1 2.16526e-15 0)
(1 -1.16214e-15 0)
(1 -1.14205e-15 0)
(1 -2.96056e-15 0)
(1 -1.7502e-15 0)
(1 1.70551e-15 0)
(1 -9.79133e-16 0)
(1 -2.23198e-15 0)
(1 3.2064e-15 0)
(1 4.8481e-15 0)
(1 1.30423e-14 0)
(1 7.90552e-15 0)
(1 -1.63073e-16 0)
(1 -1.16995e-15 0)
(1 2.20235e-16 0)
(1 -1.25343e-15 0)
(1 6.80608e-15 0)
(1 -1.3223e-15 0)
(1 -2.12132e-15 0)
(1 -7.30717e-15 0)
(1 -8.43332e-15 0)
(1 -9.25826e-16 0)
(1 1.63625e-15 0)
(1 6.49921e-15 0)
(1 5.19033e-15 0)
(1 -1.38499e-15 0)
(1 -1.1557e-14 0)
(1 -3.65486e-15 0)
(1 -3.03031e-15 0)
(1 -4.45468e-15 0)
(1 6.98601e-15 0)
(1 4.62597e-15 0)
(1 6.94086e-15 0)
(1 3.90809e-16 0)
(1 3.34534e-15 0)
(1 -5.54813e-15 0)
(1 -2.12838e-15 0)
(1 -2.09425e-15 0)
(1 7.15919e-16 0)
(1 -2.88364e-15 0)
(1 4.51795e-15 0)
(1 5.10994e-15 0)
(1 4.58067e-15 0)
(1 8.47645e-15 0)
(1 7.50463e-15 0)
(1 2.35456e-15 0)
(1 -5.30299e-16 0)
(1 2.90381e-15 0)
(1 5.19285e-15 0)
(1 4.86953e-15 0)
(1 2.73633e-15 0)
(1 4.83439e-15 0)
(1 6.63475e-15 0)
(1 7.46239e-15 0)
(1 3.59069e-15 0)
(1 -4.88873e-17 0)
(1 3.0045e-15 0)
(1 -2.10612e-16 0)
(1 -2.53986e-15 0)
(1 3.73932e-15 0)
(1 8.23349e-15 0)
(1 1.10543e-14 0)
(1 1.23081e-15 0)
(1 4.30592e-15 0)
(1 3.03261e-15 0)
(1 5.94811e-15 0)
(1 9.6406e-15 0)
(1 1.20187e-14 0)
(1 9.58714e-15 0)
(1 7.25809e-15 0)
(1 4.15598e-15 0)
(1 7.13618e-15 0)
(1 5.8748e-16 0)
(1 -4.22846e-16 0)
(1 8.56343e-15 0)
(1 1.21206e-14 0)
(1 6.64273e-15 0)
(1 7.65381e-16 0)
(1 2.80093e-15 0)
(1 4.17395e-15 0)
(1 4.22924e-16 0)
(1 -7.37584e-16 0)
(1 -2.5837e-15 0)
(1 -4.41195e-15 0)
(1 -7.00935e-15 0)
(1 -3.40384e-15 0)
(1 -5.96457e-15 0)
(1 1.07727e-15 0)
(1 -2.97854e-15 0)
(1 5.27972e-15 0)
(1 -1.66911e-15 0)
(1 1.32946e-14 0)
(1 5.80372e-15 0)
(1 1.28446e-14 0)
(1 1.0078e-14 0)
(1 8.77992e-15 0)
(1 1.31856e-14 0)
(1 2.36279e-14 0)
(1 2.00173e-14 0)
(1 -4.0402e-17 0)
(1 -6.08979e-15 0)
(1 1.50219e-16 0)
(1 5.95365e-15 0)
(1 -6.15968e-15 0)
(1 6.35237e-16 0)
(1 -1.47589e-15 0)
(1 4.00178e-15 0)
(1 3.56869e-15 0)
(1 -2.75461e-15 0)
(1 -2.80005e-15 0)
(1 -1.40809e-15 0)
(1 1.48122e-15 0)
(1 7.56e-15 0)
(1 2.68254e-15 0)
(1 2.58189e-16 0)
(1 -7.35729e-15 0)
(1 -1.80209e-15 0)
(1 3.969e-15 0)
(1 -1.0206e-15 0)
(1 -4.0848e-15 0)
(1 -7.07118e-16 0)
(1 9.92105e-16 0)
(1 1.64265e-15 0)
(1 -4.17745e-15 0)
(1 5.11563e-15 0)
(1 8.79557e-15 0)
(1 1.49608e-15 0)
(1 3.20787e-15 0)
(1 -6.80516e-15 0)
(1 -7.77503e-15 0)
(1 -5.09466e-15 0)
(1 -2.13083e-15 0)
(1 1.50766e-15 0)
(1 7.88655e-15 0)
(1 2.46382e-15 0)
(1 2.67009e-15 0)
(1 -9.37752e-15 0)
(1 -3.10122e-15 0)
(1 9.59025e-19 0)
(1 5.39311e-15 0)
(1 2.20819e-15 0)
(1 3.72928e-15 0)
(1 -1.49402e-15 0)
(1 5.44103e-15 0)
(1 3.29045e-15 0)
(1 5.83585e-15 0)
(1 2.94431e-15 0)
(1 9.45984e-15 0)
(1 8.34069e-15 0)
(1 5.54688e-15 0)
(1 5.24827e-15 0)
(1 9.51781e-15 0)
(1 7.88465e-15 0)
(1 8.30359e-15 0)
(1 4.4474e-15 0)
(1 6.81218e-15 0)
(1 -1.46427e-15 0)
(1 9.08209e-15 0)
(1 -1.14969e-15 0)
(1 6.44145e-15 0)
(1 -3.46927e-15 0)
(1 8.86785e-15 0)
(1 3.48527e-15 0)
(1 6.95182e-15 0)
(1 8.99175e-15 0)
(1 8.58739e-16 0)
(1 3.73008e-15 0)
(1 4.64553e-15 0)
(1 6.49397e-15 0)
(1 9.98698e-15 0)
(1 3.84706e-15 0)
(1 3.56739e-15 0)
(1 -4.06735e-16 0)
(1 -1.21748e-15 0)
(1 4.25871e-16 0)
(1 9.27358e-15 0)
(1 6.78539e-15 0)
(1 4.22706e-15 0)
(1 -1.40968e-15 0)
(1 3.51725e-15 0)
(1 -9.55649e-16 0)
(1 9.57895e-15 0)
(1 -3.39043e-15 0)
(1 -3.74136e-17 0)
(1 -5.58553e-15 0)
(1 1.4502e-15 0)
(1 -1.37814e-15 0)
(1 1.07706e-15 0)
(1 -4.55525e-15 0)
(1 3.24558e-15 0)
(1 -2.1524e-15 0)
(1 3.91241e-15 0)
(1 4.52464e-15 0)
(1 5.64818e-15 0)
(1 7.70876e-15 0)
(1 7.58001e-15 0)
(1 1.7877e-14 0)
(1 1.50424e-14 0)
(1 1.30385e-14 0)
(1 -4.71457e-16 0)
(1 -4.39377e-15 0)
(1 3.44283e-15 0)
(1 3.26551e-15 0)
(1 -2.47953e-15 0)
(1 -4.81001e-15 0)
(1 -1.08644e-14 0)
(1 -1.63286e-16 0)
(1 4.1183e-15 0)
(1 4.91449e-15 0)
(1 7.04119e-15 0)
(1 -4.82015e-15 0)
(1 -9.90395e-15 0)
(1 -3.84645e-16 0)
(1 5.0105e-15 0)
(1 7.31341e-15 0)
(1 5.30405e-15 0)
(1 -4.35703e-15 0)
(1 -3.15901e-15 0)
(1 -5.22393e-15 0)
(1 -3.71967e-16 0)
(1 -1.62918e-16 0)
(1 2.41667e-15 0)
(1 -2.32004e-15 0)
(1 3.29758e-15 0)
(1 -8.24602e-16 0)
(1 2.93578e-15 0)
(1 4.0571e-15 0)
(1 6.71714e-15 0)
(1 5.73826e-16 0)
(1 7.8494e-17 0)
(1 -5.64316e-16 0)
(1 1.21563e-15 0)
(1 -4.09858e-15 0)
(1 -5.14657e-15 0)
(1 -6.98121e-15 0)
(1 7.18985e-15 0)
(1 -4.295e-15 0)
(1 1.80081e-16 0)
(1 -3.05676e-15 0)
(1 1.91295e-15 0)
(1 -3.2692e-15 0)
(1 -4.80678e-15 0)
(1 -5.14143e-15 0)
(1 7.10217e-15 0)
(1 1.08958e-14 0)
(1 1.42514e-14 0)
(1 1.11235e-14 0)
(1 6.3101e-15 0)
(1 1.00823e-14 0)
(1 3.32145e-15 0)
(1 5.36165e-15 0)
(1 6.4237e-15 0)
(1 5.99737e-15 0)
(1 7.41197e-15 0)
(1 -3.89452e-15 0)
(1 -3.85905e-15 0)
(1 -1.2737e-15 0)
(1 7.37117e-15 0)
(1 7.27614e-15 0)
(1 1.05833e-14 0)
(1 3.81725e-15 0)
(1 3.54608e-15 0)
(1 6.45374e-15 0)
(1 2.51408e-15 0)
(1 -3.39577e-15 0)
(1 2.2175e-16 0)
(1 3.58199e-15 0)
(1 4.74589e-15 0)
(1 3.76586e-15 0)
(1 9.3464e-15 0)
(1 7.51839e-15 0)
(1 3.61633e-15 0)
(1 3.74734e-15 0)
(1 7.05619e-15 0)
(1 2.6368e-15 0)
(1 7.70991e-15 0)
(1 -1.98122e-15 0)
(1 -2.3838e-15 0)
(1 6.8318e-16 0)
(1 6.96571e-15 0)
(1 7.04648e-15 0)
(1 4.66189e-15 0)
(1 1.42116e-15 0)
(1 7.5117e-16 0)
(1 -2.23142e-15 0)
(1 -2.36848e-15 0)
(1 -1.46851e-15 0)
(1 -3.9094e-15 0)
(1 9.10457e-15 0)
(1 3.93669e-15 0)
(1 8.30066e-15 0)
(1 2.86715e-15 0)
(1 5.49523e-15 0)
(1 1.83016e-15 0)
(1 9.26746e-15 0)
(1 1.65494e-14 0)
(1 1.41879e-14 0)
(1 4.52981e-15 0)
(1 7.91573e-15 0)
(1 5.44477e-15 0)
(1 -1.83166e-15 0)
(1 -1.01044e-15 0)
(1 1.5543e-15 0)
(1 3.62834e-15 0)
(1 -7.33224e-16 0)
(1 2.34465e-15 0)
(1 6.47045e-16 0)
(1 -4.96138e-15 0)
(1 6.05857e-15 0)
(1 1.36446e-14 0)
(1 1.63172e-14 0)
(1 -1.60038e-15 0)
(1 -8.08679e-15 0)
(1 -1.11157e-14 0)
(1 -1.23901e-14 0)
(1 -4.70281e-15 0)
(1 -8.39778e-15 0)
(1 -4.61448e-16 0)
(1 -4.65526e-15 0)
(1 9.46417e-15 0)
(1 2.87098e-15 0)
(1 7.34453e-15 0)
(1 -1.04736e-14 0)
(1 1.18933e-14 0)
(1 2.44377e-15 0)
(1 -1.08323e-14 0)
(1 -7.89753e-15 0)
(1 -8.98732e-15 0)
(1 1.18177e-15 0)
(1 3.67364e-15 0)
(1 6.04101e-15 0)
(1 -1.27026e-15 0)
(1 2.64931e-15 0)
(1 -2.34776e-15 0)
(1 4.4234e-15 0)
(1 2.27687e-15 0)
(1 2.73494e-15 0)
(1 -2.45326e-15 0)
(1 -1.22658e-15 0)
(1 -9.5122e-15 0)
(1 8.2613e-16 0)
(1 -1.38629e-14 0)
(1 -6.96786e-16 0)
(1 3.86891e-15 0)
(1 1.00208e-14 0)
(1 1.48529e-14 0)
(1 1.18933e-14 0)
(1 7.34789e-15 0)
(1 7.99384e-15 0)
(1 -1.65724e-15 0)
(1 8.52379e-15 0)
(1 1.03429e-14 0)
(1 1.23347e-14 0)
(1 4.17109e-15 0)
(1 8.23585e-15 0)
(1 -6.29421e-15 0)
(1 5.56533e-15 0)
(1 -8.25318e-15 0)
(1 -5.20479e-16 0)
(1 -2.91165e-15 0)
(1 9.63636e-15 0)
(1 1.09437e-14 0)
(1 1.643e-14 0)
(1 5.9118e-15 0)
(1 -1.16257e-16 0)
(1 1.06179e-15 0)
(1 -1.0397e-15 0)
(1 -3.9477e-15 0)
(1 -2.81269e-16 0)
(1 2.6324e-15 0)
(1 4.65597e-15 0)
(1 7.9862e-15 0)
(1 7.32879e-15 0)
(1 9.61737e-15 0)
(1 3.64728e-15 0)
(1 -1.84097e-15 0)
(1 -3.67751e-15 0)
(1 2.36263e-15 0)
(1 8.76658e-15 0)
(1 1.14893e-15 0)
(1 -1.15879e-15 0)
(1 -1.01903e-15 0)
(1 2.18448e-15 0)
(1 1.18385e-16 0)
(1 8.41917e-15 0)
(1 -1.99277e-15 0)
(1 8.79711e-16 0)
(1 9.15619e-16 0)
(1 4.49729e-15 0)
(1 3.45464e-15 0)
(1 3.4401e-15 0)
(1 1.40052e-15 0)
(1 -2.17787e-15 0)
(1 -1.01799e-15 0)
(1 1.02541e-14 0)
(1 1.01337e-14 0)
(1 8.05718e-15 0)
(1 2.07952e-15 0)
(1 4.4406e-15 0)
(1 -4.79763e-17 0)
(1 5.55032e-15 0)
(1 -9.64368e-15 0)
(1 3.47179e-15 0)
(1 1.00565e-15 0)
(1 1.11591e-14 0)
(1 4.12798e-15 0)
(1 2.62701e-15 0)
(1 -7.03986e-15 0)
(1 -8.34768e-15 0)
(1 1.3264e-15 0)
(1 9.26735e-15 0)
(1 6.27955e-15 0)
(1 5.14106e-15 0)
(1 -9.23556e-15 0)
(1 -1.33586e-14 0)
(1 -9.08427e-15 0)
(1 -8.60022e-15 0)
(1 -5.18386e-15 0)
(1 -7.19554e-15 0)
(1 2.42003e-16 0)
(1 3.64189e-15 0)
(1 1.32356e-14 0)
(1 2.7164e-15 0)
(1 3.86024e-15 0)
(1 2.7501e-15 0)
(1 -4.1952e-15 0)
(1 -5.84602e-15 0)
(1 -1.31874e-15 0)
(1 3.04137e-15 0)
(1 5.57693e-15 0)
(1 -3.50602e-15 0)
(1 -1.66963e-15 0)
(1 -1.46136e-15 0)
(1 4.19184e-15 0)
(1 1.72093e-15 0)
(1 3.81027e-15 0)
(1 -5.14581e-15 0)
(1 -1.05029e-16 0)
(1 -4.39255e-15 0)
(1 -3.39452e-15 0)
(1 -3.70392e-15 0)
(1 3.02691e-15 0)
(1 1.14907e-14 0)
(1 2.14236e-15 0)
(1 6.77427e-15 0)
(1 5.85616e-15 0)
(1 1.42322e-14 0)
(1 8.04903e-15 0)
(1 5.08463e-15 0)
(1 -2.77347e-15 0)
(1 -3.61967e-15 0)
(1 5.67192e-16 0)
(1 7.11978e-15 0)
(1 1.97628e-15 0)
(1 1.06731e-14 0)
(1 9.07287e-15 0)
(1 7.89774e-15 0)
(1 -2.12791e-17 0)
(1 -2.69032e-15 0)
(1 -4.28867e-15 0)
(1 2.17335e-17 0)
(1 -1.71159e-15 0)
(1 1.41821e-15 0)
(1 8.11774e-15 0)
(1 1.1133e-14 0)
(1 6.14349e-16 0)
(1 6.14663e-15 0)
(1 -2.96518e-16 0)
(1 7.12729e-15 0)
(1 7.16963e-15 0)
(1 8.58102e-15 0)
(1 7.72913e-15 0)
(1 9.0363e-15 0)
(1 8.0944e-15 0)
(1 3.33436e-15 0)
(1 6.06797e-16 0)
(1 9.79207e-15 0)
(1 9.35038e-15 0)
(1 5.54772e-15 0)
(1 -8.20098e-17 0)
(1 -2.72667e-15 0)
(1 -1.24457e-15 0)
(1 2.98311e-15 0)
(1 2.32366e-15 0)
(1 3.71415e-15 0)
(1 -1.34305e-15 0)
(1 4.68694e-15 0)
(1 1.03362e-14 0)
(1 3.5337e-15 0)
(1 2.11165e-15 0)
(1 9.65486e-16 0)
(1 4.82868e-16 0)
(1 3.36486e-15 0)
(1 1.99111e-15 0)
(1 9.44099e-15 0)
(1 5.75439e-15 0)
(1 1.24422e-14 0)
(1 6.37801e-15 0)
(1 -1.77708e-15 0)
(1 2.01943e-16 0)
(1 5.63734e-15 0)
(1 5.46999e-15 0)
(1 5.16053e-15 0)
(1 1.43125e-15 0)
(1 8.13261e-16 0)
(1 -6.37154e-15 0)
(1 -8.04727e-15 0)
(1 2.02703e-15 0)
(1 3.07692e-15 0)
(1 2.27558e-15 0)
(1 -6.80049e-15 0)
(1 -2.92106e-15 0)
(1 -7.66853e-15 0)
(1 -8.82608e-15 0)
(1 -7.03772e-15 0)
(1 -1.43348e-14 0)
(1 1.81192e-16 0)
(1 -1.1295e-15 0)
(1 4.75717e-15 0)
(1 -2.34946e-15 0)
(1 2.27279e-16 0)
(1 -4.2972e-15 0)
(1 2.16447e-14 0)
(1 1.13655e-14 0)
(1 4.2549e-15 0)
(1 -2.76946e-15 0)
(1 -2.7977e-16 0)
(1 -3.33171e-15 0)
(1 -2.23866e-15 0)
(1 -2.11331e-15 0)
(1 -1.42279e-17 0)
(1 -7.21548e-16 0)
(1 -8.46097e-15 0)
(1 4.20426e-15 0)
(1 -1.2005e-15 0)
(1 -1.09938e-15 0)
(1 -3.0724e-18 0)
(1 -3.13857e-16 0)
(1 -1.79201e-15 0)
(1 1.93424e-15 0)
(1 5.10657e-15 0)
(1 1.17114e-14 0)
(1 7.14445e-15 0)
(1 3.76102e-15 0)
(1 4.66603e-15 0)
(1 -7.49703e-16 0)
(1 9.40006e-15 0)
(1 -2.30341e-15 0)
(1 -3.84575e-15 0)
(1 -1.4264e-15 0)
(1 1.13372e-15 0)
(1 -1.83825e-15 0)
(1 5.42279e-15 0)
(1 6.73189e-15 0)
(1 3.4802e-15 0)
(1 1.09573e-14 0)
(1 8.67029e-15 0)
(1 9.88386e-15 0)
(1 6.02411e-15 0)
(1 6.34862e-15 0)
(1 -2.77099e-15 0)
(1 6.18466e-16 0)
(1 2.0975e-15 0)
(1 1.21881e-14 0)
(1 8.84481e-15 0)
(1 9.14108e-15 0)
(1 4.43576e-15 0)
(1 8.43662e-15 0)
(1 8.87685e-15 0)
(1 8.39684e-15 0)
(1 1.43824e-14 0)
(1 6.75729e-15 0)
(1 6.09994e-15 0)
(1 2.65427e-15 0)
(1 9.26209e-15 0)
(1 6.73159e-15 0)
(1 9.98055e-15 0)
(1 7.65523e-15 0)
(1 -2.43659e-15 0)
(1 1.12646e-15 0)
(1 2.23316e-15 0)
(1 -1.46441e-15 0)
(1 2.20794e-15 0)
(1 -2.75147e-15 0)
(1 -1.03938e-14 0)
(1 -4.34399e-15 0)
(1 -6.03003e-16 0)
(1 3.26206e-16 0)
(1 -1.02819e-15 0)
(1 4.89315e-15 0)
(1 2.29216e-15 0)
(1 1.108e-14 0)
(1 8.07565e-15 0)
(1 1.56482e-14 0)
(1 4.67224e-15 0)
(1 1.41442e-15 0)
(1 1.0574e-14 0)
(1 9.09138e-15 0)
(1 5.10695e-15 0)
(1 -9.99045e-16 0)
(1 -1.94574e-15 0)
(1 1.59088e-15 0)
(1 2.70994e-15 0)
(1 -1.38502e-16 0)
(1 6.46027e-15 0)
(1 7.71307e-15 0)
(1 3.27206e-15 0)
(1 2.84373e-15 0)
(1 3.90873e-15 0)
(1 -9.59939e-15 0)
(1 -1.55301e-14 0)
(1 -4.52371e-15 0)
(1 -1.07728e-14 0)
(1 -7.88487e-16 0)
(1 -6.95082e-16 0)
(1 -1.43729e-14 0)
(1 -1.31994e-15 0)
(1 -3.25822e-15 0)
(1 4.57725e-15 0)
(1 -2.3566e-16 0)
(1 6.36566e-15 0)
(1 -7.72285e-15 0)
(1 6.16748e-15 0)
(1 2.81919e-16 0)
(1 4.49188e-15 0)
(1 4.69404e-15 0)
(1 5.43319e-15 0)
(1 -5.38517e-15 0)
(1 -6.02488e-15 0)
(1 -1.74462e-15 0)
(1 -4.7724e-15 0)
(1 4.35499e-15 0)
(1 -8.88415e-16 0)
(1 2.919e-15 0)
(1 2.99408e-15 0)
(1 -5.01689e-15 0)
(1 3.2107e-15 0)
(1 -3.62877e-16 0)
(1 3.79198e-15 0)
(1 1.90052e-15 0)
(1 1.05005e-14 0)
(1 7.67471e-15 0)
(1 -1.89721e-15 0)
(1 -4.44715e-16 0)
(1 -1.08104e-14 0)
(1 6.50689e-15 0)
(1 1.28829e-15 0)
(1 2.56433e-15 0)
(1 -1.05128e-14 0)
(1 3.46195e-15 0)
(1 5.16665e-15 0)
(1 9.85788e-15 0)
(1 3.57173e-16 0)
(1 6.28072e-15 0)
(1 9.71213e-15 0)
(1 1.09016e-14 0)
(1 4.57374e-15 0)
(1 4.52239e-15 0)
(1 -5.04906e-15 0)
(1 3.23289e-16 0)
(1 -2.73182e-15 0)
(1 -2.05528e-15 0)
(1 -5.28751e-16 0)
(1 2.1665e-15 0)
(1 3.1528e-15 0)
(1 1.10554e-14 0)
(1 5.14468e-15 0)
(1 1.27512e-14 0)
(1 3.3691e-15 0)
(1 5.68147e-15 0)
(1 7.401e-15 0)
(1 3.68674e-15 0)
(1 9.33769e-15 0)
(1 4.14666e-15 0)
(1 1.80047e-15 0)
(1 9.87735e-16 0)
(1 1.09042e-15 0)
(1 4.85367e-15 0)
(1 5.32177e-15 0)
(1 2.37116e-15 0)
(1 2.4764e-16 0)
(1 6.85132e-15 0)
(1 2.8134e-15 0)
(1 -4.15444e-17 0)
(1 -6.91971e-15 0)
(1 -4.53675e-15 0)
(1 -3.5069e-15 0)
(1 -4.58441e-16 0)
(1 1.72524e-15 0)
(1 7.8257e-15 0)
(1 5.51546e-15 0)
(1 8.52498e-15 0)
(1 8.28096e-15 0)
(1 1.17044e-14 0)
(1 3.93787e-15 0)
(1 4.77999e-15 0)
(1 1.75819e-15 0)
(1 2.35875e-15 0)
(1 9.33025e-15 0)
(1 -5.86469e-15 0)
(1 1.54417e-15 0)
(1 -7.31814e-15 0)
(1 4.08195e-15 0)
(1 -3.01706e-15 0)
(1 7.67332e-15 0)
(1 8.51517e-15 0)
(1 1.67879e-14 0)
(1 2.13547e-15 0)
(1 -9.53587e-16 0)
(1 -9.27162e-15 0)
(1 -1.29516e-14 0)
(1 -1.21393e-14 0)
(1 2.99138e-15 0)
(1 1.47292e-15 0)
(1 -4.60234e-16 0)
(1 -6.34163e-16 0)
(1 -1.33313e-15 0)
(1 -6.79367e-15 0)
(1 1.27039e-15 0)
(1 2.70076e-16 0)
(1 8.55906e-15 0)
(1 7.54251e-15 0)
(1 -6.78298e-15 0)
(1 -1.31675e-14 0)
(1 -6.23194e-15 0)
(1 1.65573e-15 0)
(1 5.96158e-15 0)
(1 3.96484e-16 0)
(1 -7.26559e-15 0)
(1 -4.66388e-15 0)
(1 -1.5893e-14 0)
(1 -2.64274e-15 0)
(1 2.43547e-15 0)
(1 -1.16909e-15 0)
(1 1.54676e-16 0)
(1 2.11786e-18 0)
(1 -5.93526e-15 0)
(1 -7.05426e-16 0)
(1 2.24645e-15 0)
(1 -1.41985e-15 0)
(1 -2.5971e-15 0)
(1 -2.19308e-15 0)
(1 1.72364e-15 0)
(1 -8.39174e-16 0)
(1 -2.47108e-16 0)
(1 2.8031e-15 0)
(1 -3.92912e-16 0)
(1 1.27634e-14 0)
(1 1.07641e-15 0)
(1 7.65947e-16 0)
(1 -5.59223e-15 0)
(1 2.90472e-15 0)
(1 4.84509e-15 0)
(1 -4.59719e-17 0)
(1 5.54212e-15 0)
(1 -4.05072e-15 0)
(1 7.35639e-15 0)
(1 9.6486e-15 0)
(1 5.77641e-15 0)
(1 1.33653e-15 0)
(1 1.08412e-14 0)
(1 8.05285e-15 0)
(1 6.31833e-15 0)
(1 -3.08071e-15 0)
(1 5.77381e-15 0)
(1 5.16684e-16 0)
(1 8.59483e-15 0)
(1 9.48845e-15 0)
(1 7.04853e-15 0)
(1 4.54358e-15 0)
(1 5.48032e-15 0)
(1 5.715e-15 0)
(1 9.51898e-15 0)
(1 1.30222e-14 0)
(1 5.51432e-15 0)
(1 4.71337e-15 0)
(1 1.40942e-15 0)
(1 -1.28733e-15 0)
(1 7.51785e-15 0)
(1 7.10828e-15 0)
(1 -1.6024e-15 0)
(1 4.28798e-15 0)
(1 4.01237e-15 0)
(1 7.45163e-15 0)
(1 1.77517e-15 0)
(1 -5.17229e-16 0)
(1 -5.27342e-16 0)
(1 1.18492e-15 0)
(1 4.71587e-15 0)
(1 -3.53233e-15 0)
(1 8.78797e-15 0)
(1 5.65713e-15 0)
(1 8.56893e-15 0)
(1 5.45429e-15 0)
(1 9.76646e-15 0)
(1 5.52707e-15 0)
(1 9.0073e-16 0)
(1 5.13164e-15 0)
(1 5.9472e-15 0)
(1 1.85024e-15 0)
(1 4.28579e-15 0)
(1 4.49642e-15 0)
(1 -4.58276e-15 0)
(1 1.235e-16 0)
(1 -6.67857e-15 0)
(1 8.30241e-16 0)
(1 1.29723e-15 0)
(1 7.09652e-16 0)
(1 -1.18454e-15 0)
(1 1.62701e-15 0)
(1 3.65351e-15 0)
(1 -6.52567e-15 0)
(1 -2.55323e-15 0)
(1 -6.07195e-15 0)
(1 -7.905e-15 0)
(1 6.2791e-15 0)
(1 3.13766e-15 0)
(1 6.3071e-15 0)
(1 3.99714e-15 0)
(1 4.80093e-16 0)
(1 -4.90293e-15 0)
(1 4.64022e-16 0)
(1 4.22678e-15 0)
(1 8.54866e-15 0)
(1 1.26463e-15 0)
(1 -2.05218e-15 0)
(1 -3.46756e-15 0)
(1 -1.11566e-14 0)
(1 -1.46156e-14 0)
(1 -1.80715e-14 0)
(1 -4.55432e-15 0)
(1 -8.36223e-15 0)
(1 -3.51807e-15 0)
(1 -1.06642e-14 0)
(1 1.8759e-15 0)
(1 -9.98344e-15 0)
(1 -7.23549e-15 0)
(1 -8.49006e-15 0)
(1 8.76602e-16 0)
(1 6.97292e-15 0)
(1 9.2207e-15 0)
(1 2.96108e-15 0)
(1 5.6658e-15 0)
(1 2.73962e-15 0)
(1 1.05358e-14 0)
(1 3.40366e-16 0)
(1 -2.88385e-15 0)
(1 -7.39615e-16 0)
(1 -3.65314e-15 0)
(1 1.65639e-15 0)
(1 4.49412e-15 0)
(1 5.79308e-16 0)
(1 3.7624e-15 0)
(1 3.07132e-15 0)
(1 2.74518e-15 0)
(1 -3.62881e-15 0)
(1 1.83024e-15 0)
(1 -3.7532e-15 0)
(1 3.58466e-15 0)
(1 5.68796e-15 0)
(1 4.44676e-15 0)
(1 6.39248e-15 0)
(1 8.22822e-15 0)
(1 3.8439e-15 0)
(1 2.44307e-15 0)
(1 3.07486e-15 0)
(1 1.53228e-15 0)
(1 1.65924e-15 0)
(1 1.08783e-14 0)
(1 6.3252e-15 0)
(1 5.72706e-15 0)
(1 7.7476e-15 0)
(1 6.58038e-16 0)
(1 6.17375e-15 0)
(1 3.63672e-15 0)
(1 4.61106e-16 0)
(1 5.88044e-16 0)
(1 4.08959e-15 0)
(1 8.57132e-15 0)
(1 4.93467e-15 0)
(1 3.65226e-15 0)
(1 6.00093e-15 0)
(1 2.47073e-15 0)
(1 2.26662e-15 0)
(1 1.15464e-14 0)
(1 9.10762e-15 0)
(1 8.60862e-15 0)
(1 2.82666e-15 0)
(1 -6.56989e-16 0)
(1 1.95104e-15 0)
(1 8.36569e-15 0)
(1 5.1879e-15 0)
(1 2.63474e-15 0)
(1 4.94739e-16 0)
(1 2.16541e-15 0)
(1 4.24604e-15 0)
(1 4.10413e-15 0)
(1 1.19689e-14 0)
(1 7.15955e-15 0)
(1 3.96419e-16 0)
(1 -5.50666e-15 0)
(1 1.1606e-15 0)
(1 -7.7181e-15 0)
(1 3.52293e-15 0)
(1 -3.03003e-15 0)
(1 7.79424e-15 0)
(1 8.21624e-15 0)
(1 9.45088e-15 0)
(1 -1.19741e-15 0)
(1 -7.52345e-15 0)
(1 1.53657e-15 0)
(1 -2.53818e-15 0)
(1 -8.00467e-15 0)
(1 -4.41596e-15 0)
(1 -4.44838e-15 0)
(1 5.71608e-15 0)
(1 5.27441e-15 0)
(1 7.13333e-15 0)
(1 3.02775e-15 0)
(1 -1.68784e-15 0)
(1 -3.53961e-15 0)
(1 -3.10265e-15 0)
(1 -1.0744e-14 0)
(1 -2.47744e-15 0)
(1 -2.4615e-15 0)
(1 2.40936e-15 0)
(1 -1.09218e-14 0)
(1 -2.22682e-15 0)
(1 -2.89286e-15 0)
(1 -4.44021e-15 0)
(1 -1.61161e-15 0)
(1 -2.42654e-15 0)
(1 -5.55813e-15 0)
(1 -6.55733e-15 0)
(1 -8.23932e-15 0)
(1 -1.23904e-14 0)
(1 -1.99095e-15 0)
(1 4.28774e-16 0)
(1 1.42518e-15 0)
(1 1.83687e-15 0)
(1 2.36224e-15 0)
(1 5.94852e-15 0)
(1 -3.78764e-16 0)
(1 2.91514e-16 0)
(1 -8.42025e-16 0)
(1 -2.81676e-15 0)
(1 -1.82235e-15 0)
(1 -4.2027e-15 0)
(1 5.05395e-16 0)
(1 3.91693e-15 0)
(1 4.21938e-15 0)
(1 -3.12916e-16 0)
(1 -5.79148e-15 0)
(1 1.91527e-15 0)
(1 -1.58753e-15 0)
(1 8.16013e-15 0)
(1 6.34237e-16 0)
(1 -6.63907e-15 0)
(1 -1.73472e-15 0)
(1 2.63358e-15 0)
(1 -5.84262e-15 0)
(1 -1.72677e-15 0)
(1 1.09765e-15 0)
(1 1.02524e-14 0)
(1 4.10291e-15 0)
(1 5.35688e-15 0)
(1 6.16801e-15 0)
(1 1.96324e-15 0)
(1 8.21566e-15 0)
(1 7.57499e-15 0)
(1 5.92465e-15 0)
(1 4.03378e-15 0)
(1 -2.4779e-15 0)
(1 1.09423e-15 0)
(1 1.71183e-15 0)
(1 2.36195e-16 0)
(1 4.16127e-15 0)
(1 8.98288e-15 0)
(1 9.44801e-15 0)
(1 6.17849e-15 0)
(1 6.53228e-15 0)
(1 6.26886e-15 0)
(1 1.85284e-15 0)
(1 2.00211e-15 0)
(1 8.094e-16 0)
(1 4.45818e-16 0)
(1 1.00188e-15 0)
(1 -4.15124e-16 0)
(1 4.23103e-15 0)
(1 1.00435e-14 0)
(1 8.81213e-15 0)
(1 2.98563e-15 0)
(1 -2.44398e-15 0)
(1 -1.01728e-14 0)
(1 -3.8492e-15 0)
(1 5.97622e-15 0)
(1 4.90622e-15 0)
(1 6.11888e-15 0)
(1 4.06095e-15 0)
(1 -3.17215e-15 0)
(1 -1.06175e-14 0)
(1 -7.28276e-15 0)
(1 -5.10657e-15 0)
(1 1.5664e-15 0)
(1 5.6946e-15 0)
(1 6.534e-15 0)
(1 1.1531e-14 0)
(1 4.4503e-15 0)
(1 2.56386e-16 0)
(1 1.34792e-15 0)
(1 2.73312e-15 0)
(1 -1.10382e-15 0)
(1 -1.04433e-15 0)
(1 -2.89482e-15 0)
(1 -1.23001e-15 0)
(1 2.63603e-15 0)
(1 -2.97625e-15 0)
(1 4.43384e-16 0)
(1 3.32599e-16 0)
(1 4.78365e-15 0)
(1 5.12024e-16 0)
(1 2.34568e-16 0)
(1 -5.61708e-15 -6.62114e-47)
(1 -6.55807e-15 0)
(1 -6.25593e-15 0)
(1 -5.75641e-15 0)
(1 -7.48855e-15 0)
(1 -1.09015e-15 0)
(1 -1.65488e-16 0)
(1 -5.27478e-15 0)
(1 -1.38174e-14 0)
(1 -1.07974e-14 0)
(1 -5.21009e-15 0)
(1 5.65842e-15 0)
(1 -1.89443e-15 0)
(1 -7.19687e-16 0)
(1 -6.36901e-16 0)
(1 -1.21143e-16 0)
(1 -1.73627e-15 0)
(1 -4.61866e-15 0)
(1 -9.663e-15 0)
(1 -6.43133e-16 0)
(1 9.6551e-17 0)
(1 4.35597e-15 3.16907e-47)
(1 -7.15786e-16 0)
(1 -3.17971e-15 3.07069e-47)
(1 -5.20875e-15 0)
(1 3.19165e-16 0)
(1 1.1929e-14 0)
(1 -1.11772e-15 0)
(1 4.62133e-15 0)
(1 2.90252e-15 0)
(1 5.72267e-15 0)
(1 -7.37758e-15 0)
(1 -6.86162e-15 0)
(1 -5.66863e-15 0)
(1 2.59044e-15 0)
(1 7.18866e-15 0)
(1 4.38145e-15 0)
(1 -4.45648e-15 0)
(1 -9.0374e-15 0)
(1 -8.47694e-16 0)
(1 6.62048e-15 0)
(1 1.09741e-14 0)
(1 5.53792e-15 0)
(1 2.1718e-15 0)
(1 3.08697e-15 0)
(1 5.85051e-15 0)
(1 1.65632e-15 -9.6997e-48)
(1 1.01756e-15 1.01727e-47)
(1 -4.30318e-15 9.42621e-48)
(1 6.65924e-15 -9.39863e-48)
(1 2.70067e-15 -8.82433e-48)
(1 2.52815e-15 7.23887e-48)
(1 9.66239e-15 6.515e-48)
(1 4.43774e-15 -7.11914e-48)
(1 4.98162e-15 -6.92888e-48)
(1 5.74772e-15 6.76971e-48)
(1 2.86082e-15 6.47818e-48)
(1 1.11808e-14 0)
(1 1.18503e-14 0)
(1 5.44329e-15 1.11104e-47)
(1 2.05414e-16 0)
(1 6.12243e-15 6.4402e-48)
(1 7.0111e-15 -2.78034e-48)
(1 3.85209e-15 4.87363e-48)
(1 2.91003e-15 0)
(1 3.33754e-15 4.72247e-48)
(1 8.39251e-15 -1.86688e-48)
(1 -1.19165e-15 4.70517e-48)
(1 1.86538e-15 0)
(1 2.53161e-16 3.38967e-48)
(1 9.0084e-17 0)
(1 -3.3856e-15 0)
(1 4.01386e-15 3.22385e-49)
(1 3.11804e-15 -2.73824e-49)
(1 3.80092e-15 0)
(1 -4.01694e-15 -7.73109e-49)
(1 -4.61011e-15 -7.02917e-49)
(1 -1.97112e-15 0)
(1 7.49098e-16 0)
(1 -5.616e-15 0)
(1 3.1696e-15 0)
(1 2.18701e-15 0)
(1 4.38838e-15 0)
(1 5.56092e-16 0)
(1 2.23655e-15 0)
(1 6.06544e-16 0)
(1 -2.08763e-15 0)
(1 -6.27641e-16 0)
(1 -2.79525e-15 0)
(1 -4.56261e-15 0)
(1 -2.06856e-15 0)
(1 -1.01457e-15 0)
(1 2.5693e-15 0)
(1 2.49169e-15 0)
(1 4.74109e-15 0)
(1 6.29424e-15 0)
(1 1.5034e-15 0)
(1 4.69154e-15 0)
(1 2.2017e-15 0)
(1 -2.50642e-15 0)
(1 6.66809e-15 6.62114e-47)
(1 -1.98146e-15 0)
(1 -1.25743e-14 0)
(1 -1.85895e-14 0)
(1 -5.25594e-15 0)
(1 3.19091e-15 0)
(1 5.45123e-15 0)
(1 2.1858e-15 0)
(1 6.57133e-15 0)
(1 -8.93524e-15 0)
(1 -9.28341e-15 0)
(1 -1.36075e-14 0)
(1 -9.13793e-15 0)
(1 -4.27991e-15 0)
(1 -1.95139e-15 0)
(1 -9.29934e-15 0)
(1 2.07386e-15 0)
(1 8.302e-16 0)
(1 -7.47154e-15 0)
(1 -4.7697e-15 0)
(1 -8.76036e-16 0)
(1 9.64789e-16 -3.16907e-47)
(1 3.11007e-15 0)
(1 2.86094e-15 -3.07069e-47)
(1 -2.66667e-15 0)
(1 -4.55682e-15 0)
(1 6.79378e-15 0)
(1 9.7768e-15 0)
(1 5.93277e-15 0)
(1 2.2813e-15 0)
(1 3.47944e-15 0)
(1 4.82893e-17 0)
(1 -5.39529e-15 0)
(1 2.9819e-15 0)
(1 -4.31346e-15 0)
(1 1.69742e-15 0)
(1 -3.26176e-16 0)
(1 -5.35239e-15 0)
(1 -4.35572e-15 0)
(1 1.05537e-15 0)
(1 5.35538e-15 0)
(1 1.00194e-15 0)
(1 -6.57524e-15 0)
(1 -1.00424e-15 0)
(1 -4.63115e-15 0)
(1 1.76029e-15 0)
(1 -9.24563e-18 9.6997e-48)
(1 1.51816e-15 -1.01727e-47)
(1 -4.13375e-15 -9.42621e-48)
(1 2.74957e-15 9.39863e-48)
(1 1.65957e-15 8.82433e-48)
(1 4.41539e-15 -7.23887e-48)
(1 1.8072e-15 -6.515e-48)
(1 8.21921e-15 7.11914e-48)
(1 7.53195e-16 6.92888e-48)
(1 4.75806e-15 -6.76971e-48)
(1 1.45963e-15 -6.47818e-48)
(1 -5.76558e-16 0)
(1 1.50005e-15 0)
(1 2.73219e-15 -1.11104e-47)
(1 1.46538e-15 0)
(1 1.6894e-15 -6.4402e-48)
(1 9.52181e-15 2.78034e-48)
(1 4.33336e-15 -4.87363e-48)
(1 -2.79585e-16 0)
(1 7.60011e-15 -4.72247e-48)
(1 6.67632e-15 1.86688e-48)
(1 6.38991e-17 -4.70517e-48)
(1 -3.54438e-15 0)
(1 -2.19868e-15 -3.38967e-48)
(1 -3.09493e-15 0)
(1 4.86162e-15 0)
(1 6.77593e-16 -3.22385e-49)
(1 -1.84036e-16 2.73824e-49)
(1 -1.4929e-15 0)
(1 -2.01301e-15 7.73109e-49)
(1 2.83384e-15 7.02917e-49)
(1 -6.82337e-16 0)
(1 1.05647e-14 0)
(1 -1.20936e-15 0)
(1 -8.12884e-16 0)
(1 2.62156e-15 0)
(1 -1.82819e-15 0)
(1 -9.07027e-15 0)
(1 -2.06229e-15 0)
(1 8.07874e-15 0)
(1 3.08152e-15 0)
(1 1.84837e-15 0)
(1 -6.77946e-15 0)
(1 -3.00106e-15 0)
(1 -5.91439e-16 0)
(1 3.25191e-15 0)
(1 7.34042e-15 0)
(1 5.08079e-15 0)
(1 2.92474e-15 0)
(1 -1.44864e-15 0)
(1 -1.28694e-14 0)
(1 7.5613e-16 0)
(1 5.99209e-15 0)
(1 4.30263e-15 0)
(1 -9.15791e-15 0)
(1 -5.94675e-15 0)
(1 -7.08399e-15 0)
(1 -9.87262e-15 0)
(1 -7.6887e-15 0)
(1 -4.73093e-15 0)
(1 4.73622e-15 0)
(1 4.1493e-15 0)
(1 7.40172e-15 0)
(1 4.39695e-16 0)
(1 -5.07337e-15 0)
(1 -8.42317e-15 0)
(1 -9.0693e-15 0)
(1 -4.30555e-15 0)
(1 -3.92788e-15 0)
(1 -2.0092e-15 0)
(1 -3.83809e-15 0)
(1 -4.41992e-15 0)
(1 -8.45549e-15 0)
(1 -8.14835e-15 0)
(1 -5.57424e-16 0)
(1 5.1945e-16 0)
(1 -4.98555e-16 0)
(1 -3.34003e-15 0)
(1 2.31986e-15 0)
(1 4.42012e-15 0)
(1 5.14255e-15 0)
(1 1.04699e-14 0)
(1 -1.41929e-15 0)
(1 -5.37215e-15 0)
(1 3.13475e-15 0)
(1 6.29686e-15 0)
(1 1.97033e-15 0)
(1 1.25781e-14 0)
(1 1.4156e-15 0)
(1 -2.57242e-15 0)
(1 -5.67141e-15 0)
(1 -5.34922e-15 0)
(1 3.62585e-15 0)
(1 -4.78799e-15 0)
(1 -3.55696e-15 0)
(1 -1.07151e-14 0)
(1 -1.52281e-15 0)
(1 -5.09515e-15 0)
(1 -5.71586e-15 0)
(1 -2.81564e-15 0)
(1 8.21265e-16 0)
(1 -6.61321e-16 0)
(1 5.79476e-17 0)
(1 -1.49371e-15 0)
(1 1.62129e-15 0)
(1 7.93729e-15 0)
(1 9.57329e-16 0)
(1 8.54662e-15 0)
(1 7.06855e-15 0)
(1 1.09355e-15 0)
(1 -6.16196e-16 0)
(1 -2.95089e-15 0)
(1 -5.09907e-16 0)
(1 -8.70308e-16 0)
(1 1.97569e-15 0)
(1 6.19759e-15 0)
(1 -3.08484e-15 0)
(1 -5.8205e-15 0)
(1 -1.48246e-15 0)
(1 4.32452e-15 0)
(1 8.5261e-15 0)
(1 8.89083e-15 0)
(1 -2.0204e-15 0)
(1 3.06684e-15 0)
(1 -3.72721e-15 0)
(1 -1.20559e-15 0)
(1 -5.22388e-15 0)
(1 -4.83946e-15 0)
(1 -8.98137e-15 0)
(1 1.56157e-15 0)
(1 6.62677e-15 0)
(1 -1.81379e-15 0)
(1 -2.97969e-15 0)
(1 1.63001e-15 0)
(1 5.22939e-15 0)
(1 2.22191e-15 0)
(1 5.25325e-15 0)
(1 1.352e-15 0)
(1 -4.50281e-15 0)
(1 -9.07375e-15 0)
(1 2.13261e-15 0)
(1 3.86389e-15 0)
(1 -9.22313e-15 0)
(1 6.23405e-15 0)
(1 2.33693e-15 0)
(1 6.21977e-15 0)
(1 3.34741e-15 0)
(1 -3.69212e-15 0)
(1 -1.15295e-14 0)
(1 2.39463e-16 0)
(1 4.48132e-15 0)
(1 4.48908e-15 0)
(1 1.88039e-15 0)
(1 -8.66238e-16 0)
(1 -1.72202e-15 0)
(1 -1.32601e-15 0)
(1 5.14356e-15 0)
(1 -2.30636e-15 0)
(1 -8.42453e-15 0)
(1 -1.43796e-14 0)
(1 -9.20012e-15 0)
(1 -7.87793e-15 0)
(1 -1.29503e-14 0)
(1 2.37595e-16 0)
(1 -3.56495e-15 0)
(1 -2.58136e-15 0)
(1 -3.36479e-15 0)
(1 -5.20137e-15 0)
(1 -5.94037e-15 0)
(1 3.58343e-15 0)
(1 -3.74962e-15 0)
(1 -6.32567e-15 0)
(1 -5.44673e-15 0)
(1 -3.28061e-15 0)
(1 4.78129e-15 0)
(1 9.2695e-15 0)
(1 4.7121e-16 0)
(1 -6.08476e-16 0)
(1 3.46412e-15 0)
(1 9.16075e-15 0)
(1 -3.28905e-15 0)
(1 4.82201e-17 0)
(1 -2.6914e-15 0)
(1 7.94356e-16 0)
(1 -1.64399e-15 0)
(1 8.00411e-17 0)
(1 5.27242e-15 0)
(1 -4.02748e-15 0)
(1 -1.17712e-15 0)
(1 -1.507e-15 0)
(1 1.9958e-15 0)
(1 -1.67297e-15 0)
(1 1.41463e-15 0)
(1 -8.58387e-15 0)
(1 -6.51623e-15 0)
(1 -5.68749e-15 0)
(1 6.51307e-16 0)
(1 2.60456e-15 0)
(1 -4.38693e-15 0)
(1 -5.4397e-15 0)
(1 -3.86573e-15 0)
(1 -3.0087e-15 0)
(1 -4.85223e-15 0)
(1 -4.70358e-15 0)
(1 6.44931e-15 0)
(1 3.75645e-15 0)
(1 8.34573e-15 0)
(1 -5.71755e-15 0)
(1 3.72695e-15 0)
(1 4.969e-15 0)
(1 -5.88448e-15 0)
(1 5.02203e-15 0)
(1 4.32744e-15 0)
(1 5.36391e-17 0)
(1 -8.82051e-17 0)
(1 6.55414e-15 0)
(1 3.46921e-16 0)
(1 -5.15791e-17 0)
(1 5.71059e-15 0)
(1 3.62968e-15 0)
(1 3.37495e-15 0)
(1 -5.741e-17 0)
(1 -3.30755e-15 0)
(1 -1.08139e-15 0)
(1 -9.77321e-16 0)
(1 -7.24069e-15 0)
(1 -6.35222e-16 0)
(1 -6.50344e-15 0)
(1 -3.30622e-15 0)
(1 -2.84602e-15 0)
(1 -6.72172e-16 0)
(1 -2.35639e-15 0)
(1 -6.91898e-15 0)
(1 3.14808e-15 0)
(1 1.31743e-14 0)
(1 -3.34682e-15 0)
(1 1.94011e-15 0)
(1 8.17788e-15 0)
(1 -3.59893e-15 0)
(1 -5.77673e-15 0)
(1 -1.84893e-15 0)
(1 -5.79439e-15 0)
(1 -5.48316e-15 0)
(1 3.29922e-15 0)
(1 -1.27954e-15 0)
(1 4.43937e-15 0)
(1 3.33766e-15 0)
(1 1.76349e-16 0)
(1 3.64923e-15 0)
(1 5.75427e-15 0)
(1 1.20046e-14 0)
(1 1.53589e-15 0)
(1 -1.17597e-15 0)
(1 -7.87866e-15 0)
(1 1.28317e-15 0)
(1 -1.11736e-14 0)
(1 -6.63555e-15 0)
(1 -3.91491e-15 0)
(1 -4.32824e-15 0)
(1 -8.26321e-15 0)
(1 -8.41256e-15 0)
(1 -3.59073e-15 0)
(1 -4.62682e-15 0)
(1 -5.02048e-15 0)
(1 -5.5277e-15 0)
(1 -1.1805e-14 0)
(1 -2.06298e-15 0)
(1 -6.2566e-15 0)
(1 -2.24163e-15 0)
(1 -3.22894e-16 0)
(1 6.35217e-15 0)
(1 -4.78283e-15 0)
(1 -1.42186e-15 0)
(1 -1.28521e-14 0)
(1 -6.32341e-15 0)
(1 2.06202e-15 0)
(1 4.36393e-15 0)
(1 -6.16959e-15 0)
(1 -4.96464e-15 0)
(1 -2.54021e-15 0)
(1 5.82079e-16 0)
(1 -1.55047e-16 0)
(1 3.31542e-15 0)
(1 9.15112e-15 0)
(1 -3.77426e-15 0)
(1 1.19455e-15 0)
(1 -4.86298e-15 0)
(1 -7.05267e-15 0)
(1 -3.63599e-15 0)
(1 -3.30827e-16 0)
(1 7.50088e-15 0)
(1 6.02446e-16 0)
(1 -3.16016e-15 0)
(1 -2.25525e-15 0)
(1 -7.49941e-15 0)
(1 1.05646e-15 0)
(1 -4.43326e-15 0)
(1 2.98318e-15 0)
(1 3.97086e-15 0)
(1 5.65493e-16 0)
(1 -4.14422e-15 0)
(1 -4.78253e-15 0)
(1 2.54324e-16 0)
(1 -6.04153e-15 0)
(1 -1.03168e-15 0)
(1 -6.58927e-15 0)
(1 -2.48468e-15 0)
(1 -7.28207e-15 0)
(1 -8.34422e-15 0)
(1 1.93955e-15 0)
(1 -1.44504e-15 0)
(1 3.98902e-15 0)
(1 1.0125e-15 0)
(1 -5.40823e-15 0)
(1 1.23792e-15 0)
(1 3.07752e-18 0)
(1 1.60423e-15 0)
(1 2.02918e-15 0)
(1 4.23867e-15 0)
(1 3.2966e-17 0)
(1 -1.98841e-15 0)
(1 -2.26309e-15 0)
(1 2.45808e-15 0)
(1 -3.32078e-15 0)
(1 -3.11102e-15 0)
(1 -2.98265e-15 0)
(1 -7.05138e-16 0)
(1 2.36398e-15 0)
(1 3.52589e-15 0)
(1 -1.82864e-15 0)
(1 2.4757e-15 0)
(1 4.55498e-15 0)
(1 5.56375e-15 0)
(1 9.56406e-15 0)
(1 2.12463e-16 0)
(1 -4.54368e-15 0)
(1 -6.12553e-15 0)
(1 -8.9633e-16 0)
(1 -1.79358e-15 0)
(1 9.98772e-16 0)
(1 -4.69789e-15 0)
(1 -8.01657e-15 0)
(1 1.33325e-15 0)
(1 6.51839e-17 0)
(1 4.08723e-15 0)
(1 6.79499e-15 0)
(1 6.6076e-15 0)
(1 1.11755e-14 0)
(1 -1.56252e-17 0)
(1 -8.57277e-15 0)
(1 -5.84462e-15 0)
(1 -7.8106e-16 0)
(1 -5.78874e-15 0)
(1 -5.82447e-15 0)
(1 -7.6923e-15 0)
(1 -1.02197e-14 0)
(1 -2.56712e-15 0)
(1 1.0815e-14 0)
(1 3.42123e-15 0)
(1 -5.12831e-15 0)
(1 -1.3729e-14 0)
(1 -1.17225e-14 0)
(1 2.25494e-15 0)
(1 2.96601e-15 0)
(1 6.0272e-15 0)
(1 -6.60861e-15 0)
(1 -6.31504e-15 0)
(1 -1.04099e-14 0)
(1 -1.21653e-14 0)
(1 -1.10364e-14 0)
(1 -1.13211e-14 0)
(1 -4.41172e-16 0)
(1 -4.91821e-15 0)
(1 -3.2701e-15 0)
(1 8.52415e-15 0)
(1 1.88431e-16 0)
(1 -2.21833e-15 0)
(1 -6.51413e-15 0)
(1 -5.07086e-15 0)
(1 -2.39529e-15 0)
(1 2.56372e-15 0)
(1 -6.2471e-15 0)
(1 -4.41203e-16 0)
(1 3.89624e-15 0)
(1 1.98635e-15 0)
(1 1.22664e-15 0)
(1 -6.54482e-15 0)
(1 -2.3057e-15 0)
(1 3.0891e-15 0)
(1 2.47688e-15 0)
(1 2.23277e-15 0)
(1 9.89964e-16 0)
(1 2.07914e-15 0)
(1 -3.20453e-15 0)
(1 -4.83228e-15 0)
(1 -2.75003e-15 0)
(1 1.07607e-16 0)
(1 -9.12892e-16 0)
(1 5.43809e-15 0)
(1 4.30212e-15 0)
(1 -6.23863e-15 0)
(1 -1.1162e-15 0)
(1 2.23991e-15 0)
(1 4.9404e-15 0)
(1 -7.04627e-16 0)
(1 -1.9965e-15 0)
(1 -5.38985e-15 0)
(1 -1.66661e-15 0)
(1 -4.4568e-15 0)
(1 -5.88544e-15 0)
(1 7.47586e-16 0)
(1 -3.16221e-16 0)
(1 8.07299e-16 0)
(1 -2.89665e-15 0)
(1 2.51356e-16 0)
(1 -2.48264e-15 0)
(1 3.6367e-15 0)
(1 7.94242e-15 0)
(1 1.57359e-15 0)
(1 -2.23959e-15 0)
(1 -2.53e-15 0)
(1 -3.25776e-15 0)
(1 2.51164e-15 0)
(1 -2.72597e-15 0)
(1 -2.73711e-15 0)
(1 9.74344e-16 0)
(1 3.05681e-15 0)
(1 4.57786e-15 0)
(1 2.12654e-15 0)
(1 -1.38358e-15 0)
(1 -3.86197e-15 0)
(1 3.24762e-15 0)
(1 5.17007e-15 0)
(1 3.97861e-15 0)
(1 -1.21484e-14 0)
(1 -3.28408e-15 0)
(1 -9.74897e-15 0)
(1 8.09137e-15 0)
(1 5.82813e-15 0)
(1 5.56661e-15 0)
(1 -3.16627e-15 0)
(1 8.36293e-16 0)
(1 5.49049e-16 0)
(1 1.21371e-15 0)
(1 -4.66327e-16 0)
(1 3.62542e-15 0)
(1 2.36345e-15 0)
(1 8.41582e-15 0)
(1 -1.79583e-15 0)
(1 -8.63042e-15 0)
(1 -2.17063e-15 0)
(1 4.85016e-15 0)
(1 -2.99632e-16 0)
(1 -4.5166e-15 0)
(1 -6.11755e-15 0)
(1 -8.57313e-15 0)
(1 -1.8008e-14 0)
(1 -3.61443e-15 0)
(1 -4.67293e-15 0)
(1 -7.06636e-15 0)
(1 -9.17117e-15 0)
(1 1.30254e-15 0)
(1 -3.70966e-15 0)
(1 4.76332e-16 0)
(1 1.20982e-15 0)
(1 4.46712e-15 0)
(1 -5.08916e-15 0)
(1 1.36137e-15 0)
(1 -1.15345e-14 0)
(1 -7.25144e-15 0)
(1 -1.56188e-14 0)
(1 -7.47447e-16 0)
(1 -7.78018e-15 0)
(1 3.1956e-15 0)
(1 4.67677e-15 0)
(1 -2.60582e-15 0)
(1 -4.77485e-15 0)
(1 1.2753e-15 0)
(1 -7.91573e-15 0)
(1 -8.90147e-15 0)
(1 -6.99674e-15 0)
(1 -6.3547e-15 0)
(1 -1.25165e-15 0)
(1 2.6839e-15 0)
(1 -1.351e-15 0)
(1 -1.11603e-15 0)
(1 -2.09991e-16 0)
(1 -4.45582e-15 0)
(1 -6.22564e-16 0)
(1 2.97032e-15 0)
(1 3.44718e-15 0)
(1 1.52691e-15 0)
(1 -1.38766e-15 0)
(1 -2.60548e-15 0)
(1 1.23875e-15 0)
(1 -1.54273e-15 0)
(1 3.8733e-16 0)
(1 -1.09325e-15 0)
(1 6.18099e-16 0)
(1 -3.62994e-15 0)
(1 -6.03707e-15 0)
(1 -2.89631e-15 0)
(1 -4.71085e-15 0)
(1 -3.38599e-16 0)
(1 1.83845e-15 0)
(1 -3.35325e-16 0)
(1 -4.35541e-15 0)
(1 -9.78411e-15 0)
(1 -4.98566e-15 0)
(1 -7.92198e-15 0)
(1 -2.93181e-15 0)
(1 -4.6871e-16 0)
(1 1.0696e-15 0)
(1 6.03568e-15 0)
(1 1.8492e-15 0)
(1 2.05842e-15 0)
(1 6.0148e-16 0)
(1 -9.09608e-16 0)
(1 -5.24513e-15 0)
(1 -4.76983e-16 0)
(1 1.90984e-15 0)
(1 -6.10201e-16 0)
(1 -2.96582e-16 0)
(1 -3.38405e-15 0)
(1 -1.84777e-15 0)
(1 -3.08051e-15 0)
(1 3.45627e-15 0)
(1 1.42018e-15 0)
(1 5.10023e-16 0)
(1 -3.77927e-15 0)
(1 -3.31013e-15 0)
(1 -2.48302e-15 0)
(1 5.21817e-15 0)
(1 -5.67878e-15 0)
(1 -2.88407e-16 0)
(1 -4.54642e-15 0)
(1 -7.63246e-15 0)
(1 1.27528e-16 0)
(1 5.27342e-16 0)
(1 8.58887e-15 0)
(1 7.49931e-15 0)
(1 -2.02069e-15 0)
(1 1.4284e-15 0)
(1 4.50074e-16 0)
(1 5.50743e-15 0)
(1 1.04234e-14 0)
(1 9.12338e-15 0)
(1 -6.57601e-15 0)
(1 -6.92713e-15 0)
(1 -2.27568e-15 0)
(1 -1.22701e-14 0)
(1 -3.64439e-15 0)
(1 -7.39731e-15 0)
(1 -1.32599e-15 0)
(1 -8.77282e-15 0)
(1 -2.59648e-15 0)
(1 -6.93642e-15 0)
(1 -1.05052e-14 0)
(1 -1.16716e-14 0)
(1 -8.55045e-15 0)
(1 1.70681e-15 0)
(1 7.54567e-15 0)
(1 -3.02858e-15 0)
(1 -4.27054e-15 0)
(1 -5.94844e-15 0)
(1 8.22758e-16 0)
(1 -4.55179e-15 0)
(1 -9.4409e-16 0)
(1 -3.66572e-15 0)
(1 -6.20657e-15 0)
(1 1.42099e-15 0)
(1 5.48398e-16 0)
(1 4.46307e-15 0)
(1 -3.15162e-16 0)
(1 -1.31263e-14 0)
(1 -4.75372e-15 0)
(1 -1.34882e-15 0)
(1 -5.35448e-15 0)
(1 -1.27521e-14 0)
(1 -3.94088e-15 0)
(1 6.6292e-16 0)
(1 1.49537e-16 0)
(1 2.23945e-15 0)
(1 -1.55805e-15 0)
(1 2.08626e-15 0)
(1 4.41607e-15 0)
(1 4.75363e-15 0)
(1 1.95985e-15 0)
(1 -4.14204e-15 0)
(1 1.58648e-15 0)
(1 -1.10376e-15 0)
(1 5.13872e-15 0)
(1 -2.60727e-15 0)
(1 -7.30869e-16 0)
(1 1.27303e-16 0)
(1 -3.32999e-15 0)
(1 3.01166e-15 0)
(1 2.03408e-15 0)
(1 6.78318e-15 0)
(1 1.88522e-15 0)
(1 2.96894e-15 0)
(1 -5.59658e-15 0)
(1 -5.32862e-15 0)
(1 -3.47113e-15 0)
(1 -1.76663e-15 0)
(1 -7.77194e-15 0)
(1 -5.48918e-15 0)
(1 -3.94626e-15 0)
(1 -8.61832e-15 0)
(1 -7.79343e-15 0)
(1 3.11582e-15 0)
(1 2.65315e-15 0)
(1 2.54443e-15 0)
(1 4.1311e-15 0)
(1 -8.4266e-16 0)
(1 2.00775e-15 0)
(1 -3.97388e-15 0)
(1 -6.33021e-15 0)
(1 2.12736e-15 0)
(1 2.17725e-15 0)
(1 -1.51166e-15 0)
(1 1.73687e-15 0)
(1 3.05968e-15 0)
(1 4.77572e-15 0)
(1 2.61606e-15 0)
(1 1.83603e-15 0)
(1 -4.59974e-15 0)
(1 1.42352e-15 0)
(1 -1.16274e-15 0)
(1 3.79751e-16 0)
(1 6.7596e-15 0)
(1 6.36385e-18 0)
(1 4.58567e-15 0)
(1 5.76761e-16 0)
(1 2.96303e-15 0)
(1 4.88086e-15 0)
(1 1.12027e-15 0)
(1 -6.2114e-15 0)
(1 -4.50713e-15 0)
(1 -4.53902e-15 0)
(1 4.75769e-15 0)
(1 -5.16856e-15 0)
(1 -3.48722e-17 0)
(1 -2.26648e-15 0)
(1 2.77011e-15 0)
(1 7.27883e-15 0)
(1 9.03485e-15 0)
(1 -3.60791e-15 0)
(1 -5.98517e-15 0)
(1 5.84378e-15 0)
(1 -9.6014e-15 0)
(1 -1.10177e-14 0)
(1 -7.59686e-15 0)
(1 -1.10992e-15 0)
(1 1.66197e-15 0)
(1 4.47926e-15 0)
(1 1.25334e-14 0)
(1 -3.01005e-15 0)
(1 -1.40348e-14 0)
(1 -1.12726e-14 0)
(1 1.74807e-15 0)
(1 -3.76297e-15 0)
(1 -2.37184e-15 0)
(1 -4.36845e-16 0)
(1 -3.74931e-15 0)
(1 -5.04653e-15 0)
(1 -7.3273e-15 0)
(1 -9.93109e-15 0)
(1 -2.43406e-15 0)
(1 -5.28949e-15 0)
(1 -3.47265e-15 0)
(1 -2.50629e-15 0)
(1 -1.07039e-15 0)
(1 -1.60269e-16 0)
(1 -5.41837e-15 0)
(1 -1.06201e-15 0)
(1 -3.59357e-15 0)
(1 -4.15366e-15 0)
(1 -1.01992e-16 0)
(1 4.27131e-15 0)
(1 -1.07162e-15 0)
(1 -2.32845e-15 0)
(1 -5.6476e-15 0)
(1 -6.39351e-15 0)
(1 -1.51887e-15 0)
(1 3.7981e-15 0)
(1 4.9917e-15 0)
(1 7.63191e-15 0)
(1 7.39817e-16 0)
(1 -1.31454e-15 0)
(1 -1.12307e-15 0)
(1 5.82341e-15 0)
(1 4.17917e-15 0)
(1 4.77976e-15 0)
(1 -1.32341e-15 0)
(1 -1.46002e-15 0)
(1 3.39906e-16 0)
(1 -2.98894e-15 0)
(1 -3.3423e-15 0)
(1 -1.02345e-15 0)
(1 1.43108e-15 0)
(1 -4.64727e-15 0)
(1 -2.24172e-15 0)
(1 -3.25082e-15 0)
(1 -5.2981e-15 0)
(1 -9.11519e-15 0)
(1 -1.95031e-15 0)
(1 3.75556e-15 0)
(1 3.12403e-15 0)
(1 5.56583e-15 0)
(1 2.57619e-15 0)
(1 -3.16336e-15 0)
(1 -5.84082e-15 0)
(1 -3.11671e-15 0)
(1 -5.46759e-15 0)
(1 -6.3985e-15 0)
(1 -9.81036e-15 0)
(1 -1.98094e-15 0)
(1 -1.307e-15 0)
(1 -3.6656e-15 0)
(1 -6.88466e-15 0)
(1 -2.13263e-15 0)
(1 2.32086e-15 0)
(1 4.14404e-15 0)
(1 4.72775e-15 0)
(1 1.12444e-14 0)
(1 3.20857e-15 0)
(1 3.08938e-15 0)
(1 -2.62767e-16 0)
(1 5.33835e-15 0)
(1 5.365e-15 0)
(1 2.60914e-15 0)
(1 -5.54525e-16 0)
(1 5.29433e-15 0)
(1 -2.45624e-15 0)
(1 -1.16092e-15 0)
(1 -4.07924e-15 0)
(1 -3.2926e-15 0)
(1 1.67099e-15 0)
(1 -3.57501e-15 0)
(1 -3.46021e-15 0)
(1 5.69787e-16 0)
(1 7.71456e-15 0)
(1 1.92636e-16 0)
(1 2.06514e-16 0)
(1 -5.03305e-15 0)
(1 8.62183e-16 0)
(1 -2.20778e-15 0)
(1 2.92923e-15 0)
(1 -6.39051e-15 0)
(1 3.45637e-15 0)
(1 -7.82356e-15 0)
(1 -5.46605e-15 0)
(1 -5.14733e-15 0)
(1 3.34547e-16 0)
(1 -7.33834e-15 0)
(1 -2.80388e-15 0)
(1 -2.89642e-15 0)
(1 -7.55824e-16 0)
(1 -1.32646e-15 0)
(1 4.29643e-15 0)
(1 1.68977e-15 0)
(1 -4.18392e-15 0)
(1 -5.90181e-15 0)
(1 -1.08925e-14 0)
(1 -5.70227e-15 0)
(1 -6.32875e-15 0)
(1 -1.20482e-15 0)
(1 2.13803e-15 0)
(1 -1.55699e-15 0)
(1 -4.31755e-15 0)
(1 -2.9402e-15 0)
(1 -1.70385e-15 0)
(1 1.05605e-15 0)
(1 -3.05447e-15 0)
(1 -3.3861e-15 0)
(1 -7.9919e-15 0)
(1 -7.63517e-15 0)
(1 9.34177e-16 0)
(1 -2.60916e-15 0)
(1 -1.61571e-15 0)
(1 -2.42766e-15 0)
(1 2.16507e-16 0)
(1 3.26717e-15 0)
(1 -1.7318e-15 0)
(1 -3.3559e-15 0)
(1 3.16865e-15 0)
(1 4.05498e-16 0)
(1 4.15049e-15 0)
(1 -5.63933e-15 0)
(1 5.98151e-16 0)
(1 5.52448e-15 0)
(1 -9.96054e-16 0)
(1 8.46291e-15 0)
(1 2.87195e-15 0)
(1 3.66062e-15 0)
(1 -1.57695e-15 0)
(1 -2.75043e-15 0)
(1 -8.74824e-15 0)
(1 -8.55173e-16 0)
(1 -1.80389e-15 0)
(1 -8.46664e-15 0)
(1 -4.7805e-15 0)
(1 -1.00438e-14 0)
(1 -9.4197e-15 0)
(1 -5.47996e-15 0)
(1 -4.72769e-15 0)
(1 3.32531e-15 0)
(1 5.63673e-15 0)
(1 6.06185e-15 0)
(1 -3.13995e-15 0)
(1 -3.93802e-15 0)
(1 -4.18755e-15 0)
(1 -2.79786e-15 0)
(1 6.16734e-15 0)
(1 -4.88418e-15 0)
(1 -6.98633e-15 0)
(1 -1.97512e-15 0)
(1 -5.08864e-15 0)
(1 -1.0561e-15 0)
(1 2.77189e-15 0)
(1 7.81828e-15 0)
(1 2.98662e-15 0)
(1 2.73635e-15 0)
(1 2.49418e-15 0)
(1 1.0924e-15 0)
(1 -2.98985e-15 0)
(1 -2.70778e-15 0)
(1 4.83013e-16 0)
(1 -1.21437e-15 0)
(1 -4.88114e-15 0)
(1 1.99591e-15 0)
(1 -2.27344e-15 0)
(1 2.81019e-15 0)
(1 3.07246e-15 0)
(1 -2.92293e-15 0)
(1 5.85948e-17 0)
(1 -2.46127e-15 0)
(1 -4.40136e-15 0)
(1 -4.04262e-15 0)
(1 -3.84408e-15 0)
(1 4.45411e-15 0)
(1 1.3798e-14 0)
(1 9.1806e-15 0)
(1 8.35994e-15 0)
(1 -1.70266e-15 0)
(1 -4.30329e-15 0)
(1 -3.70862e-15 0)
(1 -2.76563e-15 0)
(1 -4.76531e-15 0)
(1 7.05661e-15 0)
(1 -4.7843e-15 0)
(1 -1.36334e-14 0)
(1 -1.22283e-14 0)
(1 -5.81235e-15 0)
(1 -7.00131e-15 0)
(1 -7.95591e-16 0)
(1 5.14237e-15 0)
(1 6.95703e-15 0)
(1 4.06091e-15 0)
(1 -6.33298e-15 0)
(1 -1.03726e-14 0)
(1 -2.9213e-15 0)
(1 -4.8757e-15 0)
(1 -6.24552e-15 0)
(1 -3.68996e-15 0)
(1 -5.84813e-15 0)
(1 -3.14014e-15 0)
(1 -1.94961e-15 0)
(1 -1.1437e-14 0)
(1 -1.16639e-15 0)
(1 5.90881e-16 0)
(1 -1.32486e-15 0)
(1 2.59925e-15 0)
(1 2.5797e-15 0)
(1 -1.80639e-15 0)
(1 -5.31932e-15 0)
(1 -8.38786e-15 0)
(1 -6.22386e-15 0)
(1 -1.6077e-15 0)
(1 3.59295e-15 0)
(1 1.94388e-15 0)
(1 4.94485e-15 0)
(1 3.44291e-15 0)
(1 2.68037e-15 0)
(1 -4.80618e-15 0)
(1 3.41306e-15 0)
(1 -4.07359e-15 0)
(1 4.67986e-15 0)
(1 -6.45398e-16 0)
(1 4.48107e-15 0)
(1 4.22531e-15 0)
(1 3.96832e-15 0)
(1 1.09891e-15 0)
(1 -2.25251e-15 0)
(1 -9.99654e-15 0)
(1 -2.35741e-15 0)
(1 -1.65294e-15 0)
(1 -4.14621e-15 0)
(1 -7.73419e-15 0)
(1 -1.23658e-14 0)
(1 -7.45218e-15 0)
(1 -3.11026e-15 0)
(1 -5.24325e-15 0)
(1 -3.53759e-15 0)
(1 -6.00536e-16 0)
(1 2.16084e-17 0)
(1 1.36377e-15 0)
(1 3.44615e-16 0)
(1 -2.87251e-15 0)
(1 -1.05394e-14 0)
(1 -4.07873e-15 0)
(1 -5.36239e-15 0)
(1 1.95562e-16 0)
(1 1.04686e-15 0)
(1 -2.04948e-15 0)
(1 -1.29949e-15 0)
(1 -4.89092e-15 0)
(1 -2.803e-15 0)
(1 -4.0983e-15 0)
(1 3.73187e-15 0)
(1 7.86865e-15 0)
(1 1.25002e-15 0)
(1 6.67751e-15 0)
(1 -1.85723e-15 0)
(1 -6.59193e-15 0)
(1 -4.33699e-15 0)
(1 -5.23575e-15 0)
(1 -4.3657e-16 0)
(1 -4.59756e-15 0)
(1 -6.27479e-15 0)
(1 5.0744e-15 0)
(1 -2.01374e-15 0)
(1 2.7637e-15 0)
(1 5.9716e-16 0)
(1 -4.90025e-15 0)
(1 -2.37518e-15 0)
(1 -2.60769e-15 0)
(1 -1.26961e-14 0)
(1 -1.01293e-14 0)
(1 -1.3272e-14 0)
(1 1.38525e-15 0)
(1 3.70732e-15 0)
(1 4.40209e-15 0)
(1 1.53656e-15 0)
(1 4.91353e-15 0)
(1 -1.50319e-15 0)
(1 8.67279e-15 0)
(1 4.39355e-15 0)
(1 7.12871e-16 0)
(1 -1.82558e-15 0)
(1 -5.85128e-15 0)
(1 -1.02446e-14 0)
(1 -1.10976e-14 0)
(1 -2.94046e-15 0)
(1 1.36057e-15 0)
(1 -1.80096e-15 0)
(1 -8.45188e-16 0)
(1 3.18686e-15 0)
(1 -2.8988e-15 0)
(1 -1.01983e-14 0)
(1 -1.10258e-14 0)
(1 -6.91197e-16 0)
(1 1.61656e-15 0)
(1 4.30264e-15 0)
(1 6.96795e-16 0)
(1 -2.66477e-16 0)
(1 1.79094e-15 0)
(1 2.53907e-16 0)
(1 -7.25964e-15 0)
(1 -9.74527e-16 0)
(1 2.46309e-16 0)
(1 -1.45644e-15 0)
(1 -9.83399e-15 0)
(1 -4.94709e-15 0)
(1 -7.96293e-15 0)
(1 -6.27889e-16 0)
(1 7.49254e-16 0)
(1 1.04478e-15 0)
(1 1.29462e-15 0)
(1 2.40203e-15 0)
(1 2.06553e-15 0)
(1 1.38404e-15 0)
(1 -3.405e-15 0)
(1 -2.93755e-15 0)
(1 -3.50467e-15 0)
(1 -4.97289e-15 0)
(1 -1.82492e-15 0)
(1 -2.08432e-15 0)
(1 2.11318e-15 0)
(1 -1.30467e-15 0)
(1 -6.09018e-15 0)
(1 5.25811e-15 0)
(1 -9.52417e-16 0)
(1 9.27697e-16 0)
(1 3.87514e-15 0)
(1 6.1748e-16 0)
(1 -7.55146e-15 0)
(1 -1.21659e-14 0)
(1 -1.99086e-14 0)
(1 -1.63173e-14 0)
(1 -6.96108e-15 0)
(1 -3.62141e-15 0)
(1 -1.04217e-15 0)
(1 2.97185e-15 0)
(1 6.49404e-15 0)
(1 6.58668e-15 0)
(1 -4.51596e-15 0)
(1 -3.95343e-15 0)
(1 -5.05999e-15 0)
(1 -1.92252e-15 0)
(1 -1.50259e-15 0)
(1 -3.37047e-15 0)
(1 -4.78002e-15 0)
(1 -1.56831e-14 0)
(1 -6.53744e-15 0)
(1 3.89028e-15 0)
(1 -3.00821e-15 0)
(1 -4.7887e-16 0)
(1 1.72564e-15 0)
(1 3.51304e-15 0)
(1 -6.51797e-16 0)
(1 4.14199e-15 0)
(1 2.45388e-15 0)
(1 3.14823e-15 0)
(1 -2.00001e-15 0)
(1 1.33468e-15 0)
(1 -7.48299e-15 0)
(1 -6.20702e-15 0)
(1 -8.90967e-15 0)
(1 -9.81724e-15 0)
(1 1.22767e-15 0)
(1 8.96287e-16 0)
(1 2.12242e-15 0)
(1 4.02639e-15 0)
(1 -1.63562e-15 0)
(1 -1.9381e-15 0)
(1 -4.86848e-15 0)
(1 -1.55557e-14 0)
(1 -3.11522e-15 0)
(1 1.53367e-15 0)
(1 -2.16034e-15 0)
(1 6.61202e-15 0)
(1 5.77253e-15 0)
(1 2.92984e-15 0)
(1 5.6483e-16 0)
(1 1.75379e-15 0)
(1 -1.86116e-15 0)
(1 -1.55297e-15 0)
(1 -7.14498e-15 0)
(1 -1.19815e-15 0)
(1 6.64687e-15 0)
(1 7.46986e-15 0)
(1 3.58523e-15 0)
(1 -1.18744e-14 0)
(1 -7.53675e-15 0)
(1 -1.07218e-14 0)
(1 -5.84652e-15 0)
(1 3.33969e-15 0)
(1 9.95913e-17 0)
(1 -3.70293e-15 0)
(1 -4.66523e-15 0)
(1 -3.93051e-16 0)
(1 1.75385e-15 0)
(1 1.079e-15 0)
(1 1.6597e-16 0)
(1 -3.4838e-15 0)
(1 -3.68174e-15 0)
(1 -4.5187e-15 0)
(1 1.144e-15 0)
(1 4.94642e-15 0)
(1 -3.49392e-15 0)
(1 -4.22495e-15 0)
(1 -9.33003e-15 0)
(1 -1.17657e-14 0)
(1 -6.62194e-15 0)
(1 -3.74399e-15 0)
(1 -1.49086e-15 0)
(1 6.50488e-16 0)
(1 -2.85329e-15 0)
(1 1.41308e-15 0)
(1 2.31214e-15 0)
(1 4.46345e-15 0)
(1 -2.66396e-15 0)
(1 3.06889e-15 0)
(1 -5.33274e-15 0)
(1 -1.66443e-15 0)
(1 -4.19218e-15 0)
(1 -2.76685e-15 0)
(1 2.60591e-15 0)
(1 -7.16489e-15 0)
(1 -5.22444e-15 0)
(1 4.1891e-15 0)
(1 5.65091e-15 0)
(1 -1.75602e-15 0)
(1 8.17912e-15 0)
(1 2.21816e-15 0)
(1 6.82043e-17 0)
(1 -7.86759e-15 0)
(1 -1.47974e-14 0)
(1 -8.03993e-15 0)
(1 -1.08588e-14 0)
(1 -6.57392e-15 0)
(1 -3.77486e-17 0)
(1 -1.6844e-15 0)
(1 1.49884e-15 0)
(1 -2.43764e-15 0)
(1 -6.9771e-15 0)
(1 -1.38193e-15 0)
(1 -3.13676e-15 0)
(1 5.01444e-15 0)
(1 2.9002e-15 0)
(1 5.45797e-15 0)
(1 -3.46049e-15 0)
(1 -6.30701e-15 0)
(1 -4.87221e-15 0)
(1 -1.41361e-15 0)
(1 -3.59291e-15 0)
(1 -4.76806e-15 0)
(1 3.26149e-16 0)
(1 2.54051e-15 0)
(1 -5.26263e-15 0)
(1 6.84292e-16 0)
(1 -1.04488e-15 0)
(1 4.13983e-15 0)
(1 -2.22923e-15 0)
(1 -5.58715e-15 0)
(1 -1.24511e-14 0)
(1 -6.3949e-15 0)
(1 -8.94127e-15 0)
(1 -9.88569e-15 0)
(1 -3.96191e-15 0)
(1 -1.03695e-15 0)
(1 8.64452e-16 0)
(1 1.37541e-15 0)
(1 4.36725e-15 0)
(1 2.73594e-15 0)
(1 2.1316e-15 0)
(1 -6.99541e-15 0)
(1 -1.86003e-15 0)
(1 -6.81028e-16 0)
(1 -1.69782e-15 0)
(1 -6.84066e-15 0)
(1 1.91305e-15 0)
(1 -3.18187e-15 0)
(1 -1.02144e-14 0)
(1 1.54366e-16 0)
(1 -1.07701e-15 0)
(1 1.43003e-15 0)
(1 7.72857e-15 0)
(1 7.03247e-15 0)
(1 7.25714e-15 0)
(1 3.52526e-15 0)
(1 2.23033e-15 0)
(1 -1.01261e-14 0)
(1 -6.94609e-15 0)
(1 -8.37942e-15 0)
(1 7.59126e-17 0)
(1 -1.19609e-15 0)
(1 3.41487e-15 0)
(1 1.57011e-15 0)
(1 -3.65288e-15 0)
(1 -2.29031e-15 0)
(1 -5.98938e-15 0)
(1 -6.49e-15 0)
(1 -4.78541e-15 0)
(1 -7.07915e-15 0)
(1 -7.714e-15 0)
(1 -5.49784e-15 0)
(1 4.48858e-15 0)
(1 2.6442e-15 0)
(1 -8.38396e-15 0)
(1 -1.07679e-14 0)
(1 -3.56159e-15 0)
(1 -6.69615e-15 0)
(1 -4.3464e-15 0)
(1 2.43197e-15 0)
(1 5.57526e-15 0)
(1 6.98306e-15 0)
(1 2.20946e-15 0)
(1 -1.01682e-15 0)
(1 3.85526e-15 0)
(1 -1.84122e-15 0)
(1 -2.20659e-15 0)
(1 -1.60567e-15 0)
(1 -3.09771e-15 0)
(1 5.02012e-16 0)
(1 -4.33873e-15 0)
(1 -5.84159e-15 0)
(1 9.16478e-15 0)
(1 3.87006e-15 0)
(1 3.29575e-15 0)
(1 2.92821e-15 0)
(1 1.14038e-15 0)
(1 -4.971e-15 0)
(1 -4.06595e-15 0)
(1 -2.6315e-15 0)
(1 3.67108e-15 0)
(1 3.84455e-15 0)
(1 -1.74611e-15 0)
(1 -2.83246e-15 0)
(1 -4.00157e-15 0)
(1 -5.20455e-15 0)
(1 3.87896e-16 0)
(1 -5.4147e-15 0)
(1 -1.17517e-15 0)
(1 -2.8348e-15 0)
(1 3.89066e-16 0)
(1 3.05596e-15 0)
(1 -2.16148e-15 0)
(1 -1.62479e-15 0)
(1 2.54597e-15 0)
(1 8.68265e-15 0)
(1 -1.06418e-15 0)
(1 -2.0332e-15 0)
(1 -3.73358e-15 0)
(1 -7.66115e-15 0)
(1 -6.07203e-15 0)
(1 -3.95804e-15 0)
(1 -9.49683e-16 0)
(1 4.60483e-15 0)
(1 -1.00589e-15 0)
(1 3.65799e-16 0)
(1 -1.58912e-15 0)
(1 -4.41715e-17 0)
(1 -2.7369e-15 0)
(1 -3.70267e-15 0)
(1 -1.83106e-15 0)
(1 3.23203e-15 0)
(1 -4.17849e-16 0)
(1 -1.30005e-15 0)
(1 7.0538e-17 0)
(1 -4.50275e-16 0)
(1 -2.0716e-15 0)
(1 4.70446e-16 0)
(1 8.40994e-16 0)
(1 -2.24012e-15 0)
(1 -3.86086e-15 0)
(1 9.99418e-15 0)
(1 -4.02392e-15 0)
(1 -1.38212e-14 0)
(1 -7.66835e-15 0)
(1 -1.47029e-14 0)
(1 -2.64047e-15 0)
(1 -1.34469e-16 0)
(1 3.49772e-16 0)
(1 3.95017e-15 0)
(1 8.14219e-15 0)
(1 8.2721e-15 0)
(1 2.81492e-16 0)
(1 8.31418e-16 0)
(1 -5.79145e-15 0)
(1 -9.77831e-15 0)
(1 -8.75264e-15 0)
(1 4.80005e-15 0)
(1 1.46607e-15 0)
(1 9.83532e-17 0)
(1 -2.9624e-16 0)
(1 -1.69704e-15 0)
(1 3.29258e-15 0)
(1 5.1346e-16 0)
(1 -5.08013e-15 0)
(1 -2.99079e-15 0)
(1 -6.36899e-15 0)
(1 -4.1096e-15 0)
(1 -1.2145e-14 0)
(1 -6.96643e-15 0)
(1 2.13977e-15 0)
(1 6.09492e-15 0)
(1 7.14735e-15 0)
(1 7.25879e-16 0)
(1 -2.68325e-15 0)
(1 -4.69372e-15 0)
(1 -4.48637e-15 0)
(1 -5.24088e-15 0)
(1 -4.41982e-15 0)
(1 2.26869e-15 0)
(1 3.10278e-15 0)
(1 6.82097e-15 0)
(1 -9.02756e-16 0)
(1 -4.53697e-15 0)
(1 -2.4099e-15 0)
(1 -2.82989e-15 0)
(1 -8.81272e-16 0)
(1 -4.28261e-15 0)
(1 1.04861e-15 0)
(1 -3.25158e-15 0)
(1 4.33981e-15 0)
(1 -4.33561e-15 0)
(1 -1.62715e-15 0)
(1 -7.3985e-16 0)
(1 1.59583e-16 0)
(1 6.46699e-16 0)
(1 -2.75543e-16 0)
(1 5.95785e-15 0)
(1 3.0795e-15 0)
(1 -3.44157e-15 0)
(1 -5.63638e-15 0)
(1 6.86683e-16 0)
(1 1.784e-15 0)
(1 -1.14091e-15 0)
(1 -1.24546e-15 0)
(1 -3.33627e-15 0)
(1 -6.28521e-15 0)
(1 -1.3045e-15 0)
(1 -1.14791e-16 0)
(1 -7.80497e-16 0)
(1 8.7374e-16 0)
(1 9.07578e-16 0)
(1 -3.35076e-16 0)
(1 5.24259e-16 0)
(1 2.24504e-15 0)
(1 2.97977e-15 0)
(1 6.71837e-15 0)
(1 -8.61445e-16 0)
(1 -2.19464e-15 0)
(1 -6.03846e-15 0)
(1 -1.18836e-15 0)
(1 2.12299e-16 0)
(1 2.26962e-15 0)
(1 2.43756e-16 0)
(1 -1.28869e-15 0)
(1 2.079e-15 0)
(1 -7.76786e-16 0)
(1 4.68031e-16 0)
(1 -2.11442e-16 0)
(1 -2.36237e-16 0)
(1 -3.27999e-15 0)
(1 -2.04787e-15 0)
(1 -2.71381e-15 0)
(1 -1.50055e-15 0)
(1 -1.23138e-15 0)
(1 4.14365e-15 0)
(1 1.01254e-15 0)
(1 -2.37416e-15 0)
(1 7.4123e-15 0)
(1 -2.52277e-15 0)
(1 -8.19807e-15 0)
(1 5.43636e-15 0)
(1 1.01696e-15 0)
(1 -5.6357e-15 0)
(1 -3.64569e-15 0)
(1 -9.80932e-15 0)
(1 2.85188e-15 0)
(1 -4.39232e-15 0)
(1 4.00079e-15 0)
(1 -4.37541e-15 0)
(1 1.59764e-16 0)
(1 4.92685e-15 0)
(1 -4.52947e-15 0)
(1 -3.31043e-16 0)
(1 3.90501e-15 0)
(1 6.17762e-16 0)
(1 -8.20336e-15 0)
(1 -3.31947e-15 0)
(1 -3.66e-15 0)
(1 -8.58295e-16 0)
(1 -4.48866e-15 0)
(1 -3.2108e-15 0)
(1 -2.82972e-16 0)
(1 -9.27546e-15 0)
(1 -7.05109e-15 0)
(1 -1.91278e-15 0)
(1 -3.52562e-15 0)
(1 2.38423e-15 0)
(1 -7.92587e-15 0)
(1 -3.66708e-15 0)
(1 -3.05426e-16 0)
(1 8.90222e-15 0)
(1 1.08346e-14 0)
(1 -8.38817e-15 0)
(1 -6.50334e-15 0)
(1 -3.64948e-15 0)
(1 -3.40148e-15 0)
(1 -4.06396e-16 0)
(1 3.43104e-15 0)
(1 -1.0718e-15 0)
(1 3.31193e-15 0)
(1 2.6052e-15 0)
(1 2.42864e-15 0)
(1 -1.51198e-15 0)
(1 -2.62879e-15 0)
(1 2.4079e-16 0)
(1 -1.07145e-15 0)
(1 -3.96889e-15 0)
(1 2.87331e-15 0)
(1 3.13925e-15 0)
(1 1.06288e-14 0)
(1 5.68341e-16 0)
(1 -1.0927e-14 0)
(1 -6.74313e-15 0)
(1 -8.56466e-17 0)
(1 3.40472e-15 0)
(1 5.54203e-15 0)
(1 1.66888e-15 0)
(1 -9.10444e-17 0)
(1 -9.08507e-16 0)
(1 -5.65145e-16 0)
(1 -1.39108e-16 0)
(1 -2.98789e-15 0)
(1 -3.23661e-15 0)
(1 -4.38345e-15 0)
(1 3.08791e-16 0)
(1 -2.39071e-15 0)
(1 1.82728e-15 0)
(1 -4.88309e-15 0)
(1 -2.83631e-15 0)
(1 -4.12387e-15 0)
(1 6.24079e-16 0)
(1 4.24231e-15 0)
(1 1.73003e-16 0)
(1 -1.30959e-17 0)
(1 -1.71441e-15 0)
(1 6.65936e-15 0)
(1 2.38753e-15 0)
(1 3.23976e-15 0)
(1 -1.49656e-15 0)
(1 2.29743e-15 0)
(1 -7.58054e-16 0)
(1 -3.98005e-15 0)
(1 6.00394e-16 0)
(1 1.61171e-15 0)
(1 -2.70251e-15 0)
(1 -3.29044e-15 0)
(1 -1.085e-15 0)
(1 4.94379e-16 0)
(1 4.69906e-15 0)
(1 -4.21654e-16 0)
(1 -1.51195e-15 0)
(1 -4.60332e-15 0)
(1 -2.10186e-15 0)
(1 1.18901e-15 0)
(1 8.74861e-16 0)
(1 6.80913e-15 0)
(1 -2.17137e-15 0)
(1 5.22603e-15 0)
(1 -5.56416e-15 0)
(1 -1.20837e-15 0)
(1 -7.44781e-15 0)
(1 -3.14866e-15 0)
(1 -1.19308e-14 0)
(1 -1.34821e-14 0)
(1 -9.29316e-15 0)
(1 9.50257e-16 0)
(1 3.11677e-15 0)
(1 4.76631e-15 0)
(1 -1.49295e-15 0)
(1 -3.086e-15 0)
(1 9.4342e-16 0)
(1 7.42937e-15 0)
(1 2.03731e-15 0)
(1 1.60823e-15 0)
(1 1.18259e-15 0)
(1 -4.41436e-15 0)
(1 -1.78321e-15 0)
(1 -1.14771e-15 0)
(1 -6.69163e-15 0)
(1 -7.01993e-15 0)
(1 -4.15047e-15 0)
(1 -1.07907e-14 0)
(1 -1.22769e-14 0)
(1 1.9659e-15 0)
(1 3.10862e-15 0)
(1 2.84257e-15 0)
(1 5.94178e-15 0)
(1 6.76429e-16 0)
(1 3.37303e-15 0)
(1 -4.56799e-15 0)
(1 3.34143e-15 0)
(1 3.73558e-15 0)
(1 -4.17248e-15 0)
(1 -6.39836e-17 0)
(1 -1.69148e-15 0)
(1 1.37683e-15 0)
(1 -2.97196e-15 0)
(1 1.87202e-15 0)
(1 -1.60601e-15 0)
(1 6.82309e-15 0)
(1 1.26531e-16 0)
(1 7.18804e-15 0)
(1 3.26357e-15 0)
(1 5.304e-15 0)
(1 -2.49914e-15 0)
(1 -5.49776e-15 0)
(1 -6.67385e-15 0)
(1 -3.21881e-15 0)
(1 -3.17484e-15 0)
(1 -6.60137e-16 0)
(1 1.20652e-15 0)
(1 -2.59796e-15 0)
(1 5.62807e-15 0)
(1 9.53415e-15 0)
(1 3.30274e-15 0)
(1 -4.58049e-16 0)
(1 -4.03303e-15 0)
(1 -8.81332e-15 0)
(1 -2.74189e-15 0)
(1 2.64542e-15 0)
(1 1.04237e-14 0)
(1 1.14441e-14 0)
(1 1.01994e-14 0)
(1 5.0718e-15 0)
(1 -3.15267e-15 0)
(1 -3.05199e-15 0)
(1 -4.93586e-15 0)
(1 -2.78183e-15 0)
(1 -1.01191e-15 0)
(1 -1.08169e-15 0)
(1 -1.3977e-15 0)
(1 -4.54543e-18 0)
(1 -4.03315e-16 0)
(1 4.35703e-15 0)
(1 8.28955e-15 0)
(1 4.36628e-15 0)
(1 -3.6604e-15 0)
(1 -1.22227e-15 0)
(1 5.46992e-15 0)
(1 3.48587e-15 0)
(1 5.61936e-16 0)
(1 -1.60056e-15 0)
(1 -6.41282e-16 0)
(1 9.19461e-16 0)
(1 -6.38424e-15 0)
(1 -2.43765e-15 0)
(1 -5.31547e-15 0)
(1 4.21331e-16 0)
(1 1.04098e-15 0)
(1 5.47222e-15 0)
(1 6.85142e-15 0)
(1 5.6811e-15 0)
(1 6.13972e-15 0)
(1 2.41986e-15 0)
(1 1.22416e-15 0)
(1 2.75743e-17 0)
(1 -1.13202e-15 0)
(1 1.95132e-15 0)
(1 -7.72952e-15 0)
(1 -6.41066e-15 0)
(1 -5.20851e-15 0)
(1 -2.46396e-15 0)
(1 6.73137e-16 0)
(1 -4.13896e-15 0)
(1 2.27444e-15 0)
(1 -6.40493e-15 0)
(1 5.64865e-15 0)
(1 3.94002e-15 0)
(1 -3.00275e-15 0)
(1 -2.71548e-15 0)
(1 -7.63989e-16 0)
(1 8.22979e-16 0)
(1 -2.37331e-15 0)
(1 -2.56067e-15 0)
(1 3.11628e-15 0)
(1 5.06873e-15 0)
(1 3.72385e-15 0)
(1 -5.35662e-15 0)
(1 -1.03665e-14 0)
(1 -6.1539e-15 0)
(1 -6.20748e-15 0)
(1 -1.01949e-14 0)
(1 -2.99787e-15 0)
(1 3.57458e-15 0)
(1 -3.80497e-15 0)
(1 2.24064e-15 0)
(1 5.57673e-16 0)
(1 6.40118e-15 0)
(1 9.70518e-15 0)
(1 6.34343e-15 0)
(1 -3.32264e-15 0)
(1 -5.27786e-15 0)
(1 6.86535e-17 0)
(1 -2.72768e-15 0)
(1 7.62279e-16 0)
(1 -4.15247e-15 0)
(1 2.75398e-15 0)
(1 -4.59729e-16 0)
(1 -6.14887e-16 0)
(1 -1.28115e-15 0)
(1 -9.71102e-16 0)
(1 -5.4629e-15 0)
(1 -2.69853e-16 0)
(1 3.03655e-15 0)
(1 -1.09791e-15 0)
(1 -3.32102e-15 0)
(1 5.68837e-16 0)
(1 9.20461e-16 0)
(1 -3.25752e-15 0)
(1 -3.36818e-15 0)
(1 2.30244e-15 0)
(1 -1.44335e-16 0)
(1 2.8976e-15 0)
(1 -1.57917e-16 0)
(1 9.7593e-16 0)
(1 -1.62497e-15 0)
(1 5.44995e-15 0)
(1 3.78524e-16 0)
(1 -2.10684e-15 0)
(1 -6.36173e-15 0)
(1 -2.48316e-16 0)
(1 6.42203e-15 0)
(1 1.0077e-14 0)
(1 9.15545e-15 0)
(1 3.98491e-15 0)
(1 2.42958e-15 0)
(1 -7.74197e-16 0)
(1 4.64462e-15 0)
(1 5.80925e-16 0)
(1 2.95928e-15 0)
(1 -3.449e-15 0)
(1 -2.54198e-15 0)
(1 -2.71124e-15 0)
(1 1.6711e-15 0)
(1 6.00971e-16 0)
(1 3.89117e-15 0)
(1 -9.56363e-17 0)
(1 4.61667e-15 0)
(1 6.28927e-15 0)
(1 1.34301e-15 0)
(1 -3.36645e-16 0)
(1 -4.17057e-15 0)
(1 -3.44272e-15 0)
(1 -1.5142e-15 0)
(1 -2.01143e-15 0)
(1 2.57856e-15 0)
(1 -1.05175e-15 0)
(1 2.13734e-15 0)
(1 -1.9497e-15 0)
(1 2.29908e-15 0)
(1 6.81251e-15 0)
(1 1.04475e-14 0)
(1 8.65265e-15 0)
(1 1.87002e-15 0)
(1 -8.56587e-16 0)
(1 -7.19431e-16 0)
(1 -1.08879e-15 0)
(1 -1.87043e-15 0)
(1 -3.47964e-15 0)
(1 -6.42082e-15 0)
(1 5.47442e-16 0)
(1 -1.12832e-14 0)
(1 2.11714e-15 0)
(1 5.55602e-15 0)
(1 6.94969e-15 0)
(1 -3.24382e-15 0)
(1 1.32538e-15 0)
(1 -3.82638e-15 0)
(1 -1.24663e-15 0)
(1 5.34954e-16 0)
(1 -7.81626e-16 0)
(1 5.92451e-16 0)
(1 -6.70349e-16 0)
(1 6.12741e-17 0)
(1 5.85481e-15 0)
(1 9.58095e-15 0)
(1 -3.57317e-15 0)
(1 -8.24021e-15 0)
(1 -2.38347e-15 0)
(1 -8.53906e-15 0)
(1 -3.43172e-15 0)
(1 -1.1818e-15 0)
(1 8.71234e-16 0)
(1 8.63324e-16 0)
(1 -3.06709e-15 0)
(1 3.95735e-15 0)
(1 -1.60539e-15 0)
(1 1.37051e-15 0)
(1 3.5288e-15 0)
(1 3.56625e-15 0)
(1 -2.55933e-15 0)
(1 -2.29416e-15 0)
(1 -3.55249e-15 0)
(1 -1.31953e-15 0)
(1 -1.52685e-15 0)
(1 -4.80973e-15 0)
(1 4.05478e-15 0)
(1 -5.88478e-16 0)
(1 3.76894e-15 0)
(1 -1.20806e-16 0)
(1 3.53592e-15 0)
(1 -2.56462e-15 0)
(1 2.33768e-15 0)
(1 1.48492e-15 0)
(1 4.9336e-16 0)
(1 1.85334e-15 0)
(1 2.27483e-15 0)
(1 1.64437e-15 0)
(1 -3.10944e-15 0)
(1 -3.99625e-15 0)
(1 -4.82921e-15 0)
(1 -2.7004e-15 0)
(1 -1.5026e-15 0)
(1 -5.014e-15 0)
(1 -1.17005e-16 0)
(1 4.19747e-16 0)
(1 1.07469e-14 0)
(1 8.38412e-15 0)
(1 4.36022e-15 0)
(1 -3.67721e-15 0)
(1 -8.7608e-15 0)
(1 -5.91787e-15 0)
(1 3.28548e-15 0)
(1 4.29018e-15 0)
(1 6.91194e-15 0)
(1 4.1724e-15 0)
(1 -9.75522e-16 0)
(1 -7.83157e-16 0)
(1 -2.36776e-15 0)
(1 1.91158e-15 0)
(1 5.70445e-16 0)
(1 -1.92112e-16 0)
(1 -1.1158e-15 0)
(1 -9.33363e-16 0)
(1 6.66945e-16 0)
(1 -1.79974e-15 0)
(1 1.57416e-15 0)
(1 1.73624e-15 0)
(1 -4.24098e-17 0)
(1 1.51597e-15 0)
(1 1.02197e-15 0)
(1 -3.25611e-15 0)
(1 -1.73361e-15 0)
(1 -3.56104e-15 0)
(1 -1.50446e-15 0)
(1 -1.16297e-15 0)
(1 5.01601e-15 0)
(1 3.01593e-15 0)
(1 3.25092e-15 0)
(1 2.32696e-15 0)
(1 3.04192e-15 0)
(1 7.3903e-15 0)
(1 4.43293e-15 0)
(1 8.12915e-16 0)
(1 6.25958e-16 0)
(1 3.45722e-15 0)
(1 -3.80168e-16 0)
(1 -4.52015e-15 0)
(1 1.92432e-15 0)
(1 -4.94911e-15 0)
(1 -4.39206e-15 0)
(1 -6.04712e-15 0)
(1 -3.33966e-15 0)
(1 2.53398e-15 0)
(1 7.06063e-16 0)
(1 9.82195e-16 0)
(1 4.63978e-15 0)
(1 -1.45426e-15 0)
(1 8.01109e-15 0)
(1 5.7385e-15 0)
(1 5.30206e-17 0)
(1 -5.0643e-16 0)
(1 -8.9501e-16 0)
(1 1.44281e-15 0)
(1 4.8941e-15 0)
(1 8.86036e-15 0)
(1 -7.07325e-15 0)
(1 -3.83629e-15 0)
(1 2.39184e-15 0)
(1 2.26768e-15 0)
(1 -3.46608e-15 0)
(1 -3.95108e-15 0)
(1 -2.26422e-15 0)
(1 -2.02707e-15 0)
(1 -4.11201e-16 0)
(1 5.93395e-15 0)
(1 2.28314e-15 0)
(1 3.66426e-15 0)
(1 1.30212e-15 0)
(1 1.63949e-16 0)
(1 -3.425e-15 0)
(1 -6.94216e-15 0)
(1 -6.28654e-15 0)
(1 6.81155e-15 0)
(1 -2.22042e-16 0)
(1 1.75476e-15 0)
(1 6.61396e-16 0)
(1 1.10977e-15 0)
(1 1.08567e-15 0)
(1 1.80636e-15 0)
(1 2.26865e-15 0)
(1 1.24006e-15 0)
(1 1.26625e-15 0)
(1 1.16461e-15 0)
(1 -4.2151e-15 0)
(1 -3.06777e-15 0)
(1 -1.61875e-15 0)
(1 -6.18397e-15 0)
(1 -2.07156e-15 0)
(1 -1.67362e-15 0)
(1 -4.6855e-15 0)
(1 -3.05895e-15 0)
(1 -2.76521e-16 0)
(1 -2.03019e-15 0)
(1 9.58483e-16 0)
(1 2.40336e-15 0)
(1 3.1192e-15 0)
(1 1.47333e-15 0)
(1 3.89462e-15 0)
(1 3.1747e-15 0)
(1 -3.70263e-15 0)
(1 -1.89702e-15 0)
(1 4.15552e-15 0)
(1 4.95053e-15 0)
(1 1.59629e-15 0)
(1 -8.4729e-16 0)
(1 -6.8325e-15 0)
(1 -4.10284e-15 0)
(1 -3.1725e-15 0)
(1 6.2872e-15 0)
(1 -1.96321e-15 0)
(1 1.27942e-15 0)
(1 6.12935e-15 0)
(1 7.58214e-15 0)
(1 -1.58163e-16 0)
(1 -8.00118e-15 0)
(1 -6.1395e-15 0)
(1 -3.19994e-15 0)
(1 -5.38618e-15 0)
(1 2.17628e-15 0)
(1 -8.34524e-16 0)
(1 1.00278e-15 0)
(1 -3.61801e-15 0)
(1 -1.37014e-15 0)
(1 -6.303e-15 0)
(1 -4.11223e-15 0)
(1 -2.17062e-16 0)
(1 4.09805e-15 0)
(1 3.9142e-15 0)
(1 6.37067e-15 0)
(1 1.62263e-15 0)
(1 7.59734e-15 0)
(1 1.98228e-15 0)
(1 -7.53013e-16 0)
(1 3.04298e-15 0)
(1 1.22233e-15 0)
(1 -1.18101e-15 0)
(1 -9.15538e-16 0)
(1 3.87956e-17 0)
(1 -5.63129e-15 0)
(1 -6.79845e-15 0)
(1 2.93872e-15 0)
(1 1.05656e-15 0)
(1 3.68817e-15 0)
(1 -2.88907e-15 0)
(1 -1.524e-15 0)
(1 -3.92293e-16 0)
(1 6.47537e-16 0)
(1 1.69622e-15 0)
(1 5.0846e-15 0)
(1 2.98405e-15 0)
(1 -1.07188e-15 0)
(1 8.01268e-16 0)
(1 2.98991e-15 0)
(1 2.69632e-15 0)
(1 3.2333e-15 0)
(1 -7.00003e-15 0)
(1 -3.35437e-15 0)
(1 -5.87505e-16 0)
(1 8.07601e-15 0)
(1 -4.41422e-15 0)
(1 -3.32753e-15 0)
(1 -3.5776e-16 0)
(1 -1.32174e-15 0)
(1 -3.96595e-15 0)
(1 -1.47684e-15 0)
(1 5.02844e-16 0)
(1 7.06397e-15 0)
(1 3.03155e-15 0)
(1 4.80216e-15 0)
(1 -7.11596e-16 0)
(1 -4.1111e-15 0)
(1 -7.24248e-15 0)
(1 -1.88551e-15 0)
(1 1.01654e-15 0)
(1 -1.45654e-15 0)
(1 2.37002e-15 0)
(1 2.69038e-16 0)
(1 -1.15166e-15 0)
(1 3.47937e-16 0)
(1 2.60923e-15 0)
(1 -8.52085e-17 0)
(1 -2.82906e-15 0)
(1 -2.73285e-15 0)
(1 -5.63682e-15 0)
(1 -3.83138e-15 0)
(1 -2.56786e-15 0)
(1 -9.38555e-16 0)
(1 5.28448e-15 0)
(1 8.30136e-15 0)
(1 8.76989e-16 0)
(1 -1.29682e-15 0)
(1 -2.29551e-15 0)
(1 -4.56948e-15 0)
(1 -4.51892e-16 0)
(1 3.50507e-15 0)
(1 2.22225e-16 0)
(1 2.19516e-16 0)
(1 1.00846e-15 0)
(1 2.7033e-15 0)
(1 -2.41397e-15 0)
(1 -1.62816e-15 0)
(1 -1.084e-15 0)
(1 3.6866e-15 0)
(1 1.48568e-15 0)
(1 2.23429e-15 0)
(1 -1.32625e-15 0)
(1 1.96003e-15 0)
(1 -7.86568e-17 0)
(1 6.86515e-15 0)
(1 -2.58833e-15 0)
(1 2.43011e-15 0)
(1 6.34761e-15 0)
(1 6.70629e-15 0)
(1 -4.29202e-15 0)
(1 -6.64247e-15 0)
(1 -2.8949e-15 0)
(1 1.80836e-15 0)
(1 -1.42755e-15 0)
(1 -2.48816e-16 0)
(1 -1.10637e-15 0)
(1 -8.12125e-16 0)
(1 -1.51643e-15 0)
(1 2.88649e-15 0)
(1 -2.18074e-15 0)
(1 -2.5437e-15 0)
(1 -2.18427e-15 0)
(1 1.28957e-15 0)
(1 1.26367e-16 0)
(1 5.2898e-15 0)
(1 1.18952e-15 0)
(1 2.86501e-15 0)
(1 -4.19898e-16 0)
)
;

boundaryField
{
    inlet
    {
        type            fixedValue;
        value           uniform (1 0 0);
    }
    outlet
    {
        type            zeroGradient;
    }
    down
    {
        type            empty;
    }
    up
    {
        type            empty;
    }
    sides
    {
        type            slip;
    }
}

