/*--------------------------------*- C++ -*----------------------------------*\
| =========                 |                                                 |
| \\      /  F ield         | OpenFOAM: The Open Source CFD Toolbox           |
|  \\    /   O peration     | Version:  v2012                                 |
|   \\  /    A nd           | Website:  www.openfoam.com                      |
|    \\/     M anipulation  |                                                 |
\*---------------------------------------------------------------------------*/
FoamFile
{
    version     2.0;
    format      ascii;
    class       volVectorField;
    location    "0";
    object      uRec;
}
// * * * * * * * * * * * * * * * * * * * * * * * * * * * * * * * * * * * * * //

dimensions      [0 1 -1 0 0 0 0];


internalField   nonuniform List<vector> 
4000
(
(1 5.96875e-17 0)
(1 1.14623e-15 0)
(1 -1.17596e-16 0)
(1 2.3616e-16 0)
(1 -2.8753e-17 0)
(1 -6.54459e-16 0)
(1 3.70569e-16 0)
(1 6.1765e-16 0)
(1 7.03186e-16 0)
(1 -2.33325e-16 0)
(1 -1.76507e-16 0)
(1 2.70188e-16 0)
(1 7.08244e-16 0)
(1 5.20899e-16 0)
(1 8.75556e-16 0)
(1 -3.91212e-16 0)
(1 -9.69325e-16 0)
(1 -3.80512e-16 0)
(1 2.16661e-16 0)
(1 -7.98952e-17 0)
(1 -1.77627e-16 0)
(1 -1.04894e-15 0)
(1 1.70228e-16 0)
(1 -2.52886e-16 0)
(1 7.05223e-16 0)
(1 -1.32362e-16 0)
(1 6.93338e-16 0)
(1 3.67432e-16 0)
(1 8.42189e-16 0)
(1 7.71586e-16 0)
(1 3.99662e-16 0)
(1 -9.3715e-16 0)
(1 -6.3833e-16 0)
(1 -4.33484e-16 0)
(1 -8.06064e-17 0)
(1 9.80936e-17 0)
(1 1.10839e-15 0)
(1 8.5176e-16 0)
(1 6.24587e-16 0)
(1 -2.21971e-16 0)
(1 -4.00976e-16 0)
(1 -8.89797e-16 0)
(1 -2.12603e-16 0)
(1 4.32463e-16 0)
(1 6.16357e-16 0)
(1 5.68683e-17 0)
(1 3.96427e-16 0)
(1 2.8434e-16 0)
(1 -2.24107e-16 0)
(1 6.09906e-16 0)
(1 3.92349e-16 0)
(1 8.6202e-16 0)
(1 6.61787e-16 0)
(1 8.13878e-16 0)
(1 6.98909e-16 0)
(1 -1.07462e-16 0)
(1 -1.0994e-16 0)
(1 2.19081e-16 0)
(1 5.35056e-16 0)
(1 9.38935e-16 0)
(1 3.01532e-16 0)
(1 2.08089e-16 0)
(1 5.32799e-16 0)
(1 2.04593e-16 0)
(1 -3.01751e-16 0)
(1 9.68088e-17 0)
(1 -1.78132e-16 0)
(1 8.40825e-16 0)
(1 -1.62466e-16 0)
(1 -3.12454e-16 0)
(1 -6.50786e-16 0)
(1 -4.02548e-17 0)
(1 -5.10745e-16 0)
(1 -4.78292e-16 0)
(1 -8.71908e-16 0)
(1 -3.31351e-16 0)
(1 -2.7966e-16 0)
(1 9.58117e-17 0)
(1 1.1436e-16 0)
(1 2.20935e-16 0)
(1 6.52142e-16 0)
(1 5.72815e-16 0)
(1 -1.30292e-16 0)
(1 -1.64094e-16 0)
(1 -7.82875e-16 0)
(1 -2.02447e-16 0)
(1 3.19786e-16 0)
(1 2.38623e-16 0)
(1 8.34444e-16 0)
(1 1.04053e-15 0)
(1 -1.49012e-17 0)
(1 4.39921e-16 0)
(1 -3.33583e-16 0)
(1 -5.96242e-17 0)
(1 -3.62578e-16 0)
(1 -7.88029e-17 0)
(1 -1.49156e-16 0)
(1 -1.4278e-16 0)
(1 -1.27223e-16 0)
(1 -1.7247e-16 0)
(1 2.38557e-16 0)
(1 1.11435e-15 0)
(1 2.15498e-16 0)
(1 2.45084e-16 0)
(1 3.62691e-16 0)
(1 -6.45247e-16 0)
(1 4.63746e-16 0)
(1 1.03584e-15 0)
(1 1.41859e-15 0)
(1 1.90992e-16 0)
(1 4.06641e-16 0)
(1 2.8254e-16 0)
(1 1.1875e-15 0)
(1 1.01155e-15 0)
(1 1.49719e-15 0)
(1 -8.56624e-17 0)
(1 -1.03904e-15 0)
(1 -7.10218e-18 0)
(1 4.62945e-16 0)
(1 3.4672e-16 0)
(1 1.30331e-16 0)
(1 -1.17407e-15 0)
(1 5.20899e-16 0)
(1 -3.17323e-16 0)
(1 9.5207e-16 0)
(1 -5.86455e-16 0)
(1 3.36799e-16 0)
(1 -1.06264e-16 0)
(1 1.0924e-15 0)
(1 8.50306e-16 0)
(1 7.61626e-16 0)
(1 2.73695e-17 0)
(1 -3.31065e-16 0)
(1 -4.46607e-16 0)
(1 7.06972e-17 0)
(1 2.34012e-16 0)
(1 1.34182e-15 0)
(1 1.1826e-15 0)
(1 7.18069e-17 0)
(1 -4.96505e-16 0)
(1 -8.29511e-16 0)
(1 -6.86879e-16 0)
(1 2.89883e-17 0)
(1 8.22704e-16 0)
(1 1.49456e-15 0)
(1 3.21342e-16 0)
(1 9.65418e-16 0)
(1 8.44376e-16 0)
(1 1.04847e-15 0)
(1 4.97433e-16 0)
(1 1.13728e-16 0)
(1 6.2855e-16 0)
(1 1.39849e-15 0)
(1 1.21429e-15 0)
(1 1.33856e-15 0)
(1 1.10864e-15 0)
(1 8.48055e-16 0)
(1 1.43762e-15 0)
(1 5.44399e-16 0)
(1 6.07091e-16 0)
(1 -6.00926e-17 0)
(1 5.52042e-17 0)
(1 1.14046e-15 0)
(1 8.67142e-16 0)
(1 1.91913e-16 0)
(1 2.13146e-17 0)
(1 -5.6616e-16 0)
(1 4.59141e-16 0)
(1 -5.02906e-17 0)
(1 -3.98016e-16 0)
(1 2.19423e-16 0)
(1 1.91414e-16 0)
(1 7.18654e-16 0)
(1 9.59982e-17 0)
(1 7.23182e-16 0)
(1 1.03962e-16 0)
(1 2.29089e-16 0)
(1 6.99217e-16 0)
(1 1.00737e-15 0)
(1 8.52408e-16 0)
(1 7.79568e-16 0)
(1 1.35886e-16 0)
(1 3.32829e-17 0)
(1 7.28281e-17 0)
(1 -2.18926e-16 0)
(1 3.20272e-16 0)
(1 2.04613e-16 0)
(1 7.14747e-17 0)
(1 1.70857e-16 0)
(1 7.27238e-16 0)
(1 1.52798e-16 0)
(1 3.57401e-16 0)
(1 -3.17057e-16 0)
(1 2.54318e-16 0)
(1 -5.93633e-16 0)
(1 5.27844e-16 0)
(1 -1.89918e-16 0)
(1 2.79e-16 0)
(1 -5.30752e-16 0)
(1 -8.37258e-16 0)
(1 5.06227e-18 0)
(1 -3.83559e-17 0)
(1 -2.06738e-17 0)
(1 1.59676e-16 0)
(1 7.60074e-16 0)
(1 9.16969e-16 0)
(1 1.37432e-15 0)
(1 1.8713e-15 0)
(1 1.31525e-15 0)
(1 7.99942e-16 0)
(1 1.13474e-15 0)
(1 9.43225e-16 0)
(1 1.75077e-15 0)
(1 2.40008e-15 0)
(1 9.34971e-16 0)
(1 1.70385e-18 0)
(1 -7.15124e-17 0)
(1 3.21466e-16 0)
(1 4.64426e-16 0)
(1 1.21857e-15 0)
(1 2.71313e-16 0)
(1 4.66346e-16 0)
(1 -7.62171e-17 0)
(1 3.61825e-16 0)
(1 5.97162e-16 0)
(1 4.73459e-16 0)
(1 1.05823e-15 0)
(1 4.10191e-16 0)
(1 1.91839e-15 0)
(1 1.17034e-15 0)
(1 1.36566e-15 0)
(1 4.72239e-16 0)
(1 3.85091e-16 0)
(1 -4.98673e-17 0)
(1 2.85199e-17 0)
(1 -1.03215e-16 0)
(1 -3.16335e-16 0)
(1 4.05572e-16 0)
(1 7.78052e-17 0)
(1 -5.15497e-16 0)
(1 -2.2166e-16 0)
(1 -2.59607e-16 0)
(1 1.68795e-17 0)
(1 3.02035e-16 0)
(1 1.1283e-15 0)
(1 1.50524e-15 0)
(1 1.89498e-15 0)
(1 1.88731e-15 0)
(1 1.82098e-15 0)
(1 1.0158e-15 0)
(1 1.69e-15 0)
(1 1.31055e-15 0)
(1 1.98842e-15 0)
(1 1.05689e-15 0)
(1 1.63316e-15 0)
(1 2.0764e-15 0)
(1 1.7856e-15 0)
(1 1.68148e-15 0)
(1 1.06079e-15 0)
(1 4.17043e-16 0)
(1 6.88629e-16 0)
(1 3.98707e-16 0)
(1 1.23792e-15 0)
(1 7.91674e-16 0)
(1 8.36018e-16 0)
(1 3.70031e-16 0)
(1 2.59476e-16 0)
(1 2.31396e-16 0)
(1 4.47255e-16 0)
(1 2.37335e-16 0)
(1 1.95626e-16 0)
(1 -1.97626e-16 0)
(1 2.58396e-16 0)
(1 1.63403e-16 0)
(1 3.86423e-16 0)
(1 1.27193e-16 0)
(1 -1.04836e-16 0)
(1 3.87924e-16 0)
(1 7.62851e-16 0)
(1 5.57859e-16 0)
(1 3.4168e-16 0)
(1 -3.34682e-16 0)
(1 3.57113e-16 0)
(1 1.05459e-16 0)
(1 9.21578e-16 0)
(1 5.03444e-16 0)
(1 2.30047e-16 0)
(1 2.42612e-16 0)
(1 -2.9418e-16 0)
(1 2.93054e-16 0)
(1 -1.19532e-16 0)
(1 4.83017e-16 0)
(1 3.78613e-17 0)
(1 8.28434e-16 0)
(1 6.15313e-17 0)
(1 3.6786e-16 0)
(1 -3.17131e-16 0)
(1 -6.62048e-17 0)
(1 -4.26464e-16 0)
(1 -6.25978e-16 0)
(1 5.33527e-16 0)
(1 -7.81764e-16 0)
(1 2.29227e-17 0)
(1 -6.46138e-16 0)
(1 1.55857e-15 0)
(1 1.48461e-15 0)
(1 2.36902e-15 0)
(1 1.60175e-15 0)
(1 9.92495e-16 0)
(1 9.49362e-16 0)
(1 1.84869e-15 0)
(1 2.03183e-15 0)
(1 2.19801e-15 0)
(1 2.86231e-15 0)
(1 2.19352e-15 0)
(1 9.45674e-16 0)
(1 7.84321e-16 0)
(1 -7.96829e-16 0)
(1 -2.45454e-16 0)
(1 1.06502e-15 0)
(1 8.96853e-16 0)
(1 1.23412e-15 0)
(1 7.31989e-16 0)
(1 1.53039e-15 0)
(1 1.23549e-15 0)
(1 2.22424e-15 0)
(1 1.80608e-15 0)
(1 1.47114e-15 0)
(1 2.09345e-15 0)
(1 1.06563e-15 0)
(1 1.01498e-15 0)
(1 -5.60998e-16 0)
(1 -1.05045e-16 0)
(1 -2.73055e-16 0)
(1 3.27104e-16 0)
(1 -1.17622e-16 0)
(1 -2.96147e-18 0)
(1 -1.8146e-16 0)
(1 1.14702e-15 0)
(1 1.30691e-16 0)
(1 1.12553e-15 0)
(1 2.25872e-16 0)
(1 4.72413e-16 0)
(1 3.15047e-16 0)
(1 7.67383e-16 0)
(1 2.65888e-15 0)
(1 2.70825e-15 0)
(1 2.90276e-15 0)
(1 2.26298e-15 0)
(1 2.46289e-15 0)
(1 2.47733e-15 0)
(1 2.05468e-15 0)
(1 1.70632e-15 0)
(1 1.67738e-15 0)
(1 1.95875e-15 0)
(1 1.90801e-15 0)
(1 1.80747e-15 0)
(1 1.60261e-15 0)
(1 1.59919e-15 0)
(1 1.37588e-15 0)
(1 1.82328e-15 0)
(1 1.32825e-15 0)
(1 1.3246e-15 0)
(1 1.41137e-15 0)
(1 1.13469e-15 0)
(1 9.85579e-16 0)
(1 4.65015e-16 0)
(1 9.83333e-17 0)
(1 -4.01781e-16 0)
(1 -4.49643e-16 0)
(1 -4.05489e-16 0)
(1 2.34104e-16 0)
(1 -2.40544e-17 0)
(1 -1.49491e-17 0)
(1 -2.24877e-16 0)
(1 1.41133e-16 0)
(1 9.34031e-16 0)
(1 7.03858e-16 0)
(1 8.00764e-16 0)
(1 3.34437e-16 0)
(1 8.91092e-16 0)
(1 7.50871e-16 0)
(1 2.66342e-16 0)
(1 2.37456e-16 0)
(1 6.92787e-16 0)
(1 8.09143e-16 0)
(1 1.568e-15 0)
(1 1.08814e-15 0)
(1 1.1808e-15 0)
(1 1.05333e-15 0)
(1 2.02556e-16 0)
(1 5.87193e-16 0)
(1 5.14295e-16 0)
(1 7.3364e-16 0)
(1 2.1974e-16 0)
(1 -1.66048e-16 0)
(1 -9.76544e-16 0)
(1 -9.85285e-16 0)
(1 -9.86769e-16 0)
(1 -2.66752e-16 0)
(1 8.71412e-16 0)
(1 1.14945e-16 0)
(1 5.73237e-16 0)
(1 -9.78902e-17 0)
(1 1.84352e-15 0)
(1 1.42128e-15 0)
(1 1.26484e-15 0)
(1 9.58064e-16 0)
(1 1.2042e-15 0)
(1 1.38897e-15 0)
(1 2.6714e-15 0)
(1 2.43102e-15 0)
(1 2.47521e-15 0)
(1 7.63641e-16 0)
(1 2.89077e-15 0)
(1 1.98282e-15 0)
(1 1.64087e-15 0)
(1 -8.33076e-18 0)
(1 -1.22667e-16 0)
(1 -6.39177e-16 0)
(1 1.08064e-15 0)
(1 1.09738e-15 0)
(1 1.89693e-15 0)
(1 1.82322e-15 0)
(1 2.07158e-15 0)
(1 1.76024e-15 0)
(1 1.30279e-15 0)
(1 1.54712e-15 0)
(1 1.5933e-15 0)
(1 8.35576e-16 0)
(1 7.06174e-16 0)
(1 1.23979e-15 0)
(1 4.7719e-16 0)
(1 5.63874e-16 0)
(1 -9.21413e-16 0)
(1 -8.39227e-16 0)
(1 -4.40296e-16 0)
(1 -7.45585e-16 0)
(1 -2.41646e-16 0)
(1 3.51655e-16 0)
(1 6.74326e-16 0)
(1 3.44524e-16 0)
(1 7.69109e-16 0)
(1 1.17753e-15 0)
(1 1.39446e-15 0)
(1 2.58013e-15 0)
(1 2.66407e-15 0)
(1 3.80025e-15 0)
(1 3.25953e-15 0)
(1 2.89526e-15 0)
(1 1.99302e-15 0)
(1 1.99064e-15 0)
(1 1.50519e-15 0)
(1 2.55022e-15 0)
(1 2.6035e-15 0)
(1 2.75554e-15 0)
(1 2.80676e-15 0)
(1 2.24722e-15 0)
(1 1.77605e-15 0)
(1 1.84896e-15 0)
(1 1.72807e-15 0)
(1 1.60708e-15 0)
(1 1.80065e-15 0)
(1 2.07262e-15 0)
(1 2.27584e-15 0)
(1 1.59647e-15 0)
(1 1.12409e-15 0)
(1 5.28012e-17 0)
(1 1.23135e-16 0)
(1 6.95029e-17 0)
(1 1.15033e-16 0)
(1 5.70416e-16 0)
(1 9.24158e-16 0)
(1 3.35817e-16 0)
(1 9.13679e-16 0)
(1 2.54726e-16 0)
(1 1.31647e-15 0)
(1 1.49561e-15 0)
(1 1.59536e-15 0)
(1 1.14494e-15 0)
(1 6.64261e-16 0)
(1 6.0654e-16 0)
(1 3.37353e-16 0)
(1 9.19989e-16 0)
(1 1.02978e-15 0)
(1 1.24127e-15 0)
(1 1.26957e-15 0)
(1 5.85553e-16 0)
(1 1.01542e-15 0)
(1 3.07658e-16 0)
(1 1.10041e-15 0)
(1 -1.90047e-17 0)
(1 8.82911e-16 0)
(1 5.61994e-16 0)
(1 6.51263e-16 0)
(1 9.19572e-17 0)
(1 -2.69521e-16 0)
(1 -1.81579e-16 0)
(1 -3.11187e-16 0)
(1 3.69418e-16 0)
(1 -9.55377e-17 0)
(1 8.25772e-16 0)
(1 7.21848e-16 0)
(1 1.65419e-15 0)
(1 1.11464e-15 0)
(1 9.95657e-16 0)
(1 6.39531e-16 0)
(1 8.93536e-16 0)
(1 1.9538e-15 0)
(1 2.28062e-15 0)
(1 2.5911e-15 0)
(1 3.31004e-15 0)
(1 2.68224e-15 0)
(1 1.18158e-15 0)
(1 2.16812e-15 0)
(1 1.93313e-15 0)
(1 1.83384e-15 0)
(1 1.37117e-15 0)
(1 8.35095e-16 0)
(1 -1.26317e-16 0)
(1 1.65787e-15 0)
(1 2.66202e-15 0)
(1 2.45353e-15 0)
(1 1.2005e-15 0)
(1 9.35574e-16 0)
(1 4.9275e-16 0)
(1 7.42695e-16 0)
(1 1.7035e-15 0)
(1 1.43921e-15 0)
(1 2.5067e-15 0)
(1 6.3717e-16 0)
(1 1.67858e-15 0)
(1 3.43084e-16 0)
(1 5.91444e-16 0)
(1 -9.57716e-16 0)
(1 6.21366e-16 0)
(1 6.98781e-17 0)
(1 9.9357e-16 0)
(1 -5.47261e-16 0)
(1 3.83649e-16 0)
(1 8.55212e-17 0)
(1 1.24283e-15 0)
(1 1.57608e-15 0)
(1 2.6569e-15 0)
(1 2.80571e-15 0)
(1 1.91814e-15 0)
(1 2.10548e-15 0)
(1 2.70135e-15 0)
(1 3.4767e-15 0)
(1 3.66876e-15 0)
(1 3.50017e-15 0)
(1 3.04393e-15 0)
(1 2.43748e-15 0)
(1 2.71282e-15 0)
(1 3.0862e-15 0)
(1 2.8666e-15 0)
(1 2.93032e-15 0)
(1 2.54019e-15 0)
(1 3.13382e-15 0)
(1 3.59025e-15 0)
(1 2.98824e-15 0)
(1 2.04582e-15 0)
(1 1.28138e-15 0)
(1 1.58341e-15 0)
(1 2.38358e-15 0)
(1 2.44858e-15 0)
(1 2.64293e-15 0)
(1 2.23243e-15 0)
(1 2.68252e-15 0)
(1 2.73741e-15 0)
(1 1.80231e-15 0)
(1 5.69334e-16 0)
(1 5.13467e-16 0)
(1 2.22345e-16 0)
(1 -3.20327e-16 0)
(1 -6.12092e-16 0)
(1 -1.79131e-16 0)
(1 1.11614e-15 0)
(1 1.42916e-15 0)
(1 2.14512e-15 0)
(1 1.11773e-15 0)
(1 1.69816e-15 0)
(1 1.31717e-15 0)
(1 9.05268e-16 0)
(1 9.29152e-17 0)
(1 4.8097e-16 0)
(1 5.26838e-16 0)
(1 3.95076e-16 0)
(1 2.11294e-16 0)
(1 5.47901e-16 0)
(1 5.15627e-16 0)
(1 8.84406e-16 0)
(1 1.01229e-15 0)
(1 1.12438e-15 0)
(1 1.4296e-15 0)
(1 4.70935e-16 0)
(1 1.19912e-15 0)
(1 7.3319e-16 0)
(1 1.58517e-15 0)
(1 1.36838e-15 0)
(1 -3.73508e-16 0)
(1 5.62062e-16 0)
(1 1.30101e-15 0)
(1 2.21832e-15 0)
(1 1.6562e-15 0)
(1 9.02471e-16 0)
(1 1.05523e-15 0)
(1 1.25668e-15 0)
(1 2.51398e-15 0)
(1 2.34476e-15 0)
(1 2.35676e-15 0)
(1 2.33346e-15 0)
(1 1.95276e-15 0)
(1 2.76976e-15 0)
(1 1.92197e-15 0)
(1 2.26354e-15 0)
(1 2.63421e-15 0)
(1 1.72029e-15 0)
(1 2.08306e-15 0)
(1 2.44313e-15 0)
(1 1.97545e-15 0)
(1 1.67446e-15 0)
(1 1.21789e-15 0)
(1 9.50614e-16 0)
(1 -9.61259e-18 0)
(1 -3.23964e-16 0)
(1 4.49735e-16 0)
(1 9.87424e-16 0)
(1 1.72161e-15 0)
(1 2.1036e-15 0)
(1 2.06194e-15 0)
(1 1.15536e-15 0)
(1 4.79997e-16 0)
(1 -8.31878e-16 0)
(1 4.00178e-17 0)
(1 9.42602e-16 0)
(1 1.08977e-15 0)
(1 1.23051e-15 0)
(1 7.84403e-16 0)
(1 6.78234e-16 0)
(1 6.79381e-16 0)
(1 1.90568e-15 0)
(1 2.89647e-15 0)
(1 3.52406e-15 0)
(1 2.25432e-15 0)
(1 1.81494e-15 0)
(1 1.85755e-15 0)
(1 2.3744e-15 0)
(1 3.75202e-15 0)
(1 3.81915e-15 0)
(1 4.15716e-15 0)
(1 2.84765e-15 0)
(1 3.17378e-15 0)
(1 2.70571e-15 0)
(1 2.95693e-15 0)
(1 3.26218e-15 0)
(1 3.18732e-15 0)
(1 2.92483e-15 0)
(1 2.92515e-15 0)
(1 3.29109e-15 0)
(1 3.37709e-15 0)
(1 3.46355e-15 0)
(1 2.62522e-15 0)
(1 2.35073e-15 0)
(1 1.59961e-15 0)
(1 1.60095e-15 0)
(1 1.40049e-15 0)
(1 1.86206e-15 0)
(1 1.66376e-15 0)
(1 1.26558e-15 0)
(1 1.80552e-15 0)
(1 7.70383e-16 0)
(1 3.34472e-16 0)
(1 8.92663e-16 0)
(1 1.17722e-15 0)
(1 1.5762e-15 0)
(1 1.73917e-15 0)
(1 1.8531e-15 0)
(1 1.57541e-15 0)
(1 1.45134e-15 0)
(1 1.78937e-15 0)
(1 1.79794e-15 0)
(1 1.49893e-15 0)
(1 1.31414e-15 0)
(1 8.64927e-16 0)
(1 1.42898e-15 0)
(1 1.51913e-15 0)
(1 1.64162e-15 0)
(1 8.38205e-16 0)
(1 1.45261e-15 0)
(1 9.91182e-16 0)
(1 1.98401e-15 0)
(1 1.37626e-15 0)
(1 1.53742e-15 0)
(1 1.24214e-15 0)
(1 1.49608e-15 0)
(1 1.56111e-15 0)
(1 1.60294e-15 0)
(1 1.55601e-15 0)
(1 1.36951e-15 0)
(1 -8.28282e-17 0)
(1 6.57413e-16 0)
(1 4.26428e-16 0)
(1 1.68039e-15 0)
(1 1.68543e-15 0)
(1 2.1946e-15 0)
(1 1.8408e-15 0)
(1 1.94098e-15 0)
(1 2.18823e-15 0)
(1 1.85619e-15 0)
(1 1.88487e-15 0)
(1 1.10839e-15 0)
(1 2.31856e-15 0)
(1 3.84785e-15 0)
(1 2.98177e-15 0)
(1 3.23202e-15 0)
(1 2.75659e-15 0)
(1 2.95061e-15 0)
(1 3.17847e-15 0)
(1 2.13648e-15 0)
(1 6.61141e-16 0)
(1 -1.33212e-16 0)
(1 -8.4418e-16 0)
(1 -4.16001e-16 0)
(1 -2.58371e-16 0)
(1 5.52508e-16 0)
(1 1.14993e-15 0)
(1 1.4163e-15 0)
(1 1.81787e-15 0)
(1 7.05676e-16 0)
(1 2.05766e-15 0)
(1 5.36112e-16 0)
(1 3.1588e-16 0)
(1 3.9823e-16 0)
(1 1.26418e-15 0)
(1 -5.9161e-17 0)
(1 8.17862e-16 0)
(1 4.6657e-16 0)
(1 1.51148e-15 0)
(1 6.52289e-16 0)
(1 1.23925e-15 0)
(1 9.08666e-16 0)
(1 1.69701e-15 0)
(1 2.48116e-15 0)
(1 2.92632e-15 0)
(1 3.67898e-15 0)
(1 3.33707e-15 0)
(1 3.70014e-15 0)
(1 3.35206e-15 0)
(1 3.49338e-15 0)
(1 3.945e-15 0)
(1 3.76975e-15 0)
(1 4.52565e-15 0)
(1 4.17219e-15 0)
(1 3.86193e-15 0)
(1 3.77599e-15 0)
(1 3.9697e-15 0)
(1 2.88976e-15 0)
(1 2.93212e-15 0)
(1 2.33041e-15 0)
(1 2.93939e-15 0)
(1 4.25378e-15 0)
(1 4.50688e-15 0)
(1 3.59558e-15 0)
(1 2.28285e-15 0)
(1 2.43014e-15 0)
(1 2.86173e-15 0)
(1 1.93249e-15 0)
(1 1.55582e-15 0)
(1 1.30888e-15 0)
(1 1.86394e-15 0)
(1 1.85895e-15 0)
(1 1.5449e-15 0)
(1 1.16742e-15 0)
(1 1.56161e-15 0)
(1 2.47011e-15 0)
(1 2.31467e-15 0)
(1 1.62475e-15 0)
(1 1.12453e-15 0)
(1 9.26507e-16 0)
(1 1.12826e-15 0)
(1 4.64764e-16 0)
(1 8.36617e-16 0)
(1 1.47668e-15 0)
(1 1.55196e-15 0)
(1 1.49888e-15 0)
(1 1.09048e-15 0)
(1 1.00796e-15 0)
(1 1.03896e-15 0)
(1 8.85672e-16 0)
(1 1.40119e-15 0)
(1 1.54116e-15 0)
(1 1.42129e-15 0)
(1 1.39098e-15 0)
(1 1.56493e-15 0)
(1 1.49938e-15 0)
(1 9.51273e-16 0)
(1 1.9221e-15 0)
(1 1.698e-15 0)
(1 2.36084e-15 0)
(1 2.28538e-16 0)
(1 1.48476e-16 0)
(1 1.03645e-15 0)
(1 8.68941e-17 0)
(1 1.23065e-15 0)
(1 2.15822e-15 0)
(1 2.34777e-15 0)
(1 2.46377e-15 0)
(1 9.39588e-16 0)
(1 2.05744e-15 0)
(1 2.14669e-15 0)
(1 2.68898e-15 0)
(1 3.28458e-15 0)
(1 4.25048e-15 0)
(1 3.18382e-15 0)
(1 3.43673e-15 0)
(1 1.77824e-15 0)
(1 3.29166e-15 0)
(1 2.38804e-15 0)
(1 1.32279e-15 0)
(1 -3.70928e-16 0)
(1 1.05377e-15 0)
(1 7.48205e-16 0)
(1 1.34779e-15 0)
(1 5.97894e-16 0)
(1 5.86748e-16 0)
(1 3.39086e-16 0)
(1 7.7533e-16 0)
(1 -4.92521e-16 0)
(1 6.16441e-16 0)
(1 -7.36901e-16 0)
(1 -2.8192e-16 0)
(1 -5.10626e-16 0)
(1 7.42057e-16 0)
(1 1.41779e-15 0)
(1 1.24075e-15 0)
(1 1.25715e-15 0)
(1 1.48599e-15 0)
(1 1.56254e-15 0)
(1 1.00746e-15 0)
(1 1.11639e-15 0)
(1 2.18383e-15 0)
(1 2.4525e-15 0)
(1 3.22972e-15 0)
(1 5.01624e-15 0)
(1 4.50223e-15 0)
(1 4.26618e-15 0)
(1 2.79279e-15 0)
(1 2.77673e-15 0)
(1 2.80231e-15 0)
(1 3.42435e-15 0)
(1 4.61054e-15 0)
(1 4.39394e-15 0)
(1 5.05834e-15 0)
(1 4.33847e-15 0)
(1 3.68962e-15 0)
(1 4.07877e-15 0)
(1 3.68409e-15 0)
(1 4.41155e-15 0)
(1 3.65085e-15 0)
(1 3.39615e-15 0)
(1 3.49822e-15 0)
(1 1.96462e-15 0)
(1 2.38858e-15 0)
(1 1.88011e-15 0)
(1 3.38844e-15 0)
(1 3.73944e-15 0)
(1 4.8008e-15 0)
(1 4.30574e-15 0)
(1 3.86387e-15 0)
(1 2.84177e-15 0)
(1 2.49161e-15 0)
(1 2.1477e-15 0)
(1 9.24192e-16 0)
(1 1.25137e-16 0)
(1 9.41341e-16 0)
(1 1.81479e-15 0)
(1 2.11716e-15 0)
(1 1.7211e-15 0)
(1 2.29301e-15 0)
(1 1.63309e-15 0)
(1 1.96755e-15 0)
(1 1.41445e-15 0)
(1 1.23927e-15 0)
(1 4.21083e-16 0)
(1 -6.70454e-17 0)
(1 3.33337e-16 0)
(1 8.17624e-16 0)
(1 1.32091e-15 0)
(1 1.15363e-15 0)
(1 1.34276e-15 0)
(1 1.41946e-15 0)
(1 2.00198e-15 0)
(1 2.27074e-15 0)
(1 2.85435e-15 0)
(1 2.63374e-15 0)
(1 3.09622e-15 0)
(1 3.21117e-15 0)
(1 3.93986e-15 0)
(1 3.93893e-15 0)
(1 4.38216e-16 0)
(1 1.02313e-15 0)
(1 2.22269e-15 0)
(1 1.32632e-15 0)
(1 1.03665e-15 0)
(1 1.35899e-15 0)
(1 2.43206e-15 0)
(1 2.28421e-15 0)
(1 2.27083e-15 0)
(1 2.7511e-15 0)
(1 3.14961e-15 0)
(1 3.62668e-15 0)
(1 3.3557e-15 0)
(1 2.2343e-15 0)
(1 2.19936e-15 0)
(1 1.63143e-15 0)
(1 1.40718e-15 0)
(1 2.59833e-15 0)
(1 1.32662e-15 0)
(1 1.51062e-15 0)
(1 7.38757e-17 0)
(1 -3.62377e-17 0)
(1 1.10483e-15 0)
(1 1.74161e-15 0)
(1 1.76642e-15 0)
(1 1.77203e-15 0)
(1 1.337e-15 0)
(1 6.45427e-16 0)
(1 -1.40227e-17 0)
(1 8.58462e-17 0)
(1 -9.21353e-16 0)
(1 3.05192e-16 0)
(1 -1.18644e-16 0)
(1 5.06061e-16 0)
(1 -5.95684e-16 0)
(1 5.10022e-16 0)
(1 6.41226e-18 0)
(1 1.14462e-15 0)
(1 3.39382e-16 0)
(1 1.6123e-15 0)
(1 1.38309e-15 0)
(1 2.90694e-15 0)
(1 2.90486e-15 0)
(1 3.07757e-15 0)
(1 3.23549e-15 0)
(1 2.71293e-15 0)
(1 3.12926e-15 0)
(1 2.69714e-15 0)
(1 3.58383e-15 0)
(1 4.32194e-15 0)
(1 4.63165e-15 0)
(1 4.98277e-15 0)
(1 4.86612e-15 0)
(1 4.62676e-15 0)
(1 4.95469e-15 0)
(1 4.50948e-15 0)
(1 3.92009e-15 0)
(1 3.98177e-15 0)
(1 4.11894e-15 0)
(1 4.78494e-15 0)
(1 4.3599e-15 0)
(1 3.91602e-15 0)
(1 4.05113e-15 0)
(1 3.49876e-15 0)
(1 3.51688e-15 0)
(1 2.8344e-15 0)
(1 3.33415e-15 0)
(1 3.97568e-15 0)
(1 4.59103e-15 0)
(1 3.67883e-15 0)
(1 2.00377e-15 0)
(1 1.96004e-15 0)
(1 1.35497e-15 0)
(1 1.1875e-15 0)
(1 9.76899e-16 0)
(1 1.82306e-15 0)
(1 2.70275e-15 0)
(1 2.62648e-15 0)
(1 2.33033e-15 0)
(1 2.01072e-15 0)
(1 1.80687e-15 0)
(1 1.51045e-15 0)
(1 7.83923e-16 0)
(1 4.7074e-16 0)
(1 5.95605e-16 0)
(1 6.61207e-16 0)
(1 1.42156e-15 0)
(1 1.37688e-15 0)
(1 1.45385e-15 0)
(1 8.49801e-16 0)
(1 2.11382e-15 0)
(1 1.36691e-15 0)
(1 2.29165e-15 0)
(1 2.27802e-15 0)
(1 3.21887e-15 0)
(1 1.9312e-15 0)
(1 2.87345e-15 0)
(1 3.00381e-15 0)
(1 5.26862e-15 0)
(1 4.40722e-15 0)
(1 1.68797e-16 0)
(1 9.82817e-16 0)
(1 9.53032e-16 0)
(1 1.85821e-15 0)
(1 5.55517e-16 0)
(1 1.51906e-15 0)
(1 2.07591e-15 0)
(1 1.48744e-15 0)
(1 3.06206e-15 0)
(1 2.40225e-15 0)
(1 2.01728e-15 0)
(1 2.50456e-15 0)
(1 2.83534e-15 0)
(1 1.60516e-15 0)
(1 2.47362e-15 0)
(1 1.87048e-15 0)
(1 3.55021e-15 0)
(1 2.05551e-15 0)
(1 1.93175e-15 0)
(1 1.34753e-15 0)
(1 9.82057e-16 0)
(1 6.77044e-16 0)
(1 3.47779e-16 0)
(1 -1.56749e-17 0)
(1 2.37119e-16 0)
(1 1.3611e-15 0)
(1 2.17467e-15 0)
(1 9.98368e-16 0)
(1 6.56136e-16 0)
(1 -6.76254e-16 0)
(1 -1.08691e-15 0)
(1 -4.75215e-16 0)
(1 -4.39091e-16 0)
(1 6.79118e-16 0)
(1 6.19268e-16 0)
(1 8.14056e-16 0)
(1 8.2128e-16 0)
(1 5.32443e-16 0)
(1 5.11614e-16 0)
(1 1.19752e-15 0)
(1 2.54392e-15 0)
(1 1.6274e-15 0)
(1 2.77928e-15 0)
(1 1.53406e-15 0)
(1 2.58644e-15 0)
(1 2.40538e-15 0)
(1 3.68901e-15 0)
(1 3.38341e-15 0)
(1 4.46096e-15 0)
(1 5.17708e-15 0)
(1 5.69136e-15 0)
(1 5.22441e-15 0)
(1 5.73695e-15 0)
(1 4.69988e-15 0)
(1 5.07001e-15 0)
(1 4.35418e-15 0)
(1 4.2426e-15 0)
(1 3.65625e-15 0)
(1 4.34255e-15 0)
(1 3.82545e-15 0)
(1 5.04945e-15 0)
(1 3.49176e-15 0)
(1 4.84981e-15 0)
(1 3.39087e-15 0)
(1 3.61509e-15 0)
(1 2.82079e-15 0)
(1 3.73203e-15 0)
(1 2.47473e-15 0)
(1 2.86896e-15 0)
(1 2.73963e-15 0)
(1 3.21434e-15 0)
(1 2.64205e-15 0)
(1 1.5914e-15 0)
(1 5.9088e-16 0)
(1 1.0521e-15 0)
(1 1.8182e-15 0)
(1 3.21452e-15 0)
(1 2.15655e-15 0)
(1 2.64887e-15 0)
(1 1.97203e-15 0)
(1 2.16914e-15 0)
(1 1.43238e-15 0)
(1 2.06191e-15 0)
(1 7.55431e-16 0)
(1 8.54706e-16 0)
(1 9.95882e-16 0)
(1 1.34164e-15 0)
(1 8.98821e-16 0)
(1 1.47389e-15 0)
(1 7.26056e-16 0)
(1 1.97707e-15 0)
(1 8.4334e-16 0)
(1 2.01953e-15 0)
(1 1.4258e-15 0)
(1 2.2384e-15 0)
(1 1.86368e-15 0)
(1 2.52737e-15 0)
(1 2.77644e-15 0)
(1 3.25839e-15 0)
(1 3.10061e-15 0)
(1 7.05631e-16 0)
(1 5.86748e-17 0)
(1 1.35843e-15 0)
(1 1.73024e-15 0)
(1 1.16666e-15 0)
(1 1.50892e-15 0)
(1 5.48729e-16 0)
(1 2.41584e-15 0)
(1 2.71583e-15 0)
(1 4.34235e-15 0)
(1 3.64024e-15 0)
(1 2.69952e-15 0)
(1 2.34015e-15 0)
(1 2.00732e-15 0)
(1 1.98693e-15 0)
(1 2.14367e-15 0)
(1 2.83542e-15 0)
(1 1.17757e-16 0)
(1 1.23666e-15 0)
(1 -2.88748e-16 0)
(1 7.80602e-16 0)
(1 1.2431e-15 0)
(1 1.8722e-15 0)
(1 2.12154e-15 0)
(1 1.98881e-15 0)
(1 8.96777e-16 0)
(1 2.54574e-16 0)
(1 3.9753e-16 0)
(1 1.0045e-15 0)
(1 3.87943e-16 0)
(1 -8.03655e-17 0)
(1 -8.77617e-16 0)
(1 -8.49892e-16 0)
(1 -1.08348e-15 0)
(1 -9.69231e-17 0)
(1 -9.05974e-16 0)
(1 4.04108e-16 0)
(1 2.22754e-16 0)
(1 1.06031e-15 0)
(1 7.76509e-16 0)
(1 1.93995e-15 0)
(1 1.39451e-15 0)
(1 1.67705e-15 0)
(1 1.1674e-15 0)
(1 2.35554e-15 0)
(1 3.76594e-15 0)
(1 4.84131e-15 0)
(1 4.48609e-15 0)
(1 5.02357e-15 0)
(1 4.6432e-15 0)
(1 4.79129e-15 0)
(1 4.70977e-15 0)
(1 4.73047e-15 0)
(1 5.16856e-15 0)
(1 5.31263e-15 0)
(1 4.10657e-15 0)
(1 3.8176e-15 0)
(1 3.75451e-15 0)
(1 4.32309e-15 0)
(1 3.9215e-15 0)
(1 5.43889e-15 0)
(1 5.27935e-15 0)
(1 4.70162e-15 0)
(1 3.36927e-15 0)
(1 3.3787e-15 0)
(1 2.64535e-15 0)
(1 2.65449e-15 0)
(1 2.7128e-15 0)
(1 1.80262e-15 0)
(1 2.38306e-15 0)
(1 3.52888e-15 0)
(1 3.01969e-15 0)
(1 1.7857e-15 0)
(1 1.06772e-15 0)
(1 1.44815e-15 0)
(1 1.26932e-15 0)
(1 1.93049e-15 0)
(1 1.87798e-15 0)
(1 2.39253e-15 0)
(1 2.20398e-15 0)
(1 2.39745e-15 0)
(1 2.63891e-15 0)
(1 2.20587e-15 0)
(1 1.60298e-15 0)
(1 8.03785e-16 0)
(1 1.55783e-16 0)
(1 7.52324e-16 0)
(1 6.38095e-16 0)
(1 1.66996e-15 0)
(1 1.37368e-15 0)
(1 1.44852e-15 0)
(1 1.45075e-15 0)
(1 1.77925e-15 0)
(1 1.64342e-15 0)
(1 1.70074e-15 0)
(1 3.61958e-15 0)
(1 3.35323e-15 0)
(1 2.9642e-15 0)
(1 9.15554e-16 0)
(1 1.6563e-15 0)
(1 1.03178e-15 0)
(1 8.84724e-16 0)
(1 3.62095e-16 0)
(1 1.19945e-15 0)
(1 1.84041e-15 0)
(1 1.76915e-15 0)
(1 1.97508e-15 0)
(1 2.2645e-15 0)
(1 1.64271e-15 0)
(1 3.21288e-15 0)
(1 4.06115e-15 0)
(1 3.69263e-15 0)
(1 1.94155e-15 0)
(1 2.35452e-15 0)
(1 1.50633e-15 0)
(1 1.5592e-15 0)
(1 1.27097e-15 0)
(1 1.43414e-15 0)
(1 2.31692e-15 0)
(1 1.7692e-15 0)
(1 2.10221e-15 0)
(1 -3.24303e-16 0)
(1 1.26697e-16 0)
(1 -1.00081e-15 0)
(1 1.47977e-15 0)
(1 9.91767e-16 0)
(1 -8.40899e-16 0)
(1 -7.41754e-16 0)
(1 -3.00687e-16 0)
(1 -7.6993e-16 0)
(1 -6.19222e-16 0)
(1 -1.37395e-15 0)
(1 -1.01388e-15 0)
(1 -7.61876e-16 0)
(1 1.12062e-16 0)
(1 5.76915e-16 0)
(1 1.43169e-15 0)
(1 7.62889e-16 0)
(1 7.20512e-16 0)
(1 8.69964e-16 0)
(1 4.08725e-17 0)
(1 1.45864e-15 0)
(1 5.1081e-16 0)
(1 1.67836e-15 0)
(1 1.91073e-15 0)
(1 3.87669e-15 0)
(1 3.81518e-15 0)
(1 5.63417e-15 0)
(1 5.21274e-15 0)
(1 5.065e-15 0)
(1 4.18883e-15 0)
(1 4.38905e-15 0)
(1 4.78978e-15 0)
(1 5.05785e-15 0)
(1 5.06853e-15 0)
(1 4.80196e-15 0)
(1 3.92682e-15 0)
(1 4.24583e-15 0)
(1 2.63062e-15 0)
(1 3.06312e-15 0)
(1 2.54971e-15 0)
(1 4.72243e-15 0)
(1 5.01706e-15 0)
(1 5.68531e-15 0)
(1 4.94911e-15 0)
(1 3.52491e-15 0)
(1 2.10523e-15 0)
(1 1.64099e-15 0)
(1 1.531e-15 0)
(1 1.69348e-15 0)
(1 1.53678e-15 0)
(1 1.48052e-15 0)
(1 2.08059e-15 0)
(1 2.87808e-15 0)
(1 2.4625e-15 0)
(1 1.50853e-15 0)
(1 2.20147e-16 0)
(1 1.68774e-15 0)
(1 1.34589e-15 0)
(1 1.9823e-15 0)
(1 1.65537e-15 0)
(1 1.90635e-15 0)
(1 1.14348e-15 0)
(1 1.58694e-15 0)
(1 1.44996e-15 0)
(1 1.57776e-15 0)
(1 9.34574e-16 0)
(1 1.42589e-15 0)
(1 1.11426e-15 0)
(1 1.29543e-15 0)
(1 1.19835e-15 0)
(1 1.47267e-15 0)
(1 8.85819e-16 0)
(1 1.12468e-15 0)
(1 1.16076e-15 0)
(1 2.66811e-15 0)
(1 1.89328e-15 0)
(1 1.82078e-15 0)
(1 8.08369e-16 0)
(1 1.15057e-15 0)
(1 3.08164e-18 0)
(1 1.89162e-15 0)
(1 3.04047e-16 0)
(1 6.63345e-16 0)
(1 1.97812e-15 0)
(1 2.25894e-15 0)
(1 2.3713e-15 0)
(1 2.5141e-15 0)
(1 2.53253e-15 0)
(1 1.75095e-15 0)
(1 2.51555e-15 0)
(1 3.3024e-15 0)
(1 2.0462e-15 0)
(1 2.9224e-15 0)
(1 1.53024e-15 0)
(1 1.31877e-15 0)
(1 5.2429e-16 0)
(1 1.96987e-15 0)
(1 1.13434e-15 0)
(1 1.26217e-15 0)
(1 4.52455e-16 0)
(1 1.62487e-16 0)
(1 -6.24967e-16 0)
(1 -2.01405e-16 0)
(1 8.53111e-16 0)
(1 7.21446e-16 0)
(1 1.18645e-16 0)
(1 -3.42678e-16 0)
(1 -7.30492e-16 0)
(1 -7.19074e-16 0)
(1 -1.46735e-15 0)
(1 -1.74796e-15 0)
(1 -7.6164e-16 0)
(1 -9.82191e-16 0)
(1 1.12772e-15 0)
(1 1.81292e-15 0)
(1 1.49803e-15 0)
(1 -2.0979e-16 0)
(1 -5.03972e-17 0)
(1 -6.26035e-16 0)
(1 -9.50706e-16 0)
(1 5.5777e-16 0)
(1 1.40426e-15 0)
(1 3.49551e-15 0)
(1 3.44074e-15 0)
(1 3.40315e-15 0)
(1 3.25214e-15 0)
(1 4.46107e-15 0)
(1 3.88392e-15 0)
(1 3.81578e-15 0)
(1 2.62429e-15 0)
(1 3.34678e-15 0)
(1 4.72532e-15 0)
(1 5.00352e-15 0)
(1 4.79076e-15 0)
(1 5.69961e-15 0)
(1 5.32238e-15 0)
(1 5.90094e-15 0)
(1 4.62294e-15 0)
(1 4.2649e-15 0)
(1 2.61991e-15 0)
(1 2.95729e-15 0)
(1 2.68226e-15 0)
(1 4.34498e-15 0)
(1 3.48204e-15 0)
(1 4.26723e-15 0)
(1 3.0021e-15 0)
(1 3.00407e-15 0)
(1 2.40994e-15 0)
(1 1.7932e-15 0)
(1 1.2895e-15 0)
(1 1.84509e-15 0)
(1 2.25822e-15 0)
(1 3.66054e-15 0)
(1 2.26066e-15 0)
(1 2.31699e-15 0)
(1 1.45849e-15 0)
(1 2.42892e-15 0)
(1 1.83195e-15 0)
(1 1.89759e-15 0)
(1 1.36179e-15 0)
(1 8.1825e-16 0)
(1 9.55866e-16 0)
(1 1.40475e-15 0)
(1 1.40558e-15 0)
(1 1.94817e-15 0)
(1 5.20405e-16 0)
(1 1.69004e-15 0)
(1 1.45052e-15 0)
(1 1.57644e-15 0)
(1 1.09621e-15 0)
(1 1.38649e-15 0)
(1 1.02514e-15 0)
(1 1.47203e-15 0)
(1 8.66237e-16 0)
(1 1.77952e-15 0)
(1 1.72252e-15 0)
(1 2.23273e-15 0)
(1 1.85853e-15 0)
(1 1.24214e-15 0)
(1 5.24761e-16 0)
(1 1.16815e-15 0)
(1 1.5852e-15 0)
(1 1.66465e-15 0)
(1 2.37229e-15 0)
(1 1.54178e-15 0)
(1 4.13176e-16 0)
(1 6.49135e-16 0)
(1 2.10662e-15 0)
(1 2.92891e-15 0)
(1 2.61033e-15 0)
(1 2.34405e-15 0)
(1 2.47781e-15 0)
(1 1.65846e-15 0)
(1 1.32045e-15 0)
(1 1.16309e-15 0)
(1 -3.31158e-16 0)
(1 9.09588e-16 0)
(1 5.27571e-17 0)
(1 7.63493e-16 0)
(1 3.34523e-16 0)
(1 1.20855e-15 0)
(1 8.41001e-16 0)
(1 1.57504e-15 0)
(1 6.08344e-16 0)
(1 -7.18387e-17 0)
(1 -3.36679e-16 0)
(1 -7.59414e-16 0)
(1 -1.23672e-15 0)
(1 -1.15409e-15 0)
(1 -1.28146e-15 0)
(1 -5.37427e-16 0)
(1 -4.75368e-16 0)
(1 -1.55746e-15 0)
(1 -6.51621e-16 0)
(1 -2.02837e-16 0)
(1 -5.02645e-16 0)
(1 -2.20744e-16 0)
(1 -3.76075e-17 0)
(1 -3.06138e-16 0)
(1 3.80962e-16 0)
(1 1.08808e-15 0)
(1 1.22187e-15 0)
(1 2.68846e-15 0)
(1 2.57974e-15 0)
(1 3.37636e-15 0)
(1 2.98608e-15 0)
(1 2.4426e-15 0)
(1 2.79297e-15 0)
(1 2.93853e-15 0)
(1 3.78406e-15 0)
(1 4.79883e-15 0)
(1 4.62533e-15 0)
(1 5.26248e-15 0)
(1 4.94341e-15 0)
(1 4.97319e-15 0)
(1 4.97836e-15 0)
(1 4.86866e-15 0)
(1 4.45647e-15 0)
(1 4.634e-15 0)
(1 4.73861e-15 0)
(1 3.67747e-15 0)
(1 3.6067e-15 0)
(1 3.428e-15 0)
(1 3.85487e-15 0)
(1 3.01032e-15 0)
(1 3.48259e-15 0)
(1 3.5176e-15 0)
(1 3.74581e-15 0)
(1 2.75338e-15 0)
(1 2.0639e-15 0)
(1 2.21877e-15 0)
(1 1.80245e-15 0)
(1 2.37746e-15 0)
(1 2.1584e-15 0)
(1 2.53558e-15 0)
(1 2.10119e-15 0)
(1 1.47456e-15 0)
(1 1.46167e-15 0)
(1 1.27807e-15 0)
(1 1.25514e-15 0)
(1 8.24077e-16 0)
(1 5.51279e-16 0)
(1 1.34201e-15 0)
(1 9.06613e-16 0)
(1 2.10673e-16 0)
(1 2.02529e-18 0)
(1 2.85597e-16 0)
(1 2.53278e-16 0)
(1 6.98443e-16 0)
(1 9.31856e-16 0)
(1 9.91913e-16 0)
(1 1.9765e-15 0)
(1 1.38512e-15 0)
(1 2.19353e-15 0)
(1 1.06101e-15 0)
(1 1.56656e-15 0)
(1 2.37043e-15 0)
(1 2.29225e-15 0)
(1 1.8947e-15 0)
(1 9.97795e-19 0)
(1 2.18578e-16 0)
(1 8.03723e-16 0)
(1 1.92024e-15 0)
(1 2.34363e-15 0)
(1 2.76609e-15 0)
(1 3.88862e-15 0)
(1 3.14074e-15 0)
(1 1.64973e-15 0)
(1 1.26537e-15 0)
(1 1.14069e-16 0)
(1 9.80682e-17 0)
(1 2.04561e-15 0)
(1 7.90827e-16 0)
(1 2.06827e-15 0)
(1 1.09246e-15 0)
(1 9.04548e-16 0)
(1 2.98889e-16 0)
(1 1.13175e-16 0)
(1 -1.57406e-16 0)
(1 3.3631e-16 0)
(1 9.60274e-16 0)
(1 9.25116e-16 0)
(1 -3.14127e-16 0)
(1 -1.4252e-15 0)
(1 -1.48939e-15 0)
(1 -1.51975e-15 0)
(1 -1.64195e-15 0)
(1 -1.98161e-15 0)
(1 -2.34933e-15 0)
(1 -6.90781e-16 0)
(1 -4.29101e-16 0)
(1 1.87859e-17 0)
(1 7.29971e-18 0)
(1 -1.3303e-15 0)
(1 7.83668e-17 0)
(1 -8.89543e-16 0)
(1 -2.66072e-16 0)
(1 -3.49018e-16 0)
(1 2.84562e-16 0)
(1 8.49617e-16 0)
(1 1.10363e-15 0)
(1 2.01173e-15 0)
(1 9.94424e-16 0)
(1 8.66751e-16 0)
(1 9.01527e-16 0)
(1 1.94299e-15 0)
(1 2.06194e-15 0)
(1 2.37053e-15 0)
(1 2.5981e-15 0)
(1 4.95947e-15 0)
(1 5.16824e-15 0)
(1 4.94042e-15 0)
(1 4.25511e-15 0)
(1 4.54428e-15 0)
(1 4.19303e-15 0)
(1 4.97882e-15 0)
(1 3.83925e-15 0)
(1 3.59542e-15 0)
(1 2.79482e-15 0)
(1 3.35945e-15 0)
(1 2.4324e-15 0)
(1 3.53854e-15 0)
(1 2.67994e-15 0)
(1 3.25627e-15 0)
(1 1.95978e-15 0)
(1 2.5417e-15 0)
(1 1.91661e-15 0)
(1 3.09038e-15 0)
(1 1.70193e-15 0)
(1 2.17706e-15 0)
(1 1.80231e-15 0)
(1 2.14604e-15 0)
(1 2.11711e-15 0)
(1 2.41094e-15 0)
(1 1.55387e-15 0)
(1 1.2286e-15 0)
(1 7.7606e-16 0)
(1 9.93194e-16 0)
(1 1.31976e-15 0)
(1 -2.24521e-17 0)
(1 8.75756e-16 0)
(1 6.25436e-16 0)
(1 1.40951e-15 0)
(1 9.32996e-16 0)
(1 1.85706e-16 0)
(1 6.42616e-17 0)
(1 -3.09354e-16 0)
(1 -3.09348e-16 0)
(1 6.32692e-16 0)
(1 1.11406e-15 0)
(1 8.91942e-16 0)
(1 1.55723e-15 0)
(1 1.00672e-15 0)
(1 1.61343e-15 0)
(1 1.46079e-15 0)
(1 1.62865e-15 0)
(1 1.50269e-15 0)
(1 1.5204e-15 0)
(1 1.62016e-15 0)
(1 -7.7598e-16 0)
(1 4.96426e-16 0)
(1 1.09141e-15 0)
(1 2.00731e-15 0)
(1 1.77359e-15 0)
(1 2.31467e-15 0)
(1 2.88202e-15 0)
(1 4.15031e-15 0)
(1 2.76033e-15 0)
(1 1.43469e-15 0)
(1 9.01681e-16 0)
(1 1.83067e-16 0)
(1 2.74407e-16 0)
(1 9.27949e-16 0)
(1 1.42988e-15 0)
(1 1.2447e-15 0)
(1 1.18476e-15 0)
(1 7.92829e-17 0)
(1 -6.02903e-16 0)
(1 -8.69562e-16 0)
(1 -7.20084e-16 0)
(1 2.67687e-17 0)
(1 7.3248e-16 0)
(1 5.80914e-16 0)
(1 -1.11144e-15 0)
(1 -1.74634e-15 0)
(1 -1.59939e-15 0)
(1 -1.1654e-15 0)
(1 -1.37931e-15 0)
(1 -1.54775e-15 0)
(1 -1.55791e-15 0)
(1 -2.82367e-15 0)
(1 -1.73168e-15 0)
(1 -1.01059e-15 0)
(1 -1.73887e-15 0)
(1 -1.09993e-15 0)
(1 -1.83298e-15 0)
(1 -1.6824e-16 0)
(1 -1.112e-15 0)
(1 -1.06011e-16 0)
(1 -8.80996e-16 0)
(1 -5.63237e-16 0)
(1 -1.73895e-16 0)
(1 1.73329e-16 0)
(1 4.04514e-16 0)
(1 2.83531e-16 0)
(1 1.18183e-15 0)
(1 2.52904e-15 0)
(1 2.63979e-15 0)
(1 3.60709e-15 0)
(1 3.34953e-15 0)
(1 3.87875e-15 0)
(1 4.20551e-15 0)
(1 4.13424e-15 0)
(1 3.60193e-15 0)
(1 3.63212e-15 0)
(1 3.1471e-15 0)
(1 4.70519e-15 0)
(1 4.89484e-15 0)
(1 4.81771e-15 0)
(1 3.73404e-15 0)
(1 3.50255e-15 0)
(1 3.01379e-15 0)
(1 2.80683e-15 0)
(1 1.6288e-15 0)
(1 2.81623e-15 0)
(1 1.90113e-15 0)
(1 2.00437e-15 0)
(1 1.24683e-15 0)
(1 1.94343e-15 0)
(1 2.28133e-15 0)
(1 2.81809e-15 0)
(1 2.79794e-15 0)
(1 2.76003e-15 0)
(1 2.36864e-15 0)
(1 2.01983e-15 0)
(1 1.07814e-15 0)
(1 8.08481e-16 0)
(1 4.43208e-16 0)
(1 5.92606e-16 0)
(1 2.08764e-16 0)
(1 -5.73892e-17 0)
(1 1.22078e-16 0)
(1 2.60321e-16 0)
(1 4.81241e-16 0)
(1 8.86597e-16 0)
(1 4.73316e-16 0)
(1 7.39066e-16 0)
(1 7.44847e-16 0)
(1 7.25908e-16 0)
(1 6.06963e-16 0)
(1 9.18783e-16 0)
(1 8.04375e-16 0)
(1 1.48475e-15 0)
(1 1.11246e-15 0)
(1 1.69648e-15 0)
(1 1.09464e-15 0)
(1 7.27081e-16 0)
(1 1.25392e-15 0)
(1 1.33045e-15 0)
(1 6.6362e-16 0)
(1 1.14953e-15 0)
(1 1.86474e-15 0)
(1 1.57647e-15 0)
(1 9.13117e-16 0)
(1 1.43159e-15 0)
(1 9.1129e-16 0)
(1 1.45707e-15 0)
(1 1.77154e-15 0)
(1 1.87688e-15 0)
(1 1.80244e-15 0)
(1 1.05284e-15 0)
(1 -4.93608e-16 0)
(1 1.73967e-16 0)
(1 1.2206e-16 0)
(1 1.33113e-15 0)
(1 1.29372e-15 0)
(1 1.12294e-15 0)
(1 8.77576e-16 0)
(1 1.19498e-15 0)
(1 1.99641e-16 0)
(1 -6.26388e-16 0)
(1 -1.03898e-15 0)
(1 -1.42335e-15 0)
(1 -1.97435e-15 0)
(1 -2.33787e-15 0)
(1 -2.10807e-15 0)
(1 -2.32619e-15 0)
(1 -3.1129e-15 0)
(1 -2.2993e-15 0)
(1 -2.71169e-15 0)
(1 -2.39952e-15 0)
(1 -2.33066e-15 0)
(1 -1.94196e-15 0)
(1 -1.3729e-15 0)
(1 -1.76378e-15 0)
(1 -1.79389e-15 0)
(1 -1.3493e-15 0)
(1 -1.60956e-15 0)
(1 -9.42509e-16 0)
(1 -5.67172e-16 0)
(1 -9.20197e-16 0)
(1 -1.60654e-15 0)
(1 -2.83896e-16 0)
(1 1.04093e-15 0)
(1 1.66787e-15 0)
(1 1.50662e-15 0)
(1 1.23947e-15 0)
(1 1.10937e-15 0)
(1 2.35213e-15 0)
(1 2.61933e-15 0)
(1 3.64695e-15 0)
(1 2.68496e-15 0)
(1 3.82605e-15 0)
(1 3.37978e-15 0)
(1 2.76868e-15 0)
(1 2.73369e-15 0)
(1 3.23495e-15 0)
(1 3.55546e-15 0)
(1 3.79306e-15 0)
(1 3.75282e-15 0)
(1 3.22544e-15 0)
(1 2.88858e-15 0)
(1 2.55726e-15 0)
(1 2.23502e-15 0)
(1 2.13921e-15 0)
(1 1.68073e-15 0)
(1 1.47958e-15 0)
(1 6.39099e-16 0)
(1 2.12559e-15 0)
(1 1.64846e-15 0)
(1 2.34111e-15 0)
(1 2.10081e-15 0)
(1 1.6557e-15 0)
(1 1.84984e-15 0)
(1 1.91563e-15 0)
(1 7.88991e-16 0)
(1 3.59329e-16 0)
(1 -3.02019e-16 0)
(1 3.36407e-16 0)
(1 1.49917e-15 0)
(1 -4.61431e-16 0)
(1 5.18535e-16 0)
(1 -4.67383e-16 0)
(1 -3.509e-16 0)
(1 -1.58376e-16 0)
(1 8.31866e-16 0)
(1 1.07354e-15 0)
(1 8.71448e-16 0)
(1 3.94874e-16 0)
(1 4.89214e-16 0)
(1 4.81256e-16 0)
(1 8.33551e-16 0)
(1 9.98422e-16 0)
(1 1.45526e-15 0)
(1 6.89713e-16 0)
(1 8.45401e-16 0)
(1 6.29664e-16 0)
(1 1.46756e-15 0)
(1 1.58842e-15 0)
(1 5.71669e-16 0)
(1 -1.21048e-16 0)
(1 9.97924e-16 0)
(1 9.96394e-16 0)
(1 1.15133e-15 0)
(1 2.61817e-15 0)
(1 3.70244e-15 0)
(1 2.58425e-15 0)
(1 2.33178e-15 0)
(1 1.24437e-15 0)
(1 8.22105e-16 0)
(1 4.04852e-16 0)
(1 9.83269e-16 0)
(1 -3.52205e-16 0)
(1 5.05585e-17 0)
(1 4.97217e-17 0)
(1 1.14441e-15 0)
(1 1.072e-15 0)
(1 1.90921e-15 0)
(1 4.50082e-17 0)
(1 -2.45211e-16 0)
(1 -5.94729e-16 0)
(1 -1.62022e-15 0)
(1 -2.44093e-15 0)
(1 -2.54133e-15 0)
(1 -2.53412e-15 0)
(1 -3.03902e-15 0)
(1 -3.37853e-15 0)
(1 -3.05812e-15 0)
(1 -3.36345e-15 0)
(1 -2.91757e-15 0)
(1 -2.42842e-15 0)
(1 -2.62284e-15 0)
(1 -2.0159e-15 0)
(1 -1.16715e-15 0)
(1 -2.31042e-15 0)
(1 -1.99383e-15 0)
(1 -3.23563e-15 0)
(1 -1.88812e-15 0)
(1 -1.48188e-15 0)
(1 -7.47766e-16 0)
(1 -9.26292e-16 0)
(1 1.25634e-16 0)
(1 -1.76259e-16 0)
(1 1.71362e-16 0)
(1 -1.51372e-16 0)
(1 7.65221e-16 0)
(1 7.59986e-16 0)
(1 9.1038e-16 0)
(1 1.32383e-15 0)
(1 1.44974e-15 0)
(1 1.37946e-15 0)
(1 2.1905e-15 0)
(1 2.46141e-15 0)
(1 3.72318e-15 0)
(1 3.21777e-15 0)
(1 4.84015e-15 0)
(1 3.28022e-15 0)
(1 3.57893e-15 0)
(1 2.82862e-15 0)
(1 2.63848e-15 0)
(1 2.0586e-15 0)
(1 1.36256e-15 0)
(1 1.15361e-15 0)
(1 1.94261e-15 0)
(1 1.14165e-15 0)
(1 1.29207e-15 0)
(1 1.34436e-15 0)
(1 1.07346e-15 0)
(1 1.62886e-15 0)
(1 1.29021e-15 0)
(1 1.25567e-15 0)
(1 7.26439e-16 0)
(1 5.37347e-16 0)
(1 1.10087e-15 0)
(1 5.35175e-16 0)
(1 5.61341e-16 0)
(1 4.0554e-16 0)
(1 -5.94905e-17 0)
(1 -1.09937e-16 0)
(1 -5.42934e-16 0)
(1 4.10377e-16 0)
(1 -4.58472e-17 0)
(1 5.09866e-18 0)
(1 -7.07808e-16 0)
(1 -9.54086e-16 0)
(1 -4.86395e-16 0)
(1 2.09146e-16 0)
(1 -4.66492e-16 0)
(1 5.8177e-16 0)
(1 -6.69224e-17 0)
(1 1.26118e-15 0)
(1 3.71987e-16 0)
(1 -3.59979e-16 0)
(1 -3.28499e-16 0)
(1 1.8676e-16 0)
(1 6.6115e-16 0)
(1 7.39102e-16 0)
(1 1.39835e-15 0)
(1 1.17353e-15 0)
(1 -5.27766e-17 0)
(1 -1.01457e-15 0)
(1 4.8403e-16 0)
(1 6.39434e-16 0)
(1 1.89415e-15 0)
(1 2.18589e-15 0)
(1 2.62075e-15 0)
(1 2.33062e-15 0)
(1 1.46662e-15 0)
(1 9.02134e-16 0)
(1 1.12667e-15 0)
(1 1.57004e-15 0)
(1 1.14716e-15 0)
(1 7.26644e-16 0)
(1 -3.62088e-16 0)
(1 -3.57106e-16 0)
(1 -8.3871e-16 0)
(1 2.93559e-16 0)
(1 2.51162e-16 0)
(1 -7.74632e-17 0)
(1 -3.69925e-16 0)
(1 -1.10628e-15 0)
(1 -1.23582e-15 0)
(1 -1.75152e-15 7.06927e-48)
(1 -2.07415e-15 0)
(1 -2.92082e-15 0)
(1 -3.51277e-15 0)
(1 -3.69349e-15 0)
(1 -3.23285e-15 0)
(1 -3.37003e-15 0)
(1 -3.45766e-15 0)
(1 -3.75691e-15 0)
(1 -3.98977e-15 0)
(1 -2.97388e-15 0)
(1 -2.94852e-15 0)
(1 -2.48928e-15 0)
(1 -1.72976e-15 0)
(1 -2.01517e-15 0)
(1 -1.38125e-15 0)
(1 -6.0613e-16 0)
(1 -1.33287e-15 0)
(1 -1.61196e-15 0)
(1 -1.1516e-15 0)
(1 -1.16584e-15 0)
(1 -1.47566e-15 -7.96055e-48)
(1 -1.10215e-15 0)
(1 -3.11956e-16 -7.93073e-48)
(1 7.69476e-16 0)
(1 1.33661e-15 0)
(1 1.73986e-15 0)
(1 8.49743e-16 0)
(1 1.71306e-15 0)
(1 2.97155e-15 0)
(1 2.97944e-15 0)
(1 2.42987e-15 0)
(1 3.07972e-15 0)
(1 3.38857e-15 0)
(1 3.08373e-15 0)
(1 3.27425e-15 0)
(1 2.1543e-15 0)
(1 1.81097e-15 0)
(1 1.49947e-15 0)
(1 1.07289e-15 0)
(1 1.38431e-15 0)
(1 1.17416e-15 0)
(1 1.19927e-15 0)
(1 1.06375e-15 0)
(1 1.07822e-15 0)
(1 1.36287e-15 0)
(1 9.85393e-16 2.32549e-48)
(1 5.57699e-16 -2.16229e-48)
(1 -3.11184e-16 -2.05523e-48)
(1 4.54482e-16 1.96255e-48)
(1 4.25457e-16 1.98908e-48)
(1 8.14231e-16 -1.96295e-48)
(1 8.45914e-16 -1.90189e-48)
(1 5.66768e-16 1.76359e-48)
(1 2.20473e-16 1.58381e-48)
(1 -6.19076e-16 -1.45147e-48)
(1 -1.12186e-15 -1.39524e-48)
(1 -1.55903e-15 0)
(1 4.27284e-16 0)
(1 -2.80924e-16 -2.41316e-48)
(1 -2.51161e-16 0)
(1 -4.71329e-16 -2.27866e-48)
(1 5.8611e-16 1.20007e-48)
(1 -2.19314e-16 -2.27542e-48)
(1 -7.08169e-17 0)
(1 4.05873e-16 -1.78449e-48)
(1 2.58689e-16 8.22584e-49)
(1 -8.83269e-16 -1.52562e-48)
(1 -4.81084e-16 0)
(1 -9.23078e-16 -1.16689e-48)
(1 -3.84549e-16 0)
(1 -3.03546e-16 0)
(1 2.74438e-16 -6.18905e-49)
(1 8.06303e-16 -5.51681e-49)
(1 7.21064e-16 0)
(1 2.41515e-16 -3.17483e-49)
(1 7.48898e-17 -9.43012e-50)
(1 -4.94864e-17 0)
(1 9.24076e-16 0)
(1 9.89183e-16 0)
(1 1.40416e-15 0)
(1 1.22356e-15 0)
(1 7.31192e-16 0)
(1 1.2779e-15 0)
(1 2.19036e-15 0)
(1 2.12594e-15 0)
(1 1.48959e-15 0)
(1 8.80239e-16 0)
(1 7.08044e-16 0)
(1 -2.24713e-16 0)
(1 4.70586e-16 0)
(1 4.06893e-16 0)
(1 5.46929e-16 0)
(1 3.39598e-16 0)
(1 1.98256e-16 0)
(1 -1.04659e-15 0)
(1 -4.66984e-16 0)
(1 -1.03875e-15 0)
(1 -9.00487e-16 0)
(1 -1.78246e-15 0)
(1 -1.57208e-15 -7.20386e-48)
(1 -3.4171e-15 0)
(1 -3.58571e-15 0)
(1 -4.34464e-15 0)
(1 -3.02803e-15 0)
(1 -2.72588e-15 0)
(1 -2.21399e-15 0)
(1 -2.99412e-15 0)
(1 -2.63704e-15 0)
(1 -4.20333e-15 0)
(1 -4.9054e-15 0)
(1 -5.67758e-15 0)
(1 -3.71652e-15 0)
(1 -2.87953e-15 0)
(1 -1.32387e-15 0)
(1 -2.5221e-15 0)
(1 -9.57086e-16 0)
(1 -1.62403e-15 0)
(1 -1.35788e-15 0)
(1 -2.5708e-15 0)
(1 -1.62111e-15 0)
(1 -9.63905e-16 8.03021e-48)
(1 -4.28788e-16 0)
(1 -3.14829e-16 7.99704e-48)
(1 -8.41789e-16 0)
(1 -3.32709e-16 0)
(1 3.96898e-16 0)
(1 1.37402e-15 0)
(1 1.90384e-15 0)
(1 2.07941e-15 0)
(1 2.45098e-15 0)
(1 2.89146e-15 0)
(1 3.28851e-15 0)
(1 3.35079e-15 0)
(1 3.25999e-15 0)
(1 2.58785e-15 0)
(1 2.27851e-15 0)
(1 5.64308e-16 0)
(1 1.754e-16 0)
(1 1.41592e-15 0)
(1 7.96153e-16 0)
(1 8.60026e-16 0)
(1 -2.06338e-16 0)
(1 6.29555e-16 0)
(1 -9.98454e-16 0)
(1 5.66469e-17 0)
(1 -1.71887e-16 -2.33713e-48)
(1 4.05921e-16 2.17631e-48)
(1 -4.80285e-16 2.07198e-48)
(1 1.8641e-16 -1.98184e-48)
(1 -6.39852e-16 -2.01026e-48)
(1 -9.79949e-16 1.98502e-48)
(1 -2.4783e-16 1.9238e-48)
(1 -7.72356e-17 -1.78446e-48)
(1 -1.06221e-15 -1.60335e-48)
(1 -1.07452e-15 1.47025e-48)
(1 -1.21042e-15 1.4148e-48)
(1 -1.40032e-15 0)
(1 -1.55421e-15 0)
(1 -1.32424e-15 2.48479e-48)
(1 -1.35853e-15 0)
(1 -7.46297e-16 2.38718e-48)
(1 -5.86981e-16 -1.26259e-48)
(1 2.14984e-16 2.41143e-48)
(1 -1.09685e-15 0)
(1 7.56159e-16 1.91648e-48)
(1 -7.61073e-16 -8.81297e-49)
(1 3.53945e-18 1.62388e-48)
(1 -1.14636e-15 0)
(1 -6.89236e-16 1.22534e-48)
(1 4.26359e-16 0)
(1 4.53241e-16 0)
(1 -6.07596e-16 6.36041e-49)
(1 -3.36191e-16 5.72758e-49)
(1 -5.17038e-16 0)
(1 1.30304e-16 3.37072e-49)
(1 4.81327e-16 1.01894e-49)
(1 2.57019e-16 0)
(1 2.29498e-15 0)
(1 5.07068e-16 0)
(1 1.04045e-15 0)
(1 7.51301e-16 0)
(1 7.40443e-16 0)
(1 7.44448e-16 0)
(1 5.9178e-16 0)
(1 1.85426e-15 0)
(1 1.47585e-15 0)
(1 8.05341e-16 0)
(1 -1.5581e-17 0)
(1 3.37252e-16 0)
(1 6.22237e-16 0)
(1 1.07538e-15 0)
(1 7.03089e-16 0)
(1 6.3527e-16 0)
(1 -1.2518e-15 0)
(1 -2.32251e-15 0)
(1 -2.53138e-15 0)
(1 -2.09713e-15 0)
(1 -6.93918e-16 0)
(1 -1.66779e-15 0)
(1 -2.37188e-15 0)
(1 -3.34776e-15 0)
(1 -3.47647e-15 0)
(1 -3.89222e-15 0)
(1 -2.706e-15 0)
(1 -3.28793e-15 0)
(1 -2.69998e-15 0)
(1 -3.83798e-15 0)
(1 -3.32092e-15 0)
(1 -3.87561e-15 0)
(1 -4.41224e-15 0)
(1 -4.68383e-15 0)
(1 -4.42533e-15 0)
(1 -4.0859e-15 0)
(1 -2.75013e-15 0)
(1 -2.46785e-15 0)
(1 -1.63963e-15 0)
(1 -2.05252e-15 0)
(1 -1.9004e-15 0)
(1 -2.41258e-15 0)
(1 -1.72804e-15 0)
(1 -1.71658e-15 0)
(1 -1.13929e-15 0)
(1 -1.63381e-15 0)
(1 -8.7303e-16 0)
(1 3.38708e-16 0)
(1 1.07652e-16 0)
(1 1.24328e-15 0)
(1 3.09306e-16 0)
(1 5.27419e-16 0)
(1 1.05631e-15 0)
(1 1.78109e-15 0)
(1 2.35585e-15 0)
(1 3.7511e-15 0)
(1 4.69265e-15 0)
(1 2.99132e-15 0)
(1 2.31194e-15 0)
(1 7.68052e-16 0)
(1 1.4266e-15 0)
(1 6.54163e-16 0)
(1 6.61444e-16 0)
(1 1.94357e-16 0)
(1 -3.97792e-16 0)
(1 7.86531e-17 0)
(1 -4.48756e-16 0)
(1 -7.90341e-16 0)
(1 -1.04968e-15 0)
(1 -6.83003e-16 0)
(1 -6.42095e-16 0)
(1 -9.42372e-16 0)
(1 -8.58029e-16 0)
(1 -9.29097e-16 0)
(1 -1.61671e-15 0)
(1 -7.82046e-16 0)
(1 -9.55274e-16 0)
(1 -8.50101e-16 0)
(1 -2.1768e-15 0)
(1 -1.99923e-15 0)
(1 -2.87755e-15 0)
(1 -2.2096e-15 0)
(1 -1.94696e-15 0)
(1 -3.09442e-16 0)
(1 -1.26117e-15 0)
(1 -9.34845e-16 0)
(1 -8.28949e-16 0)
(1 -8.53413e-16 0)
(1 -2.69881e-16 0)
(1 -3.28038e-16 0)
(1 -8.17203e-16 0)
(1 -2.22937e-16 0)
(1 -3.01937e-16 0)
(1 -5.43906e-16 0)
(1 -7.29398e-16 0)
(1 -1.07811e-15 0)
(1 -1.03894e-15 0)
(1 1.8318e-16 0)
(1 1.05102e-16 0)
(1 -2.39969e-16 0)
(1 9.87532e-16 0)
(1 7.04322e-16 0)
(1 1.44778e-15 0)
(1 1.66837e-15 0)
(1 1.90434e-15 0)
(1 1.27311e-15 0)
(1 -3.82985e-16 0)
(1 2.70458e-16 0)
(1 3.99803e-16 0)
(1 7.57953e-16 0)
(1 -9.38331e-17 0)
(1 1.10343e-15 0)
(1 3.67888e-16 0)
(1 -2.99187e-17 0)
(1 7.60461e-17 0)
(1 -5.58963e-16 0)
(1 -6.89752e-16 0)
(1 -1.66435e-15 0)
(1 -1.04719e-15 0)
(1 -1.36562e-15 0)
(1 -1.5173e-15 0)
(1 -2.61162e-15 0)
(1 -3.00099e-15 0)
(1 -2.38484e-15 0)
(1 -2.12679e-15 0)
(1 -3.30889e-15 0)
(1 -4.98009e-15 0)
(1 -5.87329e-15 0)
(1 -4.83051e-15 0)
(1 -4.79498e-15 0)
(1 -4.36681e-15 0)
(1 -4.23994e-15 0)
(1 -3.70104e-15 0)
(1 -4.42892e-15 0)
(1 -3.76947e-15 0)
(1 -4.21302e-15 0)
(1 -3.68893e-15 0)
(1 -2.32975e-15 0)
(1 -2.7253e-15 0)
(1 -2.18981e-15 0)
(1 -2.57688e-15 0)
(1 -2.01101e-15 0)
(1 -2.07988e-15 0)
(1 -2.12632e-15 0)
(1 -1.78083e-15 0)
(1 -1.18413e-15 0)
(1 -5.97294e-16 0)
(1 -1.64289e-16 0)
(1 -9.99213e-16 0)
(1 -1.88892e-16 0)
(1 2.2002e-16 0)
(1 8.23515e-16 0)
(1 1.14025e-15 0)
(1 2.11535e-15 0)
(1 2.45295e-15 0)
(1 2.07541e-15 0)
(1 1.43389e-15 0)
(1 1.25217e-15 0)
(1 6.26072e-16 0)
(1 1.49137e-15 0)
(1 1.63474e-15 0)
(1 5.01175e-17 0)
(1 6.06939e-16 0)
(1 -5.14288e-16 0)
(1 4.27759e-16 0)
(1 -6.9127e-16 0)
(1 -2.82567e-16 0)
(1 -1.47096e-15 0)
(1 -2.16447e-15 0)
(1 -2.41041e-15 0)
(1 -1.64452e-15 0)
(1 -1.7316e-15 0)
(1 -5.75206e-16 0)
(1 -1.01406e-15 0)
(1 -1.82414e-15 0)
(1 -2.45532e-15 0)
(1 -1.45444e-15 0)
(1 -1.60456e-15 0)
(1 -2.76445e-15 0)
(1 -2.37359e-15 0)
(1 -2.55151e-15 0)
(1 -1.89199e-15 0)
(1 -1.23277e-15 0)
(1 -6.68219e-16 0)
(1 -5.78837e-16 0)
(1 -1.01531e-15 0)
(1 -1.20858e-15 0)
(1 -1.23186e-15 0)
(1 -7.03111e-16 0)
(1 -1.52115e-15 0)
(1 -1.31926e-15 0)
(1 -8.20441e-16 0)
(1 -1.38933e-15 0)
(1 -1.38613e-15 0)
(1 -4.06863e-16 0)
(1 -6.84996e-16 0)
(1 -6.38609e-16 0)
(1 -1.31917e-15 0)
(1 -1.17685e-15 0)
(1 -2.78277e-16 0)
(1 2.56153e-16 0)
(1 1.31377e-15 0)
(1 4.17601e-16 0)
(1 1.00218e-15 0)
(1 1.85636e-16 0)
(1 1.54933e-15 0)
(1 6.03368e-16 0)
(1 1.27542e-15 0)
(1 1.02834e-15 0)
(1 4.02802e-16 0)
(1 -4.03238e-16 0)
(1 4.08389e-16 0)
(1 -6.09389e-16 0)
(1 -4.58708e-16 0)
(1 -5.3816e-16 0)
(1 -5.85341e-16 0)
(1 3.89989e-16 0)
(1 4.92148e-16 0)
(1 -3.16111e-16 0)
(1 -1.55397e-15 0)
(1 -2.89109e-15 0)
(1 -4.19381e-15 0)
(1 -3.12542e-15 0)
(1 -3.21903e-15 0)
(1 -2.75772e-15 0)
(1 -3.4734e-15 0)
(1 -5.33625e-15 0)
(1 -5.30347e-15 0)
(1 -5.77992e-15 0)
(1 -4.50502e-15 0)
(1 -4.5165e-15 0)
(1 -4.52454e-15 0)
(1 -5.08725e-15 0)
(1 -5.50766e-15 0)
(1 -4.3545e-15 0)
(1 -4.47761e-15 0)
(1 -3.17811e-15 0)
(1 -3.37306e-15 0)
(1 -3.39034e-15 0)
(1 -2.97007e-15 0)
(1 -2.50909e-15 0)
(1 -2.10831e-15 0)
(1 -1.89757e-15 0)
(1 -1.58449e-15 0)
(1 -1.57267e-15 0)
(1 -2.03634e-15 0)
(1 -1.93944e-15 0)
(1 -1.97877e-15 0)
(1 -8.77284e-16 0)
(1 -8.79198e-16 0)
(1 -9.17622e-17 0)
(1 8.0427e-16 0)
(1 1.11077e-15 0)
(1 1.96196e-15 0)
(1 1.61709e-15 0)
(1 1.31058e-16 0)
(1 5.90472e-17 0)
(1 6.48902e-16 0)
(1 1.21093e-15 0)
(1 1.18878e-15 0)
(1 9.40077e-17 0)
(1 2.69716e-16 0)
(1 -5.78572e-16 0)
(1 -1.88183e-17 0)
(1 -3.94129e-16 0)
(1 -4.85226e-16 0)
(1 -7.25458e-16 0)
(1 -5.98998e-16 0)
(1 -1.30504e-15 0)
(1 -1.606e-15 0)
(1 -1.60353e-15 0)
(1 -1.71335e-15 0)
(1 -2.18198e-15 0)
(1 -2.8837e-15 0)
(1 -2.28626e-15 0)
(1 -3.19925e-15 0)
(1 -3.11852e-15 0)
(1 -2.70261e-15 0)
(1 -2.82134e-15 0)
(1 -2.19622e-15 0)
(1 -2.84891e-15 0)
(1 -2.36366e-15 0)
(1 -1.57578e-15 0)
(1 -2.14534e-15 0)
(1 -1.84135e-15 0)
(1 -1.68136e-15 0)
(1 -1.18114e-15 0)
(1 -1.47795e-15 0)
(1 -1.91741e-15 0)
(1 -1.54675e-15 0)
(1 -6.18386e-16 0)
(1 -9.45424e-16 0)
(1 -9.77623e-16 0)
(1 -1.26548e-15 0)
(1 -8.81985e-16 0)
(1 -3.85778e-16 0)
(1 -2.91958e-18 0)
(1 -3.96299e-16 0)
(1 -8.2636e-17 0)
(1 1.36782e-15 0)
(1 9.25712e-16 0)
(1 1.65762e-15 0)
(1 -5.87514e-17 0)
(1 -2.4142e-17 0)
(1 -1.09015e-15 0)
(1 -3.26063e-16 0)
(1 6.88116e-16 0)
(1 2.74659e-16 0)
(1 3.03468e-16 0)
(1 -4.2053e-16 0)
(1 8.62822e-16 0)
(1 1.47753e-16 0)
(1 9.99709e-16 0)
(1 5.88477e-17 0)
(1 -7.99921e-16 0)
(1 -1.43015e-15 0)
(1 -1.82086e-15 0)
(1 -1.16537e-15 0)
(1 -2.15693e-15 0)
(1 -2.35985e-15 0)
(1 -3.92279e-15 0)
(1 -3.01803e-15 0)
(1 -3.92821e-15 0)
(1 -2.94095e-15 0)
(1 -3.08687e-15 0)
(1 -2.06597e-15 0)
(1 -2.94443e-15 0)
(1 -4.3083e-15 0)
(1 -5.94531e-15 0)
(1 -5.78127e-15 0)
(1 -5.16542e-15 0)
(1 -3.65962e-15 0)
(1 -3.27821e-15 0)
(1 -3.3265e-15 0)
(1 -4.81878e-15 0)
(1 -4.9559e-15 0)
(1 -4.80828e-15 0)
(1 -4.33454e-15 0)
(1 -4.98605e-15 0)
(1 -3.70988e-15 0)
(1 -3.75587e-15 0)
(1 -2.76787e-15 0)
(1 -2.208e-15 0)
(1 -2.45621e-15 0)
(1 -2.5107e-15 0)
(1 -3.47262e-15 0)
(1 -2.66407e-15 0)
(1 -2.02317e-15 0)
(1 -9.03141e-16 0)
(1 -1.42929e-15 0)
(1 -3.36646e-16 0)
(1 5.59576e-18 0)
(1 8.52891e-16 0)
(1 -3.45278e-16 0)
(1 -9.32857e-18 0)
(1 -3.52713e-16 0)
(1 6.59264e-16 0)
(1 9.08601e-16 0)
(1 1.18436e-15 0)
(1 9.53179e-16 0)
(1 8.99909e-16 0)
(1 9.64314e-16 0)
(1 -5.52651e-16 0)
(1 -4.06037e-16 0)
(1 -8.07567e-16 0)
(1 3.11858e-17 0)
(1 -6.35672e-16 0)
(1 -6.94215e-18 0)
(1 -1.43359e-15 0)
(1 -1.02153e-15 0)
(1 -1.65479e-15 0)
(1 -1.27737e-15 0)
(1 -1.78723e-15 0)
(1 -2.30358e-15 0)
(1 -2.31288e-15 0)
(1 -2.5152e-15 0)
(1 -2.37856e-15 0)
(1 -3.20314e-15 0)
(1 -2.82548e-15 0)
(1 -3.12148e-15 0)
(1 -2.64984e-15 0)
(1 -2.97394e-15 0)
(1 -1.61679e-15 0)
(1 -2.4113e-15 0)
(1 -1.83922e-15 0)
(1 -2.08364e-15 0)
(1 -1.4987e-15 0)
(1 -2.03942e-15 0)
(1 -1.87622e-15 0)
(1 -1.77928e-15 0)
(1 -1.34051e-15 0)
(1 -1.64583e-15 0)
(1 -1.13821e-15 0)
(1 -1.30128e-15 0)
(1 -4.05068e-16 0)
(1 -6.33659e-16 0)
(1 -6.4236e-16 0)
(1 -4.75915e-16 0)
(1 -4.2315e-16 0)
(1 9.90584e-16 0)
(1 1.03322e-15 0)
(1 -1.0404e-16 0)
(1 -4.92408e-16 0)
(1 -7.99801e-16 0)
(1 -5.37592e-16 0)
(1 4.69381e-16 0)
(1 1.59834e-15 0)
(1 6.87187e-16 0)
(1 -9.89147e-16 0)
(1 -2.78148e-16 0)
(1 8.91282e-16 0)
(1 -1.17566e-16 0)
(1 2.97702e-16 0)
(1 -1.16714e-16 0)
(1 -2.46496e-16 0)
(1 -6.65424e-16 0)
(1 -9.19863e-16 0)
(1 -1.86091e-15 0)
(1 -1.83848e-15 0)
(1 -1.33572e-15 0)
(1 -3.26341e-15 0)
(1 -3.1401e-15 0)
(1 -4.32903e-15 0)
(1 -4.54272e-15 0)
(1 -5.05418e-15 0)
(1 -3.91893e-15 0)
(1 -4.59093e-15 0)
(1 -5.39294e-15 0)
(1 -5.79659e-15 0)
(1 -5.26624e-15 0)
(1 -4.75078e-15 0)
(1 -4.24875e-15 0)
(1 -4.31176e-15 0)
(1 -4.08084e-15 0)
(1 -4.90387e-15 0)
(1 -4.21023e-15 0)
(1 -5.08362e-15 0)
(1 -3.80895e-15 0)
(1 -4.74456e-15 0)
(1 -3.63742e-15 0)
(1 -3.55643e-15 0)
(1 -2.159e-15 0)
(1 -2.69402e-15 0)
(1 -2.94108e-15 0)
(1 -3.25005e-15 0)
(1 -2.48492e-15 0)
(1 -3.24578e-15 0)
(1 -2.92203e-15 0)
(1 -2.04562e-15 0)
(1 -1.58249e-15 0)
(1 -7.11274e-16 0)
(1 -4.56954e-16 0)
(1 1.57588e-16 0)
(1 -1.11289e-17 0)
(1 6.7593e-18 0)
(1 -7.55189e-17 0)
(1 -5.94255e-16 0)
(1 8.43269e-17 0)
(1 5.76272e-16 0)
(1 8.87756e-17 0)
(1 6.67742e-16 0)
(1 -1.09277e-16 0)
(1 6.94851e-16 0)
(1 -5.85086e-16 0)
(1 2.92237e-16 0)
(1 -1.59292e-15 0)
(1 -1.94784e-15 0)
(1 -2.88987e-15 0)
(1 -2.22719e-15 0)
(1 -1.74867e-15 0)
(1 -2.16104e-15 0)
(1 -2.03537e-15 0)
(1 -2.45144e-15 0)
(1 -2.72859e-15 0)
(1 -3.88268e-15 0)
(1 -3.57889e-15 0)
(1 -3.59557e-15 0)
(1 -3.35432e-15 0)
(1 -1.93977e-15 0)
(1 -2.52858e-15 0)
(1 -1.63229e-15 0)
(1 -1.98303e-15 0)
(1 -2.00253e-15 0)
(1 -2.39876e-15 0)
(1 -2.35001e-15 0)
(1 -2.73261e-15 0)
(1 -2.89056e-15 0)
(1 -2.16309e-15 0)
(1 -1.04268e-15 0)
(1 -1.02476e-15 0)
(1 -7.99459e-16 0)
(1 -1.30537e-15 0)
(1 -1.34705e-15 0)
(1 -1.3058e-15 0)
(1 -2.49768e-16 0)
(1 -1.066e-15 0)
(1 -9.70526e-16 0)
(1 -1.47015e-15 0)
(1 -1.08658e-15 0)
(1 1.45395e-17 0)
(1 1.44547e-16 0)
(1 -1.28004e-16 0)
(1 3.79937e-16 0)
(1 -3.15834e-16 0)
(1 4.3178e-16 0)
(1 -2.29478e-16 0)
(1 3.51707e-16 0)
(1 -5.15292e-17 0)
(1 -7.32353e-17 0)
(1 -1.06978e-16 0)
(1 2.92375e-16 0)
(1 -2.6482e-17 0)
(1 -5.63211e-16 0)
(1 1.21415e-15 0)
(1 -1.98677e-16 0)
(1 -1.83835e-15 0)
(1 -2.6704e-15 0)
(1 -2.44534e-15 0)
(1 -2.66037e-15 0)
(1 -2.27427e-15 0)
(1 -3.065e-15 0)
(1 -3.19987e-15 0)
(1 -3.63732e-15 0)
(1 -4.52618e-15 0)
(1 -5.24098e-15 0)
(1 -4.97388e-15 0)
(1 -5.82006e-15 0)
(1 -4.73438e-15 0)
(1 -4.46937e-15 0)
(1 -3.21606e-15 0)
(1 -4.45282e-15 0)
(1 -4.71586e-15 0)
(1 -5.47954e-15 0)
(1 -4.89598e-15 0)
(1 -4.54872e-15 0)
(1 -4.10321e-15 0)
(1 -4.29986e-15 0)
(1 -4.17797e-15 0)
(1 -3.45468e-15 0)
(1 -3.21062e-15 0)
(1 -2.91757e-15 0)
(1 -3.04383e-15 0)
(1 -3.7981e-15 0)
(1 -2.99582e-15 0)
(1 -3.21176e-15 0)
(1 -3.15682e-15 0)
(1 -3.2904e-15 0)
(1 -3.02973e-15 0)
(1 -1.94082e-15 0)
(1 -9.78642e-16 0)
(1 -1.39593e-15 0)
(1 -9.70514e-16 0)
(1 -7.70143e-16 0)
(1 -4.01233e-16 0)
(1 -2.89239e-16 0)
(1 -3.03284e-16 0)
(1 1.19418e-16 0)
(1 1.1664e-16 0)
(1 1.18169e-15 0)
(1 5.49395e-16 0)
(1 1.43256e-16 0)
(1 -8.35737e-17 0)
(1 7.59004e-16 0)
(1 4.86785e-16 0)
(1 2.7149e-16 0)
(1 -1.31518e-15 0)
(1 -5.50464e-16 0)
(1 -1.85575e-15 0)
(1 -1.05008e-15 0)
(1 -2.33573e-15 0)
(1 -2.26444e-15 0)
(1 -2.68475e-15 0)
(1 -3.41176e-15 0)
(1 -3.26218e-15 0)
(1 -4.0182e-15 0)
(1 -3.81398e-15 0)
(1 -4.41531e-15 0)
(1 -3.29437e-15 0)
(1 -2.52815e-15 0)
(1 -2.25186e-15 0)
(1 -2.43053e-15 0)
(1 -1.67606e-15 0)
(1 -2.98088e-15 0)
(1 -2.67262e-15 0)
(1 -3.41381e-15 0)
(1 -3.42266e-15 0)
(1 -2.75471e-15 0)
(1 -2.68189e-15 0)
(1 -2.07003e-15 0)
(1 -1.34268e-15 0)
(1 -9.01135e-16 0)
(1 -2.91757e-16 0)
(1 -6.5443e-16 0)
(1 -4.55929e-16 0)
(1 -1.25768e-15 0)
(1 -5.95567e-16 0)
(1 -5.59556e-16 0)
(1 -1.82368e-16 0)
(1 4.37899e-16 0)
(1 -8.26927e-18 0)
(1 2.12455e-16 0)
(1 -1.369e-16 0)
(1 1.50031e-16 0)
(1 5.02733e-16 0)
(1 4.33297e-16 0)
(1 -7.12617e-16 0)
(1 -3.10537e-16 0)
(1 -1.11109e-15 0)
(1 4.36384e-16 0)
(1 -5.732e-16 0)
(1 -5.19187e-16 0)
(1 -8.35244e-16 0)
(1 -1.55955e-16 0)
(1 1.93019e-16 0)
(1 1.45486e-16 0)
(1 -1.23712e-15 0)
(1 -3.49546e-15 0)
(1 -2.11266e-15 0)
(1 -3.40774e-15 0)
(1 -3.39613e-15 0)
(1 -2.91243e-15 0)
(1 -2.78405e-15 0)
(1 -3.54044e-15 0)
(1 -3.59005e-15 0)
(1 -3.0488e-15 0)
(1 -4.15973e-15 0)
(1 -4.0326e-15 0)
(1 -4.92467e-15 0)
(1 -3.92388e-15 0)
(1 -4.85528e-15 0)
(1 -5.70149e-15 0)
(1 -5.46594e-15 0)
(1 -5.25983e-15 0)
(1 -4.50927e-15 0)
(1 -4.65596e-15 0)
(1 -4.25403e-15 0)
(1 -3.80263e-15 0)
(1 -4.43384e-15 0)
(1 -3.80179e-15 0)
(1 -3.39787e-15 0)
(1 -3.30675e-15 0)
(1 -3.46622e-15 0)
(1 -4.07691e-15 0)
(1 -3.47624e-15 0)
(1 -3.17588e-15 0)
(1 -2.89695e-15 0)
(1 -2.54911e-15 0)
(1 -1.87982e-15 0)
(1 -2.57946e-15 0)
(1 -1.69669e-15 0)
(1 -2.21841e-15 0)
(1 -1.21188e-15 0)
(1 -7.65863e-16 0)
(1 -2.63299e-16 0)
(1 5.17475e-16 0)
(1 2.86217e-16 0)
(1 -2.46838e-17 0)
(1 -1.40429e-16 0)
(1 1.11442e-16 0)
(1 9.28712e-16 0)
(1 3.68076e-16 0)
(1 3.91297e-16 0)
(1 -1.22351e-15 0)
(1 -4.76498e-16 0)
(1 -1.2009e-15 0)
(1 -4.6716e-16 0)
(1 -8.28352e-16 0)
(1 -3.03079e-16 0)
(1 -1.40191e-15 0)
(1 -2.53078e-15 0)
(1 -2.39685e-15 0)
(1 -2.73099e-15 0)
(1 -3.27404e-15 0)
(1 -3.43502e-15 0)
(1 -2.61808e-15 0)
(1 -2.32303e-15 0)
(1 -3.14513e-15 0)
(1 -2.9287e-15 0)
(1 -4.1947e-15 0)
(1 -3.11946e-15 0)
(1 -2.77248e-15 0)
(1 -2.95667e-15 0)
(1 -3.2218e-15 0)
(1 -3.04774e-15 0)
(1 -3.84754e-15 0)
(1 -2.75278e-15 0)
(1 -2.75245e-15 0)
(1 -3.04167e-15 0)
(1 -3.58714e-15 0)
(1 -2.73528e-15 0)
(1 -2.203e-15 0)
(1 -8.95024e-16 0)
(1 -4.86513e-16 0)
(1 2.43302e-16 0)
(1 -1.0595e-15 0)
(1 -7.88681e-16 0)
(1 -8.93673e-16 0)
(1 7.08015e-16 0)
(1 8.14544e-16 0)
(1 1.01949e-16 0)
(1 3.76566e-16 0)
(1 -1.84371e-16 0)
(1 -9.02541e-17 0)
(1 -5.01094e-16 0)
(1 1.39457e-16 0)
(1 -5.1211e-16 0)
(1 -3.41279e-17 0)
(1 -4.43401e-16 0)
(1 -6.64065e-17 0)
(1 -2.78037e-16 0)
(1 2.29064e-16 0)
(1 1.15905e-16 0)
(1 2.14057e-16 0)
(1 -1.37183e-15 0)
(1 -1.27473e-15 0)
(1 -1.7656e-15 0)
(1 -1.94328e-15 0)
(1 -3.09002e-15 0)
(1 -2.60566e-15 0)
(1 -3.70274e-15 0)
(1 -3.30981e-15 0)
(1 -3.99601e-15 0)
(1 -3.91034e-15 0)
(1 -4.34382e-15 0)
(1 -3.87499e-15 0)
(1 -4.03223e-15 0)
(1 -4.16659e-15 0)
(1 -3.81823e-15 0)
(1 -3.37426e-15 0)
(1 -3.61531e-15 0)
(1 -4.12167e-15 0)
(1 -4.62391e-15 0)
(1 -5.74766e-15 0)
(1 -5.43374e-15 0)
(1 -5.24467e-15 0)
(1 -4.51832e-15 0)
(1 -3.68389e-15 0)
(1 -3.35205e-15 0)
(1 -3.73137e-15 0)
(1 -3.55855e-15 0)
(1 -4.05093e-15 0)
(1 -3.09861e-15 0)
(1 -3.65258e-15 0)
(1 -3.16044e-15 0)
(1 -3.78171e-15 0)
(1 -3.87956e-15 0)
(1 -2.83262e-15 0)
(1 -2.2098e-15 0)
(1 -2.46457e-15 0)
(1 -1.82049e-15 0)
(1 -1.58777e-15 0)
(1 -1.22209e-15 0)
(1 -1.7404e-15 0)
(1 -8.30123e-16 0)
(1 -9.74465e-16 0)
(1 -6.43379e-16 0)
(1 -8.13223e-16 0)
(1 3.62822e-17 0)
(1 1.80048e-17 0)
(1 8.37786e-16 0)
(1 4.52304e-16 0)
(1 8.7884e-17 0)
(1 -6.42364e-16 0)
(1 -9.78826e-16 0)
(1 -5.27041e-16 0)
(1 -2.01503e-16 0)
(1 -1.41074e-15 0)
(1 -2.92987e-16 0)
(1 -2.22108e-15 0)
(1 -2.3857e-15 0)
(1 -3.70859e-15 0)
(1 -3.85935e-15 0)
(1 -3.65867e-15 0)
(1 -3.06787e-15 0)
(1 -2.8077e-15 0)
(1 -2.43883e-15 0)
(1 -2.93252e-15 0)
(1 -3.11025e-15 0)
(1 -3.59753e-15 0)
(1 -3.19534e-15 0)
(1 -3.34641e-15 0)
(1 -3.54747e-15 0)
(1 -3.56551e-15 0)
(1 -3.63725e-15 0)
(1 -3.31964e-15 0)
(1 -2.35623e-15 0)
(1 -2.04427e-15 0)
(1 -2.03592e-15 0)
(1 -2.17594e-15 0)
(1 -2.19545e-15 0)
(1 -2.29367e-15 0)
(1 -1.89667e-15 0)
(1 -1.06369e-15 0)
(1 -8.74514e-16 0)
(1 -1.39062e-15 0)
(1 -1.18869e-15 0)
(1 -1.15903e-15 0)
(1 -6.48576e-16 0)
(1 -7.68075e-16 0)
(1 1.13365e-16 0)
(1 -9.75298e-16 0)
(1 2.39326e-16 0)
(1 6.52509e-16 0)
(1 -3.20281e-17 0)
(1 8.44128e-17 0)
(1 -9.32447e-16 0)
(1 -2.2561e-15 0)
(1 -7.15036e-16 0)
(1 -7.7808e-16 0)
(1 1.26952e-16 0)
(1 8.43527e-16 0)
(1 9.25298e-16 0)
(1 -1.54468e-16 0)
(1 -1.53593e-15 0)
(1 -3.00178e-15 0)
(1 -2.20414e-15 0)
(1 -2.05264e-15 0)
(1 -1.7596e-15 0)
(1 -1.90673e-15 0)
(1 -3.02296e-15 0)
(1 -2.7496e-15 0)
(1 -3.43175e-15 0)
(1 -2.84924e-15 0)
(1 -3.7738e-15 0)
(1 -4.7856e-15 0)
(1 -4.06301e-15 0)
(1 -4.3196e-15 0)
(1 -3.40124e-15 0)
(1 -4.89809e-15 0)
(1 -4.83084e-15 0)
(1 -4.46503e-15 0)
(1 -4.77409e-15 0)
(1 -4.2848e-15 0)
(1 -4.05584e-15 0)
(1 -3.88635e-15 0)
(1 -3.74784e-15 0)
(1 -3.90375e-15 0)
(1 -3.88889e-15 0)
(1 -3.65295e-15 0)
(1 -4.56328e-15 0)
(1 -4.57515e-15 0)
(1 -4.67323e-15 0)
(1 -3.52569e-15 0)
(1 -2.89657e-15 0)
(1 -2.94374e-15 0)
(1 -3.09543e-15 0)
(1 -2.76684e-15 0)
(1 -1.65697e-15 0)
(1 -9.83319e-16 0)
(1 -5.04649e-16 0)
(1 -8.28223e-16 0)
(1 -2.16997e-15 0)
(1 -2.34377e-15 0)
(1 -2.13998e-15 0)
(1 -1.89908e-15 0)
(1 -1.0617e-15 0)
(1 -2.97531e-16 0)
(1 3.1061e-16 0)
(1 5.57845e-16 0)
(1 3.92671e-16 0)
(1 -1.13541e-16 0)
(1 -4.62421e-16 0)
(1 -3.62555e-16 0)
(1 -9.14519e-16 0)
(1 -7.88719e-16 0)
(1 -1.39943e-15 0)
(1 -1.88528e-15 0)
(1 -2.94752e-15 0)
(1 -2.50725e-15 0)
(1 -2.07826e-15 0)
(1 -2.87579e-15 0)
(1 -3.35634e-15 0)
(1 -2.83916e-15 0)
(1 -2.81192e-15 0)
(1 -2.8576e-15 0)
(1 -3.5567e-15 0)
(1 -2.9979e-15 0)
(1 -3.61421e-15 0)
(1 -3.23429e-15 0)
(1 -4.17004e-15 0)
(1 -4.12522e-15 0)
(1 -3.41889e-15 0)
(1 -3.66526e-15 0)
(1 -3.48873e-15 0)
(1 -3.21661e-15 0)
(1 -3.02215e-15 0)
(1 -2.83548e-15 0)
(1 -2.60431e-15 0)
(1 -1.90272e-15 0)
(1 -1.72762e-15 0)
(1 -1.9604e-15 0)
(1 -1.78149e-15 0)
(1 -1.59517e-15 0)
(1 -1.88139e-15 0)
(1 -1.44664e-15 0)
(1 -1.3936e-15 0)
(1 -1.22868e-15 0)
(1 -1.83511e-15 0)
(1 -2.08004e-15 0)
(1 9.75719e-16 0)
(1 -2.24578e-16 0)
(1 -3.66532e-16 0)
(1 -1.01462e-15 0)
(1 -6.45174e-16 0)
(1 -1.36016e-15 0)
(1 -7.36097e-16 0)
(1 -2.38932e-15 0)
(1 -1.40568e-15 0)
(1 -2.15711e-15 0)
(1 -1.02561e-15 0)
(1 -4.30802e-16 0)
(1 -6.3862e-16 0)
(1 -6.19997e-16 0)
(1 -8.27694e-16 0)
(1 -1.18638e-17 0)
(1 9.90323e-17 0)
(1 -8.79963e-16 0)
(1 -1.03067e-15 0)
(1 -1.94813e-15 0)
(1 -2.117e-15 0)
(1 -3.29193e-15 0)
(1 -4.17327e-15 0)
(1 -3.63256e-15 0)
(1 -3.23172e-15 0)
(1 -4.32399e-15 0)
(1 -4.67057e-15 0)
(1 -3.56263e-15 0)
(1 -4.60825e-15 0)
(1 -5.28992e-15 0)
(1 -5.37333e-15 0)
(1 -4.29959e-15 0)
(1 -3.39575e-15 0)
(1 -2.43765e-15 0)
(1 -3.16896e-15 0)
(1 -4.29211e-15 0)
(1 -3.5062e-15 0)
(1 -3.67171e-15 0)
(1 -3.97603e-15 0)
(1 -3.81375e-15 0)
(1 -4.54633e-15 0)
(1 -4.03613e-15 0)
(1 -4.66049e-15 0)
(1 -3.41013e-15 0)
(1 -3.92969e-15 0)
(1 -3.15356e-15 0)
(1 -2.28897e-15 0)
(1 -2.6259e-15 0)
(1 -1.5958e-15 0)
(1 -1.6071e-15 0)
(1 -1.50478e-15 0)
(1 -1.421e-15 0)
(1 -1.45922e-15 0)
(1 -1.30843e-15 0)
(1 -1.7767e-15 0)
(1 -1.1497e-15 0)
(1 -6.82963e-16 0)
(1 -5.09764e-16 0)
(1 -9.13665e-16 0)
(1 -1.19295e-15 0)
(1 -9.79096e-16 0)
(1 -5.71333e-16 0)
(1 -2.27523e-16 0)
(1 2.26346e-16 0)
(1 4.67032e-16 0)
(1 -1.11638e-15 0)
(1 -1.95161e-15 0)
(1 -2.84588e-15 0)
(1 -4.42948e-15 0)
(1 -3.97826e-15 0)
(1 -3.5059e-15 0)
(1 -2.63112e-15 0)
(1 -2.49734e-15 0)
(1 -1.94519e-15 0)
(1 -1.53546e-15 0)
(1 -2.30579e-15 0)
(1 -3.1407e-15 0)
(1 -3.30866e-15 0)
(1 -3.64973e-15 0)
(1 -3.42536e-15 0)
(1 -3.35487e-15 0)
(1 -3.50097e-15 0)
(1 -3.01693e-15 0)
(1 -4.16466e-15 0)
(1 -3.7146e-15 0)
(1 -3.20465e-15 0)
(1 -3.21028e-15 0)
(1 -2.90892e-15 0)
(1 -1.83724e-15 0)
(1 -1.59841e-15 0)
(1 -1.61008e-15 0)
(1 -1.3001e-15 0)
(1 -1.57648e-15 0)
(1 -1.50641e-15 0)
(1 -1.9884e-15 0)
(1 -9.19205e-16 0)
(1 -2.18116e-15 0)
(1 -1.66901e-15 0)
(1 -3.33305e-15 0)
(1 -3.33386e-15 0)
(1 5.15022e-16 0)
(1 -2.03584e-16 0)
(1 6.07962e-16 0)
(1 5.21507e-18 0)
(1 5.21726e-18 0)
(1 -1.01643e-15 0)
(1 -1.05782e-15 0)
(1 -2.21432e-15 0)
(1 -1.77592e-15 0)
(1 -9.31271e-16 0)
(1 -6.911e-16 0)
(1 -7.85885e-16 0)
(1 -7.67899e-16 0)
(1 -3.51799e-16 0)
(1 -1.07137e-15 0)
(1 -3.21635e-16 0)
(1 -1.91847e-15 0)
(1 -3.77373e-16 0)
(1 -1.98827e-15 0)
(1 -2.2708e-16 0)
(1 -8.28196e-16 0)
(1 -1.65566e-15 0)
(1 -3.54368e-15 0)
(1 -3.64606e-15 0)
(1 -4.24024e-15 0)
(1 -4.33623e-15 0)
(1 -5.24903e-15 0)
(1 -4.27894e-15 0)
(1 -4.41867e-15 0)
(1 -4.28183e-15 0)
(1 -4.07929e-15 0)
(1 -3.50986e-15 0)
(1 -2.28367e-15 0)
(1 -3.16291e-15 0)
(1 -3.6798e-15 0)
(1 -4.51867e-15 0)
(1 -4.30313e-15 0)
(1 -4.15583e-15 0)
(1 -3.39302e-15 0)
(1 -3.27976e-15 0)
(1 -2.83462e-15 0)
(1 -3.80194e-15 0)
(1 -3.71565e-15 0)
(1 -4.33393e-15 0)
(1 -3.63116e-15 0)
(1 -3.4732e-15 0)
(1 -2.56242e-15 0)
(1 -2.51867e-15 0)
(1 -2.52532e-15 0)
(1 -2.17428e-15 0)
(1 -2.38659e-15 0)
(1 -1.83785e-15 0)
(1 -5.72569e-16 0)
(1 -1.02162e-15 0)
(1 -1.20988e-15 0)
(1 -1.46517e-15 0)
(1 -1.30072e-15 0)
(1 -1.12509e-15 0)
(1 -7.6219e-16 0)
(1 -7.16766e-16 0)
(1 -4.0679e-16 0)
(1 2.2971e-16 0)
(1 2.02002e-16 0)
(1 -2.49763e-16 0)
(1 -5.92882e-16 0)
(1 -1.22328e-15 0)
(1 -1.31988e-15 0)
(1 -1.89081e-15 0)
(1 -2.61373e-15 0)
(1 -3.76927e-15 0)
(1 -3.89018e-15 0)
(1 -3.11772e-15 0)
(1 -2.25336e-15 0)
(1 -2.47256e-15 0)
(1 -2.23571e-15 0)
(1 -2.93602e-15 0)
(1 -3.4519e-15 0)
(1 -3.19684e-15 0)
(1 -2.74425e-15 0)
(1 -2.87075e-15 0)
(1 -2.45759e-15 0)
(1 -3.18668e-15 0)
(1 -3.48994e-15 0)
(1 -3.56194e-15 0)
(1 -3.33824e-15 0)
(1 -2.73871e-15 0)
(1 -2.81344e-15 0)
(1 -2.43145e-15 0)
(1 -1.9729e-15 0)
(1 -1.62105e-15 0)
(1 -1.79666e-15 0)
(1 -1.89698e-15 0)
(1 -2.10527e-15 0)
(1 -1.91765e-15 0)
(1 -2.00669e-15 0)
(1 -1.71222e-15 0)
(1 -2.58236e-15 0)
(1 -1.94671e-15 0)
(1 -3.54374e-15 0)
(1 -3.01594e-15 0)
(1 -8.51136e-16 0)
(1 -9.87126e-16 0)
(1 1.23911e-16 0)
(1 2.81087e-16 0)
(1 6.60062e-16 0)
(1 2.24989e-16 0)
(1 1.48244e-16 0)
(1 -1.3178e-15 0)
(1 -1.40622e-15 0)
(1 -1.11439e-15 0)
(1 -9.40544e-16 0)
(1 -1.31515e-15 0)
(1 -7.0675e-16 0)
(1 -8.4206e-16 0)
(1 -1.26477e-15 0)
(1 -1.00123e-15 0)
(1 -2.18335e-15 0)
(1 -4.56689e-16 0)
(1 -1.5443e-15 0)
(1 -1.61067e-15 0)
(1 -1.5261e-15 0)
(1 -1.21054e-15 0)
(1 -1.64139e-15 0)
(1 -2.75723e-15 0)
(1 -3.89213e-15 0)
(1 -4.02183e-15 0)
(1 -4.21248e-15 0)
(1 -4.6833e-15 0)
(1 -4.75175e-15 0)
(1 -4.57326e-15 0)
(1 -3.55564e-15 0)
(1 -2.44746e-15 0)
(1 -2.87581e-15 0)
(1 -4.18759e-15 0)
(1 -3.66429e-15 0)
(1 -3.81484e-15 0)
(1 -3.40196e-15 0)
(1 -3.84566e-15 0)
(1 -2.7862e-15 0)
(1 -2.54371e-15 0)
(1 -3.48623e-15 0)
(1 -3.1805e-15 0)
(1 -3.44221e-15 0)
(1 -3.23963e-15 0)
(1 -3.24662e-15 0)
(1 -2.59592e-15 0)
(1 -2.14168e-15 0)
(1 -2.03838e-15 0)
(1 -2.38992e-15 0)
(1 -2.18456e-15 0)
(1 -1.52368e-15 0)
(1 -1.4188e-15 0)
(1 -1.50558e-15 0)
(1 -1.64572e-15 0)
(1 -1.45921e-15 0)
(1 -9.99894e-16 0)
(1 -8.35835e-16 0)
(1 -4.98156e-16 0)
(1 3.05877e-16 0)
(1 4.88712e-16 0)
(1 2.66685e-16 0)
(1 -1.66954e-16 0)
(1 -3.7824e-16 0)
(1 -1.35177e-15 0)
(1 -1.24887e-15 0)
(1 -1.35901e-15 0)
(1 -1.18414e-15 0)
(1 -1.41854e-15 0)
(1 -1.53293e-15 0)
(1 -1.45918e-15 0)
(1 -1.93233e-15 0)
(1 -2.87431e-15 0)
(1 -2.07995e-15 0)
(1 -2.92661e-15 0)
(1 -2.75183e-15 0)
(1 -2.2573e-15 0)
(1 -2.85375e-15 0)
(1 -2.49739e-15 0)
(1 -2.73052e-15 0)
(1 -2.48481e-15 0)
(1 -2.21119e-15 0)
(1 -1.67199e-15 0)
(1 -3.06032e-15 0)
(1 -2.50212e-15 0)
(1 -2.9446e-15 0)
(1 -2.76261e-15 0)
(1 -2.56778e-15 0)
(1 -2.40832e-15 0)
(1 -2.93543e-15 0)
(1 -2.00131e-15 0)
(1 -1.94382e-15 0)
(1 -1.74017e-15 0)
(1 -2.03007e-15 0)
(1 -1.51342e-15 0)
(1 -1.75869e-15 0)
(1 -1.60657e-15 0)
(1 -1.33611e-15 0)
(1 -8.74797e-16 0)
(1 -1.32156e-15 0)
(1 -1.06032e-15 0)
(1 -4.37343e-16 0)
(1 2.57606e-17 0)
(1 -2.70572e-16 0)
(1 1.65554e-16 0)
(1 -1.23213e-16 0)
(1 -2.02182e-16 0)
(1 -9.27671e-16 0)
(1 3.02932e-16 0)
(1 -1.27622e-15 0)
(1 -1.78247e-15 0)
(1 -1.16639e-15 0)
(1 -1.36176e-15 0)
(1 -9.4197e-16 0)
(1 -1.41978e-15 0)
(1 -5.82429e-16 0)
(1 -6.99565e-16 0)
(1 -1.12927e-16 0)
(1 -1.39293e-15 0)
(1 -1.59059e-15 0)
(1 -2.29443e-15 0)
(1 -2.55259e-15 0)
(1 -2.75945e-15 0)
(1 -2.07762e-15 0)
(1 -2.98972e-15 0)
(1 -1.83003e-15 0)
(1 -2.57876e-15 0)
(1 -2.39639e-15 0)
(1 -3.38491e-15 0)
(1 -2.90614e-15 0)
(1 -3.01279e-15 0)
(1 -2.99991e-15 0)
(1 -3.22728e-15 0)
(1 -3.57656e-15 0)
(1 -3.70957e-15 0)
(1 -4.40243e-15 0)
(1 -3.29697e-15 0)
(1 -3.1128e-15 0)
(1 -2.97904e-15 0)
(1 -3.07681e-15 0)
(1 -3.42951e-15 0)
(1 -4.0578e-15 0)
(1 -2.88113e-15 0)
(1 -2.89448e-15 0)
(1 -2.34023e-15 0)
(1 -3.01626e-15 0)
(1 -3.03676e-15 0)
(1 -2.90513e-15 0)
(1 -1.96009e-15 0)
(1 -2.20176e-15 0)
(1 -2.27982e-15 0)
(1 -2.0149e-15 0)
(1 -1.23569e-15 0)
(1 -1.73214e-15 0)
(1 -1.57991e-15 0)
(1 -9.39186e-16 0)
(1 -7.13332e-17 0)
(1 2.23214e-16 0)
(1 -8.60066e-17 0)
(1 -6.00048e-16 0)
(1 -8.89945e-16 0)
(1 -8.25629e-16 0)
(1 -4.32502e-16 0)
(1 -1.55335e-16 0)
(1 7.13691e-16 0)
(1 2.08489e-16 0)
(1 -3.7176e-16 0)
(1 -1.59371e-15 0)
(1 -1.74845e-15 0)
(1 -1.46194e-15 0)
(1 -1.5827e-15 0)
(1 -2.06975e-15 0)
(1 -2.46699e-15 0)
(1 -2.12792e-15 0)
(1 -1.80593e-15 0)
(1 -1.83791e-15 0)
(1 -2.32045e-15 0)
(1 -2.48064e-15 0)
(1 -2.72733e-15 0)
(1 -3.07539e-15 0)
(1 -2.18162e-15 0)
(1 -2.40594e-15 0)
(1 -1.69508e-15 0)
(1 -1.93864e-15 0)
(1 -1.71727e-15 0)
(1 -2.17281e-15 0)
(1 -2.08555e-15 0)
(1 -2.59109e-15 0)
(1 -1.51854e-15 0)
(1 -1.24085e-15 0)
(1 -1.23834e-15 0)
(1 -2.16801e-15 0)
(1 -1.10689e-15 0)
(1 -1.69576e-15 0)
(1 -9.96615e-16 0)
(1 -1.6183e-15 0)
(1 -1.10263e-15 0)
(1 -1.20926e-15 0)
(1 -1.44231e-15 0)
(1 -1.0213e-15 0)
(1 -1.00566e-15 0)
(1 -1.66951e-16 0)
(1 9.49209e-16 0)
(1 3.60417e-16 0)
(1 2.43483e-16 0)
(1 -1.66857e-16 0)
(1 -3.89134e-16 0)
(1 -1.16759e-15 0)
(1 -3.58891e-16 0)
(1 -9.63183e-16 0)
(1 -8.24801e-16 0)
(1 -1.41086e-15 0)
(1 -1.86011e-15 0)
(1 -1.32501e-15 0)
(1 -1.28014e-15 0)
(1 -1.12549e-15 0)
(1 -1.64461e-15 0)
(1 5.35325e-16 0)
(1 -1.13004e-15 0)
(1 -8.08137e-16 0)
(1 -5.34023e-16 0)
(1 -8.5183e-16 0)
(1 -1.85892e-15 0)
(1 -2.29927e-15 0)
(1 -2.89917e-15 0)
(1 -2.85393e-15 0)
(1 -2.71617e-15 0)
(1 -2.59841e-15 0)
(1 -2.5887e-15 0)
(1 -2.02382e-15 0)
(1 -2.61289e-15 0)
(1 -3.3209e-15 0)
(1 -4.35757e-15 0)
(1 -3.93216e-15 0)
(1 -2.60409e-15 0)
(1 -3.25216e-15 0)
(1 -2.05972e-15 0)
(1 -2.40854e-15 0)
(1 -2.28556e-15 0)
(1 -2.85791e-15 0)
(1 -3.89408e-15 0)
(1 -3.23619e-15 0)
(1 -3.25e-15 0)
(1 -3.0259e-15 0)
(1 -3.08412e-15 0)
(1 -1.98812e-15 0)
(1 -2.30601e-15 0)
(1 -1.85636e-15 0)
(1 -1.93846e-15 0)
(1 -1.49123e-15 0)
(1 -1.34839e-15 0)
(1 -2.09721e-15 0)
(1 -1.59888e-15 0)
(1 -1.5684e-15 0)
(1 -5.88403e-16 0)
(1 -3.97035e-16 0)
(1 1.29799e-16 0)
(1 2.31701e-16 0)
(1 -5.02661e-16 0)
(1 -8.00784e-16 0)
(1 -1.2649e-15 0)
(1 -7.32893e-16 0)
(1 2.84673e-16 0)
(1 -2.23586e-17 0)
(1 5.21974e-16 0)
(1 -3.91856e-16 0)
(1 -7.93427e-16 0)
(1 -1.35287e-15 0)
(1 -1.11737e-15 0)
(1 -1.66776e-15 0)
(1 -1.33306e-15 0)
(1 -1.44608e-15 0)
(1 -9.75731e-16 0)
(1 -1.5893e-15 0)
(1 -1.3416e-15 0)
(1 -2.50315e-15 0)
(1 -3.02684e-15 0)
(1 -2.53986e-15 0)
(1 -2.07136e-15 0)
(1 -1.23241e-15 0)
(1 -1.63508e-15 0)
(1 -1.6347e-15 0)
(1 -2.46549e-15 0)
(1 -1.91347e-15 0)
(1 -2.21767e-15 0)
(1 -1.50661e-15 0)
(1 -1.67908e-15 0)
(1 -2.08067e-15 0)
(1 -1.70961e-15 0)
(1 -1.02384e-15 0)
(1 -1.02203e-15 0)
(1 -1.48652e-15 0)
(1 -1.33941e-15 0)
(1 -9.71789e-16 0)
(1 -9.37329e-16 0)
(1 -7.31361e-16 0)
(1 -1.05534e-15 0)
(1 -1.26825e-15 0)
(1 -1.35141e-15 0)
(1 -1.09424e-15 0)
(1 -9.18434e-16 0)
(1 4.99437e-16 0)
(1 6.28098e-16 0)
(1 8.40408e-16 0)
(1 8.6189e-16 0)
(1 -3.19233e-16 0)
(1 -5.80393e-16 0)
(1 -6.80879e-16 0)
(1 -1.27534e-15 0)
(1 -1.13052e-15 0)
(1 -1.35195e-15 0)
(1 -2.66871e-15 0)
(1 -1.7919e-15 0)
(1 -1.11183e-15 0)
(1 -3.96002e-16 0)
(1 -1.10858e-15 0)
(1 -1.45311e-15 0)
(1 -9.80956e-16 0)
(1 -9.28008e-16 0)
(1 -1.94542e-16 0)
(1 -3.15399e-16 0)
(1 -6.24838e-17 0)
(1 -1.33946e-15 0)
(1 -1.59906e-15 0)
(1 -1.82179e-15 0)
(1 -2.89159e-15 0)
(1 -2.70432e-15 0)
(1 -2.70158e-15 0)
(1 -3.22321e-15 0)
(1 -3.04755e-15 0)
(1 -3.07532e-15 0)
(1 -1.98567e-15 0)
(1 -1.85882e-15 0)
(1 -2.037e-15 0)
(1 -8.09333e-16 0)
(1 -1.81036e-15 0)
(1 -1.85224e-15 0)
(1 -2.47672e-15 0)
(1 -2.1875e-15 0)
(1 -2.74165e-15 0)
(1 -2.42612e-15 0)
(1 -1.93474e-15 0)
(1 -2.14465e-15 0)
(1 -1.97451e-15 0)
(1 -2.35266e-15 0)
(1 -2.00081e-15 0)
(1 -2.15438e-15 0)
(1 -1.71989e-15 0)
(1 -1.64364e-15 0)
(1 -1.86393e-15 0)
(1 -1.47048e-15 0)
(1 -1.12277e-15 0)
(1 -9.9782e-16 0)
(1 -7.30684e-16 0)
(1 -4.75069e-16 0)
(1 -5.81562e-16 0)
(1 -3.30335e-16 0)
(1 -3.4205e-16 0)
(1 -1.61228e-16 0)
(1 -1.81849e-16 0)
(1 2.73458e-16 0)
(1 3.24307e-16 0)
(1 4.15562e-16 0)
(1 -3.05922e-16 0)
(1 -9.15877e-16 0)
(1 -1.17017e-15 0)
(1 -1.08218e-15 0)
(1 -2.78739e-16 0)
(1 5.75555e-16 0)
(1 2.90666e-16 0)
(1 5.5542e-16 0)
(1 8.04135e-17 0)
(1 -8.45856e-16 0)
(1 -2.30722e-15 0)
(1 -2.25606e-15 0)
(1 -2.2714e-15 0)
(1 -2.17834e-15 0)
(1 -1.40821e-15 0)
(1 -1.43119e-15 0)
(1 -1.5265e-15 0)
(1 -1.90493e-15 0)
(1 -9.77697e-16 0)
(1 -8.31575e-16 0)
(1 -1.17058e-15 0)
(1 -2.41263e-15 0)
(1 -1.69793e-15 0)
(1 -1.15121e-15 0)
(1 -4.10454e-16 0)
(1 -9.72139e-16 0)
(1 -8.46601e-16 0)
(1 -1.00295e-15 0)
(1 -4.3425e-16 0)
(1 -1.81067e-15 0)
(1 -1.20265e-15 0)
(1 -1.7397e-15 0)
(1 -4.98617e-16 0)
(1 -1.12906e-15 0)
(1 -2.47602e-16 0)
(1 -1.28102e-16 0)
(1 3.75105e-17 0)
(1 7.97528e-16 0)
(1 9.58732e-16 0)
(1 -4.47406e-17 0)
(1 1.45282e-16 0)
(1 -6.24001e-17 0)
(1 2.937e-16 0)
(1 -1.48023e-15 0)
(1 -8.34132e-16 0)
(1 -1.20933e-15 0)
(1 6.22391e-17 0)
(1 -1.10903e-15 0)
(1 -9.3219e-17 0)
(1 -1.16588e-15 0)
(1 -1.2296e-15 0)
(1 -1.19624e-15 0)
(1 -9.28893e-16 0)
(1 -1.02087e-15 0)
(1 -7.74542e-16 0)
(1 2.44415e-16 0)
(1 4.88068e-16 0)
(1 -6.35197e-16 0)
(1 -7.02606e-16 0)
(1 -1.19442e-15 0)
(1 -1.7526e-15 0)
(1 -1.50472e-15 0)
(1 -2.16673e-15 0)
(1 -2.61302e-15 0)
(1 -2.56465e-15 0)
(1 -2.31117e-15 0)
(1 -2.57582e-15 0)
(1 -1.61043e-15 0)
(1 -1.7044e-15 0)
(1 -2.13887e-15 0)
(1 -2.18874e-15 0)
(1 -1.67949e-15 0)
(1 -1.62051e-15 0)
(1 -8.70921e-16 0)
(1 -1.54873e-15 0)
(1 -1.5702e-15 0)
(1 -2.85497e-15 0)
(1 -1.70847e-15 0)
(1 -1.7747e-15 0)
(1 -2.04523e-15 0)
(1 -1.76595e-15 0)
(1 -1.34101e-15 0)
(1 -1.63833e-15 0)
(1 -1.72727e-15 0)
(1 -2.12454e-15 0)
(1 -1.95506e-15 0)
(1 -2.211e-15 0)
(1 -1.86276e-15 0)
(1 -1.3798e-15 0)
(1 -8.46931e-16 0)
(1 -3.98022e-16 0)
(1 -2.76536e-16 0)
(1 -1.37458e-16 0)
(1 -3.03424e-16 0)
(1 3.8044e-16 0)
(1 5.43174e-16 0)
(1 2.3248e-16 0)
(1 -2.81226e-16 0)
(1 -1.46603e-16 0)
(1 -7.2782e-16 0)
(1 -2.88136e-17 0)
(1 -4.15954e-16 0)
(1 -2.27287e-17 0)
(1 1.43055e-16 0)
(1 -2.03486e-16 0)
(1 -1.66849e-16 0)
(1 5.88186e-17 0)
(1 -2.15918e-16 0)
(1 -3.32684e-16 0)
(1 -5.02825e-16 0)
(1 -2.02198e-16 0)
(1 -8.48608e-16 0)
(1 -3.08234e-16 0)
(1 -4.75935e-16 0)
(1 -5.459e-16 0)
(1 -1.11982e-15 0)
(1 -1.59571e-15 0)
(1 -1.5284e-15 0)
(1 -1.06661e-15 0)
(1 -7.96325e-16 0)
(1 -4.68413e-16 0)
(1 -8.68103e-16 0)
(1 -5.29852e-16 0)
(1 -5.94634e-16 0)
(1 -6.0682e-16 0)
(1 -1.31933e-15 0)
(1 -1.45958e-15 0)
(1 -1.27137e-15 0)
(1 -9.52173e-16 0)
(1 -8.10246e-16 0)
(1 -1.16711e-15 0)
(1 -8.32318e-16 0)
(1 -7.97554e-16 0)
(1 -3.97306e-16 0)
(1 -5.35267e-17 0)
(1 2.90057e-16 0)
(1 4.39528e-16 0)
(1 7.16446e-16 0)
(1 5.8319e-16 0)
(1 -1.71561e-16 0)
(1 -1.60065e-16 0)
(1 -4.67342e-16 0)
(1 1.41737e-16 0)
(1 -7.32908e-16 0)
(1 -6.63013e-16 0)
(1 -5.13543e-16 0)
(1 -3.29803e-16 0)
(1 -7.51594e-16 0)
(1 4.54736e-16 0)
(1 -5.45823e-16 0)
(1 -8.64094e-17 0)
(1 -1.34876e-15 0)
(1 -3.32579e-16 0)
(1 -2.10179e-16 0)
(1 4.23927e-16 0)
(1 5.7329e-16 0)
(1 -4.27359e-16 0)
(1 -7.90974e-16 0)
(1 -8.60419e-16 0)
(1 -9.67699e-16 0)
(1 -1.0596e-15 0)
(1 -1.6976e-15 0)
(1 -1.47501e-15 0)
(1 -1.63925e-15 0)
(1 -1.29085e-15 0)
(1 -9.55806e-16 0)
(1 -1.79901e-15 0)
(1 -1.24847e-15 0)
(1 -1.73465e-15 0)
(1 -1.39976e-15 0)
(1 -1.47331e-15 0)
(1 -1.79871e-15 0)
(1 -7.8389e-16 0)
(1 -1.0706e-15 0)
(1 -1.21781e-15 0)
(1 -1.35621e-15 0)
(1 -1.41973e-15 0)
(1 -1.51957e-15 0)
(1 -1.37258e-15 0)
(1 -1.48395e-15 0)
(1 -1.73542e-15 0)
(1 -9.64973e-16 0)
(1 -1.14797e-15 0)
(1 -1.13601e-15 0)
(1 -1.06948e-15 0)
(1 -1.68451e-15 0)
(1 -1.09916e-15 0)
(1 -6.74972e-16 0)
(1 -5.68529e-16 0)
(1 -3.72784e-16 0)
(1 -1.91684e-16 0)
(1 2.5526e-16 0)
(1 3.96617e-16 0)
(1 -4.05159e-16 0)
(1 -5.82375e-17 0)
(1 9.06117e-17 0)
(1 -2.41416e-16 0)
(1 -7.5351e-16 0)
(1 -8.96389e-16 0)
(1 -1.10715e-15 0)
(1 -4.01562e-16 0)
(1 -1.04032e-16 0)
(1 4.79897e-16 0)
(1 9.59238e-16 0)
(1 2.43998e-17 0)
(1 -4.41311e-16 0)
(1 -7.77534e-16 0)
(1 -7.70477e-16 0)
(1 -5.38506e-16 0)
(1 -5.42925e-16 0)
(1 -5.8641e-16 0)
(1 -9.5537e-16 0)
(1 -5.12673e-16 0)
(1 -1.98283e-16 0)
(1 -5.07655e-16 0)
(1 -7.43656e-16 0)
(1 -8.107e-16 0)
(1 -7.05869e-16 0)
(1 -8.1175e-16 0)
(1 -1.01816e-15 0)
(1 -9.71626e-16 0)
(1 -6.99814e-16 0)
(1 -7.17817e-16 0)
(1 -6.07497e-16 0)
(1 -7.60902e-16 0)
(1 -7.77855e-16 0)
(1 -1.02909e-15 0)
(1 -6.11913e-16 0)
(1 -8.12882e-16 0)
(1 3.7594e-17 0)
(1 -4.46191e-16 0)
(1 -2.79578e-16 0)
(1 -4.72746e-16 0)
(1 -4.19748e-16 0)
(1 -2.51611e-16 0)
(1 1.54814e-16 0)
(1 3.97218e-16 0)
(1 1.80848e-18 0)
(1 -2.5421e-16 0)
(1 6.44882e-16 0)
(1 4.30459e-17 0)
(1 4.01238e-16 0)
(1 -5.1554e-16 0)
(1 6.20594e-16 0)
(1 -3.56977e-16 0)
(1 4.38621e-17 0)
(1 -1.27385e-15 0)
(1 -6.42878e-16 0)
(1 -9.21798e-16 0)
(1 4.10112e-16 0)
(1 -1.90267e-16 0)
(1 -5.10454e-16 0)
(1 5.0992e-17 0)
(1 2.23051e-16 0)
(1 3.113e-16 0)
(1 -8.39579e-17 0)
(1 -2.85473e-16 0)
(1 7.08809e-17 0)
(1 -2.07941e-16 0)
(1 -5.2001e-16 0)
(1 1.11374e-16 0)
(1 -9.23644e-16 0)
(1 -5.51202e-16 0)
(1 -2.14488e-16 0)
(1 -2.68882e-16 0)
(1 -7.52037e-16 0)
(1 -6.86681e-16 0)
(1 -1.11733e-15 0)
(1 -2.21484e-15 0)
(1 -9.48744e-16 0)
(1 -8.27675e-16 0)
(1 -7.18221e-16 0)
(1 -2.86259e-16 0)
(1 -8.4985e-16 0)
(1 -8.46073e-16 0)
(1 -7.56854e-16 0)
(1 4.777e-17 0)
(1 -6.33151e-16 0)
(1 -5.9476e-16 0)
(1 -7.84311e-16 0)
(1 -9.27394e-16 0)
(1 -7.91444e-16 0)
(1 -1.01445e-15 0)
(1 -1.0527e-15 0)
(1 -5.42916e-16 0)
(1 -5.54518e-16 0)
(1 -7.17158e-16 0)
(1 -3.7227e-16 0)
(1 1.01631e-16 0)
(1 -6.53141e-16 0)
(1 6.06028e-17 0)
(1 -1.61256e-16 0)
(1 4.34423e-17 0)
(1 -2.77134e-16 0)
(1 -5.88554e-16 0)
(1 -3.93306e-16 0)
(1 -1.32665e-16 0)
(1 -1.89246e-16 0)
(1 -6.49365e-16 0)
(1 9.38473e-17 0)
(1 -2.66726e-16 0)
(1 2.32414e-16 0)
(1 1.96866e-17 0)
(1 1.61729e-16 0)
(1 5.44678e-17 0)
(1 -5.06819e-16 0)
(1 -6.76032e-16 0)
(1 -3.54479e-16 0)
(1 -4.76925e-16 0)
(1 -3.78441e-16 0)
(1 -9.08745e-16 0)
(1 -1.01081e-15 0)
(1 -9.653e-16 0)
(1 -6.43684e-16 0)
(1 -3.79704e-16 0)
(1 -5.13961e-16 0)
(1 -3.80158e-16 0)
(1 -2.6331e-16 0)
(1 -3.08829e-16 0)
(1 -5.06413e-16 0)
(1 -6.73568e-16 0)
(1 -7.2415e-16 0)
(1 -6.58633e-16 0)
(1 -4.20713e-16 0)
(1 8.92701e-17 0)
(1 -9.22158e-18 0)
(1 -6.88211e-17 0)
(1 -4.90651e-16 0)
(1 -1.70859e-16 0)
(1 -6.72598e-16 0)
(1 -7.90584e-16 0)
(1 -1.341e-15 0)
(1 -7.59663e-16 0)
(1 -7.55758e-16 0)
(1 1.51542e-17 0)
(1 3.44528e-16 0)
(1 1.40001e-15 0)
(1 3.9561e-16 0)
(1 -4.22382e-16 0)
(1 8.04962e-16 0)
(1 -1.58214e-16 0)
(1 1.28104e-16 0)
(1 -3.37806e-16 0)
(1 3.27675e-16 0)
(1 1.16358e-16 0)
(1 -2.52527e-16 0)
(1 -6.61449e-16 0)
(1 -7.18306e-16 0)
(1 -4.92991e-16 0)
(1 4.68099e-17 0)
(1 -8.81031e-16 0)
(1 -2.62556e-16 0)
(1 3.53176e-16 0)
(1 5.28476e-16 0)
(1 7.46254e-16 0)
(1 7.6905e-16 0)
(1 6.16739e-16 0)
(1 4.46232e-16 0)
(1 -6.36214e-17 0)
(1 -5.3821e-16 0)
(1 -3.69979e-16 0)
(1 -6.54456e-16 0)
(1 -7.78154e-16 0)
(1 -3.80718e-16 0)
(1 -3.06034e-16 0)
(1 -4.70901e-16 0)
(1 2.82669e-16 0)
(1 -1.88474e-16 0)
(1 -1.24691e-15 0)
(1 -9.42299e-16 0)
(1 -6.55308e-16 0)
(1 -3.82372e-16 0)
(1 -5.79426e-17 0)
(1 1.54756e-16 0)
(1 3.90431e-16 0)
(1 3.59018e-16 0)
(1 2.63232e-16 0)
(1 -2.57565e-16 0)
(1 -8.48691e-16 0)
(1 -9.21818e-16 0)
(1 -7.86354e-16 0)
(1 -2.83803e-16 0)
(1 -4.77864e-16 0)
(1 -3.04628e-16 0)
(1 -5.04688e-16 0)
(1 -9.93997e-17 0)
(1 -4.36428e-16 0)
(1 -6.05466e-16 0)
(1 -3.20361e-16 0)
(1 -8.68946e-16 0)
(1 -9.08934e-17 0)
(1 -2.18938e-16 0)
(1 -2.36509e-16 0)
(1 2.28678e-16 0)
(1 2.69698e-16 0)
(1 -4.39785e-18 0)
(1 3.89742e-16 0)
(1 -1.23442e-16 0)
(1 -2.31788e-16 0)
(1 3.24616e-16 0)
(1 2.47241e-16 0)
(1 5.52227e-16 0)
(1 3.73294e-16 0)
(1 -1.33962e-16 0)
(1 1.81084e-19 0)
(1 -6.90356e-16 0)
(1 -5.62975e-16 0)
(1 -2.86635e-16 0)
(1 -3.8821e-16 0)
(1 5.67562e-17 0)
(1 6.69944e-16 0)
(1 3.19166e-16 0)
(1 2.63305e-16 0)
(1 7.48969e-17 0)
(1 1.45226e-16 0)
(1 1.58431e-16 0)
(1 2.92028e-16 0)
(1 1.94513e-16 0)
(1 1.08314e-16 0)
(1 -2.32017e-16 0)
(1 -4.42602e-17 0)
(1 6.49196e-17 0)
(1 1.67321e-16 0)
(1 -2.06492e-16 0)
(1 -2.04705e-16 0)
(1 -6.60429e-16 0)
(1 -6.48924e-16 0)
(1 -7.68797e-16 0)
(1 -1.08034e-16 0)
(1 -3.38492e-16 0)
(1 -4.20833e-16 0)
(1 -6.20422e-16 0)
(1 -5.85364e-16 0)
(1 -1.75788e-16 0)
(1 1.90667e-16 0)
(1 5.69722e-16 0)
(1 1.12006e-15 0)
(1 2.1221e-16 0)
)
;

boundaryField
{
    inlet
    {
        type            calculated;
        value           uniform (1 0 0);
    }
    outlet
    {
        type            calculated;
        value           nonuniform List<vector> 
40
(
(1 -1.82001e-16 0)
(1 -8.63563e-16 0)
(1 -6.6229e-16 0)
(1 -3.20927e-16 0)
(1 2.90698e-16 0)
(1 1.29615e-15 0)
(1 1.3137e-15 0)
(1 2.30561e-15 0)
(1 3.8796e-15 0)
(1 4.34211e-15 0)
(1 3.01398e-15 0)
(1 1.56427e-15 0)
(1 1.08814e-15 0)
(1 1.19525e-15 0)
(1 1.8507e-15 0)
(1 1.5845e-15 0)
(1 1.32294e-15 0)
(1 1.62307e-15 0)
(1 1.23462e-15 0)
(1 1.4293e-16 -9.43012e-50)
(1 5.39738e-16 1.01894e-49)
(1 1.6171e-16 0)
(1 -1.11033e-15 0)
(1 -1.63865e-17 0)
(1 -3.51011e-16 0)
(1 -9.864e-16 0)
(1 5.48023e-16 0)
(1 9.28871e-16 0)
(1 -6.34484e-16 0)
(1 -1.94139e-15 0)
(1 -3.19643e-15 0)
(1 -2.87936e-15 0)
(1 -9.2638e-16 0)
(1 -8.89935e-16 0)
(1 -8.32413e-16 0)
(1 8.50947e-16 0)
(1 7.53417e-16 0)
(1 3.68972e-17 0)
(1 4.21759e-16 0)
(1 2.22431e-16 0)
)
;
    }
    down
    {
        type            empty;
    }
    up
    {
        type            empty;
    }
    sides
    {
        type            calculated;
        value           nonuniform List<vector> 
200
(
(1 0 0)
(1 0 0)
(1 0 0)
(1 0 0)
(1 0 0)
(1 0 0)
(1 0 0)
(1 0 0)
(1 0 0)
(1 0 0)
(1 0 0)
(1 0 0)
(1 0 0)
(1 0 0)
(1 0 0)
(1 0 0)
(1 0 0)
(1 0 0)
(1 0 0)
(1 0 0)
(1 0 0)
(1 0 0)
(1 0 0)
(1 0 0)
(1 0 0)
(1 0 0)
(1 0 0)
(1 0 0)
(1 0 0)
(1 0 0)
(1 0 0)
(1 0 0)
(1 0 0)
(1 0 0)
(1 0 0)
(1 0 0)
(1 0 0)
(1 0 0)
(1 0 0)
(1 0 0)
(1 0 0)
(1 0 0)
(1 0 0)
(1 0 0)
(1 0 0)
(1 0 0)
(1 0 0)
(1 0 0)
(1 0 0)
(1 0 0)
(1 0 0)
(1 0 0)
(1 0 0)
(1 0 0)
(1 0 0)
(1 0 0)
(1 0 0)
(1 0 0)
(1 0 0)
(1 0 0)
(1 0 0)
(1 0 0)
(1 0 0)
(1 0 0)
(1 0 0)
(1 0 0)
(1 0 0)
(1 0 0)
(1 0 0)
(1 0 0)
(1 0 0)
(1 0 0)
(1 0 0)
(1 0 0)
(1 0 0)
(1 0 0)
(1 0 0)
(1 0 0)
(1 0 0)
(1 0 0)
(1 0 0)
(1 0 0)
(1 0 0)
(1 0 0)
(1 0 0)
(1 0 0)
(1 0 0)
(1 0 0)
(1 0 0)
(1 0 0)
(1 0 0)
(1 0 0)
(1 0 0)
(1 0 0)
(1 0 0)
(1 0 0)
(1 0 0)
(1 0 0)
(1 0 0)
(1 0 0)
(1 0 0)
(1 0 0)
(1 0 0)
(1 0 0)
(1 0 0)
(1 0 0)
(1 0 0)
(1 0 0)
(1 0 0)
(1 0 0)
(1 0 0)
(1 0 0)
(1 0 0)
(1 0 0)
(1 0 0)
(1 0 0)
(1 0 0)
(1 0 0)
(1 0 0)
(1 0 0)
(1 0 0)
(1 0 0)
(1 0 0)
(1 0 0)
(1 0 0)
(1 0 0)
(1 0 0)
(1 0 0)
(1 0 0)
(1 0 0)
(1 0 0)
(1 0 0)
(1 0 0)
(1 0 0)
(1 0 0)
(1 0 0)
(1 0 0)
(1 0 0)
(1 0 0)
(1 0 0)
(1 0 0)
(1 0 0)
(1 0 0)
(1 0 0)
(1 0 0)
(1 0 0)
(1 0 0)
(1 0 0)
(1 0 0)
(1 0 0)
(1 0 0)
(1 0 0)
(1 0 0)
(1 0 0)
(1 0 0)
(1 0 0)
(1 0 0)
(1 0 0)
(1 0 0)
(1 0 0)
(1 0 0)
(1 0 0)
(1 0 0)
(1 0 0)
(1 0 0)
(1 0 0)
(1 0 0)
(1 0 0)
(1 0 0)
(1 0 0)
(1 0 0)
(1 0 0)
(1 0 0)
(1 0 0)
(1 0 0)
(1 0 0)
(1 0 0)
(1 0 0)
(1 0 0)
(1 0 0)
(1 0 0)
(1 0 0)
(1 0 0)
(1 0 0)
(1 0 0)
(1 0 0)
(1 0 0)
(1 0 0)
(1 0 0)
(1 0 0)
(1 0 0)
(1 0 0)
(1 0 0)
(1 0 0)
(1 0 0)
(1 0 0)
(1 0 0)
(1 0 0)
(1 0 0)
(1 0 0)
)
;
    }
}

