/*--------------------------------*- C++ -*----------------------------------*\
| =========                 |                                                 |
| \\      /  F ield         | OpenFOAM: The Open Source CFD Toolbox           |
|  \\    /   O peration     | Version:  v2012                                 |
|   \\  /    A nd           | Website:  www.openfoam.com                      |
|    \\/     M anipulation  |                                                 |
\*---------------------------------------------------------------------------*/
FoamFile
{
    version     2.0;
    format      ascii;
    class       volScalarField;
    location    "0";
    object      p;
}
// * * * * * * * * * * * * * * * * * * * * * * * * * * * * * * * * * * * * * //

dimensions      [0 2 -2 0 0 0 0];


internalField   nonuniform List<scalar> 
4000
(
7.08509e-14
6.71964e-14
6.99717e-14
7.87448e-14
7.51779e-14
6.38914e-14
5.00389e-14
5.17739e-14
5.69075e-14
5.29389e-14
5.68177e-14
4.94761e-14
4.95148e-14
4.90476e-14
4.22014e-14
2.28628e-14
2.72487e-14
4.57027e-14
3.73444e-14
3.78782e-14
3.92825e-14
2.86243e-14
2.90135e-14
2.00066e-14
2.1975e-14
1.29312e-14
2.03673e-14
1.83001e-14
1.48677e-14
2.54308e-15
2.38616e-15
-5.7843e-15
1.24639e-15
1.66708e-15
-3.21081e-15
-3.39418e-15
-3.39406e-15
-1.19296e-14
-2.32346e-14
-2.84313e-14
-2.2309e-14
-1.71888e-14
-9.87153e-15
-1.44534e-14
-1.7092e-14
-1.3063e-14
-2.30565e-14
-2.49915e-14
-2.51867e-14
-2.36445e-14
-2.19633e-14
-1.43942e-14
-1.65764e-14
-1.73394e-14
-1.91469e-14
-2.08258e-14
-2.29306e-14
-2.53897e-14
-2.1764e-14
-1.23693e-14
-1.47581e-14
-2.15245e-14
-1.98835e-14
-2.41499e-14
-2.3327e-14
-2.26739e-14
-1.20149e-14
-9.91967e-15
-1.52419e-14
-1.35183e-14
-9.3806e-15
-1.12837e-14
-1.8319e-14
-2.00648e-14
-1.66514e-14
-3.02057e-15
-4.82148e-15
-5.85837e-15
-9.27777e-15
-2.09651e-14
-1.18846e-14
-1.90097e-14
-2.23162e-14
-2.20119e-14
-2.26817e-14
-2.18447e-14
-1.35791e-14
-7.60498e-15
-3.46301e-16
2.0512e-15
-2.66719e-15
-6.46743e-15
-8.7364e-15
6.37781e-15
5.42814e-15
1.25182e-15
8.69359e-15
9.4871e-15
4.04858e-15
-7.99599e-16
7.28368e-14
6.77666e-14
7.09375e-14
7.77458e-14
7.67992e-14
6.1093e-14
5.55289e-14
5.12566e-14
5.50237e-14
5.00245e-14
5.00811e-14
5.02105e-14
5.31202e-14
4.5761e-14
3.91587e-14
3.33387e-14
3.24119e-14
4.06071e-14
3.94227e-14
4.32206e-14
3.91317e-14
2.44554e-14
2.3469e-14
2.07443e-14
1.9408e-14
1.64454e-14
1.47424e-14
1.78132e-14
1.37202e-14
8.30739e-15
6.60067e-15
-1.46807e-15
-4.83887e-16
-5.9735e-15
-7.10306e-15
-6.33406e-15
-3.56262e-15
-1.16882e-14
-2.16009e-14
-2.32135e-14
-2.50168e-14
-1.54588e-14
-1.1524e-14
-7.90851e-15
-1.57063e-14
-1.97455e-14
-2.1737e-14
-2.7162e-14
-2.53897e-14
-2.28616e-14
-2.40803e-14
-1.83461e-14
-1.35679e-14
-1.06395e-14
-1.53107e-14
-2.05333e-14
-3.03493e-14
-2.74226e-14
-2.15808e-14
-1.71431e-14
-1.40556e-14
-2.12201e-14
-2.25965e-14
-1.87781e-14
-1.96555e-14
-2.077e-14
-1.62553e-14
-1.19157e-14
-1.12156e-14
-1.37635e-14
-9.41075e-15
-1.57145e-14
-1.16465e-14
-1.50553e-14
-1.5639e-14
-8.41814e-15
-9.4887e-15
-1.28158e-14
-8.55667e-15
-1.56373e-14
-1.29528e-14
-1.76798e-14
-2.11437e-14
-1.81047e-14
-1.94127e-14
-1.79041e-14
-1.68128e-14
-1.28477e-14
-6.52105e-15
2.77794e-15
-1.95012e-16
-1.88742e-15
-3.12291e-15
3.09775e-15
2.54668e-15
4.39524e-15
6.49197e-15
6.25934e-15
3.17286e-15
-4.29226e-16
7.37065e-14
6.94639e-14
6.98103e-14
8.0792e-14
7.60124e-14
6.02141e-14
5.56198e-14
5.14402e-14
5.28494e-14
5.22292e-14
4.75911e-14
5.14679e-14
4.75889e-14
4.60749e-14
4.42061e-14
3.83845e-14
3.18088e-14
3.53809e-14
3.8767e-14
3.99867e-14
3.71984e-14
2.92881e-14
2.63156e-14
2.00785e-14
1.2651e-14
1.97584e-14
1.88363e-14
1.96204e-14
1.22922e-14
5.37014e-15
4.88813e-15
2.40128e-16
-1.23227e-15
-3.17007e-16
-3.84174e-15
-6.95943e-15
-4.76197e-15
-1.2736e-14
-1.69372e-14
-2.54665e-14
-2.60505e-14
-1.54461e-14
-8.60997e-15
-1.07798e-14
-1.75914e-14
-2.0658e-14
-2.65252e-14
-2.81842e-14
-2.05347e-14
-1.77198e-14
-2.51766e-14
-2.20219e-14
-1.83212e-14
-1.63821e-14
-1.6919e-14
-2.08801e-14
-2.59697e-14
-2.07123e-14
-1.58241e-14
-1.63045e-14
-1.58074e-14
-2.25469e-14
-2.31194e-14
-2.20444e-14
-1.69903e-14
-1.54949e-14
-1.55998e-14
-9.82242e-15
-1.07252e-14
-1.74459e-14
-1.71006e-14
-1.17271e-14
-1.36294e-14
-1.55137e-14
-1.57528e-14
-1.01765e-14
-1.27279e-14
-9.20317e-15
-6.49012e-15
-9.60973e-15
-1.2607e-14
-1.56892e-14
-2.60743e-14
-2.01484e-14
-1.86175e-14
-1.53843e-14
-9.83211e-15
-8.61775e-15
-1.00946e-14
-4.83283e-15
-3.55993e-15
-1.94278e-15
2.22966e-15
5.33676e-15
-6.28906e-16
2.6675e-15
8.8831e-15
7.73992e-15
6.01717e-15
1.3896e-15
7.301e-14
7.24664e-14
7.32438e-14
7.21325e-14
6.96735e-14
6.14375e-14
5.88915e-14
5.70444e-14
5.4348e-14
5.12443e-14
4.85592e-14
5.04149e-14
4.46961e-14
4.53449e-14
4.49038e-14
3.75654e-14
3.20661e-14
3.44911e-14
3.69004e-14
3.83608e-14
3.57092e-14
3.54679e-14
2.60197e-14
1.5872e-14
8.77057e-15
1.42122e-14
1.31913e-14
1.83906e-14
1.64339e-14
1.43964e-14
1.12038e-14
9.30639e-16
-5.17171e-16
-5.0237e-15
-7.79157e-15
-2.9783e-15
-7.40404e-15
-1.47002e-14
-1.76479e-14
-2.2875e-14
-2.48949e-14
-9.51876e-15
-9.49048e-15
-1.35618e-14
-2.16427e-14
-2.34031e-14
-2.26692e-14
-2.46423e-14
-2.708e-14
-2.72618e-14
-2.63688e-14
-2.06242e-14
-1.77039e-14
-1.39584e-14
-1.68166e-14
-1.89375e-14
-2.26746e-14
-2.44738e-14
-1.78702e-14
-2.00432e-14
-2.00338e-14
-1.93034e-14
-1.89832e-14
-1.82401e-14
-1.54304e-14
-1.60388e-14
-1.53519e-14
-1.17501e-14
-1.43864e-14
-1.48798e-14
-1.17221e-14
-1.20289e-14
-1.43166e-14
-1.39588e-14
-1.73714e-14
-1.32098e-14
-1.06205e-14
-1.06484e-14
-4.44073e-15
-8.94845e-15
-1.07461e-14
-1.25181e-14
-1.90702e-14
-1.78816e-14
-2.14038e-14
-1.7642e-14
-1.10947e-14
-8.385e-15
-1.27079e-14
-7.89585e-15
2.91492e-15
2.50663e-17
3.0947e-15
4.85224e-15
3.65621e-15
3.28272e-15
8.15468e-15
4.54007e-15
2.00942e-15
2.19721e-15
7.26089e-14
7.54389e-14
7.18026e-14
7.38812e-14
6.39495e-14
6.26802e-14
5.93121e-14
5.97636e-14
5.73383e-14
4.39042e-14
3.83202e-14
5.08637e-14
4.62289e-14
4.53102e-14
4.77538e-14
3.94991e-14
3.97161e-14
4.18844e-14
3.66191e-14
3.15855e-14
3.2012e-14
3.11429e-14
2.08591e-14
1.75075e-14
1.47732e-14
1.66624e-14
1.22804e-14
1.3992e-14
1.40268e-14
1.70562e-14
9.73192e-15
2.20311e-15
-1.25369e-15
-6.10288e-15
-2.48964e-15
-3.88782e-15
-7.76241e-15
-1.74794e-14
-2.30084e-14
-1.97705e-14
-1.85509e-14
-1.28969e-14
-1.17538e-14
-1.42648e-14
-2.20895e-14
-2.3042e-14
-2.53666e-14
-2.22681e-14
-2.58086e-14
-2.19162e-14
-2.07378e-14
-1.66915e-14
-1.75951e-14
-1.76692e-14
-1.76394e-14
-2.10934e-14
-2.1897e-14
-1.78372e-14
-1.59903e-14
-2.18863e-14
-1.46522e-14
-1.9821e-14
-2.65667e-14
-2.15502e-14
-9.65462e-15
-1.2652e-14
-1.01091e-14
-1.47815e-14
-1.6358e-14
-1.88728e-14
-1.57985e-14
-1.0633e-14
-1.01754e-14
-1.35282e-14
-1.9091e-14
-1.37285e-14
-1.03364e-14
-5.89205e-15
-5.30393e-15
-8.4812e-15
-1.21326e-14
-9.35195e-15
-1.51742e-14
-1.95615e-14
-1.94468e-14
-2.21204e-14
-1.16648e-14
-6.44916e-15
-9.78627e-15
-8.71816e-15
-3.11995e-15
2.35786e-15
4.2011e-15
5.81274e-15
7.84708e-15
5.21202e-15
3.70182e-15
6.56484e-15
2.84982e-15
-2.25588e-15
7.06701e-14
7.83257e-14
7.40289e-14
6.63374e-14
6.62958e-14
6.3215e-14
5.73711e-14
6.2846e-14
5.88359e-14
4.81627e-14
4.57692e-14
5.22613e-14
4.42244e-14
4.08902e-14
4.08773e-14
3.82547e-14
4.53867e-14
4.90815e-14
4.48158e-14
3.40996e-14
2.80716e-14
2.71123e-14
1.69604e-14
1.02333e-14
1.80751e-14
1.48763e-14
1.57042e-14
1.7292e-14
1.79486e-14
1.9052e-14
1.11373e-14
-5.10204e-15
-6.8381e-16
2.8278e-15
-1.76263e-15
-5.33211e-15
-1.07274e-14
-1.34879e-14
-1.86623e-14
-1.83152e-14
-1.51317e-14
-1.53106e-14
-1.56656e-14
-1.5478e-14
-1.60601e-14
-2.45422e-14
-2.15456e-14
-1.93538e-14
-2.47022e-14
-2.25526e-14
-1.94657e-14
-1.90153e-14
-1.53243e-14
-1.94726e-14
-2.02896e-14
-1.68624e-14
-1.65884e-14
-1.80294e-14
-2.02606e-14
-1.82719e-14
-1.64583e-14
-1.88179e-14
-2.52852e-14
-1.90323e-14
-1.25007e-14
-1.51094e-14
-9.85916e-15
-1.47916e-14
-1.83103e-14
-1.63361e-14
-1.33436e-14
-9.92012e-15
-7.92499e-15
-1.26753e-14
-1.53331e-14
-1.66997e-14
-8.82027e-15
-6.80291e-15
-2.47335e-15
-7.98008e-16
-5.38666e-15
-8.34055e-15
-1.49533e-14
-1.88617e-14
-1.97103e-14
-1.64905e-14
-1.21195e-14
-6.90116e-15
-1.14709e-14
-1.18139e-14
1.5555e-15
5.40321e-15
5.85472e-16
5.61355e-15
9.37345e-15
3.45556e-15
2.00054e-15
1.10593e-15
1.63489e-15
-4.18324e-15
7.61859e-14
7.58167e-14
7.61871e-14
6.97058e-14
6.49299e-14
6.58016e-14
6.41575e-14
5.74823e-14
5.28576e-14
4.71671e-14
5.16198e-14
4.86566e-14
4.71178e-14
4.57275e-14
4.59489e-14
4.16749e-14
4.71747e-14
4.77218e-14
3.48943e-14
2.74599e-14
2.58325e-14
2.47791e-14
2.8695e-14
2.52427e-14
1.22905e-14
1.67802e-14
1.72738e-14
1.5522e-14
1.68663e-14
2.25012e-14
1.64775e-14
-2.91345e-15
-2.72612e-15
-8.6125e-15
-5.43203e-15
-4.7653e-15
-6.77131e-15
-8.19036e-15
-1.35452e-14
-2.21759e-14
-1.55311e-14
-1.6992e-14
-1.6057e-14
-1.17625e-14
-1.00442e-14
-1.71739e-14
-2.18539e-14
-2.0241e-14
-1.76482e-14
-1.93195e-14
-1.54959e-14
-1.13309e-14
-1.50454e-14
-2.28496e-14
-2.16316e-14
-1.677e-14
-1.82518e-14
-1.93659e-14
-2.13133e-14
-1.82614e-14
-1.50115e-14
-1.04183e-14
-1.63395e-14
-1.78695e-14
-1.60467e-14
-2.04936e-14
-1.27988e-14
-1.68707e-14
-1.94865e-14
-1.29919e-14
-6.48356e-15
-4.6241e-15
-7.25463e-15
-8.10047e-15
-7.94369e-15
-1.3367e-14
-8.32177e-15
-5.36211e-15
-8.85227e-15
-2.1524e-15
-1.13514e-15
-5.88367e-15
-7.47435e-15
-8.82941e-15
-1.92071e-14
-1.81896e-14
-1.33664e-14
-5.38706e-15
-1.03932e-14
-7.26974e-15
3.00513e-15
7.70245e-16
1.01698e-15
1.68985e-15
8.14522e-15
3.68066e-15
1.69737e-15
-3.21101e-15
2.66641e-15
-2.18669e-15
7.41592e-14
7.25411e-14
7.26131e-14
7.07833e-14
6.88349e-14
7.23016e-14
6.53167e-14
5.87878e-14
4.92079e-14
4.65606e-14
5.74767e-14
4.59828e-14
4.15365e-14
4.39063e-14
4.3557e-14
4.45596e-14
4.55876e-14
4.68261e-14
3.04747e-14
3.39738e-14
3.31123e-14
2.49359e-14
2.25162e-14
1.96649e-14
1.34627e-14
1.29633e-14
1.85597e-14
1.75016e-14
1.9696e-14
1.54147e-14
1.28135e-14
8.23621e-15
2.04134e-15
-8.47188e-16
-5.37552e-15
-1.08879e-14
-1.00732e-14
-9.72439e-15
-8.26382e-15
-1.54525e-14
-1.75781e-14
-1.7616e-14
-2.13622e-14
-8.70929e-15
-6.32892e-16
-1.06802e-14
-2.31207e-14
-2.73008e-14
-1.92556e-14
-1.38808e-14
-7.98816e-15
-9.98058e-15
-1.87686e-14
-2.00223e-14
-2.16552e-14
-1.59999e-14
-1.57129e-14
-1.68975e-14
-1.72426e-14
-1.85916e-14
-1.56169e-14
-9.10353e-15
-1.48992e-14
-1.58854e-14
-1.3694e-14
-1.34395e-14
-1.19255e-14
-1.19689e-14
-1.6971e-14
-1.4829e-14
-9.34558e-15
-3.96885e-15
-5.92281e-15
-1.17336e-14
-8.82219e-15
-9.27575e-15
-5.39706e-15
1.81304e-15
1.64478e-15
5.32245e-15
6.46891e-15
-5.21299e-15
-5.82238e-15
-1.34673e-14
-1.61694e-14
-1.35417e-14
-1.23337e-14
-7.15705e-15
-1.1915e-14
-3.95131e-15
7.68132e-16
2.43138e-15
7.96556e-16
5.32388e-15
9.73736e-15
1.94822e-15
3.39776e-15
-9.74623e-16
1.17961e-15
-1.32165e-15
8.07548e-14
7.27967e-14
7.09537e-14
6.20247e-14
6.75765e-14
6.90361e-14
7.02444e-14
6.17382e-14
5.29302e-14
5.40764e-14
5.46471e-14
4.30882e-14
3.77218e-14
4.75401e-14
5.0804e-14
5.1857e-14
4.40364e-14
3.89941e-14
3.09797e-14
3.453e-14
3.30349e-14
2.39672e-14
2.28293e-14
2.05913e-14
1.37994e-14
1.49181e-14
1.84637e-14
2.04014e-14
2.19824e-14
1.11484e-14
9.13572e-15
6.94767e-15
1.1888e-15
-1.00736e-14
-9.11616e-15
-1.13367e-14
-1.1643e-14
-3.00449e-15
-6.91971e-15
-1.74911e-14
-1.78377e-14
-1.70656e-14
-1.91774e-14
-1.05814e-14
-5.53446e-15
-6.43918e-15
-1.60442e-14
-1.70949e-14
-1.36597e-14
-1.32288e-14
-8.56075e-15
-1.61086e-14
-1.931e-14
-1.50328e-14
-1.77953e-14
-1.47482e-14
-1.3872e-14
-1.41687e-14
-1.71869e-14
-1.70371e-14
-1.6849e-14
-9.38223e-15
-1.14667e-14
-1.59583e-14
-2.09393e-14
-1.33935e-14
-1.18869e-14
-7.86751e-15
-1.4369e-14
-1.35256e-14
-1.32527e-14
-1.25259e-16
9.93614e-16
-1.61327e-15
-8.28639e-15
-8.81011e-15
-1.2011e-16
3.74163e-15
3.57444e-15
7.22686e-15
5.65052e-15
2.76479e-16
-3.63315e-15
-9.7829e-15
-1.47761e-14
-9.69687e-15
-1.26182e-14
-1.18317e-14
-5.31856e-15
-2.37595e-15
7.13984e-16
2.59294e-15
2.30278e-16
3.49707e-15
1.02011e-14
3.89916e-15
1.65732e-15
-4.22006e-17
-1.94075e-15
-3.24448e-15
7.61887e-14
7.32011e-14
7.85321e-14
6.56834e-14
6.23951e-14
6.96583e-14
7.20631e-14
6.83976e-14
5.30555e-14
4.57068e-14
4.69757e-14
4.57396e-14
4.05436e-14
4.80981e-14
5.15029e-14
4.46602e-14
3.80394e-14
4.29008e-14
4.11559e-14
4.1771e-14
3.48054e-14
1.8864e-14
1.7546e-14
2.11442e-14
1.66151e-14
1.66748e-14
2.17739e-14
1.99497e-14
1.26917e-14
1.08938e-14
1.14235e-14
-2.82087e-15
-2.78227e-15
-2.35382e-15
-6.65758e-15
-8.178e-15
-9.53575e-15
-7.79457e-15
-6.71508e-15
-1.46771e-14
-2.07901e-14
-2.15005e-14
-1.46874e-14
-9.76209e-15
-9.3949e-16
-3.22809e-15
-7.28606e-15
-1.19626e-14
-1.53655e-14
-1.38258e-14
-9.91552e-15
-1.30009e-14
-1.82465e-14
-1.57513e-14
-1.83817e-14
-1.79508e-14
-1.55351e-14
-1.67092e-14
-1.60724e-14
-1.60888e-14
-1.46359e-14
-1.47319e-15
-5.31127e-15
-1.6407e-14
-1.9906e-14
-2.33522e-14
-1.29254e-14
-6.98925e-15
-1.0391e-14
-6.19442e-15
-3.43799e-15
5.80035e-15
8.39772e-15
2.37524e-15
-6.29315e-15
-8.15614e-15
2.66248e-15
8.30211e-16
4.11597e-16
7.05857e-15
4.50087e-15
-4.38313e-16
5.8395e-15
-2.83655e-15
-7.8473e-15
-1.61935e-14
-1.44113e-14
-6.07071e-15
-4.91531e-15
-1.19441e-15
1.41407e-17
-1.8926e-15
-2.55764e-15
1.46952e-15
9.78958e-15
2.70037e-15
-1.14024e-15
1.13252e-15
-2.48104e-15
-1.64523e-15
7.3246e-14
7.41748e-14
6.95343e-14
6.81798e-14
6.80569e-14
6.74978e-14
6.46845e-14
6.5504e-14
6.30609e-14
5.3483e-14
4.74588e-14
5.04868e-14
4.62272e-14
5.44816e-14
5.14415e-14
4.90723e-14
3.5255e-14
4.36058e-14
3.85815e-14
3.63377e-14
2.80621e-14
1.98297e-14
1.40502e-14
2.05047e-14
1.30633e-14
1.60168e-14
2.52484e-14
2.12022e-14
1.33025e-14
1.18774e-14
1.06518e-14
5.0784e-16
-8.17315e-15
-2.30531e-15
-3.40159e-15
-5.67287e-15
-5.76533e-15
-8.4649e-15
-2.90274e-15
-1.3761e-14
-1.84332e-14
-1.98218e-14
-1.48952e-14
-1.18371e-14
-1.46444e-15
8.94484e-16
-2.13852e-15
-1.59683e-14
-1.59817e-14
-1.83669e-14
-1.09318e-14
-1.00441e-14
-1.76094e-14
-1.68697e-14
-2.02706e-14
-1.53281e-14
-1.5248e-14
-1.96849e-14
-1.61574e-14
-1.99715e-14
-1.69778e-14
-7.98657e-15
-1.44055e-14
-1.23681e-14
-5.2596e-15
-1.22843e-14
-7.57682e-15
-1.11815e-14
-5.97309e-15
-4.3374e-15
-2.06982e-15
1.14446e-14
1.25363e-14
2.44476e-15
-6.67038e-15
-3.50855e-15
-8.79727e-17
1.03943e-15
4.03437e-15
1.00192e-14
1.19733e-14
1.06665e-14
2.3574e-15
-3.76994e-15
-1.03542e-14
-2.00931e-14
-1.18071e-14
-6.09851e-15
-4.6971e-15
-9.45866e-16
-2.77908e-15
-2.91787e-15
3.26863e-15
3.42049e-15
1.01826e-14
1.83354e-15
-6.34557e-15
-3.3396e-15
-7.41092e-15
-1.37096e-15
7.75416e-14
7.36267e-14
7.06405e-14
6.79892e-14
6.81451e-14
6.71735e-14
7.20645e-14
7.00075e-14
6.80317e-14
5.49379e-14
5.0907e-14
4.96941e-14
4.38842e-14
4.17736e-14
3.93738e-14
4.17769e-14
4.8005e-14
4.82966e-14
4.36828e-14
3.42561e-14
2.79291e-14
2.25801e-14
1.73695e-14
2.22962e-14
1.37009e-14
5.78761e-15
1.77e-14
1.87286e-14
1.6954e-14
1.31069e-14
1.43722e-14
4.96671e-15
-1.19757e-14
-7.5908e-15
-3.62367e-15
-7.56701e-15
-1.72016e-15
-8.38486e-15
-6.99442e-15
-1.16566e-14
-1.63118e-14
-1.72423e-14
-1.71251e-14
-8.17699e-15
-2.8782e-15
9.7234e-16
-2.17504e-15
-8.98886e-15
-1.45922e-14
-1.70516e-14
-1.8108e-14
-1.68088e-14
-1.44158e-14
-1.67763e-14
-1.85962e-14
-1.95842e-14
-1.86481e-14
-1.90225e-14
-1.76137e-14
-1.51555e-14
-9.63904e-15
2.10912e-15
-2.60443e-15
-1.48628e-14
-1.36856e-14
-1.55539e-14
-1.05875e-14
-4.22873e-15
-2.89795e-15
-5.284e-18
5.79786e-15
1.89069e-14
1.43491e-14
8.22439e-15
-6.34915e-15
-9.05578e-15
-2.18857e-15
4.48325e-15
6.91346e-15
1.08986e-14
7.59203e-15
6.2448e-15
2.19017e-15
-1.109e-15
-9.09864e-15
-1.21866e-14
-1.32524e-14
-6.28111e-15
1.42826e-16
1.04008e-15
-1.76328e-15
-3.25444e-15
1.79553e-15
1.37913e-15
7.62188e-15
1.94397e-15
-9.59334e-15
-6.56311e-15
-8.12964e-15
7.01928e-16
7.62215e-14
7.34811e-14
6.47415e-14
7.09809e-14
7.10577e-14
7.34649e-14
7.06807e-14
6.22053e-14
5.88174e-14
5.33703e-14
5.88069e-14
5.79328e-14
5.57635e-14
4.95009e-14
4.13447e-14
4.19518e-14
4.62445e-14
4.67523e-14
4.32297e-14
3.03224e-14
2.39959e-14
1.32212e-14
1.42877e-14
1.42743e-14
1.25567e-14
1.64225e-14
2.23462e-14
1.82695e-14
1.13355e-14
1.44607e-14
1.60746e-14
6.75591e-15
-2.89385e-15
-1.19215e-15
4.56023e-15
-5.07942e-15
-5.41032e-15
-8.76037e-15
-9.89137e-15
-1.18772e-14
-1.75469e-14
-1.09006e-14
-9.44325e-15
-1.07409e-14
-1.05158e-14
-6.29352e-15
3.57246e-16
-4.21472e-15
-1.25332e-14
-1.30956e-14
-1.75735e-14
-1.55923e-14
-2.05404e-14
-2.1052e-14
-1.3258e-14
-1.28103e-14
-1.55993e-14
-1.92103e-14
-2.58481e-14
-2.0615e-14
-9.32419e-15
-6.25826e-15
-2.49773e-15
-3.18224e-15
-6.01627e-15
-1.09282e-14
-1.3231e-14
1.4945e-15
1.3165e-15
9.32354e-16
8.06039e-15
1.52676e-14
1.52423e-14
3.64045e-15
-6.69664e-15
-4.98262e-15
-3.79789e-15
1.06311e-14
1.15971e-14
7.6824e-15
1.1817e-14
1.19124e-14
3.29227e-15
-4.28118e-15
-9.78177e-15
-8.51266e-15
-9.19147e-15
-2.82718e-15
-1.78972e-15
-4.79833e-15
-4.37996e-15
7.93415e-16
-9.02256e-16
3.41257e-15
3.79151e-15
-2.01787e-15
-2.97707e-15
-6.73604e-15
-5.67531e-15
5.92761e-16
7.25189e-14
7.92645e-14
7.26415e-14
6.86953e-14
6.93727e-14
7.18131e-14
7.51029e-14
7.19663e-14
6.85465e-14
5.47695e-14
5.01237e-14
5.04834e-14
5.17353e-14
4.75877e-14
4.92866e-14
4.53311e-14
4.91372e-14
4.70201e-14
3.63822e-14
2.67082e-14
2.05548e-14
1.55052e-14
1.29273e-14
1.62076e-14
1.85371e-14
1.25736e-14
1.46664e-14
2.92075e-14
1.83233e-14
1.29548e-14
1.33497e-14
8.86584e-15
-7.39216e-15
-5.02233e-15
-2.45217e-15
-1.11052e-14
-3.67997e-15
-2.96652e-15
-4.77084e-15
-4.60748e-15
-1.7252e-14
-1.79235e-14
-1.33667e-14
-8.67149e-15
-8.53832e-15
-2.71821e-15
-4.21594e-15
-5.36897e-15
-1.18972e-14
-7.61254e-15
-1.76936e-14
-2.14715e-14
-1.94102e-14
-1.67144e-14
-1.26555e-14
-1.83816e-14
-1.51311e-14
-1.18949e-14
-1.96391e-14
-1.19608e-14
-1.0774e-14
-1.32642e-14
-8.89794e-15
-5.63829e-15
-4.24183e-15
-9.52541e-15
-8.57534e-15
1.98574e-15
2.90538e-15
1.12153e-15
1.12842e-14
1.26968e-14
1.32226e-14
4.8504e-15
1.8789e-15
3.33404e-16
-6.597e-16
9.20117e-15
1.13844e-14
1.01279e-14
1.52488e-14
8.96982e-15
-5.28144e-17
-5.18798e-15
-5.9043e-15
-6.83807e-15
-2.45499e-15
-3.35038e-15
-1.06495e-15
-3.31403e-16
-2.75832e-16
-6.40705e-16
1.61776e-15
2.25248e-15
-4.24231e-15
-4.09798e-15
-4.5777e-15
-4.56376e-15
-5.0826e-15
-3.20906e-15
7.28939e-14
7.72301e-14
7.82117e-14
6.85191e-14
7.39291e-14
7.35433e-14
7.14978e-14
6.09902e-14
6.34559e-14
5.64272e-14
5.36886e-14
5.67111e-14
5.92085e-14
5.69828e-14
5.35124e-14
4.13975e-14
3.93708e-14
4.01429e-14
4.02746e-14
2.97241e-14
2.13734e-14
9.75698e-15
6.47971e-15
9.16969e-15
1.98588e-14
2.55512e-14
1.63159e-14
2.03495e-14
1.69008e-14
1.29613e-14
1.15295e-14
6.9444e-15
-1.36851e-16
-6.55074e-16
-3.56596e-15
-7.56155e-15
-6.693e-16
-1.18347e-15
-7.27885e-15
-9.09248e-15
-1.52564e-14
-1.69974e-14
-2.00283e-14
-1.21828e-14
-9.06212e-15
-1.14047e-14
-8.78585e-15
-3.16807e-15
-1.06728e-14
-7.46096e-15
-1.12314e-14
-2.5142e-14
-1.93401e-14
-1.81781e-14
-1.59893e-14
-2.08325e-14
-1.95109e-14
-1.5877e-14
-1.80737e-14
-1.19507e-14
-7.65064e-15
-4.79839e-15
-5.90076e-15
-7.76243e-15
-6.58415e-15
-1.21067e-14
-1.15494e-14
4.03873e-15
4.69621e-15
6.98327e-16
5.91402e-15
8.68253e-15
1.19072e-14
3.87865e-15
8.62627e-16
8.81083e-16
2.01009e-15
1.02758e-14
1.50847e-14
1.40049e-14
1.89385e-14
1.40195e-14
1.13624e-15
-6.53647e-15
-3.21121e-15
-1.9726e-15
-8.4407e-15
-6.34231e-15
-2.95919e-16
1.65191e-15
-7.49224e-16
-2.22658e-15
-2.83885e-17
3.87261e-15
-2.17368e-15
-9.22116e-15
-3.58209e-15
-3.8687e-15
-5.10843e-15
-1.72454e-15
7.09128e-14
7.64698e-14
7.4185e-14
7.11828e-14
7.69242e-14
8.17198e-14
7.97987e-14
6.90249e-14
5.65829e-14
5.57553e-14
5.87067e-14
5.79844e-14
5.78953e-14
5.56404e-14
4.88895e-14
3.59474e-14
3.98376e-14
4.57876e-14
3.74586e-14
2.30918e-14
1.7781e-14
8.26525e-15
7.45747e-15
1.01341e-14
2.01105e-14
2.61093e-14
1.93439e-14
2.50595e-14
2.07314e-14
1.25192e-14
1.16234e-14
7.12947e-15
3.44329e-15
-3.01385e-15
-1.10007e-14
-1.37144e-14
-5.25107e-15
-4.47093e-15
-6.47904e-15
-1.06113e-14
-1.69146e-14
-1.8548e-14
-1.76432e-14
-1.23939e-14
-1.29206e-14
-7.0261e-15
-1.12667e-14
-6.10481e-15
-1.0405e-14
-1.89541e-14
-1.87597e-14
-1.96152e-14
-2.24617e-14
-2.33117e-14
-1.2886e-14
-1.37594e-14
-1.84026e-14
-1.09399e-14
-1.64026e-14
-1.46164e-14
-1.05396e-14
-8.39406e-15
-1.0084e-14
-5.80706e-15
-1.74991e-15
-1.25111e-14
-8.65833e-15
3.22458e-15
2.8565e-16
1.54698e-15
4.03539e-15
6.82326e-15
1.64492e-14
8.67066e-15
8.13533e-16
5.31227e-17
3.27829e-15
1.45596e-14
1.1779e-14
1.40291e-14
1.75724e-14
1.05158e-14
8.35901e-16
3.78025e-15
2.17672e-15
-4.6785e-15
-4.25167e-15
-4.71248e-15
1.73177e-15
7.12505e-16
-2.53043e-15
-4.6068e-15
-2.2909e-15
-7.08347e-15
-2.67839e-15
-3.17882e-15
-7.78796e-15
-5.61012e-15
-4.80916e-15
-2.66585e-16
7.75265e-14
7.96112e-14
7.30545e-14
6.80675e-14
7.8949e-14
6.85417e-14
6.93809e-14
6.89029e-14
6.76087e-14
6.68978e-14
6.77457e-14
5.77109e-14
5.34426e-14
5.19335e-14
4.60529e-14
4.09506e-14
4.68857e-14
4.29001e-14
3.25522e-14
2.30152e-14
1.34792e-14
1.23019e-14
1.50197e-14
1.73639e-14
1.69404e-14
1.90819e-14
1.87182e-14
1.87392e-14
1.52075e-14
1.87606e-14
1.42789e-14
2.14024e-15
-3.53641e-15
-3.92879e-15
-4.11744e-15
-4.20909e-15
-3.35059e-15
-5.98852e-15
-1.09432e-14
-9.68429e-15
-1.19567e-14
-1.77764e-14
-1.13435e-14
-1.414e-14
-7.78385e-15
-1.42249e-14
-2.125e-14
-9.99665e-15
-1.42967e-14
-1.85775e-14
-2.31385e-14
-2.11516e-14
-1.96383e-14
-2.07486e-14
-2.02872e-14
-1.76689e-14
-2.05823e-14
-1.46567e-14
-8.90665e-15
-2.70809e-15
-4.97026e-15
-1.29184e-14
-1.2738e-14
-7.41359e-15
-3.94087e-15
-9.76635e-15
-9.71161e-15
-4.48377e-15
-4.94266e-15
4.37859e-15
3.60005e-15
4.60535e-15
9.8553e-15
1.05784e-14
6.48315e-15
4.84344e-15
6.01318e-15
1.12508e-14
1.25161e-14
2.16102e-14
2.03472e-14
1.34341e-14
2.70782e-15
-6.05502e-15
2.06345e-15
-5.91715e-15
-4.31173e-15
-5.91755e-15
-4.4567e-15
-2.0586e-15
1.64654e-15
-2.00652e-16
-4.51714e-16
-3.87398e-15
-7.723e-15
-5.47819e-15
-3.56539e-15
-2.55909e-15
-5.83445e-15
-4.98539e-16
7.52645e-14
7.76932e-14
7.52097e-14
6.60604e-14
7.75182e-14
8.25398e-14
7.15637e-14
6.57163e-14
6.30014e-14
6.49964e-14
6.73954e-14
6.34015e-14
5.44743e-14
4.67559e-14
4.17206e-14
4.42248e-14
4.14722e-14
4.0054e-14
3.25176e-14
2.51249e-14
1.73135e-14
1.79994e-14
1.01107e-14
1.92875e-14
2.25777e-14
1.83791e-14
1.37877e-14
1.7319e-14
2.21553e-14
2.36507e-14
1.33798e-14
2.38852e-15
-5.65592e-15
-7.65109e-15
-6.18446e-15
-3.15025e-15
-5.18424e-15
-7.10809e-15
-1.01195e-14
-1.09368e-14
-1.36779e-14
-1.61248e-14
-1.28268e-14
-2.03153e-14
-1.2842e-14
-1.72273e-14
-1.45481e-14
-6.27639e-15
-1.67623e-14
-2.18825e-14
-2.60746e-14
-2.29713e-14
-2.60038e-14
-2.26933e-14
-1.25501e-14
-1.21616e-14
-2.42113e-14
-2.40286e-14
-9.32063e-15
-7.0875e-15
-6.56645e-15
-1.58383e-14
-1.39666e-14
-5.37198e-15
-1.25839e-15
-6.2934e-15
-1.00034e-14
-5.8441e-15
-5.4891e-15
-4.72005e-15
4.53246e-15
6.44012e-15
1.34114e-14
1.07345e-14
1.22284e-14
-3.66785e-16
4.79637e-15
1.29801e-14
1.68723e-14
2.24701e-14
1.55071e-14
1.42491e-14
6.64937e-15
-3.93665e-15
-2.83694e-15
-5.98266e-15
-9.25613e-15
-4.20192e-15
4.08441e-15
-4.39223e-15
4.15813e-15
-5.71256e-16
-3.13712e-15
-4.45132e-15
-6.11623e-15
-5.77453e-15
-1.52065e-16
-2.59232e-15
-5.0964e-15
-2.24026e-15
7.16827e-14
7.37198e-14
7.5252e-14
7.44352e-14
7.41162e-14
7.63288e-14
7.34221e-14
6.78496e-14
6.2174e-14
6.97436e-14
6.68235e-14
6.00525e-14
5.24771e-14
5.13062e-14
4.58158e-14
4.305e-14
3.68931e-14
3.30253e-14
2.72827e-14
2.74967e-14
2.79999e-14
2.15847e-14
1.45185e-14
1.75152e-14
1.33872e-14
1.9355e-14
1.82003e-14
1.76204e-14
1.70566e-14
1.28168e-14
1.05785e-14
1.86511e-15
-7.39582e-15
-3.66899e-15
-2.6171e-15
-2.36503e-16
-3.59934e-15
-7.71178e-15
-1.27845e-14
-1.51467e-14
-1.61855e-14
-1.11883e-14
-1.26747e-14
-1.85946e-14
-1.81674e-14
-1.93546e-14
-1.27159e-14
-8.95472e-15
-1.56232e-14
-2.63615e-14
-2.88103e-14
-2.14343e-14
-2.65894e-14
-2.24555e-14
-1.43969e-14
-1.29972e-14
-2.18533e-14
-1.43311e-14
-9.97708e-15
-1.64067e-14
-7.12548e-15
-1.50116e-14
-1.16509e-14
-7.19776e-15
-4.989e-15
-7.75743e-15
-9.20422e-15
-6.11313e-15
-6.67982e-15
-1.60691e-15
-2.32964e-16
1.07617e-14
1.40282e-14
1.02331e-14
1.28564e-14
3.2408e-15
9.34131e-15
1.52323e-14
1.26769e-14
1.76796e-14
1.1454e-14
1.04508e-14
1.10274e-14
2.78324e-15
1.0422e-15
-1.10655e-14
-1.06648e-14
-3.0254e-15
8.51757e-15
-2.09276e-15
1.13316e-15
-1.13252e-15
-2.34505e-15
3.47187e-16
-2.05008e-15
-7.03357e-15
-4.29938e-15
-5.42429e-15
-4.56907e-15
-9.83594e-16
7.86086e-14
7.64676e-14
6.85758e-14
6.88449e-14
6.96133e-14
7.11825e-14
7.54097e-14
6.93959e-14
6.30371e-14
7.11169e-14
6.72625e-14
5.87125e-14
5.19064e-14
5.13537e-14
5.02409e-14
4.29646e-14
2.88932e-14
3.04809e-14
3.24948e-14
3.15113e-14
2.55657e-14
2.35007e-14
2.04611e-14
1.64891e-14
1.37036e-14
2.02018e-14
1.45361e-14
1.68574e-14
1.39239e-14
1.43748e-14
1.48731e-14
1.07457e-15
-9.9409e-15
-6.48246e-15
-4.62183e-15
-1.02103e-15
-2.63817e-15
-1.02075e-14
-1.28869e-14
-1.46731e-14
-1.73446e-14
-1.09075e-14
-1.0798e-14
-1.25728e-14
-1.90617e-14
-1.80063e-14
-1.90322e-14
-1.57318e-14
-1.84577e-14
-2.53112e-14
-2.48726e-14
-2.24059e-14
-2.51888e-14
-2.00786e-14
-1.47945e-14
-1.42906e-14
-1.84789e-14
-1.79712e-14
-1.49189e-14
-1.75148e-14
-9.5116e-15
-8.42303e-15
-1.12636e-14
-1.05419e-14
-5.80564e-15
-1.05012e-14
-1.13394e-14
-5.93053e-15
-6.24962e-15
-7.77119e-16
3.03312e-15
1.18432e-14
1.51577e-14
9.27443e-15
1.02114e-14
2.70229e-15
8.12694e-15
1.00434e-14
1.51171e-14
1.6398e-14
1.34367e-14
1.20409e-14
1.02256e-14
2.80214e-15
-1.22336e-16
-8.13593e-15
-1.10569e-14
-1.86834e-15
3.5399e-15
2.48535e-16
-3.03967e-15
-7.86273e-16
1.86713e-15
9.25442e-16
-6.31467e-15
-2.49345e-15
-4.24522e-15
-8.25898e-15
-6.30517e-15
1.15722e-15
7.89548e-14
7.3767e-14
6.68235e-14
6.83117e-14
6.66568e-14
7.42609e-14
7.14363e-14
7.10447e-14
6.87274e-14
6.49393e-14
6.29168e-14
6.22246e-14
5.73739e-14
5.77222e-14
5.42221e-14
4.98366e-14
3.48061e-14
3.11399e-14
2.4161e-14
2.35594e-14
2.16002e-14
2.36695e-14
2.22176e-14
1.6979e-14
1.85953e-14
1.69135e-14
1.57731e-14
1.38199e-14
8.3116e-15
1.49533e-14
1.23692e-14
4.792e-16
-5.23539e-15
-1.37481e-14
-8.86869e-15
-8.20181e-15
-2.42597e-15
-3.62871e-15
-6.45592e-15
-1.47621e-14
-1.33164e-14
-8.06342e-15
-1.44027e-14
-1.40877e-14
-2.28411e-14
-2.47225e-14
-1.52445e-14
-2.14008e-14
-2.00391e-14
-2.32713e-14
-2.32173e-14
-2.50957e-14
-2.18568e-14
-1.86977e-14
-1.06315e-14
-7.25093e-15
-9.50705e-15
-2.17583e-14
-1.87264e-14
-1.15992e-14
-7.81746e-15
-1.09318e-14
-1.69223e-14
-1.63291e-14
-5.22052e-15
-9.12639e-15
-1.55377e-14
-9.31361e-15
-5.24764e-15
8.09255e-16
1.92577e-15
1.33488e-14
1.26287e-14
8.88576e-15
1.18415e-14
4.23364e-15
1.2758e-14
1.61084e-14
1.08495e-14
7.29446e-15
9.31077e-15
1.30452e-14
1.01066e-14
2.84035e-16
-8.00806e-15
-1.10104e-14
-4.96197e-15
-1.80854e-15
5.36093e-15
3.48073e-15
1.71562e-15
-7.92107e-16
-1.49391e-15
2.506e-15
-7.26825e-15
-4.12788e-15
-6.97334e-15
-3.80616e-15
-1.63659e-15
8.64522e-16
7.43769e-14
7.17422e-14
6.71509e-14
6.61695e-14
6.89606e-14
6.95843e-14
7.31283e-14
7.14147e-14
6.52852e-14
6.70673e-14
6.77965e-14
6.63734e-14
6.09021e-14
6.09947e-14
5.38257e-14
3.9946e-14
3.25854e-14
3.15716e-14
2.98297e-14
2.89165e-14
2.08131e-14
2.08134e-14
2.12096e-14
2.26089e-14
2.33967e-14
2.40222e-14
1.5499e-14
6.00915e-15
4.77697e-15
3.05761e-15
3.92259e-15
6.22467e-15
2.6584e-15
-4.04753e-15
-8.05105e-15
-1.20944e-14
-1.00604e-14
-9.76025e-15
-1.21822e-14
-1.50751e-14
-8.71597e-15
-4.50952e-15
-1.27995e-14
-1.10213e-14
-2.24881e-14
-2.73727e-14
-1.46177e-14
-1.73072e-14
-2.04523e-14
-2.93729e-14
-2.49801e-14
-2.22008e-14
-2.19753e-14
-2.21165e-14
-1.25709e-14
-1.05617e-14
-1.52477e-14
-1.34313e-14
-3.43514e-15
-1.12315e-14
-1.23237e-14
-1.7292e-14
-2.11016e-14
-1.22993e-14
-2.03477e-15
-1.00734e-14
-9.48771e-15
-1.28314e-14
-8.03043e-15
6.54082e-16
1.79212e-15
1.26395e-14
1.37478e-14
1.16167e-14
6.72631e-15
1.08038e-15
7.41348e-15
1.08465e-14
1.14352e-14
1.36449e-14
1.48918e-14
1.36731e-14
3.91417e-15
-2.59999e-15
-4.9331e-15
-9.58634e-15
-2.47834e-15
-1.79265e-16
1.85192e-15
7.02832e-16
3.7792e-15
-1.77705e-15
-2.7937e-15
2.5992e-15
2.55853e-15
-3.88881e-15
-4.03571e-15
-4.42147e-15
-1.20314e-14
-1.00399e-15
6.73592e-14
7.22036e-14
7.46696e-14
7.09594e-14
6.61368e-14
7.03809e-14
7.03101e-14
6.9406e-14
6.68686e-14
6.95922e-14
6.79642e-14
6.74732e-14
6.18178e-14
6.18133e-14
5.61204e-14
4.78812e-14
4.29208e-14
3.72885e-14
2.81659e-14
2.76228e-14
1.88737e-14
2.09587e-14
1.8988e-14
2.21554e-14
2.13797e-14
1.89415e-14
1.47058e-14
1.33545e-14
6.66492e-15
5.83912e-15
5.57552e-15
4.93961e-15
-5.32334e-15
-1.20696e-14
-1.25075e-14
-9.81688e-15
-7.97095e-15
-1.0894e-14
-1.28663e-16
-1.16667e-15
-2.03324e-14
-1.47344e-14
-1.85779e-14
-1.34297e-14
-1.64993e-14
-1.888e-14
-2.15586e-14
-2.63994e-14
-1.62672e-14
-2.01685e-14
-2.34089e-14
-2.70208e-14
-2.02755e-14
-1.71446e-14
-1.12635e-14
-1.48862e-14
-1.90806e-14
-9.38102e-15
-2.7563e-15
-1.06328e-14
-1.16022e-14
-1.24972e-14
-1.50473e-14
-1.71267e-14
-6.56035e-15
-8.09717e-15
-1.25795e-14
-1.1886e-14
-6.83459e-15
3.15818e-15
3.68681e-15
5.74274e-15
2.6859e-15
8.96757e-15
1.04077e-14
5.92349e-15
5.73937e-15
1.24249e-14
1.4519e-14
1.11241e-14
5.29314e-15
6.6215e-15
6.99378e-15
1.42172e-15
-7.78482e-15
-8.36249e-15
-4.97314e-15
-2.40838e-15
3.0428e-15
-9.85116e-16
3.94088e-15
-1.1508e-15
-2.71086e-15
3.86798e-15
3.2669e-15
2.82979e-15
-2.61461e-15
-5.59452e-15
-1.01806e-14
-1.83705e-15
7.31951e-14
6.59399e-14
6.60338e-14
6.60888e-14
6.81612e-14
7.38738e-14
7.45128e-14
7.50317e-14
7.31234e-14
7.26964e-14
6.62215e-14
6.44125e-14
6.26788e-14
6.30112e-14
6.14996e-14
5.61071e-14
4.1478e-14
3.10267e-14
3.06083e-14
2.78573e-14
2.72065e-14
2.2925e-14
1.70807e-14
2.27766e-14
2.17652e-14
2.58874e-14
2.65142e-14
1.43891e-14
2.40891e-15
-5.7241e-16
6.68589e-15
4.14025e-15
-2.65722e-15
-7.50753e-15
-1.36633e-14
-1.09157e-14
-8.63479e-15
-1.20236e-14
-1.03918e-14
-9.18579e-15
-1.2014e-14
-1.09919e-14
-1.16589e-14
-1.67902e-14
-2.07722e-14
-2.26303e-14
-1.79998e-14
-2.14286e-14
-1.61714e-14
-2.06653e-14
-2.18167e-14
-2.3325e-14
-2.53386e-14
-2.20126e-14
-1.36188e-14
-1.10741e-14
-1.04085e-14
-7.62428e-15
-6.97314e-15
-1.47332e-14
-1.27173e-14
-1.33377e-14
-1.31696e-14
-1.19659e-14
-3.67465e-15
-2.49932e-15
-1.10336e-14
-1.23963e-14
-1.6029e-14
-2.5174e-15
4.42425e-15
7.62519e-15
1.36116e-15
5.67842e-15
1.29676e-14
6.07955e-15
6.91508e-15
8.36048e-15
6.13877e-15
8.43643e-15
3.60886e-15
8.83391e-15
8.22249e-15
2.34719e-15
-6.88873e-15
-5.90605e-15
-3.53006e-15
-5.91173e-15
4.03404e-15
4.69705e-15
-5.28893e-16
-3.72618e-15
-4.83352e-15
1.15696e-15
1.26304e-15
1.76873e-15
-9.13894e-16
-3.67998e-15
-9.80264e-15
-3.99339e-15
7.13588e-14
7.27779e-14
6.90547e-14
6.59258e-14
7.21072e-14
7.48889e-14
7.06169e-14
6.97777e-14
7.3783e-14
7.17331e-14
6.79078e-14
6.43171e-14
6.81957e-14
6.83124e-14
5.99732e-14
4.9445e-14
4.26935e-14
3.58286e-14
3.90533e-14
3.32689e-14
2.92472e-14
2.18837e-14
2.09648e-14
2.14655e-14
2.06208e-14
1.85332e-14
1.9931e-14
1.33376e-14
8.9247e-15
6.0155e-15
6.49277e-15
1.18953e-15
-2.65881e-15
-5.46091e-15
-1.53831e-14
-1.26071e-14
-1.10046e-14
-1.1431e-14
-1.33381e-14
-1.11097e-14
-1.35566e-14
-2.04807e-14
-1.24654e-14
-1.98021e-14
-1.26983e-14
-1.47394e-14
-1.17562e-14
-2.42889e-14
-2.40116e-14
-2.9206e-14
-2.12289e-14
-2.63902e-14
-2.60863e-14
-2.29174e-14
-9.48908e-15
-7.72729e-15
-8.50047e-15
-1.46678e-14
-1.13795e-14
-1.41574e-14
-1.44787e-14
-1.43039e-14
-8.41247e-15
-9.50788e-15
-1.11212e-14
-1.08167e-14
-1.13319e-14
-1.65179e-14
-1.19707e-14
1.62091e-15
6.98015e-15
1.79409e-15
4.78033e-15
7.10277e-15
8.08739e-15
2.5577e-15
6.1851e-15
9.54618e-15
4.94012e-15
5.91666e-15
5.62394e-15
8.27097e-15
1.07492e-14
-7.56385e-16
-5.23674e-15
-7.01319e-15
-7.79481e-15
-4.76007e-15
4.71451e-15
-4.48462e-16
-5.42244e-15
-1.0395e-14
-5.05166e-15
1.30619e-15
2.29458e-15
2.28515e-15
-7.63011e-15
-1.24227e-14
-6.70506e-15
-3.44282e-15
6.48799e-14
7.02916e-14
6.88649e-14
7.22283e-14
7.4117e-14
7.38169e-14
7.41707e-14
7.01343e-14
7.39059e-14
7.09639e-14
6.6299e-14
6.32738e-14
6.34004e-14
6.40595e-14
6.02776e-14
5.59573e-14
4.80321e-14
4.05668e-14
3.84616e-14
3.0961e-14
2.5419e-14
2.32631e-14
2.77546e-14
2.45966e-14
1.57035e-14
1.70246e-14
2.02313e-14
1.58358e-14
1.35228e-14
1.1217e-14
2.28433e-15
-6.40496e-15
-9.10838e-15
-3.85364e-15
-2.01795e-15
-1.16579e-14
-1.79797e-14
-1.22799e-14
-9.76842e-15
-1.61084e-14
-2.107e-14
-2.53375e-14
-1.88056e-14
-1.30583e-14
-1.15997e-14
-1.6685e-14
-1.38064e-14
-2.49015e-14
-1.88304e-14
-2.86962e-14
-2.73212e-14
-2.69271e-14
-2.70598e-14
-2.07518e-14
-1.22929e-14
-1.15207e-14
-1.71514e-14
-2.28462e-14
-9.88698e-15
-1.4396e-14
-1.20364e-14
-1.11828e-14
-8.62932e-15
-8.12254e-15
-1.30886e-14
-1.18702e-14
-1.19871e-14
-1.88821e-14
-1.14766e-14
-2.53635e-15
1.85539e-15
7.04911e-16
1.1384e-15
5.4856e-15
6.39771e-15
4.74268e-15
3.808e-15
5.5981e-15
4.67122e-15
3.84314e-15
3.62142e-15
4.56227e-15
8.80643e-15
1.47007e-15
1.4631e-15
-7.30309e-15
-3.26965e-15
-2.03516e-15
-1.43835e-15
-4.91058e-15
-1.48409e-15
-6.01097e-15
-6.34678e-15
-6.7531e-15
-2.67686e-15
-6.32391e-16
-8.00285e-15
-8.55326e-15
-4.10876e-15
-9.73578e-16
7.48179e-14
7.27251e-14
7.16064e-14
7.65918e-14
7.7193e-14
6.57331e-14
6.11266e-14
6.82203e-14
7.66133e-14
7.16168e-14
6.49528e-14
6.7113e-14
6.67366e-14
6.54208e-14
5.76151e-14
5.14508e-14
5.18526e-14
5.06444e-14
4.10122e-14
2.80439e-14
2.46699e-14
2.26725e-14
2.79406e-14
2.97481e-14
2.08597e-14
1.91135e-14
1.59698e-14
1.24732e-14
1.53427e-14
9.79363e-15
9.19851e-16
-6.96759e-15
-7.49799e-15
-8.66343e-15
-1.33386e-14
-1.28641e-14
-1.39263e-14
-1.58483e-14
-1.23685e-14
-1.64674e-14
-2.43732e-14
-2.65884e-14
-1.91456e-14
-1.13007e-14
-1.26884e-14
-1.19031e-14
-1.48597e-14
-2.13236e-14
-2.43674e-14
-2.92245e-14
-3.1796e-14
-3.05366e-14
-2.87611e-14
-1.6664e-14
-1.44298e-14
-9.7794e-15
-1.83238e-14
-2.30825e-14
-1.64634e-14
-1.22963e-14
-1.005e-14
-6.86638e-15
-1.25072e-14
-1.02059e-14
-1.2515e-14
-1.41906e-14
-1.32902e-14
-1.68423e-14
-1.38696e-14
-5.51932e-15
-3.64781e-16
5.23386e-15
2.90751e-15
1.92107e-15
3.23372e-15
5.78911e-15
1.69917e-15
-4.94056e-17
2.88089e-15
4.71995e-15
1.99256e-15
2.45091e-15
1.15318e-14
3.02011e-15
3.93722e-16
-1.59316e-15
-1.77352e-15
-4.18251e-15
-6.94344e-15
-6.34891e-15
-2.82541e-15
-6.16557e-15
-7.27229e-15
-4.21583e-15
-2.72231e-15
-5.28965e-15
-7.82388e-15
-9.50961e-15
-7.64762e-15
-1.72327e-15
7.42787e-14
7.14271e-14
7.06751e-14
7.62573e-14
8.01646e-14
7.67632e-14
7.34148e-14
7.14689e-14
6.46868e-14
6.44351e-14
6.83174e-14
6.68167e-14
6.32518e-14
5.9453e-14
5.83536e-14
6.0255e-14
5.93502e-14
4.32746e-14
3.42383e-14
3.63412e-14
3.45824e-14
2.42297e-14
2.56027e-14
2.73253e-14
2.12244e-14
1.54677e-14
1.70597e-14
1.49274e-14
1.39753e-14
5.46006e-15
4.04208e-15
-6.87697e-15
-1.0267e-14
-1.20656e-14
-1.23099e-14
-1.12026e-14
-1.15517e-14
-1.65198e-14
-2.16471e-14
-2.24788e-14
-2.81655e-14
-2.28915e-14
-1.72753e-14
-1.59959e-14
-1.61668e-14
-9.59338e-15
-1.00147e-14
-2.1533e-14
-3.07108e-14
-3.16108e-14
-2.79638e-14
-2.92438e-14
-2.73781e-14
-2.57511e-14
-2.29145e-14
-1.72193e-14
-2.02449e-14
-2.00437e-14
-1.62776e-14
-1.64885e-14
-7.48632e-15
-6.48029e-15
-1.42743e-14
-6.67623e-15
-1.06749e-14
-2.09051e-14
-2.19027e-14
-1.76617e-14
-1.09216e-14
-3.27502e-15
-1.50487e-15
4.7172e-15
6.16274e-15
-1.46552e-15
-1.96901e-15
7.72667e-16
4.07598e-15
2.54669e-15
5.007e-16
-9.23556e-16
-4.76241e-16
2.15874e-15
9.46072e-15
6.11176e-15
3.07349e-15
-1.4004e-15
2.57547e-15
-4.54555e-15
-4.07847e-15
-3.53901e-15
-1.04858e-14
-1.3179e-14
-1.08333e-14
-5.28853e-15
-4.25223e-16
-1.86057e-15
-8.28874e-15
-1.30288e-14
-1.83263e-14
-1.11811e-15
7.5289e-14
7.77502e-14
7.88134e-14
7.66515e-14
7.37934e-14
7.43995e-14
7.66117e-14
7.2349e-14
6.6189e-14
7.00405e-14
7.05307e-14
6.57213e-14
6.41787e-14
6.11124e-14
5.45177e-14
5.47992e-14
5.73477e-14
5.32578e-14
4.27024e-14
3.58064e-14
2.91248e-14
2.64517e-14
2.45801e-14
1.88041e-14
2.00539e-14
1.80191e-14
1.95117e-14
2.12152e-14
1.57224e-14
4.07779e-15
-4.04512e-15
-6.33554e-15
-1.20605e-14
-1.26363e-14
-1.54599e-14
-1.95604e-14
-1.71513e-14
-1.41543e-14
-2.09444e-14
-2.42029e-14
-2.46347e-14
-2.65175e-14
-2.12659e-14
-1.77397e-14
-1.33682e-14
-1.62096e-14
-1.60357e-14
-2.15045e-14
-2.97669e-14
-3.62145e-14
-3.11499e-14
-2.83404e-14
-2.77191e-14
-2.74796e-14
-3.09301e-14
-2.46113e-14
-1.86171e-14
-2.07239e-14
-1.76162e-14
-1.16576e-14
-7.85617e-15
-7.07381e-15
-1.76781e-14
-1.15542e-14
-6.09002e-15
-1.3593e-14
-2.26973e-14
-1.69268e-14
-8.51381e-15
-7.32133e-15
-3.69047e-15
2.45642e-15
2.55276e-15
-3.80003e-15
-3.6559e-15
5.40722e-16
2.03696e-15
-6.09046e-16
-1.0441e-15
1.31277e-15
2.53191e-15
3.10675e-15
7.80622e-15
5.58998e-15
3.95538e-15
-2.01094e-15
-4.33726e-15
-7.26451e-15
-2.98675e-15
-5.07151e-15
-1.35864e-14
-1.59066e-14
-1.52143e-14
-1.3166e-14
-3.75834e-15
-9.92828e-16
-6.95393e-15
-1.21198e-14
-1.20178e-14
-3.98193e-15
7.49618e-14
7.73669e-14
7.65552e-14
7.79389e-14
7.81509e-14
8.23362e-14
7.44811e-14
7.4184e-14
7.46225e-14
6.82635e-14
6.01067e-14
6.32285e-14
6.32527e-14
6.23467e-14
6.476e-14
6.09101e-14
5.74046e-14
4.85269e-14
4.27599e-14
4.14517e-14
3.78215e-14
2.23374e-14
2.4009e-14
2.14445e-14
1.84623e-14
1.47301e-14
2.20567e-14
1.43581e-14
6.16491e-15
3.72615e-15
2.61496e-16
-5.05436e-15
-7.84103e-15
-4.85034e-15
-2.0787e-14
-2.44849e-14
-2.2361e-14
-1.4921e-14
-1.7439e-14
-2.94434e-14
-2.88989e-14
-2.60828e-14
-1.96994e-14
-1.92343e-14
-1.59737e-14
-1.04273e-14
-1.88496e-14
-2.54363e-14
-3.38311e-14
-3.56743e-14
-3.13334e-14
-2.91693e-14
-2.95346e-14
-3.14957e-14
-3.28408e-14
-3.12152e-14
-1.96452e-14
-2.29153e-14
-1.90897e-14
-1.14315e-14
-7.1203e-15
-1.12793e-14
-1.48811e-14
-1.65768e-14
-1.07613e-14
-8.99606e-15
-1.97635e-14
-2.0764e-14
-1.22715e-14
-1.67772e-15
-2.5852e-15
1.00235e-15
-1.70762e-15
-4.89937e-15
-5.92632e-16
-6.67978e-15
-4.13228e-15
9.66864e-16
7.13962e-16
2.62227e-17
2.77926e-15
5.23373e-15
3.9955e-15
2.78028e-15
3.96431e-15
-1.25227e-15
-3.56635e-15
-9.47954e-15
-3.69728e-15
-6.51722e-15
-1.4512e-14
-1.57662e-14
-1.77348e-14
-1.07666e-14
-3.48757e-15
1.55571e-16
-1.20135e-14
-1.2652e-14
-8.40172e-15
-2.91689e-15
8.10709e-14
8.26371e-14
8.09154e-14
7.65929e-14
7.33256e-14
8.22378e-14
8.21846e-14
8.01416e-14
7.21681e-14
6.51654e-14
5.59785e-14
6.03075e-14
6.78526e-14
7.16717e-14
6.16818e-14
6.1457e-14
5.81497e-14
4.68008e-14
4.56937e-14
4.4009e-14
3.84525e-14
2.92723e-14
2.53128e-14
2.28317e-14
1.63026e-14
1.46931e-14
2.38213e-14
1.91092e-14
1.42199e-14
6.55975e-15
-4.14638e-15
-9.27938e-15
-1.07647e-14
-1.17593e-14
-2.42377e-14
-1.87237e-14
-1.806e-14
-1.63636e-14
-1.7649e-14
-2.86448e-14
-3.055e-14
-3.27064e-14
-2.95317e-14
-2.24953e-14
-1.67821e-14
-1.72855e-14
-1.82819e-14
-2.82073e-14
-3.99848e-14
-3.59631e-14
-2.76701e-14
-2.995e-14
-3.37272e-14
-3.6063e-14
-3.92274e-14
-2.967e-14
-2.42648e-14
-2.34455e-14
-1.83796e-14
-1.24775e-14
-6.35515e-15
-1.12664e-14
-1.21919e-14
-1.36604e-14
-4.41507e-15
-9.15138e-15
-2.57037e-14
-1.41501e-14
-6.76208e-15
-1.18761e-14
-1.76653e-14
-5.81843e-15
-7.44325e-16
-3.09957e-15
-4.0657e-15
-5.95559e-15
-1.51945e-15
3.62108e-15
4.31868e-15
6.86208e-15
1.90088e-15
6.68249e-16
2.47346e-16
6.4511e-15
4.42764e-15
1.75948e-15
-6.99258e-15
-8.29448e-15
-5.24662e-15
-6.36584e-15
-1.772e-14
-1.33377e-14
-1.97777e-14
-1.15677e-14
-6.13049e-15
-7.54051e-15
-8.55404e-15
-1.14699e-14
-5.1854e-15
1.84287e-15
8.24573e-14
8.51553e-14
8.1401e-14
7.93837e-14
8.29311e-14
8.559e-14
8.61099e-14
8.41829e-14
7.92599e-14
6.18883e-14
4.96221e-14
5.04434e-14
6.23754e-14
7.23966e-14
6.49242e-14
6.3601e-14
5.8688e-14
5.19855e-14
4.91025e-14
5.03606e-14
3.88848e-14
2.32829e-14
2.26245e-14
2.44881e-14
2.20982e-14
2.23966e-14
2.50313e-14
1.61432e-14
6.22964e-15
5.27066e-15
-4.01779e-15
-1.11038e-14
-1.18349e-14
-1.01076e-14
-1.34528e-14
-1.78914e-14
-2.39803e-14
-2.46647e-14
-1.75445e-14
-2.3513e-14
-3.10809e-14
-3.27876e-14
-2.09506e-14
-1.74058e-14
-1.74836e-14
-2.76298e-14
-2.97148e-14
-3.10382e-14
-3.46995e-14
-3.87958e-14
-4.05721e-14
-3.64906e-14
-3.55856e-14
-3.63683e-14
-3.58877e-14
-2.94428e-14
-2.64724e-14
-2.39596e-14
-1.61381e-14
-1.0683e-14
-9.15569e-15
-1.68969e-14
-1.39598e-14
-1.54581e-14
-1.03923e-14
-1.10272e-14
-1.47895e-14
-1.29965e-14
-9.95469e-15
-1.2812e-14
-1.1584e-14
-1.39561e-14
-1.2285e-14
-8.62769e-15
-2.80778e-15
-2.86724e-15
-2.39334e-15
1.43905e-15
2.44756e-15
4.61611e-15
4.05599e-15
1.01542e-14
7.57414e-15
4.48861e-15
-2.24166e-15
-6.28347e-15
-1.18907e-14
-1.12225e-14
-3.94363e-15
-6.52613e-15
-1.68723e-14
-1.89608e-14
-1.91265e-14
-9.40424e-15
-8.82516e-15
-4.69325e-15
-1.84103e-15
-7.0291e-15
-4.3655e-15
-3.06388e-15
8.62493e-14
8.34608e-14
8.24002e-14
8.3368e-14
8.24491e-14
9.03636e-14
8.83051e-14
8.00072e-14
6.45915e-14
6.23166e-14
5.85596e-14
6.42893e-14
6.21525e-14
6.91755e-14
6.57347e-14
6.73633e-14
6.1894e-14
5.1451e-14
4.34491e-14
3.77534e-14
3.59403e-14
3.19799e-14
3.31966e-14
3.48722e-14
2.6095e-14
2.50894e-14
2.24306e-14
1.68411e-14
8.96994e-15
1.04829e-14
-4.20338e-15
-1.75436e-14
-1.32699e-14
-1.41511e-14
-1.4051e-14
-1.42088e-14
-2.10045e-14
-2.58916e-14
-2.05676e-14
-2.39504e-14
-2.70421e-14
-3.35693e-14
-2.76092e-14
-2.32849e-14
-2.20309e-14
-2.34294e-14
-2.88177e-14
-3.26937e-14
-4.04331e-14
-4.14491e-14
-4.44113e-14
-4.26509e-14
-4.26361e-14
-3.60927e-14
-3.35281e-14
-2.73434e-14
-2.53496e-14
-2.30226e-14
-1.97278e-14
-1.1818e-14
-6.71228e-15
-1.5676e-14
-1.18228e-14
-1.14938e-14
-1.2805e-14
-1.34479e-14
-1.97077e-14
-1.11974e-14
-6.43837e-15
-1.41679e-14
-1.38575e-14
-1.7335e-14
-1.0428e-14
-6.36787e-15
-2.87204e-15
-6.27914e-15
-6.89956e-15
-3.74038e-15
3.34634e-15
7.57258e-15
8.17199e-15
6.1438e-15
6.09135e-15
-6.93063e-16
2.46629e-16
-5.95074e-15
-8.14108e-15
-9.19555e-15
-1.35676e-14
-1.1239e-14
-1.38682e-14
-1.8504e-14
-1.79661e-14
-1.03622e-14
-1.05752e-14
-2.59456e-15
-6.15569e-15
-4.08645e-15
-2.51057e-15
-2.83799e-15
9.15564e-14
8.53711e-14
8.46472e-14
8.62409e-14
8.72082e-14
8.90881e-14
9.59723e-14
8.65519e-14
6.95704e-14
6.10329e-14
5.4367e-14
5.57769e-14
6.08594e-14
6.51496e-14
6.64932e-14
6.56943e-14
5.63017e-14
4.85903e-14
5.15515e-14
5.12965e-14
4.22703e-14
2.97237e-14
2.97574e-14
3.48529e-14
2.76578e-14
2.26861e-14
2.2832e-14
1.9616e-14
1.28362e-14
4.04143e-15
-1.14704e-14
-1.00965e-14
-5.71581e-15
-1.12368e-14
-1.22831e-14
-2.17486e-14
-3.14866e-14
-2.82985e-14
-2.37356e-14
-1.96855e-14
-2.41942e-14
-3.11208e-14
-2.98031e-14
-2.07797e-14
-2.13773e-14
-2.68957e-14
-3.11463e-14
-3.99677e-14
-4.09176e-14
-4.23441e-14
-4.53126e-14
-4.01972e-14
-3.97912e-14
-3.50402e-14
-3.43232e-14
-3.12748e-14
-2.87898e-14
-2.31715e-14
-2.82557e-14
-1.19859e-14
-3.71048e-15
-9.73101e-15
-1.20919e-14
-1.04525e-14
-1.40059e-14
-1.38252e-14
-1.87688e-14
-1.46811e-14
-1.01355e-14
-1.19161e-14
-1.40046e-14
-1.12225e-14
-1.33858e-14
-9.21326e-15
-1.00959e-14
-5.82597e-15
-4.23053e-15
4.53179e-16
-1.54539e-17
4.94686e-15
4.23634e-15
7.86822e-15
1.02335e-14
3.94634e-15
-2.70653e-15
-1.18521e-14
-1.25256e-14
-1.13367e-14
-1.3708e-14
-1.6255e-14
-1.61769e-14
-1.71733e-14
-1.61894e-14
-1.47061e-14
-1.17223e-14
-6.05036e-15
-1.03568e-14
-1.22115e-15
-7.32695e-16
-1.98942e-15
9.24815e-14
8.80219e-14
8.86443e-14
8.77969e-14
8.83656e-14
8.91189e-14
8.59089e-14
8.18067e-14
7.18137e-14
6.56721e-14
6.24247e-14
5.69062e-14
5.83347e-14
6.50742e-14
6.26237e-14
6.21561e-14
6.21228e-14
5.24535e-14
5.08344e-14
5.00823e-14
4.42323e-14
3.85568e-14
3.29315e-14
3.09042e-14
2.72428e-14
2.92199e-14
2.75938e-14
1.786e-14
1.2189e-14
4.8456e-15
-4.32705e-15
-1.09763e-14
-7.46084e-15
-1.25936e-14
-1.59804e-14
-2.51434e-14
-2.76425e-14
-3.05939e-14
-2.25736e-14
-2.2909e-14
-2.18416e-14
-2.93308e-14
-2.8186e-14
-2.37454e-14
-2.35306e-14
-2.76423e-14
-3.39671e-14
-3.73314e-14
-4.06219e-14
-4.08764e-14
-4.66945e-14
-4.11456e-14
-3.85145e-14
-3.87892e-14
-3.34353e-14
-2.97043e-14
-2.80987e-14
-2.11736e-14
-2.13708e-14
-1.12679e-14
-8.72471e-15
-1.22563e-14
-9.66667e-15
-7.66706e-15
-1.27961e-14
-1.16289e-14
-1.71816e-14
-1.6539e-14
-9.42618e-15
-1.5127e-14
-1.38165e-14
-1.72719e-14
-1.25902e-14
-8.23437e-15
-7.71463e-15
-3.52307e-15
-5.30988e-15
-2.05981e-15
1.47599e-15
3.54889e-15
5.47224e-15
2.93656e-15
6.99643e-15
1.01751e-15
-4.062e-15
-9.15884e-15
-1.25358e-14
-1.06628e-14
-9.94412e-15
-1.39752e-14
-1.97049e-14
-1.72307e-14
-1.76897e-14
-1.67069e-14
-1.25569e-14
-9.89061e-15
-8.42943e-15
-1.43517e-15
5.55875e-16
-3.97472e-15
9.19583e-14
8.37541e-14
8.98632e-14
9.03255e-14
9.03816e-14
8.89692e-14
8.79225e-14
8.44661e-14
7.61093e-14
6.52533e-14
5.77179e-14
5.99611e-14
6.12393e-14
6.06657e-14
6.10733e-14
6.22735e-14
6.14117e-14
5.40314e-14
5.1809e-14
5.36916e-14
5.00456e-14
5.38975e-14
4.2342e-14
3.17865e-14
2.58784e-14
2.37299e-14
2.52401e-14
1.85662e-14
1.69498e-14
5.5279e-15
-5.5826e-15
-1.04294e-14
-1.31557e-14
-1.26664e-14
-1.90811e-14
-2.16295e-14
-3.00193e-14
-3.01471e-14
-2.49518e-14
-2.06274e-14
-2.28294e-14
-3.03878e-14
-3.25279e-14
-2.65339e-14
-2.93584e-14
-2.84438e-14
-3.23966e-14
-3.50753e-14
-3.8692e-14
-4.46754e-14
-4.56219e-14
-4.36513e-14
-3.75039e-14
-3.53954e-14
-3.86293e-14
-3.07193e-14
-2.47227e-14
-2.06774e-14
-1.81031e-14
-1.51426e-14
-1.32087e-14
-1.04311e-14
-4.9835e-15
-1.89925e-15
-1.01349e-14
-2.01868e-14
-2.5596e-14
-1.0543e-14
-1.15297e-14
-1.56228e-14
-1.33274e-14
-1.59184e-14
-1.2462e-14
-1.07139e-14
-5.0319e-15
-5.60276e-15
-7.76492e-15
-5.40432e-15
4.11976e-15
4.58068e-15
2.75475e-15
6.53674e-15
6.16491e-15
2.16088e-15
-3.36664e-15
-8.45979e-15
-1.2599e-14
-1.67232e-14
-1.21432e-14
-1.19111e-14
-1.45412e-14
-1.44061e-14
-1.84986e-14
-1.66259e-14
-1.58876e-14
-1.57281e-14
-9.80274e-15
-2.38206e-15
5.85365e-16
-1.11118e-15
8.81501e-14
8.38175e-14
8.68551e-14
9.18457e-14
9.47253e-14
9.10291e-14
8.99113e-14
8.46661e-14
8.16663e-14
7.34654e-14
5.97995e-14
5.23822e-14
5.94609e-14
5.80577e-14
6.41154e-14
6.19124e-14
6.15135e-14
5.95605e-14
5.27959e-14
5.16847e-14
5.07922e-14
5.34228e-14
3.85828e-14
3.64538e-14
3.00636e-14
2.96266e-14
2.6238e-14
2.00162e-14
1.56682e-14
8.30174e-15
-5.21795e-15
-9.83915e-15
-2.03202e-14
-1.96581e-14
-2.06594e-14
-2.32463e-14
-2.54358e-14
-2.67178e-14
-2.66869e-14
-2.62742e-14
-2.55235e-14
-2.77538e-14
-3.08849e-14
-2.9415e-14
-2.96806e-14
-2.92386e-14
-3.24807e-14
-3.56897e-14
-4.58625e-14
-4.63344e-14
-4.32685e-14
-3.89621e-14
-3.28576e-14
-3.2045e-14
-3.49727e-14
-2.97489e-14
-2.77817e-14
-2.30395e-14
-1.98562e-14
-1.43435e-14
-1.49196e-14
-9.32886e-15
-4.76714e-16
6.51712e-16
-1.25111e-14
-2.75781e-14
-2.92483e-14
-2.2432e-14
-1.43922e-14
-8.88006e-15
-3.07012e-15
-7.77815e-15
-1.41907e-14
-1.46783e-14
-8.60208e-15
-7.45967e-15
-5.61095e-15
2.56159e-15
2.41339e-15
-2.18211e-16
-4.31997e-15
5.22368e-15
8.07781e-15
2.90467e-15
-7.41295e-15
-1.50585e-14
-4.67768e-15
-9.53419e-15
-1.34135e-14
-1.5559e-14
-1.66414e-14
-1.80852e-14
-1.56862e-14
-1.37451e-14
-1.86477e-14
-1.91526e-14
-1.20786e-14
-5.8566e-15
-5.74222e-15
-3.70792e-16
8.66962e-14
8.69703e-14
8.87771e-14
8.88969e-14
9.67147e-14
9.39203e-14
9.05619e-14
8.40326e-14
7.677e-14
6.5404e-14
6.10444e-14
6.13798e-14
6.37455e-14
5.76423e-14
5.71983e-14
6.02232e-14
5.44808e-14
5.98727e-14
5.73896e-14
5.96884e-14
5.0547e-14
4.86527e-14
4.79561e-14
3.82725e-14
3.14814e-14
2.68456e-14
2.82523e-14
1.95361e-14
1.13422e-14
3.50756e-15
1.07493e-15
-3.49448e-15
-1.8268e-14
-2.46931e-14
-2.70698e-14
-2.76959e-14
-2.5323e-14
-2.18895e-14
-2.68478e-14
-2.66735e-14
-2.92545e-14
-2.78225e-14
-3.2767e-14
-3.45374e-14
-2.84511e-14
-2.85632e-14
-3.32171e-14
-3.39507e-14
-4.12173e-14
-4.40917e-14
-4.40665e-14
-4.14264e-14
-3.58074e-14
-3.33112e-14
-2.85411e-14
-2.68206e-14
-2.55928e-14
-1.89338e-14
-1.61842e-14
-1.64313e-14
-1.45225e-14
-1.3489e-14
-8.44451e-15
-9.84673e-15
-1.22451e-14
-1.88188e-14
-1.97304e-14
-1.91398e-14
-1.47763e-14
-9.70589e-15
-1.22858e-14
-1.24633e-14
-1.44859e-14
-1.17847e-14
-1.03478e-14
-7.85198e-15
-6.9651e-16
-1.15158e-15
4.41002e-16
-2.76657e-15
8.76344e-16
4.16224e-15
3.58724e-15
-1.59302e-15
-3.63319e-15
-1.0165e-14
-7.72664e-15
-1.19048e-14
-1.51229e-14
-1.62029e-14
-1.44992e-14
-1.73369e-14
-1.73189e-14
-1.73374e-14
-1.73515e-14
-1.71178e-14
-1.12697e-14
-9.2566e-15
-4.12803e-15
-9.82745e-16
8.50934e-14
8.69163e-14
8.63927e-14
9.19021e-14
9.94628e-14
9.56221e-14
8.72936e-14
8.31384e-14
7.87849e-14
6.65717e-14
5.65719e-14
5.52216e-14
6.32542e-14
6.3564e-14
5.96342e-14
5.9384e-14
5.96486e-14
5.93688e-14
5.38258e-14
6.17325e-14
5.01453e-14
5.05387e-14
4.79439e-14
3.90811e-14
2.81237e-14
2.64617e-14
3.12737e-14
2.49748e-14
1.52726e-14
1.30871e-15
-2.22327e-15
-9.57524e-15
-1.89186e-14
-2.19859e-14
-2.41999e-14
-2.79078e-14
-2.09781e-14
-2.68872e-14
-3.56808e-14
-3.25367e-14
-3.02827e-14
-2.83254e-14
-3.23502e-14
-3.03926e-14
-3.20338e-14
-3.18937e-14
-3.00965e-14
-3.61346e-14
-4.41145e-14
-4.73524e-14
-4.2851e-14
-3.26658e-14
-2.9235e-14
-2.95923e-14
-2.40785e-14
-2.15438e-14
-2.39744e-14
-1.80614e-14
-1.59735e-14
-1.9144e-14
-1.26087e-14
-1.10688e-14
-1.28862e-14
-1.00121e-14
-1.49404e-14
-2.12288e-14
-1.80206e-14
-2.09417e-14
-1.48732e-14
-9.07906e-15
-4.66058e-15
-7.74315e-15
-1.20702e-14
-8.95784e-15
-9.58882e-15
-6.5993e-15
-2.65037e-15
-1.5163e-15
-2.63996e-15
-1.571e-15
-1.55419e-15
3.59434e-16
6.50021e-15
-2.31747e-15
-8.75334e-15
-7.64991e-15
-1.52271e-14
-1.2561e-14
-1.56115e-14
-1.11367e-14
-1.19834e-14
-1.90956e-14
-1.85665e-14
-1.91734e-14
-1.89142e-14
-1.56526e-14
-1.29525e-14
-6.80373e-15
-6.2797e-15
-9.48754e-16
8.25003e-14
8.48522e-14
9.04629e-14
8.94249e-14
9.79815e-14
9.67103e-14
9.03637e-14
8.26068e-14
7.38667e-14
6.31188e-14
6.01611e-14
6.38413e-14
6.21988e-14
5.86047e-14
6.00145e-14
6.21277e-14
5.51392e-14
6.1075e-14
5.59901e-14
6.19958e-14
4.72246e-14
4.83159e-14
5.23844e-14
4.34013e-14
2.8232e-14
2.74392e-14
3.55423e-14
2.31875e-14
1.46153e-14
4.82759e-15
1.54776e-15
-8.93387e-15
-1.82293e-14
-2.62501e-14
-2.79809e-14
-2.96164e-14
-2.7324e-14
-2.25918e-14
-3.11797e-14
-3.1443e-14
-2.96835e-14
-3.3904e-14
-3.42656e-14
-3.10817e-14
-3.62604e-14
-3.50799e-14
-2.56158e-14
-3.62171e-14
-3.98828e-14
-4.28105e-14
-4.44263e-14
-3.47793e-14
-2.90411e-14
-3.00322e-14
-2.4749e-14
-2.07058e-14
-2.22007e-14
-2.04153e-14
-1.58953e-14
-1.83187e-14
-1.21277e-14
-1.21352e-14
-1.4115e-14
-1.12793e-14
-1.07873e-14
-1.67903e-14
-1.45847e-14
-2.02008e-14
-1.73584e-14
-4.93625e-15
-6.11635e-15
-9.98882e-15
-1.09265e-14
-9.74881e-15
-1.0034e-14
-4.0546e-15
-7.54499e-15
-5.91156e-15
-5.31884e-15
-2.59251e-15
5.33266e-15
4.73049e-15
5.12427e-15
-4.11473e-15
-9.58959e-15
-9.52298e-15
-1.29205e-14
-1.20521e-14
-1.73305e-14
-1.16121e-14
-1.38611e-14
-1.95829e-14
-1.91177e-14
-1.9672e-14
-2.11484e-14
-1.96688e-14
-1.8529e-14
-6.43862e-15
-7.61004e-16
9.55075e-16
)
;

boundaryField
{
    inlet
    {
        type            zeroGradient;
    }
    outlet
    {
        type            fixedValue;
        value           uniform 0;
    }
    down
    {
        type            empty;
    }
    up
    {
        type            empty;
    }
    sides
    {
        type            zeroGradient;
    }
}

