/*--------------------------------*- C++ -*----------------------------------*\
| =========                 |                                                 |
| \\      /  F ield         | OpenFOAM: The Open Source CFD Toolbox           |
|  \\    /   O peration     | Version:  v2012                                 |
|   \\  /    A nd           | Website:  www.openfoam.com                      |
|    \\/     M anipulation  |                                                 |
\*---------------------------------------------------------------------------*/
FoamFile
{
    version     2.0;
    format      ascii;
    class       volVectorField;
    location    "0";
    object      uRec;
}
// * * * * * * * * * * * * * * * * * * * * * * * * * * * * * * * * * * * * * //

dimensions      [0 1 -1 0 0 0 0];


internalField   nonuniform List<vector> 
4000
(
(1 2.30837e-16 0)
(1 2.34127e-15 0)
(1 -6.51484e-16 0)
(1 -1.67155e-15 0)
(1 1.90156e-15 0)
(1 3.01742e-16 0)
(1 2.36046e-15 0)
(1 -2.24913e-15 0)
(1 1.54264e-16 0)
(1 2.58229e-15 0)
(1 -2.66734e-15 0)
(1 -1.65745e-16 0)
(1 1.03238e-15 0)
(1 2.18814e-16 0)
(1 -9.42175e-17 0)
(1 -4.54188e-16 0)
(1 -1.76126e-15 0)
(1 -2.30598e-15 0)
(1 7.7235e-16 0)
(1 -6.33605e-16 0)
(1 -1.15984e-16 0)
(1 1.93885e-15 0)
(1 8.44786e-16 0)
(1 2.6474e-15 0)
(1 2.26969e-16 0)
(1 -5.65384e-16 0)
(1 1.02245e-15 0)
(1 -1.78279e-15 0)
(1 -1.05953e-15 0)
(1 1.50182e-16 0)
(1 4.88502e-16 0)
(1 2.41133e-15 0)
(1 -1.04012e-15 0)
(1 1.35373e-16 0)
(1 1.69197e-15 0)
(1 -5.35754e-16 0)
(1 -6.04369e-16 0)
(1 7.72607e-16 0)
(1 2.56815e-15 0)
(1 -1.70647e-16 0)
(1 1.4082e-15 0)
(1 -1.76474e-15 0)
(1 -7.55344e-16 0)
(1 -6.07968e-16 0)
(1 1.1946e-15 0)
(1 -1.55538e-15 0)
(1 7.25074e-16 0)
(1 2.21839e-16 0)
(1 -4.50608e-16 0)
(1 2.61965e-16 0)
(1 -8.79423e-16 0)
(1 1.17509e-15 0)
(1 -9.02529e-17 0)
(1 1.87597e-15 0)
(1 8.471e-16 0)
(1 -5.52336e-17 0)
(1 -6.64617e-16 0)
(1 -5.74909e-16 0)
(1 1.1753e-15 0)
(1 3.6386e-15 0)
(1 4.82408e-16 0)
(1 -1.47895e-15 0)
(1 -5.75857e-16 0)
(1 5.25543e-16 0)
(1 1.39579e-16 0)
(1 -1.86673e-16 0)
(1 8.01205e-16 0)
(1 -8.00667e-16 0)
(1 1.26597e-15 0)
(1 -6.76924e-16 0)
(1 -6.94696e-16 0)
(1 5.17025e-17 0)
(1 4.94246e-16 0)
(1 -2.75259e-16 0)
(1 -6.13853e-16 0)
(1 -2.21023e-15 0)
(1 -4.01566e-16 0)
(1 -8.8508e-16 0)
(1 8.84995e-16 0)
(1 1.50786e-15 0)
(1 1.81803e-16 0)
(1 1.28062e-15 0)
(1 -7.85078e-16 0)
(1 1.72626e-16 0)
(1 -1.13381e-15 0)
(1 -9.84518e-16 0)
(1 -9.699e-16 0)
(1 7.04802e-16 0)
(1 1.45676e-15 0)
(1 7.7581e-16 0)
(1 1.77972e-16 0)
(1 -1.11388e-15 0)
(1 4.60822e-16 0)
(1 1.48285e-15 0)
(1 -1.42587e-15 0)
(1 -2.45052e-15 0)
(1 -1.65763e-16 0)
(1 2.06113e-15 0)
(1 1.65457e-16 0)
(1 -2.49308e-16 0)
(1 2.77609e-16 0)
(1 5.06838e-15 0)
(1 -6.69594e-16 0)
(1 -2.76401e-15 0)
(1 6.3499e-16 0)
(1 1.13935e-15 0)
(1 2.5788e-15 0)
(1 -3.167e-15 0)
(1 4.33174e-16 0)
(1 1.36379e-15 0)
(1 -8.17364e-16 0)
(1 1.14549e-15 0)
(1 1.72789e-15 0)
(1 -1.56397e-16 0)
(1 -9.64199e-16 0)
(1 5.48956e-16 0)
(1 -1.22018e-15 0)
(1 -8.63019e-16 0)
(1 1.58185e-15 0)
(1 -1.03548e-15 0)
(1 -5.28144e-16 0)
(1 5.54166e-16 0)
(1 -8.59795e-16 0)
(1 1.38777e-15 0)
(1 -6.37552e-16 0)
(1 7.53304e-16 0)
(1 2.82682e-15 0)
(1 -2.09839e-15 0)
(1 -1.93059e-15 0)
(1 1.31713e-15 0)
(1 -6.93929e-16 0)
(1 3.28464e-15 0)
(1 -1.34901e-15 0)
(1 -6.71075e-16 0)
(1 1.54029e-15 0)
(1 -1.18751e-15 0)
(1 8.13688e-17 0)
(1 2.95251e-15 0)
(1 2.47862e-15 0)
(1 -9.00382e-17 0)
(1 -8.49514e-16 0)
(1 -1.80841e-15 0)
(1 -3.24576e-15 0)
(1 -1.99897e-15 0)
(1 -7.29274e-16 0)
(1 -2.06839e-15 0)
(1 2.74107e-15 0)
(1 3.08443e-15 0)
(1 2.66957e-15 0)
(1 1.35224e-15 0)
(1 -6.45871e-17 0)
(1 3.61727e-17 0)
(1 2.8475e-15 0)
(1 1.63265e-15 0)
(1 1.5179e-15 0)
(1 -2.06256e-16 0)
(1 -4.37871e-16 0)
(1 2.06421e-15 0)
(1 8.80773e-17 0)
(1 -1.49802e-15 0)
(1 -2.39497e-16 0)
(1 6.41731e-16 0)
(1 -1.61406e-16 0)
(1 1.29379e-15 0)
(1 1.49691e-16 0)
(1 1.9425e-15 0)
(1 -1.18768e-15 0)
(1 -1.75583e-15 0)
(1 9.89782e-16 0)
(1 -7.72644e-16 0)
(1 -1.61963e-15 0)
(1 5.91951e-16 0)
(1 1.8574e-15 0)
(1 -1.09908e-15 0)
(1 -3.44044e-16 0)
(1 -3.81862e-16 0)
(1 2.08178e-16 0)
(1 1.89043e-15 0)
(1 3.38347e-16 0)
(1 2.2744e-15 0)
(1 -4.23202e-16 0)
(1 5.66583e-16 0)
(1 2.25534e-15 0)
(1 -8.88289e-16 0)
(1 2.96558e-16 0)
(1 -9.11041e-16 0)
(1 -2.52995e-15 0)
(1 -1.5492e-15 0)
(1 2.54235e-16 0)
(1 1.46267e-15 0)
(1 -3.01198e-16 0)
(1 -2.12858e-15 0)
(1 2.43099e-15 0)
(1 1.53196e-15 0)
(1 -3.32536e-15 0)
(1 -2.86326e-15 0)
(1 1.07049e-15 0)
(1 1.85724e-15 0)
(1 -1.24188e-16 0)
(1 -2.79565e-16 0)
(1 5.98606e-16 0)
(1 2.54324e-15 0)
(1 2.13457e-16 0)
(1 -7.02546e-16 0)
(1 -4.33182e-16 0)
(1 1.00686e-15 0)
(1 1.80116e-15 0)
(1 4.44919e-15 0)
(1 -1.99357e-15 0)
(1 -1.73867e-15 0)
(1 3.30918e-16 0)
(1 3.43424e-15 0)
(1 2.80433e-15 0)
(1 -6.09654e-16 0)
(1 -3.62232e-16 0)
(1 -4.68281e-16 0)
(1 2.65049e-16 0)
(1 6.97829e-16 0)
(1 4.12795e-16 0)
(1 2.13971e-15 0)
(1 5.70746e-17 0)
(1 -4.03377e-16 0)
(1 -4.71378e-16 0)
(1 1.602e-16 0)
(1 2.0854e-15 0)
(1 3.28615e-15 0)
(1 2.32389e-15 0)
(1 -2.00096e-15 0)
(1 -1.7801e-15 0)
(1 7.94307e-16 0)
(1 1.12616e-15 0)
(1 -1.66829e-15 0)
(1 7.28494e-16 0)
(1 1.51301e-15 0)
(1 1.09571e-16 0)
(1 1.45582e-16 0)
(1 -8.01315e-16 0)
(1 2.12959e-15 0)
(1 2.58659e-15 0)
(1 -8.07245e-16 0)
(1 -1.85949e-15 0)
(1 -1.60112e-16 0)
(1 -2.74019e-15 0)
(1 -3.12185e-15 0)
(1 -2.12608e-15 0)
(1 -5.72346e-16 0)
(1 -8.87698e-16 0)
(1 2.84128e-15 0)
(1 4.3433e-15 0)
(1 3.30781e-15 0)
(1 2.53011e-15 0)
(1 1.49421e-15 0)
(1 4.34931e-15 0)
(1 -6.19316e-16 0)
(1 1.25921e-15 0)
(1 -1.05802e-15 0)
(1 1.02118e-15 0)
(1 1.91772e-15 0)
(1 2.41503e-15 0)
(1 -9.68821e-16 0)
(1 -8.61058e-16 0)
(1 9.99777e-16 0)
(1 1.43222e-15 0)
(1 -1.29876e-15 0)
(1 -4.63067e-16 0)
(1 1.17616e-15 0)
(1 -7.73609e-16 0)
(1 7.49668e-16 0)
(1 1.54855e-15 0)
(1 7.7239e-16 0)
(1 9.98484e-16 0)
(1 1.60011e-15 0)
(1 4.76434e-16 0)
(1 -2.3628e-15 0)
(1 -1.36302e-15 0)
(1 -2.52647e-16 0)
(1 -6.56889e-17 0)
(1 1.16458e-15 0)
(1 1.38093e-15 0)
(1 -6.51012e-16 0)
(1 -1.91213e-15 0)
(1 -1.10062e-15 0)
(1 1.58751e-15 0)
(1 -4.80546e-16 0)
(1 1.14732e-16 0)
(1 3.43128e-16 0)
(1 -2.04508e-15 0)
(1 -2.23718e-15 0)
(1 -8.97149e-16 0)
(1 1.51248e-15 0)
(1 2.96768e-16 0)
(1 -6.68958e-16 0)
(1 -7.9049e-17 0)
(1 1.00649e-15 0)
(1 -1.4341e-15 0)
(1 -1.60188e-15 0)
(1 1.45567e-15 0)
(1 -1.61427e-15 0)
(1 1.68985e-16 0)
(1 5.32955e-16 0)
(1 4.033e-16 0)
(1 2.36123e-15 0)
(1 2.11014e-15 0)
(1 -5.68105e-16 0)
(1 2.5339e-16 0)
(1 -1.56501e-15 0)
(1 1.06083e-15 0)
(1 5.91783e-15 0)
(1 6.92499e-16 0)
(1 -7.487e-17 0)
(1 -7.22109e-16 0)
(1 5.77079e-15 0)
(1 6.34876e-16 0)
(1 -2.37379e-15 0)
(1 2.99366e-15 0)
(1 -2.07029e-15 0)
(1 6.5885e-16 0)
(1 -2.16983e-15 0)
(1 -3.09651e-15 0)
(1 5.22905e-15 0)
(1 -3.93794e-16 0)
(1 2.08835e-15 0)
(1 1.45589e-15 0)
(1 1.10729e-15 0)
(1 4.61118e-15 0)
(1 2.89427e-15 0)
(1 1.34842e-15 0)
(1 -5.02464e-16 0)
(1 -1.45945e-15 0)
(1 1.83223e-15 0)
(1 -3.5604e-16 0)
(1 -6.05689e-16 0)
(1 -6.97938e-17 0)
(1 2.84517e-15 0)
(1 1.83143e-15 0)
(1 6.93225e-16 0)
(1 -1.25373e-15 0)
(1 -9.58091e-16 0)
(1 2.28634e-15 0)
(1 1.29884e-15 0)
(1 1.36995e-15 0)
(1 -9.61519e-16 0)
(1 -2.75159e-15 0)
(1 -2.68142e-15 0)
(1 -5.3258e-16 0)
(1 1.01562e-15 0)
(1 -4.38354e-16 0)
(1 1.7728e-15 0)
(1 4.07775e-15 0)
(1 3.64814e-15 0)
(1 4.03837e-15 0)
(1 2.21962e-15 0)
(1 1.75317e-15 0)
(1 9.15415e-16 0)
(1 1.38291e-15 0)
(1 -2.82616e-16 0)
(1 1.2549e-15 0)
(1 2.11232e-15 0)
(1 2.19972e-15 0)
(1 3.83009e-15 0)
(1 9.84156e-16 0)
(1 -6.03921e-16 0)
(1 -5.73807e-16 0)
(1 3.68517e-16 0)
(1 -1.87978e-15 0)
(1 -4.68348e-16 0)
(1 -1.49888e-15 0)
(1 3.20319e-15 0)
(1 1.08723e-15 0)
(1 8.22945e-16 0)
(1 1.53416e-15 0)
(1 6.6425e-16 0)
(1 -1.02904e-16 0)
(1 -1.3693e-15 0)
(1 -2.73889e-15 0)
(1 -1.00027e-15 0)
(1 1.81032e-15 0)
(1 1.7885e-16 0)
(1 1.56445e-15 0)
(1 2.54239e-15 0)
(1 -2.13116e-15 0)
(1 9.18263e-16 0)
(1 -1.33203e-16 0)
(1 3.15753e-16 0)
(1 6.7883e-16 0)
(1 -1.13969e-15 0)
(1 -2.43e-16 0)
(1 -1.70783e-15 0)
(1 5.49519e-17 0)
(1 4.4267e-16 0)
(1 -8.94446e-16 0)
(1 4.25745e-16 0)
(1 -5.79155e-16 0)
(1 8.94117e-16 0)
(1 7.65079e-16 0)
(1 -6.85455e-16 0)
(1 -2.97554e-16 0)
(1 -6.49466e-16 0)
(1 -1.57559e-15 0)
(1 -1.18346e-15 0)
(1 7.2216e-16 0)
(1 9.45639e-17 0)
(1 1.60485e-15 0)
(1 -9.44437e-16 0)
(1 -3.20158e-18 0)
(1 1.34457e-15 0)
(1 4.28756e-16 0)
(1 5.87401e-16 0)
(1 5.79937e-15 0)
(1 3.06679e-15 0)
(1 2.48822e-15 0)
(1 3.16967e-15 0)
(1 -1.32399e-15 0)
(1 -3.7687e-15 0)
(1 1.30655e-15 0)
(1 1.08086e-15 0)
(1 3.99243e-15 0)
(1 2.5911e-15 0)
(1 2.25359e-16 0)
(1 -9.88002e-16 0)
(1 -1.01018e-15 0)
(1 -1.27176e-15 0)
(1 3.32544e-15 0)
(1 5.01337e-15 0)
(1 1.88383e-15 0)
(1 1.99018e-16 0)
(1 -7.07404e-16 0)
(1 5.33592e-16 0)
(1 7.94824e-16 0)
(1 -1.34836e-15 0)
(1 1.22141e-15 0)
(1 2.15394e-15 0)
(1 -1.04072e-15 0)
(1 2.5189e-15 0)
(1 -1.22291e-15 0)
(1 -1.65497e-15 0)
(1 -9.81548e-16 0)
(1 -3.84691e-16 0)
(1 1.06985e-15 0)
(1 2.47904e-15 0)
(1 1.38913e-15 0)
(1 -1.59133e-16 0)
(1 -3.6246e-15 0)
(1 -6.84022e-16 0)
(1 -2.81051e-15 0)
(1 1.1042e-15 0)
(1 3.50963e-15 0)
(1 4.87076e-15 0)
(1 3.72888e-15 0)
(1 1.6553e-15 0)
(1 3.99187e-15 0)
(1 9.63206e-16 0)
(1 8.83625e-16 0)
(1 2.47391e-15 0)
(1 3.02641e-15 0)
(1 3.05843e-15 0)
(1 1.3821e-15 0)
(1 1.95454e-15 0)
(1 -1.3831e-15 0)
(1 -2.22298e-15 0)
(1 2.66522e-15 0)
(1 4.72594e-16 0)
(1 1.20392e-15 0)
(1 7.30448e-16 0)
(1 1.30887e-16 0)
(1 -3.40412e-16 0)
(1 -9.83549e-16 0)
(1 2.39222e-15 0)
(1 1.32765e-16 0)
(1 2.38552e-15 0)
(1 9.45921e-16 0)
(1 8.73511e-16 0)
(1 2.33466e-15 0)
(1 1.58017e-16 0)
(1 -1.36545e-15 0)
(1 -2.4806e-16 0)
(1 1.81615e-15 0)
(1 3.33388e-15 0)
(1 1.48524e-15 0)
(1 3.53689e-16 0)
(1 -9.02322e-16 0)
(1 5.1877e-16 0)
(1 1.3043e-16 0)
(1 -7.59051e-16 0)
(1 1.07077e-15 0)
(1 -2.44409e-15 0)
(1 -1.76758e-16 0)
(1 -1.00579e-15 0)
(1 -1.94311e-15 0)
(1 -3.0029e-16 0)
(1 -1.07452e-15 0)
(1 -6.15399e-16 0)
(1 1.1753e-15 0)
(1 -2.32615e-16 0)
(1 1.53346e-15 0)
(1 4.75909e-16 0)
(1 -1.09635e-15 0)
(1 -7.43873e-17 0)
(1 -3.17513e-15 0)
(1 -1.53604e-15 0)
(1 -1.67292e-16 0)
(1 -2.76815e-15 0)
(1 1.42869e-15 0)
(1 1.6538e-15 0)
(1 5.38228e-16 0)
(1 2.44474e-15 0)
(1 1.06212e-15 0)
(1 1.93321e-15 0)
(1 3.28214e-15 0)
(1 3.79197e-15 0)
(1 6.13143e-15 0)
(1 1.27266e-15 0)
(1 -2.39344e-15 0)
(1 1.17514e-15 0)
(1 5.31066e-16 0)
(1 8.09942e-16 0)
(1 3.13938e-16 0)
(1 3.42186e-16 0)
(1 1.70645e-15 0)
(1 -9.97565e-16 0)
(1 1.71149e-15 0)
(1 -1.85892e-15 0)
(1 4.49977e-15 0)
(1 3.0981e-15 0)
(1 -2.57125e-16 0)
(1 2.62595e-15 0)
(1 6.80802e-16 0)
(1 -1.64026e-15 0)
(1 4.10361e-17 0)
(1 -1.14872e-15 0)
(1 1.87118e-16 0)
(1 -2.7596e-16 0)
(1 1.18487e-15 0)
(1 1.6479e-15 0)
(1 -2.57625e-15 0)
(1 1.3591e-15 0)
(1 3.68687e-15 0)
(1 3.15823e-15 0)
(1 4.86938e-16 0)
(1 -1.52827e-15 0)
(1 1.57014e-15 0)
(1 -2.23755e-16 0)
(1 -1.58841e-15 0)
(1 -1.79906e-15 0)
(1 -1.81874e-16 0)
(1 1.47411e-15 0)
(1 8.8437e-16 0)
(1 3.63325e-15 0)
(1 3.70471e-15 0)
(1 4.16528e-15 0)
(1 2.04674e-15 0)
(1 1.75704e-15 0)
(1 2.75868e-15 0)
(1 3.43254e-15 0)
(1 2.42642e-15 0)
(1 2.69762e-15 0)
(1 3.45528e-15 0)
(1 3.20047e-15 0)
(1 2.8828e-15 0)
(1 2.91091e-15 0)
(1 2.93356e-15 0)
(1 -9.71594e-16 0)
(1 1.09025e-16 0)
(1 -1.5319e-15 0)
(1 1.12899e-15 0)
(1 3.05916e-16 0)
(1 4.16096e-15 0)
(1 2.55448e-15 0)
(1 2.23088e-15 0)
(1 2.39938e-15 0)
(1 2.41834e-15 0)
(1 2.07887e-15 0)
(1 2.53438e-15 0)
(1 -2.03292e-16 0)
(1 -2.24083e-15 0)
(1 -1.38259e-15 0)
(1 2.4036e-16 0)
(1 4.04407e-15 0)
(1 1.15164e-15 0)
(1 -2.02179e-15 0)
(1 -4.12283e-16 0)
(1 1.341e-15 0)
(1 -1.0475e-15 0)
(1 5.14878e-16 0)
(1 -3.08342e-16 0)
(1 -1.68222e-15 0)
(1 -8.20508e-16 0)
(1 -2.80642e-15 0)
(1 -2.60111e-15 0)
(1 -5.4857e-16 0)
(1 -3.35567e-16 0)
(1 -6.4623e-16 0)
(1 1.47675e-15 0)
(1 2.04722e-15 0)
(1 3.4955e-15 0)
(1 2.20353e-15 0)
(1 1.53649e-16 0)
(1 -2.14636e-15 0)
(1 -4.31911e-16 0)
(1 9.83548e-16 0)
(1 -1.14977e-15 0)
(1 -5.24232e-16 0)
(1 3.26778e-15 0)
(1 -2.14227e-16 0)
(1 3.00047e-15 0)
(1 -7.88931e-16 0)
(1 -1.43003e-16 0)
(1 3.88919e-15 0)
(1 1.72614e-15 0)
(1 2.07973e-15 0)
(1 5.09055e-15 0)
(1 1.82492e-16 0)
(1 7.27588e-16 0)
(1 3.77082e-15 0)
(1 1.11052e-15 0)
(1 4.81979e-15 0)
(1 3.42056e-15 0)
(1 -2.56477e-16 0)
(1 1.0813e-15 0)
(1 2.14179e-15 0)
(1 2.71858e-15 0)
(1 -4.38548e-15 0)
(1 2.62277e-15 0)
(1 -9.07909e-16 0)
(1 5.79725e-16 0)
(1 5.92244e-16 0)
(1 -8.04479e-16 0)
(1 -8.30293e-16 0)
(1 6.0003e-16 0)
(1 3.40418e-15 0)
(1 -4.7911e-16 0)
(1 1.05374e-15 0)
(1 1.87252e-15 0)
(1 -5.71545e-16 0)
(1 -1.06905e-15 0)
(1 3.14757e-15 0)
(1 4.69381e-15 0)
(1 2.01611e-15 0)
(1 -2.908e-15 0)
(1 -1.43297e-15 0)
(1 7.48825e-16 0)
(1 -2.37825e-15 0)
(1 1.88103e-15 0)
(1 -7.97766e-16 0)
(1 2.10125e-15 0)
(1 1.5007e-15 0)
(1 2.01985e-15 0)
(1 1.35358e-15 0)
(1 2.50116e-15 0)
(1 6.05155e-15 0)
(1 2.3389e-15 0)
(1 1.50803e-15 0)
(1 2.63444e-15 0)
(1 5.28855e-15 0)
(1 2.78694e-15 0)
(1 1.19451e-15 0)
(1 1.37441e-15 0)
(1 3.07659e-15 0)
(1 3.62101e-15 0)
(1 4.1158e-15 0)
(1 -4.12105e-16 0)
(1 5.93959e-16 0)
(1 -2.81063e-16 0)
(1 7.88534e-16 0)
(1 -1.266e-16 0)
(1 -9.24295e-16 0)
(1 -4.44118e-16 0)
(1 2.90237e-15 0)
(1 2.79553e-15 0)
(1 1.79524e-16 0)
(1 3.08166e-15 0)
(1 3.3989e-15 0)
(1 6.56506e-16 0)
(1 1.10602e-16 0)
(1 4.50479e-16 0)
(1 2.19305e-15 0)
(1 1.16327e-15 0)
(1 1.89209e-15 0)
(1 1.27859e-15 0)
(1 6.65701e-16 0)
(1 8.94254e-16 0)
(1 8.53991e-16 0)
(1 3.80734e-16 0)
(1 1.92115e-17 0)
(1 -4.55974e-16 0)
(1 2.82382e-16 0)
(1 -9.4498e-16 0)
(1 -7.17257e-16 0)
(1 6.27975e-16 0)
(1 -1.37287e-15 0)
(1 -6.84491e-16 0)
(1 8.78653e-16 0)
(1 1.95737e-15 0)
(1 2.22524e-15 0)
(1 1.31334e-15 0)
(1 2.96659e-15 0)
(1 -1.74314e-16 0)
(1 -1.17901e-15 0)
(1 1.26784e-15 0)
(1 7.04978e-16 0)
(1 -6.65994e-16 0)
(1 -1.55359e-16 0)
(1 1.18145e-15 0)
(1 7.99353e-18 0)
(1 3.1187e-15 0)
(1 7.87325e-16 0)
(1 -3.16393e-16 0)
(1 1.53658e-15 0)
(1 4.51467e-15 0)
(1 6.34196e-15 0)
(1 2.65219e-15 0)
(1 -2.86375e-15 0)
(1 2.96681e-15 0)
(1 4.32326e-16 0)
(1 1.07776e-15 0)
(1 5.33901e-15 0)
(1 1.92248e-15 0)
(1 6.49092e-15 0)
(1 4.13974e-15 0)
(1 -1.59518e-15 0)
(1 -1.75452e-15 0)
(1 -3.46097e-15 0)
(1 -2.09564e-15 0)
(1 1.10277e-15 0)
(1 1.48918e-15 0)
(1 -3.02885e-15 0)
(1 -2.55619e-15 0)
(1 8.16161e-16 0)
(1 -2.68225e-17 0)
(1 1.76163e-15 0)
(1 5.37592e-15 0)
(1 1.64854e-15 0)
(1 3.79355e-16 0)
(1 -1.72617e-15 0)
(1 -6.89609e-16 0)
(1 -6.78583e-16 0)
(1 -1.23524e-15 0)
(1 8.11165e-16 0)
(1 1.07948e-15 0)
(1 4.68837e-15 0)
(1 -7.1318e-16 0)
(1 -9.77883e-17 0)
(1 4.08558e-15 0)
(1 1.1088e-15 0)
(1 1.40568e-16 0)
(1 2.69215e-15 0)
(1 4.11316e-15 0)
(1 4.24838e-15 0)
(1 5.98542e-17 0)
(1 2.3154e-15 0)
(1 4.59731e-15 0)
(1 3.48135e-15 0)
(1 3.80792e-16 0)
(1 4.14362e-15 0)
(1 5.58686e-15 0)
(1 5.68476e-15 0)
(1 2.14687e-15 0)
(1 -3.66077e-16 0)
(1 5.21e-15 0)
(1 9.36816e-16 0)
(1 -2.13364e-15 0)
(1 1.43254e-15 0)
(1 2.78763e-15 0)
(1 2.51687e-15 0)
(1 3.72274e-16 0)
(1 2.11339e-15 0)
(1 2.33531e-15 0)
(1 -4.73729e-16 0)
(1 2.65764e-15 0)
(1 2.47952e-15 0)
(1 4.33332e-15 0)
(1 3.68405e-15 0)
(1 1.68604e-15 0)
(1 2.32212e-16 0)
(1 1.07755e-15 0)
(1 4.16034e-15 0)
(1 2.22203e-15 0)
(1 -4.13773e-16 0)
(1 -2.48701e-16 0)
(1 -1.62716e-15 0)
(1 1.13365e-15 0)
(1 -1.3561e-15 0)
(1 5.07099e-16 0)
(1 1.36146e-15 0)
(1 -3.58408e-15 0)
(1 -5.10786e-16 0)
(1 -1.34137e-17 0)
(1 1.46997e-15 0)
(1 1.11847e-15 0)
(1 -4.02677e-15 0)
(1 -2.15081e-15 0)
(1 1.06107e-15 0)
(1 6.7123e-16 0)
(1 2.44731e-15 0)
(1 2.54089e-15 0)
(1 2.95332e-15 0)
(1 -1.23319e-15 0)
(1 -6.32621e-16 0)
(1 1.27093e-15 0)
(1 1.65412e-15 0)
(1 -2.09191e-16 0)
(1 8.50958e-16 0)
(1 -1.03553e-15 0)
(1 5.79662e-16 0)
(1 -5.20548e-16 0)
(1 3.02816e-15 0)
(1 3.90175e-16 0)
(1 -1.05951e-15 0)
(1 3.37174e-15 0)
(1 5.0054e-15 0)
(1 3.10502e-15 0)
(1 3.06822e-15 0)
(1 2.21859e-15 0)
(1 2.64624e-15 0)
(1 2.44118e-15 0)
(1 2.72559e-15 0)
(1 2.43962e-15 0)
(1 4.57154e-15 0)
(1 4.25205e-15 0)
(1 -1.39689e-15 0)
(1 -4.70292e-15 0)
(1 1.30558e-15 0)
(1 -2.38714e-15 0)
(1 9.52484e-17 0)
(1 8.00454e-16 0)
(1 -2.32935e-15 0)
(1 2.40965e-16 0)
(1 -3.21921e-15 0)
(1 -2.05606e-15 0)
(1 1.86236e-15 0)
(1 3.45677e-15 0)
(1 -3.12624e-16 0)
(1 1.94188e-15 0)
(1 1.31843e-15 0)
(1 -3.78408e-16 0)
(1 -1.32314e-16 0)
(1 -1.29538e-15 0)
(1 2.18786e-15 0)
(1 1.92558e-15 0)
(1 3.26545e-15 0)
(1 -1.46983e-15 0)
(1 1.74797e-15 0)
(1 2.75534e-15 0)
(1 1.79312e-15 0)
(1 4.06068e-15 0)
(1 1.11984e-15 0)
(1 2.70747e-15 0)
(1 2.71631e-15 0)
(1 -7.87743e-16 0)
(1 2.62221e-16 0)
(1 3.75948e-15 0)
(1 5.26771e-15 0)
(1 2.50421e-15 0)
(1 4.34151e-15 0)
(1 6.49957e-15 0)
(1 5.6608e-15 0)
(1 5.37349e-15 0)
(1 1.21974e-15 0)
(1 5.36135e-15 0)
(1 9.97568e-16 0)
(1 2.38535e-15 0)
(1 1.95469e-15 0)
(1 -8.46339e-16 0)
(1 2.38766e-15 0)
(1 -2.97119e-15 0)
(1 2.322e-15 0)
(1 5.00465e-15 0)
(1 -5.98444e-16 0)
(1 5.72856e-15 0)
(1 5.60067e-15 0)
(1 5.7161e-15 0)
(1 1.56205e-15 0)
(1 2.61814e-15 0)
(1 1.24805e-15 0)
(1 -4.42844e-16 0)
(1 2.38578e-15 0)
(1 1.20101e-15 0)
(1 -3.08507e-16 0)
(1 -2.16277e-15 0)
(1 1.90674e-15 0)
(1 2.19735e-15 0)
(1 2.95281e-15 0)
(1 -4.30444e-16 0)
(1 1.58374e-15 0)
(1 -2.98718e-15 0)
(1 -2.61492e-15 0)
(1 -2.38742e-15 0)
(1 -6.83773e-16 0)
(1 -6.57616e-16 0)
(1 -6.66387e-16 0)
(1 -6.27713e-16 0)
(1 6.87727e-16 0)
(1 2.34148e-15 0)
(1 4.25512e-15 0)
(1 5.1679e-15 0)
(1 3.53361e-15 0)
(1 1.09923e-15 0)
(1 -7.46566e-16 0)
(1 3.11496e-15 0)
(1 3.96515e-15 0)
(1 4.51575e-16 0)
(1 6.93967e-16 0)
(1 5.82088e-16 0)
(1 -2.86898e-17 0)
(1 1.07216e-15 0)
(1 8.11211e-16 0)
(1 2.21938e-15 0)
(1 2.32438e-15 0)
(1 2.57222e-15 0)
(1 2.86729e-15 0)
(1 1.4836e-15 0)
(1 7.58142e-15 0)
(1 3.57406e-15 0)
(1 1.91597e-15 0)
(1 3.15484e-15 0)
(1 9.76268e-16 0)
(1 1.4245e-15 0)
(1 1.74943e-15 0)
(1 1.29883e-15 0)
(1 1.27279e-15 0)
(1 -2.01775e-15 0)
(1 1.66728e-16 0)
(1 -1.72594e-15 0)
(1 -1.53482e-15 0)
(1 1.23386e-15 0)
(1 1.35154e-15 0)
(1 -8.12402e-16 0)
(1 -3.75613e-15 0)
(1 2.2067e-16 0)
(1 -1.00935e-15 0)
(1 -1.10104e-15 0)
(1 2.62287e-15 0)
(1 2.53955e-15 0)
(1 2.21195e-15 0)
(1 2.42275e-15 0)
(1 -9.80091e-17 0)
(1 -2.32297e-15 0)
(1 -1.93966e-15 0)
(1 -1.31575e-15 0)
(1 -9.11136e-16 0)
(1 -3.23126e-16 0)
(1 3.404e-15 0)
(1 2.48861e-15 0)
(1 4.0952e-15 0)
(1 5.80337e-15 0)
(1 2.56556e-15 0)
(1 1.39003e-15 0)
(1 8.26566e-16 0)
(1 3.15763e-15 0)
(1 3.75843e-15 0)
(1 2.0387e-15 0)
(1 9.42326e-16 0)
(1 3.43465e-15 0)
(1 5.52335e-15 0)
(1 6.68266e-15 0)
(1 4.79524e-15 0)
(1 2.6538e-15 0)
(1 8.6886e-16 0)
(1 2.63643e-15 0)
(1 2.7815e-15 0)
(1 4.09737e-15 0)
(1 6.06623e-15 0)
(1 3.18844e-15 0)
(1 1.97802e-15 0)
(1 2.70156e-15 0)
(1 -9.61055e-17 0)
(1 2.57338e-15 0)
(1 2.65675e-15 0)
(1 3.46677e-15 0)
(1 3.71855e-15 0)
(1 4.4102e-15 0)
(1 3.2093e-15 0)
(1 1.76426e-15 0)
(1 1.0451e-15 0)
(1 1.1859e-15 0)
(1 1.64999e-15 0)
(1 2.52462e-15 0)
(1 -5.56226e-16 0)
(1 1.2172e-16 0)
(1 5.20998e-16 0)
(1 1.60128e-15 0)
(1 8.50989e-16 0)
(1 -4.43232e-16 0)
(1 1.72758e-17 0)
(1 -1.22304e-15 0)
(1 -2.79759e-15 0)
(1 -7.96134e-16 0)
(1 -4.50607e-16 0)
(1 -1.32474e-15 0)
(1 -2.78015e-16 0)
(1 2.9951e-15 0)
(1 -9.2019e-16 0)
(1 3.63536e-15 0)
(1 -1.11039e-15 0)
(1 5.18634e-15 0)
(1 2.63495e-15 0)
(1 1.12512e-15 0)
(1 3.42399e-15 0)
(1 4.26578e-15 0)
(1 3.75668e-15 0)
(1 3.40385e-16 0)
(1 -1.21499e-15 0)
(1 1.50152e-15 0)
(1 2.50399e-15 0)
(1 7.15948e-16 0)
(1 -1.13956e-15 0)
(1 3.35335e-15 0)
(1 2.92823e-15 0)
(1 3.93872e-15 0)
(1 2.9127e-15 0)
(1 -1.09725e-15 0)
(1 4.58496e-15 0)
(1 1.29152e-15 0)
(1 3.33812e-15 0)
(1 2.05515e-15 0)
(1 -5.08226e-16 0)
(1 -1.26661e-17 0)
(1 1.3459e-15 0)
(1 3.22003e-15 0)
(1 2.48196e-15 0)
(1 -1.79519e-15 0)
(1 -3.90915e-16 0)
(1 -3.4841e-15 0)
(1 -6.69707e-16 0)
(1 -4.17167e-15 0)
(1 5.00203e-15 0)
(1 4.56135e-15 0)
(1 2.75864e-15 0)
(1 2.41615e-15 0)
(1 -4.35617e-15 0)
(1 -3.56228e-15 0)
(1 -7.91545e-17 0)
(1 -3.69283e-16 0)
(1 -2.89574e-16 0)
(1 3.09104e-15 0)
(1 -7.82851e-16 0)
(1 -2.15829e-16 0)
(1 -4.26491e-15 0)
(1 -1.433e-15 0)
(1 -4.81511e-16 0)
(1 4.99552e-15 0)
(1 3.58949e-15 0)
(1 1.12267e-15 0)
(1 2.44165e-15 0)
(1 3.73988e-15 0)
(1 3.67347e-15 0)
(1 2.08865e-15 0)
(1 2.1116e-15 0)
(1 6.4271e-15 0)
(1 3.7654e-15 0)
(1 5.78859e-16 0)
(1 1.13212e-15 0)
(1 4.74013e-15 0)
(1 6.1909e-15 0)
(1 6.74491e-15 0)
(1 4.91194e-15 0)
(1 5.76366e-15 0)
(1 1.81704e-15 0)
(1 5.36594e-15 0)
(1 2.81645e-15 0)
(1 3.66169e-15 0)
(1 2.45561e-15 0)
(1 2.9856e-15 0)
(1 9.4744e-16 0)
(1 4.54305e-15 0)
(1 4.42595e-15 0)
(1 1.99963e-15 0)
(1 3.75404e-15 0)
(1 -5.64359e-16 0)
(1 8.24677e-16 0)
(1 3.13864e-15 0)
(1 3.20306e-15 0)
(1 1.70348e-15 0)
(1 1.69472e-15 0)
(1 -3.94603e-16 0)
(1 -2.33033e-15 0)
(1 3.62253e-15 0)
(1 1.97189e-15 0)
(1 -8.88069e-16 0)
(1 -1.28226e-15 0)
(1 2.05839e-15 0)
(1 5.46776e-16 0)
(1 5.08707e-15 0)
(1 -5.76344e-16 0)
(1 -1.5687e-15 0)
(1 -6.48998e-16 0)
(1 2.04705e-16 0)
(1 -1.79629e-15 0)
(1 -1.85456e-15 0)
(1 -2.91336e-15 0)
(1 3.21848e-15 0)
(1 2.22426e-16 0)
(1 7.56636e-16 0)
(1 6.18413e-16 0)
(1 1.73045e-15 0)
(1 2.87613e-15 0)
(1 2.04758e-15 0)
(1 5.83201e-15 0)
(1 1.88665e-15 0)
(1 1.64353e-15 0)
(1 -1.94143e-16 0)
(1 2.28026e-16 0)
(1 1.36189e-15 0)
(1 2.72588e-15 0)
(1 -9.6675e-16 0)
(1 9.85213e-16 0)
(1 -7.59707e-16 0)
(1 1.99356e-15 0)
(1 3.00778e-15 0)
(1 3.8168e-15 0)
(1 4.06395e-15 0)
(1 1.45192e-16 0)
(1 -1.5419e-15 0)
(1 2.02291e-15 0)
(1 2.50565e-15 0)
(1 2.69956e-15 0)
(1 3.05787e-15 0)
(1 5.64244e-16 0)
(1 2.61427e-15 0)
(1 2.10451e-15 0)
(1 -4.48586e-16 0)
(1 3.30245e-16 0)
(1 -1.66389e-15 0)
(1 -2.44248e-15 0)
(1 -1.01162e-15 0)
(1 -1.28436e-15 0)
(1 2.70257e-15 0)
(1 2.01197e-15 0)
(1 1.90472e-15 0)
(1 -1.35071e-15 0)
(1 3.40355e-16 0)
(1 1.44683e-15 0)
(1 -1.81714e-15 0)
(1 -2.683e-15 0)
(1 -3.12992e-15 0)
(1 -8.52145e-16 0)
(1 2.26503e-15 0)
(1 -3.79155e-15 0)
(1 -8.14903e-16 0)
(1 5.58792e-18 0)
(1 4.09156e-15 0)
(1 1.31388e-15 0)
(1 -1.52045e-15 0)
(1 1.43938e-15 0)
(1 5.97239e-15 0)
(1 4.30987e-15 0)
(1 5.57058e-15 0)
(1 2.12221e-15 0)
(1 2.4608e-15 0)
(1 4.04825e-15 0)
(1 1.35476e-15 0)
(1 3.74666e-15 0)
(1 4.81771e-15 0)
(1 6.4062e-15 0)
(1 6.16474e-15 0)
(1 3.86757e-16 0)
(1 2.96928e-15 0)
(1 4.31149e-15 0)
(1 4.57369e-15 0)
(1 3.00464e-15 0)
(1 4.72499e-15 0)
(1 2.97547e-15 0)
(1 4.71161e-15 0)
(1 3.98294e-15 0)
(1 6.15963e-16 0)
(1 1.97107e-15 0)
(1 1.32875e-15 0)
(1 2.57757e-15 0)
(1 2.54224e-15 0)
(1 5.8628e-16 0)
(1 4.11917e-15 0)
(1 2.5563e-15 0)
(1 -1.06871e-15 0)
(1 1.7634e-15 0)
(1 2.67049e-15 0)
(1 -2.35029e-16 0)
(1 1.28495e-15 0)
(1 -7.00714e-16 0)
(1 -1.74144e-15 0)
(1 5.25482e-16 0)
(1 3.82482e-15 0)
(1 1.63915e-15 0)
(1 2.32804e-15 0)
(1 -1.85172e-15 0)
(1 -1.04443e-15 0)
(1 1.76699e-15 0)
(1 -2.35839e-15 0)
(1 -2.35963e-15 0)
(1 -1.80999e-15 0)
(1 3.049e-15 0)
(1 2.12888e-15 0)
(1 2.08966e-15 0)
(1 -9.20479e-16 0)
(1 2.59882e-15 0)
(1 1.77027e-17 0)
(1 3.66363e-15 0)
(1 3.98837e-15 0)
(1 3.75368e-15 0)
(1 1.32417e-15 0)
(1 3.59596e-16 0)
(1 1.0525e-15 0)
(1 5.81666e-16 0)
(1 4.05759e-16 0)
(1 1.04727e-15 0)
(1 2.17834e-15 0)
(1 2.31676e-15 0)
(1 2.07396e-15 0)
(1 2.27822e-15 0)
(1 2.14878e-16 0)
(1 5.126e-15 0)
(1 7.94021e-15 0)
(1 3.04569e-15 0)
(1 -3.02233e-16 0)
(1 -9.9839e-16 0)
(1 9.69533e-16 0)
(1 -7.24009e-16 0)
(1 -1.58094e-15 0)
(1 -1.18314e-15 0)
(1 1.30496e-15 0)
(1 8.34229e-16 0)
(1 3.23392e-15 0)
(1 3.39157e-15 0)
(1 5.53265e-16 0)
(1 -6.4578e-15 0)
(1 5.57421e-15 0)
(1 -1.22392e-15 0)
(1 -3.77269e-15 0)
(1 -9.71315e-16 0)
(1 -1.34348e-15 0)
(1 1.93753e-15 0)
(1 -6.38275e-16 0)
(1 2.47118e-15 0)
(1 -2.40728e-15 0)
(1 -2.06515e-15 0)
(1 7.11803e-16 0)
(1 1.75913e-16 0)
(1 8.12727e-16 0)
(1 -2.43226e-15 0)
(1 -4.60766e-16 0)
(1 2.01194e-15 0)
(1 3.59545e-16 0)
(1 1.83446e-15 0)
(1 -2.2863e-15 0)
(1 2.46328e-15 0)
(1 1.96092e-15 0)
(1 5.39071e-15 0)
(1 7.0485e-15 0)
(1 3.70209e-15 0)
(1 2.6938e-16 0)
(1 2.41909e-15 0)
(1 2.68336e-15 0)
(1 3.00655e-15 0)
(1 6.92752e-15 0)
(1 7.22174e-15 0)
(1 4.47873e-15 0)
(1 4.62076e-15 0)
(1 1.64946e-15 0)
(1 6.20861e-15 0)
(1 -3.79909e-17 0)
(1 2.86544e-15 0)
(1 2.07238e-15 0)
(1 4.47788e-15 0)
(1 5.069e-15 0)
(1 5.52211e-15 0)
(1 3.2676e-15 0)
(1 1.12153e-15 0)
(1 2.91447e-15 0)
(1 2.21831e-15 0)
(1 6.84857e-16 0)
(1 1.13847e-15 0)
(1 -9.71093e-16 0)
(1 2.14062e-15 0)
(1 1.97101e-15 0)
(1 1.57074e-15 0)
(1 2.41861e-15 0)
(1 1.57694e-15 0)
(1 -1.2075e-15 0)
(1 -1.43024e-15 0)
(1 3.17038e-15 0)
(1 1.52856e-15 0)
(1 -9.38652e-16 0)
(1 -1.64891e-15 0)
(1 -1.30799e-15 0)
(1 -7.43972e-17 0)
(1 2.85518e-16 0)
(1 1.72329e-15 0)
(1 -1.88802e-15 0)
(1 3.70445e-16 0)
(1 -1.03686e-15 0)
(1 2.72512e-15 0)
(1 1.87662e-17 0)
(1 -1.21709e-16 0)
(1 1.33208e-15 0)
(1 -1.39816e-15 0)
(1 1.53849e-15 0)
(1 3.46585e-15 0)
(1 1.05626e-15 0)
(1 1.41162e-15 0)
(1 5.97002e-16 0)
(1 1.962e-16 0)
(1 2.22628e-16 0)
(1 8.38142e-16 0)
(1 -9.98487e-16 0)
(1 2.34299e-15 0)
(1 3.2143e-15 0)
(1 4.75279e-15 0)
(1 3.09314e-15 0)
(1 1.61788e-15 0)
(1 -1.43628e-15 0)
(1 3.24826e-16 0)
(1 3.89464e-15 0)
(1 4.31477e-15 0)
(1 3.81901e-15 0)
(1 2.07035e-15 0)
(1 -1.37696e-15 0)
(1 -1.82666e-15 0)
(1 -3.08953e-15 0)
(1 -1.10042e-15 0)
(1 -9.97459e-16 0)
(1 -1.3779e-15 0)
(1 4.44963e-15 0)
(1 3.00997e-15 0)
(1 4.48082e-15 0)
(1 -1.99067e-15 0)
(1 -8.19628e-16 0)
(1 1.05292e-18 0)
(1 -1.52886e-15 0)
(1 -3.13617e-15 0)
(1 7.44467e-16 0)
(1 1.43477e-15 0)
(1 6.14518e-16 0)
(1 -3.69818e-15 0)
(1 -1.05771e-15 0)
(1 7.99947e-16 0)
(1 -1.42286e-15 0)
(1 -3.32743e-15 0)
(1 -2.8899e-16 0)
(1 -2.18773e-15 0)
(1 2.19977e-15 0)
(1 8.19994e-16 0)
(1 5.70537e-16 0)
(1 -3.81561e-16 0)
(1 4.89525e-15 0)
(1 5.26598e-15 0)
(1 9.1477e-16 0)
(1 4.53585e-15 0)
(1 6.24245e-16 0)
(1 6.40338e-15 0)
(1 1.60993e-15 0)
(1 3.80019e-16 0)
(1 8.24389e-16 0)
(1 1.94095e-16 0)
(1 6.19763e-15 0)
(1 6.14002e-15 0)
(1 1.63945e-15 0)
(1 7.14312e-15 0)
(1 5.32263e-15 0)
(1 4.50027e-15 0)
(1 2.31128e-15 0)
(1 1.84975e-15 0)
(1 3.21456e-15 0)
(1 2.54346e-15 0)
(1 1.4931e-15 0)
(1 4.02557e-15 0)
(1 5.19968e-15 0)
(1 3.85457e-15 0)
(1 2.73282e-15 0)
(1 3.67379e-15 0)
(1 7.98537e-16 0)
(1 2.26997e-15 0)
(1 -2.85584e-16 0)
(1 3.5023e-15 0)
(1 4.1542e-15 0)
(1 1.60501e-15 0)
(1 5.31831e-16 0)
(1 2.07738e-15 0)
(1 3.07188e-16 0)
(1 3.12015e-15 0)
(1 2.80454e-15 0)
(1 -1.28731e-15 0)
(1 -1.17484e-15 0)
(1 5.78113e-17 0)
(1 -2.60408e-15 0)
(1 6.51834e-16 0)
(1 1.0462e-16 0)
(1 -1.17094e-15 0)
(1 -2.26828e-15 0)
(1 1.24831e-15 0)
(1 1.53317e-15 0)
(1 1.08101e-15 0)
(1 1.08903e-15 0)
(1 -8.53965e-16 0)
(1 1.08275e-15 0)
(1 1.85823e-15 0)
(1 1.08277e-15 0)
(1 1.40121e-15 0)
(1 -8.98861e-17 0)
(1 3.92238e-15 0)
(1 5.24071e-16 0)
(1 -1.77593e-15 0)
(1 -1.16604e-16 0)
(1 2.7638e-15 0)
(1 1.20503e-15 0)
(1 4.53321e-15 0)
(1 1.00712e-15 0)
(1 2.95898e-15 0)
(1 -1.03356e-15 0)
(1 -7.75299e-17 0)
(1 3.0698e-15 0)
(1 9.01739e-17 0)
(1 4.35516e-15 0)
(1 3.61233e-15 0)
(1 4.0796e-15 0)
(1 -2.99626e-15 0)
(1 -4.24177e-15 0)
(1 -2.85469e-16 0)
(1 -7.00101e-15 0)
(1 4.49825e-15 0)
(1 6.01978e-17 0)
(1 1.47064e-15 0)
(1 4.29823e-15 0)
(1 -1.62296e-15 0)
(1 7.30558e-16 0)
(1 5.50959e-15 0)
(1 -3.54836e-16 0)
(1 -6.18442e-16 0)
(1 -2.43359e-15 0)
(1 -1.08403e-15 0)
(1 -5.05013e-16 0)
(1 -1.81342e-15 0)
(1 -1.66124e-15 0)
(1 -1.2881e-15 0)
(1 -1.14134e-15 0)
(1 -2.53815e-15 0)
(1 -9.85435e-16 0)
(1 -1.20684e-15 0)
(1 -2.57844e-15 0)
(1 6.6946e-16 0)
(1 1.87861e-15 0)
(1 -4.09839e-16 0)
(1 5.65575e-16 0)
(1 7.62218e-16 0)
(1 7.18474e-15 0)
(1 2.84231e-15 0)
(1 4.23119e-15 0)
(1 2.90634e-15 0)
(1 -3.146e-15 0)
(1 4.24125e-15 0)
(1 9.41049e-16 0)
(1 -1.73671e-15 0)
(1 1.3332e-15 0)
(1 3.884e-15 0)
(1 4.65358e-15 0)
(1 4.24798e-15 0)
(1 3.75025e-15 0)
(1 6.65887e-15 0)
(1 4.72108e-15 0)
(1 5.54368e-15 0)
(1 5.52178e-15 0)
(1 3.32831e-15 0)
(1 4.30053e-15 0)
(1 4.05799e-16 0)
(1 3.60086e-15 0)
(1 2.73278e-15 0)
(1 5.61377e-15 0)
(1 5.19e-15 0)
(1 4.24043e-15 0)
(1 3.45252e-15 0)
(1 3.21155e-15 0)
(1 2.34929e-15 0)
(1 3.00771e-15 0)
(1 3.65464e-15 0)
(1 1.9111e-15 0)
(1 1.38166e-15 0)
(1 -3.95623e-16 0)
(1 2.00337e-15 0)
(1 7.96009e-16 0)
(1 3.62155e-15 0)
(1 1.43988e-16 0)
(1 -4.31261e-15 0)
(1 6.37145e-16 0)
(1 6.47563e-16 0)
(1 -1.95839e-15 0)
(1 -4.92162e-17 0)
(1 -7.64783e-16 0)
(1 -3.02442e-15 0)
(1 -2.3616e-15 0)
(1 3.55416e-16 0)
(1 8.55906e-16 0)
(1 -1.08144e-15 0)
(1 3.81428e-16 0)
(1 -5.33482e-16 0)
(1 1.65689e-15 0)
(1 2.83083e-15 0)
(1 3.76937e-15 0)
(1 1.25121e-16 0)
(1 -1.29297e-15 0)
(1 2.11642e-15 0)
(1 1.56684e-15 0)
(1 1.54898e-15 0)
(1 -2.11015e-16 0)
(1 2.38118e-15 0)
(1 1.2855e-15 0)
(1 1.5098e-15 0)
(1 2.03081e-15 0)
(1 2.83966e-15 0)
(1 2.10417e-15 0)
(1 1.286e-15 0)
(1 3.21933e-15 0)
(1 2.78389e-15 0)
(1 -6.99648e-16 0)
(1 1.04083e-16 0)
(1 1.7539e-15 0)
(1 -3.5918e-16 0)
(1 3.94551e-16 0)
(1 -1.14429e-16 0)
(1 -2.62064e-15 0)
(1 1.20143e-16 0)
(1 2.02657e-15 0)
(1 1.36882e-15 0)
(1 -7.83723e-16 0)
(1 7.88334e-16 0)
(1 -1.3249e-15 0)
(1 1.39892e-15 0)
(1 -3.23457e-15 0)
(1 -4.13191e-16 0)
(1 -3.69911e-16 0)
(1 5.36341e-15 0)
(1 -3.77668e-15 0)
(1 -1.51294e-15 0)
(1 -3.44217e-15 0)
(1 -1.87472e-15 0)
(1 -7.60407e-16 0)
(1 -3.20273e-15 0)
(1 1.47134e-15 0)
(1 -7.50534e-16 0)
(1 -1.3168e-15 0)
(1 -7.90215e-17 0)
(1 -1.61112e-15 0)
(1 -6.57063e-16 0)
(1 7.2932e-16 0)
(1 5.32982e-15 0)
(1 2.08339e-15 0)
(1 2.51543e-15 0)
(1 1.10774e-15 0)
(1 -1.21222e-15 0)
(1 3.34923e-15 0)
(1 9.95078e-16 0)
(1 1.06781e-15 0)
(1 -4.61784e-15 0)
(1 2.15676e-15 0)
(1 5.91225e-15 0)
(1 6.34214e-15 0)
(1 2.91669e-15 0)
(1 6.91316e-15 0)
(1 7.18716e-15 0)
(1 4.60712e-15 0)
(1 4.06527e-15 0)
(1 3.02499e-15 0)
(1 2.26384e-15 0)
(1 2.1689e-15 0)
(1 2.37462e-15 0)
(1 2.36189e-15 0)
(1 -1.20724e-15 0)
(1 4.68261e-15 0)
(1 4.55038e-15 0)
(1 4.8437e-15 0)
(1 3.72007e-15 0)
(1 3.44595e-15 0)
(1 2.8295e-15 0)
(1 1.95385e-15 0)
(1 -1.47317e-15 0)
(1 4.6282e-16 0)
(1 3.12984e-15 0)
(1 -6.98534e-17 0)
(1 -1.61022e-16 0)
(1 1.2355e-16 0)
(1 1.30717e-15 0)
(1 1.4637e-16 0)
(1 1.41104e-15 0)
(1 -1.77616e-15 0)
(1 -3.14765e-15 0)
(1 1.35126e-15 0)
(1 -1.40675e-15 0)
(1 -2.06335e-15 0)
(1 -3.68744e-15 0)
(1 -1.15836e-15 0)
(1 8.61749e-16 0)
(1 2.13417e-15 0)
(1 -3.32803e-16 0)
(1 6.74535e-16 0)
(1 1.73879e-15 0)
(1 2.05211e-15 0)
(1 1.59582e-15 0)
(1 1.04091e-15 0)
(1 -1.4374e-15 0)
(1 6.34569e-16 0)
(1 -1.18428e-15 0)
(1 7.90912e-16 0)
(1 3.27319e-15 0)
(1 -1.14621e-15 0)
(1 1.69634e-15 0)
(1 -1.49237e-16 0)
(1 2.48977e-16 0)
(1 2.39416e-15 0)
(1 3.94676e-15 0)
(1 4.72581e-15 0)
(1 5.28308e-15 0)
(1 3.09871e-16 0)
(1 1.59806e-15 0)
(1 -1.15151e-15 0)
(1 -2.65771e-15 0)
(1 -2.81345e-16 0)
(1 5.44402e-15 0)
(1 9.40031e-16 0)
(1 -2.69811e-16 0)
(1 3.65956e-15 0)
(1 -3.80128e-15 0)
(1 -1.83019e-15 0)
(1 -1.81953e-16 0)
(1 -6.14233e-16 0)
(1 6.46711e-15 0)
(1 1.33797e-15 0)
(1 -2.67451e-15 0)
(1 -4.98098e-15 0)
(1 -4.11895e-15 0)
(1 2.55842e-16 0)
(1 1.88757e-15 0)
(1 -4.39978e-15 0)
(1 -2.63678e-15 0)
(1 -1.85407e-15 0)
(1 -5.76643e-15 0)
(1 -2.99694e-15 0)
(1 -1.50376e-15 0)
(1 -2.27824e-15 0)
(1 -1.98714e-15 0)
(1 1.11745e-16 0)
(1 -3.21819e-15 0)
(1 -3.76295e-16 0)
(1 -2.65244e-15 0)
(1 -3.30225e-16 0)
(1 -1.37402e-16 0)
(1 1.75403e-15 0)
(1 4.2081e-15 0)
(1 1.73059e-15 0)
(1 -3.77124e-17 0)
(1 2.31938e-15 0)
(1 -1.32328e-15 0)
(1 4.10094e-15 0)
(1 1.22266e-15 0)
(1 2.39728e-15 0)
(1 1.60938e-15 0)
(1 4.03149e-15 0)
(1 4.56492e-15 0)
(1 3.72167e-15 0)
(1 5.32e-15 0)
(1 1.9647e-15 0)
(1 3.96391e-15 0)
(1 4.39129e-15 0)
(1 6.22743e-15 0)
(1 3.36075e-15 0)
(1 4.17344e-15 0)
(1 4.24881e-15 0)
(1 1.66939e-15 0)
(1 2.28496e-15 0)
(1 5.15846e-15 0)
(1 2.81967e-15 0)
(1 3.98243e-15 0)
(1 3.51935e-15 0)
(1 2.00599e-15 0)
(1 1.23762e-16 0)
(1 -8.23052e-16 0)
(1 7.43042e-16 0)
(1 1.85885e-15 0)
(1 4.59087e-15 0)
(1 3.96115e-16 0)
(1 1.98298e-15 0)
(1 -1.30139e-15 0)
(1 -2.43344e-15 0)
(1 2.97002e-15 0)
(1 -2.83626e-16 0)
(1 -2.99014e-15 0)
(1 1.22895e-15 0)
(1 -7.92192e-16 0)
(1 -2.45791e-15 0)
(1 -1.18834e-15 0)
(1 1.79974e-16 0)
(1 -8.71799e-16 0)
(1 8.12657e-16 0)
(1 3.24766e-16 0)
(1 -2.79861e-15 0)
(1 2.73111e-15 0)
(1 1.19597e-15 0)
(1 6.21171e-16 0)
(1 -4.05869e-16 0)
(1 -3.99758e-16 0)
(1 2.49364e-15 0)
(1 2.14081e-15 0)
(1 1.89749e-15 0)
(1 7.6738e-16 0)
(1 8.89565e-16 0)
(1 1.10046e-15 0)
(1 2.10424e-15 0)
(1 -1.73417e-16 0)
(1 2.13251e-15 0)
(1 -5.16752e-16 0)
(1 3.83352e-15 0)
(1 2.17364e-15 0)
(1 1.07605e-15 0)
(1 1.56036e-16 0)
(1 2.37171e-15 0)
(1 2.95123e-15 0)
(1 4.10554e-16 0)
(1 1.12737e-15 0)
(1 -1.59209e-15 0)
(1 -2.27768e-15 0)
(1 4.42814e-15 0)
(1 8.42433e-16 0)
(1 -1.49766e-15 0)
(1 -1.36529e-15 0)
(1 8.83882e-16 0)
(1 3.1057e-15 0)
(1 -2.91074e-16 0)
(1 7.60395e-16 0)
(1 2.69407e-15 0)
(1 -2.10366e-16 0)
(1 -2.49585e-15 0)
(1 -5.18735e-15 0)
(1 -5.69362e-15 0)
(1 -7.9718e-15 0)
(1 -4.87966e-15 0)
(1 -9.6305e-16 0)
(1 -1.59729e-15 0)
(1 -2.25644e-15 0)
(1 -6.09377e-15 0)
(1 -1.78386e-15 0)
(1 -7.2533e-15 0)
(1 -2.98347e-15 0)
(1 -7.7929e-16 0)
(1 1.45562e-15 0)
(1 1.48648e-15 0)
(1 4.06275e-15 0)
(1 2.17103e-15 0)
(1 1.45815e-15 0)
(1 1.06661e-15 0)
(1 2.70721e-15 0)
(1 5.35457e-16 0)
(1 -9.27326e-16 0)
(1 8.15376e-16 0)
(1 1.89862e-15 0)
(1 4.46954e-15 0)
(1 4.27565e-15 0)
(1 1.54216e-15 0)
(1 2.76295e-15 0)
(1 3.17908e-15 0)
(1 3.8113e-15 0)
(1 2.4099e-15 0)
(1 2.83837e-15 0)
(1 2.12135e-15 0)
(1 5.1347e-15 0)
(1 6.49389e-15 0)
(1 2.81032e-15 0)
(1 2.19425e-15 0)
(1 4.99234e-15 0)
(1 1.72538e-15 0)
(1 3.14469e-15 0)
(1 3.99672e-15 0)
(1 3.23009e-15 0)
(1 2.04397e-15 0)
(1 2.53505e-15 0)
(1 -9.34331e-16 0)
(1 1.33825e-15 0)
(1 5.2229e-16 0)
(1 -1.58259e-15 0)
(1 3.28176e-15 0)
(1 -1.2511e-15 0)
(1 2.44811e-16 0)
(1 -1.64935e-16 0)
(1 1.49252e-16 0)
(1 1.33049e-15 0)
(1 -1.46586e-15 0)
(1 -2.25433e-15 0)
(1 -7.19079e-17 0)
(1 -7.8659e-16 0)
(1 -2.48168e-16 0)
(1 1.99098e-15 0)
(1 1.48162e-15 0)
(1 5.25352e-16 0)
(1 -6.9923e-16 0)
(1 -1.6353e-15 0)
(1 -2.52175e-15 0)
(1 2.18159e-15 0)
(1 1.00863e-15 0)
(1 -1.80677e-15 0)
(1 -1.10061e-15 0)
(1 1.20989e-15 0)
(1 1.62262e-15 0)
(1 1.46149e-15 0)
(1 1.14858e-15 0)
(1 8.73216e-16 0)
(1 1.26098e-16 0)
(1 -4.60726e-16 0)
(1 4.83181e-16 0)
(1 1.63826e-15 0)
(1 3.21089e-15 0)
(1 -1.93785e-15 0)
(1 5.07684e-15 0)
(1 2.01245e-15 0)
(1 3.86384e-15 0)
(1 2.05907e-15 0)
(1 -1.21477e-15 0)
(1 3.1347e-15 0)
(1 -2.70725e-16 0)
(1 -1.30878e-15 0)
(1 1.86773e-15 0)
(1 -5.77189e-16 0)
(1 2.0897e-15 0)
(1 -6.73877e-17 0)
(1 -5.24644e-16 0)
(1 2.94637e-15 0)
(1 -1.85e-15 0)
(1 -3.98835e-16 0)
(1 -4.26127e-16 0)
(1 -3.7855e-15 0)
(1 -1.06584e-16 0)
(1 -1.55546e-15 0)
(1 -2.12558e-15 0)
(1 -6.49672e-15 0)
(1 -1.48551e-15 0)
(1 -3.91344e-15 0)
(1 -3.27164e-15 0)
(1 -6.45893e-16 0)
(1 -1.24589e-15 0)
(1 -5.03055e-15 0)
(1 -3.84999e-15 0)
(1 -5.35956e-15 0)
(1 -6.21497e-15 0)
(1 -6.6949e-16 0)
(1 -2.86647e-16 0)
(1 1.86999e-15 0)
(1 -1.37196e-15 0)
(1 3.83896e-15 0)
(1 -1.01466e-15 0)
(1 -2.93862e-16 0)
(1 2.04756e-15 0)
(1 1.4173e-15 0)
(1 -3.70953e-16 0)
(1 -1.84857e-15 0)
(1 4.906e-16 0)
(1 3.46145e-15 0)
(1 2.86346e-15 0)
(1 3.02548e-15 0)
(1 7.74652e-16 0)
(1 1.19787e-15 0)
(1 3.27468e-15 0)
(1 9.9649e-16 0)
(1 5.44916e-15 0)
(1 2.69867e-15 0)
(1 1.18006e-15 0)
(1 2.66738e-15 0)
(1 4.47872e-15 0)
(1 3.81945e-15 0)
(1 7.97257e-16 0)
(1 3.61753e-15 0)
(1 4.70918e-15 0)
(1 5.37873e-16 0)
(1 3.0131e-15 0)
(1 2.698e-15 0)
(1 1.64646e-15 0)
(1 2.41891e-15 0)
(1 -1.32124e-15 0)
(1 2.41542e-15 0)
(1 4.6008e-16 0)
(1 -2.87071e-15 0)
(1 3.67104e-16 0)
(1 9.61871e-16 0)
(1 -6.33295e-16 0)
(1 6.08917e-16 0)
(1 1.49961e-15 0)
(1 2.4874e-15 0)
(1 -3.15712e-15 0)
(1 -1.56942e-15 0)
(1 -2.11253e-15 0)
(1 -1.84136e-15 0)
(1 2.05747e-15 0)
(1 -2.13404e-15 0)
(1 -1.95049e-15 0)
(1 -8.40075e-16 0)
(1 -5.31455e-16 0)
(1 5.49648e-16 0)
(1 1.99877e-16 0)
(1 1.19681e-15 0)
(1 6.62029e-16 0)
(1 -3.80339e-15 0)
(1 -4.54264e-15 0)
(1 6.28625e-16 0)
(1 3.07654e-15 0)
(1 -6.17762e-16 0)
(1 -1.02791e-15 0)
(1 8.95646e-16 0)
(1 -1.2299e-16 0)
(1 -2.77879e-15 0)
(1 -5.10929e-16 0)
(1 1.7115e-15 0)
(1 1.81331e-15 0)
(1 2.84225e-15 0)
(1 2.92544e-15 0)
(1 3.82731e-15 0)
(1 2.04292e-15 0)
(1 1.32617e-15 0)
(1 1.96264e-15 0)
(1 1.09033e-15 0)
(1 -6.19995e-16 0)
(1 3.31053e-16 0)
(1 1.7459e-15 0)
(1 2.26959e-15 0)
(1 6.66566e-16 0)
(1 -2.77257e-15 0)
(1 -6.82563e-16 0)
(1 -6.01308e-16 0)
(1 -2.4774e-16 0)
(1 -1.12003e-15 0)
(1 7.05635e-16 0)
(1 -1.3906e-15 -2.00472e-47)
(1 -3.34756e-15 0)
(1 -2.67459e-15 0)
(1 -3.05383e-15 0)
(1 -5.0311e-15 0)
(1 -3.59586e-15 0)
(1 -1.42578e-15 0)
(1 -3.06992e-15 0)
(1 -6.51676e-15 0)
(1 -4.31957e-15 0)
(1 -3.44009e-15 0)
(1 9.75396e-16 0)
(1 -4.35114e-15 0)
(1 -3.09235e-15 0)
(1 -1.80881e-15 0)
(1 -2.54345e-15 0)
(1 -1.50395e-15 0)
(1 2.68698e-16 0)
(1 -1.14798e-15 0)
(1 4.09581e-16 0)
(1 5.95663e-16 0)
(1 2.20771e-15 1.05563e-47)
(1 -6.96812e-16 0)
(1 -6.55453e-16 1.10481e-47)
(1 -2.89477e-15 0)
(1 1.3283e-15 0)
(1 7.14085e-15 0)
(1 -6.06916e-16 0)
(1 3.15076e-15 0)
(1 2.60813e-15 0)
(1 5.99266e-15 0)
(1 3.16432e-16 0)
(1 -2.03224e-15 0)
(1 2.83777e-15 0)
(1 3.85148e-15 0)
(1 3.35739e-15 0)
(1 4.40215e-15 0)
(1 2.20271e-16 0)
(1 1.12595e-15 0)
(1 1.90795e-15 0)
(1 3.89997e-15 0)
(1 5.70996e-15 0)
(1 3.49956e-15 0)
(1 2.36637e-15 0)
(1 6.78044e-16 0)
(1 2.33748e-15 0)
(1 -1.16713e-16 -2.84756e-48)
(1 -1.91654e-15 2.61751e-48)
(1 -2.95291e-15 2.50719e-48)
(1 4.09742e-15 -2.63256e-48)
(1 7.34613e-16 -2.43322e-48)
(1 -5.93137e-16 1.92488e-48)
(1 2.4033e-15 2.24001e-48)
(1 -5.1694e-16 -2.05053e-48)
(1 -5.20484e-16 -2.10154e-48)
(1 1.56617e-16 2.32168e-48)
(1 -1.17528e-15 2.01009e-48)
(1 4.2832e-16 0)
(1 2.57223e-15 0)
(1 -2.40784e-15 3.73871e-48)
(1 -4.1972e-15 0)
(1 7.15716e-16 3.99495e-48)
(1 3.6601e-16 -1.7206e-48)
(1 6.89117e-16 2.8588e-48)
(1 -7.78769e-16 0)
(1 6.57183e-16 3.39527e-48)
(1 1.3295e-15 -1.31309e-48)
(1 -3.11933e-15 1.01946e-48)
(1 -6.30473e-16 0)
(1 -1.34488e-15 1.01007e-48)
(1 -2.94331e-15 0)
(1 -2.64471e-15 0)
(1 8.94804e-17 6.18042e-50)
(1 2.76098e-16 -1.22224e-49)
(1 1.05276e-15 0)
(1 -7.95235e-16 -1.101e-49)
(1 -8.09538e-16 -7.03196e-50)
(1 3.1696e-16 0)
(1 1.80288e-16 0)
(1 1.17005e-15 0)
(1 3.10885e-16 0)
(1 2.52961e-15 0)
(1 2.66698e-15 0)
(1 -1.94135e-15 0)
(1 4.74024e-15 0)
(1 5.851e-16 0)
(1 -1.58383e-16 0)
(1 2.50622e-16 0)
(1 6.83001e-16 0)
(1 -4.64019e-16 0)
(1 7.51787e-16 0)
(1 2.2752e-15 0)
(1 1.52209e-15 0)
(1 -6.399e-16 0)
(1 2.24934e-15 0)
(1 2.18966e-15 0)
(1 -3.67961e-15 0)
(1 6.17652e-16 0)
(1 -1.68494e-15 0)
(1 -2.77761e-16 0)
(1 3.53719e-15 1.99012e-47)
(1 -2.15757e-15 0)
(1 -5.30635e-15 0)
(1 -7.3876e-15 0)
(1 -2.05601e-15 0)
(1 -2.01813e-15 0)
(1 -1.76287e-15 0)
(1 9.11874e-17 0)
(1 -2.39696e-15 0)
(1 -5.31724e-15 0)
(1 -5.76739e-15 0)
(1 -6.82016e-15 0)
(1 -4.52418e-15 0)
(1 -2.83415e-15 0)
(1 -1.66687e-15 0)
(1 -5.92213e-15 0)
(1 -2.63317e-15 0)
(1 3.01039e-15 0)
(1 -2.1466e-15 0)
(1 1.94459e-15 0)
(1 -4.25762e-16 0)
(1 -2.80163e-16 -1.04807e-47)
(1 8.78221e-16 0)
(1 1.1504e-15 -1.09761e-47)
(1 7.10383e-16 0)
(1 -2.61956e-15 0)
(1 4.32904e-15 0)
(1 3.12211e-15 0)
(1 2.44171e-15 0)
(1 1.68323e-15 0)
(1 3.70285e-15 0)
(1 1.41158e-15 0)
(1 5.43302e-16 0)
(1 3.31543e-15 0)
(1 2.62302e-15 0)
(1 2.82866e-15 0)
(1 2.2923e-15 0)
(1 1.44578e-15 0)
(1 1.30497e-16 0)
(1 4.93347e-15 0)
(1 3.85722e-15 0)
(1 1.65501e-15 0)
(1 1.27382e-15 0)
(1 8.85823e-16 0)
(1 -5.3511e-16 0)
(1 5.72789e-16 0)
(1 -7.10801e-16 2.83493e-48)
(1 2.48054e-17 -2.60229e-48)
(1 -2.77108e-15 -2.48901e-48)
(1 2.652e-15 2.61162e-48)
(1 1.12717e-15 2.41024e-48)
(1 -4.95015e-16 -1.90092e-48)
(1 -2.76372e-15 -2.21624e-48)
(1 2.53598e-15 2.02788e-48)
(1 4.70815e-16 2.08033e-48)
(1 -3.4663e-16 -2.30129e-48)
(1 -3.68238e-15 -1.98887e-48)
(1 -2.75505e-15 0)
(1 -8.52161e-16 0)
(1 -2.42165e-15 -3.66097e-48)
(1 -2.91314e-15 0)
(1 -1.51929e-15 -3.87718e-48)
(1 1.8062e-15 1.65275e-48)
(1 -6.49851e-16 -2.71119e-48)
(1 -2.95712e-15 0)
(1 -3.72441e-16 -3.25202e-48)
(1 1.38921e-15 1.24937e-48)
(1 -1.36938e-15 -9.12822e-49)
(1 -1.55138e-15 0)
(1 -4.52098e-15 -9.46644e-49)
(1 -1.73718e-15 0)
(1 7.40834e-16 0)
(1 -2.62507e-15 -4.32071e-50)
(1 -1.04967e-15 1.45098e-49)
(1 -6.54498e-16 0)
(1 7.02882e-16 1.3136e-49)
(1 2.0528e-15 7.85597e-50)
(1 2.34456e-16 0)
(1 3.37672e-15 0)
(1 1.30424e-15 0)
(1 4.00352e-16 0)
(1 2.28129e-15 0)
(1 1.14143e-15 0)
(1 -3.41309e-15 0)
(1 9.37369e-16 0)
(1 3.08679e-15 0)
(1 -4.73671e-16 0)
(1 6.91437e-16 0)
(1 -4.94951e-16 0)
(1 6.58037e-16 0)
(1 5.12013e-16 0)
(1 3.78238e-16 0)
(1 3.40765e-15 0)
(1 6.24564e-16 0)
(1 2.5077e-15 0)
(1 -1.9473e-15 0)
(1 -2.35716e-15 0)
(1 5.5292e-16 0)
(1 5.68632e-16 0)
(1 -1.48683e-15 0)
(1 -6.20922e-15 0)
(1 -7.37354e-16 0)
(1 -4.36949e-15 0)
(1 -6.97316e-15 0)
(1 -3.06425e-15 0)
(1 -1.59926e-15 0)
(1 -9.2238e-16 0)
(1 -8.43036e-16 0)
(1 -1.76298e-15 0)
(1 -4.69773e-15 0)
(1 -6.58372e-15 0)
(1 -5.27044e-15 0)
(1 -2.95745e-15 0)
(1 -2.98139e-15 0)
(1 -3.84623e-15 0)
(1 -3.20464e-15 0)
(1 -8.02815e-16 0)
(1 -8.87447e-16 0)
(1 -4.24651e-15 0)
(1 -6.15093e-16 0)
(1 1.41049e-15 0)
(1 1.25728e-15 0)
(1 1.34026e-18 0)
(1 -1.14554e-15 0)
(1 -9.57937e-16 0)
(1 1.33786e-15 0)
(1 6.85748e-16 0)
(1 4.60486e-15 0)
(1 -1.60095e-16 0)
(1 1.64465e-16 0)
(1 4.70262e-15 0)
(1 3.67983e-15 0)
(1 3.35958e-15 0)
(1 3.74976e-15 0)
(1 4.20687e-15 0)
(1 1.05815e-15 0)
(1 -2.99413e-15 0)
(1 2.31803e-15 0)
(1 7.88584e-16 0)
(1 3.10574e-15 0)
(1 2.72961e-15 0)
(1 -6.26055e-16 0)
(1 2.777e-15 0)
(1 -1.90254e-15 0)
(1 -8.15453e-16 0)
(1 3.35655e-16 0)
(1 -8.12433e-16 0)
(1 -2.47296e-16 0)
(1 4.38938e-16 0)
(1 -1.96917e-15 0)
(1 -1.01436e-15 0)
(1 -5.11723e-16 0)
(1 -2.27939e-15 0)
(1 3.66482e-16 0)
(1 -4.68594e-16 0)
(1 1.77113e-15 0)
(1 -1.39761e-15 0)
(1 -4.03319e-15 0)
(1 -3.1941e-15 0)
(1 -2.10271e-15 0)
(1 -2.40618e-15 0)
(1 -1.3741e-15 0)
(1 -3.52643e-15 0)
(1 -5.08416e-15 0)
(1 -4.33502e-16 0)
(1 7.88293e-16 0)
(1 3.55818e-15 0)
(1 2.17234e-15 0)
(1 -3.42881e-15 0)
(1 -3.49934e-15 0)
(1 -2.97391e-15 0)
(1 -3.34407e-15 0)
(1 -3.68714e-15 0)
(1 -9.34181e-16 0)
(1 -2.68489e-15 0)
(1 8.77154e-16 0)
(1 3.28877e-15 0)
(1 4.52201e-16 0)
(1 -3.76792e-16 0)
(1 1.75847e-15 0)
(1 7.14062e-16 0)
(1 -1.07053e-15 0)
(1 5.61188e-15 0)
(1 2.831e-15 0)
(1 -1.39907e-15 0)
(1 -3.38297e-15 0)
(1 3.92831e-15 0)
(1 -2.8135e-15 0)
(1 -2.51257e-15 0)
(1 5.63712e-15 0)
(1 1.50784e-15 0)
(1 1.86393e-15 0)
(1 2.59622e-16 0)
(1 2.69225e-17 0)
(1 -3.26496e-15 0)
(1 -1.50428e-16 0)
(1 2.63488e-15 0)
(1 3.6728e-16 0)
(1 -1.62922e-15 0)
(1 -2.28333e-15 0)
(1 -3.27595e-15 0)
(1 -1.87018e-15 0)
(1 -3.62481e-16 0)
(1 -2.29948e-15 0)
(1 -5.93562e-15 0)
(1 -5.18473e-15 0)
(1 -2.3827e-15 0)
(1 -4.09234e-15 0)
(1 -6.00585e-15 0)
(1 -4.27905e-15 0)
(1 -2.68797e-15 0)
(1 -3.2109e-15 0)
(1 -4.35544e-15 0)
(1 -4.80726e-15 0)
(1 -4.79563e-15 0)
(1 1.85421e-16 0)
(1 -5.15526e-16 0)
(1 -4.71432e-15 0)
(1 -1.95535e-15 0)
(1 -2.37998e-15 0)
(1 3.64969e-15 0)
(1 2.68465e-15 0)
(1 -1.57799e-15 0)
(1 -1.07538e-15 0)
(1 -2.30932e-16 0)
(1 3.96264e-15 0)
(1 -7.46386e-16 0)
(1 1.96304e-15 0)
(1 6.13234e-16 0)
(1 1.67982e-15 0)
(1 -1.70255e-17 0)
(1 2.0064e-15 0)
(1 3.65237e-15 0)
(1 1.21872e-15 0)
(1 1.26814e-15 0)
(1 4.24709e-15 0)
(1 8.29108e-16 0)
(1 -3.7879e-16 0)
(1 3.53379e-15 0)
(1 -1.36949e-15 0)
(1 2.20398e-15 0)
(1 7.14257e-16 0)
(1 2.79702e-15 0)
(1 2.85168e-15 0)
(1 -2.96661e-15 0)
(1 -1.53648e-15 0)
(1 3.72807e-17 0)
(1 2.27206e-15 0)
(1 -1.87004e-15 0)
(1 -4.35911e-15 0)
(1 -1.54112e-15 0)
(1 -1.07734e-15 0)
(1 2.2085e-15 0)
(1 -6.56476e-15 0)
(1 3.26935e-17 0)
(1 8.20634e-16 0)
(1 -3.72922e-15 0)
(1 -9.53221e-17 0)
(1 -3.18152e-15 0)
(1 -1.43678e-15 0)
(1 -2.53765e-15 0)
(1 -1.01149e-15 0)
(1 -4.24087e-15 0)
(1 -2.20222e-15 0)
(1 -3.99727e-16 0)
(1 -8.96463e-17 0)
(1 1.98524e-15 0)
(1 1.94546e-16 0)
(1 -3.36552e-15 0)
(1 -1.94033e-15 0)
(1 -5.48773e-15 0)
(1 -5.65264e-15 0)
(1 -1.10524e-15 0)
(1 -7.47087e-16 0)
(1 1.95241e-16 0)
(1 -1.92819e-16 0)
(1 -1.00347e-16 0)
(1 -1.40009e-16 0)
(1 -1.00769e-16 0)
(1 2.99462e-15 0)
(1 3.46056e-15 0)
(1 -3.82044e-15 0)
(1 3.21771e-15 0)
(1 3.42253e-15 0)
(1 3.12572e-16 0)
(1 -2.49716e-15 0)
(1 1.21481e-15 0)
(1 -1.45939e-15 0)
(1 -4.3096e-15 0)
(1 2.44543e-15 0)
(1 2.47963e-15 0)
(1 5.27136e-16 0)
(1 -4.78814e-16 0)
(1 -3.38505e-15 0)
(1 1.04482e-15 0)
(1 4.60516e-15 0)
(1 3.85108e-15 0)
(1 -7.69071e-16 0)
(1 -5.33492e-15 0)
(1 -3.06971e-15 0)
(1 -1.86996e-15 0)
(1 -7.58381e-15 0)
(1 -2.87246e-15 0)
(1 -8.29535e-16 0)
(1 -3.54046e-15 0)
(1 -4.24134e-15 0)
(1 -3.33886e-15 0)
(1 -3.30666e-15 0)
(1 -2.1032e-15 0)
(1 -4.74625e-15 0)
(1 -3.69262e-15 0)
(1 -6.08015e-15 0)
(1 -4.01377e-15 0)
(1 -3.83414e-15 0)
(1 -2.77748e-15 0)
(1 -2.2882e-15 0)
(1 -1.48594e-15 0)
(1 -4.31124e-15 0)
(1 -1.83336e-15 0)
(1 -5.57598e-15 0)
(1 -2.62169e-15 0)
(1 1.763e-15 0)
(1 1.03743e-16 0)
(1 -3.35679e-15 0)
(1 3.5373e-16 0)
(1 8.56968e-16 0)
(1 1.42442e-15 0)
(1 2.12591e-15 0)
(1 2.31195e-15 0)
(1 2.47916e-15 0)
(1 -1.13917e-15 0)
(1 8.71618e-16 0)
(1 3.37855e-15 0)
(1 9.24422e-16 0)
(1 -1.7508e-17 0)
(1 4.60132e-15 0)
(1 4.93195e-15 0)
(1 -1.3146e-15 0)
(1 2.15399e-15 0)
(1 5.07015e-16 0)
(1 -1.09935e-15 0)
(1 1.03761e-15 0)
(1 -2.58533e-16 0)
(1 2.9059e-15 0)
(1 2.10622e-15 0)
(1 -5.49203e-16 0)
(1 -1.17389e-15 0)
(1 1.84923e-15 0)
(1 -3.7847e-16 0)
(1 -5.20255e-15 0)
(1 -1.04148e-15 0)
(1 -3.39117e-15 0)
(1 -2.21675e-15 0)
(1 -4.36623e-15 0)
(1 -2.74475e-15 0)
(1 -5.78284e-16 0)
(1 -2.6613e-15 0)
(1 2.46489e-16 0)
(1 -4.20139e-15 0)
(1 -6.06755e-15 0)
(1 -3.45306e-16 0)
(1 -1.73876e-15 0)
(1 -1.93083e-15 0)
(1 -2.23805e-15 0)
(1 -1.93145e-15 0)
(1 -2.94751e-15 0)
(1 -7.32058e-16 0)
(1 -6.41006e-16 0)
(1 -7.51054e-16 0)
(1 -2.66964e-15 0)
(1 -4.0799e-15 0)
(1 -3.31695e-15 0)
(1 -7.69591e-16 0)
(1 9.36582e-16 0)
(1 7.29683e-16 0)
(1 4.79646e-16 0)
(1 1.51329e-17 0)
(1 2.24895e-15 0)
(1 1.22602e-15 0)
(1 3.47927e-15 0)
(1 1.26548e-15 0)
(1 -1.14942e-15 0)
(1 -1.38582e-15 0)
(1 1.7338e-15 0)
(1 1.63022e-15 0)
(1 7.12046e-17 0)
(1 -4.24993e-15 0)
(1 4.87595e-15 0)
(1 -4.22472e-16 0)
(1 -1.77003e-15 0)
(1 2.75709e-15 0)
(1 1.81409e-15 0)
(1 3.12351e-15 0)
(1 6.06861e-16 0)
(1 -2.90918e-15 0)
(1 -2.60226e-15 0)
(1 -3.09436e-15 0)
(1 1.77569e-16 0)
(1 -3.80117e-15 0)
(1 -3.55923e-15 0)
(1 -4.01559e-15 0)
(1 -6.59597e-15 0)
(1 -3.94933e-15 0)
(1 -6.34274e-16 0)
(1 -1.49241e-15 0)
(1 -3.71842e-15 0)
(1 -3.41523e-15 0)
(1 -5.02583e-15 0)
(1 -1.76495e-15 0)
(1 -2.08143e-15 0)
(1 -2.57272e-15 0)
(1 -5.85907e-15 0)
(1 -3.32101e-15 0)
(1 -6.65182e-15 0)
(1 -7.13997e-15 0)
(1 -5.30645e-15 0)
(1 -2.95337e-15 0)
(1 -2.4211e-16 0)
(1 -3.03545e-15 0)
(1 -1.22557e-15 0)
(1 2.02529e-15 0)
(1 -1.63617e-15 0)
(1 -3.11098e-15 0)
(1 -1.98479e-15 0)
(1 -1.12474e-15 0)
(1 8.31917e-16 0)
(1 2.39442e-15 0)
(1 -1.90266e-15 0)
(1 6.21289e-16 0)
(1 6.32922e-16 0)
(1 4.06302e-15 0)
(1 9.48832e-16 0)
(1 -1.20025e-15 0)
(1 2.54713e-15 0)
(1 2.13693e-15 0)
(1 9.78726e-16 0)
(1 4.7366e-15 0)
(1 2.16694e-15 0)
(1 1.26215e-15 0)
(1 5.5764e-16 0)
(1 -2.40394e-15 0)
(1 1.36862e-15 0)
(1 1.3355e-15 0)
(1 -1.6612e-15 0)
(1 4.92666e-15 0)
(1 2.62543e-16 0)
(1 -3.1313e-15 0)
(1 -8.44947e-16 0)
(1 -1.51836e-16 0)
(1 4.70111e-17 0)
(1 9.5504e-16 0)
(1 -3.28034e-15 0)
(1 -4.75151e-15 0)
(1 -2.22788e-15 0)
(1 -4.40567e-15 0)
(1 -1.07687e-15 0)
(1 4.17586e-16 0)
(1 -1.63979e-15 0)
(1 -4.32312e-15 0)
(1 -5.65518e-15 0)
(1 -2.99114e-15 0)
(1 -3.83907e-15 0)
(1 -1.15022e-15 0)
(1 -9.65315e-16 0)
(1 -1.58422e-15 0)
(1 -2.80546e-15 0)
(1 -4.11505e-15 0)
(1 6.95723e-16 0)
(1 7.66897e-16 0)
(1 -3.63248e-15 0)
(1 -3.50532e-15 0)
(1 -1.20334e-15 0)
(1 -7.14078e-16 0)
(1 -2.4038e-16 0)
(1 2.50715e-15 0)
(1 7.24228e-17 0)
(1 -2.30049e-15 0)
(1 1.11152e-15 0)
(1 2.85588e-15 0)
(1 -9.67443e-16 0)
(1 -4.29612e-15 0)
(1 2.31204e-15 0)
(1 -2.44531e-15 0)
(1 5.06319e-15 0)
(1 3.58847e-15 0)
(1 2.28276e-15 0)
(1 -8.17791e-16 0)
(1 1.22249e-15 0)
(1 1.37113e-15 0)
(1 -3.44709e-15 0)
(1 -2.85869e-15 0)
(1 5.16131e-15 0)
(1 1.68517e-16 0)
(1 8.41283e-16 0)
(1 -1.24232e-15 0)
(1 -6.09636e-15 0)
(1 -1.09717e-15 0)
(1 1.35713e-15 0)
(1 1.81557e-16 0)
(1 -3.53277e-15 0)
(1 -1.44749e-15 0)
(1 -3.38731e-15 0)
(1 -9.53313e-15 0)
(1 -4.89268e-15 0)
(1 -2.95796e-15 0)
(1 -2.30312e-15 0)
(1 -2.36244e-15 0)
(1 4.84264e-16 0)
(1 -6.35996e-15 0)
(1 -4.37192e-15 0)
(1 -3.98765e-15 0)
(1 -2.71111e-15 0)
(1 -2.74568e-15 0)
(1 -2.07989e-15 0)
(1 -4.79987e-15 0)
(1 -5.55414e-15 0)
(1 -5.68973e-15 0)
(1 -2.66995e-15 0)
(1 -3.63717e-15 0)
(1 -3.81834e-16 0)
(1 8.91486e-16 0)
(1 -3.96405e-15 0)
(1 -3.2945e-15 0)
(1 8.24359e-16 0)
(1 -2.92986e-15 0)
(1 -2.64105e-15 0)
(1 -7.97561e-16 0)
(1 -2.92011e-15 0)
(1 9.83796e-16 0)
(1 1.66437e-15 0)
(1 2.74318e-16 0)
(1 2.23104e-15 0)
(1 4.23198e-16 0)
(1 2.32931e-15 0)
(1 2.21862e-15 0)
(1 2.04617e-15 0)
(1 3.66041e-15 0)
(1 3.12912e-15 0)
(1 -1.6723e-16 0)
(1 2.29545e-16 0)
(1 2.66403e-16 0)
(1 1.31943e-15 0)
(1 -2.87809e-16 0)
(1 6.87427e-16 0)
(1 1.86649e-15 0)
(1 -1.20218e-15 0)
(1 -1.67542e-15 0)
(1 -2.09068e-15 0)
(1 -1.33943e-15 0)
(1 -1.53767e-16 0)
(1 -8.84006e-16 0)
(1 -2.87492e-15 0)
(1 -3.13975e-15 0)
(1 -4.52492e-15 0)
(1 -2.92899e-15 0)
(1 -5.63983e-15 0)
(1 -1.64445e-15 0)
(1 -1.87947e-15 0)
(1 -3.05462e-15 0)
(1 1.99703e-16 0)
(1 -2.61097e-15 0)
(1 -2.46549e-15 0)
(1 -2.00026e-15 0)
(1 -2.43363e-15 0)
(1 -4.24598e-15 0)
(1 -3.10648e-15 0)
(1 -4.11098e-15 0)
(1 -7.61849e-16 0)
(1 -1.51116e-15 0)
(1 -2.62558e-15 0)
(1 -2.17444e-15 0)
(1 -1.98499e-15 0)
(1 -7.47095e-16 0)
(1 -2.38019e-16 0)
(1 1.44549e-15 0)
(1 -1.03612e-15 0)
(1 -8.58927e-16 0)
(1 -8.43456e-16 0)
(1 3.77623e-15 0)
(1 -3.22525e-15 0)
(1 1.1016e-15 0)
(1 2.72164e-16 0)
(1 -2.04733e-15 0)
(1 3.38191e-16 0)
(1 -6.12153e-16 0)
(1 6.57107e-15 0)
(1 2.91571e-15 0)
(1 -1.65963e-15 0)
(1 -9.43397e-16 0)
(1 -7.53791e-16 0)
(1 -4.75117e-16 0)
(1 2.87351e-15 0)
(1 2.59324e-15 0)
(1 -2.12487e-15 0)
(1 -1.91319e-15 0)
(1 -3.2606e-15 0)
(1 -4.45988e-15 0)
(1 -9.976e-16 0)
(1 -3.36972e-15 0)
(1 -2.43261e-15 0)
(1 -6.13625e-15 0)
(1 -1.66481e-15 0)
(1 -2.29705e-15 0)
(1 -5.64866e-15 0)
(1 -4.41485e-15 0)
(1 -4.17856e-15 0)
(1 -2.62397e-15 0)
(1 -9.97027e-16 0)
(1 -5.82513e-15 0)
(1 -3.1628e-15 0)
(1 -3.21752e-15 0)
(1 -4.7846e-15 0)
(1 -4.32127e-15 0)
(1 -1.31396e-15 0)
(1 -1.4519e-15 0)
(1 -4.14149e-15 0)
(1 -2.08009e-15 0)
(1 -2.4975e-15 0)
(1 -1.58104e-15 0)
(1 -4.43974e-15 0)
(1 -6.51152e-15 0)
(1 -1.93747e-15 0)
(1 -1.06997e-16 0)
(1 -1.01923e-15 0)
(1 -3.03297e-15 0)
(1 -1.03689e-15 0)
(1 3.97328e-16 0)
(1 -5.31228e-17 0)
(1 3.11688e-16 0)
(1 5.96013e-16 0)
(1 -1.40759e-16 0)
(1 3.05152e-15 0)
(1 3.35657e-15 0)
(1 -4.63844e-16 0)
(1 2.12952e-15 0)
(1 1.33449e-15 0)
(1 -7.23847e-16 0)
(1 5.00602e-15 0)
(1 -1.28598e-15 0)
(1 -8.9113e-16 0)
(1 2.64602e-15 0)
(1 9.34463e-16 0)
(1 1.80011e-15 0)
(1 1.62038e-15 0)
(1 4.11996e-16 0)
(1 -4.76002e-16 0)
(1 -1.51669e-16 0)
(1 -2.34914e-15 0)
(1 -1.50648e-15 0)
(1 -2.06742e-15 0)
(1 -1.46957e-15 0)
(1 -3.11103e-15 0)
(1 -1.93002e-15 0)
(1 -1.73123e-15 0)
(1 -5.25217e-15 0)
(1 -4.85481e-15 0)
(1 -1.17953e-16 0)
(1 -1.61696e-15 0)
(1 -2.00675e-15 0)
(1 -2.56784e-15 0)
(1 -3.49211e-15 0)
(1 -2.42367e-15 0)
(1 -6.01739e-15 0)
(1 -2.23158e-15 0)
(1 6.93399e-17 0)
(1 -1.39313e-15 0)
(1 -3.92127e-15 0)
(1 -3.27459e-15 0)
(1 -2.43377e-15 0)
(1 1.38038e-16 0)
(1 1.81314e-15 0)
(1 -1.50152e-15 0)
(1 -2.4591e-15 0)
(1 -3.43226e-16 0)
(1 -1.90899e-15 0)
(1 -8.96763e-17 0)
(1 1.73577e-15 0)
(1 -2.80593e-16 0)
(1 1.48062e-15 0)
(1 8.24546e-16 0)
(1 2.36405e-15 0)
(1 7.40609e-17 0)
(1 -1.39072e-15 0)
(1 1.8973e-16 0)
(1 1.42827e-15 0)
(1 1.42573e-15 0)
(1 1.19202e-15 0)
(1 -2.45929e-15 0)
(1 -9.11232e-16 0)
(1 8.81058e-16 0)
(1 2.86314e-16 0)
(1 -2.12667e-15 0)
(1 2.91556e-15 0)
(1 2.02872e-15 0)
(1 -4.29286e-15 0)
(1 2.73837e-15 0)
(1 -4.50135e-15 0)
(1 -4.85301e-15 0)
(1 -2.32751e-15 0)
(1 -6.87968e-16 0)
(1 -1.32943e-15 0)
(1 -3.82497e-15 0)
(1 2.01738e-15 0)
(1 -1.96089e-15 0)
(1 -9.05298e-15 0)
(1 -4.99274e-15 0)
(1 -2.16561e-15 0)
(1 -5.93544e-15 0)
(1 -1.94011e-15 0)
(1 -8.85389e-16 0)
(1 -3.99302e-15 0)
(1 -5.86511e-15 0)
(1 -5.21822e-15 0)
(1 -5.77697e-15 0)
(1 -1.07789e-15 0)
(1 -3.19279e-15 0)
(1 -3.24521e-15 0)
(1 -1.01918e-15 0)
(1 -2.39967e-15 0)
(1 -2.13174e-15 0)
(1 -5.56906e-15 0)
(1 -2.1347e-15 0)
(1 -2.92071e-15 0)
(1 -2.67292e-15 0)
(1 1.87748e-15 0)
(1 1.88311e-15 0)
(1 -1.91801e-15 0)
(1 -1.27441e-15 0)
(1 -1.66172e-15 0)
(1 -1.14919e-15 0)
(1 -9.68236e-17 0)
(1 8.14215e-16 0)
(1 2.3991e-15 0)
(1 3.22982e-15 0)
(1 2.95555e-15 0)
(1 2.21443e-15 0)
(1 6.03517e-16 0)
(1 3.65047e-15 0)
(1 1.61311e-15 0)
(1 3.97679e-16 0)
(1 -6.64749e-16 0)
(1 7.28126e-16 0)
(1 2.40329e-15 0)
(1 -1.37015e-15 0)
(1 -9.83574e-16 0)
(1 -9.79474e-16 0)
(1 -5.20701e-16 0)
(1 -2.17239e-15 0)
(1 -3.36189e-15 0)
(1 -1.99576e-15 0)
(1 -2.27524e-15 0)
(1 -2.13856e-15 0)
(1 -8.66874e-16 0)
(1 -1.16086e-15 0)
(1 -3.51094e-15 0)
(1 -1.21628e-15 0)
(1 -2.57202e-15 0)
(1 -3.43209e-15 0)
(1 -2.92493e-15 0)
(1 -3.09404e-15 0)
(1 -3.04382e-15 0)
(1 -5.19234e-15 0)
(1 -6.20257e-15 0)
(1 -3.18894e-15 0)
(1 -4.34094e-15 0)
(1 -3.8973e-15 0)
(1 -3.97881e-15 0)
(1 -1.57664e-15 0)
(1 -7.63235e-16 0)
(1 9.83017e-16 0)
(1 -2.0242e-16 0)
(1 1.47537e-15 0)
(1 -2.83465e-17 0)
(1 -8.96415e-16 0)
(1 -1.7382e-15 0)
(1 2.54334e-16 0)
(1 1.03496e-15 0)
(1 -8.86074e-17 0)
(1 4.48982e-16 0)
(1 2.46284e-15 0)
(1 -1.46615e-15 0)
(1 1.46714e-16 0)
(1 -2.07994e-15 0)
(1 2.0589e-16 0)
(1 3.84247e-15 0)
(1 2.69082e-15 0)
(1 -2.38089e-15 0)
(1 -2.25574e-15 0)
(1 1.17344e-15 0)
(1 -1.63224e-15 0)
(1 -2.48755e-16 0)
(1 -2.50524e-15 0)
(1 3.94183e-16 0)
(1 -6.4732e-17 0)
(1 5.69477e-16 0)
(1 -7.04011e-16 0)
(1 -1.11407e-15 0)
(1 -2.75441e-15 0)
(1 -1.06731e-16 0)
(1 -4.00961e-15 0)
(1 -2.60208e-15 0)
(1 -6.07461e-15 0)
(1 -2.8215e-15 0)
(1 -1.19471e-16 0)
(1 -3.14906e-15 0)
(1 -3.99268e-15 0)
(1 -2.14102e-15 0)
(1 -2.81796e-15 0)
(1 -3.19046e-15 0)
(1 -5.3127e-15 0)
(1 -6.78507e-15 0)
(1 -9.33278e-16 0)
(1 -4.72436e-15 0)
(1 -3.75115e-15 0)
(1 -2.4691e-16 0)
(1 -2.98739e-15 0)
(1 -4.5989e-15 0)
(1 -3.6058e-15 0)
(1 -5.08216e-16 0)
(1 -3.42651e-16 0)
(1 -5.47488e-15 0)
(1 -3.83371e-15 0)
(1 -3.24327e-15 0)
(1 -5.36291e-15 0)
(1 3.68438e-16 0)
(1 -2.5486e-16 0)
(1 -1.95308e-15 0)
(1 4.20146e-16 0)
(1 6.83584e-16 0)
(1 2.72276e-15 0)
(1 -1.54444e-15 0)
(1 -4.73199e-16 0)
(1 2.30321e-15 0)
(1 3.15125e-15 0)
(1 2.10064e-15 0)
(1 -6.09265e-16 0)
(1 3.82747e-15 0)
(1 -3.27425e-16 0)
(1 7.81207e-17 0)
(1 3.5103e-15 0)
(1 -6.94507e-16 0)
(1 1.71094e-15 0)
(1 -2.05286e-15 0)
(1 1.17293e-15 0)
(1 -2.27179e-15 0)
(1 -2.61653e-16 0)
(1 -1.47576e-15 0)
(1 -2.41116e-15 0)
(1 -1.82966e-15 0)
(1 -3.43663e-15 0)
(1 -2.40791e-15 0)
(1 -2.08338e-15 0)
(1 -1.74364e-15 0)
(1 -3.42164e-15 0)
(1 -2.80991e-15 0)
(1 -7.17071e-16 0)
(1 -4.21189e-15 0)
(1 -1.25368e-15 0)
(1 -1.45017e-15 0)
(1 -2.6144e-15 0)
(1 -8.19164e-16 0)
(1 -6.01639e-15 0)
(1 -3.35281e-15 0)
(1 -5.01351e-15 0)
(1 -7.26792e-15 0)
(1 -2.33503e-15 0)
(1 9.65241e-16 0)
(1 -1.73072e-17 0)
(1 -5.88886e-16 0)
(1 -5.77636e-16 0)
(1 -2.53108e-15 0)
(1 -1.08274e-15 0)
(1 -1.16984e-15 0)
(1 -9.96404e-17 0)
(1 -5.49264e-17 0)
(1 -2.40342e-15 0)
(1 -1.48802e-15 0)
(1 7.86e-16 0)
(1 -1.90731e-15 0)
(1 1.64741e-15 0)
(1 1.55159e-15 0)
(1 -9.51752e-16 0)
(1 1.20163e-15 0)
(1 -7.55489e-16 0)
(1 -7.2688e-16 0)
(1 1.88961e-15 0)
(1 8.01678e-16 0)
(1 -1.58861e-16 0)
(1 3.2901e-15 0)
(1 5.57483e-16 0)
(1 2.48107e-15 0)
(1 -1.64385e-15 0)
(1 -2.29866e-15 0)
(1 -1.72525e-15 0)
(1 -1.46126e-16 0)
(1 -5.79411e-16 0)
(1 -5.97729e-17 0)
(1 -1.54182e-15 0)
(1 -3.87691e-15 0)
(1 -8.52144e-15 0)
(1 -4.96717e-15 0)
(1 -2.95513e-15 0)
(1 -1.77828e-15 0)
(1 -1.18931e-15 0)
(1 -2.69608e-16 0)
(1 -3.88283e-15 0)
(1 -4.46434e-15 0)
(1 -3.62658e-15 0)
(1 -2.17632e-15 0)
(1 -3.11942e-15 0)
(1 -3.47047e-15 0)
(1 -1.26423e-15 0)
(1 -5.98509e-15 0)
(1 -4.6848e-15 0)
(1 -4.24111e-15 0)
(1 -6.5033e-15 0)
(1 -1.92027e-15 0)
(1 -2.94039e-15 0)
(1 -2.65207e-15 0)
(1 1.30027e-15 0)
(1 -2.76438e-15 0)
(1 -2.65256e-15 0)
(1 -2.07174e-15 0)
(1 -4.58864e-15 0)
(1 -2.51707e-15 0)
(1 -8.24211e-16 0)
(1 2.49781e-15 0)
(1 6.02244e-16 0)
(1 3.82736e-16 0)
(1 1.43688e-15 0)
(1 -1.10969e-15 0)
(1 -1.14898e-15 0)
(1 2.23649e-15 0)
(1 3.78487e-16 0)
(1 2.15415e-15 0)
(1 1.66562e-15 0)
(1 4.98029e-15 0)
(1 6.18573e-17 0)
(1 -5.40856e-16 0)
(1 8.01074e-16 0)
(1 8.09356e-16 0)
(1 -4.34646e-15 0)
(1 -2.00831e-15 0)
(1 1.88403e-15 0)
(1 -5.12291e-16 0)
(1 -1.37909e-15 0)
(1 -3.08252e-15 0)
(1 -3.16525e-15 0)
(1 -1.01048e-15 0)
(1 -8.55318e-16 0)
(1 -1.81332e-15 0)
(1 -2.47948e-15 0)
(1 -3.08564e-15 0)
(1 -2.97771e-15 0)
(1 -1.47101e-15 0)
(1 -4.26164e-15 0)
(1 -4.49924e-15 0)
(1 -1.64501e-15 0)
(1 -1.48013e-15 0)
(1 -2.55584e-15 0)
(1 -2.98265e-15 0)
(1 -3.44995e-15 0)
(1 -4.34827e-15 0)
(1 -4.86334e-15 0)
(1 -4.13052e-15 0)
(1 -2.58731e-15 0)
(1 -4.2845e-16 0)
(1 -2.07748e-15 0)
(1 -1.22005e-15 0)
(1 -6.77366e-16 0)
(1 -3.51632e-15 0)
(1 -1.25922e-15 0)
(1 -1.69157e-15 0)
(1 -2.09778e-15 0)
(1 2.08216e-16 0)
(1 -1.68665e-15 0)
(1 -1.53165e-15 0)
(1 1.10169e-15 0)
(1 -1.12012e-16 0)
(1 5.38724e-17 0)
(1 1.40901e-15 0)
(1 -1.06447e-15 0)
(1 9.66283e-16 0)
(1 8.3315e-17 0)
(1 -4.87472e-15 0)
(1 -1.24354e-15 0)
(1 -1.2554e-16 0)
(1 3.38796e-16 0)
(1 1.75268e-15 0)
(1 -9.40706e-16 0)
(1 -2.5602e-15 0)
(1 -2.05102e-15 0)
(1 -2.47659e-15 0)
(1 6.05393e-15 0)
(1 2.89552e-15 0)
(1 1.23504e-16 0)
(1 9.47609e-16 0)
(1 -4.5744e-15 0)
(1 -7.65351e-15 0)
(1 -7.03626e-15 0)
(1 -1.73086e-16 0)
(1 -1.5612e-16 0)
(1 -1.52289e-15 0)
(1 -1.1744e-15 0)
(1 -3.04542e-15 0)
(1 -3.4569e-15 0)
(1 -5.33958e-15 0)
(1 -5.13869e-15 0)
(1 8.787e-16 0)
(1 -1.48691e-15 0)
(1 -2.38612e-15 0)
(1 -2.27926e-15 0)
(1 -2.86645e-15 0)
(1 6.23743e-17 0)
(1 -7.30642e-15 0)
(1 -6.28599e-15 0)
(1 -8.52292e-16 0)
(1 -2.27716e-15 0)
(1 -2.58845e-15 0)
(1 -3.71719e-15 0)
(1 -3.30986e-15 0)
(1 -5.19229e-15 0)
(1 -2.2731e-15 0)
(1 -4.11368e-16 0)
(1 -1.52169e-15 0)
(1 -4.29439e-16 0)
(1 1.68979e-15 0)
(1 -9.32113e-16 0)
(1 1.12513e-15 0)
(1 -3.22065e-15 0)
(1 -6.61888e-17 0)
(1 -1.32399e-15 0)
(1 -2.23002e-16 0)
(1 -5.18162e-16 0)
(1 -8.13067e-16 0)
(1 6.52292e-15 0)
(1 9.06114e-16 0)
(1 -2.84528e-17 0)
(1 2.60915e-15 0)
(1 -1.6817e-15 0)
(1 9.71009e-16 0)
(1 -1.1006e-15 0)
(1 -1.26643e-15 0)
(1 -2.43707e-15 0)
(1 -2.60233e-15 0)
(1 -1.87594e-15 0)
(1 -1.81994e-15 0)
(1 -2.95759e-15 0)
(1 -1.46448e-15 0)
(1 -1.75219e-15 0)
(1 -2.42598e-15 0)
(1 -4.64777e-16 0)
(1 -2.27661e-15 0)
(1 -2.16255e-15 0)
(1 -3.61478e-15 0)
(1 -4.93804e-15 0)
(1 -2.41123e-15 0)
(1 -1.9245e-15 0)
(1 -1.6314e-15 0)
(1 -2.72158e-15 0)
(1 -5.24941e-15 0)
(1 -3.22668e-15 0)
(1 -2.03992e-15 0)
(1 -4.98191e-15 0)
(1 -2.06483e-15 0)
(1 -3.12367e-15 0)
(1 -2.95492e-15 0)
(1 -2.58238e-15 0)
(1 -1.60753e-15 0)
(1 -5.71628e-16 0)
(1 2.77014e-16 0)
(1 -1.13491e-15 0)
(1 -1.87705e-16 0)
(1 -4.47587e-15 0)
(1 -1.91516e-15 0)
(1 -1.59964e-15 0)
(1 -2.02775e-15 0)
(1 5.33478e-16 0)
(1 1.06759e-15 0)
(1 -4.5631e-16 0)
(1 3.66949e-15 0)
(1 -1.6358e-15 0)
(1 -3.30991e-16 0)
(1 -8.17111e-16 0)
(1 -4.15873e-15 0)
(1 9.93942e-16 0)
(1 5.29499e-16 0)
(1 -5.38195e-16 0)
(1 5.2688e-15 0)
(1 -4.08427e-17 0)
(1 -2.32455e-15 0)
(1 -9.48135e-16 0)
(1 -1.54237e-15 0)
(1 3.9072e-15 0)
(1 -2.05531e-16 0)
(1 -4.04144e-15 0)
(1 5.4647e-16 0)
(1 -7.84085e-16 0)
(1 -2.83552e-15 0)
(1 -1.0117e-15 0)
(1 -6.9574e-15 0)
(1 -3.07586e-15 0)
(1 -6.15868e-15 0)
(1 1.50673e-16 0)
(1 -5.49673e-16 0)
(1 -7.30603e-16 0)
(1 -3.07333e-15 0)
(1 -5.29131e-15 0)
(1 -7.97169e-16 0)
(1 -2.10716e-15 0)
(1 -1.27152e-16 0)
(1 -2.06338e-15 0)
(1 -2.97277e-15 0)
(1 -2.06879e-15 0)
(1 -7.57415e-15 0)
(1 -2.88137e-15 0)
(1 -7.93648e-16 0)
(1 -2.17921e-15 0)
(1 -4.19655e-15 0)
(1 -6.85922e-15 0)
(1 -3.69059e-15 0)
(1 -3.7946e-15 0)
(1 5.79666e-16 0)
(1 1.00313e-15 0)
(1 -5.57445e-16 0)
(1 -2.12138e-15 0)
(1 -2.19913e-15 0)
(1 1.86448e-15 0)
(1 7.41279e-16 0)
(1 -3.35657e-15 0)
(1 3.626e-16 0)
(1 -1.48227e-15 0)
(1 3.88563e-17 0)
(1 -1.71234e-15 0)
(1 1.17508e-15 0)
(1 2.81235e-15 0)
(1 -1.701e-15 0)
(1 1.77376e-16 0)
(1 4.66872e-15 0)
(1 8.43957e-16 0)
(1 -2.65244e-15 0)
(1 2.58835e-15 0)
(1 -5.34785e-16 0)
(1 -1.12638e-15 0)
(1 -3.27723e-15 0)
(1 -3.35464e-15 0)
(1 8.46365e-17 0)
(1 -2.20876e-15 0)
(1 -2.12839e-16 0)
(1 -1.29724e-15 0)
(1 -2.72778e-15 0)
(1 -8.07329e-16 0)
(1 -4.06673e-15 0)
(1 -4.18749e-15 0)
(1 -3.5746e-15 0)
(1 -2.56319e-15 0)
(1 1.17936e-15 0)
(1 3.05382e-16 0)
(1 2.684e-17 0)
(1 -2.98726e-15 0)
(1 -4.53571e-15 0)
(1 -5.1612e-15 0)
(1 -4.44945e-15 0)
(1 -3.8275e-15 0)
(1 -2.54503e-15 0)
(1 -1.40522e-15 0)
(1 -1.42518e-15 0)
(1 -4.29499e-15 0)
(1 -2.64801e-15 0)
(1 -8.2091e-16 0)
(1 1.10625e-15 0)
(1 -1.78266e-15 0)
(1 -1.71665e-15 0)
(1 -4.49333e-15 0)
(1 -1.87388e-15 0)
(1 -1.55522e-15 0)
(1 -2.6274e-15 0)
(1 -1.62899e-16 0)
(1 -1.00052e-15 0)
(1 1.094e-15 0)
(1 -1.34893e-16 0)
(1 3.69844e-18 0)
(1 6.10136e-16 0)
(1 1.74318e-15 0)
(1 1.00409e-15 0)
(1 -2.21562e-15 0)
(1 -1.53003e-16 0)
(1 4.54129e-17 0)
(1 -2.39397e-15 0)
(1 1.03406e-15 0)
(1 -1.71958e-15 0)
(1 -2.6395e-15 0)
(1 -6.24733e-16 0)
(1 5.02896e-16 0)
(1 -6.73454e-17 0)
(1 2.95378e-15 0)
(1 9.60897e-16 0)
(1 -1.26862e-15 0)
(1 -4.46873e-15 0)
(1 -1.06859e-15 0)
(1 -5.48599e-15 0)
(1 -3.21811e-15 0)
(1 -5.31583e-15 0)
(1 -2.08974e-16 0)
(1 -4.41344e-16 0)
(1 1.27217e-15 0)
(1 -7.73115e-16 0)
(1 -4.10137e-15 0)
(1 -3.24345e-15 0)
(1 -1.63249e-15 0)
(1 -1.30154e-15 0)
(1 -3.27069e-15 0)
(1 -4.87504e-15 0)
(1 -1.0085e-14 0)
(1 -4.28879e-15 0)
(1 -2.1516e-15 0)
(1 -8.37362e-16 0)
(1 -2.30947e-15 0)
(1 -7.09638e-15 0)
(1 -2.93442e-15 0)
(1 -2.44465e-15 0)
(1 -3.68011e-16 0)
(1 1.7625e-15 0)
(1 3.3416e-15 0)
(1 1.93734e-15 0)
(1 -2.6853e-15 0)
(1 -2.10675e-15 0)
(1 9.80152e-17 0)
(1 -2.6072e-15 0)
(1 -1.97576e-15 0)
(1 1.27822e-16 0)
(1 -1.18805e-15 0)
(1 7.62125e-16 0)
(1 8.13568e-16 0)
(1 -3.98372e-16 0)
(1 1.43773e-15 0)
(1 -5.03932e-16 0)
(1 1.31025e-15 0)
(1 4.07046e-16 0)
(1 2.11333e-15 0)
(1 -1.03274e-15 0)
(1 -6.00855e-16 0)
(1 -7.30481e-16 0)
(1 -3.49857e-16 0)
(1 1.09371e-15 0)
(1 1.71106e-16 0)
(1 -9.78864e-16 0)
(1 1.62082e-17 0)
(1 -3.2512e-16 0)
(1 -1.02341e-15 0)
(1 -3.95659e-15 0)
(1 -2.11398e-15 0)
(1 -2.99145e-15 0)
(1 -3.41835e-15 0)
(1 8.26185e-17 0)
(1 -3.23708e-15 0)
(1 -3.77587e-15 0)
(1 -5.05485e-16 0)
(1 1.43498e-15 0)
(1 -1.86692e-15 0)
(1 -2.17052e-15 0)
(1 -4.52542e-15 0)
(1 -4.67397e-15 0)
(1 -3.66482e-15 0)
(1 -3.98698e-15 0)
(1 -9.91877e-16 0)
(1 6.29914e-16 0)
(1 -2.71151e-15 0)
(1 -1.8696e-15 0)
(1 -6.71323e-16 0)
(1 -7.63528e-16 0)
(1 -9.38506e-16 0)
(1 -2.87637e-15 0)
(1 -2.12775e-15 0)
(1 -1.02885e-15 0)
(1 -3.78431e-16 0)
(1 -1.9645e-16 0)
(1 2.17389e-16 0)
(1 -2.52908e-16 0)
(1 -2.8699e-16 0)
(1 -2.67967e-15 0)
(1 3.74094e-15 0)
(1 -5.92843e-16 0)
(1 -2.69617e-16 0)
(1 3.81605e-15 0)
(1 -3.04468e-15 0)
(1 -3.19163e-15 0)
(1 -2.70121e-15 0)
(1 -6.08815e-15 0)
(1 2.21303e-15 0)
(1 7.16132e-16 0)
(1 -1.75821e-16 0)
(1 2.34041e-15 0)
(1 -2.46968e-15 0)
(1 2.91516e-15 0)
(1 1.31574e-15 0)
(1 -1.5189e-15 0)
(1 -2.27799e-15 0)
(1 -6.84712e-15 0)
(1 -2.91148e-15 0)
(1 2.48076e-15 0)
(1 -3.28669e-15 0)
(1 -1.32467e-15 0)
(1 -4.00886e-15 0)
(1 -6.27164e-16 0)
(1 2.66993e-15 0)
(1 -5.21226e-16 0)
(1 -1.27075e-15 0)
(1 -3.91029e-15 0)
(1 -3.13682e-15 0)
(1 -3.27671e-15 0)
(1 -4.4598e-15 0)
(1 -3.35533e-15 0)
(1 -4.05892e-15 0)
(1 -5.1157e-16 0)
(1 -3.53866e-16 0)
(1 -2.81014e-15 0)
(1 -5.43115e-15 0)
(1 -2.75848e-15 0)
(1 -2.67275e-15 0)
(1 -9.42691e-16 0)
(1 7.93249e-16 0)
(1 -2.89222e-16 0)
(1 4.54587e-16 0)
(1 -3.8696e-17 0)
(1 -1.85813e-15 0)
(1 -2.69962e-15 0)
(1 -2.87855e-15 0)
(1 -1.84321e-15 0)
(1 1.49712e-15 0)
(1 -5.02952e-18 0)
(1 1.08822e-15 0)
(1 1.61461e-16 0)
(1 1.09845e-15 0)
(1 -2.93043e-15 0)
(1 -9.60734e-16 0)
(1 -7.64649e-16 0)
(1 -4.91647e-16 0)
(1 1.6225e-16 0)
(1 2.05975e-15 0)
(1 3.22543e-15 0)
(1 1.66992e-16 0)
(1 -3.29463e-15 0)
(1 -1.78927e-15 0)
(1 6.75974e-16 0)
(1 6.08205e-16 0)
(1 -4.36024e-16 0)
(1 6.908e-16 0)
(1 -2.0795e-15 0)
(1 -1.88422e-15 0)
(1 -2.7936e-16 0)
(1 -2.24833e-15 0)
(1 -1.52288e-15 0)
(1 -1.61274e-15 0)
(1 -7.93454e-16 0)
(1 -2.2963e-15 0)
(1 -1.81256e-15 0)
(1 -2.64266e-15 0)
(1 -7.45111e-16 0)
(1 3.32766e-16 0)
(1 -2.50309e-15 0)
(1 -2.65587e-15 0)
(1 -3.50762e-15 0)
(1 -2.46917e-15 0)
(1 -3.24945e-15 0)
(1 -1.34961e-15 0)
(1 -1.27245e-15 0)
(1 -2.34932e-15 0)
(1 -1.2923e-15 0)
(1 -2.50275e-16 0)
(1 -1.64801e-16 0)
(1 1.81359e-15 0)
(1 -2.12506e-15 0)
(1 -3.00755e-15 0)
(1 -9.64857e-16 0)
(1 -2.08546e-15 0)
(1 -6.45602e-16 0)
(1 -2.25281e-16 0)
(1 8.6265e-16 0)
(1 -8.99295e-16 0)
(1 -2.64268e-16 0)
(1 3.85237e-15 0)
(1 -1.01151e-15 0)
(1 -2.07681e-15 0)
(1 3.87277e-15 0)
(1 2.70608e-17 0)
(1 -2.77091e-15 0)
(1 -2.47543e-15 0)
(1 -3.99596e-15 0)
(1 4.35905e-15 0)
(1 -9.84417e-16 0)
(1 2.24771e-15 0)
(1 -2.68849e-15 0)
(1 -3.76604e-15 0)
(1 2.81618e-15 0)
(1 -2.73801e-15 0)
(1 -4.43971e-16 0)
(1 8.32462e-16 0)
(1 2.88575e-15 0)
(1 -1.97212e-15 0)
(1 -3.11476e-15 0)
(1 -4.26155e-15 0)
(1 -2.79882e-15 0)
(1 -7.22278e-15 0)
(1 -5.42089e-16 0)
(1 2.07266e-16 0)
(1 -2.35588e-15 0)
(1 -2.19675e-16 0)
(1 -2.87575e-15 0)
(1 -1.50241e-15 0)
(1 5.33148e-16 0)
(1 -4.61604e-15 0)
(1 -3.40218e-15 0)
(1 -1.14053e-15 0)
(1 -9.10237e-16 0)
(1 8.39468e-16 0)
(1 -7.15501e-15 0)
(1 -5.81502e-15 0)
(1 -6.5985e-16 0)
(1 -1.77524e-15 0)
(1 1.47174e-15 0)
(1 2.19381e-15 0)
(1 -2.1094e-16 0)
(1 2.76075e-16 0)
(1 -3.62423e-18 0)
(1 4.33879e-16 0)
(1 -4.26364e-15 0)
(1 -4.18792e-15 0)
(1 -8.28857e-16 0)
(1 -4.15441e-16 0)
(1 9.72414e-16 0)
(1 2.05286e-15 0)
(1 2.20423e-15 0)
(1 2.83645e-15 0)
(1 -2.81935e-16 0)
(1 -5.13176e-15 0)
(1 -1.4406e-15 0)
(1 1.94911e-16 0)
(1 6.36802e-16 0)
(1 3.2474e-15 0)
(1 8.21263e-16 0)
(1 -3.36848e-16 0)
(1 -1.53612e-15 0)
(1 -2.75844e-16 0)
(1 -4.15608e-16 0)
(1 -2.46974e-15 0)
(1 2.46552e-16 0)
(1 -1.0037e-15 0)
(1 -2.18522e-15 0)
(1 5.48068e-16 0)
(1 1.25038e-15 0)
(1 -3.62118e-15 0)
(1 -2.9161e-15 0)
(1 -3.54532e-15 0)
(1 -1.31087e-15 0)
(1 2.22965e-16 0)
(1 -7.3317e-16 0)
(1 -3.66404e-15 0)
(1 -7.53225e-16 0)
(1 1.77183e-15 0)
(1 -2.20935e-15 0)
(1 -6.90284e-16 0)
(1 -2.16698e-15 0)
(1 -3.44863e-16 0)
(1 -2.21879e-15 0)
(1 -4.29542e-15 0)
(1 -2.33245e-15 0)
(1 -1.6731e-15 0)
(1 -1.9326e-15 0)
(1 -5.82084e-16 0)
(1 -6.7001e-16 0)
(1 7.65053e-16 0)
(1 1.6535e-16 0)
(1 -1.24281e-15 0)
(1 -7.66665e-16 0)
(1 -3.22259e-15 0)
(1 -1.19373e-15 0)
(1 2.06719e-16 0)
(1 3.5585e-16 0)
(1 5.7571e-16 0)
(1 -4.96147e-16 0)
(1 9.91512e-16 0)
(1 -1.22057e-15 0)
(1 1.11371e-15 0)
(1 -1.64056e-15 0)
(1 2.02626e-15 0)
(1 -4.0522e-15 0)
(1 -4.12449e-15 0)
(1 -2.79119e-15 0)
(1 1.0636e-15 0)
(1 1.0327e-15 0)
(1 1.87972e-15 0)
(1 1.35967e-16 0)
(1 -7.54964e-16 0)
(1 -4.80267e-16 0)
(1 9.33798e-16 0)
(1 -4.51956e-15 0)
(1 -1.21027e-15 0)
(1 2.72393e-15 0)
(1 -2.70694e-15 0)
(1 -1.81298e-15 0)
(1 -9.01736e-17 0)
(1 -3.31327e-15 0)
(1 -3.76809e-15 0)
(1 -8.52408e-16 0)
(1 -4.68817e-15 0)
(1 -3.52919e-15 0)
(1 2.68536e-16 0)
(1 6.35589e-16 0)
(1 -8.66902e-16 0)
(1 9.56728e-16 0)
(1 -1.74142e-15 0)
(1 -1.90897e-15 0)
(1 -3.51406e-15 0)
(1 -2.50108e-16 0)
(1 -1.2686e-15 0)
(1 -5.23992e-15 0)
(1 -1.46244e-15 0)
(1 9.90777e-17 0)
(1 1.05982e-15 0)
(1 -1.15592e-15 0)
(1 -7.71672e-17 0)
(1 -2.1724e-15 0)
(1 2.81397e-15 0)
(1 -7.90878e-17 0)
(1 -1.33267e-15 0)
(1 -1.68348e-15 0)
(1 -1.33855e-15 0)
(1 2.61226e-16 0)
(1 -1.37115e-15 0)
(1 2.21285e-16 0)
(1 9.50727e-17 0)
(1 -2.63143e-15 0)
(1 9.21997e-16 0)
(1 3.5216e-16 0)
(1 -2.14035e-15 0)
(1 2.00282e-15 0)
(1 2.57313e-15 0)
(1 -1.0976e-15 0)
(1 5.82701e-16 0)
(1 1.02091e-15 0)
(1 -5.4127e-16 0)
(1 6.40626e-16 0)
(1 -1.06387e-15 0)
(1 -5.77949e-16 0)
(1 2.09606e-15 0)
(1 3.73521e-15 0)
(1 2.96901e-15 0)
(1 -2.17519e-16 0)
(1 -3.70855e-16 0)
(1 -3.00558e-15 0)
(1 -3.18393e-15 0)
(1 -2.23086e-15 0)
(1 -3.22543e-15 0)
(1 -1.76641e-15 0)
(1 3.25954e-16 0)
(1 -2.9697e-15 0)
(1 -8.67357e-16 0)
(1 1.72669e-15 0)
(1 1.07403e-15 0)
(1 -3.63567e-15 0)
(1 -8.07686e-16 0)
(1 1.98961e-16 0)
(1 9.31178e-16 0)
(1 -1.06516e-15 0)
(1 -3.71132e-15 0)
(1 -2.45582e-15 0)
(1 -5.9922e-16 0)
(1 -1.36113e-15 0)
(1 -1.51729e-15 0)
(1 -1.14147e-15 0)
(1 -3.27966e-16 0)
(1 -3.4609e-16 0)
(1 1.05971e-15 0)
(1 1.30344e-15 0)
(1 -1.51387e-15 0)
(1 -2.60775e-16 0)
(1 6.19473e-16 0)
(1 3.33911e-16 0)
(1 8.4255e-16 0)
(1 1.18069e-15 0)
(1 -1.07597e-15 0)
(1 -9.53593e-16 0)
(1 -2.42999e-15 0)
(1 -2.55353e-15 0)
(1 2.18289e-15 0)
(1 -1.834e-16 0)
(1 -1.86718e-16 0)
(1 2.13526e-15 0)
(1 -4.76583e-15 0)
(1 3.42475e-15 0)
(1 1.17254e-15 0)
(1 2.25822e-16 0)
(1 -1.98736e-15 0)
(1 -2.05516e-15 0)
(1 -9.96633e-16 0)
(1 -1.08613e-15 0)
(1 -1.93889e-15 0)
(1 1.30647e-16 0)
(1 1.05811e-15 0)
(1 -8.03573e-16 0)
(1 -3.24498e-15 0)
(1 -3.2206e-15 0)
(1 -9.91791e-16 0)
(1 -2.86942e-15 0)
(1 -2.90413e-15 0)
(1 -2.93197e-16 0)
(1 1.05623e-15 0)
(1 -6.61096e-16 0)
(1 -1.66382e-15 0)
(1 -2.01848e-15 0)
(1 -1.22803e-16 0)
(1 2.13314e-15 0)
(1 -3.1958e-16 0)
(1 -2.08824e-15 0)
(1 -3.03355e-15 0)
(1 -2.88089e-15 0)
(1 -1.35923e-15 0)
(1 -4.04381e-16 0)
(1 -5.30209e-16 0)
(1 1.17053e-15 0)
(1 -3.03639e-16 0)
(1 -1.1218e-15 0)
(1 -1.00119e-15 0)
(1 -8.61476e-16 0)
(1 -3.7809e-15 0)
(1 -1.86875e-15 0)
(1 1.7992e-15 0)
(1 4.49189e-16 0)
(1 -3.72174e-17 0)
(1 -3.73755e-16 0)
(1 1.69347e-15 0)
(1 -3.56861e-15 0)
(1 -1.79387e-15 0)
(1 6.44941e-16 0)
(1 -2.11975e-16 0)
(1 7.57503e-16 0)
(1 -1.77224e-16 0)
(1 2.94321e-15 0)
(1 -2.38838e-15 0)
(1 1.98181e-16 0)
(1 1.53052e-16 0)
(1 3.72036e-16 0)
(1 -7.93692e-16 0)
(1 4.12417e-16 0)
(1 1.53321e-15 0)
(1 2.17757e-15 0)
(1 1.48932e-15 0)
(1 1.68665e-15 0)
(1 -5.29527e-16 0)
(1 -2.09227e-15 0)
(1 -1.25503e-16 0)
(1 -3.97898e-16 0)
(1 -3.0765e-16 0)
(1 -1.68534e-15 0)
(1 -2.51078e-15 0)
(1 -1.19332e-15 0)
(1 -6.52429e-16 0)
(1 -7.85793e-16 0)
(1 -3.82584e-16 0)
(1 -1.89953e-15 0)
(1 1.75325e-15 0)
(1 4.55192e-16 0)
(1 -6.65936e-16 0)
(1 -3.7782e-17 0)
(1 -3.35494e-15 0)
(1 -1.87215e-15 0)
(1 -9.56269e-16 0)
(1 -1.7878e-15 0)
(1 1.01489e-15 0)
(1 6.46825e-17 0)
(1 5.07677e-16 0)
(1 -2.28072e-15 0)
(1 -1.14413e-15 0)
(1 7.36484e-16 0)
(1 6.74559e-16 0)
(1 1.50223e-15 0)
(1 5.29138e-16 0)
(1 -3.23606e-16 0)
(1 5.53925e-16 0)
(1 9.95762e-16 0)
(1 -1.68312e-15 0)
(1 5.73883e-16 0)
(1 -3.32622e-15 0)
(1 4.86412e-16 0)
(1 -2.78175e-15 0)
(1 2.00452e-15 0)
(1 4.86409e-15 0)
(1 -2.08112e-15 0)
(1 -5.2414e-15 0)
(1 2.37091e-15 0)
(1 -9.49493e-16 0)
(1 -7.22181e-16 0)
(1 9.88845e-17 0)
(1 5.99071e-16 0)
(1 -2.24614e-15 0)
(1 4.25775e-15 0)
(1 -1.48018e-15 0)
(1 8.90853e-16 0)
(1 2.5727e-15 0)
(1 -2.63936e-15 0)
(1 -2.64274e-15 0)
(1 -9.22682e-16 0)
(1 -3.61956e-15 0)
(1 -9.76756e-16 0)
(1 -8.08802e-16 0)
(1 -8.33868e-16 0)
(1 7.29128e-16 0)
(1 -1.01488e-15 0)
(1 1.38095e-15 0)
(1 -2.58322e-15 0)
(1 -1.53671e-15 0)
(1 1.14647e-15 0)
(1 6.84228e-16 0)
(1 -2.03789e-15 0)
(1 -3.92311e-15 0)
(1 -3.4795e-15 0)
(1 1.30368e-15 0)
(1 -1.18744e-15 0)
(1 -4.4641e-16 0)
(1 2.84818e-15 0)
(1 2.6982e-16 0)
(1 1.64004e-15 0)
(1 -2.98584e-15 0)
(1 -1.859e-15 0)
(1 -1.26253e-15 0)
(1 -4.65274e-16 0)
(1 2.64458e-15 0)
(1 3.06217e-16 0)
(1 6.18696e-16 0)
(1 2.0808e-16 0)
(1 2.13025e-16 0)
(1 -2.09756e-15 0)
(1 -2.89121e-15 0)
(1 -1.1478e-15 0)
(1 1.11374e-15 0)
(1 -1.18315e-15 0)
(1 -4.67403e-16 0)
(1 1.95704e-15 0)
(1 -1.62081e-15 0)
(1 1.09293e-15 0)
(1 1.44905e-15 0)
(1 1.69191e-15 0)
(1 2.49774e-16 0)
(1 5.25061e-17 0)
(1 -1.50022e-15 0)
(1 4.34058e-16 0)
(1 -4.01457e-16 0)
(1 1.73813e-15 0)
(1 -6.494e-16 0)
(1 -1.64108e-15 0)
(1 -4.96044e-16 0)
(1 -8.2036e-16 0)
(1 1.71141e-15 0)
(1 -1.29257e-15 0)
(1 -3.19878e-15 0)
(1 -1.52309e-15 0)
(1 -8.84893e-16 0)
(1 -9.67936e-16 0)
(1 -1.51817e-15 0)
(1 9.67321e-16 0)
(1 3.47606e-16 0)
(1 8.41081e-16 0)
(1 -1.61257e-15 0)
(1 -2.04467e-16 0)
(1 -3.54453e-15 0)
(1 -2.36897e-15 0)
(1 -1.99522e-16 0)
(1 1.62883e-16 0)
(1 2.35667e-15 0)
(1 1.84773e-15 0)
(1 -9.68449e-16 0)
(1 -5.02603e-16 0)
(1 -1.94845e-15 0)
(1 -1.44159e-15 0)
(1 3.08994e-15 0)
(1 1.81288e-15 0)
(1 8.72347e-18 0)
(1 -9.11727e-17 0)
(1 -6.06139e-17 0)
(1 -1.40912e-15 0)
(1 6.16523e-16 0)
(1 1.66188e-15 0)
(1 -1.21244e-15 0)
(1 -9.73885e-16 0)
(1 -1.87296e-15 0)
(1 -8.97026e-16 0)
(1 1.92155e-15 0)
(1 -1.3371e-15 0)
(1 -1.82528e-16 0)
(1 1.27789e-15 0)
(1 -7.9665e-16 0)
(1 2.97458e-15 0)
(1 2.05847e-15 0)
(1 -1.48967e-15 0)
(1 -1.03364e-15 0)
(1 -1.71974e-15 0)
(1 1.2843e-15 0)
(1 1.50886e-15 0)
(1 1.97319e-15 0)
(1 -2.8419e-15 0)
(1 -1.65596e-15 0)
(1 2.87943e-16 0)
(1 7.05475e-16 0)
(1 -1.19082e-15 0)
(1 -3.28418e-15 0)
(1 -8.79689e-16 0)
(1 -7.34794e-16 0)
(1 1.67566e-15 0)
(1 2.91952e-15 0)
(1 -1.1392e-15 0)
(1 -1.67359e-15 0)
(1 -2.37148e-15 0)
(1 7.81689e-16 0)
(1 4.06887e-16 0)
(1 -4.2185e-15 0)
(1 -2.30414e-15 0)
(1 3.44926e-15 0)
(1 -6.62529e-16 0)
(1 1.04295e-15 0)
(1 1.40681e-15 0)
(1 -1.11414e-16 0)
(1 -1.59291e-15 0)
(1 -7.83116e-16 0)
(1 -1.16833e-15 0)
(1 -1.06342e-15 0)
(1 1.61878e-15 0)
(1 3.35942e-15 0)
(1 -9.59051e-16 0)
(1 8.60402e-16 0)
(1 -1.49457e-15 0)
(1 -5.06614e-15 0)
(1 -1.70643e-15 0)
(1 -1.69264e-16 0)
(1 -1.53635e-15 0)
(1 1.24582e-15 0)
(1 1.38216e-15 0)
(1 -1.0842e-15 0)
(1 7.40444e-16 0)
(1 7.09025e-17 0)
(1 -1.94752e-16 0)
(1 5.34359e-16 0)
(1 1.42368e-15 0)
(1 1.02922e-15 0)
(1 -1.71653e-15 0)
(1 4.66683e-16 0)
(1 3.35993e-15 0)
(1 1.66485e-15 0)
(1 -9.23946e-16 0)
(1 -2.18462e-15 0)
(1 -2.2824e-15 0)
(1 -2.14344e-15 0)
(1 -8.77573e-16 0)
(1 4.80823e-15 0)
(1 -2.97485e-15 0)
(1 -2.22541e-15 0)
(1 2.46575e-16 0)
(1 1.07023e-15 0)
(1 -8.73762e-16 0)
(1 -3.17973e-15 0)
(1 -9.80871e-16 0)
(1 4.95744e-16 0)
(1 -5.83042e-16 0)
(1 -2.149e-17 0)
(1 -8.06705e-16 0)
(1 -9.83541e-16 0)
(1 -2.40886e-15 0)
(1 -1.10529e-16 0)
(1 -1.9291e-15 0)
(1 2.34066e-16 0)
(1 2.49038e-16 0)
(1 -6.64029e-17 0)
(1 1.05592e-15 0)
(1 6.47069e-16 0)
(1 2.35002e-16 0)
(1 3.35031e-15 0)
(1 4.6003e-16 0)
(1 -2.38497e-16 0)
(1 4.01828e-16 0)
(1 -5.0054e-16 0)
(1 -1.72324e-15 0)
(1 1.47371e-15 0)
(1 3.69957e-16 0)
(1 -6.21492e-16 0)
(1 -6.99419e-16 0)
(1 1.04791e-15 0)
(1 -1.15948e-15 0)
(1 -4.13888e-16 0)
(1 7.4485e-16 0)
(1 1.08472e-15 0)
(1 -1.38865e-15 0)
(1 -3.67264e-16 0)
(1 3.71909e-16 0)
(1 1.40694e-15 0)
(1 -1.04432e-15 0)
(1 9.48868e-16 0)
(1 1.32668e-16 0)
(1 1.9759e-15 0)
(1 -1.41892e-16 0)
(1 1.20966e-15 0)
(1 -2.57803e-15 0)
(1 -2.42577e-15 0)
(1 -3.16261e-16 0)
(1 3.79947e-15 0)
(1 -1.46262e-15 0)
(1 -1.99715e-15 0)
(1 1.311e-15 0)
(1 -1.3188e-15 0)
(1 -5.80004e-16 0)
(1 3.87784e-16 0)
(1 -4.12587e-16 0)
(1 -1.02736e-15 0)
(1 -1.70597e-15 0)
(1 1.81346e-15 0)
(1 1.12481e-15 0)
(1 -8.1006e-16 0)
(1 -1.33234e-15 0)
(1 -4.18537e-16 0)
(1 -1.70481e-16 0)
(1 -7.6761e-16 0)
(1 1.31179e-15 0)
(1 1.6247e-16 0)
(1 -2.4523e-15 0)
(1 7.32691e-16 0)
(1 1.237e-15 0)
(1 -1.20111e-16 0)
(1 1.16519e-15 0)
(1 8.14001e-16 0)
(1 -2.08095e-15 0)
(1 -8.01809e-16 0)
(1 -1.09949e-15 0)
(1 -2.4879e-15 0)
(1 1.13435e-15 0)
(1 3.67972e-15 0)
(1 -8.21893e-16 0)
(1 -6.57791e-16 0)
(1 3.72901e-16 0)
(1 -1.7657e-15 0)
(1 1.02032e-15 0)
(1 7.17728e-16 0)
(1 -1.0655e-15 0)
(1 1.23788e-16 0)
(1 9.81798e-17 0)
(1 6.24796e-16 0)
(1 -1.43906e-15 0)
(1 7.49852e-16 0)
(1 1.25448e-15 0)
(1 6.23563e-16 0)
(1 -4.1597e-17 0)
(1 -2.72656e-16 0)
(1 8.96779e-17 0)
(1 6.70155e-17 0)
(1 3.16423e-16 0)
(1 3.68836e-15 0)
(1 -2.52124e-15 0)
(1 -1.20501e-15 0)
(1 1.34133e-15 0)
(1 9.3778e-16 0)
(1 -1.19585e-15 0)
(1 -2.31657e-15 0)
(1 -6.13205e-16 0)
(1 2.20017e-15 0)
(1 -7.65547e-17 0)
(1 -3.16855e-16 0)
(1 -3.79377e-16 0)
(1 -4.93574e-16 0)
(1 -4.71461e-16 0)
(1 3.25478e-17 0)
(1 -3.10286e-15 0)
(1 -3.8991e-16 0)
(1 -4.51371e-16 0)
(1 2.69369e-16 0)
(1 -9.98368e-17 0)
(1 1.95574e-15 0)
(1 7.41063e-16 0)
(1 1.7706e-16 0)
(1 -1.25231e-16 0)
)
;

boundaryField
{
    inlet
    {
        type            calculated;
        value           uniform (1 0 0);
    }
    outlet
    {
        type            calculated;
        value           nonuniform List<vector> 
40
(
(1 -2.55833e-16 0)
(1 -2.92774e-16 0)
(1 5.19264e-16 0)
(1 -1.20708e-15 0)
(1 -1.57116e-15 0)
(1 9.61721e-16 0)
(1 6.9989e-16 0)
(1 1.65678e-15 0)
(1 3.97337e-15 0)
(1 3.75975e-15 0)
(1 1.62848e-15 0)
(1 3.45338e-16 0)
(1 2.08483e-16 0)
(1 -1.7506e-15 0)
(1 1.57969e-15 0)
(1 3.3137e-15 0)
(1 8.28941e-16 0)
(1 9.5991e-16 0)
(1 9.92702e-16 0)
(1 -7.09965e-16 -7.03196e-50)
(1 2.14597e-15 7.85597e-50)
(1 3.38051e-15 0)
(1 4.87491e-19 0)
(1 1.15086e-16 0)
(1 -2.20132e-15 0)
(1 -7.43685e-16 0)
(1 1.85758e-15 0)
(1 1.15706e-15 0)
(1 -1.3597e-15 0)
(1 -1.40866e-15 0)
(1 -1.90869e-15 0)
(1 -2.50714e-15 0)
(1 -7.99748e-17 0)
(1 -5.43515e-16 0)
(1 -1.11251e-15 0)
(1 -2.06733e-16 0)
(1 1.53866e-15 0)
(1 1.84278e-15 0)
(1 4.7703e-16 0)
(1 -1.20634e-16 0)
)
;
    }
    down
    {
        type            empty;
    }
    up
    {
        type            empty;
    }
    sides
    {
        type            calculated;
        value           nonuniform List<vector> 
200
(
(1 0 0)
(1 0 0)
(1 0 0)
(1 0 0)
(1 0 0)
(1 0 0)
(1 0 0)
(1 0 0)
(1 0 0)
(1 0 0)
(1 0 0)
(1 0 0)
(1 0 0)
(1 0 0)
(1 0 0)
(1 0 0)
(1 0 0)
(1 0 0)
(1 0 0)
(1 0 0)
(1 0 0)
(1 0 0)
(1 0 0)
(1 0 0)
(1 0 0)
(1 0 0)
(1 0 0)
(1 0 0)
(1 0 0)
(1 0 0)
(1 0 0)
(1 0 0)
(1 0 0)
(1 0 0)
(1 0 0)
(1 0 0)
(1 0 0)
(1 0 0)
(1 0 0)
(1 0 0)
(1 0 0)
(1 0 0)
(1 0 0)
(1 0 0)
(1 0 0)
(1 0 0)
(1 0 0)
(1 0 0)
(1 0 0)
(1 0 0)
(1 0 0)
(1 0 0)
(1 0 0)
(1 0 0)
(1 0 0)
(1 0 0)
(1 0 0)
(1 0 0)
(1 0 0)
(1 0 0)
(1 0 0)
(1 0 0)
(1 0 0)
(1 0 0)
(1 0 0)
(1 0 0)
(1 0 0)
(1 0 0)
(1 0 0)
(1 0 0)
(1 0 0)
(1 0 0)
(1 0 0)
(1 0 0)
(1 0 0)
(1 0 0)
(1 0 0)
(1 0 0)
(1 0 0)
(1 0 0)
(1 0 0)
(1 0 0)
(1 0 0)
(1 0 0)
(1 0 0)
(1 0 0)
(1 0 0)
(1 0 0)
(1 0 0)
(1 0 0)
(1 0 0)
(1 0 0)
(1 0 0)
(1 0 0)
(1 0 0)
(1 0 0)
(1 0 0)
(1 0 0)
(1 0 0)
(1 0 0)
(1 0 0)
(1 0 0)
(1 0 0)
(1 0 0)
(1 0 0)
(1 0 0)
(1 0 0)
(1 0 0)
(1 0 0)
(1 0 0)
(1 0 0)
(1 0 0)
(1 0 0)
(1 0 0)
(1 0 0)
(1 0 0)
(1 0 0)
(1 0 0)
(1 0 0)
(1 0 0)
(1 0 0)
(1 0 0)
(1 0 0)
(1 0 0)
(1 0 0)
(1 0 0)
(1 0 0)
(1 0 0)
(1 0 0)
(1 0 0)
(1 0 0)
(1 0 0)
(1 0 0)
(1 0 0)
(1 0 0)
(1 0 0)
(1 0 0)
(1 0 0)
(1 0 0)
(1 0 0)
(1 0 0)
(1 0 0)
(1 0 0)
(1 0 0)
(1 0 0)
(1 0 0)
(1 0 0)
(1 0 0)
(1 0 0)
(1 0 0)
(1 0 0)
(1 0 0)
(1 0 0)
(1 0 0)
(1 0 0)
(1 0 0)
(1 0 0)
(1 0 0)
(1 0 0)
(1 0 0)
(1 0 0)
(1 0 0)
(1 0 0)
(1 0 0)
(1 0 0)
(1 0 0)
(1 0 0)
(1 0 0)
(1 0 0)
(1 0 0)
(1 0 0)
(1 0 0)
(1 0 0)
(1 0 0)
(1 0 0)
(1 0 0)
(1 0 0)
(1 0 0)
(1 0 0)
(1 0 0)
(1 0 0)
(1 0 0)
(1 0 0)
(1 0 0)
(1 0 0)
(1 0 0)
(1 0 0)
(1 0 0)
(1 0 0)
(1 0 0)
(1 0 0)
(1 0 0)
(1 0 0)
(1 0 0)
(1 0 0)
(1 0 0)
(1 0 0)
(1 0 0)
(1 0 0)
(1 0 0)
)
;
    }
}

