/*--------------------------------*- C++ -*----------------------------------*\
| =========                 |                                                 |
| \\      /  F ield         | OpenFOAM: The Open Source CFD Toolbox           |
|  \\    /   O peration     | Version:  v2012                                 |
|   \\  /    A nd           | Website:  www.openfoam.com                      |
|    \\/     M anipulation  |                                                 |
\*---------------------------------------------------------------------------*/
FoamFile
{
    version     2.0;
    format      ascii;
    class       volScalarField;
    location    "0";
    object      p;
}
// * * * * * * * * * * * * * * * * * * * * * * * * * * * * * * * * * * * * * //

dimensions      [0 2 -2 0 0 0 0];


internalField   nonuniform List<scalar> 
4000
(
-1.46889e-13
-1.4833e-13
-1.51996e-13
-1.48148e-13
-1.40594e-13
-1.48392e-13
-1.49692e-13
-1.56985e-13
-1.58178e-13
-1.56574e-13
-1.54272e-13
-1.49144e-13
-1.58092e-13
-1.65256e-13
-1.73061e-13
-1.73759e-13
-1.71773e-13
-1.7174e-13
-1.72799e-13
-1.71679e-13
-1.82404e-13
-1.91115e-13
-1.80657e-13
-1.87316e-13
-1.8319e-13
-1.89265e-13
-1.83414e-13
-1.81483e-13
-1.86591e-13
-1.81432e-13
-1.81901e-13
-1.80947e-13
-1.81068e-13
-1.76865e-13
-1.75021e-13
-1.79323e-13
-1.73804e-13
-1.84026e-13
-1.99313e-13
-1.98057e-13
-1.8923e-13
-1.8653e-13
-1.84461e-13
-1.73112e-13
-1.79928e-13
-1.77512e-13
-1.81961e-13
-1.77516e-13
-1.73107e-13
-1.76385e-13
-1.71999e-13
-1.72092e-13
-1.76295e-13
-1.66002e-13
-1.71614e-13
-1.7305e-13
-1.73746e-13
-1.65223e-13
-1.5241e-13
-1.48945e-13
-1.41036e-13
-1.44156e-13
-1.49416e-13
-1.50911e-13
-1.50866e-13
-1.45209e-13
-1.41591e-13
-1.43983e-13
-1.3709e-13
-1.32732e-13
-1.353e-13
-1.1779e-13
-1.18046e-13
-1.16848e-13
-1.09876e-13
-9.80749e-14
-9.08387e-14
-7.99488e-14
-7.93422e-14
-8.4453e-14
-8.74988e-14
-7.78184e-14
-7.12029e-14
-7.16141e-14
-6.91989e-14
-6.33923e-14
-5.92425e-14
-5.67254e-14
-5.09174e-14
-3.79588e-14
-3.86076e-14
-3.8374e-14
-1.99344e-14
-2.4017e-14
-2.24008e-14
-1.6418e-14
-1.25528e-14
-1.14833e-14
-8.55777e-15
-5.30479e-15
-1.49978e-13
-1.44313e-13
-1.50245e-13
-1.48902e-13
-1.43845e-13
-1.45671e-13
-1.47987e-13
-1.55855e-13
-1.53893e-13
-1.56656e-13
-1.55496e-13
-1.56879e-13
-1.58903e-13
-1.62443e-13
-1.72461e-13
-1.72067e-13
-1.68039e-13
-1.72829e-13
-1.76492e-13
-1.69005e-13
-1.79361e-13
-1.85694e-13
-1.87121e-13
-1.8966e-13
-1.88171e-13
-1.8696e-13
-1.83649e-13
-1.80421e-13
-1.90241e-13
-1.85137e-13
-1.78567e-13
-1.79324e-13
-1.78848e-13
-1.82059e-13
-1.80269e-13
-1.76677e-13
-1.77086e-13
-1.80879e-13
-1.92518e-13
-1.96129e-13
-1.90853e-13
-1.8836e-13
-1.87615e-13
-1.72467e-13
-1.75298e-13
-1.76233e-13
-1.82272e-13
-1.79739e-13
-1.73277e-13
-1.79173e-13
-1.73789e-13
-1.73517e-13
-1.69811e-13
-1.67818e-13
-1.6936e-13
-1.69697e-13
-1.74471e-13
-1.68186e-13
-1.57327e-13
-1.53404e-13
-1.39334e-13
-1.39467e-13
-1.49278e-13
-1.48389e-13
-1.4974e-13
-1.48237e-13
-1.45376e-13
-1.42812e-13
-1.36129e-13
-1.3511e-13
-1.28917e-13
-1.21232e-13
-1.19125e-13
-1.14919e-13
-1.06401e-13
-9.94707e-14
-9.018e-14
-8.38051e-14
-8.23136e-14
-8.36841e-14
-8.16196e-14
-7.84327e-14
-7.1047e-14
-7.15987e-14
-7.1166e-14
-6.41331e-14
-6.14629e-14
-5.72816e-14
-5.18063e-14
-3.99422e-14
-3.94044e-14
-3.2046e-14
-2.02372e-14
-2.30351e-14
-2.02336e-14
-1.60775e-14
-1.47557e-14
-1.2508e-14
-7.62679e-15
-5.40523e-15
-1.52274e-13
-1.47941e-13
-1.50673e-13
-1.46447e-13
-1.39201e-13
-1.44525e-13
-1.52199e-13
-1.51497e-13
-1.57621e-13
-1.58333e-13
-1.55802e-13
-1.58564e-13
-1.63042e-13
-1.5873e-13
-1.65636e-13
-1.73464e-13
-1.72439e-13
-1.69851e-13
-1.72773e-13
-1.74853e-13
-1.82923e-13
-1.82361e-13
-1.84685e-13
-1.8844e-13
-1.90306e-13
-1.86069e-13
-1.80681e-13
-1.81328e-13
-1.8334e-13
-1.83867e-13
-1.80337e-13
-1.77683e-13
-1.82058e-13
-1.81571e-13
-1.76657e-13
-1.76687e-13
-1.78472e-13
-1.83335e-13
-1.88735e-13
-1.94163e-13
-1.91595e-13
-1.89215e-13
-1.84207e-13
-1.75401e-13
-1.74656e-13
-1.74712e-13
-1.82533e-13
-1.82094e-13
-1.75975e-13
-1.73222e-13
-1.70672e-13
-1.70084e-13
-1.69897e-13
-1.72464e-13
-1.67398e-13
-1.67111e-13
-1.73171e-13
-1.65027e-13
-1.57099e-13
-1.52303e-13
-1.44449e-13
-1.4444e-13
-1.50441e-13
-1.50498e-13
-1.45878e-13
-1.46827e-13
-1.42617e-13
-1.42651e-13
-1.37965e-13
-1.36642e-13
-1.27732e-13
-1.25532e-13
-1.24559e-13
-1.14002e-13
-1.05708e-13
-9.94135e-14
-9.1759e-14
-8.57232e-14
-8.43173e-14
-7.9585e-14
-7.55608e-14
-7.7401e-14
-7.74673e-14
-7.19316e-14
-6.9152e-14
-6.51788e-14
-5.76961e-14
-5.51313e-14
-4.9069e-14
-4.41502e-14
-4.15261e-14
-3.39414e-14
-2.19536e-14
-2.06229e-14
-2.18392e-14
-2.12562e-14
-1.65919e-14
-1.30639e-14
-2.67504e-15
-6.27434e-15
-1.53052e-13
-1.44361e-13
-1.45669e-13
-1.50926e-13
-1.4371e-13
-1.50107e-13
-1.53184e-13
-1.5806e-13
-1.49849e-13
-1.52433e-13
-1.59103e-13
-1.61467e-13
-1.61576e-13
-1.61255e-13
-1.62563e-13
-1.68456e-13
-1.7336e-13
-1.71825e-13
-1.78577e-13
-1.7757e-13
-1.83154e-13
-1.81475e-13
-1.82112e-13
-1.90481e-13
-1.90244e-13
-1.87675e-13
-1.80618e-13
-1.78528e-13
-1.80241e-13
-1.83299e-13
-1.77884e-13
-1.76638e-13
-1.79562e-13
-1.85838e-13
-1.81968e-13
-1.76578e-13
-1.7546e-13
-1.83511e-13
-1.88212e-13
-1.90468e-13
-1.88699e-13
-1.8499e-13
-1.80455e-13
-1.80892e-13
-1.8276e-13
-1.83092e-13
-1.79007e-13
-1.73409e-13
-1.77287e-13
-1.78302e-13
-1.77427e-13
-1.74507e-13
-1.7221e-13
-1.69216e-13
-1.63933e-13
-1.66326e-13
-1.69684e-13
-1.62944e-13
-1.59839e-13
-1.53535e-13
-1.43678e-13
-1.4492e-13
-1.44727e-13
-1.45123e-13
-1.44497e-13
-1.49005e-13
-1.44328e-13
-1.43241e-13
-1.38682e-13
-1.31103e-13
-1.23057e-13
-1.21631e-13
-1.24336e-13
-1.09622e-13
-1.08194e-13
-1.02505e-13
-9.17874e-14
-8.57157e-14
-8.491e-14
-7.58802e-14
-7.50558e-14
-7.31467e-14
-7.7118e-14
-7.74229e-14
-6.92414e-14
-6.39168e-14
-5.98208e-14
-5.31743e-14
-5.13784e-14
-4.46021e-14
-3.77236e-14
-3.36339e-14
-2.35682e-14
-2.1889e-14
-1.9463e-14
-1.98983e-14
-1.71571e-14
-1.33019e-14
-8.17591e-15
-4.06014e-16
-1.54681e-13
-1.41047e-13
-1.47499e-13
-1.47944e-13
-1.50024e-13
-1.50333e-13
-1.57673e-13
-1.55909e-13
-1.45576e-13
-1.50341e-13
-1.58011e-13
-1.64414e-13
-1.56672e-13
-1.59636e-13
-1.64314e-13
-1.68323e-13
-1.72371e-13
-1.72905e-13
-1.80229e-13
-1.82864e-13
-1.85896e-13
-1.85909e-13
-1.86538e-13
-1.89544e-13
-1.82716e-13
-1.7999e-13
-1.78124e-13
-1.79497e-13
-1.78906e-13
-1.77492e-13
-1.83476e-13
-1.73917e-13
-1.78044e-13
-1.82721e-13
-1.81631e-13
-1.74208e-13
-1.77564e-13
-1.8175e-13
-1.92e-13
-1.91836e-13
-1.90984e-13
-1.79523e-13
-1.75924e-13
-1.81623e-13
-1.8727e-13
-1.83761e-13
-1.79569e-13
-1.79192e-13
-1.73874e-13
-1.73455e-13
-1.79649e-13
-1.68799e-13
-1.68325e-13
-1.73303e-13
-1.69141e-13
-1.67251e-13
-1.64122e-13
-1.64794e-13
-1.63164e-13
-1.59216e-13
-1.45725e-13
-1.43612e-13
-1.46328e-13
-1.43478e-13
-1.3843e-13
-1.43248e-13
-1.43274e-13
-1.44438e-13
-1.40827e-13
-1.29951e-13
-1.21538e-13
-1.22233e-13
-1.20708e-13
-1.10676e-13
-1.11804e-13
-1.0705e-13
-9.53738e-14
-8.80164e-14
-8.32308e-14
-7.57018e-14
-7.5261e-14
-7.44331e-14
-7.60947e-14
-7.47667e-14
-7.31962e-14
-6.26369e-14
-5.61142e-14
-5.28874e-14
-5.18051e-14
-4.44448e-14
-4.05128e-14
-3.38268e-14
-2.57803e-14
-1.96774e-14
-1.74336e-14
-2.45173e-14
-1.72124e-14
-1.01171e-14
-7.36183e-15
-2.3638e-15
-1.55975e-13
-1.39911e-13
-1.47209e-13
-1.56449e-13
-1.49524e-13
-1.46025e-13
-1.51817e-13
-1.54964e-13
-1.51179e-13
-1.5612e-13
-1.53993e-13
-1.61451e-13
-1.58694e-13
-1.62926e-13
-1.62651e-13
-1.64857e-13
-1.6426e-13
-1.70525e-13
-1.83738e-13
-1.86662e-13
-1.86841e-13
-1.8815e-13
-1.96877e-13
-1.9089e-13
-1.8206e-13
-1.75576e-13
-1.74e-13
-1.77349e-13
-1.7587e-13
-1.77394e-13
-1.81282e-13
-1.75201e-13
-1.78012e-13
-1.79903e-13
-1.74397e-13
-1.75209e-13
-1.76455e-13
-1.79916e-13
-1.90058e-13
-1.88654e-13
-1.84757e-13
-1.77782e-13
-1.78715e-13
-1.81921e-13
-1.83936e-13
-1.87085e-13
-1.82662e-13
-1.83108e-13
-1.77028e-13
-1.75204e-13
-1.79257e-13
-1.74145e-13
-1.69919e-13
-1.75144e-13
-1.70788e-13
-1.63053e-13
-1.65306e-13
-1.68184e-13
-1.59556e-13
-1.52925e-13
-1.4636e-13
-1.4603e-13
-1.46604e-13
-1.36998e-13
-1.43268e-13
-1.4307e-13
-1.40922e-13
-1.43022e-13
-1.3558e-13
-1.32606e-13
-1.2351e-13
-1.17008e-13
-1.14529e-13
-1.09133e-13
-1.12542e-13
-1.06256e-13
-9.56168e-14
-9.35057e-14
-8.63134e-14
-7.53233e-14
-7.35384e-14
-7.60127e-14
-8.02847e-14
-7.56283e-14
-6.97171e-14
-6.15438e-14
-5.82649e-14
-5.49453e-14
-5.13253e-14
-4.63957e-14
-4.15281e-14
-3.74008e-14
-2.93955e-14
-2.67621e-14
-2.20489e-14
-1.91558e-14
-1.29563e-14
-1.16011e-14
-7.66902e-15
-2.9326e-16
-1.54384e-13
-1.51665e-13
-1.49138e-13
-1.49203e-13
-1.49668e-13
-1.48946e-13
-1.53295e-13
-1.57836e-13
-1.5604e-13
-1.58465e-13
-1.59299e-13
-1.57777e-13
-1.55172e-13
-1.58672e-13
-1.60403e-13
-1.65477e-13
-1.66437e-13
-1.7192e-13
-1.84428e-13
-1.90632e-13
-1.94171e-13
-1.88256e-13
-1.86957e-13
-1.79334e-13
-1.80071e-13
-1.70227e-13
-1.72646e-13
-1.77579e-13
-1.76474e-13
-1.80684e-13
-1.77037e-13
-1.76904e-13
-1.79504e-13
-1.78185e-13
-1.7585e-13
-1.84072e-13
-1.73563e-13
-1.69047e-13
-1.81291e-13
-1.88824e-13
-1.91549e-13
-1.81184e-13
-1.83848e-13
-1.82733e-13
-1.83836e-13
-1.82138e-13
-1.83134e-13
-1.78869e-13
-1.81367e-13
-1.77699e-13
-1.77955e-13
-1.69054e-13
-1.69332e-13
-1.75174e-13
-1.71583e-13
-1.69069e-13
-1.65795e-13
-1.68245e-13
-1.6496e-13
-1.51289e-13
-1.48122e-13
-1.45011e-13
-1.40864e-13
-1.42217e-13
-1.41932e-13
-1.42602e-13
-1.39413e-13
-1.46518e-13
-1.42353e-13
-1.3245e-13
-1.17266e-13
-1.1523e-13
-1.1057e-13
-1.07177e-13
-1.08253e-13
-1.07888e-13
-1.00551e-13
-9.29729e-14
-9.10592e-14
-8.22544e-14
-7.22407e-14
-7.49796e-14
-7.75282e-14
-7.25369e-14
-6.81646e-14
-6.08241e-14
-6.26637e-14
-5.72961e-14
-5.14241e-14
-4.82656e-14
-4.36842e-14
-4.36041e-14
-3.53922e-14
-3.04724e-14
-2.24972e-14
-2.09938e-14
-1.53911e-14
-1.16242e-14
-5.25405e-15
-2.27171e-15
-1.504e-13
-1.507e-13
-1.52566e-13
-1.50415e-13
-1.49569e-13
-1.50475e-13
-1.52077e-13
-1.55078e-13
-1.53244e-13
-1.5668e-13
-1.55384e-13
-1.5906e-13
-1.57391e-13
-1.61821e-13
-1.59504e-13
-1.6712e-13
-1.6691e-13
-1.69481e-13
-1.82776e-13
-1.91073e-13
-1.82992e-13
-1.81301e-13
-1.86254e-13
-1.81923e-13
-1.82442e-13
-1.80184e-13
-1.74979e-13
-1.76433e-13
-1.77039e-13
-1.85105e-13
-1.78938e-13
-1.7468e-13
-1.6859e-13
-1.73856e-13
-1.74495e-13
-1.78886e-13
-1.75074e-13
-1.75961e-13
-1.84027e-13
-1.92526e-13
-1.87249e-13
-1.78917e-13
-1.81505e-13
-1.75947e-13
-1.78559e-13
-1.80967e-13
-1.84382e-13
-1.94749e-13
-1.91237e-13
-1.75249e-13
-1.72202e-13
-1.67083e-13
-1.75576e-13
-1.77472e-13
-1.69622e-13
-1.70857e-13
-1.75108e-13
-1.60512e-13
-1.60482e-13
-1.546e-13
-1.47235e-13
-1.44762e-13
-1.43647e-13
-1.40717e-13
-1.37642e-13
-1.36761e-13
-1.40964e-13
-1.44839e-13
-1.32902e-13
-1.28153e-13
-1.20414e-13
-1.18934e-13
-1.13286e-13
-1.08257e-13
-1.12519e-13
-1.06359e-13
-9.71436e-14
-8.9977e-14
-8.72751e-14
-8.01714e-14
-7.48566e-14
-7.55635e-14
-7.53935e-14
-7.60124e-14
-7.43515e-14
-6.65259e-14
-6.05919e-14
-5.62052e-14
-5.36961e-14
-4.74218e-14
-4.38874e-14
-4.7592e-14
-4.23745e-14
-3.03493e-14
-2.45181e-14
-2.21795e-14
-1.47261e-14
-1.08303e-14
-8.14496e-15
-5.08651e-15
-1.50123e-13
-1.4832e-13
-1.50701e-13
-1.5504e-13
-1.48822e-13
-1.49902e-13
-1.5037e-13
-1.58034e-13
-1.5726e-13
-1.53495e-13
-1.55142e-13
-1.61324e-13
-1.57766e-13
-1.60309e-13
-1.61285e-13
-1.61614e-13
-1.67961e-13
-1.75879e-13
-1.81522e-13
-1.85847e-13
-1.80221e-13
-1.82599e-13
-1.77933e-13
-1.76052e-13
-1.82351e-13
-1.83312e-13
-1.75912e-13
-1.76212e-13
-1.74223e-13
-1.79598e-13
-1.79224e-13
-1.74916e-13
-1.69833e-13
-1.7231e-13
-1.7091e-13
-1.75837e-13
-1.8338e-13
-1.91523e-13
-1.82742e-13
-1.74383e-13
-1.80341e-13
-1.94103e-13
-1.90523e-13
-1.84082e-13
-1.8129e-13
-1.81731e-13
-1.84406e-13
-1.84062e-13
-1.81609e-13
-1.81986e-13
-1.80021e-13
-1.72215e-13
-1.76099e-13
-1.76688e-13
-1.71147e-13
-1.74396e-13
-1.70042e-13
-1.63091e-13
-1.59061e-13
-1.55101e-13
-1.47703e-13
-1.47269e-13
-1.46397e-13
-1.42876e-13
-1.41386e-13
-1.40506e-13
-1.41461e-13
-1.38757e-13
-1.37257e-13
-1.31747e-13
-1.2381e-13
-1.14808e-13
-1.08288e-13
-1.09048e-13
-1.07116e-13
-1.0286e-13
-9.30615e-14
-8.95019e-14
-8.53696e-14
-8.48163e-14
-7.73822e-14
-7.31706e-14
-7.3988e-14
-7.45865e-14
-7.53386e-14
-7.00695e-14
-5.7875e-14
-5.44159e-14
-5.37954e-14
-4.81511e-14
-4.68309e-14
-5.09892e-14
-4.44043e-14
-3.1193e-14
-2.64454e-14
-2.20483e-14
-1.9481e-14
-1.41577e-14
-1.06376e-14
-7.87071e-15
-1.46955e-13
-1.49472e-13
-1.47085e-13
-1.4996e-13
-1.49342e-13
-1.48215e-13
-1.50907e-13
-1.55187e-13
-1.51904e-13
-1.59478e-13
-1.60671e-13
-1.61625e-13
-1.55695e-13
-1.56814e-13
-1.59952e-13
-1.67259e-13
-1.73313e-13
-1.75577e-13
-1.75788e-13
-1.80182e-13
-1.7958e-13
-1.85111e-13
-1.80452e-13
-1.75841e-13
-1.78917e-13
-1.75443e-13
-1.794e-13
-1.76987e-13
-1.76849e-13
-1.80363e-13
-1.73277e-13
-1.75305e-13
-1.79235e-13
-1.72027e-13
-1.70309e-13
-1.75363e-13
-1.78236e-13
-1.84324e-13
-1.8829e-13
-1.85063e-13
-1.85365e-13
-1.92749e-13
-1.87316e-13
-1.88139e-13
-1.81439e-13
-1.82403e-13
-1.7975e-13
-1.86327e-13
-1.85294e-13
-1.88803e-13
-1.80949e-13
-1.71698e-13
-1.77768e-13
-1.78288e-13
-1.75946e-13
-1.73778e-13
-1.68032e-13
-1.63251e-13
-1.60453e-13
-1.52711e-13
-1.4801e-13
-1.46365e-13
-1.42447e-13
-1.42463e-13
-1.4439e-13
-1.51544e-13
-1.4547e-13
-1.41535e-13
-1.36803e-13
-1.27907e-13
-1.16262e-13
-1.14529e-13
-1.08504e-13
-1.09276e-13
-1.04989e-13
-9.99178e-14
-9.21707e-14
-9.30133e-14
-8.90391e-14
-8.54459e-14
-8.07798e-14
-7.61627e-14
-7.27893e-14
-7.55104e-14
-7.18617e-14
-6.50276e-14
-5.96248e-14
-6.31956e-14
-5.49577e-14
-5.02588e-14
-5.06797e-14
-5.47367e-14
-4.54686e-14
-3.75706e-14
-3.01187e-14
-2.21451e-14
-1.95705e-14
-1.48802e-14
-1.42434e-14
-9.92396e-15
-1.50162e-13
-1.49556e-13
-1.50634e-13
-1.46459e-13
-1.45533e-13
-1.48701e-13
-1.49951e-13
-1.52597e-13
-1.51028e-13
-1.55857e-13
-1.61636e-13
-1.61809e-13
-1.58182e-13
-1.58009e-13
-1.64016e-13
-1.60696e-13
-1.65549e-13
-1.7356e-13
-1.76046e-13
-1.76409e-13
-1.78126e-13
-1.848e-13
-1.76399e-13
-1.75156e-13
-1.78207e-13
-1.81033e-13
-1.75355e-13
-1.74129e-13
-1.80428e-13
-1.77592e-13
-1.73969e-13
-1.74141e-13
-1.72549e-13
-1.72919e-13
-1.70134e-13
-1.73985e-13
-1.86362e-13
-1.88319e-13
-1.85799e-13
-1.85678e-13
-1.89149e-13
-1.92711e-13
-1.95527e-13
-1.87144e-13
-1.80887e-13
-1.78465e-13
-1.87028e-13
-1.86668e-13
-1.87632e-13
-1.90645e-13
-1.78609e-13
-1.70241e-13
-1.79819e-13
-1.79465e-13
-1.77687e-13
-1.76005e-13
-1.61107e-13
-1.61232e-13
-1.63872e-13
-1.61322e-13
-1.54162e-13
-1.53384e-13
-1.47461e-13
-1.37752e-13
-1.43472e-13
-1.49537e-13
-1.45831e-13
-1.43557e-13
-1.37332e-13
-1.21953e-13
-1.15965e-13
-1.15273e-13
-1.07996e-13
-1.08705e-13
-1.08326e-13
-1.04087e-13
-9.18101e-14
-9.20758e-14
-8.60825e-14
-8.09116e-14
-7.47021e-14
-7.21997e-14
-7.70716e-14
-8.26536e-14
-7.98393e-14
-7.24559e-14
-5.97363e-14
-5.42418e-14
-5.49113e-14
-5.13908e-14
-5.16995e-14
-4.96267e-14
-4.43924e-14
-3.79803e-14
-3.26743e-14
-2.61693e-14
-2.67728e-14
-1.66067e-14
-1.94584e-14
-4.88451e-15
-1.42084e-13
-1.48066e-13
-1.51e-13
-1.42955e-13
-1.40059e-13
-1.45602e-13
-1.4617e-13
-1.51083e-13
-1.55507e-13
-1.53673e-13
-1.54323e-13
-1.60767e-13
-1.62705e-13
-1.62394e-13
-1.61885e-13
-1.67021e-13
-1.62653e-13
-1.63376e-13
-1.71644e-13
-1.75858e-13
-1.76699e-13
-1.78104e-13
-1.673e-13
-1.73672e-13
-1.81071e-13
-1.82044e-13
-1.81446e-13
-1.81153e-13
-1.81198e-13
-1.67404e-13
-1.68145e-13
-1.77633e-13
-1.74249e-13
-1.76099e-13
-1.72127e-13
-1.77512e-13
-1.80892e-13
-1.89122e-13
-1.84039e-13
-1.871e-13
-1.94623e-13
-1.93361e-13
-1.90184e-13
-1.87102e-13
-1.82892e-13
-1.81745e-13
-1.85933e-13
-1.90174e-13
-1.89998e-13
-1.90162e-13
-1.83557e-13
-1.80576e-13
-1.87259e-13
-1.78942e-13
-1.74247e-13
-1.73716e-13
-1.61693e-13
-1.61308e-13
-1.64672e-13
-1.58252e-13
-1.5564e-13
-1.46353e-13
-1.46201e-13
-1.46797e-13
-1.5438e-13
-1.54596e-13
-1.43544e-13
-1.40324e-13
-1.31272e-13
-1.23774e-13
-1.13393e-13
-1.11905e-13
-1.08804e-13
-1.02652e-13
-1.10471e-13
-1.1563e-13
-1.03219e-13
-9.12478e-14
-8.17474e-14
-8.17148e-14
-7.63562e-14
-6.81872e-14
-7.50822e-14
-7.7655e-14
-7.25107e-14
-7.05688e-14
-6.50792e-14
-5.92816e-14
-5.72457e-14
-5.69523e-14
-5.25999e-14
-5.46602e-14
-4.35981e-14
-4.03386e-14
-2.66665e-14
-2.5903e-14
-2.76126e-14
-1.89668e-14
-1.84128e-14
-4.94846e-15
-1.46241e-13
-1.46528e-13
-1.51791e-13
-1.42342e-13
-1.39402e-13
-1.41308e-13
-1.42987e-13
-1.4911e-13
-1.552e-13
-1.61777e-13
-1.58707e-13
-1.56839e-13
-1.49539e-13
-1.5521e-13
-1.56164e-13
-1.64702e-13
-1.68461e-13
-1.58015e-13
-1.64296e-13
-1.72384e-13
-1.81198e-13
-1.83056e-13
-1.75479e-13
-1.75761e-13
-1.83416e-13
-1.82286e-13
-1.79197e-13
-1.75411e-13
-1.74114e-13
-1.65723e-13
-1.73261e-13
-1.75298e-13
-1.68814e-13
-1.73257e-13
-1.74548e-13
-1.79775e-13
-1.80854e-13
-1.89169e-13
-1.81877e-13
-1.90474e-13
-1.96407e-13
-1.89158e-13
-1.87817e-13
-1.90958e-13
-1.88518e-13
-1.88879e-13
-1.86368e-13
-1.86776e-13
-1.92205e-13
-1.88737e-13
-1.85571e-13
-1.84252e-13
-1.9327e-13
-1.86297e-13
-1.72831e-13
-1.65333e-13
-1.6088e-13
-1.60662e-13
-1.63898e-13
-1.66904e-13
-1.59788e-13
-1.55794e-13
-1.49063e-13
-1.47128e-13
-1.48255e-13
-1.45342e-13
-1.46138e-13
-1.39467e-13
-1.26132e-13
-1.20321e-13
-1.19585e-13
-1.16477e-13
-1.11215e-13
-1.08786e-13
-1.10063e-13
-1.07265e-13
-9.63693e-14
-9.28033e-14
-8.43445e-14
-8.1657e-14
-7.56616e-14
-7.29815e-14
-7.53839e-14
-7.27257e-14
-7.42045e-14
-7.02382e-14
-6.35136e-14
-5.57091e-14
-6.14634e-14
-5.9204e-14
-5.06602e-14
-5.42079e-14
-4.93946e-14
-4.1072e-14
-2.64356e-14
-2.85788e-14
-2.50145e-14
-1.71486e-14
-1.66593e-14
-3.04909e-15
-1.46371e-13
-1.38572e-13
-1.44136e-13
-1.42512e-13
-1.39484e-13
-1.41197e-13
-1.43219e-13
-1.4953e-13
-1.56656e-13
-1.5935e-13
-1.54395e-13
-1.50928e-13
-1.48418e-13
-1.54068e-13
-1.55693e-13
-1.64192e-13
-1.70224e-13
-1.68048e-13
-1.61932e-13
-1.63842e-13
-1.7121e-13
-1.71761e-13
-1.6199e-13
-1.70176e-13
-1.85971e-13
-1.97332e-13
-1.91552e-13
-1.77095e-13
-1.66862e-13
-1.62991e-13
-1.68298e-13
-1.76696e-13
-1.80893e-13
-1.80195e-13
-1.78319e-13
-1.8143e-13
-1.77169e-13
-1.77542e-13
-1.86938e-13
-1.8727e-13
-1.91055e-13
-1.86466e-13
-1.93644e-13
-1.93138e-13
-1.87672e-13
-1.94253e-13
-1.89909e-13
-1.90192e-13
-1.88179e-13
-1.87928e-13
-1.87408e-13
-1.88574e-13
-1.91071e-13
-1.8715e-13
-1.75221e-13
-1.67143e-13
-1.61357e-13
-1.63879e-13
-1.63678e-13
-1.62931e-13
-1.59315e-13
-1.56815e-13
-1.5593e-13
-1.49825e-13
-1.47244e-13
-1.42885e-13
-1.419e-13
-1.37854e-13
-1.25879e-13
-1.19259e-13
-1.22129e-13
-1.18432e-13
-1.12472e-13
-1.12383e-13
-1.07479e-13
-1.02711e-13
-1.00758e-13
-9.89287e-14
-8.29121e-14
-8.10079e-14
-7.89652e-14
-7.44808e-14
-7.37939e-14
-7.27097e-14
-6.92965e-14
-6.85516e-14
-6.35407e-14
-5.96906e-14
-6.10995e-14
-6.12688e-14
-5.30819e-14
-5.2555e-14
-4.72256e-14
-4.29563e-14
-3.04721e-14
-2.94326e-14
-2.66544e-14
-2.00821e-14
-1.60749e-14
-4.79191e-15
-1.42996e-13
-1.43017e-13
-1.42502e-13
-1.35668e-13
-1.33474e-13
-1.39051e-13
-1.45541e-13
-1.55284e-13
-1.56998e-13
-1.50218e-13
-1.47301e-13
-1.47868e-13
-1.48213e-13
-1.49527e-13
-1.57901e-13
-1.61587e-13
-1.6481e-13
-1.59361e-13
-1.60439e-13
-1.65905e-13
-1.78436e-13
-1.81401e-13
-1.78236e-13
-1.757e-13
-1.74516e-13
-1.7632e-13
-1.75777e-13
-1.73195e-13
-1.70983e-13
-1.72168e-13
-1.65905e-13
-1.71663e-13
-1.79169e-13
-1.76865e-13
-1.8519e-13
-1.85287e-13
-1.78951e-13
-1.80399e-13
-1.84315e-13
-1.8952e-13
-1.86236e-13
-1.84841e-13
-1.92714e-13
-1.94198e-13
-1.94463e-13
-1.96737e-13
-1.9079e-13
-1.93369e-13
-1.91234e-13
-1.8409e-13
-1.83872e-13
-1.94716e-13
-1.9357e-13
-1.88767e-13
-1.81309e-13
-1.72003e-13
-1.65032e-13
-1.61973e-13
-1.61333e-13
-1.66878e-13
-1.59586e-13
-1.52271e-13
-1.54662e-13
-1.51562e-13
-1.53144e-13
-1.4816e-13
-1.46969e-13
-1.34311e-13
-1.21098e-13
-1.22878e-13
-1.26449e-13
-1.14717e-13
-1.17078e-13
-1.1597e-13
-1.06459e-13
-1.07224e-13
-1.02742e-13
-1.00726e-13
-8.43053e-14
-7.57725e-14
-6.92739e-14
-7.19473e-14
-7.20322e-14
-7.209e-14
-7.06084e-14
-6.94205e-14
-5.99121e-14
-6.08932e-14
-6.36473e-14
-6.24452e-14
-5.54397e-14
-5.19409e-14
-4.74611e-14
-4.45644e-14
-3.40259e-14
-3.23852e-14
-3.22087e-14
-2.59331e-14
-1.54345e-14
-5.58707e-15
-1.43482e-13
-1.35462e-13
-1.35619e-13
-1.34079e-13
-1.32165e-13
-1.34415e-13
-1.37709e-13
-1.48772e-13
-1.58303e-13
-1.54169e-13
-1.54325e-13
-1.44975e-13
-1.42814e-13
-1.43853e-13
-1.51272e-13
-1.58339e-13
-1.61552e-13
-1.66545e-13
-1.62886e-13
-1.65003e-13
-1.73378e-13
-1.73912e-13
-1.81353e-13
-1.84115e-13
-1.73367e-13
-1.74683e-13
-1.73219e-13
-1.69888e-13
-1.67349e-13
-1.67917e-13
-1.65716e-13
-1.78726e-13
-1.74307e-13
-1.81992e-13
-1.87805e-13
-1.86363e-13
-1.84551e-13
-1.7754e-13
-1.86971e-13
-1.88256e-13
-1.85808e-13
-1.85235e-13
-1.87939e-13
-1.93438e-13
-1.94136e-13
-1.99506e-13
-1.93082e-13
-1.90341e-13
-1.93917e-13
-1.91166e-13
-1.93649e-13
-1.89677e-13
-1.85745e-13
-1.89641e-13
-1.82724e-13
-1.72141e-13
-1.65427e-13
-1.66397e-13
-1.61332e-13
-1.62688e-13
-1.64589e-13
-1.57529e-13
-1.55076e-13
-1.57005e-13
-1.50322e-13
-1.49504e-13
-1.50694e-13
-1.35935e-13
-1.27578e-13
-1.20076e-13
-1.24397e-13
-1.17234e-13
-1.06986e-13
-1.11216e-13
-1.11745e-13
-1.08699e-13
-1.00753e-13
-9.66138e-14
-8.8867e-14
-8.71577e-14
-7.49422e-14
-6.56894e-14
-7.06099e-14
-7.06391e-14
-7.31583e-14
-6.37964e-14
-5.82036e-14
-6.18312e-14
-6.66737e-14
-6.13559e-14
-5.58336e-14
-5.44274e-14
-4.87513e-14
-4.93569e-14
-3.88643e-14
-2.96814e-14
-3.43145e-14
-2.8606e-14
-1.69382e-14
-7.07422e-15
-1.3671e-13
-1.34604e-13
-1.34039e-13
-1.35357e-13
-1.34277e-13
-1.3899e-13
-1.45588e-13
-1.41723e-13
-1.41956e-13
-1.42505e-13
-1.39578e-13
-1.43239e-13
-1.49203e-13
-1.48279e-13
-1.53226e-13
-1.55878e-13
-1.56697e-13
-1.5073e-13
-1.5414e-13
-1.71487e-13
-1.83426e-13
-1.78421e-13
-1.76338e-13
-1.71895e-13
-1.77181e-13
-1.71063e-13
-1.71523e-13
-1.7113e-13
-1.66065e-13
-1.6802e-13
-1.69946e-13
-1.74106e-13
-1.76454e-13
-1.87466e-13
-1.88979e-13
-1.864e-13
-1.7473e-13
-1.74139e-13
-1.88239e-13
-1.90429e-13
-1.87013e-13
-1.90204e-13
-1.92982e-13
-1.90792e-13
-1.87638e-13
-1.99533e-13
-2.01096e-13
-1.94956e-13
-1.90598e-13
-1.86126e-13
-1.89514e-13
-1.93217e-13
-1.86941e-13
-1.89773e-13
-1.8778e-13
-1.83358e-13
-1.75671e-13
-1.67263e-13
-1.6018e-13
-1.59988e-13
-1.65485e-13
-1.59331e-13
-1.55916e-13
-1.57934e-13
-1.47198e-13
-1.47058e-13
-1.47262e-13
-1.39864e-13
-1.36184e-13
-1.20343e-13
-1.15639e-13
-1.15855e-13
-1.15008e-13
-1.10423e-13
-1.11792e-13
-1.09127e-13
-1.06735e-13
-9.9736e-14
-9.06291e-14
-7.69656e-14
-6.82582e-14
-7.34666e-14
-6.98176e-14
-7.43868e-14
-6.74143e-14
-6.59636e-14
-6.32505e-14
-6.26068e-14
-6.24834e-14
-6.1396e-14
-5.38213e-14
-5.63342e-14
-4.59852e-14
-4.48367e-14
-4.3978e-14
-3.52798e-14
-3.82117e-14
-2.93465e-14
-1.67659e-14
-3.11388e-15
-1.34955e-13
-1.33817e-13
-1.33402e-13
-1.30112e-13
-1.29048e-13
-1.29023e-13
-1.39668e-13
-1.47539e-13
-1.47814e-13
-1.4141e-13
-1.34048e-13
-1.34394e-13
-1.4365e-13
-1.49299e-13
-1.5641e-13
-1.54202e-13
-1.54643e-13
-1.54447e-13
-1.6009e-13
-1.71999e-13
-1.77034e-13
-1.74547e-13
-1.7284e-13
-1.69242e-13
-1.70694e-13
-1.72158e-13
-1.74898e-13
-1.72365e-13
-1.66625e-13
-1.66446e-13
-1.63894e-13
-1.66427e-13
-1.70682e-13
-1.91564e-13
-1.92604e-13
-1.86416e-13
-1.80816e-13
-1.79041e-13
-1.856e-13
-1.83124e-13
-1.8806e-13
-1.92915e-13
-1.9652e-13
-1.99788e-13
-1.93859e-13
-1.90945e-13
-1.94328e-13
-1.92948e-13
-1.92618e-13
-1.85181e-13
-1.88743e-13
-1.9416e-13
-1.89732e-13
-1.95546e-13
-1.86444e-13
-1.82712e-13
-1.78918e-13
-1.72167e-13
-1.69525e-13
-1.60946e-13
-1.62231e-13
-1.58022e-13
-1.57548e-13
-1.5715e-13
-1.52277e-13
-1.45046e-13
-1.4237e-13
-1.3844e-13
-1.385e-13
-1.29032e-13
-1.19858e-13
-1.11832e-13
-1.07747e-13
-1.14181e-13
-1.12651e-13
-1.06146e-13
-1.03738e-13
-9.37748e-14
-8.93226e-14
-8.11767e-14
-8.09899e-14
-7.14976e-14
-7.07663e-14
-6.99268e-14
-6.38814e-14
-7.27121e-14
-6.5003e-14
-6.00589e-14
-6.01564e-14
-5.70315e-14
-5.65521e-14
-5.96583e-14
-5.22739e-14
-4.66783e-14
-4.67605e-14
-3.75515e-14
-3.34209e-14
-2.4915e-14
-1.57155e-14
-2.84306e-15
-1.33818e-13
-1.32873e-13
-1.32697e-13
-1.32571e-13
-1.32729e-13
-1.3267e-13
-1.29391e-13
-1.36181e-13
-1.35786e-13
-1.34221e-13
-1.33364e-13
-1.32556e-13
-1.43012e-13
-1.4752e-13
-1.55592e-13
-1.57614e-13
-1.51487e-13
-1.53828e-13
-1.56041e-13
-1.64053e-13
-1.74402e-13
-1.80039e-13
-1.68229e-13
-1.63558e-13
-1.73688e-13
-1.75433e-13
-1.67792e-13
-1.64793e-13
-1.67387e-13
-1.673e-13
-1.65077e-13
-1.71892e-13
-1.76259e-13
-1.88154e-13
-1.90403e-13
-1.79613e-13
-1.73447e-13
-1.81256e-13
-1.89425e-13
-1.92325e-13
-1.93681e-13
-1.94167e-13
-1.95348e-13
-1.99568e-13
-2.01784e-13
-2.00622e-13
-1.88272e-13
-1.90076e-13
-1.91885e-13
-1.91502e-13
-1.9007e-13
-1.97203e-13
-1.93379e-13
-1.91808e-13
-1.88647e-13
-1.80586e-13
-1.784e-13
-1.76846e-13
-1.77066e-13
-1.62614e-13
-1.55798e-13
-1.53153e-13
-1.57091e-13
-1.58282e-13
-1.55519e-13
-1.49697e-13
-1.43783e-13
-1.36079e-13
-1.30697e-13
-1.25688e-13
-1.26488e-13
-1.08608e-13
-1.05298e-13
-1.15037e-13
-1.13118e-13
-1.0646e-13
-9.96266e-14
-9.70438e-14
-9.64571e-14
-8.6849e-14
-7.4953e-14
-6.86479e-14
-7.81942e-14
-7.57451e-14
-6.9604e-14
-6.20736e-14
-6.23721e-14
-6.21616e-14
-5.73785e-14
-5.76283e-14
-5.68061e-14
-5.96956e-14
-5.17246e-14
-4.83512e-14
-4.23481e-14
-4.36797e-14
-3.64593e-14
-2.57732e-14
-1.56565e-14
-2.52317e-15
-1.29323e-13
-1.31002e-13
-1.33736e-13
-1.31641e-13
-1.3361e-13
-1.33893e-13
-1.29087e-13
-1.30499e-13
-1.34908e-13
-1.31775e-13
-1.33599e-13
-1.32385e-13
-1.41912e-13
-1.45803e-13
-1.53577e-13
-1.53357e-13
-1.56532e-13
-1.59012e-13
-1.5874e-13
-1.60379e-13
-1.69201e-13
-1.70739e-13
-1.68316e-13
-1.62632e-13
-1.67923e-13
-1.69595e-13
-1.65791e-13
-1.66438e-13
-1.71517e-13
-1.68933e-13
-1.63041e-13
-1.68638e-13
-1.77169e-13
-1.90707e-13
-1.84611e-13
-1.84719e-13
-1.78463e-13
-1.83077e-13
-1.89112e-13
-1.92517e-13
-1.93828e-13
-1.93402e-13
-2.02254e-13
-2.01763e-13
-2.01597e-13
-2.00744e-13
-1.91721e-13
-1.9394e-13
-1.91917e-13
-1.91646e-13
-1.87853e-13
-1.94693e-13
-1.96748e-13
-1.90134e-13
-1.94304e-13
-1.87646e-13
-1.83424e-13
-1.76506e-13
-1.73454e-13
-1.62807e-13
-1.55857e-13
-1.50433e-13
-1.53857e-13
-1.51112e-13
-1.5482e-13
-1.49876e-13
-1.45422e-13
-1.36219e-13
-1.32593e-13
-1.29783e-13
-1.20328e-13
-1.12963e-13
-1.13601e-13
-1.12699e-13
-1.07131e-13
-1.01034e-13
-1.02415e-13
-1.0002e-13
-9.17603e-14
-7.87996e-14
-7.67676e-14
-7.79623e-14
-7.70763e-14
-6.54114e-14
-6.55395e-14
-6.76324e-14
-6.76503e-14
-6.67539e-14
-5.84239e-14
-5.78908e-14
-5.86463e-14
-5.89201e-14
-5.2942e-14
-4.7071e-14
-5.08211e-14
-4.21043e-14
-3.21548e-14
-3.28994e-14
-1.22139e-14
-1.66657e-15
-1.23916e-13
-1.2926e-13
-1.39356e-13
-1.31722e-13
-1.33999e-13
-1.32611e-13
-1.2919e-13
-1.28447e-13
-1.31037e-13
-1.32707e-13
-1.31699e-13
-1.31761e-13
-1.37748e-13
-1.41782e-13
-1.5069e-13
-1.53036e-13
-1.49825e-13
-1.51861e-13
-1.59956e-13
-1.63877e-13
-1.68004e-13
-1.65672e-13
-1.69375e-13
-1.64737e-13
-1.68627e-13
-1.65408e-13
-1.61911e-13
-1.67922e-13
-1.69176e-13
-1.68815e-13
-1.65303e-13
-1.68612e-13
-1.78264e-13
-1.8649e-13
-1.90226e-13
-1.87976e-13
-1.82709e-13
-1.82744e-13
-1.90818e-13
-1.90777e-13
-1.97958e-13
-1.95292e-13
-2.02551e-13
-2.02284e-13
-2.09058e-13
-2.07867e-13
-1.99981e-13
-1.91738e-13
-1.87176e-13
-1.9206e-13
-1.92839e-13
-1.9624e-13
-2.00815e-13
-1.95585e-13
-1.9301e-13
-1.83314e-13
-1.86306e-13
-1.76894e-13
-1.66302e-13
-1.57491e-13
-1.52084e-13
-1.51578e-13
-1.58571e-13
-1.56167e-13
-1.51429e-13
-1.50578e-13
-1.46199e-13
-1.37619e-13
-1.33988e-13
-1.28485e-13
-1.22158e-13
-1.17158e-13
-1.12705e-13
-1.13458e-13
-1.07894e-13
-1.03515e-13
-9.68429e-14
-9.12642e-14
-8.84932e-14
-8.32802e-14
-8.09835e-14
-8.34904e-14
-7.74928e-14
-7.02277e-14
-6.54699e-14
-6.95125e-14
-6.92012e-14
-6.17817e-14
-6.00921e-14
-5.38583e-14
-5.32089e-14
-5.76307e-14
-5.52604e-14
-5.22131e-14
-5.39642e-14
-4.80092e-14
-3.18902e-14
-2.44131e-14
-1.06734e-14
-4.62106e-15
-1.23349e-13
-1.3085e-13
-1.33744e-13
-1.31766e-13
-1.29788e-13
-1.3446e-13
-1.29706e-13
-1.28007e-13
-1.30246e-13
-1.30446e-13
-1.29612e-13
-1.32038e-13
-1.37648e-13
-1.4864e-13
-1.53818e-13
-1.50015e-13
-1.51527e-13
-1.57141e-13
-1.56516e-13
-1.55222e-13
-1.5804e-13
-1.63123e-13
-1.69261e-13
-1.59754e-13
-1.56616e-13
-1.5974e-13
-1.67982e-13
-1.72628e-13
-1.78095e-13
-1.73108e-13
-1.64427e-13
-1.65015e-13
-1.75629e-13
-1.78603e-13
-1.89045e-13
-1.89307e-13
-1.88943e-13
-1.89016e-13
-1.95356e-13
-1.93357e-13
-2.00826e-13
-1.96574e-13
-2.01677e-13
-2.02728e-13
-2.09558e-13
-2.08067e-13
-1.99366e-13
-1.88913e-13
-1.93563e-13
-1.95956e-13
-1.9566e-13
-1.95548e-13
-1.97969e-13
-2.03129e-13
-1.9711e-13
-1.93827e-13
-1.95276e-13
-1.77027e-13
-1.67051e-13
-1.55789e-13
-1.4582e-13
-1.54783e-13
-1.56618e-13
-1.48831e-13
-1.4987e-13
-1.5064e-13
-1.45571e-13
-1.42393e-13
-1.31756e-13
-1.32319e-13
-1.27989e-13
-1.16025e-13
-1.07858e-13
-1.09561e-13
-1.08177e-13
-1.06321e-13
-1.00413e-13
-8.48972e-14
-8.85757e-14
-8.23138e-14
-7.78193e-14
-7.66214e-14
-7.64255e-14
-7.41715e-14
-6.27585e-14
-6.80381e-14
-6.64888e-14
-6.45592e-14
-5.80131e-14
-5.73254e-14
-5.30615e-14
-5.84357e-14
-6.03592e-14
-5.40244e-14
-5.1395e-14
-4.35538e-14
-3.32912e-14
-3.06695e-14
-1.80089e-14
-9.28457e-15
-1.26447e-13
-1.24422e-13
-1.30223e-13
-1.32912e-13
-1.33838e-13
-1.3187e-13
-1.27063e-13
-1.29473e-13
-1.27948e-13
-1.30778e-13
-1.27412e-13
-1.28745e-13
-1.41326e-13
-1.45725e-13
-1.49847e-13
-1.47928e-13
-1.4089e-13
-1.47833e-13
-1.52406e-13
-1.52571e-13
-1.66867e-13
-1.63938e-13
-1.57184e-13
-1.56132e-13
-1.58272e-13
-1.64089e-13
-1.70068e-13
-1.69679e-13
-1.71793e-13
-1.69805e-13
-1.64281e-13
-1.69802e-13
-1.84091e-13
-1.80621e-13
-1.87038e-13
-1.89269e-13
-1.89536e-13
-1.90431e-13
-1.9654e-13
-2.01496e-13
-2.01778e-13
-2.00118e-13
-2.00575e-13
-2.00131e-13
-2.01286e-13
-2.09009e-13
-2.03981e-13
-1.98166e-13
-1.90057e-13
-1.93958e-13
-2.02152e-13
-2.03157e-13
-1.99853e-13
-1.91971e-13
-1.97762e-13
-2.02868e-13
-2.05462e-13
-1.77957e-13
-1.58031e-13
-1.5379e-13
-1.5354e-13
-1.55545e-13
-1.60498e-13
-1.50429e-13
-1.50754e-13
-1.53357e-13
-1.47948e-13
-1.43483e-13
-1.33577e-13
-1.25266e-13
-1.24621e-13
-1.17391e-13
-1.13394e-13
-1.08053e-13
-1.05231e-13
-1.01856e-13
-1.0033e-13
-8.99654e-14
-8.32884e-14
-7.66324e-14
-7.39623e-14
-8.17316e-14
-8.19373e-14
-7.66345e-14
-6.50138e-14
-7.16155e-14
-6.98067e-14
-6.46707e-14
-5.69025e-14
-5.77329e-14
-5.21634e-14
-5.63163e-14
-5.34253e-14
-5.47348e-14
-5.17441e-14
-4.93311e-14
-3.22498e-14
-2.6912e-14
-2.22709e-14
-7.6405e-15
-1.22904e-13
-1.26437e-13
-1.3642e-13
-1.40993e-13
-1.3552e-13
-1.28278e-13
-1.17833e-13
-1.16862e-13
-1.25249e-13
-1.28506e-13
-1.2892e-13
-1.35469e-13
-1.4046e-13
-1.45082e-13
-1.42265e-13
-1.43982e-13
-1.44852e-13
-1.46349e-13
-1.49037e-13
-1.52485e-13
-1.53287e-13
-1.55547e-13
-1.50204e-13
-1.57451e-13
-1.60975e-13
-1.65923e-13
-1.65688e-13
-1.69388e-13
-1.72015e-13
-1.68322e-13
-1.68588e-13
-1.71486e-13
-1.80116e-13
-1.79799e-13
-1.87829e-13
-1.92823e-13
-1.91502e-13
-1.97474e-13
-2.01097e-13
-2.02491e-13
-1.99815e-13
-1.97798e-13
-1.97302e-13
-2.00795e-13
-2.04173e-13
-2.10556e-13
-2.0896e-13
-1.98174e-13
-1.92454e-13
-1.94317e-13
-2.06581e-13
-2.0718e-13
-2.02662e-13
-2.05085e-13
-2.08774e-13
-1.99112e-13
-1.95761e-13
-1.78446e-13
-1.64275e-13
-1.58658e-13
-1.53265e-13
-1.58001e-13
-1.59918e-13
-1.5067e-13
-1.48457e-13
-1.46745e-13
-1.46472e-13
-1.46549e-13
-1.34595e-13
-1.22586e-13
-1.21364e-13
-1.17415e-13
-1.11716e-13
-1.12105e-13
-1.06382e-13
-9.90785e-14
-9.63433e-14
-8.97916e-14
-8.3115e-14
-7.77128e-14
-8.22774e-14
-8.48699e-14
-7.88557e-14
-7.38121e-14
-6.54497e-14
-6.28711e-14
-5.95602e-14
-6.69333e-14
-6.1274e-14
-5.60114e-14
-5.1283e-14
-5.40528e-14
-5.59002e-14
-5.59358e-14
-5.29661e-14
-5.09221e-14
-3.75266e-14
-2.54219e-14
-1.97813e-14
-1.01799e-14
-1.25183e-13
-1.27146e-13
-1.34026e-13
-1.34916e-13
-1.33664e-13
-1.29819e-13
-1.2278e-13
-1.21849e-13
-1.18209e-13
-1.17904e-13
-1.26368e-13
-1.32685e-13
-1.43266e-13
-1.34733e-13
-1.42237e-13
-1.42197e-13
-1.42953e-13
-1.41941e-13
-1.40962e-13
-1.43749e-13
-1.48868e-13
-1.52634e-13
-1.51372e-13
-1.60726e-13
-1.6497e-13
-1.60362e-13
-1.62021e-13
-1.68415e-13
-1.75755e-13
-1.64991e-13
-1.70401e-13
-1.75599e-13
-1.78745e-13
-1.78645e-13
-1.89248e-13
-1.94811e-13
-1.96623e-13
-1.96896e-13
-1.99075e-13
-2.01396e-13
-2.05041e-13
-2.05262e-13
-2.0222e-13
-2.01565e-13
-2.04036e-13
-2.09984e-13
-2.07576e-13
-2.07716e-13
-1.98136e-13
-1.98726e-13
-2.09317e-13
-2.09952e-13
-2.05634e-13
-2.01863e-13
-2.02729e-13
-2.00725e-13
-1.96367e-13
-1.81137e-13
-1.70253e-13
-1.62412e-13
-1.56094e-13
-1.58375e-13
-1.59916e-13
-1.49247e-13
-1.49854e-13
-1.49657e-13
-1.50611e-13
-1.49242e-13
-1.37664e-13
-1.22036e-13
-1.21157e-13
-1.11985e-13
-1.10133e-13
-1.11413e-13
-1.06199e-13
-1.04548e-13
-9.49168e-14
-8.73615e-14
-8.22802e-14
-7.89495e-14
-7.98762e-14
-8.24426e-14
-8.10071e-14
-7.63075e-14
-6.80146e-14
-7.13847e-14
-6.44213e-14
-6.39248e-14
-5.41094e-14
-4.93293e-14
-5.09263e-14
-5.64039e-14
-5.69012e-14
-5.71306e-14
-5.47358e-14
-4.95703e-14
-3.56171e-14
-2.8468e-14
-2.44918e-14
-1.07726e-14
-1.30268e-13
-1.25643e-13
-1.32632e-13
-1.32184e-13
-1.32777e-13
-1.28119e-13
-1.22847e-13
-1.15649e-13
-1.16081e-13
-1.22826e-13
-1.28483e-13
-1.28746e-13
-1.35144e-13
-1.36606e-13
-1.32825e-13
-1.35377e-13
-1.39525e-13
-1.37995e-13
-1.36275e-13
-1.40362e-13
-1.46683e-13
-1.51354e-13
-1.53495e-13
-1.60337e-13
-1.66817e-13
-1.62653e-13
-1.60671e-13
-1.64874e-13
-1.72166e-13
-1.67339e-13
-1.73699e-13
-1.7588e-13
-1.82999e-13
-1.84558e-13
-1.91244e-13
-1.89714e-13
-1.95679e-13
-1.94679e-13
-2.00901e-13
-2.01995e-13
-2.06354e-13
-2.07337e-13
-2.02995e-13
-2.02961e-13
-2.05818e-13
-2.08294e-13
-2.05805e-13
-2.09319e-13
-2.07893e-13
-2.03333e-13
-2.12429e-13
-2.14502e-13
-2.12315e-13
-2.06441e-13
-1.99173e-13
-2.02004e-13
-2.01186e-13
-1.86725e-13
-1.71564e-13
-1.64205e-13
-1.59785e-13
-1.60012e-13
-1.55127e-13
-1.52271e-13
-1.46746e-13
-1.41236e-13
-1.47887e-13
-1.43891e-13
-1.39559e-13
-1.28935e-13
-1.21503e-13
-1.18001e-13
-1.16643e-13
-1.0988e-13
-1.00672e-13
-1.00788e-13
-1.00771e-13
-9.22385e-14
-8.04207e-14
-7.57657e-14
-8.16027e-14
-8.20643e-14
-8.13107e-14
-7.78041e-14
-6.65393e-14
-6.56912e-14
-5.99974e-14
-6.1829e-14
-5.83441e-14
-5.50333e-14
-4.95157e-14
-4.75185e-14
-5.24977e-14
-5.83758e-14
-5.73712e-14
-5.09306e-14
-3.98452e-14
-2.34234e-14
-1.65447e-14
-7.82256e-15
-1.30122e-13
-1.25096e-13
-1.27587e-13
-1.32051e-13
-1.36779e-13
-1.26737e-13
-1.20789e-13
-1.14008e-13
-1.16536e-13
-1.21205e-13
-1.22242e-13
-1.24343e-13
-1.29846e-13
-1.38719e-13
-1.34307e-13
-1.4077e-13
-1.39638e-13
-1.34531e-13
-1.30921e-13
-1.36093e-13
-1.45224e-13
-1.48936e-13
-1.47976e-13
-1.56864e-13
-1.62908e-13
-1.61824e-13
-1.68878e-13
-1.64491e-13
-1.69255e-13
-1.74229e-13
-1.81772e-13
-1.74273e-13
-1.71334e-13
-1.83086e-13
-1.96032e-13
-1.98888e-13
-2.04343e-13
-2.00348e-13
-1.99436e-13
-1.97574e-13
-2.07569e-13
-2.0962e-13
-2.04565e-13
-2.02127e-13
-2.06536e-13
-2.07706e-13
-2.09769e-13
-2.13386e-13
-2.1469e-13
-2.1095e-13
-2.20076e-13
-2.16076e-13
-2.09601e-13
-2.01301e-13
-1.99983e-13
-1.99647e-13
-1.98289e-13
-1.91171e-13
-1.75771e-13
-1.66789e-13
-1.59046e-13
-1.61582e-13
-1.60007e-13
-1.54224e-13
-1.49717e-13
-1.38505e-13
-1.40993e-13
-1.44027e-13
-1.41302e-13
-1.28298e-13
-1.24409e-13
-1.16909e-13
-1.1419e-13
-1.07015e-13
-1.02698e-13
-1.04021e-13
-9.7368e-14
-9.40653e-14
-8.5536e-14
-8.07667e-14
-7.84347e-14
-8.43263e-14
-7.84395e-14
-7.71024e-14
-7.31971e-14
-6.90706e-14
-6.30757e-14
-6.4284e-14
-5.73974e-14
-5.0681e-14
-4.99987e-14
-5.21e-14
-5.07263e-14
-5.21461e-14
-5.62331e-14
-4.95041e-14
-4.01626e-14
-2.75088e-14
-1.81403e-14
-8.59312e-15
-1.28836e-13
-1.28921e-13
-1.31588e-13
-1.28908e-13
-1.25812e-13
-1.26002e-13
-1.21635e-13
-1.16769e-13
-1.18286e-13
-1.16378e-13
-1.16211e-13
-1.21971e-13
-1.28645e-13
-1.37496e-13
-1.3498e-13
-1.32016e-13
-1.32479e-13
-1.30445e-13
-1.34135e-13
-1.34659e-13
-1.41322e-13
-1.46411e-13
-1.52122e-13
-1.59642e-13
-1.58945e-13
-1.63462e-13
-1.71938e-13
-1.68603e-13
-1.72716e-13
-1.72933e-13
-1.77023e-13
-1.7717e-13
-1.79376e-13
-1.8408e-13
-1.90952e-13
-1.99785e-13
-1.99552e-13
-1.99077e-13
-2.01249e-13
-2.04566e-13
-2.05388e-13
-2.08937e-13
-2.06484e-13
-2.04984e-13
-2.05948e-13
-2.1606e-13
-2.10509e-13
-2.1253e-13
-2.19326e-13
-2.21251e-13
-2.23109e-13
-2.18826e-13
-2.05978e-13
-1.98034e-13
-2.04315e-13
-2.01966e-13
-1.97332e-13
-1.88204e-13
-1.7811e-13
-1.71602e-13
-1.60056e-13
-1.60844e-13
-1.60903e-13
-1.59086e-13
-1.53131e-13
-1.36415e-13
-1.43153e-13
-1.47702e-13
-1.39377e-13
-1.29013e-13
-1.20262e-13
-1.212e-13
-1.10216e-13
-1.08862e-13
-1.07522e-13
-1.10992e-13
-9.69e-14
-9.31591e-14
-9.12986e-14
-8.0112e-14
-8.0266e-14
-8.04643e-14
-7.83443e-14
-7.44769e-14
-6.85744e-14
-6.46594e-14
-6.41387e-14
-5.9271e-14
-5.78508e-14
-5.29065e-14
-5.43275e-14
-5.21037e-14
-5.79873e-14
-5.32691e-14
-5.01092e-14
-4.24593e-14
-4.29945e-14
-3.26116e-14
-2.23945e-14
-5.73066e-15
-1.31376e-13
-1.27168e-13
-1.2157e-13
-1.26359e-13
-1.29792e-13
-1.30531e-13
-1.24992e-13
-1.15855e-13
-1.1175e-13
-1.07122e-13
-1.08186e-13
-1.19332e-13
-1.27987e-13
-1.34707e-13
-1.34144e-13
-1.31847e-13
-1.32861e-13
-1.27783e-13
-1.32183e-13
-1.38382e-13
-1.34617e-13
-1.44832e-13
-1.56194e-13
-1.56604e-13
-1.56121e-13
-1.66017e-13
-1.68732e-13
-1.67489e-13
-1.73736e-13
-1.7572e-13
-1.75737e-13
-1.7173e-13
-1.75688e-13
-1.94285e-13
-2.00408e-13
-1.98527e-13
-2.00549e-13
-2.02261e-13
-2.00688e-13
-2.07069e-13
-2.01627e-13
-2.05499e-13
-2.04808e-13
-2.08997e-13
-2.0701e-13
-2.20033e-13
-2.1619e-13
-2.19781e-13
-2.20998e-13
-2.23342e-13
-2.22694e-13
-2.15776e-13
-2.10066e-13
-2.01653e-13
-2.03522e-13
-2.03848e-13
-1.97303e-13
-1.8951e-13
-1.79954e-13
-1.76438e-13
-1.62774e-13
-1.59973e-13
-1.55181e-13
-1.59495e-13
-1.5857e-13
-1.4371e-13
-1.42669e-13
-1.41433e-13
-1.39835e-13
-1.32679e-13
-1.21188e-13
-1.18986e-13
-1.1058e-13
-1.07157e-13
-1.12975e-13
-1.11329e-13
-9.54114e-14
-9.06543e-14
-9.36394e-14
-8.48032e-14
-8.29561e-14
-7.46039e-14
-7.63765e-14
-7.24521e-14
-6.71926e-14
-7.20634e-14
-6.51781e-14
-5.7563e-14
-5.72915e-14
-5.31657e-14
-5.47641e-14
-5.55824e-14
-5.89639e-14
-5.23007e-14
-4.8619e-14
-3.7111e-14
-3.87439e-14
-3.55329e-14
-2.4813e-14
-7.75121e-15
-1.28458e-13
-1.29367e-13
-1.23185e-13
-1.22437e-13
-1.23235e-13
-1.26099e-13
-1.20605e-13
-1.16412e-13
-1.11979e-13
-1.14217e-13
-1.11245e-13
-1.1931e-13
-1.22996e-13
-1.25295e-13
-1.26117e-13
-1.25321e-13
-1.31703e-13
-1.32171e-13
-1.25646e-13
-1.30412e-13
-1.39145e-13
-1.47533e-13
-1.52465e-13
-1.5576e-13
-1.60236e-13
-1.70029e-13
-1.68684e-13
-1.72073e-13
-1.79751e-13
-1.7845e-13
-1.73328e-13
-1.76664e-13
-1.72297e-13
-1.8443e-13
-1.99178e-13
-2.03303e-13
-2.02946e-13
-2.01279e-13
-2.02826e-13
-2.03394e-13
-2.04201e-13
-2.09437e-13
-2.05982e-13
-2.07042e-13
-2.1057e-13
-2.16709e-13
-2.18117e-13
-2.24709e-13
-2.27566e-13
-2.27153e-13
-2.24149e-13
-2.13821e-13
-2.15122e-13
-2.07885e-13
-2.05775e-13
-2.0039e-13
-1.98154e-13
-1.8982e-13
-1.85163e-13
-1.77777e-13
-1.675e-13
-1.67755e-13
-1.59818e-13
-1.62485e-13
-1.5798e-13
-1.48865e-13
-1.42985e-13
-1.4319e-13
-1.3572e-13
-1.26348e-13
-1.17387e-13
-1.15919e-13
-1.11376e-13
-1.09169e-13
-1.12484e-13
-1.15226e-13
-1.01983e-13
-8.78118e-14
-9.21562e-14
-8.36251e-14
-8.392e-14
-7.8501e-14
-7.68579e-14
-7.34727e-14
-7.17186e-14
-6.99426e-14
-6.40309e-14
-5.921e-14
-5.58973e-14
-5.22988e-14
-5.48953e-14
-5.79845e-14
-5.4178e-14
-4.5528e-14
-4.3111e-14
-3.7891e-14
-3.97803e-14
-3.04247e-14
-2.14722e-14
-5.01557e-15
-1.25048e-13
-1.24937e-13
-1.22486e-13
-1.2149e-13
-1.24095e-13
-1.20847e-13
-1.16137e-13
-1.15373e-13
-1.13476e-13
-1.14379e-13
-1.17441e-13
-1.18084e-13
-1.23264e-13
-1.22621e-13
-1.23719e-13
-1.23465e-13
-1.27462e-13
-1.3103e-13
-1.2377e-13
-1.27712e-13
-1.44316e-13
-1.41479e-13
-1.48464e-13
-1.60963e-13
-1.64835e-13
-1.64783e-13
-1.68331e-13
-1.65608e-13
-1.70651e-13
-1.77653e-13
-1.73684e-13
-1.79919e-13
-1.772e-13
-1.89745e-13
-2.02769e-13
-2.03999e-13
-2.07723e-13
-2.01966e-13
-2.04448e-13
-1.98408e-13
-2.04333e-13
-2.0446e-13
-2.05786e-13
-2.13329e-13
-2.13961e-13
-2.14925e-13
-2.21482e-13
-2.3197e-13
-2.31537e-13
-2.2623e-13
-2.26683e-13
-2.18762e-13
-2.09872e-13
-2.12726e-13
-2.07609e-13
-2.00585e-13
-1.98851e-13
-1.88468e-13
-1.88608e-13
-1.76878e-13
-1.71047e-13
-1.69554e-13
-1.5986e-13
-1.59002e-13
-1.60216e-13
-1.51593e-13
-1.41188e-13
-1.39406e-13
-1.35551e-13
-1.28807e-13
-1.23453e-13
-1.18268e-13
-1.1566e-13
-1.10765e-13
-1.11945e-13
-1.05828e-13
-1.01389e-13
-9.51568e-14
-9.31009e-14
-8.32115e-14
-8.14135e-14
-8.6159e-14
-7.82662e-14
-6.8384e-14
-6.45125e-14
-6.87967e-14
-6.38639e-14
-5.97619e-14
-5.7351e-14
-5.7697e-14
-5.52378e-14
-5.49082e-14
-4.98096e-14
-4.63287e-14
-4.19633e-14
-4.19104e-14
-3.06333e-14
-2.27816e-14
-1.74194e-14
-6.50225e-15
-1.25569e-13
-1.20022e-13
-1.21138e-13
-1.22155e-13
-1.21664e-13
-1.1671e-13
-1.13204e-13
-1.15762e-13
-1.17079e-13
-1.1212e-13
-1.2229e-13
-1.28324e-13
-1.31476e-13
-1.21413e-13
-1.15325e-13
-1.23031e-13
-1.27781e-13
-1.26157e-13
-1.28908e-13
-1.23929e-13
-1.36176e-13
-1.42162e-13
-1.50943e-13
-1.58499e-13
-1.59068e-13
-1.68933e-13
-1.65236e-13
-1.66431e-13
-1.71025e-13
-1.78724e-13
-1.80837e-13
-1.80721e-13
-1.78192e-13
-1.89617e-13
-1.97007e-13
-1.97791e-13
-2.08158e-13
-2.05775e-13
-2.10849e-13
-2.01909e-13
-1.97886e-13
-2.06572e-13
-2.08984e-13
-2.1275e-13
-2.11084e-13
-2.20437e-13
-2.21914e-13
-2.29096e-13
-2.29942e-13
-2.30414e-13
-2.27418e-13
-2.24244e-13
-2.19558e-13
-2.19379e-13
-2.10532e-13
-1.99607e-13
-1.98636e-13
-1.91775e-13
-1.85816e-13
-1.8005e-13
-1.73326e-13
-1.69987e-13
-1.70251e-13
-1.67618e-13
-1.63502e-13
-1.49491e-13
-1.42039e-13
-1.38947e-13
-1.31139e-13
-1.27248e-13
-1.27372e-13
-1.22924e-13
-1.17359e-13
-1.14424e-13
-1.1177e-13
-1.03338e-13
-9.81142e-14
-1.01057e-13
-9.00781e-14
-8.54751e-14
-7.91682e-14
-7.937e-14
-7.91496e-14
-7.19572e-14
-6.61662e-14
-6.97157e-14
-6.51515e-14
-6.45252e-14
-5.93789e-14
-5.61775e-14
-5.43718e-14
-4.84491e-14
-4.71866e-14
-4.73157e-14
-4.20047e-14
-3.61058e-14
-2.79215e-14
-1.7951e-14
-9.77207e-15
-5.22014e-15
-1.21361e-13
-1.21875e-13
-1.20206e-13
-1.17986e-13
-1.19699e-13
-1.18154e-13
-1.14384e-13
-1.15021e-13
-1.15135e-13
-1.18677e-13
-1.25552e-13
-1.22848e-13
-1.28088e-13
-1.24791e-13
-1.1837e-13
-1.19775e-13
-1.23412e-13
-1.29812e-13
-1.35178e-13
-1.30745e-13
-1.35021e-13
-1.37469e-13
-1.45384e-13
-1.49363e-13
-1.55395e-13
-1.64485e-13
-1.6744e-13
-1.70935e-13
-1.66642e-13
-1.68851e-13
-1.80698e-13
-1.85418e-13
-1.8496e-13
-1.89091e-13
-1.9612e-13
-2.00742e-13
-2.12356e-13
-2.03326e-13
-2.06657e-13
-2.01908e-13
-2.01926e-13
-2.08994e-13
-2.1218e-13
-2.11758e-13
-2.15774e-13
-2.22742e-13
-2.25151e-13
-2.27456e-13
-2.3122e-13
-2.31481e-13
-2.33889e-13
-2.29461e-13
-2.18634e-13
-2.17685e-13
-2.09064e-13
-2.03866e-13
-1.98528e-13
-1.91826e-13
-1.90398e-13
-1.86711e-13
-1.73983e-13
-1.72471e-13
-1.73573e-13
-1.63432e-13
-1.61735e-13
-1.48693e-13
-1.41709e-13
-1.40785e-13
-1.38744e-13
-1.30712e-13
-1.26905e-13
-1.26156e-13
-1.19942e-13
-1.12543e-13
-1.07956e-13
-1.02375e-13
-9.9576e-14
-1.01093e-13
-9.21159e-14
-8.91925e-14
-8.02885e-14
-7.74704e-14
-7.3983e-14
-7.1042e-14
-7.06262e-14
-7.38848e-14
-7.01695e-14
-6.46074e-14
-6.40613e-14
-6.1179e-14
-5.26011e-14
-4.99328e-14
-4.89035e-14
-4.2695e-14
-3.97346e-14
-3.25662e-14
-2.5235e-14
-1.71837e-14
-8.82637e-15
-7.10991e-15
-1.16873e-13
-1.20262e-13
-1.18884e-13
-1.19105e-13
-1.15507e-13
-1.21569e-13
-1.13306e-13
-1.07289e-13
-1.16335e-13
-1.20929e-13
-1.2522e-13
-1.25269e-13
-1.28921e-13
-1.26334e-13
-1.20537e-13
-1.20011e-13
-1.22485e-13
-1.30981e-13
-1.34099e-13
-1.22279e-13
-1.30783e-13
-1.3957e-13
-1.4874e-13
-1.51275e-13
-1.56691e-13
-1.63713e-13
-1.65691e-13
-1.67429e-13
-1.67818e-13
-1.74353e-13
-1.80016e-13
-1.86173e-13
-1.86822e-13
-1.84147e-13
-1.95186e-13
-2.00971e-13
-2.1263e-13
-2.04213e-13
-2.09554e-13
-2.06071e-13
-2.03604e-13
-2.03275e-13
-2.15763e-13
-2.17298e-13
-2.15886e-13
-2.17576e-13
-2.23009e-13
-2.29093e-13
-2.33532e-13
-2.34831e-13
-2.32974e-13
-2.276e-13
-2.21642e-13
-2.25431e-13
-2.12762e-13
-2.08229e-13
-2.00818e-13
-1.91665e-13
-1.93751e-13
-1.86174e-13
-1.75056e-13
-1.73135e-13
-1.75121e-13
-1.68613e-13
-1.63335e-13
-1.50677e-13
-1.43868e-13
-1.46135e-13
-1.41709e-13
-1.28646e-13
-1.2655e-13
-1.24571e-13
-1.15447e-13
-1.19835e-13
-1.17095e-13
-1.06288e-13
-9.22453e-14
-9.49393e-14
-9.48943e-14
-9.04988e-14
-8.63055e-14
-8.11151e-14
-7.09015e-14
-6.805e-14
-7.00314e-14
-7.76288e-14
-7.59331e-14
-6.99467e-14
-6.57883e-14
-6.2219e-14
-5.14078e-14
-5.06302e-14
-4.46104e-14
-4.05032e-14
-3.89942e-14
-3.23085e-14
-2.90522e-14
-1.90197e-14
-8.88397e-15
-8.01671e-15
-1.14415e-13
-1.18506e-13
-1.18795e-13
-1.21743e-13
-1.11594e-13
-1.15822e-13
-1.1859e-13
-1.10086e-13
-1.15025e-13
-1.1934e-13
-1.28221e-13
-1.28957e-13
-1.2756e-13
-1.21243e-13
-1.18712e-13
-1.22079e-13
-1.18964e-13
-1.30086e-13
-1.28524e-13
-1.30269e-13
-1.34846e-13
-1.41942e-13
-1.45947e-13
-1.52903e-13
-1.61556e-13
-1.61257e-13
-1.63134e-13
-1.66979e-13
-1.70267e-13
-1.72394e-13
-1.77201e-13
-1.83059e-13
-1.88629e-13
-1.9285e-13
-1.99714e-13
-1.98961e-13
-2.07862e-13
-2.07075e-13
-2.08463e-13
-2.05006e-13
-2.08267e-13
-2.07893e-13
-2.13775e-13
-2.17645e-13
-2.17848e-13
-2.22153e-13
-2.25897e-13
-2.29978e-13
-2.31423e-13
-2.33064e-13
-2.34234e-13
-2.32677e-13
-2.26588e-13
-2.24829e-13
-2.17396e-13
-2.08964e-13
-2.02694e-13
-1.92269e-13
-1.89702e-13
-1.84956e-13
-1.82468e-13
-1.82656e-13
-1.76548e-13
-1.68895e-13
-1.58721e-13
-1.52176e-13
-1.42811e-13
-1.43435e-13
-1.38251e-13
-1.33833e-13
-1.31502e-13
-1.26218e-13
-1.19987e-13
-1.16926e-13
-1.09946e-13
-1.04618e-13
-9.63383e-14
-9.65885e-14
-9.47967e-14
-9.38015e-14
-8.44284e-14
-8.34944e-14
-7.54141e-14
-7.69748e-14
-7.21291e-14
-7.46709e-14
-7.45004e-14
-7.2663e-14
-6.88917e-14
-6.55344e-14
-5.45407e-14
-4.98354e-14
-5.09497e-14
-3.66334e-14
-3.48567e-14
-3.11531e-14
-2.86267e-14
-2.02056e-14
-1.1346e-14
-5.51311e-15
-1.13607e-13
-1.1761e-13
-1.11366e-13
-1.15718e-13
-1.15542e-13
-1.19266e-13
-1.13392e-13
-1.11038e-13
-1.14637e-13
-1.19076e-13
-1.24223e-13
-1.24076e-13
-1.2825e-13
-1.27897e-13
-1.27269e-13
-1.24796e-13
-1.26202e-13
-1.31833e-13
-1.2048e-13
-1.24571e-13
-1.33846e-13
-1.44657e-13
-1.46871e-13
-1.5126e-13
-1.54893e-13
-1.58316e-13
-1.63651e-13
-1.71629e-13
-1.73374e-13
-1.71699e-13
-1.74953e-13
-1.83929e-13
-1.90805e-13
-1.98931e-13
-1.99316e-13
-2.0383e-13
-2.10365e-13
-2.07826e-13
-2.03314e-13
-2.01586e-13
-2.07896e-13
-2.07206e-13
-2.16424e-13
-2.20247e-13
-2.22452e-13
-2.20852e-13
-2.23614e-13
-2.29497e-13
-2.28569e-13
-2.37716e-13
-2.37525e-13
-2.34521e-13
-2.29323e-13
-2.22125e-13
-2.2145e-13
-2.1183e-13
-2.06569e-13
-1.96353e-13
-1.92448e-13
-1.86504e-13
-1.80925e-13
-1.79542e-13
-1.74424e-13
-1.67722e-13
-1.62233e-13
-1.51537e-13
-1.5004e-13
-1.44123e-13
-1.4129e-13
-1.38275e-13
-1.3052e-13
-1.22171e-13
-1.20388e-13
-1.22215e-13
-1.10011e-13
-1.07205e-13
-9.8533e-14
-9.8468e-14
-9.78378e-14
-8.98794e-14
-8.48672e-14
-8.05715e-14
-7.60725e-14
-7.25218e-14
-7.37386e-14
-8.08453e-14
-7.56612e-14
-7.35654e-14
-7.12592e-14
-6.44673e-14
-5.40503e-14
-4.71256e-14
-5.29177e-14
-3.55751e-14
-3.37061e-14
-3.00877e-14
-2.66396e-14
-2.12641e-14
-8.88913e-15
-5.80235e-15
-1.14494e-13
-1.16263e-13
-1.15523e-13
-1.12988e-13
-1.12039e-13
-1.16295e-13
-1.11272e-13
-1.11209e-13
-1.16203e-13
-1.2062e-13
-1.19732e-13
-1.22686e-13
-1.27782e-13
-1.24288e-13
-1.2542e-13
-1.21144e-13
-1.17661e-13
-1.28613e-13
-1.2592e-13
-1.32568e-13
-1.43726e-13
-1.4164e-13
-1.46517e-13
-1.57105e-13
-1.57531e-13
-1.53619e-13
-1.57501e-13
-1.62826e-13
-1.7345e-13
-1.8231e-13
-1.80515e-13
-1.88375e-13
-1.98544e-13
-1.95458e-13
-1.94734e-13
-2.03048e-13
-2.09152e-13
-2.0581e-13
-2.03812e-13
-2.09133e-13
-2.08251e-13
-2.0806e-13
-2.14695e-13
-2.22656e-13
-2.24536e-13
-2.24925e-13
-2.27328e-13
-2.25949e-13
-2.26844e-13
-2.40224e-13
-2.36536e-13
-2.36934e-13
-2.28163e-13
-2.20912e-13
-2.1828e-13
-2.12401e-13
-2.05104e-13
-2.0382e-13
-1.94677e-13
-1.9032e-13
-1.83469e-13
-1.78128e-13
-1.72178e-13
-1.66731e-13
-1.61069e-13
-1.52977e-13
-1.55884e-13
-1.52225e-13
-1.42631e-13
-1.3719e-13
-1.27604e-13
-1.23833e-13
-1.22657e-13
-1.15414e-13
-1.1069e-13
-1.0791e-13
-9.99534e-14
-9.79465e-14
-9.65724e-14
-9.46648e-14
-9.07293e-14
-8.59555e-14
-7.55291e-14
-7.19403e-14
-7.73648e-14
-8.1454e-14
-7.79098e-14
-7.07011e-14
-7.0321e-14
-6.44171e-14
-5.29199e-14
-4.85174e-14
-4.77937e-14
-3.87373e-14
-3.49428e-14
-3.29884e-14
-2.82642e-14
-2.32596e-14
-1.42103e-14
-6.81964e-15
-1.14421e-13
-1.14135e-13
-1.10892e-13
-1.11622e-13
-1.14327e-13
-1.16493e-13
-1.0789e-13
-1.1264e-13
-1.14326e-13
-1.21525e-13
-1.22557e-13
-1.18464e-13
-1.21284e-13
-1.18737e-13
-1.29837e-13
-1.26105e-13
-1.31041e-13
-1.25489e-13
-1.20148e-13
-1.27686e-13
-1.38719e-13
-1.44975e-13
-1.47203e-13
-1.47552e-13
-1.50661e-13
-1.53837e-13
-1.59051e-13
-1.64215e-13
-1.73974e-13
-1.84279e-13
-1.80804e-13
-1.8989e-13
-1.96785e-13
-1.95608e-13
-1.97777e-13
-2.04306e-13
-2.08958e-13
-2.06558e-13
-2.01542e-13
-2.04717e-13
-2.10415e-13
-2.13474e-13
-2.20625e-13
-2.26169e-13
-2.25766e-13
-2.26185e-13
-2.27777e-13
-2.25649e-13
-2.25662e-13
-2.37292e-13
-2.36463e-13
-2.36787e-13
-2.30098e-13
-2.18483e-13
-2.17109e-13
-2.15503e-13
-2.13222e-13
-2.06392e-13
-1.92545e-13
-1.847e-13
-1.78986e-13
-1.79401e-13
-1.7629e-13
-1.69819e-13
-1.61389e-13
-1.5655e-13
-1.5004e-13
-1.50726e-13
-1.42898e-13
-1.40897e-13
-1.33477e-13
-1.26607e-13
-1.20665e-13
-1.19313e-13
-1.1496e-13
-1.07589e-13
-1.00491e-13
-9.41808e-14
-9.29153e-14
-9.1541e-14
-9.16841e-14
-8.89526e-14
-8.03621e-14
-7.50856e-14
-7.90354e-14
-8.19328e-14
-7.23191e-14
-7.1605e-14
-6.86206e-14
-6.29021e-14
-5.67278e-14
-4.51646e-14
-4.51922e-14
-3.69229e-14
-3.87954e-14
-3.29847e-14
-2.7936e-14
-2.01442e-14
-1.62396e-14
-7.32703e-15
-1.14503e-13
-1.15767e-13
-1.13876e-13
-1.10878e-13
-1.11791e-13
-1.11763e-13
-1.11117e-13
-1.11305e-13
-1.12612e-13
-1.20368e-13
-1.21434e-13
-1.2092e-13
-1.25215e-13
-1.2147e-13
-1.24287e-13
-1.22866e-13
-1.21073e-13
-1.21346e-13
-1.23462e-13
-1.35722e-13
-1.39388e-13
-1.48382e-13
-1.52007e-13
-1.48537e-13
-1.50495e-13
-1.50425e-13
-1.54606e-13
-1.66747e-13
-1.78326e-13
-1.83157e-13
-1.87025e-13
-1.92352e-13
-1.93838e-13
-1.97706e-13
-2.0097e-13
-2.04704e-13
-2.05108e-13
-2.03202e-13
-2.02162e-13
-2.13973e-13
-2.10491e-13
-2.1728e-13
-2.19877e-13
-2.21341e-13
-2.24038e-13
-2.27806e-13
-2.26472e-13
-2.23824e-13
-2.3228e-13
-2.40448e-13
-2.38673e-13
-2.37852e-13
-2.3322e-13
-2.15605e-13
-2.14346e-13
-2.06431e-13
-2.06068e-13
-2.0812e-13
-1.95541e-13
-1.87525e-13
-1.77312e-13
-1.75088e-13
-1.72155e-13
-1.6988e-13
-1.62907e-13
-1.59021e-13
-1.54456e-13
-1.47746e-13
-1.44387e-13
-1.39541e-13
-1.32204e-13
-1.24729e-13
-1.23703e-13
-1.24224e-13
-1.13015e-13
-1.03546e-13
-9.76345e-14
-9.20018e-14
-9.76423e-14
-9.51105e-14
-9.3801e-14
-8.94257e-14
-8.59633e-14
-7.41609e-14
-7.95124e-14
-8.59643e-14
-7.98038e-14
-7.29307e-14
-6.98923e-14
-6.03123e-14
-5.10885e-14
-4.87171e-14
-4.31485e-14
-3.81308e-14
-3.88784e-14
-3.60624e-14
-3.30053e-14
-1.99472e-14
-1.42718e-14
-7.04645e-15
-1.13898e-13
-1.12786e-13
-1.13252e-13
-1.12564e-13
-1.14995e-13
-1.09175e-13
-1.05657e-13
-1.06215e-13
-1.11537e-13
-1.14872e-13
-1.22216e-13
-1.31007e-13
-1.23012e-13
-1.2512e-13
-1.26889e-13
-1.26381e-13
-1.25285e-13
-1.24893e-13
-1.16884e-13
-1.25063e-13
-1.41882e-13
-1.49139e-13
-1.5071e-13
-1.49881e-13
-1.51539e-13
-1.55128e-13
-1.60328e-13
-1.6902e-13
-1.74828e-13
-1.81255e-13
-1.84164e-13
-1.95956e-13
-1.93149e-13
-1.96155e-13
-2.03382e-13
-2.07982e-13
-2.04467e-13
-1.99767e-13
-2.02891e-13
-2.14449e-13
-2.12713e-13
-2.15085e-13
-2.20487e-13
-2.27017e-13
-2.22778e-13
-2.23297e-13
-2.29653e-13
-2.27718e-13
-2.32985e-13
-2.39555e-13
-2.37386e-13
-2.39924e-13
-2.32119e-13
-2.1519e-13
-2.1167e-13
-2.10289e-13
-2.08954e-13
-2.05869e-13
-1.9153e-13
-1.83949e-13
-1.76844e-13
-1.75961e-13
-1.76691e-13
-1.71634e-13
-1.62731e-13
-1.53505e-13
-1.48252e-13
-1.52789e-13
-1.45388e-13
-1.39838e-13
-1.34837e-13
-1.27617e-13
-1.25737e-13
-1.27619e-13
-1.14518e-13
-1.04195e-13
-9.50719e-14
-8.82978e-14
-9.59376e-14
-9.33367e-14
-1.01631e-13
-8.8967e-14
-8.25427e-14
-7.68802e-14
-8.33349e-14
-8.26829e-14
-7.59621e-14
-6.92245e-14
-6.98087e-14
-6.31502e-14
-5.46522e-14
-4.56568e-14
-3.80897e-14
-3.53426e-14
-4.16151e-14
-4.58608e-14
-3.27878e-14
-1.93124e-14
-1.17509e-14
-6.59103e-15
)
;

boundaryField
{
    inlet
    {
        type            zeroGradient;
    }
    outlet
    {
        type            fixedValue;
        value           uniform 0;
    }
    down
    {
        type            empty;
    }
    up
    {
        type            empty;
    }
    sides
    {
        type            zeroGradient;
    }
}

