/*--------------------------------*- C++ -*----------------------------------*\
| =========                 |                                                 |
| \\      /  F ield         | OpenFOAM: The Open Source CFD Toolbox           |
|  \\    /   O peration     | Version:  v2012                                 |
|   \\  /    A nd           | Website:  www.openfoam.com                      |
|    \\/     M anipulation  |                                                 |
\*---------------------------------------------------------------------------*/
FoamFile
{
    version     2.0;
    format      ascii;
    class       volVectorField;
    location    "0";
    object      uRec;
}
// * * * * * * * * * * * * * * * * * * * * * * * * * * * * * * * * * * * * * //

dimensions      [0 1 -1 0 0 0 0];


internalField   nonuniform List<vector> 
4000
(
(1 -3.76406e-16 0)
(1 3.10462e-15 0)
(1 -1.89272e-15 0)
(1 4.096e-15 0)
(1 -1.59342e-15 0)
(1 4.95864e-16 0)
(1 1.61174e-15 0)
(1 -7.71045e-16 0)
(1 -9.40179e-16 0)
(1 -4.68899e-15 0)
(1 1.77455e-15 0)
(1 1.84956e-15 0)
(1 2.39383e-15 0)
(1 9.17294e-16 0)
(1 4.01585e-15 0)
(1 -2.04023e-15 0)
(1 -9.02978e-16 0)
(1 -3.54576e-15 0)
(1 5.13148e-16 0)
(1 -2.36077e-15 0)
(1 -3.62226e-15 0)
(1 -9.04668e-15 0)
(1 -3.73571e-16 0)
(1 -2.93876e-15 0)
(1 4.1273e-15 0)
(1 -5.4872e-16 0)
(1 3.00729e-15 0)
(1 1.97403e-15 0)
(1 1.24469e-15 0)
(1 3.25189e-15 0)
(1 2.55079e-15 0)
(1 -2.02942e-15 0)
(1 -3.34764e-15 0)
(1 5.37062e-16 0)
(1 2.10692e-15 0)
(1 4.70181e-15 0)
(1 6.79704e-15 0)
(1 4.37037e-15 0)
(1 -4.81699e-17 0)
(1 -3.75833e-15 0)
(1 -3.49622e-15 0)
(1 -2.01893e-15 0)
(1 -2.07717e-16 0)
(1 1.95602e-15 0)
(1 -1.37091e-15 0)
(1 6.76774e-17 0)
(1 -8.40784e-16 0)
(1 -1.76319e-16 0)
(1 -3.34025e-16 0)
(1 8.05452e-16 0)
(1 1.29289e-15 0)
(1 3.77146e-15 0)
(1 1.08328e-15 0)
(1 1.77795e-15 0)
(1 -7.03298e-16 0)
(1 -3.20334e-15 0)
(1 -1.97566e-15 0)
(1 1.9811e-15 0)
(1 1.73475e-15 0)
(1 2.24408e-15 0)
(1 2.33524e-15 0)
(1 1.26109e-15 0)
(1 1.93809e-15 0)
(1 -1.17535e-15 0)
(1 -5.12277e-16 0)
(1 -1.6049e-15 0)
(1 -1.55592e-15 0)
(1 1.31687e-15 0)
(1 -1.67272e-15 0)
(1 2.28239e-16 0)
(1 -3.45937e-15 0)
(1 -3.0177e-16 0)
(1 2.90726e-16 0)
(1 -2.56292e-15 0)
(1 -5.6387e-15 0)
(1 -2.05043e-15 0)
(1 -1.51426e-15 0)
(1 1.30684e-15 0)
(1 1.65124e-15 0)
(1 2.16024e-15 0)
(1 1.68854e-15 0)
(1 -9.02878e-16 0)
(1 4.70768e-16 0)
(1 -6.86354e-16 0)
(1 -1.57725e-15 0)
(1 -5.44038e-16 0)
(1 -1.39338e-15 0)
(1 1.03905e-15 0)
(1 1.98438e-15 0)
(1 3.46279e-15 0)
(1 -2.83059e-17 0)
(1 1.79176e-15 0)
(1 -3.52484e-15 0)
(1 -1.96911e-15 0)
(1 -8.09735e-16 0)
(1 -1.33042e-15 0)
(1 -1.6581e-15 0)
(1 -9.91784e-16 0)
(1 7.81096e-16 0)
(1 -3.3738e-16 0)
(1 2.40195e-15 0)
(1 -6.81633e-16 0)
(1 9.22646e-16 0)
(1 4.06727e-15 0)
(1 -8.40527e-17 0)
(1 -2.94852e-15 0)
(1 1.76416e-15 0)
(1 -2.39641e-15 0)
(1 -5.28711e-16 0)
(1 -4.35502e-15 0)
(1 1.31261e-15 0)
(1 2.40475e-15 0)
(1 6.24373e-15 0)
(1 6.52512e-15 0)
(1 5.17103e-15 0)
(1 -4.70155e-15 0)
(1 -4.64334e-15 0)
(1 -6.09859e-15 0)
(1 2.63811e-16 0)
(1 -4.44931e-15 0)
(1 -2.72553e-15 0)
(1 -7.67377e-15 0)
(1 -8.30762e-16 0)
(1 -5.22435e-15 0)
(1 3.98157e-15 0)
(1 -1.81279e-15 0)
(1 1.14121e-15 0)
(1 3.76541e-16 0)
(1 2.16996e-15 0)
(1 2.81222e-15 0)
(1 6.31926e-15 0)
(1 -5.49217e-16 0)
(1 -2.80983e-15 0)
(1 1.34986e-15 0)
(1 -2.36565e-17 0)
(1 3.88926e-15 0)
(1 4.82687e-15 0)
(1 4.91206e-15 0)
(1 -2.86321e-15 0)
(1 -5.44885e-15 0)
(1 -5.10624e-15 0)
(1 -1.84409e-15 0)
(1 8.45808e-16 0)
(1 9.2906e-16 0)
(1 -5.92453e-16 0)
(1 -2.96527e-15 0)
(1 -1.47864e-15 0)
(1 -4.04803e-16 0)
(1 2.41446e-15 0)
(1 -2.50493e-15 0)
(1 -2.08364e-15 0)
(1 8.14063e-16 0)
(1 -1.41912e-15 0)
(1 2.44126e-15 0)
(1 2.79437e-15 0)
(1 1.67335e-15 0)
(1 1.64901e-15 0)
(1 2.3491e-15 0)
(1 -1.6888e-15 0)
(1 5.32889e-16 0)
(1 -1.28927e-15 0)
(1 3.50729e-16 0)
(1 3.04359e-15 0)
(1 1.12006e-15 0)
(1 1.66359e-15 0)
(1 -1.98588e-15 0)
(1 -2.74773e-15 0)
(1 -5.25636e-16 0)
(1 -3.23501e-15 0)
(1 -1.06486e-15 0)
(1 -7.05325e-16 0)
(1 2.26495e-15 0)
(1 3.87246e-15 0)
(1 1.32316e-15 0)
(1 -9.9197e-16 0)
(1 -1.87229e-15 0)
(1 1.06258e-15 0)
(1 2.50325e-15 0)
(1 4.04042e-15 0)
(1 2.46396e-15 0)
(1 2.75283e-15 0)
(1 -3.97909e-15 0)
(1 5.63673e-17 0)
(1 2.24114e-15 0)
(1 7.93541e-16 0)
(1 1.11358e-15 0)
(1 -5.88982e-16 0)
(1 -1.50134e-15 0)
(1 -2.38528e-15 0)
(1 -2.48397e-16 0)
(1 6.63054e-16 0)
(1 2.79859e-15 0)
(1 -5.40621e-15 0)
(1 -2.57784e-15 0)
(1 -2.48343e-15 0)
(1 9.48431e-16 0)
(1 -1.9578e-15 0)
(1 4.5563e-16 0)
(1 -1.28433e-15 0)
(1 -1.75597e-15 0)
(1 7.04872e-16 0)
(1 -2.89997e-15 0)
(1 -2.00953e-15 0)
(1 -2.29882e-15 0)
(1 3.18771e-15 0)
(1 5.16182e-16 0)
(1 2.82873e-15 0)
(1 3.97306e-16 0)
(1 1.28267e-15 0)
(1 4.4826e-17 0)
(1 -4.68666e-16 0)
(1 3.11057e-15 0)
(1 3.60786e-15 0)
(1 1.00326e-14 0)
(1 1.70354e-15 0)
(1 -1.02725e-15 0)
(1 -6.1721e-15 0)
(1 -2.49284e-16 0)
(1 -1.71848e-15 0)
(1 -2.4483e-15 0)
(1 2.35279e-16 0)
(1 1.32766e-15 0)
(1 -5.22178e-15 0)
(1 -4.26339e-15 0)
(1 1.73369e-15 0)
(1 1.8452e-15 0)
(1 5.56441e-15 0)
(1 7.47704e-15 0)
(1 8.02502e-15 0)
(1 4.96388e-15 0)
(1 4.15993e-15 0)
(1 3.95776e-16 0)
(1 1.4893e-16 0)
(1 -3.36682e-15 0)
(1 -1.15173e-15 0)
(1 -4.67612e-16 0)
(1 3.62364e-16 0)
(1 4.4313e-15 0)
(1 -9.11157e-16 0)
(1 -1.6585e-15 0)
(1 -2.32814e-15 0)
(1 -2.44581e-15 0)
(1 -4.7253e-15 0)
(1 -2.96041e-15 0)
(1 -6.036e-16 0)
(1 -1.62241e-15 0)
(1 2.15677e-15 0)
(1 -1.46177e-16 0)
(1 -2.38907e-15 0)
(1 -2.35132e-15 0)
(1 1.68987e-16 0)
(1 9.98352e-16 0)
(1 2.62967e-15 0)
(1 2.54529e-15 0)
(1 5.35875e-15 0)
(1 6.95989e-15 0)
(1 2.82346e-15 0)
(1 -1.23003e-15 0)
(1 -4.07533e-15 0)
(1 -3.82387e-15 0)
(1 -1.03049e-15 0)
(1 2.57204e-15 0)
(1 1.33588e-15 0)
(1 1.32123e-15 0)
(1 1.12274e-15 0)
(1 -2.53253e-16 0)
(1 -1.39447e-15 0)
(1 -1.73796e-15 0)
(1 -1.25286e-15 0)
(1 -1.31343e-15 0)
(1 3.92874e-17 0)
(1 -3.94803e-16 0)
(1 -7.66911e-16 0)
(1 1.24665e-15 0)
(1 5.21584e-17 0)
(1 -5.71872e-16 0)
(1 5.21352e-16 0)
(1 -1.9915e-16 0)
(1 3.93387e-16 0)
(1 -3.6913e-16 0)
(1 -1.66752e-16 0)
(1 -2.43284e-15 0)
(1 -3.42231e-15 0)
(1 -3.04682e-16 0)
(1 2.4777e-15 0)
(1 6.92268e-16 0)
(1 1.96125e-15 0)
(1 -7.01814e-16 0)
(1 -3.36647e-15 0)
(1 -1.25459e-15 0)
(1 -3.99172e-16 0)
(1 -5.20863e-17 0)
(1 -1.11289e-15 0)
(1 -2.08998e-15 0)
(1 -1.84408e-15 0)
(1 -1.14341e-16 0)
(1 -2.11621e-15 0)
(1 -1.34359e-15 0)
(1 -1.99295e-15 0)
(1 -9.75014e-16 0)
(1 2.36892e-15 0)
(1 -5.53712e-15 0)
(1 -4.15285e-15 0)
(1 -6.95665e-15 0)
(1 4.60264e-15 0)
(1 4.31088e-15 0)
(1 5.88239e-15 0)
(1 2.32102e-16 0)
(1 -8.5101e-16 0)
(1 -1.32726e-15 0)
(1 4.17e-15 0)
(1 5.3116e-15 0)
(1 5.43589e-15 0)
(1 6.43322e-15 0)
(1 1.86848e-15 0)
(1 1.53726e-15 0)
(1 -3.09647e-15 0)
(1 -2.38376e-15 0)
(1 -7.03743e-15 0)
(1 -2.42634e-15 0)
(1 -5.48514e-17 0)
(1 5.36044e-16 0)
(1 2.55258e-16 0)
(1 4.85187e-15 0)
(1 3.33541e-15 0)
(1 2.68359e-15 0)
(1 4.5468e-15 0)
(1 7.7091e-15 0)
(1 9.00778e-15 0)
(1 4.88418e-15 0)
(1 2.56033e-15 0)
(1 -2.32937e-16 0)
(1 -2.69838e-16 0)
(1 -3.45493e-15 0)
(1 3.90772e-17 0)
(1 -1.81248e-15 0)
(1 8.4191e-16 0)
(1 -2.75354e-17 0)
(1 2.94038e-15 0)
(1 2.1251e-15 0)
(1 1.18685e-15 0)
(1 -2.73794e-15 0)
(1 -5.10938e-15 0)
(1 -2.65374e-15 0)
(1 -1.55781e-15 0)
(1 3.03767e-15 0)
(1 4.67595e-15 0)
(1 1.7031e-15 0)
(1 -1.82688e-15 0)
(1 2.25328e-15 0)
(1 1.69065e-15 0)
(1 3.06472e-16 0)
(1 2.18423e-16 0)
(1 -1.20109e-15 0)
(1 -4.30843e-16 0)
(1 2.39255e-15 0)
(1 9.28169e-16 0)
(1 -2.61977e-15 0)
(1 -3.97854e-15 0)
(1 -1.4462e-15 0)
(1 2.23161e-15 0)
(1 4.08774e-15 0)
(1 2.0158e-15 0)
(1 3.29678e-15 0)
(1 8.27419e-16 0)
(1 -2.02536e-15 0)
(1 -3.27326e-15 0)
(1 -4.39477e-15 0)
(1 -3.12958e-15 0)
(1 -1.44882e-15 0)
(1 -1.74756e-15 0)
(1 -8.61467e-16 0)
(1 -2.51067e-15 0)
(1 -2.80109e-15 0)
(1 -8.77282e-16 0)
(1 9.24719e-16 0)
(1 1.37657e-15 0)
(1 -1.10445e-15 0)
(1 2.79303e-15 0)
(1 -1.44441e-15 0)
(1 1.35151e-15 0)
(1 2.39043e-15 0)
(1 -2.56735e-15 0)
(1 -1.27355e-15 0)
(1 5.32423e-16 0)
(1 1.86328e-15 0)
(1 5.07989e-15 0)
(1 2.49575e-15 0)
(1 2.05329e-15 0)
(1 1.96154e-16 0)
(1 -6.14391e-17 0)
(1 -1.08438e-15 0)
(1 8.75441e-16 0)
(1 -2.56809e-16 0)
(1 -2.42679e-15 0)
(1 -4.77641e-15 0)
(1 -5.49922e-15 0)
(1 -4.80497e-15 0)
(1 -2.5825e-15 0)
(1 -6.68518e-16 0)
(1 3.49388e-15 0)
(1 -1.8115e-15 0)
(1 -4.99986e-15 0)
(1 -6.07599e-16 0)
(1 3.32603e-15 0)
(1 1.5143e-15 0)
(1 8.5889e-16 0)
(1 -3.37325e-15 0)
(1 -5.89864e-15 0)
(1 -3.47141e-15 0)
(1 4.50013e-15 0)
(1 8.88956e-16 0)
(1 7.6338e-15 0)
(1 8.20009e-16 0)
(1 7.63167e-15 0)
(1 2.89098e-15 0)
(1 1.67329e-15 0)
(1 -8.38852e-15 0)
(1 -6.23354e-15 0)
(1 -9.35307e-15 0)
(1 -1.75442e-15 0)
(1 -2.70865e-15 0)
(1 6.2579e-15 0)
(1 1.06873e-14 0)
(1 9.58739e-15 0)
(1 5.83685e-15 0)
(1 6.43139e-15 0)
(1 4.05952e-15 0)
(1 6.91685e-15 0)
(1 3.72535e-15 0)
(1 9.84757e-16 0)
(1 2.06421e-15 0)
(1 2.41113e-15 0)
(1 -4.22105e-16 0)
(1 -3.80015e-15 0)
(1 -6.63647e-15 0)
(1 -2.33855e-15 0)
(1 -4.88761e-15 0)
(1 -2.73287e-16 0)
(1 1.01004e-15 0)
(1 -2.19055e-15 0)
(1 -3.03284e-15 0)
(1 -2.72651e-15 0)
(1 -2.1591e-15 0)
(1 -1.66112e-15 0)
(1 2.0429e-16 0)
(1 1.57008e-15 0)
(1 2.08776e-15 0)
(1 3.29862e-15 0)
(1 4.4973e-15 0)
(1 -9.77754e-16 0)
(1 -4.15774e-16 0)
(1 -1.47429e-15 0)
(1 1.12659e-15 0)
(1 3.34401e-15 0)
(1 4.7282e-15 0)
(1 3.96547e-15 0)
(1 2.54191e-17 0)
(1 1.26863e-15 0)
(1 7.32955e-16 0)
(1 2.12601e-17 0)
(1 -1.52163e-15 0)
(1 2.06555e-15 0)
(1 1.79283e-15 0)
(1 1.25242e-15 0)
(1 1.25093e-18 0)
(1 3.21174e-17 0)
(1 -3.76167e-15 0)
(1 -2.94906e-16 0)
(1 -1.9918e-15 0)
(1 3.17336e-16 0)
(1 1.09705e-15 0)
(1 9.22883e-16 0)
(1 -2.04935e-15 0)
(1 2.03105e-15 0)
(1 1.78312e-15 0)
(1 1.93478e-15 0)
(1 1.6268e-15 0)
(1 5.38823e-15 0)
(1 1.57951e-15 0)
(1 1.00751e-15 0)
(1 -1.63048e-15 0)
(1 9.3509e-16 0)
(1 2.201e-15 0)
(1 1.69814e-15 0)
(1 3.65224e-15 0)
(1 1.51425e-15 0)
(1 -1.55399e-15 0)
(1 -2.76908e-17 0)
(1 -3.75749e-15 0)
(1 1.07924e-15 0)
(1 -1.33562e-15 0)
(1 -1.08883e-16 0)
(1 1.57057e-15 0)
(1 -2.17852e-15 0)
(1 -2.42149e-15 0)
(1 -4.23708e-15 0)
(1 -1.58122e-15 0)
(1 -1.12489e-15 0)
(1 2.2506e-16 0)
(1 -2.10935e-15 0)
(1 9.10025e-16 0)
(1 -2.95157e-15 0)
(1 3.47836e-16 0)
(1 -1.45822e-15 0)
(1 2.71663e-15 0)
(1 -4.8603e-15 0)
(1 -3.77939e-15 0)
(1 -1.18007e-15 0)
(1 1.49095e-15 0)
(1 2.10017e-15 0)
(1 1.73235e-15 0)
(1 4.30481e-15 0)
(1 -8.22703e-17 0)
(1 5.03742e-15 0)
(1 3.11308e-15 0)
(1 2.94716e-15 0)
(1 -2.67631e-15 0)
(1 -7.67904e-16 0)
(1 -3.50596e-15 0)
(1 2.4795e-15 0)
(1 6.10839e-15 0)
(1 6.69705e-15 0)
(1 2.84174e-15 0)
(1 4.43253e-15 0)
(1 5.25238e-16 0)
(1 2.991e-15 0)
(1 6.43118e-15 0)
(1 5.26265e-15 0)
(1 7.1818e-15 0)
(1 -2.776e-15 0)
(1 1.12376e-15 0)
(1 -3.15342e-15 0)
(1 1.22907e-15 0)
(1 1.36324e-15 0)
(1 1.27006e-15 0)
(1 2.22021e-15 0)
(1 1.20608e-15 0)
(1 -2.30085e-15 0)
(1 -1.81001e-15 0)
(1 -2.29223e-15 0)
(1 -9.18207e-16 0)
(1 3.78871e-15 0)
(1 3.09333e-15 0)
(1 1.80377e-15 0)
(1 -3.60894e-15 0)
(1 -2.55167e-15 0)
(1 -2.43473e-15 0)
(1 7.09165e-16 0)
(1 2.84133e-15 0)
(1 3.77018e-15 0)
(1 3.80352e-15 0)
(1 -9.10517e-16 0)
(1 7.01078e-17 0)
(1 3.62798e-15 0)
(1 3.662e-15 0)
(1 6.48544e-16 0)
(1 2.87867e-16 0)
(1 8.2143e-15 0)
(1 3.48969e-15 0)
(1 3.69686e-15 0)
(1 3.55684e-16 0)
(1 -7.38117e-17 0)
(1 -3.32073e-15 0)
(1 6.976e-17 0)
(1 3.63094e-15 0)
(1 4.60732e-15 0)
(1 7.23202e-15 0)
(1 9.90156e-15 0)
(1 1.0575e-14 0)
(1 3.59456e-15 0)
(1 -2.61853e-15 0)
(1 -7.05845e-16 0)
(1 -1.59728e-15 0)
(1 -3.69031e-15 0)
(1 -4.355e-15 0)
(1 -4.3062e-15 0)
(1 2.92859e-17 0)
(1 4.97955e-16 0)
(1 8.17963e-15 0)
(1 3.87014e-15 0)
(1 3.44051e-15 0)
(1 3.95794e-15 0)
(1 -9.31675e-16 0)
(1 -1.39025e-15 0)
(1 -1.02022e-15 0)
(1 -2.33671e-15 0)
(1 -7.60876e-16 0)
(1 -1.8412e-15 0)
(1 -1.25628e-15 0)
(1 -2.40381e-15 0)
(1 1.7243e-17 0)
(1 -6.75979e-16 0)
(1 8.72443e-17 0)
(1 3.38183e-16 0)
(1 2.71916e-16 0)
(1 2.71127e-15 0)
(1 4.01761e-15 0)
(1 6.29881e-15 0)
(1 4.61079e-15 0)
(1 -1.9527e-15 0)
(1 -1.75377e-15 0)
(1 3.01357e-15 0)
(1 3.3068e-15 0)
(1 -3.17477e-15 0)
(1 -8.87896e-16 0)
(1 -6.14052e-15 0)
(1 -4.54371e-15 0)
(1 7.92495e-16 0)
(1 3.22237e-15 0)
(1 1.26345e-15 0)
(1 -7.42868e-16 0)
(1 1.72123e-15 0)
(1 1.2132e-15 0)
(1 4.66695e-15 0)
(1 1.06904e-15 0)
(1 4.76473e-15 0)
(1 2.37682e-15 0)
(1 2.96763e-15 0)
(1 1.04369e-14 0)
(1 3.05462e-15 0)
(1 6.06125e-15 0)
(1 -1.09216e-15 0)
(1 -5.19847e-15 0)
(1 -6.51789e-15 0)
(1 -2.63971e-15 0)
(1 -1.39043e-15 0)
(1 6.21362e-15 0)
(1 4.72449e-15 0)
(1 6.49954e-15 0)
(1 8.33051e-15 0)
(1 3.29525e-15 0)
(1 -3.72577e-15 0)
(1 -3.84084e-15 0)
(1 4.60203e-16 0)
(1 2.31799e-15 0)
(1 6.8354e-16 0)
(1 2.26123e-15 0)
(1 2.77686e-15 0)
(1 -1.05546e-16 0)
(1 2.65262e-15 0)
(1 1.65284e-15 0)
(1 5.91851e-15 0)
(1 4.06138e-15 0)
(1 1.47486e-16 0)
(1 -6.39786e-15 0)
(1 -6.80797e-15 0)
(1 -1.18023e-15 0)
(1 6.61883e-15 0)
(1 4.72769e-15 0)
(1 5.2323e-15 0)
(1 1.4378e-15 0)
(1 -1.98988e-15 0)
(1 -1.4265e-15 0)
(1 -5.40018e-16 0)
(1 2.56164e-15 0)
(1 2.66828e-15 0)
(1 1.55778e-15 0)
(1 5.26728e-16 0)
(1 3.80132e-15 0)
(1 4.63769e-15 0)
(1 4.28513e-15 0)
(1 1.06698e-15 0)
(1 8.26819e-16 0)
(1 -6.58683e-16 0)
(1 3.8194e-16 0)
(1 -3.21979e-17 0)
(1 3.21646e-15 0)
(1 1.41909e-15 0)
(1 2.71493e-15 0)
(1 6.61654e-16 0)
(1 -2.771e-15 0)
(1 -1.31297e-15 0)
(1 1.35422e-15 0)
(1 2.9459e-15 0)
(1 2.55645e-15 0)
(1 3.90642e-15 0)
(1 4.17675e-15 0)
(1 2.32803e-15 0)
(1 4.68864e-15 0)
(1 3.79062e-15 0)
(1 3.75099e-15 0)
(1 2.85087e-15 0)
(1 7.00529e-16 0)
(1 1.26064e-15 0)
(1 2.04432e-15 0)
(1 3.92234e-15 0)
(1 3.27062e-15 0)
(1 1.22289e-15 0)
(1 2.32561e-15 0)
(1 1.04612e-15 0)
(1 3.48054e-15 0)
(1 2.57401e-15 0)
(1 1.81946e-15 0)
(1 1.68928e-15 0)
(1 2.75744e-15 0)
(1 6.00993e-15 0)
(1 5.46939e-15 0)
(1 5.06833e-15 0)
(1 5.94163e-15 0)
(1 -2.51464e-15 0)
(1 1.94141e-15 0)
(1 -2.91354e-15 0)
(1 4.78687e-15 0)
(1 -1.09228e-15 0)
(1 -2.64804e-15 0)
(1 -3.91373e-16 0)
(1 -4.38546e-15 0)
(1 -1.63625e-15 0)
(1 -2.17962e-15 0)
(1 -3.71314e-15 0)
(1 -2.73695e-15 0)
(1 1.04894e-15 0)
(1 7.11212e-15 0)
(1 6.26942e-15 0)
(1 4.84778e-15 0)
(1 2.05808e-15 0)
(1 4.1163e-15 0)
(1 3.15051e-15 0)
(1 9.32712e-15 0)
(1 -1.71173e-15 0)
(1 -2.30024e-15 0)
(1 -5.33047e-15 0)
(1 -2.34387e-15 0)
(1 -4.40651e-15 0)
(1 4.62379e-15 0)
(1 2.95744e-15 0)
(1 5.97198e-15 0)
(1 -2.59621e-16 0)
(1 -4.81949e-16 0)
(1 2.84622e-15 0)
(1 2.02578e-15 0)
(1 -3.32201e-16 0)
(1 -1.08223e-15 0)
(1 -1.56265e-15 0)
(1 3.22244e-16 0)
(1 8.04252e-16 0)
(1 3.91437e-15 0)
(1 6.51321e-15 0)
(1 -1.18583e-15 0)
(1 -1.84711e-15 0)
(1 -2.26627e-15 0)
(1 1.31237e-16 0)
(1 3.40669e-15 0)
(1 5.90774e-15 0)
(1 3.72523e-15 0)
(1 -5.57362e-16 0)
(1 1.2066e-15 0)
(1 6.60657e-17 0)
(1 7.19607e-16 0)
(1 -5.72424e-16 0)
(1 2.3079e-15 0)
(1 8.79152e-15 0)
(1 6.21241e-15 0)
(1 3.16214e-15 0)
(1 5.16966e-16 0)
(1 4.77053e-15 0)
(1 2.48968e-15 0)
(1 -2.25657e-15 0)
(1 1.05152e-15 0)
(1 5.89061e-15 0)
(1 3.78885e-15 0)
(1 4.67704e-15 0)
(1 8.6438e-16 0)
(1 3.8067e-15 0)
(1 2.77593e-15 0)
(1 3.85422e-15 0)
(1 2.24932e-15 0)
(1 2.54252e-16 0)
(1 -2.9689e-15 0)
(1 2.24804e-15 0)
(1 6.09275e-15 0)
(1 4.09128e-15 0)
(1 3.74597e-15 0)
(1 5.19808e-15 0)
(1 6.54201e-15 0)
(1 5.26321e-15 0)
(1 5.45286e-15 0)
(1 1.92633e-15 0)
(1 6.05356e-17 0)
(1 -2.10034e-15 0)
(1 -2.29228e-15 0)
(1 -1.0158e-15 0)
(1 1.5436e-15 0)
(1 3.29985e-15 0)
(1 2.99427e-15 0)
(1 5.84184e-16 0)
(1 7.52416e-16 0)
(1 7.08268e-16 0)
(1 1.2375e-15 0)
(1 3.17743e-15 0)
(1 -7.97617e-16 0)
(1 1.93162e-15 0)
(1 1.76516e-15 0)
(1 1.84501e-15 0)
(1 2.93319e-15 0)
(1 4.08002e-15 0)
(1 7.0942e-15 0)
(1 5.74761e-15 0)
(1 1.0367e-14 0)
(1 -1.59622e-15 0)
(1 1.05547e-15 0)
(1 -9.72841e-16 0)
(1 -7.0705e-15 0)
(1 -3.45402e-15 0)
(1 -3.70656e-15 0)
(1 7.63347e-16 0)
(1 -3.51399e-16 0)
(1 -4.55653e-15 0)
(1 -1.02313e-15 0)
(1 -6.35022e-17 0)
(1 4.88462e-15 0)
(1 3.59072e-15 0)
(1 8.48616e-15 0)
(1 1.32524e-16 0)
(1 6.84781e-15 0)
(1 2.31312e-15 0)
(1 1.33066e-14 0)
(1 3.35647e-15 0)
(1 -4.0618e-16 0)
(1 -3.639e-15 0)
(1 -5.50758e-17 0)
(1 1.20806e-15 0)
(1 2.41508e-15 0)
(1 -1.97876e-15 0)
(1 6.95833e-16 0)
(1 -2.84075e-15 0)
(1 -1.74606e-15 0)
(1 -4.50138e-15 0)
(1 -2.91663e-15 0)
(1 -8.93886e-15 0)
(1 -2.63192e-15 0)
(1 -1.52864e-15 0)
(1 5.69095e-15 0)
(1 2.16004e-15 0)
(1 5.54898e-15 0)
(1 3.14716e-15 0)
(1 2.02767e-15 0)
(1 1.86359e-15 0)
(1 -1.93474e-16 0)
(1 -1.08055e-15 0)
(1 6.02553e-15 0)
(1 4.97495e-15 0)
(1 9.24223e-15 0)
(1 1.19904e-14 0)
(1 1.25055e-14 0)
(1 4.37588e-15 0)
(1 -2.78685e-15 0)
(1 -6.20458e-15 0)
(1 -5.97342e-15 0)
(1 -1.07117e-15 0)
(1 3.31727e-15 0)
(1 6.68697e-15 0)
(1 3.82755e-15 0)
(1 1.06835e-15 0)
(1 5.07685e-16 0)
(1 2.56745e-15 0)
(1 6.31642e-15 0)
(1 4.21239e-15 0)
(1 4.80704e-15 0)
(1 3.34256e-15 0)
(1 3.11054e-15 0)
(1 -3.25475e-15 0)
(1 -3.70992e-15 0)
(1 6.27492e-16 0)
(1 6.92526e-15 0)
(1 1.15379e-14 0)
(1 1.4231e-14 0)
(1 1.08238e-14 0)
(1 1.20793e-14 0)
(1 4.61963e-15 0)
(1 8.43979e-15 0)
(1 4.68173e-15 0)
(1 1.52375e-15 0)
(1 -2.6577e-15 0)
(1 -1.81907e-15 0)
(1 5.71098e-16 0)
(1 1.28612e-15 0)
(1 2.78785e-15 0)
(1 5.2486e-15 0)
(1 2.2016e-15 0)
(1 7.2657e-15 0)
(1 2.76335e-15 0)
(1 6.94444e-16 0)
(1 -2.26511e-15 0)
(1 -3.542e-15 0)
(1 -7.11488e-16 0)
(1 -4.72102e-16 0)
(1 1.25217e-15 0)
(1 6.53499e-16 0)
(1 9.84525e-16 0)
(1 2.79047e-16 0)
(1 4.68004e-15 0)
(1 4.45622e-15 0)
(1 1.04878e-14 0)
(1 7.35085e-15 0)
(1 1.19923e-14 0)
(1 1.46327e-14 0)
(1 1.6246e-14 0)
(1 1.67076e-14 0)
(1 1.56754e-15 0)
(1 1.00101e-15 0)
(1 3.63641e-15 0)
(1 -1.74903e-16 0)
(1 -4.78795e-15 0)
(1 -2.29721e-15 0)
(1 4.4182e-17 0)
(1 4.94088e-15 0)
(1 1.08066e-16 0)
(1 -1.76554e-15 0)
(1 2.07285e-15 0)
(1 1.92577e-15 0)
(1 2.96473e-15 0)
(1 -1.06555e-15 0)
(1 1.43795e-16 0)
(1 -1.84578e-15 0)
(1 4.39434e-15 0)
(1 4.24077e-15 0)
(1 1.26995e-16 0)
(1 -7.3284e-15 0)
(1 -4.41907e-15 0)
(1 -2.90023e-15 0)
(1 3.12463e-15 0)
(1 2.08004e-15 0)
(1 4.81434e-15 0)
(1 3.11684e-15 0)
(1 3.44635e-15 0)
(1 -3.59859e-15 0)
(1 -4.24944e-16 0)
(1 -9.6897e-16 0)
(1 -2.35689e-15 0)
(1 -4.44114e-15 0)
(1 -2.07973e-15 0)
(1 -4.69644e-16 0)
(1 -2.64228e-15 0)
(1 7.68766e-16 0)
(1 -6.26969e-16 0)
(1 1.56224e-15 0)
(1 -2.12724e-15 0)
(1 2.20263e-15 0)
(1 2.4512e-15 0)
(1 7.1881e-15 0)
(1 5.71996e-15 0)
(1 8.01793e-15 0)
(1 1.91778e-15 0)
(1 3.52808e-15 0)
(1 -2.69518e-16 0)
(1 -2.20921e-15 0)
(1 3.19388e-15 0)
(1 1.93953e-15 0)
(1 7.3755e-15 0)
(1 4.26897e-15 0)
(1 3.07896e-15 0)
(1 9.62619e-16 0)
(1 3.79062e-15 0)
(1 5.27533e-15 0)
(1 4.40887e-15 0)
(1 5.69671e-15 0)
(1 4.38696e-15 0)
(1 5.32013e-15 0)
(1 5.06642e-15 0)
(1 4.76034e-15 0)
(1 6.51633e-15 0)
(1 7.87751e-15 0)
(1 1.6679e-15 0)
(1 1.56566e-15 0)
(1 7.46023e-15 0)
(1 9.34972e-15 0)
(1 1.16076e-14 0)
(1 8.21978e-15 0)
(1 3.45702e-15 0)
(1 4.38966e-15 0)
(1 1.06365e-16 0)
(1 2.4581e-15 0)
(1 -7.253e-16 0)
(1 2.41596e-15 0)
(1 5.01533e-15 0)
(1 5.58724e-15 0)
(1 7.00811e-15 0)
(1 5.078e-15 0)
(1 2.72917e-15 0)
(1 1.22179e-15 0)
(1 -1.72328e-15 0)
(1 -2.10181e-15 0)
(1 -1.43969e-15 0)
(1 4.71859e-16 0)
(1 4.62714e-15 0)
(1 3.58302e-17 0)
(1 2.04201e-15 0)
(1 2.05202e-15 0)
(1 2.31798e-15 0)
(1 4.08825e-15 0)
(1 5.81013e-15 0)
(1 4.28042e-15 0)
(1 9.40347e-15 0)
(1 5.09824e-15 0)
(1 1.3497e-14 0)
(1 1.35532e-14 0)
(1 2.20834e-14 0)
(1 1.81753e-14 0)
(1 3.55266e-16 0)
(1 -1.38468e-15 0)
(1 -9.58098e-16 0)
(1 2.40957e-15 0)
(1 -1.79247e-15 0)
(1 -1.26337e-15 0)
(1 6.89042e-16 0)
(1 -1.45373e-15 0)
(1 7.79751e-16 0)
(1 -8.01222e-15 0)
(1 -4.41158e-15 0)
(1 -4.06851e-15 0)
(1 -8.25399e-16 0)
(1 8.87327e-17 0)
(1 6.97602e-15 0)
(1 7.47158e-15 0)
(1 1.01734e-14 0)
(1 -2.00692e-15 0)
(1 3.12829e-16 0)
(1 -4.89238e-15 0)
(1 1.57939e-15 0)
(1 -2.31768e-15 0)
(1 -2.13427e-15 0)
(1 -6.4126e-15 0)
(1 -2.67715e-15 0)
(1 -8.28173e-16 0)
(1 4.43845e-15 0)
(1 1.94148e-15 0)
(1 3.89619e-15 0)
(1 2.15757e-16 0)
(1 1.24098e-15 0)
(1 -6.97241e-15 0)
(1 -2.92756e-15 0)
(1 -1.55666e-15 0)
(1 1.3573e-15 0)
(1 1.12308e-15 0)
(1 2.22547e-15 0)
(1 4.66241e-15 0)
(1 2.66136e-15 0)
(1 2.34734e-15 0)
(1 4.91472e-15 0)
(1 -1.02069e-15 0)
(1 6.77829e-15 0)
(1 1.4109e-15 0)
(1 3.98325e-16 0)
(1 8.80994e-16 0)
(1 3.67385e-15 0)
(1 3.54466e-16 0)
(1 3.49826e-15 0)
(1 2.52202e-15 0)
(1 5.30149e-15 0)
(1 4.1294e-15 0)
(1 7.263e-15 0)
(1 3.88971e-15 0)
(1 7.48923e-15 0)
(1 3.12849e-15 0)
(1 6.38128e-15 0)
(1 1.43348e-15 0)
(1 6.27949e-15 0)
(1 9.69482e-16 0)
(1 8.60222e-15 0)
(1 1.00488e-15 0)
(1 6.45212e-15 0)
(1 3.38139e-15 0)
(1 4.84862e-15 0)
(1 2.53342e-15 0)
(1 7.93171e-15 0)
(1 4.12537e-15 0)
(1 9.19907e-15 0)
(1 4.92863e-15 0)
(1 9.94194e-15 0)
(1 3.38265e-15 0)
(1 1.62732e-15 0)
(1 -1.00912e-15 0)
(1 -9.87446e-16 0)
(1 4.62108e-15 0)
(1 8.83168e-15 0)
(1 8.38877e-15 0)
(1 7.02429e-15 0)
(1 2.53462e-15 0)
(1 4.32441e-15 0)
(1 -1.9978e-15 0)
(1 4.63147e-16 0)
(1 -1.0418e-15 0)
(1 1.2456e-15 0)
(1 1.60843e-15 0)
(1 8.67624e-16 0)
(1 3.43642e-15 0)
(1 2.64133e-15 0)
(1 1.77268e-15 0)
(1 1.80222e-15 0)
(1 3.58198e-15 0)
(1 3.3483e-15 0)
(1 1.60815e-15 0)
(1 4.3747e-15 0)
(1 3.88431e-15 0)
(1 8.64028e-15 0)
(1 9.43905e-15 0)
(1 1.53818e-14 0)
(1 1.41165e-14 0)
(1 3.17625e-15 0)
(1 -5.68383e-15 0)
(1 2.10364e-15 0)
(1 -1.53108e-15 0)
(1 1.78094e-15 0)
(1 -1.75903e-15 0)
(1 -3.19027e-15 0)
(1 -2.9168e-15 0)
(1 -3.22742e-16 0)
(1 4.10425e-15 0)
(1 3.55067e-15 0)
(1 4.08898e-15 0)
(1 6.77641e-16 0)
(1 -3.1448e-15 0)
(1 -2.05398e-15 0)
(1 4.02492e-15 0)
(1 3.11709e-15 0)
(1 -3.27833e-15 0)
(1 -2.47286e-15 0)
(1 -7.33373e-15 0)
(1 -2.04629e-15 0)
(1 -1.45053e-15 0)
(1 3.82147e-16 0)
(1 2.54636e-15 0)
(1 1.29766e-15 0)
(1 3.53756e-15 0)
(1 1.08355e-15 0)
(1 1.73945e-15 0)
(1 4.65316e-15 0)
(1 3.30171e-15 0)
(1 3.08825e-17 0)
(1 -3.10317e-15 0)
(1 -2.70152e-15 0)
(1 -3.11995e-15 0)
(1 -1.98902e-15 0)
(1 -5.35646e-15 0)
(1 -2.05472e-15 0)
(1 -5.35061e-16 0)
(1 2.74561e-15 0)
(1 1.33207e-15 0)
(1 5.2167e-15 0)
(1 8.47873e-16 0)
(1 1.58108e-15 0)
(1 -4.45426e-15 0)
(1 1.65922e-15 0)
(1 7.00827e-15 0)
(1 1.05301e-14 0)
(1 7.44703e-15 0)
(1 3.78845e-15 0)
(1 1.42495e-15 0)
(1 1.74615e-15 0)
(1 4.6574e-15 0)
(1 5.39038e-15 0)
(1 1.09448e-14 0)
(1 8.73653e-15 0)
(1 3.80086e-15 0)
(1 4.8121e-16 0)
(1 7.4466e-16 0)
(1 2.08237e-15 0)
(1 4.06823e-15 0)
(1 5.83353e-15 0)
(1 8.18627e-15 0)
(1 3.93268e-15 0)
(1 -1.03858e-15 0)
(1 3.60053e-15 0)
(1 3.36269e-15 0)
(1 5.16764e-15 0)
(1 5.6961e-15 0)
(1 2.97416e-15 0)
(1 6.67774e-15 0)
(1 5.97684e-15 0)
(1 3.85172e-15 0)
(1 5.40995e-15 0)
(1 7.65112e-16 0)
(1 2.26724e-15 0)
(1 1.85181e-15 0)
(1 5.19122e-15 0)
(1 7.18802e-15 0)
(1 5.19778e-15 0)
(1 2.97334e-15 0)
(1 6.64238e-15 0)
(1 5.53208e-15 0)
(1 3.96131e-15 0)
(1 1.80347e-15 0)
(1 1.14136e-15 0)
(1 -2.20024e-15 0)
(1 -2.33294e-15 0)
(1 3.34979e-15 0)
(1 1.64695e-15 0)
(1 3.56608e-16 0)
(1 1.51392e-15 0)
(1 3.40415e-15 0)
(1 5.24194e-15 0)
(1 5.15627e-15 0)
(1 7.06624e-15 0)
(1 1.09145e-14 0)
(1 9.59074e-15 0)
(1 9.86066e-15 0)
(1 6.24911e-15 0)
(1 8.97841e-15 0)
(1 4.2832e-15 0)
(1 -5.44158e-16 0)
(1 -2.13963e-15 0)
(1 -2.54139e-15 0)
(1 1.61252e-15 0)
(1 1.60744e-15 0)
(1 -1.18958e-15 0)
(1 4.3792e-16 0)
(1 -1.37089e-15 0)
(1 3.65727e-15 0)
(1 3.91449e-15 0)
(1 6.6464e-15 0)
(1 6.02514e-15 0)
(1 2.68043e-15 0)
(1 -3.07129e-15 0)
(1 -5.17313e-15 0)
(1 -7.08144e-15 0)
(1 -3.83289e-15 0)
(1 -9.73395e-16 0)
(1 -9.32582e-16 0)
(1 -1.61718e-15 0)
(1 -6.6212e-15 0)
(1 -3.01694e-15 0)
(1 -2.32736e-15 0)
(1 1.27012e-16 0)
(1 1.17802e-15 0)
(1 4.76015e-15 0)
(1 1.70973e-15 0)
(1 -1.44503e-15 0)
(1 -3.94251e-15 0)
(1 -3.70855e-15 0)
(1 -2.69844e-15 0)
(1 -3.53241e-15 0)
(1 -1.36765e-15 0)
(1 -1.49541e-15 0)
(1 1.80163e-15 0)
(1 3.82135e-15 0)
(1 1.09546e-15 0)
(1 3.50042e-15 0)
(1 1.10206e-15 0)
(1 -4.46208e-15 0)
(1 1.72624e-15 0)
(1 -1.83987e-15 0)
(1 -5.56165e-16 0)
(1 2.20721e-15 0)
(1 5.50988e-15 0)
(1 5.32199e-15 0)
(1 1.21112e-14 0)
(1 5.60658e-15 0)
(1 6.47767e-15 0)
(1 6.27839e-16 0)
(1 3.13656e-15 0)
(1 1.25117e-15 0)
(1 5.86271e-15 0)
(1 4.5931e-15 0)
(1 3.9385e-15 0)
(1 2.23984e-15 0)
(1 9.81417e-16 0)
(1 -1.88398e-15 0)
(1 1.19156e-15 0)
(1 1.0937e-16 0)
(1 8.26444e-15 0)
(1 1.22293e-14 0)
(1 1.30697e-14 0)
(1 8.68558e-15 0)
(1 3.31182e-15 0)
(1 -3.09366e-15 0)
(1 2.03856e-16 0)
(1 -1.48881e-16 0)
(1 2.80054e-15 0)
(1 1.73388e-15 0)
(1 2.99578e-15 0)
(1 4.95177e-15 0)
(1 7.81996e-15 0)
(1 7.89549e-15 0)
(1 1.52745e-15 0)
(1 -2.70391e-15 0)
(1 3.23194e-15 0)
(1 1.5334e-15 0)
(1 3.97094e-15 0)
(1 2.78731e-15 0)
(1 5.60304e-15 0)
(1 1.99149e-15 0)
(1 4.57534e-15 0)
(1 3.02352e-15 0)
(1 2.89153e-15 0)
(1 -1.97145e-18 0)
(1 1.17251e-15 0)
(1 -2.23157e-16 0)
(1 2.13736e-15 0)
(1 1.89438e-15 0)
(1 1.39864e-15 0)
(1 -5.45836e-16 0)
(1 2.11701e-15 0)
(1 1.67319e-15 0)
(1 7.36251e-15 0)
(1 7.8865e-15 0)
(1 8.4736e-15 0)
(1 5.84171e-15 0)
(1 8.18585e-15 0)
(1 -3.28473e-15 0)
(1 8.10829e-15 0)
(1 -4.62462e-15 0)
(1 -2.18124e-15 0)
(1 2.23435e-16 0)
(1 -4.5735e-16 0)
(1 -1.36599e-15 0)
(1 3.99145e-15 0)
(1 5.33393e-15 0)
(1 3.59238e-15 0)
(1 1.39684e-15 0)
(1 3.58816e-15 0)
(1 6.51549e-16 0)
(1 4.04285e-15 0)
(1 -4.08532e-15 0)
(1 -7.36729e-15 0)
(1 -5.15329e-15 0)
(1 -3.10448e-16 0)
(1 -1.56034e-15 0)
(1 2.6134e-16 0)
(1 -3.6131e-15 0)
(1 -6.39209e-15 0)
(1 -5.06695e-15 0)
(1 -7.01123e-16 0)
(1 5.20624e-15 0)
(1 -3.70035e-15 0)
(1 -7.74681e-17 0)
(1 -1.05731e-15 0)
(1 -2.45084e-15 0)
(1 -3.55744e-15 0)
(1 -6.79639e-16 0)
(1 -7.40138e-16 0)
(1 -1.57591e-15 0)
(1 -2.71258e-15 0)
(1 4.62841e-15 0)
(1 9.18569e-15 0)
(1 5.6581e-15 0)
(1 2.68092e-15 0)
(1 3.23637e-16 0)
(1 -2.276e-15 0)
(1 -5.60546e-15 0)
(1 -2.24775e-15 0)
(1 -2.00107e-15 0)
(1 7.2743e-15 0)
(1 5.19108e-15 0)
(1 4.83736e-15 0)
(1 3.6561e-15 0)
(1 6.01945e-15 0)
(1 4.57523e-15 0)
(1 5.27632e-15 0)
(1 -9.57092e-16 0)
(1 5.41224e-16 0)
(1 4.04927e-15 0)
(1 -2.54068e-15 0)
(1 3.55605e-15 0)
(1 6.68567e-15 0)
(1 1.08149e-14 0)
(1 9.59668e-15 0)
(1 7.79172e-15 0)
(1 3.59752e-15 0)
(1 1.92865e-15 0)
(1 2.84821e-16 0)
(1 1.44555e-15 0)
(1 6.40126e-15 0)
(1 3.7928e-15 0)
(1 1.15432e-14 0)
(1 2.85611e-15 0)
(1 4.28171e-15 0)
(1 1.23935e-15 0)
(1 1.87783e-15 0)
(1 4.25252e-15 0)
(1 3.68925e-15 0)
(1 5.27712e-15 0)
(1 1.04127e-14 0)
(1 7.97324e-15 0)
(1 6.78577e-15 0)
(1 3.5699e-15 0)
(1 5.74047e-15 0)
(1 7.3471e-15 0)
(1 7.82894e-15 0)
(1 1.52618e-15 0)
(1 1.32431e-15 0)
(1 1.84943e-15 0)
(1 3.38852e-15 0)
(1 2.85624e-15 0)
(1 3.64621e-15 0)
(1 1.21271e-15 0)
(1 3.01136e-15 0)
(1 1.74805e-15 0)
(1 3.80598e-15 0)
(1 1.12445e-15 0)
(1 2.785e-15 0)
(1 4.36516e-16 0)
(1 1.71032e-15 0)
(1 3.64905e-16 0)
(1 4.40869e-15 0)
(1 8.25804e-15 0)
(1 7.12541e-15 0)
(1 1.06825e-14 0)
(1 1.13469e-14 0)
(1 7.85088e-16 0)
(1 9.04144e-16 0)
(1 5.62056e-15 0)
(1 -6.57857e-16 0)
(1 2.64684e-15 0)
(1 -4.11114e-15 0)
(1 -5.34429e-15 0)
(1 -7.33747e-15 0)
(1 2.93968e-15 0)
(1 7.86542e-15 0)
(1 4.48187e-15 0)
(1 2.72855e-15 0)
(1 -3.15649e-15 0)
(1 -2.59831e-15 0)
(1 -6.57673e-15 0)
(1 -9.24394e-15 0)
(1 -5.95544e-15 0)
(1 -5.6156e-15 0)
(1 -9.69291e-15 0)
(1 -1.7929e-15 0)
(1 -6.38822e-15 0)
(1 4.78534e-15 0)
(1 2.81154e-15 0)
(1 9.56596e-15 0)
(1 1.10186e-14 0)
(1 6.19794e-15 0)
(1 -2.71212e-15 0)
(1 -4.33958e-15 0)
(1 -4.79072e-15 0)
(1 -1.04277e-15 0)
(1 -2.12285e-15 0)
(1 -5.79433e-17 0)
(1 -8.5225e-16 0)
(1 -7.62263e-15 0)
(1 -3.18364e-15 0)
(1 9.82392e-17 0)
(1 3.5942e-15 0)
(1 4.50434e-15 0)
(1 1.02471e-15 0)
(1 7.52419e-16 0)
(1 3.38732e-15 0)
(1 1.68179e-15 0)
(1 -1.46767e-15 0)
(1 3.86104e-15 0)
(1 4.09868e-15 0)
(1 6.63901e-15 0)
(1 4.21949e-15 0)
(1 1.37306e-15 0)
(1 2.24341e-15 0)
(1 1.91579e-15 0)
(1 5.59471e-15 0)
(1 3.24956e-15 0)
(1 2.78886e-15 0)
(1 9.18631e-16 0)
(1 6.02219e-15 0)
(1 3.11732e-15 0)
(1 5.1593e-15 0)
(1 6.32565e-15 0)
(1 5.47889e-15 0)
(1 5.85332e-15 0)
(1 7.62327e-15 0)
(1 3.86811e-15 0)
(1 4.62503e-15 0)
(1 3.18687e-15 0)
(1 4.70857e-15 0)
(1 5.34307e-15 0)
(1 8.43921e-15 0)
(1 8.29937e-15 0)
(1 6.3416e-15 0)
(1 6.87788e-15 0)
(1 4.44639e-15 0)
(1 8.81707e-15 0)
(1 5.8617e-15 0)
(1 6.69656e-15 0)
(1 7.41703e-15 0)
(1 8.1633e-15 0)
(1 8.22486e-15 0)
(1 2.34695e-15 0)
(1 5.62063e-15 0)
(1 7.99584e-15 0)
(1 5.09932e-15 0)
(1 8.58343e-16 0)
(1 3.31611e-15 0)
(1 1.68353e-15 0)
(1 6.788e-16 0)
(1 -1.71153e-15 0)
(1 -1.4123e-15 0)
(1 -3.75591e-15 0)
(1 -8.14715e-17 0)
(1 -9.69538e-16 0)
(1 8.38207e-16 0)
(1 2.55914e-15 0)
(1 3.82531e-15 0)
(1 5.12875e-15 0)
(1 7.21598e-15 0)
(1 5.77303e-15 0)
(1 7.29224e-15 0)
(1 6.46289e-15 0)
(1 1.14374e-14 0)
(1 1.1278e-14 0)
(1 -1.98724e-15 0)
(1 -2.40779e-15 0)
(1 -1.91589e-15 0)
(1 4.37586e-15 0)
(1 5.83559e-16 0)
(1 2.52173e-15 0)
(1 9.65699e-15 0)
(1 4.43378e-15 0)
(1 3.70754e-16 0)
(1 -1.36065e-15 0)
(1 -4.58199e-15 0)
(1 -5.72345e-15 0)
(1 -4.8194e-15 0)
(1 -2.21422e-15 0)
(1 6.41171e-17 0)
(1 -1.11159e-15 0)
(1 -1.91329e-15 0)
(1 -1.08259e-14 0)
(1 -8.14285e-15 0)
(1 -5.00894e-15 0)
(1 3.78831e-16 0)
(1 4.86422e-15 0)
(1 1.53026e-15 0)
(1 -3.38316e-15 0)
(1 -7.15421e-15 0)
(1 2.87031e-16 0)
(1 -4.13834e-15 0)
(1 -1.13609e-15 0)
(1 -2.30242e-15 0)
(1 -1.26349e-16 0)
(1 -3.19205e-15 0)
(1 1.60259e-15 0)
(1 2.45667e-15 0)
(1 4.34251e-15 0)
(1 1.18173e-15 0)
(1 3.23644e-15 0)
(1 3.61866e-15 0)
(1 1.79879e-15 0)
(1 3.15818e-15 0)
(1 3.34434e-15 0)
(1 4.66225e-15 0)
(1 1.85698e-15 0)
(1 2.28661e-15 0)
(1 -5.59683e-15 0)
(1 -1.79381e-15 0)
(1 -4.7524e-15 0)
(1 3.09665e-16 0)
(1 1.7602e-15 0)
(1 3.74446e-15 0)
(1 4.21688e-15 0)
(1 8.47823e-15 0)
(1 6.13965e-15 0)
(1 2.14462e-15 0)
(1 1.12511e-15 0)
(1 2.59377e-15 0)
(1 1.69739e-15 0)
(1 8.33393e-15 0)
(1 6.41606e-15 0)
(1 6.27049e-15 0)
(1 1.66362e-15 0)
(1 -1.64198e-15 0)
(1 -2.26896e-15 0)
(1 3.46011e-15 0)
(1 4.93153e-15 0)
(1 6.9098e-15 0)
(1 -2.70108e-15 0)
(1 3.6005e-15 0)
(1 -5.12374e-16 0)
(1 8.93312e-15 0)
(1 6.94301e-15 0)
(1 4.95398e-15 0)
(1 6.35037e-15 0)
(1 6.71012e-15 0)
(1 4.02757e-15 0)
(1 6.8671e-15 0)
(1 3.72801e-15 0)
(1 4.50063e-15 0)
(1 1.61916e-15 0)
(1 5.79632e-15 0)
(1 5.46545e-15 0)
(1 1.64048e-15 0)
(1 2.9713e-15 0)
(1 2.11565e-15 0)
(1 3.81356e-15 0)
(1 2.1167e-15 0)
(1 1.81986e-16 0)
(1 -2.33687e-15 0)
(1 -4.04322e-15 0)
(1 -1.06256e-15 0)
(1 2.59594e-15 0)
(1 3.46795e-15 0)
(1 2.28389e-15 0)
(1 2.56985e-15 0)
(1 1.11801e-15 0)
(1 5.21279e-15 0)
(1 7.16403e-15 0)
(1 6.02175e-15 0)
(1 6.15024e-15 0)
(1 6.72374e-15 0)
(1 7.12652e-15 0)
(1 -6.59515e-15 0)
(1 2.46433e-15 0)
(1 -4.14832e-15 0)
(1 4.79887e-15 0)
(1 -2.66231e-16 0)
(1 3.36879e-17 0)
(1 2.98556e-15 0)
(1 1.05964e-14 0)
(1 9.27198e-15 0)
(1 2.99667e-15 0)
(1 9.22012e-17 0)
(1 -6.66135e-15 0)
(1 -9.29602e-15 0)
(1 -6.95165e-15 0)
(1 -1.14347e-15 0)
(1 2.0908e-15 0)
(1 -3.01808e-15 0)
(1 -5.04455e-15 0)
(1 -2.35826e-15 0)
(1 -5.10348e-15 0)
(1 1.35631e-15 0)
(1 -2.69913e-15 0)
(1 2.29592e-15 0)
(1 2.6716e-15 0)
(1 -6.03605e-15 0)
(1 -6.67283e-15 0)
(1 -5.21914e-15 0)
(1 -2.75415e-15 0)
(1 2.22924e-15 0)
(1 -2.89606e-15 0)
(1 -3.16069e-15 0)
(1 -3.82223e-15 0)
(1 -3.66904e-15 0)
(1 2.43437e-16 0)
(1 2.71693e-15 0)
(1 1.43763e-15 0)
(1 -1.116e-15 0)
(1 1.33266e-15 0)
(1 -1.36606e-15 0)
(1 -1.25218e-16 0)
(1 -1.47553e-15 0)
(1 -1.96691e-15 0)
(1 -1.66484e-15 0)
(1 -1.97959e-15 0)
(1 -1.52316e-16 0)
(1 -3.04876e-15 0)
(1 2.81951e-15 0)
(1 2.62366e-15 0)
(1 2.12557e-15 0)
(1 5.99519e-15 0)
(1 1.04467e-15 0)
(1 4.24623e-15 0)
(1 -5.60018e-16 0)
(1 3.34014e-15 0)
(1 -1.50657e-15 0)
(1 2.07246e-15 0)
(1 2.08427e-15 0)
(1 8.86324e-15 0)
(1 8.05254e-15 0)
(1 8.26983e-15 0)
(1 -4.25394e-16 0)
(1 2.07342e-15 0)
(1 1.42086e-15 0)
(1 7.04182e-15 0)
(1 5.97137e-15 0)
(1 3.37152e-15 0)
(1 6.80177e-16 0)
(1 -1.19712e-16 0)
(1 2.9029e-15 0)
(1 7.56427e-15 0)
(1 1.20709e-14 0)
(1 8.69471e-15 0)
(1 9.27238e-15 0)
(1 8.98193e-15 0)
(1 6.96949e-15 0)
(1 6.24262e-15 0)
(1 4.26436e-15 0)
(1 5.99251e-15 0)
(1 7.56141e-15 0)
(1 1.2386e-15 0)
(1 1.56668e-15 0)
(1 4.30365e-15 0)
(1 -1.76376e-15 0)
(1 7.54722e-16 0)
(1 3.62933e-16 0)
(1 3.64348e-15 0)
(1 2.7581e-15 0)
(1 5.92441e-15 0)
(1 7.86525e-16 0)
(1 6.88492e-15 0)
(1 5.7885e-15 0)
(1 2.98559e-16 0)
(1 3.32985e-15 0)
(1 2.73919e-15 0)
(1 4.75592e-15 0)
(1 7.42269e-15 0)
(1 6.24145e-15 0)
(1 4.4136e-15 0)
(1 4.56975e-15 0)
(1 5.07475e-15 0)
(1 2.04681e-15 0)
(1 2.4295e-15 0)
(1 5.47412e-15 0)
(1 -6.9117e-16 0)
(1 -4.644e-16 0)
(1 6.48798e-16 0)
(1 -5.41095e-15 0)
(1 -1.90119e-15 0)
(1 8.2214e-16 0)
(1 2.99564e-17 0)
(1 -6.95788e-16 0)
(1 -4.71134e-15 0)
(1 -5.36827e-15 0)
(1 -5.9633e-15 0)
(1 -3.40544e-15 0)
(1 5.3452e-16 0)
(1 -3.93857e-15 0)
(1 2.5215e-15 0)
(1 3.55896e-15 0)
(1 4.48263e-15 0)
(1 8.37752e-16 0)
(1 -3.98458e-15 0)
(1 -2.93141e-15 0)
(1 -3.53418e-15 0)
(1 -4.4547e-15 0)
(1 -3.88142e-15 0)
(1 5.79953e-16 0)
(1 -3.47369e-15 0)
(1 -2.10107e-15 0)
(1 -4.61795e-15 0)
(1 -4.4634e-16 0)
(1 -6.50486e-15 0)
(1 -2.87382e-15 0)
(1 -3.92744e-15 0)
(1 1.58198e-15 0)
(1 -2.57039e-15 0)
(1 -1.3179e-15 0)
(1 -2.59808e-15 0)
(1 -5.15413e-15 0)
(1 -3.18573e-15 0)
(1 -2.35938e-15 0)
(1 -3.53058e-15 0)
(1 -2.81445e-15 0)
(1 1.59624e-18 0)
(1 2.18174e-15 0)
(1 5.71182e-15 0)
(1 3.7685e-15 0)
(1 1.3417e-15 0)
(1 -3.7044e-16 0)
(1 4.6567e-15 0)
(1 1.53666e-15 0)
(1 1.62856e-15 0)
(1 1.20972e-15 0)
(1 6.67173e-15 0)
(1 5.79788e-16 0)
(1 4.44008e-16 0)
(1 -3.56388e-15 0)
(1 -1.86013e-15 0)
(1 -6.56375e-16 0)
(1 4.07854e-15 0)
(1 3.18921e-15 0)
(1 3.83026e-15 0)
(1 3.9731e-15 0)
(1 2.46803e-15 0)
(1 4.2688e-15 0)
(1 4.33969e-15 0)
(1 2.70357e-15 0)
(1 3.05679e-15 0)
(1 1.64272e-15 0)
(1 2.93781e-15 0)
(1 1.2048e-14 0)
(1 1.1232e-14 0)
(1 9.82621e-15 0)
(1 7.01432e-15 0)
(1 5.41155e-15 0)
(1 5.34311e-15 0)
(1 3.50215e-15 0)
(1 4.4021e-16 0)
(1 -2.77357e-15 0)
(1 3.35996e-15 0)
(1 1.05875e-14 0)
(1 7.88424e-15 0)
(1 5.96716e-15 0)
(1 2.19809e-15 0)
(1 4.32093e-16 0)
(1 -1.09973e-16 0)
(1 5.04956e-15 0)
(1 4.66651e-15 0)
(1 2.63016e-15 0)
(1 1.94156e-15 0)
(1 3.35156e-15 0)
(1 1.5691e-15 0)
(1 3.80541e-15 0)
(1 7.31348e-15 0)
(1 9.2162e-15 0)
(1 2.2449e-15 0)
(1 5.25016e-15 0)
(1 3.70672e-15 0)
(1 6.9849e-15 0)
(1 5.9552e-15 0)
(1 1.75215e-15 0)
(1 -5.12434e-15 0)
(1 2.10276e-15 0)
(1 -2.17415e-15 0)
(1 -3.11618e-16 0)
(1 9.03087e-15 0)
(1 1.0229e-14 0)
(1 5.23689e-15 0)
(1 1.54351e-15 0)
(1 -3.02098e-15 0)
(1 -4.10769e-15 0)
(1 -3.76082e-15 0)
(1 1.80389e-15 0)
(1 -3.01071e-15 0)
(1 -4.9216e-15 0)
(1 -7.90795e-15 0)
(1 -1.96404e-15 0)
(1 3.40927e-15 0)
(1 7.49725e-15 0)
(1 1.49505e-15 0)
(1 5.95688e-16 0)
(1 -2.8413e-15 0)
(1 -5.37657e-15 0)
(1 -7.66046e-15 0)
(1 -3.84328e-15 0)
(1 -4.54795e-15 0)
(1 -3.93833e-15 0)
(1 -4.92263e-15 0)
(1 -7.15407e-15 0)
(1 -4.79745e-15 0)
(1 -1.84288e-15 0)
(1 -3.77894e-15 0)
(1 -5.77217e-16 0)
(1 4.507e-15 0)
(1 -2.07142e-16 0)
(1 -1.46376e-15 0)
(1 -4.28199e-15 0)
(1 -6.37605e-15 0)
(1 -3.3041e-15 0)
(1 -2.5238e-16 0)
(1 4.05312e-15 0)
(1 -1.77139e-16 0)
(1 1.51993e-15 0)
(1 -2.4801e-15 0)
(1 -3.01961e-15 0)
(1 -1.35357e-15 0)
(1 -1.6117e-15 0)
(1 1.046e-15 0)
(1 7.75186e-16 0)
(1 4.49788e-16 0)
(1 2.47297e-15 0)
(1 -7.80654e-16 0)
(1 4.39938e-15 0)
(1 1.04401e-15 0)
(1 1.49132e-15 0)
(1 4.26316e-15 0)
(1 4.16981e-15 0)
(1 -2.66403e-15 0)
(1 1.44146e-15 0)
(1 2.17026e-16 0)
(1 2.68751e-15 0)
(1 1.76697e-15 0)
(1 -1.65363e-15 0)
(1 -2.81639e-15 0)
(1 -1.09775e-15 0)
(1 2.58127e-15 0)
(1 3.22921e-15 0)
(1 5.03298e-15 0)
(1 3.17257e-15 0)
(1 1.93467e-15 0)
(1 2.96425e-15 0)
(1 3.76018e-15 0)
(1 4.95619e-15 0)
(1 7.00997e-15 0)
(1 5.91039e-15 0)
(1 4.02206e-15 0)
(1 3.43664e-15 0)
(1 3.22703e-15 0)
(1 1.97365e-15 0)
(1 4.51043e-15 0)
(1 5.22794e-15 0)
(1 6.04795e-15 0)
(1 5.72804e-15 0)
(1 3.5675e-15 0)
(1 -1.8575e-15 0)
(1 -2.1986e-15 0)
(1 1.16006e-15 0)
(1 1.98064e-15 0)
(1 2.46692e-15 0)
(1 2.1598e-16 0)
(1 1.55243e-15 0)
(1 8.29169e-15 0)
(1 1.34679e-15 0)
(1 3.57115e-15 0)
(1 2.89522e-15 0)
(1 2.08298e-15 0)
(1 6.09191e-16 0)
(1 4.33133e-15 0)
(1 6.75792e-15 0)
(1 3.33858e-15 0)
(1 -1.62059e-15 0)
(1 -8.02341e-15 0)
(1 -1.13691e-15 0)
(1 -3.49616e-15 0)
(1 1.86692e-15 0)
(1 4.55605e-15 0)
(1 5.31349e-15 0)
(1 5.83943e-15 0)
(1 -9.08136e-16 0)
(1 1.1002e-15 0)
(1 1.55128e-15 0)
(1 2.85646e-15 0)
(1 1.14381e-15 0)
(1 -1.75302e-15 0)
(1 -3.50776e-15 0)
(1 -5.77467e-15 0)
(1 -9.06741e-15 0)
(1 -5.79192e-16 0)
(1 -4.50306e-18 0)
(1 2.28818e-15 0)
(1 7.4825e-16 0)
(1 2.31039e-16 0)
(1 -2.48062e-15 0)
(1 1.47882e-19 2.2214e-47)
(1 -1.61147e-15 0)
(1 -4.23917e-15 0)
(1 -7.12247e-15 0)
(1 -3.97765e-15 0)
(1 -4.86129e-15 0)
(1 -4.24485e-15 0)
(1 -7.02306e-15 0)
(1 -4.9941e-15 0)
(1 -7.62877e-15 0)
(1 -2.697e-15 0)
(1 -5.88947e-15 0)
(1 7.23513e-16 0)
(1 2.14532e-15 0)
(1 1.15229e-15 0)
(1 1.1455e-15 0)
(1 2.28531e-15 0)
(1 9.22845e-16 0)
(1 6.06656e-16 0)
(1 -2.31243e-15 0)
(1 -1.55505e-15 0)
(1 -4.39072e-15 -2.40671e-47)
(1 -1.69625e-15 0)
(1 -8.52537e-16 -2.35071e-47)
(1 4.04649e-15 0)
(1 1.53914e-15 0)
(1 -9.46133e-16 0)
(1 1.4158e-15 0)
(1 2.30408e-15 0)
(1 3.37195e-15 0)
(1 6.25113e-16 0)
(1 1.42926e-15 0)
(1 2.37919e-15 0)
(1 -4.54211e-16 0)
(1 -1.29228e-15 0)
(1 3.91948e-15 0)
(1 -6.52934e-16 0)
(1 1.42282e-15 0)
(1 -2.94241e-15 0)
(1 -3.45553e-15 0)
(1 -3.73083e-17 0)
(1 1.75975e-15 0)
(1 1.69694e-15 0)
(1 2.81432e-15 0)
(1 4.85275e-15 0)
(1 3.37678e-15 0)
(1 4.29061e-15 7.43504e-48)
(1 5.8797e-16 -6.73865e-48)
(1 1.52767e-15 -6.18007e-48)
(1 1.1918e-15 5.90361e-48)
(1 5.6127e-15 6.04437e-48)
(1 7.44377e-15 -5.86547e-48)
(1 6.53693e-15 -6.10512e-48)
(1 7.76896e-15 5.49883e-48)
(1 3.0659e-15 4.9121e-48)
(1 5.25688e-16 -4.80473e-48)
(1 -1.34865e-15 -4.44444e-48)
(1 1.65128e-15 0)
(1 5.76054e-15 0)
(1 4.81602e-15 -6.99137e-48)
(1 5.0594e-15 0)
(1 2.82414e-15 -8.31859e-48)
(1 5.98048e-15 4.57464e-48)
(1 3.66337e-15 -8.89615e-48)
(1 3.84086e-15 0)
(1 3.00077e-15 -7.36186e-48)
(1 1.07627e-15 3.44155e-48)
(1 -4.48167e-16 -5.98412e-48)
(1 6.39691e-16 0)
(1 1.56804e-15 -4.43794e-48)
(1 2.35075e-15 0)
(1 4.28462e-16 0)
(1 6.40904e-15 -2.47665e-48)
(1 3.33078e-15 -2.10336e-48)
(1 4.68584e-15 0)
(1 9.89304e-16 -1.17099e-48)
(1 -8.84089e-16 -2.19596e-49)
(1 -1.26657e-15 0)
(1 1.55509e-15 0)
(1 6.44476e-16 0)
(1 1.03061e-15 0)
(1 -3.78382e-16 0)
(1 1.93884e-15 0)
(1 2.83243e-15 0)
(1 5.11838e-15 0)
(1 2.33186e-16 0)
(1 3.33088e-15 0)
(1 -1.75569e-15 0)
(1 -3.36972e-16 0)
(1 -3.2617e-15 0)
(1 -3.67745e-15 0)
(1 -4.17718e-15 0)
(1 1.0491e-15 0)
(1 -5.13783e-16 0)
(1 1.58173e-16 0)
(1 -2.06019e-15 0)
(1 1.40979e-15 0)
(1 -1.3287e-15 0)
(1 -1.70601e-16 0)
(1 -7.41348e-16 0)
(1 -6.53211e-16 -2.22289e-47)
(1 -4.7407e-15 0)
(1 -4.74427e-15 0)
(1 -9.493e-15 0)
(1 -4.7337e-15 0)
(1 -2.90447e-15 0)
(1 4.88852e-16 0)
(1 -1.26109e-15 0)
(1 3.13212e-15 0)
(1 -3.32717e-15 0)
(1 -7.63055e-15 0)
(1 -1.13756e-14 0)
(1 -5.59081e-15 0)
(1 -2.50502e-15 0)
(1 1.21684e-15 0)
(1 2.77291e-16 0)
(1 3.79388e-15 0)
(1 -2.50655e-15 0)
(1 4.24459e-16 0)
(1 -5.05309e-15 0)
(1 -2.71496e-15 0)
(1 -3.73684e-15 2.40748e-47)
(1 -1.75689e-15 0)
(1 3.54276e-16 2.35144e-47)
(1 -1.23666e-15 0)
(1 6.63751e-16 0)
(1 1.43005e-15 0)
(1 4.04167e-15 0)
(1 7.20833e-15 0)
(1 4.77148e-15 0)
(1 1.41295e-15 0)
(1 5.53048e-15 0)
(1 1.74813e-15 0)
(1 3.80292e-15 0)
(1 5.15521e-15 0)
(1 1.14947e-15 0)
(1 -2.0577e-16 0)
(1 -6.54016e-15 0)
(1 -7.33709e-15 0)
(1 9.80699e-16 0)
(1 -1.90796e-15 0)
(1 1.13995e-15 0)
(1 -3.12338e-15 0)
(1 -9.49594e-16 0)
(1 -5.25563e-15 0)
(1 7.70969e-16 0)
(1 -2.77625e-15 -7.43632e-48)
(1 4.27413e-15 6.7402e-48)
(1 2.53289e-15 6.18192e-48)
(1 1.00672e-15 -5.90575e-48)
(1 -1.59511e-15 -6.04671e-48)
(1 8.83429e-16 5.86791e-48)
(1 5.97985e-15 6.10755e-48)
(1 5.92751e-15 -5.50114e-48)
(1 1.22675e-15 -4.91426e-48)
(1 4.19967e-16 4.80681e-48)
(1 -8.99402e-16 4.44661e-48)
(1 9.45308e-16 0)
(1 -1.81158e-15 0)
(1 -4.45617e-16 6.99929e-48)
(1 3.65092e-15 0)
(1 6.59571e-15 8.33059e-48)
(1 5.64452e-15 -4.58155e-48)
(1 6.11629e-15 8.91119e-48)
(1 2.36567e-15 0)
(1 2.72503e-15 7.37646e-48)
(1 -2.03563e-15 -3.44805e-48)
(1 4.16544e-16 5.99499e-48)
(1 -4.76514e-15 0)
(1 3.92461e-15 4.44441e-48)
(1 4.38524e-15 0)
(1 2.37757e-15 0)
(1 -1.11284e-15 2.47854e-48)
(1 1.28595e-15 2.10569e-48)
(1 5.85484e-16 0)
(1 1.07065e-15 1.17315e-48)
(1 1.67709e-15 2.20436e-49)
(1 1.15736e-15 0)
(1 6.30807e-15 0)
(1 -2.11193e-15 0)
(1 2.03511e-17 0)
(1 -3.6112e-15 0)
(1 -8.58372e-16 0)
(1 2.61933e-15 0)
(1 -6.61157e-16 0)
(1 5.58089e-15 0)
(1 2.30161e-15 0)
(1 7.28513e-18 0)
(1 -3.50951e-15 0)
(1 -1.23726e-15 0)
(1 -1.71561e-15 0)
(1 -2.42375e-16 0)
(1 8.80723e-16 0)
(1 7.09933e-15 0)
(1 -2.4134e-15 0)
(1 -2.13397e-15 0)
(1 -5.13832e-15 0)
(1 -6.3533e-15 0)
(1 -2.08685e-15 0)
(1 -1.81101e-16 0)
(1 1.54611e-15 0)
(1 -4.41502e-15 0)
(1 -3.85637e-15 0)
(1 -1.40218e-15 0)
(1 -4.18625e-16 0)
(1 -2.96722e-15 0)
(1 -1.25187e-15 0)
(1 -2.72459e-15 0)
(1 -3.41956e-15 0)
(1 -4.8736e-16 0)
(1 -1.8569e-15 0)
(1 -5.05443e-15 0)
(1 -8.58438e-15 0)
(1 -6.51233e-15 0)
(1 -2.55165e-15 0)
(1 1.63302e-15 0)
(1 -2.24096e-15 0)
(1 -4.90004e-15 0)
(1 1.27518e-15 0)
(1 -9.79977e-17 0)
(1 1.67425e-15 0)
(1 -2.75215e-15 0)
(1 -4.28285e-15 0)
(1 -4.87322e-15 0)
(1 -1.94421e-15 0)
(1 2.66255e-15 0)
(1 -8.38818e-16 0)
(1 1.27019e-15 0)
(1 4.23735e-15 0)
(1 3.28518e-15 0)
(1 -1.34996e-15 0)
(1 -9.37762e-16 0)
(1 1.11677e-15 0)
(1 8.41159e-15 0)
(1 1.35288e-14 0)
(1 1.48674e-15 0)
(1 1.38175e-15 0)
(1 -1.97177e-15 0)
(1 3.30005e-15 0)
(1 3.88546e-16 0)
(1 -6.55906e-16 0)
(1 -5.66372e-15 0)
(1 -3.66597e-15 0)
(1 -1.75723e-15 0)
(1 -1.93058e-15 0)
(1 -3.17597e-15 0)
(1 -3.73283e-15 0)
(1 -2.25938e-15 0)
(1 -2.81138e-15 0)
(1 4.3614e-16 0)
(1 1.07427e-15 0)
(1 2.47472e-15 0)
(1 1.39406e-15 0)
(1 4.44144e-16 0)
(1 6.13787e-15 0)
(1 2.76701e-15 0)
(1 -2.75811e-15 0)
(1 -4.11936e-15 0)
(1 -5.34194e-15 0)
(1 -1.95551e-16 0)
(1 1.44492e-15 0)
(1 4.46491e-15 0)
(1 3.43717e-15 0)
(1 5.13844e-15 0)
(1 3.28885e-15 0)
(1 1.69708e-15 0)
(1 2.00707e-16 0)
(1 1.61475e-15 0)
(1 2.43895e-15 0)
(1 1.59663e-15 0)
(1 3.71726e-15 0)
(1 3.44701e-15 0)
(1 -2.82103e-15 0)
(1 -3.31456e-15 0)
(1 -4.25182e-15 0)
(1 -5.10667e-16 0)
(1 1.90493e-16 0)
(1 -1.44782e-15 0)
(1 1.47384e-15 0)
(1 3.1353e-16 0)
(1 4.22724e-15 0)
(1 9.0582e-15 0)
(1 2.26123e-15 0)
(1 3.43317e-15 0)
(1 -4.77835e-15 0)
(1 1.2569e-15 0)
(1 -5.49647e-15 0)
(1 -8.28872e-16 0)
(1 4.45189e-16 0)
(1 8.70749e-16 0)
(1 2.88975e-15 0)
(1 2.25764e-15 0)
(1 -2.13963e-15 0)
(1 -3.08954e-15 0)
(1 -3.54077e-15 0)
(1 -7.07089e-15 0)
(1 -1.5721e-15 0)
(1 -4.64776e-15 0)
(1 -7.4014e-16 0)
(1 -2.36886e-15 0)
(1 -9.37757e-16 0)
(1 5.18492e-16 0)
(1 2.39386e-15 0)
(1 2.99953e-16 0)
(1 -6.88892e-15 0)
(1 -6.5269e-15 0)
(1 -7.39914e-15 0)
(1 -5.49508e-15 0)
(1 -8.20178e-15 0)
(1 -3.6266e-15 0)
(1 -4.52929e-15 0)
(1 -1.303e-15 0)
(1 -4.01976e-15 0)
(1 -5.39624e-15 0)
(1 -4.70789e-15 0)
(1 -1.48387e-15 0)
(1 -2.12894e-15 0)
(1 1.73844e-15 0)
(1 -2.49452e-16 0)
(1 3.03515e-16 0)
(1 -2.71991e-15 0)
(1 -1.6151e-15 0)
(1 -1.4443e-15 0)
(1 2.89593e-16 0)
(1 6.27413e-16 0)
(1 2.19206e-15 0)
(1 -2.42716e-15 0)
(1 -7.54221e-16 0)
(1 -3.71705e-16 0)
(1 1.07778e-15 0)
(1 4.99378e-15 0)
(1 2.6998e-15 0)
(1 5.10232e-15 0)
(1 1.50534e-15 0)
(1 6.46409e-16 0)
(1 -6.38375e-15 0)
(1 -2.93698e-15 0)
(1 4.23746e-15 0)
(1 4.48647e-15 0)
(1 -7.33797e-16 0)
(1 3.07784e-16 0)
(1 -4.63697e-15 0)
(1 -4.33512e-15 0)
(1 -7.40851e-15 0)
(1 -3.48279e-15 0)
(1 -5.16838e-15 0)
(1 -4.80872e-16 0)
(1 -9.24122e-15 0)
(1 -4.89829e-15 0)
(1 -4.82253e-16 0)
(1 4.62401e-15 0)
(1 4.90935e-15 0)
(1 -3.26402e-15 0)
(1 -2.4566e-15 0)
(1 -2.44181e-15 0)
(1 -3.09214e-15 0)
(1 9.89544e-16 0)
(1 -1.62161e-15 0)
(1 3.48536e-15 0)
(1 5.08098e-15 0)
(1 4.12815e-15 0)
(1 4.12071e-15 0)
(1 4.45896e-15 0)
(1 -4.55681e-17 0)
(1 -1.61359e-16 0)
(1 2.19841e-15 0)
(1 4.57217e-16 0)
(1 -1.78833e-15 0)
(1 1.36847e-15 0)
(1 -1.15284e-15 0)
(1 3.81244e-16 0)
(1 -7.4643e-16 0)
(1 5.6211e-16 0)
(1 -2.5373e-15 0)
(1 -4.67911e-15 0)
(1 -6.0799e-15 0)
(1 -2.76664e-15 0)
(1 -1.18336e-15 0)
(1 -1.26116e-15 0)
(1 -1.81801e-15 0)
(1 2.96253e-15 0)
(1 8.27319e-15 0)
(1 1.11827e-15 0)
(1 1.13206e-15 0)
(1 -1.06265e-15 0)
(1 1.30597e-15 0)
(1 -3.55956e-15 0)
(1 -2.83435e-15 0)
(1 -2.20285e-15 0)
(1 1.03128e-15 0)
(1 7.73993e-16 0)
(1 -1.17979e-15 0)
(1 1.12895e-15 0)
(1 2.85938e-15 0)
(1 7.13212e-15 0)
(1 2.85158e-15 0)
(1 1.20934e-15 0)
(1 -1.8582e-15 0)
(1 -4.32652e-15 0)
(1 -4.74605e-15 0)
(1 -4.37531e-15 0)
(1 3.3211e-15 0)
(1 1.13582e-15 0)
(1 -3.89206e-15 0)
(1 -5.78426e-15 0)
(1 -6.78977e-15 0)
(1 -9.18943e-15 0)
(1 -5.24132e-15 0)
(1 -4.73495e-15 0)
(1 -5.29529e-15 0)
(1 -9.93869e-15 0)
(1 -1.04963e-14 0)
(1 -5.25969e-15 0)
(1 -6.65798e-15 0)
(1 -1.41878e-15 0)
(1 -3.42917e-15 0)
(1 4.05722e-15 0)
(1 3.45837e-15 0)
(1 2.18996e-15 0)
(1 3.23332e-15 0)
(1 -1.78569e-15 0)
(1 -3.27869e-16 0)
(1 -1.08372e-15 0)
(1 -9.85298e-16 0)
(1 -5.52045e-15 0)
(1 -5.63637e-15 0)
(1 -1.79216e-15 0)
(1 -5.26809e-16 0)
(1 -6.64115e-16 0)
(1 1.84341e-15 0)
(1 8.16786e-15 0)
(1 5.48622e-15 0)
(1 2.26506e-15 0)
(1 -6.37851e-15 0)
(1 -1.0052e-14 0)
(1 -6.52546e-15 0)
(1 -2.2631e-15 0)
(1 2.26179e-15 0)
(1 8.55395e-16 0)
(1 1.14922e-15 0)
(1 -9.28394e-16 0)
(1 -1.25329e-15 0)
(1 -2.43555e-15 0)
(1 -3.39492e-15 0)
(1 -3.38975e-15 0)
(1 4.36231e-16 0)
(1 2.25561e-15 0)
(1 -3.16414e-15 0)
(1 -2.50785e-15 0)
(1 -1.37952e-15 0)
(1 -3.28961e-15 0)
(1 -4.67976e-15 0)
(1 -2.4495e-15 0)
(1 -2.82401e-15 0)
(1 -5.9707e-15 0)
(1 -4.89851e-15 0)
(1 8.06329e-16 0)
(1 -2.1918e-15 0)
(1 -3.23498e-16 0)
(1 -3.75301e-17 0)
(1 -8.34159e-17 0)
(1 -1.08287e-15 0)
(1 5.87777e-16 0)
(1 9.25619e-16 0)
(1 3.18212e-15 0)
(1 1.69637e-15 0)
(1 -2.67275e-15 0)
(1 -3.55159e-15 0)
(1 1.03872e-15 0)
(1 6.91863e-16 0)
(1 1.17436e-15 0)
(1 -8.54093e-16 0)
(1 -4.93685e-16 0)
(1 -2.86832e-15 0)
(1 1.28258e-15 0)
(1 1.16788e-15 0)
(1 2.42619e-15 0)
(1 5.25046e-15 0)
(1 4.49313e-15 0)
(1 3.32296e-15 0)
(1 -4.53746e-16 0)
(1 -3.24059e-15 0)
(1 -2.94805e-15 0)
(1 -6.57718e-15 0)
(1 1.0198e-15 0)
(1 -1.56272e-15 0)
(1 4.27634e-16 0)
(1 -3.09016e-15 0)
(1 -2.07767e-15 0)
(1 -1.97159e-15 0)
(1 -1.42161e-15 0)
(1 6.51759e-16 0)
(1 2.13672e-15 0)
(1 1.6173e-15 0)
(1 1.89638e-15 0)
(1 2.47694e-15 0)
(1 -4.35379e-15 0)
(1 -2.84425e-15 0)
(1 -3.36853e-15 0)
(1 -1.11175e-15 0)
(1 -3.45187e-15 0)
(1 2.26872e-15 0)
(1 1.04826e-15 0)
(1 1.93063e-15 0)
(1 3.7317e-15 0)
(1 -2.40506e-15 0)
(1 -6.79673e-15 0)
(1 -1.086e-14 0)
(1 -4.43192e-15 0)
(1 -1.72092e-16 0)
(1 -9.08548e-17 0)
(1 -1.40262e-15 0)
(1 -8.69638e-15 0)
(1 -3.87455e-15 0)
(1 -5.647e-15 0)
(1 -6.65007e-15 0)
(1 -1.06285e-14 0)
(1 -6.35254e-15 0)
(1 -3.3122e-15 0)
(1 2.01943e-15 0)
(1 -9.75662e-16 0)
(1 -1.00748e-15 0)
(1 -7.32716e-16 0)
(1 -5.26165e-15 0)
(1 -4.68103e-15 0)
(1 -4.36645e-15 0)
(1 -3.03707e-15 0)
(1 -3.03599e-15 0)
(1 -4.23304e-16 0)
(1 8.28145e-16 0)
(1 2.57442e-15 0)
(1 -2.10734e-15 0)
(1 -2.52122e-15 0)
(1 -6.28687e-15 0)
(1 -3.23149e-15 0)
(1 4.45016e-15 0)
(1 2.77326e-16 0)
(1 1.5949e-15 0)
(1 2.75414e-15 0)
(1 1.69538e-15 0)
(1 -1.85221e-15 0)
(1 5.76907e-17 0)
(1 1.20072e-16 0)
(1 3.0928e-15 0)
(1 8.57486e-16 0)
(1 2.18959e-15 0)
(1 -8.31955e-16 0)
(1 1.29298e-15 0)
(1 3.03103e-16 0)
(1 1.55783e-15 0)
(1 -2.69622e-15 0)
(1 -4.67618e-15 0)
(1 -1.36026e-15 0)
(1 -3.50398e-15 0)
(1 7.98416e-16 0)
(1 -3.3079e-15 0)
(1 -3.21634e-15 0)
(1 -2.93503e-15 0)
(1 -5.11849e-16 0)
(1 -1.24892e-15 0)
(1 4.35185e-15 0)
(1 4.48652e-16 0)
(1 9.20527e-16 0)
(1 5.58954e-16 0)
(1 2.23855e-15 0)
(1 -8.28558e-16 0)
(1 6.29157e-16 0)
(1 -2.08393e-15 0)
(1 -1.87035e-15 0)
(1 -1.8553e-15 0)
(1 -4.12651e-16 0)
(1 -1.63842e-16 0)
(1 -3.33609e-16 0)
(1 -4.84847e-16 0)
(1 -4.14052e-16 0)
(1 -3.97544e-16 0)
(1 -1.01551e-15 0)
(1 3.82944e-15 0)
(1 9.7527e-16 0)
(1 4.95974e-15 0)
(1 -1.66223e-15 0)
(1 -5.09213e-15 0)
(1 -2.83613e-15 0)
(1 -3.13252e-16 0)
(1 2.96729e-15 0)
(1 -1.53838e-15 0)
(1 -2.72846e-15 0)
(1 2.00002e-15 0)
(1 -3.24623e-16 0)
(1 -2.73571e-15 0)
(1 -4.52283e-16 0)
(1 1.93673e-15 0)
(1 2.68775e-15 0)
(1 3.08208e-15 0)
(1 1.7025e-15 0)
(1 -2.00502e-15 0)
(1 -3.91132e-16 0)
(1 1.0458e-15 0)
(1 3.17422e-16 0)
(1 -1.18466e-15 0)
(1 -7.33299e-15 0)
(1 -8.59206e-15 0)
(1 -4.19019e-15 0)
(1 -2.37297e-15 0)
(1 -4.71484e-15 0)
(1 -5.37179e-15 0)
(1 -9.64317e-15 0)
(1 -8.34666e-15 0)
(1 -2.10991e-15 0)
(1 -2.50386e-15 0)
(1 -5.85378e-15 0)
(1 -1.6437e-15 0)
(1 -6.22237e-15 0)
(1 -1.63385e-15 0)
(1 -1.51577e-15 0)
(1 1.57546e-15 0)
(1 -6.85764e-15 0)
(1 -2.45021e-15 0)
(1 -1.58302e-15 0)
(1 3.92017e-16 0)
(1 -2.60373e-15 0)
(1 -5.79968e-16 0)
(1 -4.15587e-15 0)
(1 -2.39241e-15 0)
(1 -5.22984e-15 0)
(1 -3.66333e-15 0)
(1 -4.58174e-15 0)
(1 -2.06282e-15 0)
(1 -1.62748e-15 0)
(1 -2.20172e-16 0)
(1 -8.5516e-17 0)
(1 -2.62317e-15 0)
(1 -2.87222e-15 0)
(1 -3.61693e-15 0)
(1 -3.75126e-15 0)
(1 1.88945e-15 0)
(1 3.83595e-16 0)
(1 -2.25209e-15 0)
(1 2.50296e-15 0)
(1 7.38303e-16 0)
(1 1.37943e-15 0)
(1 5.34494e-16 0)
(1 2.52556e-15 0)
(1 -5.20799e-15 0)
(1 -4.38399e-15 0)
(1 -6.05213e-15 0)
(1 -3.32618e-15 0)
(1 1.37914e-16 0)
(1 -3.86188e-16 0)
(1 -3.12509e-15 0)
(1 -4.41735e-15 0)
(1 -5.09793e-15 0)
(1 -5.67529e-15 0)
(1 -6.77592e-15 0)
(1 -3.33018e-15 0)
(1 -6.8694e-17 0)
(1 -1.67785e-15 0)
(1 -7.85372e-16 0)
(1 2.75652e-15 0)
(1 1.17039e-15 0)
(1 3.06313e-15 0)
(1 5.33307e-16 0)
(1 8.81244e-16 0)
(1 -3.61968e-15 0)
(1 -3.41411e-15 0)
(1 -3.94836e-16 0)
(1 5.12204e-15 0)
(1 2.08558e-15 0)
(1 -8.72555e-16 0)
(1 -1.39618e-15 0)
(1 -8.01007e-16 0)
(1 -1.38502e-15 0)
(1 2.09143e-15 0)
(1 -1.3865e-15 0)
(1 -2.62693e-15 0)
(1 -5.12503e-15 0)
(1 -4.15953e-15 0)
(1 -2.13348e-15 0)
(1 -2.07514e-15 0)
(1 1.77967e-15 0)
(1 2.35658e-15 0)
(1 -1.37148e-15 0)
(1 -1.66986e-15 0)
(1 -1.49949e-15 0)
(1 -2.03283e-15 0)
(1 -2.36369e-15 0)
(1 2.84317e-15 0)
(1 5.30573e-15 0)
(1 5.35008e-16 0)
(1 -1.45678e-15 0)
(1 -4.00708e-16 0)
(1 2.02543e-15 0)
(1 4.80337e-16 0)
(1 1.51415e-15 0)
(1 -3.06678e-15 0)
(1 3.9366e-16 0)
(1 1.97887e-15 0)
(1 -1.05354e-15 0)
(1 -4.24762e-15 0)
(1 -4.40894e-15 0)
(1 -5.06611e-15 0)
(1 -6.73804e-15 0)
(1 -6.68546e-15 0)
(1 -2.76749e-15 0)
(1 -3.45021e-15 0)
(1 -2.37083e-15 0)
(1 -3.8961e-15 0)
(1 5.53393e-16 0)
(1 -3.78332e-15 0)
(1 -7.98309e-15 0)
(1 -7.04046e-15 0)
(1 -5.42584e-15 0)
(1 -1.46857e-16 0)
(1 -3.51677e-15 0)
(1 -2.11871e-15 0)
(1 -3.70924e-16 0)
(1 2.24482e-17 0)
(1 5.99038e-16 0)
(1 -8.25365e-16 0)
(1 -3.57144e-16 0)
(1 6.28831e-16 0)
(1 -9.47051e-16 0)
(1 -3.78636e-15 0)
(1 -1.46362e-15 0)
(1 -5.95432e-15 0)
(1 -6.82351e-15 0)
(1 -8.04202e-16 0)
(1 7.36239e-16 0)
(1 -1.64142e-15 0)
(1 -4.55654e-16 0)
(1 -5.02855e-15 0)
(1 -1.20673e-15 0)
(1 -6.87776e-16 0)
(1 1.04606e-15 0)
(1 -1.40569e-15 0)
(1 -3.01902e-16 0)
(1 2.46447e-15 0)
(1 -8.91499e-16 0)
(1 7.36e-16 0)
(1 1.61662e-15 0)
(1 3.72668e-15 0)
(1 1.8824e-16 0)
(1 2.50974e-15 0)
(1 2.01462e-16 0)
(1 5.59598e-15 0)
(1 1.16074e-15 0)
(1 1.72985e-15 0)
(1 -2.75251e-15 0)
(1 -1.57806e-15 0)
(1 -6.71558e-15 0)
(1 -8.08525e-15 0)
(1 -5.87223e-15 0)
(1 -7.04413e-15 0)
(1 -3.47526e-15 0)
(1 -6.48784e-15 0)
(1 -1.23453e-15 0)
(1 -4.27461e-15 0)
(1 1.06269e-15 0)
(1 6.66341e-16 0)
(1 4.08159e-15 0)
(1 -2.52286e-15 0)
(1 -1.78944e-16 0)
(1 -5.34008e-16 0)
(1 -2.09092e-15 0)
(1 -5.04218e-15 0)
(1 -2.12957e-15 0)
(1 -6.75542e-16 0)
(1 -2.17878e-16 0)
(1 1.70578e-15 0)
(1 4.50025e-15 0)
(1 3.7031e-15 0)
(1 2.54777e-15 0)
(1 7.51743e-16 0)
(1 -1.46041e-15 0)
(1 -1.24083e-16 0)
(1 3.6424e-15 0)
(1 3.77934e-15 0)
(1 -2.20163e-15 0)
(1 2.79212e-15 0)
(1 -1.81473e-15 0)
(1 3.51918e-16 0)
(1 1.09433e-15 0)
(1 1.48107e-15 0)
(1 -1.2515e-15 0)
(1 -2.56628e-15 0)
(1 -1.51909e-15 0)
(1 4.21952e-15 0)
(1 -3.95216e-15 0)
(1 -3.15718e-16 0)
(1 -1.56527e-15 0)
(1 -1.5539e-16 0)
(1 3.44163e-15 0)
(1 1.18449e-15 0)
(1 -3.30649e-15 0)
(1 -5.00314e-15 0)
(1 -3.80672e-15 0)
(1 -1.10344e-15 0)
(1 -2.21497e-15 0)
(1 -5.63983e-15 0)
(1 -4.80444e-15 0)
(1 -8.29812e-16 0)
(1 4.93221e-15 0)
(1 -4.10138e-16 0)
(1 1.82033e-16 0)
(1 -7.08659e-16 0)
(1 -2.80648e-15 0)
(1 -1.36344e-15 0)
(1 -2.46461e-15 0)
(1 -7.2646e-15 0)
(1 -1.10478e-14 0)
(1 -6.22541e-15 0)
(1 -3.86735e-15 0)
(1 -9.2026e-16 0)
(1 6.50434e-16 0)
(1 -2.48807e-15 0)
(1 -2.40756e-15 0)
(1 1.42502e-15 0)
(1 7.28082e-16 0)
(1 -3.37769e-15 0)
(1 -4.34526e-15 0)
(1 -3.62157e-15 0)
(1 -3.16326e-15 0)
(1 -9.94503e-16 0)
(1 8.20444e-16 0)
(1 -2.57524e-16 0)
(1 -3.38072e-15 0)
(1 -9.49365e-16 0)
(1 -2.70407e-16 0)
(1 -2.63364e-15 0)
(1 -3.68061e-15 0)
(1 -6.15473e-15 0)
(1 -8.50037e-16 0)
(1 2.3443e-15 0)
(1 4.35761e-15 0)
(1 3.45554e-15 0)
(1 1.0387e-15 0)
(1 2.0129e-15 0)
(1 2.94317e-15 0)
(1 -9.23238e-16 0)
(1 -6.4166e-16 0)
(1 6.9876e-16 0)
(1 -6.66427e-16 0)
(1 -3.41512e-15 0)
(1 4.27537e-15 0)
(1 4.68023e-15 0)
(1 9.98875e-16 0)
(1 -1.31711e-15 0)
(1 -2.43556e-15 0)
(1 -2.13324e-15 0)
(1 -3.81252e-15 0)
(1 -4.3062e-15 0)
(1 -2.97101e-15 0)
(1 -1.24976e-15 0)
(1 -8.38533e-16 0)
(1 -3.64851e-15 0)
(1 -4.74542e-15 0)
(1 -3.17413e-15 0)
(1 1.20435e-15 0)
(1 -8.43443e-16 0)
(1 -1.00372e-16 0)
(1 -1.77073e-15 0)
(1 -1.62234e-15 0)
(1 -4.82793e-15 0)
(1 -1.94554e-15 0)
(1 -3.85585e-15 0)
(1 -3.64954e-15 0)
(1 -6.19979e-15 0)
(1 -3.12267e-15 0)
(1 -3.36186e-15 0)
(1 3.59272e-15 0)
(1 1.38745e-15 0)
(1 6.53204e-15 0)
(1 5.82983e-17 0)
(1 1.6692e-15 0)
(1 1.63852e-16 0)
(1 6.11684e-15 0)
(1 4.82336e-15 0)
(1 -6.72853e-16 0)
(1 1.83623e-15 0)
(1 -3.12085e-15 0)
(1 -1.81392e-15 0)
(1 -4.06126e-15 0)
(1 2.54368e-15 0)
(1 -2.94087e-15 0)
(1 5.54101e-15 0)
(1 -3.40185e-15 0)
(1 1.81795e-15 0)
(1 -1.56178e-15 0)
(1 6.44624e-15 0)
(1 4.19722e-15 0)
(1 5.04721e-15 0)
(1 -3.8466e-15 0)
(1 -1.59014e-15 0)
(1 -7.61168e-15 0)
(1 -7.11327e-16 0)
(1 -5.125e-15 0)
(1 -2.98087e-15 0)
(1 -4.39871e-15 0)
(1 -3.92084e-15 0)
(1 -3.95305e-15 0)
(1 -7.9495e-17 0)
(1 -2.62982e-15 0)
(1 -7.30221e-16 0)
(1 -3.19712e-15 0)
(1 -4.17775e-15 0)
(1 -7.12987e-16 0)
(1 2.25277e-15 0)
(1 2.17524e-15 0)
(1 -7.96334e-16 0)
(1 -3.00305e-15 0)
(1 -1.13957e-14 0)
(1 -1.04797e-14 0)
(1 -4.18005e-15 0)
(1 9.65329e-16 0)
(1 2.96294e-15 0)
(1 2.15752e-15 0)
(1 2.41198e-15 0)
(1 -3.33343e-16 0)
(1 -1.85787e-15 0)
(1 -2.78564e-15 0)
(1 -3.66107e-15 0)
(1 -2.23016e-15 0)
(1 -5.6761e-15 0)
(1 -5.77028e-15 0)
(1 -1.95886e-15 0)
(1 -5.38011e-16 0)
(1 -1.95024e-15 0)
(1 5.45135e-16 0)
(1 -2.87535e-15 0)
(1 -5.00687e-15 0)
(1 -1.8835e-15 0)
(1 -1.8462e-15 0)
(1 -1.84308e-15 0)
(1 1.64824e-15 0)
(1 2.8825e-15 0)
(1 4.65587e-15 0)
(1 8.13464e-16 0)
(1 8.33414e-16 0)
(1 -2.41228e-16 0)
(1 -1.29405e-15 0)
(1 2.76884e-16 0)
(1 3.36933e-15 0)
(1 4.13282e-15 0)
(1 2.32983e-15 0)
(1 -3.70561e-16 0)
(1 6.52604e-16 0)
(1 -3.45895e-15 0)
(1 -3.05672e-15 0)
(1 -8.94509e-15 0)
(1 -5.06541e-15 0)
(1 -5.85264e-15 0)
(1 -3.66314e-15 0)
(1 -3.00867e-15 0)
(1 -1.77321e-16 0)
(1 1.14232e-15 0)
(1 -4.04939e-15 0)
(1 -2.06031e-15 0)
(1 -3.66236e-15 0)
(1 -4.34977e-15 0)
(1 -3.70516e-15 0)
(1 -5.12306e-15 0)
(1 -5.85116e-16 0)
(1 -1.17745e-15 0)
(1 1.49019e-15 0)
(1 3.56324e-15 0)
(1 6.05874e-16 0)
(1 -2.22013e-15 0)
(1 -4.9776e-16 0)
(1 -1.13143e-15 0)
(1 1.93012e-15 0)
(1 -6.47074e-16 0)
(1 1.70509e-15 0)
(1 -2.55026e-15 0)
(1 3.67902e-16 0)
(1 -3.17698e-16 0)
(1 -2.57165e-15 0)
(1 -3.26773e-15 0)
(1 -8.15053e-16 0)
(1 -1.82739e-15 0)
(1 2.18349e-16 0)
(1 -9.11053e-16 0)
(1 6.93805e-17 0)
(1 5.40555e-16 0)
(1 -4.92118e-15 0)
(1 -5.66398e-15 0)
(1 -5.77335e-15 0)
(1 -3.37716e-15 0)
(1 3.935e-15 0)
(1 7.3066e-15 0)
(1 7.62124e-15 0)
(1 6.05342e-15 0)
(1 -1.64545e-15 0)
(1 -4.2464e-15 0)
(1 -5.0896e-15 0)
(1 -2.76048e-15 0)
(1 3.68157e-15 0)
(1 -3.5664e-15 0)
(1 -1.441e-15 0)
(1 -6.01265e-16 0)
(1 -2.2229e-15 0)
(1 -3.85586e-15 0)
(1 -6.5539e-15 0)
(1 -3.07296e-15 0)
(1 -2.50409e-15 0)
(1 -3.26227e-15 0)
(1 -2.6615e-15 0)
(1 -4.81058e-15 0)
(1 -3.3832e-15 0)
(1 -4.58899e-15 0)
(1 -5.95773e-16 0)
(1 -1.6281e-15 0)
(1 -3.13943e-15 0)
(1 1.37986e-15 0)
(1 5.16789e-16 0)
(1 1.06408e-15 0)
(1 3.4116e-16 0)
(1 -3.42856e-15 0)
(1 -5.67982e-15 0)
(1 -3.02803e-15 0)
(1 -3.73628e-15 0)
(1 1.98118e-15 0)
(1 4.6387e-16 0)
(1 8.22596e-16 0)
(1 -6.24862e-15 0)
(1 -3.03093e-15 0)
(1 1.16049e-15 0)
(1 2.11282e-15 0)
(1 -5.0394e-16 0)
(1 -2.83482e-15 0)
(1 -6.01709e-15 0)
(1 -2.28597e-15 0)
(1 -1.11649e-17 0)
(1 -7.01674e-16 0)
(1 2.42951e-15 0)
(1 3.6561e-15 0)
(1 3.68195e-15 0)
(1 8.584e-16 0)
(1 -9.75877e-16 0)
(1 1.36759e-15 0)
(1 8.34133e-16 0)
(1 -8.72509e-16 0)
(1 1.24346e-15 0)
(1 4.01904e-16 0)
(1 -3.1292e-15 0)
(1 -5.00471e-15 0)
(1 -4.20212e-15 0)
(1 -5.51908e-15 0)
(1 -5.70368e-15 0)
(1 -5.21688e-15 0)
(1 -5.19762e-15 0)
(1 -4.91059e-15 0)
(1 -4.46754e-15 0)
(1 -3.80213e-15 0)
(1 -2.303e-15 0)
(1 -1.6944e-16 0)
(1 1.53345e-16 0)
(1 -1.94601e-15 0)
(1 -7.8739e-15 0)
(1 -3.50551e-15 0)
(1 -8.11515e-16 0)
(1 -1.90552e-15 0)
(1 -9.93231e-16 0)
(1 -2.42706e-15 0)
(1 -8.30141e-16 0)
(1 -1.43082e-15 0)
(1 8.59661e-17 0)
(1 -5.51705e-17 0)
(1 1.25624e-15 0)
(1 1.0318e-15 0)
(1 -3.05725e-15 0)
(1 3.75896e-16 0)
(1 -5.47618e-15 0)
(1 -2.77119e-15 0)
(1 -9.16267e-16 0)
(1 -2.23827e-15 0)
(1 -6.58574e-15 0)
(1 -7.94743e-15 0)
(1 3.37627e-15 0)
(1 -2.70268e-15 0)
(1 -2.86284e-15 0)
(1 -3.41504e-15 0)
(1 3.33764e-16 0)
(1 -3.76534e-15 0)
(1 -3.61432e-15 0)
(1 -1.17044e-14 0)
(1 -6.88121e-15 0)
(1 -1.21036e-14 0)
(1 -2.93105e-15 0)
(1 -1.95547e-15 0)
(1 9.50977e-15 0)
(1 5.70106e-15 0)
(1 6.26249e-15 0)
(1 3.37117e-15 0)
(1 4.10843e-15 0)
(1 3.46646e-16 0)
(1 2.28744e-15 0)
(1 -1.35018e-15 0)
(1 -1.38313e-15 0)
(1 -4.85608e-16 0)
(1 -3.15335e-15 0)
(1 -3.38351e-15 0)
(1 -3.08162e-15 0)
(1 -4.43687e-15 0)
(1 -4.6768e-15 0)
(1 -3.35417e-15 0)
(1 -7.60955e-15 0)
(1 -6.97389e-15 0)
(1 -7.56882e-15 0)
(1 -1.85747e-15 0)
(1 -1.01324e-15 0)
(1 8.22065e-15 0)
(1 2.96941e-15 0)
(1 -9.07853e-16 0)
(1 -1.94176e-15 0)
(1 1.46324e-15 0)
(1 2.5083e-15 0)
(1 -1.26988e-15 0)
(1 -5.62899e-15 0)
(1 -3.47267e-15 0)
(1 -3.97224e-15 0)
(1 4.33673e-17 0)
(1 -4.34672e-15 0)
(1 -1.70072e-15 0)
(1 -8.86509e-16 0)
(1 3.37758e-16 0)
(1 -4.75165e-16 0)
(1 -3.25349e-15 0)
(1 -4.6343e-15 0)
(1 -2.19835e-15 0)
(1 1.08149e-15 0)
(1 -3.5765e-16 0)
(1 3.09186e-15 0)
(1 -9.23248e-18 0)
(1 9.37159e-16 0)
(1 6.77416e-16 0)
(1 -3.03966e-15 0)
(1 -1.52466e-15 0)
(1 -1.95042e-15 0)
(1 -2.39049e-16 0)
(1 2.15929e-15 0)
(1 3.21737e-15 0)
(1 1.30028e-15 0)
(1 -2.17616e-16 0)
(1 -4.4729e-15 0)
(1 -8.96608e-15 0)
(1 -1.29338e-14 0)
(1 -1.33819e-14 0)
(1 -9.34109e-15 0)
(1 -6.03672e-15 0)
(1 -1.02782e-15 0)
(1 3.25974e-15 0)
(1 2.52989e-15 0)
(1 1.73427e-15 0)
(1 -4.20513e-15 0)
(1 -4.22559e-15 0)
(1 -2.02496e-16 0)
(1 4.04312e-16 0)
(1 -1.76206e-15 0)
(1 -3.14907e-15 0)
(1 -3.17443e-15 0)
(1 -2.83977e-15 0)
(1 -4.85644e-15 0)
(1 -4.69494e-15 0)
(1 -1.43502e-15 0)
(1 -6.77182e-16 0)
(1 2.28583e-15 0)
(1 3.54628e-15 0)
(1 1.7626e-15 0)
(1 4.35838e-16 0)
(1 -4.11629e-15 0)
(1 -1.15195e-15 0)
(1 -4.42279e-15 0)
(1 1.12144e-15 0)
(1 -4.31063e-15 0)
(1 -5.37834e-15 0)
(1 -1.13171e-14 0)
(1 -1.18217e-14 0)
(1 1.71505e-15 0)
(1 -2.68817e-15 0)
(1 4.19508e-15 0)
(1 -2.00396e-15 0)
(1 1.9955e-15 0)
(1 -6.49172e-15 0)
(1 -4.15247e-15 0)
(1 -8.29006e-15 0)
(1 -7.01938e-15 0)
(1 -3.41812e-15 0)
(1 -6.78251e-16 0)
(1 -4.91166e-16 0)
(1 3.26496e-16 0)
(1 7.06359e-15 0)
(1 1.98362e-15 0)
(1 4.03726e-15 0)
(1 -5.69635e-15 0)
(1 2.10202e-15 0)
(1 1.53284e-15 0)
(1 7.4911e-15 0)
(1 4.9445e-15 0)
(1 4.97187e-15 0)
(1 -6.80386e-16 0)
(1 -3.35933e-16 0)
(1 -9.42179e-15 0)
(1 -8.76332e-15 0)
(1 -1.48416e-14 0)
(1 -7.33996e-15 0)
(1 -4.99223e-15 0)
(1 -2.31401e-15 0)
(1 -4.29028e-15 0)
(1 5.56564e-16 0)
(1 4.41788e-15 0)
(1 7.10711e-15 0)
(1 3.33979e-15 0)
(1 -2.5922e-15 0)
(1 -4.96556e-15 0)
(1 -1.28559e-15 0)
(1 -2.64438e-16 0)
(1 -1.44583e-15 0)
(1 -1.11155e-15 0)
(1 -4.015e-15 0)
(1 -3.07935e-15 0)
(1 -5.97926e-15 0)
(1 -3.28448e-15 0)
(1 -4.31068e-15 0)
(1 -8.6771e-16 0)
(1 -1.39442e-17 0)
(1 -3.38229e-15 0)
(1 -5.00962e-15 0)
(1 -6.80825e-15 0)
(1 1.28373e-16 0)
(1 5.31349e-15 0)
(1 2.84305e-15 0)
(1 2.09469e-15 0)
(1 -1.17059e-15 0)
(1 -1.11327e-16 0)
(1 -2.298e-15 0)
(1 1.18256e-16 0)
(1 3.96159e-16 0)
(1 2.96843e-15 0)
(1 -2.32428e-15 0)
(1 2.59192e-15 0)
(1 -4.07405e-16 0)
(1 -8.40998e-16 0)
(1 1.23754e-15 0)
(1 -1.73577e-15 0)
(1 -3.45482e-15 0)
(1 -8.21754e-15 0)
(1 -1.0419e-14 0)
(1 -1.02823e-14 0)
(1 -8.22026e-15 0)
(1 -1.24036e-15 0)
(1 2.00688e-15 0)
(1 5.99974e-16 0)
(1 -1.26909e-15 0)
(1 -3.7519e-15 0)
(1 -1.71105e-15 0)
(1 -1.56883e-17 0)
(1 8.07251e-16 0)
(1 1.74119e-15 0)
(1 -5.31074e-15 0)
(1 -5.77556e-15 0)
(1 -4.31521e-15 0)
(1 -4.85029e-16 0)
(1 8.71168e-16 0)
(1 -7.22891e-16 0)
(1 7.1483e-17 0)
(1 -5.83573e-16 0)
(1 1.5558e-15 0)
(1 6.92391e-17 0)
(1 -9.51737e-16 0)
(1 -2.12719e-15 0)
(1 -2.62463e-15 0)
(1 -4.07845e-15 0)
(1 -3.26312e-15 0)
(1 -6.42039e-15 0)
(1 -7.36601e-15 0)
(1 -1.22882e-14 0)
(1 -1.03924e-14 0)
(1 -2.62275e-15 0)
(1 -3.12385e-15 0)
(1 2.33244e-15 0)
(1 -4.84144e-16 0)
(1 9.72057e-16 0)
(1 -3.38515e-15 0)
(1 5.9065e-16 0)
(1 -9.17479e-15 0)
(1 -4.65432e-15 0)
(1 -1.76261e-15 0)
(1 4.96376e-16 0)
(1 1.45443e-15 0)
(1 -5.09953e-15 0)
(1 -1.49468e-15 0)
(1 1.37149e-15 0)
(1 -3.74881e-16 0)
(1 -2.18322e-15 0)
(1 3.3882e-15 0)
(1 3.26127e-15 0)
(1 1.93798e-15 0)
(1 4.57002e-15 0)
(1 5.62503e-15 0)
(1 2.73536e-15 0)
(1 -2.83224e-15 0)
(1 -5.57381e-15 0)
(1 -5.49787e-15 0)
(1 -8.0952e-15 0)
(1 -6.56301e-15 0)
(1 -7.06706e-15 0)
(1 -4.10216e-15 0)
(1 1.31023e-15 0)
(1 2.20479e-16 0)
(1 -8.84009e-16 0)
(1 -1.99848e-15 0)
(1 -1.47742e-15 0)
(1 -3.44436e-15 0)
(1 1.38088e-15 0)
(1 -2.26233e-15 0)
(1 -1.48877e-15 0)
(1 -2.14703e-15 0)
(1 -1.00168e-15 0)
(1 -3.00008e-15 0)
(1 -3.97052e-15 0)
(1 -6.32867e-16 0)
(1 -2.35407e-15 0)
(1 -7.80882e-16 0)
(1 -4.04222e-15 0)
(1 -1.52465e-15 0)
(1 9.15879e-16 0)
(1 -7.90731e-16 0)
(1 -8.13966e-16 0)
(1 -9.41663e-16 0)
(1 -4.40082e-16 0)
(1 -4.98019e-16 0)
(1 2.9531e-17 0)
(1 1.68551e-15 0)
(1 2.00791e-15 0)
(1 6.40646e-16 0)
(1 3.33833e-15 0)
(1 5.74469e-15 0)
(1 6.60762e-15 0)
(1 1.4195e-15 0)
(1 -1.14448e-15 0)
(1 -4.16514e-15 0)
(1 -2.86128e-15 0)
(1 -3.92124e-15 0)
(1 -1.57422e-15 0)
(1 -3.18134e-15 0)
(1 -5.53665e-16 0)
(1 -2.49036e-15 0)
(1 -2.52312e-15 0)
(1 -3.15485e-15 0)
(1 -2.70697e-15 0)
(1 -2.4129e-15 0)
(1 1.73394e-16 0)
(1 1.57739e-15 0)
(1 -3.51877e-16 0)
(1 -1.92817e-15 0)
(1 -2.09902e-15 0)
(1 3.67576e-16 0)
(1 7.88653e-16 0)
(1 1.63115e-15 0)
(1 -2.58965e-16 0)
(1 -9.9104e-16 0)
(1 -1.73245e-15 0)
(1 -1.556e-15 0)
(1 -1.69187e-15 0)
(1 -9.50359e-16 0)
(1 -3.45104e-15 0)
(1 1.08903e-15 0)
(1 -9.31874e-17 0)
(1 1.62058e-15 0)
(1 -3.11164e-15 0)
(1 -3.12271e-15 0)
(1 -5.19659e-15 0)
(1 -4.2457e-15 0)
(1 -2.0159e-15 0)
(1 -1.4513e-15 0)
(1 -2.5906e-15 0)
(1 -2.42835e-15 0)
(1 -2.12556e-15 0)
(1 1.15094e-15 0)
(1 -2.79681e-15 0)
(1 3.82032e-15 0)
(1 -1.80316e-15 0)
(1 3.77242e-16 0)
(1 -2.50617e-15 0)
(1 -1.67778e-15 0)
(1 -3.2055e-15 0)
(1 -2.48669e-15 0)
(1 -2.80186e-15 0)
(1 -1.56485e-15 0)
(1 -2.00434e-15 0)
(1 -4.42466e-15 0)
(1 1.20854e-16 0)
(1 6.08835e-16 0)
(1 5.47196e-15 0)
(1 -1.07413e-15 0)
(1 -1.66931e-15 0)
(1 -2.99156e-15 0)
(1 -3.5645e-15 0)
(1 -2.17877e-15 0)
(1 -2.34919e-15 0)
(1 -4.17564e-15 0)
(1 2.58137e-15 0)
(1 -2.93323e-16 0)
(1 -9.54737e-16 0)
(1 -3.31111e-15 0)
(1 -4.0083e-15 0)
(1 1.6706e-15 0)
(1 4.20043e-15 0)
(1 9.19165e-16 0)
(1 -4.80655e-15 0)
(1 -5.3472e-15 0)
(1 -2.98681e-15 0)
(1 -4.37847e-15 0)
(1 -2.70496e-15 0)
(1 -3.77836e-15 0)
(1 -4.48709e-15 0)
(1 -1.53507e-15 0)
(1 -4.04566e-15 0)
(1 -1.03265e-15 0)
(1 -4.18256e-15 0)
(1 4.23149e-16 0)
(1 -4.64692e-15 0)
(1 -4.1094e-15 0)
(1 -1.10954e-15 0)
(1 -3.60516e-16 0)
(1 2.25125e-15 0)
(1 8.26875e-16 0)
(1 1.99879e-16 0)
(1 -2.35947e-15 0)
(1 -2.72921e-15 0)
(1 -1.11578e-15 0)
(1 3.79598e-16 0)
(1 3.87756e-15 0)
(1 1.43105e-15 0)
(1 3.55914e-15 0)
(1 -4.10506e-17 0)
(1 1.54261e-15 0)
(1 -1.20419e-15 0)
(1 3.32829e-15 0)
(1 1.05687e-15 0)
(1 5.16318e-15 0)
(1 1.17485e-15 0)
(1 1.10554e-15 0)
(1 -3.3783e-15 0)
(1 -4.40233e-15 0)
(1 -2.15772e-15 0)
(1 -3.53914e-15 0)
(1 -2.54515e-15 0)
(1 -2.47723e-15 0)
(1 -7.48952e-16 0)
(1 -4.91035e-16 0)
(1 2.38919e-15 0)
(1 4.74267e-16 0)
(1 -2.11316e-16 0)
(1 -5.2259e-15 0)
(1 -2.91964e-15 0)
(1 -1.33262e-15 0)
(1 8.66483e-16 0)
(1 2.97322e-15 0)
(1 4.68659e-16 0)
(1 4.28998e-15 0)
(1 3.89375e-16 0)
(1 1.59124e-15 0)
(1 -1.6869e-15 0)
(1 1.90625e-15 0)
(1 1.24764e-15 0)
(1 9.34456e-16 0)
(1 1.35836e-16 0)
(1 3.21538e-15 0)
(1 -3.03882e-15 0)
(1 -1.36914e-15 0)
(1 -4.34024e-15 0)
(1 -1.83468e-16 0)
(1 -3.16111e-16 0)
(1 -1.68115e-15 0)
(1 -9.30327e-16 0)
(1 -2.40039e-15 0)
(1 -1.69606e-15 0)
(1 4.3215e-15 0)
(1 1.49958e-15 0)
(1 8.08678e-16 0)
(1 -2.75553e-15 0)
(1 2.11143e-15 0)
(1 -1.75023e-15 0)
(1 1.17104e-15 0)
(1 -8.58411e-16 0)
(1 -1.94291e-15 0)
(1 -3.76436e-15 0)
(1 -3.78352e-15 0)
(1 -8.64173e-15 0)
(1 -3.06256e-15 0)
(1 -3.96668e-15 0)
(1 3.36527e-15 0)
(1 5.50516e-15 0)
(1 -1.32085e-15 0)
(1 3.54351e-16 0)
(1 3.06615e-15 0)
(1 4.39505e-15 0)
(1 -3.34897e-15 0)
(1 -6.24584e-15 0)
(1 -6.26554e-15 0)
(1 -4.2384e-15 0)
(1 -3.57893e-15 0)
(1 -1.72005e-15 0)
(1 -2.94171e-15 0)
(1 -8.57225e-16 0)
(1 -2.62796e-16 0)
(1 -3.95904e-15 0)
(1 -5.07021e-15 0)
(1 -1.65685e-15 0)
(1 -3.07185e-15 0)
(1 3.46563e-15 0)
(1 1.31438e-15 0)
(1 -3.52965e-15 0)
(1 -6.91038e-15 0)
(1 -5.70941e-15 0)
(1 -3.52883e-15 0)
(1 -3.63161e-15 0)
(1 -5.10437e-15 0)
(1 -3.35347e-15 0)
(1 -3.65855e-15 0)
(1 1.36335e-15 0)
(1 6.83926e-16 0)
(1 3.60047e-15 0)
(1 -1.17486e-15 0)
(1 -1.92071e-15 0)
(1 -1.91421e-16 0)
(1 -7.35348e-17 0)
(1 -5.28629e-16 0)
(1 2.49247e-15 0)
(1 2.82386e-15 0)
(1 1.188e-15 0)
(1 3.4591e-15 0)
(1 -1.5382e-16 0)
(1 4.36247e-15 0)
(1 2.44449e-15 0)
(1 -1.39758e-16 0)
(1 -8.52226e-16 0)
(1 4.70291e-15 0)
(1 2.41894e-15 0)
(1 4.37933e-15 0)
(1 -2.4515e-15 0)
(1 -2.34375e-15 0)
(1 -2.21606e-15 0)
(1 5.56845e-16 0)
(1 -4.14524e-15 0)
(1 -1.10644e-15 0)
(1 -2.21388e-15 0)
(1 -2.01103e-16 0)
(1 -2.35968e-15 0)
(1 -1.32284e-15 0)
(1 -2.17925e-15 0)
(1 -4.22662e-15 0)
(1 -1.34149e-15 0)
(1 1.13692e-15 0)
(1 4.63707e-15 0)
(1 1.28632e-15 0)
(1 1.77381e-15 0)
(1 -3.91877e-15 0)
(1 -3.60563e-15 0)
(1 -9.45578e-16 0)
(1 4.21446e-16 0)
(1 2.05042e-15 0)
(1 -1.42056e-15 0)
(1 9.34603e-17 0)
(1 5.11568e-15 0)
(1 1.2372e-15 0)
(1 2.5477e-15 0)
(1 -7.89532e-16 0)
(1 -8.38444e-16 0)
(1 -3.86616e-16 0)
(1 -1.5354e-15 0)
(1 1.25381e-16 0)
(1 -8.54517e-16 0)
(1 -1.50103e-15 0)
(1 1.46221e-16 0)
(1 -1.55148e-15 0)
(1 9.34649e-16 0)
(1 1.45078e-15 0)
(1 5.14245e-15 0)
(1 3.33709e-15 0)
(1 -2.69616e-15 0)
(1 1.46931e-15 0)
(1 -2.48888e-15 0)
(1 -1.00967e-15 0)
(1 -6.47777e-15 0)
(1 -6.5103e-15 0)
(1 -1.0645e-14 0)
(1 -5.03763e-15 0)
(1 -5.82192e-15 0)
(1 -2.77192e-15 0)
(1 -3.33233e-15 0)
(1 -1.81479e-15 0)
(1 2.26273e-15 0)
(1 1.26639e-15 0)
(1 2.63244e-15 0)
(1 3.28351e-15 0)
(1 6.40026e-15 0)
(1 -2.63833e-15 0)
(1 1.78221e-15 0)
(1 -3.39993e-15 0)
(1 -2.85733e-15 0)
(1 -4.05454e-15 0)
(1 -2.44849e-15 0)
(1 -5.37832e-15 0)
(1 -2.3257e-15 0)
(1 -2.07666e-15 0)
(1 -2.74849e-15 0)
(1 -3.37404e-15 0)
(1 2.15705e-15 0)
(1 2.86714e-15 0)
(1 3.28258e-15 0)
(1 2.7895e-15 0)
(1 1.28114e-15 0)
(1 -4.81613e-15 0)
(1 -5.15653e-15 0)
(1 -2.84027e-15 0)
(1 6.78608e-16 0)
(1 -3.26964e-15 0)
(1 -1.66086e-16 0)
(1 -2.95841e-15 0)
(1 -7.34683e-16 0)
(1 -1.00126e-15 0)
(1 3.1235e-16 0)
(1 -1.10326e-15 0)
(1 -3.2718e-15 0)
(1 1.27664e-15 0)
(1 2.48814e-15 0)
(1 4.16219e-15 0)
(1 2.59605e-15 0)
(1 4.68581e-16 0)
(1 -3.04703e-15 0)
(1 -4.20588e-16 0)
(1 -2.04567e-15 0)
(1 2.43532e-15 0)
(1 3.22905e-15 0)
(1 3.37176e-15 0)
(1 3.96894e-15 0)
(1 8.14352e-15 0)
(1 1.25733e-15 0)
(1 -2.68013e-15 0)
(1 -5.10721e-15 0)
(1 -5.70341e-15 0)
(1 1.32443e-15 0)
(1 5.04004e-15 0)
(1 8.33967e-15 0)
(1 6.59701e-15 0)
(1 4.51811e-15 0)
(1 -1.91331e-15 0)
(1 -3.22762e-15 0)
(1 -2.705e-15 0)
(1 -3.21515e-15 0)
(1 -2.63586e-15 0)
(1 1.07893e-15 0)
(1 1.42075e-15 0)
(1 1.83185e-15 0)
(1 1.27435e-15 0)
(1 3.50918e-15 0)
(1 1.94535e-15 0)
(1 -1.11804e-16 0)
(1 -3.88796e-15 0)
(1 -1.34294e-15 0)
(1 8.51447e-16 0)
(1 4.7031e-15 0)
(1 -2.02604e-16 0)
(1 1.81983e-15 0)
(1 1.11997e-15 0)
(1 3.39142e-15 0)
(1 -3.75332e-15 0)
(1 1.83121e-15 0)
(1 -3.50814e-15 0)
(1 6.3751e-16 0)
(1 -1.37172e-15 0)
(1 1.76639e-15 0)
(1 2.5559e-15 0)
(1 6.22701e-15 0)
(1 7.03291e-15 0)
(1 2.56877e-15 0)
(1 -7.49397e-16 0)
(1 1.47592e-16 0)
(1 1.27285e-15 0)
(1 6.40306e-16 0)
(1 -4.19831e-15 0)
(1 -2.3921e-15 0)
(1 -3.1189e-15 0)
(1 -3.13251e-15 0)
(1 -3.95008e-15 0)
(1 3.41549e-16 0)
(1 -8.05527e-15 0)
(1 3.24113e-15 0)
(1 -8.94944e-15 0)
(1 3.02075e-16 0)
(1 -3.94717e-15 0)
(1 3.96086e-15 0)
(1 6.56494e-15 0)
(1 3.08957e-15 0)
(1 9.10338e-16 0)
(1 -1.97261e-15 0)
(1 -1.44614e-15 0)
(1 1.14936e-15 0)
(1 -1.671e-15 0)
(1 -3.4312e-15 0)
(1 -7.84533e-15 0)
(1 -6.23341e-15 0)
(1 -5.00519e-15 0)
(1 -2.40034e-15 0)
(1 -2.11149e-15 0)
(1 -7.97156e-16 0)
(1 -4.8856e-15 0)
(1 -2.39899e-15 0)
(1 -8.52014e-16 0)
(1 1.81043e-15 0)
(1 3.69248e-15 0)
(1 2.2326e-15 0)
(1 5.3979e-16 0)
(1 -6.14519e-15 0)
(1 -2.10294e-15 0)
(1 -2.55775e-15 0)
(1 -2.04258e-15 0)
(1 -4.65213e-16 0)
(1 -8.28489e-16 0)
(1 -3.84871e-16 0)
(1 -4.19765e-16 0)
(1 -1.49654e-16 0)
(1 4.14438e-16 0)
(1 -4.25534e-16 0)
(1 -1.45821e-15 0)
(1 -1.81441e-15 0)
(1 9.97965e-16 0)
(1 8.11912e-16 0)
(1 -2.73832e-16 0)
(1 -3.14863e-15 0)
(1 -1.84403e-15 0)
(1 2.33184e-15 0)
(1 2.3312e-15 0)
(1 2.56315e-15 0)
(1 3.19329e-15 0)
(1 2.51108e-15 0)
(1 8.65961e-16 0)
(1 1.76104e-15 0)
(1 1.01184e-15 0)
(1 3.83641e-15 0)
(1 2.31379e-15 0)
(1 6.13473e-16 0)
(1 -3.08065e-15 0)
(1 2.26645e-15 0)
(1 5.52043e-16 0)
(1 4.29949e-15 0)
(1 2.19439e-15 0)
(1 3.74698e-15 0)
(1 2.13902e-15 0)
(1 3.38116e-15 0)
(1 2.75106e-15 0)
(1 3.08169e-15 0)
(1 3.38127e-16 0)
(1 -1.32295e-15 0)
(1 2.39327e-16 0)
(1 1.26285e-16 0)
(1 1.79141e-15 0)
(1 -3.85679e-17 0)
(1 2.42267e-15 0)
(1 8.12202e-16 0)
(1 2.67911e-15 0)
(1 2.62272e-15 0)
(1 8.97637e-16 0)
(1 -1.31553e-15 0)
(1 -1.50134e-15 0)
(1 -1.99485e-16 0)
(1 1.20493e-15 0)
(1 -1.60891e-15 0)
(1 -2.54733e-15 0)
(1 7.23385e-16 0)
(1 1.5488e-15 0)
(1 3.89569e-15 0)
(1 2.73731e-15 0)
(1 3.87824e-15 0)
(1 6.27867e-15 0)
(1 1.46783e-15 0)
(1 -7.34606e-16 0)
(1 -2.465e-15 0)
(1 -1.02748e-15 0)
(1 -1.07911e-15 0)
(1 -3.84776e-15 0)
(1 -1.71501e-15 0)
(1 -3.38218e-15 0)
(1 -3.75972e-16 0)
(1 -2.89012e-15 0)
(1 3.32024e-15 0)
(1 -1.2604e-15 0)
(1 6.31984e-15 0)
(1 -5.6395e-15 0)
(1 1.85846e-15 0)
(1 -7.42823e-16 0)
(1 4.31409e-15 0)
(1 3.46787e-15 0)
(1 2.03691e-16 0)
(1 -1.78151e-15 0)
(1 -4.04291e-15 0)
(1 -3.83659e-16 0)
(1 -3.25202e-15 0)
(1 -6.30907e-16 0)
(1 -3.86293e-15 0)
(1 -2.95852e-15 0)
(1 1.23686e-15 0)
(1 -5.96101e-18 0)
(1 -1.59356e-15 0)
(1 -1.86312e-15 0)
(1 -8.7806e-16 0)
(1 8.83458e-16 0)
(1 -2.12429e-15 0)
(1 -1.19541e-16 0)
(1 1.69218e-16 0)
(1 1.16256e-16 0)
(1 -2.7252e-15 0)
(1 -1.20936e-15 0)
(1 -1.82965e-15 0)
(1 -1.03105e-15 0)
(1 -2.72333e-15 0)
(1 -8.91408e-16 0)
(1 -3.26934e-16 0)
(1 -1.16956e-15 0)
(1 -6.13127e-16 0)
(1 1.22257e-15 0)
(1 -8.40379e-16 0)
(1 5.83132e-16 0)
(1 5.66969e-16 0)
(1 -7.72732e-16 0)
(1 1.48859e-15 0)
(1 3.25936e-16 0)
(1 1.63618e-15 0)
(1 2.9163e-15 0)
(1 1.733e-15 0)
(1 6.05522e-16 0)
(1 1.45355e-15 0)
(1 1.06969e-16 0)
(1 -1.48642e-15 0)
(1 1.21997e-15 0)
(1 -2.1331e-16 0)
(1 -3.55392e-15 0)
(1 -1.02109e-15 0)
(1 1.38366e-16 0)
(1 6.15177e-15 0)
(1 5.80945e-15 0)
(1 2.35594e-15 0)
(1 -1.85625e-15 0)
(1 -5.71056e-15 0)
(1 -2.12087e-15 0)
(1 -8.84872e-16 0)
(1 2.63154e-15 0)
(1 1.36179e-15 0)
(1 2.87775e-15 0)
(1 3.79551e-15 0)
(1 2.32882e-15 0)
(1 9.00934e-16 0)
(1 -2.10919e-16 0)
(1 2.79979e-16 0)
(1 4.75471e-16 0)
(1 -1.10908e-15 0)
(1 -1.04005e-15 0)
(1 -9.56019e-16 0)
(1 2.19867e-16 0)
(1 -8.93942e-16 0)
(1 -4.72875e-16 0)
(1 -1.14049e-15 0)
(1 4.62811e-15 0)
(1 4.03606e-15 0)
(1 4.56587e-15 0)
(1 3.74894e-16 0)
(1 1.91554e-15 0)
(1 -3.46696e-15 0)
(1 -1.58217e-15 0)
(1 4.63905e-16 0)
(1 -1.33391e-16 0)
(1 2.00791e-15 0)
(1 5.64437e-16 0)
(1 5.90129e-16 0)
(1 1.32894e-15 0)
(1 3.59316e-16 0)
(1 1.3578e-15 0)
(1 3.69198e-16 0)
(1 1.97896e-15 0)
(1 -6.78699e-16 0)
(1 5.41954e-17 0)
(1 -5.83428e-16 0)
(1 -9.8439e-16 0)
(1 -3.64244e-15 0)
(1 -1.54745e-15 0)
(1 -5.43894e-15 0)
(1 1.42551e-15 0)
(1 -6.29505e-16 0)
(1 2.75837e-15 0)
(1 2.13342e-15 0)
(1 3.12067e-16 0)
(1 1.89518e-15 0)
(1 -1.41037e-15 0)
(1 2.98088e-15 0)
(1 -1.65491e-15 0)
(1 5.84062e-16 0)
(1 1.46707e-16 0)
(1 2.42589e-16 0)
(1 8.51023e-16 0)
(1 1.33812e-15 0)
(1 2.18586e-15 0)
(1 2.40252e-15 0)
(1 2.5293e-15 0)
(1 3.18452e-15 0)
(1 -1.19858e-15 0)
(1 -5.75758e-15 0)
(1 -3.18977e-16 0)
(1 -2.1387e-15 0)
(1 2.7284e-15 0)
(1 6.70751e-16 0)
(1 6.92863e-16 0)
(1 -1.24768e-15 0)
(1 5.02213e-17 0)
(1 1.93229e-15 0)
(1 -8.97977e-16 0)
(1 -2.76808e-15 0)
(1 3.71429e-16 0)
(1 -3.05226e-17 0)
(1 -3.18862e-15 0)
(1 -1.94433e-15 0)
(1 -7.80784e-16 0)
(1 -1.10955e-16 0)
(1 -6.31895e-16 0)
(1 1.75185e-15 0)
(1 3.20692e-15 0)
(1 4.37403e-16 0)
(1 1.02405e-15 0)
(1 -4.30314e-16 0)
(1 8.26042e-16 0)
(1 2.22313e-15 0)
(1 1.15662e-15 0)
(1 -1.90334e-15 0)
(1 6.42688e-18 0)
(1 -2.55074e-15 0)
(1 -2.13787e-15 0)
(1 -7.35896e-16 0)
(1 2.23816e-16 0)
(1 -1.69688e-15 0)
(1 -8.21318e-16 0)
(1 -2.29702e-16 0)
(1 6.28833e-16 0)
(1 6.8788e-16 0)
(1 -3.84418e-17 0)
(1 -2.2909e-15 0)
(1 -1.96139e-15 0)
(1 -2.99728e-15 0)
(1 -6.26653e-16 0)
(1 2.05939e-15 0)
(1 1.23204e-15 0)
(1 1.3735e-15 0)
(1 -1.92452e-15 0)
(1 -2.25357e-15 0)
(1 7.86595e-16 0)
(1 1.19967e-15 0)
(1 1.41043e-15 0)
(1 1.20244e-15 0)
(1 9.60271e-16 0)
(1 1.54392e-15 0)
(1 -2.53313e-15 0)
(1 -6.02645e-16 0)
(1 -5.72326e-18 0)
(1 9.26394e-16 0)
(1 4.16844e-16 0)
(1 1.23101e-15 0)
(1 4.44671e-16 0)
(1 -3.66563e-16 0)
(1 -1.71903e-15 0)
(1 -3.10034e-16 0)
(1 -3.58712e-15 0)
(1 -1.81871e-15 0)
(1 -1.60269e-15 0)
(1 1.01647e-15 0)
(1 3.58089e-15 0)
(1 2.67681e-15 0)
(1 1.75874e-15 0)
(1 -3.15984e-16 0)
(1 2.26024e-15 0)
(1 -3.66637e-17 0)
(1 1.39555e-15 0)
(1 2.9715e-16 0)
(1 6.1612e-16 0)
(1 9.33441e-16 0)
(1 -2.79797e-15 0)
(1 -3.25087e-15 0)
(1 -1.63358e-15 0)
(1 -1.73357e-15 0)
(1 -2.30246e-15 0)
(1 -3.82571e-15 0)
(1 4.93741e-16 0)
(1 4.06082e-15 0)
(1 6.80295e-16 0)
(1 3.40761e-15 0)
(1 3.58562e-15 0)
(1 5.74045e-15 0)
(1 -1.38815e-15 0)
(1 -1.12883e-15 0)
(1 -8.1345e-16 0)
(1 -4.06442e-16 0)
(1 -9.46825e-16 0)
(1 -1.46367e-15 0)
(1 -2.06488e-15 0)
(1 -1.80429e-15 0)
(1 9.15811e-16 0)
(1 4.35243e-15 0)
(1 -1.37117e-16 0)
(1 -3.53839e-15 0)
(1 -3.2101e-15 0)
(1 -2.53848e-15 0)
(1 -1.31829e-15 0)
(1 2.63643e-16 0)
(1 1.27319e-15 0)
(1 2.37089e-15 0)
(1 2.10548e-15 0)
(1 7.87553e-16 0)
(1 -7.41223e-16 0)
(1 -3.61114e-15 0)
(1 -1.71409e-15 0)
(1 -9.01491e-16 0)
(1 -1.47359e-15 0)
(1 1.63183e-16 0)
(1 1.95492e-16 0)
(1 3.68277e-16 0)
(1 -1.9195e-15 0)
(1 1.04821e-15 0)
(1 -2.89218e-16 0)
(1 -3.2858e-15 0)
(1 -1.94796e-15 0)
(1 -9.75067e-16 0)
(1 -9.95078e-16 0)
(1 1.09959e-15 0)
(1 8.84419e-16 0)
(1 1.07378e-15 0)
(1 3.23922e-15 0)
(1 1.84492e-15 0)
(1 -8.13316e-16 0)
(1 8.35726e-16 0)
(1 9.00452e-16 0)
(1 1.28602e-16 0)
(1 2.69381e-15 0)
(1 5.53381e-16 0)
(1 2.42034e-16 0)
(1 -5.06486e-16 0)
(1 -3.04342e-15 0)
(1 -1.46074e-15 0)
(1 -3.13786e-15 0)
(1 -9.41881e-16 0)
(1 5.41635e-16 0)
(1 4.10378e-15 0)
(1 1.52339e-15 0)
(1 2.92134e-15 0)
(1 5.16072e-16 0)
(1 -1.58733e-16 0)
(1 3.68815e-15 0)
(1 2.17039e-15 0)
(1 2.52325e-15 0)
(1 1.35933e-15 0)
(1 -8.87136e-17 0)
(1 3.5899e-16 0)
(1 -1.14719e-15 0)
(1 -7.70359e-16 0)
(1 8.80458e-16 0)
(1 3.94724e-17 0)
(1 -2.96268e-15 0)
(1 -1.48755e-15 0)
(1 -3.75199e-15 0)
(1 -8.26723e-16 0)
(1 5.02975e-17 0)
(1 4.43692e-16 0)
(1 -2.16167e-15 0)
(1 -2.08773e-15 0)
(1 2.6428e-16 0)
(1 1.12868e-16 0)
(1 4.04635e-15 0)
(1 8.10077e-16 0)
(1 2.22724e-17 0)
)
;

boundaryField
{
    inlet
    {
        type            calculated;
        value           uniform (1 0 0);
    }
    outlet
    {
        type            calculated;
        value           nonuniform List<vector> 
40
(
(1 -3.35339e-16 0)
(1 -1.75148e-15 0)
(1 -9.7542e-16 0)
(1 -6.8271e-16 0)
(1 2.03477e-16 0)
(1 4.59738e-15 0)
(1 5.93187e-15 0)
(1 1.03522e-14 0)
(1 1.66982e-14 0)
(1 1.81704e-14 0)
(1 1.41113e-14 0)
(1 8.97926e-15 0)
(1 8.19674e-15 0)
(1 1.13657e-14 0)
(1 1.13011e-14 0)
(1 7.15651e-15 0)
(1 5.11318e-15 0)
(1 5.99822e-15 0)
(1 3.3855e-15 0)
(1 -8.34651e-16 -2.19596e-49)
(1 1.72236e-15 2.20436e-49)
(1 2.35778e-16 0)
(1 -2.71957e-15 0)
(1 2.47527e-15 0)
(1 -9.62468e-16 0)
(1 -4.10662e-15 0)
(1 3.83168e-15 0)
(1 4.88039e-15 0)
(1 -3.20526e-15 0)
(1 -7.88448e-15 0)
(1 -1.17593e-14 0)
(1 -1.03332e-14 0)
(1 -2.37685e-15 0)
(1 -2.356e-15 0)
(1 -1.51543e-15 0)
(1 7.05273e-15 0)
(1 6.29169e-15 0)
(1 1.34178e-15 0)
(1 1.7655e-15 0)
(1 2.43852e-17 0)
)
;
    }
    down
    {
        type            empty;
    }
    up
    {
        type            empty;
    }
    sides
    {
        type            calculated;
        value           nonuniform List<vector> 
200
(
(1 0 0)
(1 0 0)
(1 0 0)
(1 0 0)
(1 0 0)
(1 0 0)
(1 0 0)
(1 0 0)
(1 0 0)
(1 0 0)
(1 0 0)
(1 0 0)
(1 0 0)
(1 0 0)
(1 0 0)
(1 0 0)
(1 0 0)
(1 0 0)
(1 0 0)
(1 0 0)
(1 0 0)
(1 0 0)
(1 0 0)
(1 0 0)
(1 0 0)
(1 0 0)
(1 0 0)
(1 0 0)
(1 0 0)
(1 0 0)
(1 0 0)
(1 0 0)
(1 0 0)
(1 0 0)
(1 0 0)
(1 0 0)
(1 0 0)
(1 0 0)
(1 0 0)
(1 0 0)
(1 0 0)
(1 0 0)
(1 0 0)
(1 0 0)
(1 0 0)
(1 0 0)
(1 0 0)
(1 0 0)
(1 0 0)
(1 0 0)
(1 0 0)
(1 0 0)
(1 0 0)
(1 0 0)
(1 0 0)
(1 0 0)
(1 0 0)
(1 0 0)
(1 0 0)
(1 0 0)
(1 0 0)
(1 0 0)
(1 0 0)
(1 0 0)
(1 0 0)
(1 0 0)
(1 0 0)
(1 0 0)
(1 0 0)
(1 0 0)
(1 0 0)
(1 0 0)
(1 0 0)
(1 0 0)
(1 0 0)
(1 0 0)
(1 0 0)
(1 0 0)
(1 0 0)
(1 0 0)
(1 0 0)
(1 0 0)
(1 0 0)
(1 0 0)
(1 0 0)
(1 0 0)
(1 0 0)
(1 0 0)
(1 0 0)
(1 0 0)
(1 0 0)
(1 0 0)
(1 0 0)
(1 0 0)
(1 0 0)
(1 0 0)
(1 0 0)
(1 0 0)
(1 0 0)
(1 0 0)
(1 0 0)
(1 0 0)
(1 0 0)
(1 0 0)
(1 0 0)
(1 0 0)
(1 0 0)
(1 0 0)
(1 0 0)
(1 0 0)
(1 0 0)
(1 0 0)
(1 0 0)
(1 0 0)
(1 0 0)
(1 0 0)
(1 0 0)
(1 0 0)
(1 0 0)
(1 0 0)
(1 0 0)
(1 0 0)
(1 0 0)
(1 0 0)
(1 0 0)
(1 0 0)
(1 0 0)
(1 0 0)
(1 0 0)
(1 0 0)
(1 0 0)
(1 0 0)
(1 0 0)
(1 0 0)
(1 0 0)
(1 0 0)
(1 0 0)
(1 0 0)
(1 0 0)
(1 0 0)
(1 0 0)
(1 0 0)
(1 0 0)
(1 0 0)
(1 0 0)
(1 0 0)
(1 0 0)
(1 0 0)
(1 0 0)
(1 0 0)
(1 0 0)
(1 0 0)
(1 0 0)
(1 0 0)
(1 0 0)
(1 0 0)
(1 0 0)
(1 0 0)
(1 0 0)
(1 0 0)
(1 0 0)
(1 0 0)
(1 0 0)
(1 0 0)
(1 0 0)
(1 0 0)
(1 0 0)
(1 0 0)
(1 0 0)
(1 0 0)
(1 0 0)
(1 0 0)
(1 0 0)
(1 0 0)
(1 0 0)
(1 0 0)
(1 0 0)
(1 0 0)
(1 0 0)
(1 0 0)
(1 0 0)
(1 0 0)
(1 0 0)
(1 0 0)
(1 0 0)
(1 0 0)
(1 0 0)
(1 0 0)
(1 0 0)
(1 0 0)
(1 0 0)
(1 0 0)
(1 0 0)
(1 0 0)
(1 0 0)
(1 0 0)
(1 0 0)
(1 0 0)
(1 0 0)
(1 0 0)
)
;
    }
}

