/*--------------------------------*- C++ -*----------------------------------*\
| =========                 |                                                 |
| \\      /  F ield         | OpenFOAM: The Open Source CFD Toolbox           |
|  \\    /   O peration     | Version:  v2012                                 |
|   \\  /    A nd           | Website:  www.openfoam.com                      |
|    \\/     M anipulation  |                                                 |
\*---------------------------------------------------------------------------*/
FoamFile
{
    version     2.0;
    format      ascii;
    class       volVectorField;
    location    "0";
    object      uRec;
}
// * * * * * * * * * * * * * * * * * * * * * * * * * * * * * * * * * * * * * //

dimensions      [0 1 -1 0 0 0 0];


internalField   nonuniform List<vector> 
4000
(
(1 2.97864e-16 0)
(1 2.69004e-15 0)
(1 -1.775e-15 0)
(1 -1.53462e-15 0)
(1 2.3467e-15 0)
(1 -1.6298e-16 0)
(1 3.19451e-15 0)
(1 -2.98654e-15 0)
(1 2.22858e-15 0)
(1 2.76651e-15 0)
(1 -4.2544e-15 0)
(1 1.60168e-17 0)
(1 1.16994e-15 0)
(1 5.37813e-16 0)
(1 -3.45737e-16 0)
(1 4.76169e-16 0)
(1 -2.54133e-15 0)
(1 -2.94083e-15 0)
(1 1.27087e-15 0)
(1 1.11132e-16 0)
(1 3.50357e-16 0)
(1 2.29797e-15 0)
(1 2.09856e-16 0)
(1 3.05239e-15 0)
(1 -6.91355e-17 0)
(1 -1.23541e-15 0)
(1 1.62982e-15 0)
(1 -2.43942e-15 0)
(1 -2.05838e-16 0)
(1 7.0319e-17 0)
(1 1.59e-15 0)
(1 3.21736e-15 0)
(1 -1.37571e-15 0)
(1 -5.37252e-16 0)
(1 8.4254e-16 0)
(1 -1.98065e-15 0)
(1 -1.73961e-15 0)
(1 6.2707e-16 0)
(1 3.07025e-15 0)
(1 -3.24424e-16 0)
(1 2.22367e-15 0)
(1 -2.35306e-15 0)
(1 -1.30974e-15 0)
(1 -2.33135e-16 0)
(1 1.84966e-15 0)
(1 -2.23408e-15 0)
(1 1.57543e-15 0)
(1 3.17551e-16 0)
(1 -7.98053e-16 0)
(1 -2.758e-16 0)
(1 -1.51436e-15 0)
(1 1.04986e-15 0)
(1 -1.65696e-16 0)
(1 2.84752e-15 0)
(1 1.48905e-15 0)
(1 2.79094e-16 0)
(1 -1.64709e-16 0)
(1 -1.09347e-15 0)
(1 1.19888e-15 0)
(1 3.40004e-15 0)
(1 -2.42586e-16 0)
(1 -2.33473e-15 0)
(1 -1.05455e-15 0)
(1 9.97064e-16 0)
(1 3.33782e-16 0)
(1 2.61272e-16 0)
(1 5.49931e-16 0)
(1 -7.6247e-16 0)
(1 1.52889e-15 0)
(1 -9.21718e-16 0)
(1 -8.75959e-16 0)
(1 4.34679e-16 0)
(1 2.19691e-17 0)
(1 -3.73568e-16 0)
(1 -1.14006e-15 0)
(1 -2.62992e-15 0)
(1 -4.60138e-16 0)
(1 -8.86902e-16 0)
(1 9.89515e-16 0)
(1 1.20199e-15 0)
(1 3.34492e-16 0)
(1 2.12677e-15 0)
(1 -1.25432e-15 0)
(1 2.62207e-16 0)
(1 -1.32997e-15 0)
(1 -1.70264e-15 0)
(1 -3.59574e-16 0)
(1 7.80481e-16 0)
(1 1.44538e-15 0)
(1 7.55237e-16 0)
(1 6.65907e-17 0)
(1 -1.48162e-15 0)
(1 8.42981e-16 0)
(1 1.94942e-15 0)
(1 -1.3749e-15 0)
(1 -2.70962e-15 0)
(1 2.26346e-16 0)
(1 2.13857e-15 0)
(1 -3.96515e-16 0)
(1 -3.31976e-16 0)
(1 2.86563e-16 0)
(1 5.8039e-15 0)
(1 -2.00113e-15 0)
(1 -2.96195e-15 0)
(1 2.28047e-16 0)
(1 1.24435e-15 0)
(1 3.33812e-15 0)
(1 -3.6436e-15 0)
(1 2.61358e-15 0)
(1 1.7642e-15 0)
(1 -1.2998e-15 0)
(1 5.23092e-16 0)
(1 9.62119e-16 0)
(1 -1.06736e-15 0)
(1 -1.66399e-15 0)
(1 2.68104e-15 0)
(1 -1.34723e-15 0)
(1 -1.99279e-15 0)
(1 1.64632e-15 0)
(1 -5.1211e-16 0)
(1 1.90393e-17 0)
(1 -1.73655e-16 0)
(1 -1.40944e-15 0)
(1 1.14295e-15 0)
(1 -2.65313e-16 0)
(1 4.92517e-16 0)
(1 4.42973e-15 0)
(1 -3.13059e-15 0)
(1 -1.4829e-15 0)
(1 1.67234e-15 0)
(1 -6.1112e-16 0)
(1 3.99569e-15 0)
(1 -2.46276e-15 0)
(1 -1.30912e-15 0)
(1 1.64171e-15 0)
(1 -2.30813e-15 0)
(1 -1.76608e-16 0)
(1 3.94398e-15 0)
(1 2.3656e-15 0)
(1 -1.164e-15 0)
(1 -1.34865e-15 0)
(1 -3.38857e-15 0)
(1 -4.41315e-15 0)
(1 -2.07067e-15 0)
(1 -1.658e-16 0)
(1 -2.09862e-15 0)
(1 4.07623e-15 0)
(1 4.06084e-15 0)
(1 3.25155e-15 0)
(1 1.7759e-15 0)
(1 -2.44773e-16 0)
(1 -4.40519e-16 0)
(1 2.78907e-15 0)
(1 1.53094e-15 0)
(1 9.34843e-16 0)
(1 -1.12319e-15 0)
(1 -8.85344e-18 0)
(1 2.7153e-15 0)
(1 7.68622e-16 0)
(1 -1.63966e-15 0)
(1 1.87749e-16 0)
(1 5.22957e-16 0)
(1 -6.75215e-16 0)
(1 1.30995e-15 0)
(1 -4.03306e-16 0)
(1 2.26795e-15 0)
(1 -2.26231e-15 0)
(1 -2.45669e-15 0)
(1 1.65061e-15 0)
(1 -1.20645e-15 0)
(1 -2.02092e-15 0)
(1 2.92103e-17 0)
(1 1.85302e-15 0)
(1 -1.39538e-15 0)
(1 -1.0867e-16 0)
(1 -4.16953e-16 0)
(1 5.66418e-16 0)
(1 2.22818e-15 0)
(1 2.05642e-16 0)
(1 2.22716e-15 0)
(1 -4.4691e-16 0)
(1 1.8483e-15 0)
(1 2.41874e-15 0)
(1 -1.64709e-15 0)
(1 -1.08649e-17 0)
(1 -2.14706e-15 0)
(1 -2.79085e-15 0)
(1 -1.1985e-15 0)
(1 6.36437e-16 0)
(1 2.27275e-15 0)
(1 -1.2282e-16 0)
(1 -2.3667e-15 0)
(1 3.29569e-15 0)
(1 2.24314e-15 0)
(1 -3.96077e-15 0)
(1 -3.12504e-15 0)
(1 1.64862e-15 0)
(1 1.28809e-15 0)
(1 -9.6325e-16 0)
(1 -8.31339e-16 0)
(1 6.23322e-16 0)
(1 2.86516e-15 0)
(1 1.57908e-16 0)
(1 -1.72982e-15 0)
(1 -9.97518e-16 0)
(1 1.07311e-15 0)
(1 2.53518e-15 0)
(1 6.20953e-15 0)
(1 -2.66289e-15 0)
(1 -2.16238e-15 0)
(1 1.0367e-15 0)
(1 3.91376e-15 0)
(1 2.27115e-15 0)
(1 -1.40848e-15 0)
(1 -7.75164e-16 0)
(1 2.17335e-16 0)
(1 1.5153e-15 0)
(1 1.61904e-15 0)
(1 -5.06779e-16 0)
(1 2.03412e-15 0)
(1 -1.40524e-17 0)
(1 -2.0875e-15 0)
(1 -1.74891e-15 0)
(1 -1.33698e-15 0)
(1 2.79473e-15 0)
(1 3.65061e-15 0)
(1 3.2253e-15 0)
(1 -3.19969e-15 0)
(1 -1.51782e-15 0)
(1 1.98285e-15 0)
(1 1.14269e-15 0)
(1 -1.70287e-15 0)
(1 7.41417e-16 0)
(1 2.16578e-15 0)
(1 -3.07853e-16 0)
(1 -3.96696e-16 0)
(1 -2.04416e-15 0)
(1 2.52265e-15 0)
(1 3.1279e-15 0)
(1 -3.26679e-15 0)
(1 -3.15834e-15 0)
(1 -1.59829e-15 0)
(1 -3.71577e-15 0)
(1 -3.78814e-15 0)
(1 -2.64088e-15 0)
(1 -4.3926e-16 0)
(1 -8.5782e-16 0)
(1 4.5765e-15 0)
(1 6.21975e-15 0)
(1 4.05057e-15 0)
(1 3.64009e-15 0)
(1 1.09208e-15 0)
(1 3.97049e-15 0)
(1 -2.60116e-15 0)
(1 1.82974e-16 0)
(1 -2.02959e-15 0)
(1 1.32441e-15 0)
(1 3.30576e-15 0)
(1 4.40058e-15 0)
(1 -4.6867e-16 0)
(1 -1.10022e-15 0)
(1 9.81684e-16 0)
(1 1.46937e-15 0)
(1 -2.62715e-15 0)
(1 -1.06519e-15 0)
(1 6.07733e-16 0)
(1 -1.35737e-15 0)
(1 5.85042e-16 0)
(1 2.73057e-15 0)
(1 9.25689e-16 0)
(1 1.24321e-15 0)
(1 8.50622e-16 0)
(1 -4.1666e-16 0)
(1 -3.67244e-15 0)
(1 -1.32901e-15 0)
(1 -1.94591e-17 0)
(1 -2.18057e-16 0)
(1 1.36513e-15 0)
(1 1.34864e-15 0)
(1 -8.91028e-16 0)
(1 -2.45345e-15 0)
(1 -9.38869e-16 0)
(1 2.77994e-15 0)
(1 -1.34389e-15 0)
(1 2.96677e-17 0)
(1 -7.87063e-17 0)
(1 -3.19352e-15 0)
(1 -1.82568e-15 0)
(1 -9.8199e-16 0)
(1 2.36047e-15 0)
(1 3.11229e-16 0)
(1 -3.52921e-16 0)
(1 -3.49805e-16 0)
(1 1.68073e-15 0)
(1 -2.19346e-15 0)
(1 -1.42643e-15 0)
(1 1.94387e-15 0)
(1 -2.61956e-15 0)
(1 2.02245e-16 0)
(1 1.99738e-16 0)
(1 3.83541e-16 0)
(1 2.7064e-15 0)
(1 2.25371e-15 0)
(1 -1.93639e-15 0)
(1 8.90001e-16 0)
(1 -2.49454e-15 0)
(1 1.79303e-15 0)
(1 7.36091e-15 0)
(1 -2.43879e-16 0)
(1 -4.97325e-16 0)
(1 -1.65078e-15 0)
(1 6.52484e-15 0)
(1 -6.89809e-16 0)
(1 -1.91132e-15 0)
(1 5.03229e-15 0)
(1 -3.258e-15 0)
(1 1.5018e-15 0)
(1 -1.88859e-15 0)
(1 -4.09438e-15 0)
(1 5.75446e-15 0)
(1 -1.26208e-15 0)
(1 1.84686e-15 0)
(1 -8.94279e-17 0)
(1 -1.58055e-17 0)
(1 5.53307e-15 0)
(1 2.97712e-15 0)
(1 2.39318e-15 0)
(1 -1.56842e-15 0)
(1 -7.18389e-16 0)
(1 2.77355e-15 0)
(1 3.92098e-16 0)
(1 -3.05857e-16 0)
(1 4.72733e-16 0)
(1 3.11835e-15 0)
(1 8.4574e-16 0)
(1 -8.49492e-16 0)
(1 -3.4749e-15 0)
(1 -3.01634e-15 0)
(1 2.70005e-15 0)
(1 8.40584e-16 0)
(1 1.46874e-15 0)
(1 -1.42565e-15 0)
(1 -4.09721e-15 0)
(1 -3.08726e-15 0)
(1 -1.23431e-15 0)
(1 7.16879e-16 0)
(1 -8.91099e-16 0)
(1 3.09787e-15 0)
(1 4.97873e-15 0)
(1 4.20931e-15 0)
(1 5.11894e-15 0)
(1 2.13309e-15 0)
(1 1.09144e-15 0)
(1 -3.97904e-17 0)
(1 1.51068e-15 0)
(1 -2.73421e-16 0)
(1 1.83668e-15 0)
(1 3.50417e-15 0)
(1 3.60905e-15 0)
(1 4.52663e-15 0)
(1 1.37362e-15 0)
(1 -1.92847e-15 0)
(1 -1.34188e-15 0)
(1 -1.58514e-16 0)
(1 -2.43754e-15 0)
(1 -6.70819e-16 0)
(1 -1.46058e-15 0)
(1 4.41987e-15 0)
(1 1.04514e-15 0)
(1 3.4716e-16 0)
(1 1.25809e-15 0)
(1 1.55237e-16 0)
(1 -8.36778e-16 0)
(1 -2.36226e-15 0)
(1 -3.48704e-15 0)
(1 -8.93666e-16 0)
(1 2.63708e-15 0)
(1 -1.19112e-16 0)
(1 2.08732e-15 0)
(1 2.47423e-15 0)
(1 -3.59399e-15 0)
(1 1.54988e-15 0)
(1 -4.40332e-16 0)
(1 2.63574e-16 0)
(1 3.06043e-16 0)
(1 -2.18921e-15 0)
(1 -5.61093e-16 0)
(1 -1.89131e-15 0)
(1 2.17546e-17 0)
(1 1.02256e-15 0)
(1 -1.38347e-15 0)
(1 8.49612e-16 0)
(1 -6.95853e-16 0)
(1 1.39302e-15 0)
(1 8.79301e-16 0)
(1 -4.3706e-16 0)
(1 9.4642e-18 0)
(1 -2.53541e-16 0)
(1 -2.24186e-15 0)
(1 -2.02325e-15 0)
(1 6.45872e-16 0)
(1 -1.49688e-16 0)
(1 2.41216e-15 0)
(1 -1.72302e-15 0)
(1 -5.89295e-16 0)
(1 1.7557e-15 0)
(1 3.50602e-16 0)
(1 1.23558e-15 0)
(1 7.08538e-15 0)
(1 3.41565e-15 0)
(1 1.92558e-15 0)
(1 3.54722e-15 0)
(1 -1.83214e-15 0)
(1 -4.15681e-15 0)
(1 2.07692e-15 0)
(1 1.44511e-15 0)
(1 4.9784e-15 0)
(1 2.56433e-15 0)
(1 -7.50003e-16 0)
(1 -1.95219e-15 0)
(1 -2.11389e-15 0)
(1 -3.34988e-16 0)
(1 3.33599e-15 0)
(1 4.56145e-15 0)
(1 5.06571e-17 0)
(1 -1.27924e-15 0)
(1 -1.78469e-15 0)
(1 6.83395e-16 0)
(1 5.65228e-16 0)
(1 -1.37231e-15 0)
(1 1.60154e-15 0)
(1 2.97762e-15 0)
(1 -1.57044e-15 0)
(1 3.49195e-15 0)
(1 -1.9532e-15 0)
(1 -3.21717e-15 0)
(1 -1.57383e-15 0)
(1 -1.75453e-15 0)
(1 2.72941e-16 0)
(1 2.47592e-15 0)
(1 1.15948e-15 0)
(1 -1.59172e-15 0)
(1 -5.1146e-15 0)
(1 -2.13147e-15 0)
(1 -3.70803e-15 0)
(1 1.57377e-15 0)
(1 4.02528e-15 0)
(1 6.78842e-15 0)
(1 4.44813e-15 0)
(1 2.76425e-15 0)
(1 3.61211e-15 0)
(1 3.75273e-16 0)
(1 -3.8716e-16 0)
(1 2.19947e-15 0)
(1 2.81868e-15 0)
(1 2.58387e-15 0)
(1 1.16181e-15 0)
(1 2.15053e-15 0)
(1 -1.92808e-15 0)
(1 -2.03731e-15 0)
(1 4.18661e-15 0)
(1 -6.85749e-17 0)
(1 8.95564e-16 0)
(1 6.81746e-16 0)
(1 -3.33654e-16 0)
(1 -1.08854e-16 0)
(1 -9.90367e-17 0)
(1 3.62085e-15 0)
(1 -1.11554e-15 0)
(1 2.70778e-15 0)
(1 1.37064e-16 0)
(1 -4.33735e-16 0)
(1 2.96801e-15 0)
(1 -5.15967e-16 0)
(1 -1.54472e-15 0)
(1 -9.26181e-16 0)
(1 3.09048e-15 0)
(1 3.45894e-15 0)
(1 1.39071e-15 0)
(1 -3.17246e-16 0)
(1 -1.98216e-15 0)
(1 4.00529e-16 0)
(1 -1.19901e-15 0)
(1 -1.01008e-15 0)
(1 6.84982e-16 0)
(1 -2.69859e-15 0)
(1 1.71502e-16 0)
(1 -1.22889e-15 0)
(1 -1.87489e-15 0)
(1 -4.3509e-16 0)
(1 -1.23127e-15 0)
(1 -7.66203e-16 0)
(1 1.56948e-15 0)
(1 -2.48935e-16 0)
(1 2.25474e-15 0)
(1 7.24239e-16 0)
(1 -1.11073e-15 0)
(1 2.8644e-16 0)
(1 -4.32516e-15 0)
(1 -1.90692e-15 0)
(1 -1.54029e-16 0)
(1 -3.51661e-15 0)
(1 2.49238e-15 0)
(1 2.44482e-15 0)
(1 2.00186e-16 0)
(1 2.34936e-15 0)
(1 5.1366e-16 0)
(1 2.31032e-15 0)
(1 3.83294e-15 0)
(1 3.75355e-15 0)
(1 6.61831e-15 0)
(1 1.24868e-15 0)
(1 -2.5678e-15 0)
(1 9.19298e-16 0)
(1 -6.79641e-16 0)
(1 1.94377e-15 0)
(1 2.94429e-16 0)
(1 1.4824e-15 0)
(1 1.4648e-15 0)
(1 -2.86415e-15 0)
(1 2.76539e-16 0)
(1 -3.27484e-15 0)
(1 5.31915e-15 0)
(1 3.38615e-15 0)
(1 -1.19693e-15 0)
(1 2.16878e-15 0)
(1 -8.33296e-16 0)
(1 -6.40568e-16 0)
(1 -1.36286e-15 0)
(1 -4.65309e-16 0)
(1 2.41683e-16 0)
(1 1.50493e-15 0)
(1 1.29921e-15 0)
(1 1.74374e-15 0)
(1 -4.54668e-15 0)
(1 4.08105e-16 0)
(1 3.00825e-15 0)
(1 2.75095e-15 0)
(1 -1.09825e-15 0)
(1 -2.0732e-15 0)
(1 8.43013e-16 0)
(1 -8.91013e-16 0)
(1 -3.02902e-15 0)
(1 -3.85677e-15 0)
(1 -4.03051e-16 0)
(1 1.68627e-15 0)
(1 1.00706e-15 0)
(1 4.37336e-15 0)
(1 5.17943e-15 0)
(1 4.42953e-15 0)
(1 9.44431e-16 0)
(1 1.37856e-15 0)
(1 2.81095e-15 0)
(1 3.43173e-15 0)
(1 1.69446e-15 0)
(1 2.19045e-15 0)
(1 3.40655e-15 0)
(1 3.16766e-15 0)
(1 3.01933e-15 0)
(1 4.31363e-15 0)
(1 2.92059e-15 0)
(1 -1.74478e-15 0)
(1 -8.84097e-16 0)
(1 -2.02256e-15 0)
(1 1.55073e-15 0)
(1 9.31567e-16 0)
(1 5.49909e-15 0)
(1 2.16767e-15 0)
(1 1.69567e-15 0)
(1 1.71825e-15 0)
(1 2.43058e-15 0)
(1 1.74356e-15 0)
(1 2.61454e-15 0)
(1 -9.38555e-16 0)
(1 -2.54887e-15 0)
(1 -1.55797e-15 0)
(1 6.56373e-17 0)
(1 4.45867e-15 0)
(1 3.02885e-16 0)
(1 -2.61975e-15 0)
(1 -7.50872e-16 0)
(1 7.8253e-16 0)
(1 -1.3752e-15 0)
(1 8.15487e-16 0)
(1 -7.94025e-16 0)
(1 -1.69167e-15 0)
(1 -1.33717e-15 0)
(1 -4.04893e-15 0)
(1 -3.58243e-15 0)
(1 -1.10527e-15 0)
(1 -3.76428e-16 0)
(1 -7.92949e-16 0)
(1 1.78832e-15 0)
(1 2.39386e-15 0)
(1 4.51699e-15 0)
(1 2.37288e-15 0)
(1 1.49262e-16 0)
(1 -3.47229e-15 0)
(1 -5.68042e-16 0)
(1 1.698e-15 0)
(1 -1.57124e-15 0)
(1 -4.0857e-16 0)
(1 2.92259e-15 0)
(1 -3.41742e-16 0)
(1 3.9015e-15 0)
(1 -1.60663e-15 0)
(1 7.27747e-17 0)
(1 5.06929e-15 0)
(1 1.44954e-15 0)
(1 2.39524e-15 0)
(1 5.74508e-15 0)
(1 -5.07926e-16 0)
(1 -1.49502e-17 0)
(1 3.89134e-15 0)
(1 5.30888e-16 0)
(1 5.64462e-15 0)
(1 3.63492e-15 0)
(1 -4.56691e-16 0)
(1 5.46385e-16 0)
(1 1.19116e-15 0)
(1 1.2818e-15 0)
(1 -7.62506e-15 0)
(1 3.70392e-15 0)
(1 -2.10976e-15 0)
(1 1.8195e-15 0)
(1 6.03788e-17 0)
(1 -8.46535e-16 0)
(1 -8.86499e-16 0)
(1 8.6827e-16 0)
(1 3.61161e-15 0)
(1 -9.30373e-18 0)
(1 1.06302e-15 0)
(1 2.87825e-15 0)
(1 -2.30221e-15 0)
(1 -2.15192e-15 0)
(1 3.44969e-15 0)
(1 3.8208e-15 0)
(1 1.31779e-15 0)
(1 -5.34326e-15 0)
(1 -9.64942e-16 0)
(1 -1.52898e-15 0)
(1 -3.2026e-15 0)
(1 3.67473e-16 0)
(1 -1.25088e-15 0)
(1 2.03015e-15 0)
(1 2.31874e-15 0)
(1 3.42422e-15 0)
(1 6.61113e-16 0)
(1 2.7855e-15 0)
(1 5.27904e-15 0)
(1 1.95274e-15 0)
(1 1.55841e-15 0)
(1 3.18764e-15 0)
(1 5.45529e-15 0)
(1 1.57547e-15 0)
(1 9.28539e-16 0)
(1 1.67787e-15 0)
(1 3.19324e-15 0)
(1 3.89756e-15 0)
(1 4.33055e-15 0)
(1 -1.48765e-15 0)
(1 7.09085e-16 0)
(1 -7.71346e-16 0)
(1 8.37941e-16 0)
(1 -7.06535e-17 0)
(1 -1.30548e-15 0)
(1 -4.00222e-16 0)
(1 2.94471e-15 0)
(1 3.09458e-15 0)
(1 -8.10843e-16 0)
(1 4.0523e-15 0)
(1 4.27896e-15 0)
(1 1.23155e-16 0)
(1 -5.2119e-16 0)
(1 -8.90387e-16 0)
(1 2.46788e-15 0)
(1 -3.40463e-16 0)
(1 1.85671e-15 0)
(1 9.2492e-16 0)
(1 9.69254e-17 0)
(1 7.15014e-16 0)
(1 5.27032e-16 0)
(1 5.21659e-16 0)
(1 3.61e-16 0)
(1 -6.7541e-16 0)
(1 4.24569e-16 0)
(1 -1.64239e-15 0)
(1 -6.7088e-16 0)
(1 2.80529e-18 0)
(1 -1.60597e-15 0)
(1 -1.0546e-15 0)
(1 5.02572e-16 0)
(1 2.49003e-15 0)
(1 2.54597e-15 0)
(1 1.43818e-15 0)
(1 3.27923e-15 0)
(1 -6.42746e-16 0)
(1 -1.73785e-15 0)
(1 1.70755e-15 0)
(1 8.36877e-16 0)
(1 -1.37625e-15 0)
(1 9.0301e-17 0)
(1 -5.15629e-17 0)
(1 4.33572e-16 0)
(1 3.89371e-15 0)
(1 1.20223e-15 0)
(1 -4.00175e-16 0)
(1 2.02925e-15 0)
(1 6.04628e-15 0)
(1 7.3044e-15 0)
(1 3.50242e-15 0)
(1 -4.56273e-15 0)
(1 3.06425e-15 0)
(1 -1.05532e-15 0)
(1 1.98077e-15 0)
(1 5.8313e-15 0)
(1 2.83246e-15 0)
(1 6.81727e-15 0)
(1 3.48933e-15 0)
(1 -3.08176e-15 0)
(1 -2.49916e-15 0)
(1 -5.95853e-15 0)
(1 -2.19315e-15 0)
(1 1.44819e-16 0)
(1 1.1164e-16 0)
(1 -4.89259e-15 0)
(1 -3.59789e-15 0)
(1 -2.8918e-16 0)
(1 1.0435e-15 0)
(1 2.57934e-15 0)
(1 7.74933e-15 0)
(1 1.04199e-15 0)
(1 1.26603e-15 0)
(1 -2.47268e-15 0)
(1 -8.59715e-16 0)
(1 -1.1698e-15 0)
(1 -1.78161e-15 0)
(1 3.84296e-18 0)
(1 4.1584e-17 0)
(1 3.97801e-15 0)
(1 -2.40741e-15 0)
(1 -8.96931e-16 0)
(1 3.4033e-15 0)
(1 -3.39636e-16 0)
(1 -1.52692e-15 0)
(1 3.09496e-15 0)
(1 5.11801e-15 0)
(1 4.61984e-15 0)
(1 -9.24191e-16 0)
(1 2.32191e-15 0)
(1 5.01098e-15 0)
(1 2.66754e-15 0)
(1 -1.03927e-15 0)
(1 4.3271e-15 0)
(1 6.0417e-15 0)
(1 6.75643e-15 0)
(1 1.90171e-15 0)
(1 -6.49401e-16 0)
(1 4.97074e-15 0)
(1 -8.54794e-16 0)
(1 -4.56332e-15 0)
(1 2.02878e-15 0)
(1 4.12458e-15 0)
(1 3.88751e-15 0)
(1 4.7305e-16 0)
(1 2.38019e-15 0)
(1 2.58511e-15 0)
(1 -2.69855e-16 0)
(1 3.32391e-15 0)
(1 3.03382e-15 0)
(1 4.38757e-15 0)
(1 2.90978e-15 0)
(1 1.05057e-15 0)
(1 -1.08981e-15 0)
(1 -1.32609e-16 0)
(1 4.17632e-15 0)
(1 1.41438e-15 0)
(1 -1.17613e-15 0)
(1 -1.49946e-15 0)
(1 -2.66805e-15 0)
(1 1.70409e-15 0)
(1 -1.81625e-15 0)
(1 9.61155e-16 0)
(1 1.52559e-15 0)
(1 -4.07523e-15 0)
(1 -2.01597e-16 0)
(1 -4.59434e-18 0)
(1 1.59477e-15 0)
(1 1.25141e-15 0)
(1 -5.3385e-15 0)
(1 -2.43756e-15 0)
(1 1.34794e-15 0)
(1 1.47693e-15 0)
(1 2.93054e-15 0)
(1 2.5542e-15 0)
(1 3.10311e-15 0)
(1 -2.57328e-15 0)
(1 -1.57342e-15 0)
(1 1.63223e-15 0)
(1 2.07615e-15 0)
(1 -8.03095e-17 0)
(1 -1.95577e-16 0)
(1 -5.89394e-16 0)
(1 1.31683e-15 0)
(1 1.92946e-16 0)
(1 3.90284e-15 0)
(1 6.14539e-17 0)
(1 -1.50613e-15 0)
(1 4.3065e-15 0)
(1 4.02142e-15 0)
(1 2.90353e-15 0)
(1 1.34702e-15 0)
(1 9.9804e-16 0)
(1 2.33189e-15 0)
(1 3.53319e-15 0)
(1 3.56341e-15 0)
(1 1.76389e-15 0)
(1 4.44381e-15 0)
(1 5.20625e-15 0)
(1 -2.25742e-15 0)
(1 -6.53921e-15 0)
(1 -4.44529e-16 0)
(1 -3.98421e-15 0)
(1 3.87469e-16 0)
(1 1.82203e-16 0)
(1 -3.08728e-15 0)
(1 6.0194e-16 0)
(1 -3.5731e-15 0)
(1 -2.20081e-15 0)
(1 2.93522e-15 0)
(1 3.94817e-15 0)
(1 -1.21102e-15 0)
(1 1.96637e-15 0)
(1 8.55734e-16 0)
(1 -1.29125e-15 0)
(1 -1.36006e-15 0)
(1 -1.59218e-15 0)
(1 2.30512e-15 0)
(1 2.16984e-15 0)
(1 2.44422e-15 0)
(1 -2.54478e-15 0)
(1 1.59816e-15 0)
(1 2.52497e-15 0)
(1 9.09582e-16 0)
(1 3.58637e-15 0)
(1 -8.31214e-16 0)
(1 2.66627e-15 0)
(1 2.89044e-15 0)
(1 -2.02665e-15 0)
(1 3.04107e-16 0)
(1 2.87991e-15 0)
(1 5.01694e-15 0)
(1 1.32576e-15 0)
(1 5.08239e-15 0)
(1 7.69258e-15 0)
(1 5.78516e-15 0)
(1 5.02862e-15 0)
(1 5.53925e-16 0)
(1 5.36378e-15 0)
(1 8.08556e-16 0)
(1 2.26416e-15 0)
(1 2.18116e-15 0)
(1 -7.64831e-16 0)
(1 4.48856e-15 0)
(1 -4.29612e-15 0)
(1 3.93078e-15 0)
(1 3.87629e-15 0)
(1 -2.28922e-15 0)
(1 7.34314e-15 0)
(1 6.03637e-15 0)
(1 5.87382e-15 0)
(1 9.4966e-17 0)
(1 2.06197e-15 0)
(1 3.31571e-16 0)
(1 -1.16587e-15 0)
(1 2.50585e-15 0)
(1 3.1196e-16 0)
(1 -7.92403e-16 0)
(1 -2.80835e-15 0)
(1 2.65306e-15 0)
(1 2.42058e-15 0)
(1 3.05781e-15 0)
(1 -3.59171e-16 0)
(1 1.42484e-15 0)
(1 -4.06835e-15 0)
(1 -3.77555e-15 0)
(1 -3.15771e-15 0)
(1 -7.31683e-16 0)
(1 -2.18622e-16 0)
(1 -8.78184e-16 0)
(1 -8.61212e-16 0)
(1 1.19436e-15 0)
(1 2.45896e-15 0)
(1 4.72455e-15 0)
(1 4.88902e-15 0)
(1 3.05513e-15 0)
(1 3.11914e-17 0)
(1 -1.3698e-15 0)
(1 3.65069e-15 0)
(1 4.64055e-15 0)
(1 4.86052e-16 0)
(1 4.83245e-16 0)
(1 1.58514e-15 0)
(1 -1.09103e-15 0)
(1 1.63579e-15 0)
(1 -3.95112e-16 0)
(1 2.75573e-15 0)
(1 2.54389e-15 0)
(1 2.56754e-15 0)
(1 2.93672e-15 0)
(1 1.33733e-15 0)
(1 9.53632e-15 0)
(1 3.50411e-15 0)
(1 3.13121e-15 0)
(1 3.18894e-15 0)
(1 8.12967e-17 0)
(1 -4.56757e-16 0)
(1 6.2407e-16 0)
(1 6.40505e-16 0)
(1 2.07846e-15 0)
(1 -2.10054e-15 0)
(1 -2.0739e-18 0)
(1 -5.13931e-15 0)
(1 -2.77054e-15 0)
(1 1.3113e-15 0)
(1 2.21387e-15 0)
(1 -1.25814e-15 0)
(1 -2.83401e-15 0)
(1 1.25427e-15 0)
(1 -1.64476e-15 0)
(1 -2.50678e-15 0)
(1 2.11704e-15 0)
(1 1.67137e-15 0)
(1 2.24854e-15 0)
(1 2.20813e-15 0)
(1 -6.32572e-16 0)
(1 -3.75647e-15 0)
(1 -1.95027e-15 0)
(1 -2.07973e-15 0)
(1 -2.52774e-15 0)
(1 -1.36091e-15 0)
(1 2.92884e-15 0)
(1 2.52907e-15 0)
(1 3.67859e-15 0)
(1 6.27759e-15 0)
(1 1.48977e-15 0)
(1 9.64805e-16 0)
(1 5.00502e-16 0)
(1 1.93446e-15 0)
(1 3.34816e-15 0)
(1 9.64411e-17 0)
(1 6.36199e-17 0)
(1 3.79276e-15 0)
(1 6.21981e-15 0)
(1 7.79997e-15 0)
(1 4.88645e-15 0)
(1 1.60946e-15 0)
(1 -8.6445e-16 0)
(1 2.59827e-15 0)
(1 3.47424e-15 0)
(1 4.88568e-15 0)
(1 6.38254e-15 0)
(1 1.9866e-15 0)
(1 2.01224e-15 0)
(1 3.3105e-15 0)
(1 -4.38396e-16 0)
(1 2.41519e-15 0)
(1 2.2223e-15 0)
(1 4.0861e-15 0)
(1 4.31196e-15 0)
(1 5.19507e-15 0)
(1 3.02437e-15 0)
(1 7.72643e-16 0)
(1 8.34619e-16 0)
(1 1.11444e-15 0)
(1 9.92011e-16 0)
(1 1.30715e-15 0)
(1 -1.35062e-15 0)
(1 2.59392e-16 0)
(1 4.68692e-16 0)
(1 1.58029e-15 0)
(1 1.32378e-15 0)
(1 -4.23794e-16 0)
(1 1.59723e-16 0)
(1 -1.88094e-15 0)
(1 -3.80229e-15 0)
(1 -5.03686e-16 0)
(1 5.53053e-17 0)
(1 -2.02242e-15 0)
(1 -6.2722e-16 0)
(1 3.04416e-15 0)
(1 -8.57773e-16 0)
(1 2.96018e-15 0)
(1 -1.82926e-15 0)
(1 6.01666e-15 0)
(1 1.7961e-15 0)
(1 8.94974e-16 0)
(1 3.17116e-15 0)
(1 3.89903e-15 0)
(1 4.26476e-15 0)
(1 1.5186e-17 0)
(1 -6.1792e-16 0)
(1 1.62372e-15 0)
(1 2.99346e-15 0)
(1 -4.20795e-17 0)
(1 -2.58994e-15 0)
(1 4.23524e-15 0)
(1 2.30856e-15 0)
(1 4.81921e-15 0)
(1 4.6518e-15 0)
(1 -1.13266e-15 0)
(1 5.96659e-15 0)
(1 1.23651e-15 0)
(1 2.38506e-15 0)
(1 4.0577e-16 0)
(1 -3.6346e-15 0)
(1 -5.0792e-16 0)
(1 1.29543e-15 0)
(1 3.15497e-15 0)
(1 2.74405e-15 0)
(1 -3.05725e-15 0)
(1 -1.52739e-15 0)
(1 -6.00966e-15 0)
(1 -6.94166e-16 0)
(1 -5.28923e-15 0)
(1 8.15496e-15 0)
(1 5.64628e-15 0)
(1 4.90021e-15 0)
(1 2.9689e-15 0)
(1 -5.76821e-15 0)
(1 -4.88705e-15 0)
(1 3.79206e-16 0)
(1 -1.87174e-15 0)
(1 -8.35861e-16 0)
(1 3.06413e-15 0)
(1 -1.49903e-15 0)
(1 -8.64501e-16 0)
(1 -5.5197e-15 0)
(1 -2.89797e-15 0)
(1 -1.89031e-15 0)
(1 6.41811e-15 0)
(1 3.07526e-15 0)
(1 1.0122e-15 0)
(1 8.37952e-16 0)
(1 3.23798e-15 0)
(1 3.02649e-15 0)
(1 9.14559e-16 0)
(1 1.40466e-15 0)
(1 6.78659e-15 0)
(1 3.22391e-15 0)
(1 -1.00384e-16 0)
(1 8.19664e-16 0)
(1 5.09767e-15 0)
(1 6.75658e-15 0)
(1 7.19172e-15 0)
(1 4.84379e-15 0)
(1 5.02132e-15 0)
(1 8.14715e-16 0)
(1 5.25189e-15 0)
(1 2.25875e-15 0)
(1 4.00523e-15 0)
(1 2.61216e-15 0)
(1 2.98339e-15 0)
(1 5.6777e-16 0)
(1 5.8311e-15 0)
(1 3.11553e-15 0)
(1 2.16229e-15 0)
(1 4.18908e-15 0)
(1 -2.96383e-15 0)
(1 -3.20022e-16 0)
(1 2.79271e-15 0)
(1 4.20958e-15 0)
(1 2.33525e-15 0)
(1 1.68227e-15 0)
(1 -8.6616e-16 0)
(1 -3.83728e-15 0)
(1 4.48447e-15 0)
(1 2.46666e-16 0)
(1 -2.76923e-15 0)
(1 -1.0175e-15 0)
(1 3.12657e-15 0)
(1 1.83603e-15 0)
(1 6.78822e-15 0)
(1 -4.42132e-16 0)
(1 -2.0857e-15 0)
(1 -3.32648e-16 0)
(1 2.90509e-16 0)
(1 -3.60837e-15 0)
(1 -2.75401e-15 0)
(1 -4.32823e-15 0)
(1 4.88995e-15 0)
(1 -4.21245e-16 0)
(1 5.14492e-16 0)
(1 5.13451e-17 0)
(1 2.35449e-15 0)
(1 3.6217e-15 0)
(1 2.51809e-15 0)
(1 6.07666e-15 0)
(1 7.39417e-16 0)
(1 1.42484e-15 0)
(1 -4.13464e-16 0)
(1 8.51734e-16 0)
(1 8.80543e-16 0)
(1 3.45531e-15 0)
(1 -2.42714e-15 0)
(1 1.88676e-15 0)
(1 -1.17489e-15 0)
(1 2.08566e-15 0)
(1 3.81198e-15 0)
(1 5.05399e-15 0)
(1 4.40444e-15 0)
(1 -1.08159e-15 0)
(1 -1.63982e-15 0)
(1 1.5416e-15 0)
(1 2.76479e-15 0)
(1 1.42053e-15 0)
(1 2.56948e-15 0)
(1 -1.48079e-15 0)
(1 3.41583e-15 0)
(1 1.60969e-15 0)
(1 -2.91732e-15 0)
(1 -8.57763e-17 0)
(1 -1.9048e-15 0)
(1 -2.5478e-15 0)
(1 -6.95938e-16 0)
(1 -1.10669e-15 0)
(1 3.82959e-15 0)
(1 2.4726e-15 0)
(1 2.2147e-15 0)
(1 -1.96471e-15 0)
(1 6.78058e-16 0)
(1 1.51025e-15 0)
(1 -3.84351e-15 0)
(1 -4.8583e-15 0)
(1 -4.07336e-15 0)
(1 -8.37588e-16 0)
(1 1.44831e-15 0)
(1 -6.03686e-15 0)
(1 -7.88438e-16 0)
(1 -1.47749e-16 0)
(1 5.15688e-15 0)
(1 3.77095e-16 0)
(1 -3.35559e-15 0)
(1 1.19244e-15 0)
(1 6.43365e-15 0)
(1 3.1038e-15 0)
(1 5.58084e-15 0)
(1 -3.53904e-16 0)
(1 3.25519e-15 0)
(1 3.66121e-15 0)
(1 1.06954e-15 0)
(1 3.37726e-15 0)
(1 4.37832e-15 0)
(1 6.084e-15 0)
(1 5.50301e-15 0)
(1 -1.41501e-15 0)
(1 3.35775e-15 0)
(1 4.04995e-15 0)
(1 4.18015e-15 0)
(1 1.76847e-15 0)
(1 5.19394e-15 0)
(1 4.07594e-15 0)
(1 6.94605e-15 0)
(1 3.86365e-15 0)
(1 -1.39204e-16 0)
(1 2.26084e-15 0)
(1 4.19074e-16 0)
(1 2.12548e-15 0)
(1 1.32293e-15 0)
(1 -7.21939e-16 0)
(1 4.35133e-15 0)
(1 2.7022e-15 0)
(1 -1.92167e-15 0)
(1 1.22848e-15 0)
(1 2.73323e-15 0)
(1 -1.84202e-15 0)
(1 8.88896e-16 0)
(1 -1.25091e-15 0)
(1 -1.78147e-15 0)
(1 1.84615e-15 0)
(1 4.75574e-15 0)
(1 1.80026e-15 0)
(1 3.51605e-15 0)
(1 -2.64506e-15 0)
(1 -1.16623e-15 0)
(1 2.31858e-15 0)
(1 -3.28425e-15 0)
(1 -3.57198e-15 0)
(1 -1.46573e-15 0)
(1 3.59721e-15 0)
(1 3.44252e-15 0)
(1 1.2304e-15 0)
(1 -2.21833e-15 0)
(1 2.02586e-15 0)
(1 -7.75526e-16 0)
(1 5.2563e-15 0)
(1 3.94438e-15 0)
(1 4.83011e-15 0)
(1 5.4126e-16 0)
(1 -8.84115e-16 0)
(1 7.69238e-16 0)
(1 1.17761e-15 0)
(1 -1.00375e-17 0)
(1 2.55431e-16 0)
(1 2.43523e-15 0)
(1 2.2258e-15 0)
(1 2.1542e-15 0)
(1 2.44389e-15 0)
(1 2.60181e-16 0)
(1 6.12972e-15 0)
(1 8.27418e-15 0)
(1 5.9328e-16 0)
(1 -1.3542e-15 0)
(1 -1.79229e-15 0)
(1 2.13175e-15 0)
(1 -1.26823e-15 0)
(1 -1.81336e-15 0)
(1 -2.77563e-15 0)
(1 1.93033e-15 0)
(1 6.78269e-16 0)
(1 4.25557e-15 0)
(1 5.3899e-15 0)
(1 -4.17707e-16 0)
(1 -8.74855e-15 0)
(1 6.75663e-15 0)
(1 -2.1001e-15 0)
(1 -3.52941e-15 0)
(1 -2.20745e-15 0)
(1 -6.6913e-16 0)
(1 2.00143e-15 0)
(1 -1.36143e-15 0)
(1 1.55477e-15 0)
(1 -4.05209e-15 0)
(1 -3.70417e-15 0)
(1 1.4082e-15 0)
(1 -3.78512e-16 0)
(1 1.59332e-15 0)
(1 -3.55995e-15 0)
(1 -6.88365e-16 0)
(1 1.77272e-15 0)
(1 2.38793e-16 0)
(1 1.2377e-15 0)
(1 -3.64203e-15 0)
(1 2.79922e-15 0)
(1 7.64682e-16 0)
(1 5.59476e-15 0)
(1 6.45294e-15 0)
(1 2.08332e-15 0)
(1 -1.25118e-15 0)
(1 1.57312e-15 0)
(1 3.55272e-15 0)
(1 2.0654e-15 0)
(1 7.77979e-15 0)
(1 7.11847e-15 0)
(1 4.25705e-15 0)
(1 4.48514e-15 0)
(1 2.13966e-15 0)
(1 6.45062e-15 0)
(1 -1.54489e-15 0)
(1 1.96383e-15 0)
(1 7.83353e-16 0)
(1 3.77151e-15 0)
(1 5.12074e-15 0)
(1 5.23822e-15 0)
(1 4.06502e-15 0)
(1 1.99308e-15 0)
(1 3.70446e-15 0)
(1 2.2197e-15 0)
(1 6.46011e-16 0)
(1 9.85812e-16 0)
(1 -3.08566e-15 0)
(1 1.57615e-15 0)
(1 9.15045e-16 0)
(1 1.6039e-15 0)
(1 2.67989e-15 0)
(1 1.91525e-15 0)
(1 -2.40777e-15 0)
(1 -7.43136e-16 0)
(1 4.92416e-15 0)
(1 6.9503e-16 0)
(1 -1.24273e-15 0)
(1 -2.49576e-15 0)
(1 -1.71287e-15 0)
(1 -7.9111e-16 0)
(1 9.43584e-16 0)
(1 1.13771e-15 0)
(1 -1.96648e-15 0)
(1 8.52644e-16 0)
(1 -9.47048e-16 0)
(1 4.00921e-15 0)
(1 -9.46455e-16 0)
(1 -1.12547e-16 0)
(1 1.55978e-15 0)
(1 -1.60524e-15 0)
(1 2.07155e-15 0)
(1 3.79789e-15 0)
(1 -1.77753e-17 0)
(1 1.23727e-15 0)
(1 4.65624e-16 0)
(1 -6.47429e-16 0)
(1 2.09792e-16 0)
(1 6.24096e-16 0)
(1 -7.98627e-16 0)
(1 1.90022e-15 0)
(1 3.8883e-15 0)
(1 5.03517e-15 0)
(1 3.55933e-15 0)
(1 1.01638e-15 0)
(1 -2.01485e-15 0)
(1 5.4432e-16 0)
(1 3.74851e-15 0)
(1 4.39647e-15 0)
(1 3.3076e-15 0)
(1 9.91938e-16 0)
(1 -2.02782e-15 0)
(1 -1.31183e-15 0)
(1 -3.46904e-15 0)
(1 -3.40207e-18 0)
(1 -1.86743e-15 0)
(1 -2.24546e-15 0)
(1 5.40721e-15 0)
(1 3.24071e-15 0)
(1 3.17658e-15 0)
(1 -3.72076e-15 0)
(1 -2.16018e-15 0)
(1 4.37567e-16 0)
(1 5.30056e-17 0)
(1 -2.75318e-15 0)
(1 2.10314e-15 0)
(1 1.2922e-15 0)
(1 -5.81147e-16 0)
(1 -5.72739e-15 0)
(1 -1.13246e-15 0)
(1 1.10995e-15 0)
(1 -2.66995e-15 0)
(1 -4.90859e-15 0)
(1 1.60401e-16 0)
(1 -2.90931e-15 0)
(1 2.10587e-15 0)
(1 5.95861e-16 0)
(1 -1.14327e-15 0)
(1 -1.03618e-15 0)
(1 6.35938e-15 0)
(1 6.25155e-15 0)
(1 6.10405e-16 0)
(1 4.68333e-15 0)
(1 -1.58895e-15 0)
(1 6.80855e-15 0)
(1 -2.30844e-16 0)
(1 -1.25637e-15 0)
(1 -1.09648e-15 0)
(1 -1.2752e-15 0)
(1 7.13087e-15 0)
(1 6.96722e-15 0)
(1 1.12949e-15 0)
(1 8.07119e-15 0)
(1 4.53237e-15 0)
(1 4.18508e-15 0)
(1 2.09543e-15 0)
(1 1.69829e-15 0)
(1 2.90177e-15 0)
(1 1.44473e-15 0)
(1 6.4587e-16 0)
(1 5.24475e-15 0)
(1 5.75301e-15 0)
(1 3.12564e-15 0)
(1 3.57145e-15 0)
(1 3.48989e-15 0)
(1 7.22374e-16 0)
(1 1.94564e-15 0)
(1 -1.99743e-15 0)
(1 4.65514e-15 0)
(1 4.66855e-15 0)
(1 1.78269e-15 0)
(1 -3.98397e-16 0)
(1 3.42212e-15 0)
(1 2.69885e-17 0)
(1 3.46154e-15 0)
(1 2.27735e-15 0)
(1 -3.6504e-15 0)
(1 -9.39842e-16 0)
(1 3.77148e-16 0)
(1 -3.58197e-15 0)
(1 8.46568e-16 0)
(1 5.87042e-16 0)
(1 -1.34639e-15 0)
(1 -2.71555e-15 0)
(1 1.38535e-15 0)
(1 1.40241e-15 0)
(1 1.60187e-15 0)
(1 4.27433e-16 0)
(1 -1.16796e-15 0)
(1 1.57587e-15 0)
(1 2.93417e-15 0)
(1 1.23522e-15 0)
(1 1.22803e-15 0)
(1 -4.03437e-16 0)
(1 4.19409e-15 0)
(1 4.07597e-16 0)
(1 -2.49495e-15 0)
(1 -1.85693e-16 0)
(1 3.25195e-15 0)
(1 4.20562e-16 0)
(1 5.25457e-15 0)
(1 6.54047e-16 0)
(1 4.73675e-15 0)
(1 -2.22085e-15 0)
(1 4.95609e-16 0)
(1 3.07984e-15 0)
(1 -1.21685e-15 0)
(1 4.84489e-15 0)
(1 5.00922e-15 0)
(1 4.1491e-15 0)
(1 -4.50273e-15 0)
(1 -6.38141e-15 0)
(1 5.55427e-16 0)
(1 -8.7857e-15 0)
(1 6.61056e-15 0)
(1 -1.04142e-15 0)
(1 1.82738e-15 0)
(1 6.06411e-15 0)
(1 -2.24733e-15 0)
(1 1.95779e-15 0)
(1 3.42251e-15 0)
(1 -3.87433e-15 0)
(1 -3.20575e-15 0)
(1 -3.39871e-15 0)
(1 -5.83147e-16 0)
(1 8.206e-16 0)
(1 -1.42763e-15 0)
(1 -2.03312e-15 0)
(1 -1.17901e-15 0)
(1 -4.85996e-16 0)
(1 -2.12354e-15 0)
(1 -2.32575e-15 0)
(1 -1.49198e-15 0)
(1 -4.69181e-15 0)
(1 -4.97286e-16 0)
(1 2.16828e-15 0)
(1 -7.09077e-16 0)
(1 -7.94174e-16 0)
(1 4.84779e-16 0)
(1 8.45088e-15 0)
(1 2.59499e-15 0)
(1 5.11752e-15 0)
(1 2.63444e-15 0)
(1 -5.43713e-15 0)
(1 3.97708e-15 0)
(1 -2.25713e-16 0)
(1 -3.04482e-15 0)
(1 -6.28283e-16 0)
(1 3.76817e-15 0)
(1 5.1814e-15 0)
(1 4.82844e-15 0)
(1 4.1833e-15 0)
(1 7.54295e-15 0)
(1 3.21593e-15 0)
(1 5.20624e-15 0)
(1 4.9426e-15 0)
(1 2.52263e-15 0)
(1 4.88649e-15 0)
(1 2.47354e-16 0)
(1 4.5053e-15 0)
(1 3.10081e-15 0)
(1 6.13003e-15 0)
(1 5.59316e-15 0)
(1 4.74577e-15 0)
(1 3.36121e-15 0)
(1 3.39991e-15 0)
(1 2.01851e-15 0)
(1 3.60761e-15 0)
(1 2.54203e-15 0)
(1 9.70212e-16 0)
(1 1.05002e-15 0)
(1 -7.28124e-16 0)
(1 1.86405e-15 0)
(1 5.28926e-16 0)
(1 4.50413e-15 0)
(1 -7.74775e-16 0)
(1 -5.35604e-15 0)
(1 5.93926e-16 0)
(1 9.92627e-16 0)
(1 -2.72713e-15 0)
(1 7.286e-16 0)
(1 -5.68241e-16 0)
(1 -2.33248e-15 0)
(1 -2.77497e-15 0)
(1 1.26521e-15 0)
(1 9.03714e-16 0)
(1 -1.7386e-15 0)
(1 2.87937e-17 0)
(1 -1.08136e-15 0)
(1 1.36521e-15 0)
(1 2.81886e-15 0)
(1 3.35197e-15 0)
(1 -5.04145e-16 0)
(1 -1.69176e-15 0)
(1 2.37507e-15 0)
(1 2.03247e-15 0)
(1 1.68062e-15 0)
(1 -1.85397e-16 0)
(1 3.27591e-15 0)
(1 1.21726e-15 0)
(1 1.76623e-15 0)
(1 2.24398e-15 0)
(1 3.18833e-15 0)
(1 1.43384e-15 0)
(1 1.75368e-15 0)
(1 4.10749e-15 0)
(1 2.21841e-15 0)
(1 -1.04447e-15 0)
(1 -8.56593e-17 0)
(1 1.89046e-15 0)
(1 -4.79194e-16 0)
(1 -1.04126e-15 0)
(1 -7.37749e-16 0)
(1 -3.65782e-15 0)
(1 2.73851e-16 0)
(1 3.23724e-15 0)
(1 6.93957e-16 0)
(1 -1.62685e-15 0)
(1 -7.20158e-16 0)
(1 3.68347e-16 0)
(1 1.46342e-15 0)
(1 -3.94881e-15 0)
(1 -1.9536e-15 0)
(1 -4.59974e-16 0)
(1 5.62014e-15 0)
(1 -4.735e-15 0)
(1 -1.39899e-15 0)
(1 -4.09081e-15 0)
(1 -3.87794e-16 0)
(1 -1.17313e-15 0)
(1 -3.74988e-15 0)
(1 5.67264e-16 0)
(1 -1.43632e-15 0)
(1 -2.15809e-15 0)
(1 -6.55585e-16 0)
(1 -2.26107e-15 0)
(1 -1.0359e-15 0)
(1 1.65037e-15 0)
(1 6.1675e-15 0)
(1 1.67487e-15 0)
(1 3.39086e-15 0)
(1 4.63282e-16 0)
(1 -6.78933e-16 0)
(1 2.24915e-15 0)
(1 -3.34688e-16 0)
(1 -1.92673e-15 0)
(1 -8.03451e-15 0)
(1 2.07914e-15 0)
(1 7.65498e-15 0)
(1 7.04814e-15 0)
(1 3.30301e-15 0)
(1 8.06855e-15 0)
(1 7.68957e-15 0)
(1 3.43057e-15 0)
(1 3.48542e-15 0)
(1 1.36125e-15 0)
(1 1.52979e-15 0)
(1 1.59878e-15 0)
(1 2.1162e-15 0)
(1 2.59555e-15 0)
(1 -2.64424e-15 0)
(1 5.94129e-15 0)
(1 5.30259e-15 0)
(1 5.53568e-15 0)
(1 4.25332e-15 0)
(1 3.32217e-15 0)
(1 2.4943e-15 0)
(1 1.74351e-15 0)
(1 -3.44405e-15 0)
(1 -3.09169e-17 0)
(1 3.43433e-15 0)
(1 -7.96831e-18 0)
(1 1.2395e-16 0)
(1 6.92281e-16 0)
(1 1.73847e-15 0)
(1 -5.29552e-16 0)
(1 1.99631e-15 0)
(1 -3.38616e-15 0)
(1 -3.70983e-15 0)
(1 1.12091e-15 0)
(1 -1.66597e-15 0)
(1 -2.40484e-15 0)
(1 -3.78594e-15 0)
(1 -5.16228e-16 0)
(1 2.48697e-15 0)
(1 2.90121e-15 0)
(1 -5.64192e-16 0)
(1 5.15586e-16 0)
(1 1.44582e-15 0)
(1 1.73035e-15 0)
(1 1.31077e-15 0)
(1 4.62424e-16 0)
(1 -2.20833e-15 0)
(1 5.06276e-16 0)
(1 -1.38096e-15 0)
(1 2.10709e-15 0)
(1 3.98381e-15 0)
(1 -1.08573e-15 0)
(1 1.87818e-15 0)
(1 2.0053e-16 0)
(1 4.48998e-16 0)
(1 3.70504e-15 0)
(1 4.32979e-15 0)
(1 6.23162e-15 0)
(1 5.14352e-15 0)
(1 -3.87494e-16 0)
(1 9.59464e-16 0)
(1 -1.92631e-15 0)
(1 -3.55352e-15 0)
(1 5.54517e-16 0)
(1 6.43967e-15 0)
(1 -2.65772e-16 0)
(1 -1.53052e-15 0)
(1 3.02101e-15 0)
(1 -6.22635e-15 0)
(1 -2.74731e-15 0)
(1 -1.69709e-15 0)
(1 -1.96867e-15 0)
(1 6.96143e-15 0)
(1 1.01274e-15 0)
(1 -1.26172e-15 0)
(1 -3.8585e-15 0)
(1 -3.74348e-15 0)
(1 6.1913e-16 0)
(1 2.36625e-15 0)
(1 -6.17908e-15 0)
(1 -2.04191e-15 0)
(1 -1.31607e-15 0)
(1 -5.67559e-15 0)
(1 -3.54598e-15 0)
(1 -9.3469e-16 0)
(1 -4.35149e-15 0)
(1 -2.5298e-15 0)
(1 -1.23907e-15 0)
(1 -2.38091e-15 0)
(1 -8.16111e-16 0)
(1 -2.63634e-15 0)
(1 3.36669e-16 0)
(1 5.94919e-16 0)
(1 1.32333e-15 0)
(1 4.30963e-15 0)
(1 1.0241e-15 0)
(1 -1.45123e-15 0)
(1 9.90074e-16 0)
(1 -3.20895e-15 0)
(1 2.66074e-15 0)
(1 -1.03662e-16 0)
(1 2.85618e-15 0)
(1 2.79654e-15 0)
(1 5.1735e-15 0)
(1 4.94637e-15 0)
(1 3.62237e-15 0)
(1 5.16835e-15 0)
(1 1.29877e-15 0)
(1 3.38359e-15 0)
(1 4.4916e-15 0)
(1 7.23418e-15 0)
(1 3.18227e-15 0)
(1 3.48853e-15 0)
(1 3.96506e-15 0)
(1 1.00055e-15 0)
(1 2.67893e-15 0)
(1 6.38497e-15 0)
(1 3.32355e-15 0)
(1 4.96785e-15 0)
(1 2.85795e-15 0)
(1 1.46571e-15 0)
(1 -1.59279e-15 0)
(1 -1.76305e-15 0)
(1 7.79077e-16 0)
(1 2.22604e-15 0)
(1 4.66951e-15 0)
(1 1.0025e-15 0)
(1 3.29577e-15 0)
(1 -1.52209e-15 0)
(1 -2.85747e-15 0)
(1 3.07778e-15 0)
(1 -7.56904e-16 0)
(1 -3.7266e-15 0)
(1 1.71801e-15 0)
(1 -1.16259e-15 0)
(1 -2.81688e-15 0)
(1 -1.32947e-15 0)
(1 5.28692e-16 0)
(1 -8.17339e-16 0)
(1 1.54668e-15 0)
(1 1.57627e-16 0)
(1 -3.54556e-15 0)
(1 3.19642e-15 0)
(1 2.46564e-16 0)
(1 4.79083e-16 0)
(1 -9.60057e-16 0)
(1 -1.47835e-15 0)
(1 2.6944e-15 0)
(1 2.93489e-15 0)
(1 2.17871e-15 0)
(1 7.23843e-16 0)
(1 9.02321e-16 0)
(1 1.10587e-15 0)
(1 2.46266e-15 0)
(1 1.90719e-16 0)
(1 2.47805e-15 0)
(1 -3.51978e-16 0)
(1 5.5498e-15 0)
(1 2.29004e-15 0)
(1 5.23933e-16 0)
(1 1.6902e-16 0)
(1 2.86409e-15 0)
(1 3.05318e-15 0)
(1 -4.34118e-16 0)
(1 -1.8633e-16 0)
(1 -3.33695e-15 0)
(1 -3.57001e-15 0)
(1 5.35985e-15 0)
(1 -5.29006e-16 0)
(1 -3.45914e-15 0)
(1 -1.96919e-15 0)
(1 1.83113e-15 0)
(1 5.33774e-15 0)
(1 -8.67103e-16 0)
(1 6.1585e-16 0)
(1 2.24845e-15 0)
(1 -5.27136e-16 0)
(1 -5.23547e-15 0)
(1 -5.92207e-15 0)
(1 -7.53277e-15 0)
(1 -7.7455e-15 0)
(1 -3.27124e-15 0)
(1 2.35708e-16 0)
(1 -8.07236e-16 0)
(1 -2.60382e-15 0)
(1 -6.36874e-15 0)
(1 -2.11673e-15 0)
(1 -8.13733e-15 0)
(1 -1.73888e-15 0)
(1 1.1272e-15 0)
(1 2.22475e-15 0)
(1 1.3468e-15 0)
(1 4.74776e-15 0)
(1 1.22918e-15 0)
(1 -1.11585e-16 0)
(1 7.90176e-16 0)
(1 1.40173e-15 0)
(1 -1.91183e-16 0)
(1 -2.5949e-15 0)
(1 -4.40143e-16 0)
(1 1.63467e-15 0)
(1 4.4319e-15 0)
(1 3.78385e-15 0)
(1 2.71876e-16 0)
(1 1.63887e-15 0)
(1 2.94916e-15 0)
(1 3.57822e-15 0)
(1 3.16489e-15 0)
(1 2.93567e-15 0)
(1 2.44413e-15 0)
(1 6.05821e-15 0)
(1 7.8028e-15 0)
(1 3.00842e-15 0)
(1 1.94519e-15 0)
(1 5.48802e-15 0)
(1 1.02856e-15 0)
(1 4.52132e-15 0)
(1 4.49907e-15 0)
(1 4.58889e-15 0)
(1 1.16305e-15 0)
(1 2.54992e-15 0)
(1 -3.31288e-15 0)
(1 5.59818e-16 0)
(1 -7.93946e-16 0)
(1 -1.82101e-15 0)
(1 4.36978e-15 0)
(1 -1.08095e-15 0)
(1 1.72783e-15 0)
(1 1.26326e-15 0)
(1 1.09828e-15 0)
(1 1.18729e-15 0)
(1 -2.25653e-15 0)
(1 -3.96026e-15 0)
(1 -5.20628e-16 0)
(1 -1.91749e-15 0)
(1 -1.09995e-15 0)
(1 1.35674e-15 0)
(1 1.90696e-15 0)
(1 8.58033e-16 0)
(1 -6.03279e-16 0)
(1 -1.67812e-15 0)
(1 -2.9029e-15 0)
(1 3.20036e-15 0)
(1 1.4633e-15 0)
(1 -2.99678e-15 0)
(1 -1.43375e-15 0)
(1 1.15741e-15 0)
(1 1.85932e-15 0)
(1 1.61906e-15 0)
(1 -1.2888e-16 0)
(1 7.04793e-16 0)
(1 5.86124e-17 0)
(1 -1.03251e-16 0)
(1 1.01806e-15 0)
(1 2.83865e-15 0)
(1 3.33812e-15 0)
(1 -3.31178e-15 0)
(1 6.41335e-15 0)
(1 1.63419e-15 0)
(1 5.05664e-15 0)
(1 3.5105e-15 0)
(1 -4.90481e-16 0)
(1 3.15577e-15 0)
(1 -2.13302e-15 0)
(1 -3.32873e-15 0)
(1 1.66689e-15 0)
(1 -1.48917e-15 0)
(1 2.14826e-15 0)
(1 -1.4878e-15 0)
(1 -8.3582e-16 0)
(1 4.16252e-15 0)
(1 -2.6191e-15 0)
(1 -5.0296e-16 0)
(1 -7.19306e-16 0)
(1 -3.24304e-15 0)
(1 9.65792e-16 0)
(1 -1.86306e-15 0)
(1 -3.66372e-15 0)
(1 -7.97971e-15 0)
(1 -1.00785e-15 0)
(1 -4.51061e-15 0)
(1 -3.15595e-15 0)
(1 -2.21603e-16 0)
(1 -5.84853e-16 0)
(1 -6.94211e-15 0)
(1 -1.66489e-15 0)
(1 -5.24504e-15 0)
(1 -4.56302e-15 0)
(1 -8.17894e-16 0)
(1 5.02108e-16 0)
(1 2.03867e-15 0)
(1 -2.6834e-15 0)
(1 3.69792e-15 0)
(1 -1.23923e-15 0)
(1 5.95193e-16 0)
(1 3.08738e-15 0)
(1 4.19052e-16 0)
(1 -1.8094e-15 0)
(1 -3.7956e-15 0)
(1 -4.86892e-16 0)
(1 3.29921e-15 0)
(1 1.7613e-15 0)
(1 8.97916e-16 0)
(1 -4.67304e-16 0)
(1 1.97552e-16 0)
(1 3.67721e-15 0)
(1 3.8346e-16 0)
(1 6.70263e-15 0)
(1 3.34869e-15 0)
(1 2.34985e-15 0)
(1 3.40971e-15 0)
(1 5.61717e-15 0)
(1 5.12757e-15 0)
(1 -3.33799e-16 0)
(1 4.03726e-15 0)
(1 4.60173e-15 0)
(1 -1.40638e-16 0)
(1 3.48761e-15 0)
(1 2.77452e-15 0)
(1 2.05964e-15 0)
(1 2.52406e-15 0)
(1 -2.17715e-15 0)
(1 3.59507e-15 0)
(1 -7.71652e-16 0)
(1 -4.17841e-15 0)
(1 1.14486e-15 0)
(1 1.63438e-15 0)
(1 -8.61011e-17 0)
(1 8.96072e-16 0)
(1 2.0853e-15 0)
(1 3.38319e-15 0)
(1 -5.59325e-15 0)
(1 -2.44993e-15 0)
(1 -3.47056e-15 0)
(1 -2.01141e-15 0)
(1 2.62947e-15 0)
(1 -2.26881e-15 0)
(1 -1.68011e-15 0)
(1 -5.17597e-17 0)
(1 -4.13355e-16 0)
(1 1.37066e-15 0)
(1 -6.10782e-16 0)
(1 1.33157e-15 0)
(1 1.52383e-15 0)
(1 -5.79042e-15 0)
(1 -5.00547e-15 0)
(1 1.74096e-15 0)
(1 3.87058e-15 0)
(1 -1.98035e-15 0)
(1 -2.51765e-15 0)
(1 1.39875e-15 0)
(1 2.14556e-16 0)
(1 -2.79526e-15 0)
(1 1.13802e-16 0)
(1 2.88357e-15 0)
(1 2.82684e-15 0)
(1 2.71223e-15 0)
(1 3.57961e-15 0)
(1 3.54341e-15 0)
(1 2.71635e-15 0)
(1 6.99985e-16 0)
(1 1.33541e-15 0)
(1 -5.19355e-17 0)
(1 -1.82448e-15 0)
(1 -4.86393e-16 0)
(1 1.88238e-15 0)
(1 2.07755e-15 0)
(1 -5.28783e-16 0)
(1 -3.19794e-15 0)
(1 -7.84904e-16 0)
(1 -1.00956e-15 0)
(1 -1.14587e-15 0)
(1 -1.28219e-15 0)
(1 1.42925e-15 0)
(1 -1.4433e-15 -2.96491e-47)
(1 -3.1155e-15 0)
(1 -2.72978e-15 0)
(1 -3.01864e-15 0)
(1 -6.8434e-15 0)
(1 -4.68256e-15 0)
(1 -1.2605e-15 0)
(1 -2.64055e-15 0)
(1 -6.76753e-15 0)
(1 -2.92602e-15 0)
(1 -2.26433e-15 0)
(1 2.40019e-15 0)
(1 -4.68921e-15 0)
(1 -2.9868e-15 0)
(1 -2.10244e-15 0)
(1 -3.41884e-15 0)
(1 5.58797e-17 0)
(1 2.32804e-15 0)
(1 -6.52719e-16 0)
(1 1.33441e-15 0)
(1 4.1519e-16 0)
(1 8.26016e-16 1.80441e-47)
(1 -3.36599e-15 0)
(1 -3.0468e-15 1.85143e-47)
(1 -5.18901e-15 0)
(1 5.97492e-16 0)
(1 8.34949e-15 0)
(1 -2.05e-15 0)
(1 2.84214e-15 0)
(1 2.84069e-15 0)
(1 7.19964e-15 0)
(1 -4.81397e-16 0)
(1 -2.86498e-15 0)
(1 4.0838e-15 0)
(1 4.24779e-15 0)
(1 3.93671e-15 0)
(1 5.25735e-15 0)
(1 4.791e-16 0)
(1 2.30136e-15 0)
(1 1.18074e-15 0)
(1 3.63446e-15 0)
(1 5.75338e-15 0)
(1 3.94204e-15 0)
(1 3.58836e-15 0)
(1 1.04503e-16 0)
(1 3.09315e-15 0)
(1 -5.65913e-16 -5.05054e-48)
(1 -2.26807e-15 4.57968e-48)
(1 -3.56826e-15 4.39834e-48)
(1 5.0121e-15 -4.45098e-48)
(1 4.94452e-16 -3.9834e-48)
(1 -9.51268e-16 3.33815e-48)
(1 2.99911e-15 3.76276e-48)
(1 -7.83157e-16 -3.54813e-48)
(1 -6.70009e-16 -3.60565e-48)
(1 6.53389e-17 3.79195e-48)
(1 -1.34438e-16 3.40898e-48)
(1 -1.06378e-16 0)
(1 2.72291e-15 0)
(1 -3.90663e-15 5.75118e-48)
(1 -4.23841e-15 0)
(1 1.44541e-15 5.98178e-48)
(1 1.12689e-15 -2.68253e-48)
(1 6.20023e-16 4.58678e-48)
(1 -1.44106e-15 0)
(1 1.69926e-15 5.17382e-48)
(1 2.01917e-15 -2.19884e-48)
(1 -4.047e-15 2.28952e-48)
(1 -1.09403e-15 0)
(1 -2.01479e-15 1.96204e-48)
(1 -4.48838e-15 0)
(1 -3.21728e-15 0)
(1 -6.67803e-16 2.98674e-49)
(1 -2.02064e-17 4.15857e-50)
(1 1.25135e-15 0)
(1 -5.62954e-16 -1.22404e-49)
(1 -3.41753e-16 -1.07664e-49)
(1 7.09342e-16 0)
(1 2.65604e-16 0)
(1 2.43671e-15 0)
(1 -7.62837e-17 0)
(1 3.73651e-15 0)
(1 1.79678e-15 0)
(1 -2.90383e-15 0)
(1 6.06702e-15 0)
(1 9.226e-16 0)
(1 -2.03609e-16 0)
(1 1.71972e-16 0)
(1 8.92502e-16 0)
(1 -4.46617e-16 0)
(1 3.63714e-16 0)
(1 2.18329e-15 0)
(1 9.64843e-16 0)
(1 -1.20546e-15 0)
(1 3.81927e-15 0)
(1 9.83075e-16 0)
(1 -5.5048e-15 0)
(1 -1.46367e-16 0)
(1 -1.01614e-15 0)
(1 9.55686e-16 0)
(1 5.01829e-15 2.95022e-47)
(1 -3.25806e-15 0)
(1 -5.42462e-15 0)
(1 -8.23525e-15 0)
(1 -5.40661e-16 0)
(1 -3.03274e-15 0)
(1 -1.46851e-15 0)
(1 3.54737e-16 0)
(1 -2.55127e-15 0)
(1 -5.45495e-15 0)
(1 -5.66984e-15 0)
(1 -7.78575e-15 0)
(1 -4.23968e-15 0)
(1 -2.70319e-15 0)
(1 2.94518e-16 0)
(1 -6.47744e-15 0)
(1 -1.74654e-15 0)
(1 5.97369e-15 0)
(1 -1.00624e-15 0)
(1 3.21469e-15 0)
(1 -1.50766e-15 0)
(1 -8.77815e-16 -1.79681e-47)
(1 2.00436e-16 0)
(1 1.0204e-16 -1.8442e-47)
(1 -1.75976e-15 0)
(1 -5.06714e-15 0)
(1 2.98081e-15 0)
(1 1.71119e-15 0)
(1 1.69431e-15 0)
(1 3.01009e-16 0)
(1 3.88058e-15 0)
(1 1.43066e-15 0)
(1 1.80247e-15 0)
(1 4.39191e-15 0)
(1 3.82981e-15 0)
(1 2.88765e-15 0)
(1 2.74436e-15 0)
(1 1.78866e-15 0)
(1 -2.71453e-16 0)
(1 6.62549e-15 0)
(1 3.53342e-15 0)
(1 1.99151e-15 0)
(1 2.27594e-15 0)
(1 1.16806e-15 0)
(1 -6.8508e-17 0)
(1 7.02597e-16 0)
(1 -1.11612e-15 5.03784e-48)
(1 6.89599e-16 -4.56439e-48)
(1 -4.09037e-15 -4.38006e-48)
(1 4.4121e-15 4.42993e-48)
(1 1.80343e-15 3.9603e-48)
(1 -1.25014e-15 -3.31407e-48)
(1 -4.06534e-15 -3.73886e-48)
(1 3.31708e-15 3.52536e-48)
(1 1.59251e-15 3.58432e-48)
(1 -1.10887e-15 -3.77145e-48)
(1 -3.96428e-15 -3.38764e-48)
(1 -2.36037e-15 0)
(1 -2.24396e-16 0)
(1 -3.48543e-15 -5.67303e-48)
(1 -4.51511e-15 0)
(1 -2.14328e-15 -5.86338e-48)
(1 1.37924e-15 2.61432e-48)
(1 -5.01343e-16 -4.43839e-48)
(1 -4.27612e-15 0)
(1 6.71336e-17 -5.02982e-48)
(1 2.27527e-15 2.13479e-48)
(1 -6.14678e-16 -2.18232e-48)
(1 -6.36747e-16 0)
(1 -5.23822e-15 -1.89827e-48)
(1 -7.49188e-16 0)
(1 5.298e-16 0)
(1 -3.92328e-15 -2.79979e-49)
(1 -1.07814e-15 -1.85912e-50)
(1 -8.81379e-16 0)
(1 9.73501e-16 1.43776e-49)
(1 2.11192e-15 1.15948e-49)
(1 3.91206e-16 0)
(1 3.76108e-15 0)
(1 2.36031e-15 0)
(1 7.7208e-16 0)
(1 3.37797e-15 0)
(1 1.63939e-15 0)
(1 -4.25122e-15 0)
(1 9.56014e-16 0)
(1 1.86245e-15 0)
(1 -1.57797e-15 0)
(1 5.41117e-16 0)
(1 -1.24009e-16 0)
(1 9.90054e-16 0)
(1 3.68241e-16 0)
(1 -1.84439e-16 0)
(1 3.64547e-15 0)
(1 7.11204e-16 0)
(1 2.59158e-15 0)
(1 -3.83164e-15 0)
(1 -2.35953e-15 0)
(1 5.17616e-16 0)
(1 5.68441e-16 0)
(1 -2.16848e-15 0)
(1 -6.45685e-15 0)
(1 4.07114e-16 0)
(1 -4.32314e-15 0)
(1 -8.45302e-15 0)
(1 -1.79041e-15 0)
(1 -6.81377e-16 0)
(1 -8.03257e-16 0)
(1 -1.59369e-15 0)
(1 -2.38074e-15 0)
(1 -6.10842e-15 0)
(1 -8.12877e-15 0)
(1 -4.76123e-15 0)
(1 -1.57182e-15 0)
(1 -2.28923e-15 0)
(1 -3.19532e-15 0)
(1 -2.0265e-15 0)
(1 1.24077e-15 0)
(1 9.94583e-16 0)
(1 -3.52298e-15 0)
(1 7.16091e-16 0)
(1 1.56931e-15 0)
(1 7.89865e-16 0)
(1 -5.66477e-16 0)
(1 -2.53624e-15 0)
(1 -3.29626e-15 0)
(1 9.5995e-16 0)
(1 -1.51793e-15 0)
(1 4.76302e-15 0)
(1 -1.98155e-15 0)
(1 -7.91773e-16 0)
(1 4.63296e-15 0)
(1 4.17097e-15 0)
(1 3.74056e-15 0)
(1 3.1625e-15 0)
(1 5.97513e-15 0)
(1 1.41966e-15 0)
(1 -3.12278e-15 0)
(1 2.86494e-15 0)
(1 -1.16208e-15 0)
(1 4.95799e-15 0)
(1 3.47159e-15 0)
(1 1.14415e-15 0)
(1 3.45469e-15 0)
(1 -3.11002e-15 0)
(1 2.01411e-16 0)
(1 6.88939e-16 0)
(1 -1.21811e-15 0)
(1 -4.65378e-16 0)
(1 1.28028e-15 0)
(1 -1.63452e-15 0)
(1 -9.97632e-16 0)
(1 -1.33546e-15 0)
(1 -3.57503e-15 0)
(1 2.76527e-16 0)
(1 -5.02737e-16 0)
(1 3.79788e-15 0)
(1 -1.17072e-15 0)
(1 -3.74416e-15 0)
(1 -2.9311e-15 0)
(1 -2.05661e-15 0)
(1 -4.28737e-15 0)
(1 -2.32799e-15 0)
(1 -4.63464e-15 0)
(1 -5.19303e-15 0)
(1 1.86579e-16 0)
(1 1.35883e-15 0)
(1 4.69023e-15 0)
(1 2.29655e-15 0)
(1 -4.56382e-15 0)
(1 -4.44323e-15 0)
(1 -2.74244e-15 0)
(1 -4.40395e-15 0)
(1 -4.07869e-15 0)
(1 -4.45665e-16 0)
(1 -2.7228e-15 0)
(1 1.36442e-15 0)
(1 3.60345e-15 0)
(1 6.31182e-16 0)
(1 5.95097e-17 0)
(1 2.43093e-15 0)
(1 4.07346e-16 0)
(1 -2.5161e-15 0)
(1 8.24694e-15 0)
(1 3.66605e-15 0)
(1 -2.12536e-15 0)
(1 -3.8084e-15 0)
(1 3.68874e-15 0)
(1 -4.72343e-15 0)
(1 -2.09064e-15 0)
(1 7.06713e-15 0)
(1 1.3262e-15 0)
(1 3.30987e-16 0)
(1 -8.12779e-16 0)
(1 -3.55894e-16 0)
(1 -2.18e-15 0)
(1 1.91826e-15 0)
(1 4.26649e-15 0)
(1 1.25567e-15 0)
(1 -1.29353e-15 0)
(1 -2.43481e-15 0)
(1 -4.42655e-15 0)
(1 -2.11871e-15 0)
(1 -4.83003e-17 0)
(1 -2.20912e-15 0)
(1 -8.09524e-15 0)
(1 -6.14271e-15 0)
(1 -1.34341e-15 0)
(1 -4.47749e-15 0)
(1 -5.26549e-15 0)
(1 -5.05845e-15 0)
(1 -1.54724e-15 0)
(1 -3.20948e-15 0)
(1 -3.93062e-15 0)
(1 -4.07754e-15 0)
(1 -3.88356e-15 0)
(1 2.74413e-15 0)
(1 8.57929e-16 0)
(1 -4.34111e-15 0)
(1 -1.096e-15 0)
(1 -2.4752e-15 0)
(1 5.16143e-15 0)
(1 1.55825e-15 0)
(1 -3.20497e-15 0)
(1 -2.07568e-15 0)
(1 -7.98131e-16 0)
(1 3.9759e-15 0)
(1 -1.54242e-15 0)
(1 1.70734e-15 0)
(1 -6.74561e-16 0)
(1 1.42103e-15 0)
(1 -1.70631e-15 0)
(1 1.90544e-15 0)
(1 2.99903e-15 0)
(1 1.54427e-15 0)
(1 7.25074e-16 0)
(1 6.46594e-15 0)
(1 1.85695e-16 0)
(1 -5.08448e-16 0)
(1 4.29273e-15 0)
(1 -1.34675e-15 0)
(1 3.50532e-15 0)
(1 9.8697e-16 0)
(1 4.2903e-15 0)
(1 3.45048e-15 0)
(1 -3.08884e-15 0)
(1 -1.18271e-15 0)
(1 4.72357e-16 0)
(1 2.6066e-15 0)
(1 -9.33237e-16 0)
(1 -4.78786e-15 0)
(1 -2.47084e-15 0)
(1 -1.73437e-15 0)
(1 1.76506e-15 0)
(1 -7.99288e-15 0)
(1 8.53467e-16 0)
(1 2.93436e-15 0)
(1 -3.60455e-15 0)
(1 2.38014e-16 0)
(1 -5.0188e-15 0)
(1 -1.83798e-15 0)
(1 -3.15241e-15 0)
(1 -1.38278e-15 0)
(1 -5.03026e-15 0)
(1 -1.56222e-15 0)
(1 5.78605e-16 0)
(1 5.493e-16 0)
(1 3.44328e-15 0)
(1 -1.55057e-16 0)
(1 -4.42066e-15 0)
(1 -2.5281e-15 0)
(1 -7.49503e-15 0)
(1 -6.1939e-15 0)
(1 -5.02206e-16 0)
(1 -1.63244e-16 0)
(1 8.37056e-16 0)
(1 3.59182e-16 0)
(1 -5.26726e-16 0)
(1 -2.83462e-19 0)
(1 2.91079e-16 0)
(1 4.81483e-15 0)
(1 2.16326e-15 0)
(1 -4.99323e-15 0)
(1 3.80386e-15 0)
(1 3.52453e-15 0)
(1 1.17303e-15 0)
(1 -2.60591e-15 0)
(1 2.90836e-15 0)
(1 -1.19873e-15 0)
(1 -4.9257e-15 0)
(1 2.48583e-15 0)
(1 2.24152e-15 0)
(1 -1.34719e-15 0)
(1 -1.62151e-15 0)
(1 -5.94507e-15 0)
(1 2.12289e-15 0)
(1 7.92178e-15 0)
(1 5.811e-15 0)
(1 -7.28076e-16 0)
(1 -5.7709e-15 0)
(1 -3.09374e-15 0)
(1 -2.43445e-15 0)
(1 -9.70408e-15 0)
(1 -2.32541e-15 0)
(1 1.31812e-15 0)
(1 -4.3102e-15 0)
(1 -4.99442e-15 0)
(1 -3.80805e-15 0)
(1 -3.49979e-15 0)
(1 -1.0052e-15 0)
(1 -4.8347e-15 0)
(1 -2.58634e-15 0)
(1 -5.42331e-15 0)
(1 -2.80349e-15 0)
(1 -2.67682e-15 0)
(1 -1.20889e-15 0)
(1 -1.25098e-15 0)
(1 -2.21973e-15 0)
(1 -4.95251e-15 0)
(1 -1.81658e-15 0)
(1 -5.90879e-15 0)
(1 -1.74864e-15 0)
(1 2.93947e-15 0)
(1 -8.38067e-16 0)
(1 -4.28377e-15 0)
(1 6.87108e-16 0)
(1 6.69523e-16 0)
(1 2.07952e-15 0)
(1 1.75277e-15 0)
(1 9.29214e-16 0)
(1 1.06222e-15 0)
(1 -3.26016e-15 0)
(1 1.96559e-16 0)
(1 5.40026e-15 0)
(1 1.12468e-15 0)
(1 2.2146e-16 0)
(1 7.30347e-15 0)
(1 5.70069e-15 0)
(1 -1.2699e-15 0)
(1 4.00441e-15 0)
(1 6.47279e-16 0)
(1 -1.58087e-15 0)
(1 9.83483e-16 0)
(1 -1.86747e-16 0)
(1 3.96847e-15 0)
(1 1.93935e-15 0)
(1 -8.43558e-16 0)
(1 -1.32836e-15 0)
(1 3.42027e-15 0)
(1 -6.97131e-16 0)
(1 -5.9438e-15 0)
(1 -9.29283e-16 0)
(1 -3.66162e-15 0)
(1 -2.36375e-15 0)
(1 -4.76808e-15 0)
(1 -2.43213e-15 0)
(1 6.80411e-16 0)
(1 -3.64518e-15 0)
(1 1.34113e-15 0)
(1 -6.06012e-15 0)
(1 -6.70691e-15 0)
(1 1.46319e-15 0)
(1 -1.0085e-15 0)
(1 -1.69464e-15 0)
(1 -2.97689e-15 0)
(1 -1.92045e-15 0)
(1 -3.34251e-15 0)
(1 -4.79581e-17 0)
(1 3.12409e-16 0)
(1 4.84174e-16 0)
(1 -2.53596e-15 0)
(1 -4.97706e-15 0)
(1 -3.66462e-15 0)
(1 -7.92269e-16 0)
(1 1.1007e-15 0)
(1 1.90299e-16 0)
(1 6.34408e-16 0)
(1 -6.04295e-16 0)
(1 2.99262e-15 0)
(1 8.31112e-16 0)
(1 4.56041e-15 0)
(1 1.60427e-15 0)
(1 -9.0527e-17 0)
(1 -2.37304e-15 0)
(1 1.9033e-15 0)
(1 2.22939e-15 0)
(1 -2.36714e-15 0)
(1 -4.27049e-15 0)
(1 7.4822e-15 0)
(1 -1.05956e-15 0)
(1 -2.13547e-15 0)
(1 5.29366e-15 0)
(1 2.62275e-15 0)
(1 3.46736e-15 0)
(1 -1.48021e-15 0)
(1 -5.75388e-15 0)
(1 -2.5355e-15 0)
(1 -2.25569e-15 0)
(1 2.54452e-15 0)
(1 -4.73408e-15 0)
(1 -3.58883e-15 0)
(1 -5.06863e-15 0)
(1 -7.41048e-15 0)
(1 -5.41065e-15 0)
(1 -3.10218e-16 0)
(1 -4.62693e-16 0)
(1 -2.87875e-15 0)
(1 -2.5346e-15 0)
(1 -4.76052e-15 0)
(1 -2.21982e-15 0)
(1 -2.83187e-15 0)
(1 -3.03092e-15 0)
(1 -5.10501e-15 0)
(1 -1.83191e-15 0)
(1 -6.62913e-15 0)
(1 -6.70123e-15 0)
(1 -3.94139e-15 0)
(1 -5.50112e-16 0)
(1 1.19303e-15 0)
(1 -2.73448e-15 0)
(1 -8.44283e-16 0)
(1 2.55137e-15 0)
(1 -2.3601e-15 0)
(1 -4.28928e-15 0)
(1 -2.42486e-15 0)
(1 -1.4456e-15 0)
(1 9.58599e-16 0)
(1 2.45751e-15 0)
(1 -2.83478e-15 0)
(1 2.21475e-16 0)
(1 -1.26176e-15 0)
(1 5.10894e-15 0)
(1 -1.08019e-15 0)
(1 -9.81168e-16 0)
(1 2.7018e-15 0)
(1 3.03593e-15 0)
(1 7.87205e-16 0)
(1 6.66535e-15 0)
(1 2.90737e-15 0)
(1 1.46604e-15 0)
(1 1.40249e-15 0)
(1 -3.4358e-15 0)
(1 2.54509e-15 0)
(1 4.58921e-16 0)
(1 -1.33901e-15 0)
(1 5.95196e-15 0)
(1 2.22801e-16 0)
(1 -3.44969e-15 0)
(1 -4.21792e-16 0)
(1 -5.94656e-16 0)
(1 -7.19722e-17 0)
(1 1.83687e-15 0)
(1 -3.42768e-15 0)
(1 -4.39607e-15 0)
(1 -1.59129e-15 0)
(1 -4.71246e-15 0)
(1 -1.44296e-16 0)
(1 1.25244e-15 0)
(1 -1.75802e-15 0)
(1 -5.59822e-15 0)
(1 -6.30851e-15 0)
(1 -2.46971e-15 0)
(1 -3.83064e-15 0)
(1 -1.16632e-15 0)
(1 -2.12541e-15 0)
(1 -1.5822e-15 0)
(1 -3.1569e-15 0)
(1 -4.63127e-15 0)
(1 2.75807e-15 0)
(1 1.83201e-15 0)
(1 -4.03354e-15 0)
(1 -3.85095e-15 0)
(1 -1.49775e-15 0)
(1 -1.36856e-15 0)
(1 -6.37307e-16 0)
(1 3.33723e-15 0)
(1 3.19226e-16 0)
(1 -2.64496e-15 0)
(1 1.33322e-15 0)
(1 4.19876e-15 0)
(1 -2.80903e-15 0)
(1 -4.20656e-15 0)
(1 2.63406e-15 0)
(1 -3.22041e-15 0)
(1 6.18799e-15 0)
(1 4.85965e-15 0)
(1 3.1724e-15 0)
(1 -8.72018e-16 0)
(1 1.77869e-16 0)
(1 1.19378e-15 0)
(1 -4.44125e-15 0)
(1 -2.64123e-15 0)
(1 8.16699e-15 0)
(1 8.62554e-17 0)
(1 9.35243e-16 0)
(1 -2.44426e-15 0)
(1 -7.89994e-15 0)
(1 2.25507e-16 0)
(1 4.04429e-15 0)
(1 7.97936e-16 0)
(1 -3.6545e-15 0)
(1 -1.35717e-15 0)
(1 -2.14084e-15 0)
(1 -1.09929e-14 0)
(1 -6.29453e-15 0)
(1 -2.15227e-15 0)
(1 -1.13695e-15 0)
(1 -5.15156e-16 0)
(1 1.24116e-15 0)
(1 -8.08244e-15 0)
(1 -4.88692e-15 0)
(1 -3.89337e-15 0)
(1 -1.98585e-15 0)
(1 -8.66914e-16 0)
(1 -3.56488e-16 0)
(1 -4.30928e-15 0)
(1 -6.42547e-15 0)
(1 -4.81137e-15 0)
(1 -2.90221e-15 0)
(1 -3.36406e-15 0)
(1 7.93204e-17 0)
(1 1.81399e-15 0)
(1 -4.8996e-15 0)
(1 -3.5461e-15 0)
(1 1.24541e-15 0)
(1 -3.39571e-15 0)
(1 -3.19607e-15 0)
(1 -1.16518e-15 0)
(1 -4.29728e-15 0)
(1 1.27207e-15 0)
(1 5.09175e-16 0)
(1 3.62347e-16 0)
(1 2.20659e-15 0)
(1 -1.5895e-16 0)
(1 3.90637e-15 0)
(1 2.80598e-15 0)
(1 1.59303e-15 0)
(1 4.79949e-15 0)
(1 4.26854e-15 0)
(1 -1.04544e-16 0)
(1 5.57544e-16 0)
(1 7.70023e-16 0)
(1 1.69414e-15 0)
(1 -8.42993e-16 0)
(1 1.42056e-15 0)
(1 2.46988e-15 0)
(1 -1.55295e-15 0)
(1 -1.61208e-15 0)
(1 -2.23808e-15 0)
(1 -1.13796e-15 0)
(1 3.3967e-16 0)
(1 -1.20587e-15 0)
(1 -3.31091e-15 0)
(1 -3.1388e-15 0)
(1 -4.37482e-15 0)
(1 -2.39527e-15 0)
(1 -7.1292e-15 0)
(1 3.01764e-16 0)
(1 -1.48904e-15 0)
(1 -2.47781e-15 0)
(1 1.14327e-15 0)
(1 -2.16173e-15 0)
(1 -2.31596e-15 0)
(1 -1.90759e-15 0)
(1 -2.22674e-15 0)
(1 -4.31756e-15 0)
(1 -4.02798e-15 0)
(1 -4.98509e-15 0)
(1 2.46403e-16 0)
(1 -1.45535e-15 0)
(1 -2.32496e-15 0)
(1 -1.86584e-15 0)
(1 -1.85339e-15 0)
(1 -5.31662e-16 0)
(1 -6.71191e-17 0)
(1 2.1229e-15 0)
(1 -1.20554e-15 0)
(1 -1.11779e-15 0)
(1 -6.41664e-16 0)
(1 4.82714e-15 0)
(1 -4.3829e-15 0)
(1 2.33789e-15 0)
(1 -2.43811e-16 0)
(1 -4.21918e-16 0)
(1 -9.6522e-17 0)
(1 -6.3666e-16 0)
(1 8.57043e-15 0)
(1 1.9376e-15 0)
(1 -2.84849e-15 0)
(1 -2.16677e-15 0)
(1 -6.96868e-16 0)
(1 -1.78955e-15 0)
(1 4.67318e-15 0)
(1 3.79668e-15 0)
(1 -1.68641e-15 0)
(1 -2.2776e-15 0)
(1 -4.58368e-15 0)
(1 -4.84664e-15 0)
(1 -1.31225e-16 0)
(1 -2.8731e-15 0)
(1 -2.38902e-15 0)
(1 -5.54711e-15 0)
(1 -4.75892e-17 0)
(1 -1.06032e-15 0)
(1 -6.01641e-15 0)
(1 -5.16847e-15 0)
(1 -4.69134e-15 0)
(1 -3.47551e-15 0)
(1 3.8403e-16 0)
(1 -6.6965e-15 0)
(1 -1.44901e-15 0)
(1 -2.53746e-15 0)
(1 -4.72915e-15 0)
(1 -2.86127e-15 0)
(1 6.72411e-16 0)
(1 -4.4982e-16 0)
(1 -4.31106e-15 0)
(1 -1.91447e-15 0)
(1 -2.66027e-15 0)
(1 -1.23736e-15 0)
(1 -4.61532e-15 0)
(1 -6.85451e-15 0)
(1 -1.11621e-15 0)
(1 1.20957e-15 0)
(1 -8.65813e-16 0)
(1 -2.94801e-15 0)
(1 -6.09156e-16 0)
(1 -2.3702e-16 0)
(1 -1.78119e-15 0)
(1 -1.10588e-15 0)
(1 -9.59212e-16 0)
(1 -7.33939e-16 0)
(1 4.36046e-15 0)
(1 3.57979e-15 0)
(1 -1.62358e-15 0)
(1 3.76323e-15 0)
(1 9.62757e-16 0)
(1 -2.78995e-17 0)
(1 6.59129e-15 0)
(1 -1.45777e-15 0)
(1 -2.4918e-16 0)
(1 4.66079e-15 0)
(1 2.0745e-15 0)
(1 2.76453e-15 0)
(1 1.593e-15 0)
(1 -5.39289e-16 0)
(1 -1.92758e-15 0)
(1 -1.02025e-15 0)
(1 -2.49332e-15 0)
(1 -9.13636e-16 0)
(1 -1.79543e-15 0)
(1 -6.17916e-16 0)
(1 -1.94264e-15 0)
(1 -9.6578e-16 0)
(1 -1.95884e-15 0)
(1 -5.95111e-15 0)
(1 -5.21531e-15 0)
(1 8.89375e-16 0)
(1 -5.776e-16 0)
(1 -1.56558e-15 0)
(1 -2.36859e-15 0)
(1 -3.28848e-15 0)
(1 -2.82963e-15 0)
(1 -6.76115e-15 0)
(1 -1.59826e-15 0)
(1 3.75247e-16 0)
(1 -2.01329e-15 0)
(1 -4.41837e-15 0)
(1 -3.05806e-15 0)
(1 -2.64975e-15 0)
(1 8.96481e-16 0)
(1 2.89477e-15 0)
(1 -2.12362e-15 0)
(1 -2.47233e-15 0)
(1 -4.33022e-16 0)
(1 -1.96206e-15 0)
(1 -3.07717e-16 0)
(1 1.03945e-15 0)
(1 -3.52518e-16 0)
(1 1.42244e-15 0)
(1 1.22209e-15 0)
(1 3.41594e-15 0)
(1 -6.41349e-16 0)
(1 -4.46364e-16 0)
(1 6.11828e-16 0)
(1 1.78372e-15 0)
(1 6.14102e-16 0)
(1 -8.74845e-17 0)
(1 -2.44637e-15 0)
(1 -4.57382e-16 0)
(1 2.07086e-15 0)
(1 7.78624e-16 0)
(1 -2.667e-15 0)
(1 4.93233e-15 0)
(1 4.10391e-15 0)
(1 -5.3331e-15 0)
(1 3.74305e-15 0)
(1 -6.49213e-15 0)
(1 -5.94594e-15 0)
(1 -2.45476e-16 0)
(1 1.04882e-15 0)
(1 -1.59164e-16 0)
(1 -6.57058e-15 0)
(1 2.65625e-15 0)
(1 -1.16445e-15 0)
(1 -9.44e-15 0)
(1 -4.32479e-15 0)
(1 -2.74469e-15 0)
(1 -6.65881e-15 0)
(1 -1.10582e-15 0)
(1 6.23652e-16 0)
(1 -3.67211e-15 0)
(1 -6.26477e-15 0)
(1 -5.23476e-15 0)
(1 -5.64122e-15 0)
(1 1.25935e-15 0)
(1 -1.78883e-15 0)
(1 -2.90547e-15 0)
(1 1.42636e-16 0)
(1 -2.05358e-15 0)
(1 -1.59643e-15 0)
(1 -5.94129e-15 0)
(1 -2.02257e-15 0)
(1 -3.32556e-15 0)
(1 -2.49308e-15 0)
(1 2.84327e-15 0)
(1 2.32353e-15 0)
(1 -3.61867e-15 0)
(1 -2.05415e-15 0)
(1 -2.62807e-15 0)
(1 -1.36846e-15 0)
(1 6.87521e-16 0)
(1 1.27102e-15 0)
(1 2.9408e-15 0)
(1 3.77583e-15 0)
(1 3.7307e-15 0)
(1 2.69179e-15 0)
(1 7.63534e-17 0)
(1 3.72567e-15 0)
(1 1.2987e-15 0)
(1 1.27245e-15 0)
(1 -3.76462e-16 0)
(1 1.7586e-15 0)
(1 4.21419e-15 0)
(1 -2.32846e-15 0)
(1 -1.39773e-15 0)
(1 -8.24323e-16 0)
(1 -1.51353e-16 0)
(1 -2.03566e-15 0)
(1 -3.08022e-15 0)
(1 -1.05246e-15 0)
(1 -1.65448e-15 0)
(1 -1.35442e-15 0)
(1 -5.20576e-16 0)
(1 -9.45706e-16 0)
(1 -4.53179e-15 0)
(1 -1.65008e-16 0)
(1 -3.12784e-15 0)
(1 -3.27494e-15 0)
(1 -1.66625e-15 0)
(1 -2.7701e-15 0)
(1 -3.37738e-15 0)
(1 -5.4043e-15 0)
(1 -6.06081e-15 0)
(1 -2.95558e-15 0)
(1 -4.4534e-15 0)
(1 -3.34389e-15 0)
(1 -3.47211e-15 0)
(1 -1.55955e-15 0)
(1 -9.22309e-16 0)
(1 8.79165e-16 0)
(1 -3.31175e-16 0)
(1 1.27215e-15 0)
(1 -4.16622e-16 0)
(1 -1.22747e-15 0)
(1 -2.3188e-15 0)
(1 1.21768e-16 0)
(1 9.17185e-16 0)
(1 -4.31552e-16 0)
(1 1.06112e-15 0)
(1 2.86829e-15 0)
(1 -1.81061e-15 0)
(1 8.25566e-16 0)
(1 -2.34476e-15 0)
(1 9.39395e-16 0)
(1 4.94941e-15 0)
(1 3.89626e-15 0)
(1 -3.65996e-15 0)
(1 -3.63e-15 0)
(1 1.10673e-15 0)
(1 -2.50443e-15 0)
(1 -7.31786e-19 0)
(1 -2.16641e-15 0)
(1 2.04487e-15 0)
(1 1.37908e-15 0)
(1 1.76686e-15 0)
(1 -3.54633e-16 0)
(1 -1.77957e-15 0)
(1 -2.533e-15 0)
(1 1.61345e-15 0)
(1 -4.04138e-15 0)
(1 -3.25303e-15 0)
(1 -7.60988e-15 0)
(1 -2.88398e-15 0)
(1 1.2127e-15 0)
(1 -3.14649e-15 0)
(1 -3.87668e-15 0)
(1 -1.68936e-15 0)
(1 -2.96907e-15 0)
(1 -1.75836e-15 0)
(1 -5.2197e-15 0)
(1 -6.04348e-15 0)
(1 1.26502e-15 0)
(1 -4.54979e-15 0)
(1 -3.40181e-15 0)
(1 3.82907e-16 0)
(1 -2.47125e-15 0)
(1 -5.24008e-15 0)
(1 -3.43339e-15 0)
(1 1.9478e-16 0)
(1 -3.75589e-16 0)
(1 -5.591e-15 0)
(1 -3.33464e-15 0)
(1 -2.5661e-15 0)
(1 -6.37019e-15 0)
(1 1.55918e-15 0)
(1 -8.94427e-17 0)
(1 -2.09245e-15 0)
(1 1.43707e-15 0)
(1 7.80267e-16 0)
(1 4.02914e-15 0)
(1 -3.09647e-15 0)
(1 -5.9547e-16 0)
(1 2.48954e-15 0)
(1 4.39953e-15 0)
(1 6.53596e-16 0)
(1 -5.90696e-16 0)
(1 4.58419e-15 0)
(1 -1.27106e-15 0)
(1 1.39391e-15 0)
(1 3.88818e-15 0)
(1 -8.88376e-16 0)
(1 2.16307e-15 0)
(1 -2.5235e-15 0)
(1 2.33579e-15 0)
(1 -2.66314e-15 0)
(1 1.82733e-15 0)
(1 -1.23649e-15 0)
(1 -1.39552e-15 0)
(1 -1.13779e-15 0)
(1 -3.27636e-15 0)
(1 -2.22117e-15 0)
(1 -1.85291e-15 0)
(1 -1.14992e-15 0)
(1 -4.34683e-15 0)
(1 -3.32046e-15 0)
(1 1.25712e-16 0)
(1 -3.66899e-15 0)
(1 5.99674e-16 0)
(1 2.18051e-16 0)
(1 -2.37022e-15 0)
(1 -1.28117e-15 0)
(1 -6.95724e-15 0)
(1 -3.10745e-15 0)
(1 -6.19138e-15 0)
(1 -8.43847e-15 0)
(1 -1.07082e-15 0)
(1 2.55322e-15 0)
(1 -2.92696e-16 0)
(1 -8.36456e-16 0)
(1 -1.94283e-15 0)
(1 -3.66362e-15 0)
(1 -7.54156e-16 0)
(1 -9.4451e-16 0)
(1 1.02509e-15 0)
(1 -9.99667e-16 0)
(1 -3.22458e-15 0)
(1 -1.28647e-15 0)
(1 8.96754e-16 0)
(1 -2.81379e-15 0)
(1 1.93464e-15 0)
(1 1.98127e-15 0)
(1 -2.25566e-16 0)
(1 1.58246e-15 0)
(1 -5.58179e-16 0)
(1 -5.91741e-16 0)
(1 3.99424e-15 0)
(1 1.19483e-15 0)
(1 -9.71073e-16 0)
(1 3.19046e-15 0)
(1 -3.84108e-16 0)
(1 2.96253e-15 0)
(1 -2.26609e-15 0)
(1 -2.757e-15 0)
(1 -1.8783e-15 0)
(1 1.62199e-15 0)
(1 2.41695e-16 0)
(1 1.22098e-15 0)
(1 -1.30441e-15 0)
(1 -3.86418e-15 0)
(1 -9.98747e-15 0)
(1 -4.378e-15 0)
(1 -9.03316e-16 0)
(1 -1.90911e-15 0)
(1 -2.807e-15 0)
(1 -1.25778e-15 0)
(1 -4.75414e-15 0)
(1 -2.76936e-15 0)
(1 -1.12086e-15 0)
(1 -5.27499e-16 0)
(1 -2.98552e-15 0)
(1 -3.50028e-15 0)
(1 -1.79873e-16 0)
(1 -6.47347e-15 0)
(1 -4.71378e-15 0)
(1 -5.06345e-15 0)
(1 -6.76983e-15 0)
(1 -1.41583e-15 0)
(1 -3.1809e-15 0)
(1 -2.28018e-15 0)
(1 1.77312e-15 0)
(1 -4.19556e-15 0)
(1 -1.89291e-15 0)
(1 -1.28548e-15 0)
(1 -4.51373e-15 0)
(1 -1.82528e-15 0)
(1 -1.40976e-16 0)
(1 5.11551e-15 0)
(1 1.70067e-15 0)
(1 1.34192e-15 0)
(1 1.93208e-15 0)
(1 -3.13829e-15 0)
(1 -2.23598e-15 0)
(1 1.71288e-15 0)
(1 -3.13739e-16 0)
(1 1.38903e-15 0)
(1 1.70724e-15 0)
(1 6.13283e-15 0)
(1 -1.01129e-16 0)
(1 -2.81909e-16 0)
(1 9.08484e-16 0)
(1 2.15815e-15 0)
(1 -4.50182e-15 0)
(1 -2.15152e-15 0)
(1 3.68663e-15 0)
(1 -7.3591e-17 0)
(1 -7.7428e-16 0)
(1 -2.3209e-15 0)
(1 -1.66992e-15 0)
(1 -2.05591e-16 0)
(1 2.09185e-16 0)
(1 -1.24231e-15 0)
(1 -1.85066e-15 0)
(1 -2.73869e-15 0)
(1 -3.42542e-15 0)
(1 -4.62049e-16 0)
(1 -5.51606e-15 0)
(1 -3.9075e-15 0)
(1 -1.85968e-16 0)
(1 -1.12632e-15 0)
(1 -3.54441e-15 0)
(1 -3.49617e-15 0)
(1 -3.80253e-15 0)
(1 -5.22364e-15 0)
(1 -5.50722e-15 0)
(1 -4.72541e-15 0)
(1 -2.06343e-15 0)
(1 -3.29206e-16 0)
(1 -2.65006e-15 0)
(1 -1.52996e-15 0)
(1 -1.22587e-15 0)
(1 -4.29184e-15 0)
(1 -2.71043e-17 0)
(1 -1.15499e-15 0)
(1 -1.65477e-15 0)
(1 5.07515e-16 0)
(1 -2.07385e-15 0)
(1 -2.14471e-15 0)
(1 1.1057e-15 0)
(1 6.50445e-16 0)
(1 -1.44889e-16 0)
(1 9.929e-16 0)
(1 -9.53528e-16 0)
(1 5.55485e-16 0)
(1 1.17694e-16 0)
(1 -5.36721e-15 0)
(1 2.50704e-16 0)
(1 2.10676e-15 0)
(1 -1.50651e-16 0)
(1 3.27965e-15 0)
(1 -2.5136e-15 0)
(1 -4.19327e-15 0)
(1 -4.43538e-15 0)
(1 -2.6544e-15 0)
(1 9.3453e-15 0)
(1 4.26588e-15 0)
(1 1.67942e-15 0)
(1 2.23045e-15 0)
(1 -5.91114e-15 0)
(1 -8.83818e-15 0)
(1 -7.55847e-15 0)
(1 1.48044e-15 0)
(1 8.82861e-16 0)
(1 -5.9461e-16 0)
(1 -1.45184e-15 0)
(1 -3.6147e-15 0)
(1 -2.51601e-15 0)
(1 -4.72701e-15 0)
(1 -3.85743e-15 0)
(1 2.08601e-15 0)
(1 -1.04836e-15 0)
(1 -1.90821e-15 0)
(1 -1.92085e-15 0)
(1 -3.71006e-15 0)
(1 1.40657e-16 0)
(1 -9.21438e-15 0)
(1 -6.74973e-15 0)
(1 -5.77346e-16 0)
(1 -2.78462e-15 0)
(1 -1.97325e-15 0)
(1 -2.79433e-15 0)
(1 -3.87125e-15 0)
(1 -5.52101e-15 0)
(1 -2.78746e-15 0)
(1 1.09211e-15 0)
(1 -1.41107e-15 0)
(1 6.56609e-16 0)
(1 3.38469e-15 0)
(1 -2.53066e-16 0)
(1 3.03235e-15 0)
(1 -3.71092e-15 0)
(1 1.0869e-15 0)
(1 -2.55498e-15 0)
(1 -1.12652e-16 0)
(1 -1.18637e-15 0)
(1 -6.93537e-16 0)
(1 8.69517e-15 0)
(1 1.46926e-16 0)
(1 5.80673e-16 0)
(1 2.33391e-15 0)
(1 -2.44408e-15 0)
(1 1.00973e-15 0)
(1 -1.31207e-15 0)
(1 -1.51967e-15 0)
(1 -1.81102e-15 0)
(1 -9.34938e-16 0)
(1 -5.48446e-16 0)
(1 -6.22154e-18 0)
(1 -2.82707e-15 0)
(1 -9.29431e-16 0)
(1 -8.87148e-16 0)
(1 -2.51658e-15 0)
(1 2.56401e-16 0)
(1 -2.99924e-15 0)
(1 -3.95462e-16 0)
(1 -3.39074e-15 0)
(1 -4.9967e-15 0)
(1 -2.45963e-15 0)
(1 -1.45967e-15 0)
(1 -1.14594e-15 0)
(1 -2.40393e-15 0)
(1 -5.11982e-15 0)
(1 -3.80724e-15 0)
(1 -2.79269e-15 0)
(1 -5.56495e-15 0)
(1 -1.7198e-15 0)
(1 -3.60873e-15 0)
(1 -3.95615e-15 0)
(1 -2.75285e-15 0)
(1 -1.74076e-15 0)
(1 9.91017e-16 0)
(1 1.01496e-15 0)
(1 -7.31095e-16 0)
(1 1.99062e-16 0)
(1 -5.68019e-15 0)
(1 -1.46444e-15 0)
(1 -2.16559e-15 0)
(1 -3.14956e-15 0)
(1 6.03093e-16 0)
(1 1.43084e-15 0)
(1 -9.29127e-16 0)
(1 5.08235e-15 0)
(1 -2.34305e-15 0)
(1 -4.18515e-16 0)
(1 1.66616e-17 0)
(1 -4.08906e-15 0)
(1 1.71695e-15 0)
(1 8.51751e-16 0)
(1 2.73042e-19 0)
(1 5.84527e-15 0)
(1 -1.21727e-15 0)
(1 -3.70334e-15 0)
(1 -2.25644e-15 0)
(1 -1.3363e-15 0)
(1 6.66415e-15 0)
(1 1.50047e-16 0)
(1 -4.66448e-15 0)
(1 1.16148e-15 0)
(1 -4.04676e-16 0)
(1 -3.04326e-15 0)
(1 -1.32474e-15 0)
(1 -7.78008e-15 0)
(1 -2.4083e-15 0)
(1 -5.40413e-15 0)
(1 3.72325e-15 0)
(1 1.41462e-17 0)
(1 1.09306e-16 0)
(1 -3.49301e-15 0)
(1 -5.57406e-15 0)
(1 1.83516e-16 0)
(1 -1.09843e-15 0)
(1 1.08953e-15 0)
(1 -2.84529e-15 0)
(1 -4.00126e-15 0)
(1 -2.60796e-15 0)
(1 -9.46505e-15 0)
(1 -2.29022e-15 0)
(1 -2.81848e-16 0)
(1 -1.04305e-15 0)
(1 -4.84971e-15 0)
(1 -6.54317e-15 0)
(1 -2.29045e-15 0)
(1 -2.90655e-15 0)
(1 2.91163e-15 0)
(1 2.4171e-15 0)
(1 3.48286e-16 0)
(1 -2.03154e-15 0)
(1 -2.77431e-15 0)
(1 3.03684e-15 0)
(1 -2.32059e-16 0)
(1 -4.46368e-15 0)
(1 5.94672e-16 0)
(1 -1.26826e-15 0)
(1 -2.80606e-16 0)
(1 -2.19457e-15 0)
(1 2.01474e-15 0)
(1 2.82489e-15 0)
(1 -2.35397e-15 0)
(1 3.53904e-16 0)
(1 5.66521e-15 0)
(1 6.51284e-16 0)
(1 -3.31896e-15 0)
(1 2.87994e-15 0)
(1 -1.46441e-15 0)
(1 -9.36092e-16 0)
(1 -2.56997e-15 0)
(1 -1.1744e-15 0)
(1 1.33859e-15 0)
(1 -1.40563e-15 0)
(1 1.59162e-15 0)
(1 -7.70941e-16 0)
(1 -2.74885e-15 0)
(1 -6.11192e-16 0)
(1 -4.65187e-15 0)
(1 -3.78543e-15 0)
(1 -3.66323e-15 0)
(1 -5.17405e-16 0)
(1 2.83377e-15 0)
(1 9.04773e-17 0)
(1 3.31919e-16 0)
(1 -3.31918e-15 0)
(1 -5.03033e-15 0)
(1 -6.39901e-15 0)
(1 -5.14939e-15 0)
(1 -3.35309e-15 0)
(1 -2.12909e-15 0)
(1 -1.61535e-15 0)
(1 -1.65424e-15 0)
(1 -4.76651e-15 0)
(1 -2.30542e-15 0)
(1 -1.28521e-16 0)
(1 1.59668e-15 0)
(1 -2.05636e-15 0)
(1 -1.28609e-15 0)
(1 -5.23797e-15 0)
(1 -1.7095e-15 0)
(1 -2.02237e-15 0)
(1 -3.67104e-15 0)
(1 -4.74766e-16 0)
(1 -2.19354e-15 0)
(1 8.55662e-16 0)
(1 1.47628e-17 0)
(1 -4.25943e-16 0)
(1 2.05917e-15 0)
(1 3.46456e-15 0)
(1 3.19454e-15 0)
(1 -3.02169e-15 0)
(1 9.31367e-17 0)
(1 3.34616e-16 0)
(1 -3.4587e-15 0)
(1 1.4705e-15 0)
(1 -1.04945e-15 0)
(1 -1.87095e-15 0)
(1 1.4194e-16 0)
(1 6.74404e-16 0)
(1 -3.26119e-16 0)
(1 2.46e-15 0)
(1 -2.70362e-16 0)
(1 -2.57394e-15 0)
(1 -6.18623e-15 0)
(1 -5.30129e-16 0)
(1 -4.7046e-15 0)
(1 -2.66327e-15 0)
(1 -5.27713e-15 0)
(1 1.76229e-15 0)
(1 7.63111e-16 0)
(1 2.09251e-15 0)
(1 -1.8571e-15 0)
(1 -5.73656e-15 0)
(1 -2.40605e-15 0)
(1 9.77724e-16 0)
(1 -9.50488e-16 0)
(1 -4.01311e-15 0)
(1 -6.42481e-15 0)
(1 -1.25165e-14 0)
(1 -4.18662e-15 0)
(1 -2.38541e-15 0)
(1 1.84349e-15 0)
(1 -5.36447e-16 0)
(1 -7.8047e-15 0)
(1 -1.39923e-15 0)
(1 -9.59405e-16 0)
(1 1.4926e-15 0)
(1 3.32602e-15 0)
(1 5.26061e-15 0)
(1 2.4926e-15 0)
(1 -3.94215e-15 0)
(1 -2.7983e-15 0)
(1 7.11504e-17 0)
(1 -3.43428e-15 0)
(1 -2.24634e-15 0)
(1 3.25685e-16 0)
(1 -1.16251e-15 0)
(1 9.30598e-16 0)
(1 1.30595e-15 0)
(1 5.08189e-16 0)
(1 4.53567e-16 0)
(1 -7.74786e-16 0)
(1 1.14505e-15 0)
(1 -4.8473e-16 0)
(1 2.86657e-15 0)
(1 -2.95974e-16 0)
(1 -4.08064e-16 0)
(1 -1.40382e-16 0)
(1 -1.16479e-15 0)
(1 2.01496e-15 0)
(1 1.44579e-15 0)
(1 -2.07682e-16 0)
(1 2.27813e-15 0)
(1 4.30843e-16 0)
(1 -4.91752e-16 0)
(1 -3.77208e-15 0)
(1 -2.54152e-15 0)
(1 -3.21849e-15 0)
(1 -4.39277e-15 0)
(1 9.96978e-16 0)
(1 -2.95607e-15 0)
(1 -3.63439e-15 0)
(1 -3.04271e-16 0)
(1 2.33849e-15 0)
(1 -1.92568e-15 0)
(1 -1.57317e-15 0)
(1 -4.49115e-15 0)
(1 -4.20114e-15 0)
(1 -3.39068e-15 0)
(1 -4.6905e-15 0)
(1 -1.02577e-15 0)
(1 4.10455e-16 0)
(1 -3.43972e-15 0)
(1 -2.16933e-15 0)
(1 -8.0249e-16 0)
(1 -3.75393e-16 0)
(1 -7.99892e-16 0)
(1 -2.97506e-15 0)
(1 -2.18857e-15 0)
(1 -1.43507e-15 0)
(1 -4.165e-16 0)
(1 -6.85186e-16 0)
(1 5.52477e-17 0)
(1 -7.84398e-16 0)
(1 -3.73709e-16 0)
(1 -4.02635e-15 0)
(1 5.31446e-15 0)
(1 -4.05678e-16 0)
(1 3.05406e-16 0)
(1 4.40245e-15 0)
(1 -3.61599e-15 0)
(1 -3.50009e-15 0)
(1 -2.88202e-15 0)
(1 -6.29995e-15 0)
(1 4.09565e-15 0)
(1 6.04777e-16 0)
(1 1.24859e-15 0)
(1 2.58401e-15 0)
(1 -4.4133e-15 0)
(1 3.89961e-15 0)
(1 2.47973e-15 0)
(1 -2.017e-15 0)
(1 -1.58922e-15 0)
(1 -9.13129e-15 0)
(1 -1.36826e-16 0)
(1 3.70845e-15 0)
(1 -3.79312e-15 0)
(1 -8.38222e-16 0)
(1 -4.31888e-15 0)
(1 1.16641e-15 0)
(1 4.87179e-15 0)
(1 -8.44709e-16 0)
(1 -1.37541e-15 0)
(1 -5.32082e-15 0)
(1 -2.68492e-15 0)
(1 -3.04414e-15 0)
(1 -5.45436e-15 0)
(1 -4.56993e-15 0)
(1 -5.23179e-15 0)
(1 -2.24819e-16 0)
(1 -3.08135e-16 0)
(1 -2.29034e-15 0)
(1 -5.43463e-15 0)
(1 -1.00209e-15 0)
(1 -9.20971e-16 0)
(1 1.666e-15 0)
(1 1.9656e-15 0)
(1 2.01503e-16 0)
(1 3.35763e-16 0)
(1 -3.52457e-16 0)
(1 -2.11473e-15 0)
(1 -4.04892e-15 0)
(1 -3.68778e-15 0)
(1 -9.16409e-16 0)
(1 3.05148e-15 0)
(1 -1.84059e-16 0)
(1 6.90238e-16 0)
(1 3.80989e-16 0)
(1 1.12888e-15 0)
(1 -3.97119e-15 0)
(1 -9.18996e-16 0)
(1 -9.12743e-16 0)
(1 -6.96028e-16 0)
(1 8.646e-17 0)
(1 2.51791e-15 0)
(1 4.25562e-15 0)
(1 2.80619e-16 0)
(1 -2.83519e-15 0)
(1 -1.70312e-15 0)
(1 1.52928e-15 0)
(1 1.11896e-15 0)
(1 9.96916e-16 0)
(1 1.85216e-15 0)
(1 -2.32607e-15 0)
(1 -1.46504e-15 0)
(1 9.04855e-16 0)
(1 -2.20448e-15 0)
(1 -1.08701e-15 0)
(1 -2.05754e-15 0)
(1 -7.50736e-16 0)
(1 -2.76347e-15 0)
(1 -1.67524e-15 0)
(1 -2.58791e-15 0)
(1 2.24269e-17 0)
(1 1.02186e-15 0)
(1 -2.3172e-15 0)
(1 -2.97046e-15 0)
(1 -3.46825e-15 0)
(1 -3.30444e-15 0)
(1 -3.64458e-15 0)
(1 -1.14125e-15 0)
(1 -6.88638e-16 0)
(1 -2.90049e-15 0)
(1 -1.37174e-15 0)
(1 7.81598e-16 0)
(1 9.23267e-16 0)
(1 3.10454e-15 0)
(1 -3.02905e-15 0)
(1 -3.28252e-15 0)
(1 -1.27297e-15 0)
(1 -3.19101e-15 0)
(1 -1.63456e-15 0)
(1 -1.29055e-16 0)
(1 2.53915e-16 0)
(1 -1.2648e-15 0)
(1 5.18393e-16 0)
(1 5.30582e-15 0)
(1 -2.06126e-15 0)
(1 -1.91365e-15 0)
(1 4.10552e-15 0)
(1 -1.13028e-15 0)
(1 -3.83983e-15 0)
(1 -3.03685e-15 0)
(1 -5.19527e-15 0)
(1 7.10836e-15 0)
(1 -4.01509e-16 0)
(1 4.33353e-15 0)
(1 -4.67068e-15 0)
(1 -4.6935e-15 0)
(1 3.92966e-15 0)
(1 -2.56692e-15 0)
(1 8.7436e-16 0)
(1 2.58898e-15 0)
(1 4.56373e-15 0)
(1 -1.0354e-15 0)
(1 -4.23048e-15 0)
(1 -4.71471e-15 0)
(1 -3.23934e-15 0)
(1 -8.521e-15 0)
(1 1.56183e-15 0)
(1 9.80263e-16 0)
(1 -6.05444e-16 0)
(1 1.44693e-15 0)
(1 -3.97937e-15 0)
(1 -2.12631e-15 0)
(1 1.355e-15 0)
(1 -5.88039e-15 0)
(1 -3.71738e-15 0)
(1 -7.64266e-16 0)
(1 -1.66086e-15 0)
(1 1.34737e-15 0)
(1 -8.87937e-15 0)
(1 -5.37018e-15 0)
(1 1.59815e-15 0)
(1 -5.92566e-16 0)
(1 3.75975e-15 0)
(1 3.49718e-15 0)
(1 2.95062e-16 0)
(1 -2.81597e-16 0)
(1 1.39516e-16 0)
(1 1.55473e-16 0)
(1 -5.49229e-15 0)
(1 -5.52682e-15 0)
(1 -1.26579e-15 0)
(1 -2.96871e-16 0)
(1 1.31631e-15 0)
(1 2.4078e-15 0)
(1 2.63759e-15 0)
(1 3.50537e-15 0)
(1 -1.53165e-15 0)
(1 -6.18939e-15 0)
(1 -1.73923e-15 0)
(1 -6.56458e-16 0)
(1 1.25849e-15 0)
(1 3.86274e-15 0)
(1 9.91591e-16 0)
(1 -1.83421e-16 0)
(1 -1.99059e-15 0)
(1 3.76808e-16 0)
(1 -7.12165e-17 0)
(1 -2.85275e-15 0)
(1 1.91939e-15 0)
(1 -4.57242e-16 0)
(1 -1.29907e-15 0)
(1 2.43522e-15 0)
(1 2.36929e-15 0)
(1 -3.66681e-15 0)
(1 -2.84182e-15 0)
(1 -3.64815e-15 0)
(1 -1.65669e-15 0)
(1 -5.24314e-17 0)
(1 -7.12147e-16 0)
(1 -3.80035e-15 0)
(1 4.98497e-16 0)
(1 3.1792e-15 0)
(1 -2.59144e-15 0)
(1 -7.45012e-16 0)
(1 -2.13666e-15 0)
(1 -5.75986e-16 0)
(1 -1.95548e-15 0)
(1 -5.07677e-15 0)
(1 -2.27977e-15 0)
(1 -2.25398e-15 0)
(1 -1.98571e-15 0)
(1 6.0861e-16 0)
(1 -1.77751e-16 0)
(1 2.22354e-15 0)
(1 -1.00364e-16 0)
(1 -1.82629e-15 0)
(1 -1.08416e-15 0)
(1 -4.56597e-15 0)
(1 -2.10218e-15 0)
(1 1.77064e-16 0)
(1 2.4175e-16 0)
(1 -6.22088e-17 0)
(1 -3.73361e-16 0)
(1 1.17061e-15 0)
(1 -1.05267e-15 0)
(1 1.14218e-15 0)
(1 -1.8547e-15 0)
(1 2.78843e-15 0)
(1 -4.18044e-15 0)
(1 -3.76443e-15 0)
(1 -2.70566e-15 0)
(1 1.75569e-15 0)
(1 1.8329e-15 0)
(1 2.60873e-15 0)
(1 -1.99536e-16 0)
(1 2.38968e-16 0)
(1 -3.61039e-16 0)
(1 9.61585e-16 0)
(1 -5.78033e-15 0)
(1 -8.09593e-16 0)
(1 4.4737e-15 0)
(1 -3.68107e-15 0)
(1 -1.63467e-15 0)
(1 5.27134e-16 0)
(1 -4.18415e-15 0)
(1 -3.48298e-15 0)
(1 -4.24661e-16 0)
(1 -5.2257e-15 0)
(1 -2.59087e-15 0)
(1 2.94521e-16 0)
(1 1.6945e-15 0)
(1 -2.00455e-15 0)
(1 1.76282e-15 0)
(1 -1.15446e-15 0)
(1 -1.89726e-15 0)
(1 -4.09194e-15 0)
(1 -6.69048e-16 0)
(1 -1.80009e-15 0)
(1 -5.67112e-15 0)
(1 -3.98739e-16 0)
(1 2.12545e-15 0)
(1 2.75096e-15 0)
(1 -6.81388e-16 0)
(1 4.19502e-16 0)
(1 -2.63807e-15 0)
(1 4.10988e-15 0)
(1 -3.10114e-16 0)
(1 -2.90737e-15 0)
(1 -2.79585e-15 0)
(1 -2.62752e-15 0)
(1 4.10401e-16 0)
(1 -1.2528e-15 0)
(1 1.4793e-15 0)
(1 6.60066e-16 0)
(1 -3.30066e-15 0)
(1 2.13728e-15 0)
(1 4.21777e-16 0)
(1 -2.68636e-15 0)
(1 2.40174e-15 0)
(1 2.04832e-15 0)
(1 -1.47089e-15 0)
(1 6.62756e-16 0)
(1 1.60456e-15 0)
(1 -1.79234e-16 0)
(1 1.44713e-15 0)
(1 -1.10297e-15 0)
(1 -2.20441e-16 0)
(1 2.29937e-15 0)
(1 5.24937e-15 0)
(1 4.12868e-15 0)
(1 1.43e-15 0)
(1 -1.90603e-16 0)
(1 -3.72924e-15 0)
(1 -3.97359e-15 0)
(1 -2.47958e-15 0)
(1 -3.11143e-15 0)
(1 -1.31776e-15 0)
(1 6.75031e-16 0)
(1 -4.27589e-15 0)
(1 -6.69473e-16 0)
(1 2.24109e-15 0)
(1 1.69186e-15 0)
(1 -4.10303e-15 0)
(1 -1.52078e-16 0)
(1 6.50771e-16 0)
(1 1.4882e-15 0)
(1 -1.06605e-15 0)
(1 -3.72696e-15 0)
(1 -2.31281e-15 0)
(1 3.39545e-16 0)
(1 -6.28842e-16 0)
(1 -1.38423e-15 0)
(1 -1.14256e-15 0)
(1 1.5013e-16 0)
(1 -2.19239e-16 0)
(1 4.4594e-16 0)
(1 5.96761e-16 0)
(1 -3.57235e-15 0)
(1 -1.61237e-15 0)
(1 7.87015e-16 0)
(1 -1.06245e-16 0)
(1 1.28002e-15 0)
(1 1.08973e-15 0)
(1 -1.62566e-15 0)
(1 -2.7832e-16 0)
(1 -3.25122e-15 0)
(1 -3.28106e-15 0)
(1 4.2683e-15 0)
(1 5.0387e-16 0)
(1 1.00787e-15 0)
(1 4.65538e-15 0)
(1 -7.4776e-15 0)
(1 4.62527e-15 0)
(1 -5.23468e-16 0)
(1 9.64458e-16 0)
(1 -2.39768e-15 0)
(1 -2.6662e-15 0)
(1 -2.49902e-16 0)
(1 -6.30508e-16 0)
(1 -3.1536e-15 0)
(1 4.33773e-16 0)
(1 4.7622e-16 0)
(1 -9.2815e-16 0)
(1 -2.6468e-15 0)
(1 -2.02592e-15 0)
(1 -2.47733e-16 0)
(1 -3.00517e-15 0)
(1 -2.38961e-15 0)
(1 1.19894e-15 0)
(1 1.31245e-15 0)
(1 1.11784e-16 0)
(1 -3.03905e-15 0)
(1 -2.27163e-15 0)
(1 -2.97711e-16 0)
(1 3.04246e-15 0)
(1 -1.60627e-15 0)
(1 -1.7455e-15 0)
(1 -3.53539e-15 0)
(1 -2.70324e-15 0)
(1 1.78449e-16 0)
(1 8.45174e-16 0)
(1 7.464e-16 0)
(1 1.46337e-15 0)
(1 -2.21915e-16 0)
(1 -1.7415e-15 0)
(1 -1.16144e-15 0)
(1 -1.67506e-15 0)
(1 -5.34695e-15 0)
(1 -3.01977e-15 0)
(1 1.5341e-15 0)
(1 1.22691e-16 0)
(1 -1.0972e-16 0)
(1 -2.21982e-16 0)
(1 2.91294e-15 0)
(1 -4.66325e-15 0)
(1 -1.39988e-15 0)
(1 9.5876e-16 0)
(1 7.53852e-16 0)
(1 4.77995e-16 0)
(1 2.15338e-16 0)
(1 3.7167e-15 0)
(1 -3.4393e-15 0)
(1 -5.36856e-16 0)
(1 -3.72321e-16 0)
(1 1.60642e-15 0)
(1 -7.87979e-17 0)
(1 1.38726e-15 0)
(1 2.13174e-15 0)
(1 2.82693e-15 0)
(1 1.223e-15 0)
(1 2.04524e-15 0)
(1 -9.98729e-16 0)
(1 -2.04513e-15 0)
(1 1.74901e-16 0)
(1 -1.41957e-16 0)
(1 -2.42308e-16 0)
(1 -9.97636e-16 0)
(1 -2.50912e-15 0)
(1 -4.68376e-16 0)
(1 5.89086e-17 0)
(1 -5.33462e-16 0)
(1 2.56107e-16 0)
(1 -1.48068e-15 0)
(1 3.48491e-15 0)
(1 2.80912e-16 0)
(1 -6.19377e-16 0)
(1 -4.01412e-16 0)
(1 -4.19968e-15 0)
(1 -1.32201e-15 0)
(1 -8.74634e-16 0)
(1 -1.74892e-15 0)
(1 6.98731e-16 0)
(1 7.81334e-16 0)
(1 3.13098e-16 0)
(1 -2.96146e-15 0)
(1 -1.93992e-15 0)
(1 2.51967e-16 0)
(1 3.31939e-16 0)
(1 1.26859e-15 0)
(1 5.71909e-16 0)
(1 -7.10493e-16 0)
(1 1.24105e-15 0)
(1 1.16705e-15 0)
(1 -2.30771e-15 0)
(1 1.66415e-15 0)
(1 -4.17722e-15 0)
(1 1.3578e-15 0)
(1 -2.49243e-15 0)
(1 2.78379e-15 0)
(1 5.80029e-15 0)
(1 -3.85204e-15 0)
(1 -6.44749e-15 0)
(1 3.2699e-15 0)
(1 -1.80918e-15 0)
(1 -4.96903e-16 0)
(1 -4.2408e-17 0)
(1 1.48491e-15 0)
(1 -1.72851e-15 0)
(1 6.39051e-15 0)
(1 -2.58497e-15 0)
(1 9.51392e-16 0)
(1 2.15047e-15 0)
(1 -3.04311e-15 0)
(1 -1.81024e-15 0)
(1 1.80455e-16 0)
(1 -3.77055e-15 0)
(1 -1.72905e-16 0)
(1 -9.68347e-16 0)
(1 -1.05155e-15 0)
(1 1.53116e-15 0)
(1 -1.35162e-15 0)
(1 1.36315e-15 0)
(1 -4.264e-15 0)
(1 -1.95769e-15 0)
(1 1.93296e-15 0)
(1 9.71478e-16 0)
(1 -1.7122e-15 0)
(1 -4.24245e-15 0)
(1 -3.18288e-15 0)
(1 3.05218e-15 0)
(1 -9.64489e-16 0)
(1 2.95497e-16 0)
(1 3.48705e-15 0)
(1 1.11037e-15 0)
(1 1.00956e-15 0)
(1 -4.53878e-15 0)
(1 -3.56e-15 0)
(1 -1.41935e-15 0)
(1 -4.92805e-16 0)
(1 3.70623e-15 0)
(1 -1.35564e-17 0)
(1 6.02993e-16 0)
(1 -1.42491e-16 0)
(1 6.25295e-16 0)
(1 -2.7933e-15 0)
(1 -3.36696e-15 0)
(1 -3.1671e-16 0)
(1 2.63801e-15 0)
(1 -2.048e-15 0)
(1 -4.51191e-16 0)
(1 1.70421e-15 0)
(1 -2.65755e-15 0)
(1 3.67148e-16 0)
(1 1.16271e-15 0)
(1 2.14463e-15 0)
(1 1.62046e-15 0)
(1 1.06032e-15 0)
(1 -2.80505e-16 0)
(1 4.64339e-16 0)
(1 -4.75365e-16 0)
(1 1.35647e-15 0)
(1 -1.36863e-15 0)
(1 -2.13505e-15 0)
(1 -3.71493e-16 0)
(1 -3.18232e-16 0)
(1 2.43948e-15 0)
(1 -1.39081e-15 0)
(1 -3.65755e-15 0)
(1 -7.08278e-16 0)
(1 2.21411e-16 0)
(1 -9.10951e-16 0)
(1 -1.07654e-15 0)
(1 1.68424e-15 0)
(1 1.5439e-15 0)
(1 1.26941e-15 0)
(1 -2.49722e-15 0)
(1 -7.19264e-16 0)
(1 -5.76858e-15 0)
(1 -2.70988e-15 0)
(1 1.87491e-17 0)
(1 7.41946e-16 0)
(1 3.67518e-15 0)
(1 2.47795e-15 0)
(1 -1.8644e-15 0)
(1 -5.96491e-16 0)
(1 -2.83916e-15 0)
(1 -1.84189e-15 0)
(1 4.36421e-15 0)
(1 2.09793e-15 0)
(1 -3.62036e-16 0)
(1 6.21307e-16 0)
(1 -5.34382e-16 0)
(1 -1.48759e-15 0)
(1 6.80294e-17 0)
(1 2.16755e-15 0)
(1 -1.33284e-15 0)
(1 -4.356e-16 0)
(1 -2.19866e-15 0)
(1 -1.44472e-15 0)
(1 3.02904e-15 0)
(1 -1.48625e-15 0)
(1 1.15504e-15 0)
(1 4.41976e-16 0)
(1 -1.17201e-15 0)
(1 3.29028e-15 0)
(1 1.90418e-15 0)
(1 -1.03367e-15 0)
(1 -1.05389e-15 0)
(1 -1.75018e-15 0)
(1 3.17678e-15 0)
(1 9.81684e-16 0)
(1 1.53249e-15 0)
(1 -2.51171e-15 0)
(1 -1.00756e-15 0)
(1 8.44118e-16 0)
(1 1.16127e-15 0)
(1 -1.06252e-15 0)
(1 -4.5998e-15 0)
(1 -1.82293e-15 0)
(1 -1.11648e-15 0)
(1 2.36548e-15 0)
(1 3.56977e-15 0)
(1 -2.52611e-15 0)
(1 -2.80288e-15 0)
(1 -3.81395e-15 0)
(1 1.87184e-15 0)
(1 1.09677e-15 0)
(1 -3.99024e-15 0)
(1 -1.07643e-15 0)
(1 4.96239e-15 0)
(1 -3.60908e-16 0)
(1 1.95312e-15 0)
(1 1.99053e-15 0)
(1 -3.75943e-16 0)
(1 -2.34613e-15 0)
(1 -1.007e-15 0)
(1 -1.92099e-15 0)
(1 -9.83471e-16 0)
(1 1.54525e-15 0)
(1 4.7066e-15 0)
(1 -1.49014e-15 0)
(1 1.77787e-15 0)
(1 -2.44066e-15 0)
(1 -6.40025e-15 0)
(1 -2.75785e-15 0)
(1 -5.86406e-16 0)
(1 -1.70383e-15 0)
(1 2.32495e-15 0)
(1 2.36637e-15 0)
(1 -1.28236e-15 0)
(1 1.22936e-15 0)
(1 2.11515e-17 0)
(1 -5.90089e-16 0)
(1 9.7171e-16 0)
(1 1.38822e-15 0)
(1 1.69782e-15 0)
(1 -1.54332e-15 0)
(1 1.99078e-15 0)
(1 4.42095e-15 0)
(1 1.89408e-15 0)
(1 -1.44874e-15 0)
(1 -3.07216e-15 0)
(1 -2.65311e-15 0)
(1 -2.9249e-15 0)
(1 -2.27958e-16 0)
(1 6.22484e-15 0)
(1 -3.59799e-15 0)
(1 -2.20969e-15 0)
(1 3.95499e-16 0)
(1 6.5502e-16 0)
(1 -1.50116e-15 0)
(1 -3.76375e-15 0)
(1 -5.80762e-16 0)
(1 1.60624e-15 0)
(1 -2.09185e-16 0)
(1 -5.20586e-16 0)
(1 -7.38824e-16 0)
(1 -1.4711e-15 0)
(1 -2.79494e-15 0)
(1 3.85169e-16 0)
(1 -1.58001e-15 0)
(1 1.58519e-15 0)
(1 2.9116e-16 0)
(1 1.40882e-16 0)
(1 1.5385e-15 0)
(1 5.7658e-16 0)
(1 -5.39477e-16 0)
(1 3.56335e-15 0)
(1 -3.95773e-17 0)
(1 -4.00491e-16 0)
(1 1.00474e-15 0)
(1 -1.02554e-15 0)
(1 -1.76832e-15 0)
(1 1.32356e-15 0)
(1 1.27473e-16 0)
(1 -1.75678e-17 0)
(1 -4.86748e-16 0)
(1 1.19091e-15 0)
(1 -2.04822e-15 0)
(1 -4.69825e-16 0)
(1 2.51999e-15 0)
(1 1.60324e-15 0)
(1 -2.08107e-15 0)
(1 -1.07451e-15 0)
(1 5.47374e-16 0)
(1 1.36852e-15 0)
(1 -1.69453e-15 0)
(1 1.02112e-15 0)
(1 5.7053e-16 0)
(1 3.44115e-15 0)
(1 -9.10471e-16 0)
(1 8.93307e-16 0)
(1 -2.70111e-15 0)
(1 -2.44761e-15 0)
(1 3.27196e-16 0)
(1 4.41957e-15 0)
(1 -1.72087e-15 0)
(1 -2.65339e-15 0)
(1 1.79912e-15 0)
(1 -2.41403e-15 0)
(1 -2.26706e-16 0)
(1 9.40653e-16 0)
(1 -4.65175e-16 0)
(1 -2.27269e-15 0)
(1 -2.52771e-15 0)
(1 2.39862e-15 0)
(1 2.22767e-15 0)
(1 -1.54978e-16 0)
(1 -4.19511e-16 0)
(1 9.9606e-17 0)
(1 9.65874e-17 0)
(1 -8.15211e-16 0)
(1 1.53316e-15 0)
(1 -4.11383e-16 0)
(1 -3.10342e-15 0)
(1 1.25927e-15 0)
(1 1.61256e-15 0)
(1 -3.87809e-17 0)
(1 9.51341e-16 0)
(1 9.11293e-16 0)
(1 -3.00289e-15 0)
(1 -8.13367e-16 0)
(1 -1.12633e-15 0)
(1 -3.29479e-15 0)
(1 9.86169e-16 0)
(1 3.77568e-15 0)
(1 -2.27096e-15 0)
(1 -6.38791e-16 0)
(1 1.2544e-15 0)
(1 -1.8448e-15 0)
(1 2.24078e-15 0)
(1 9.85959e-16 0)
(1 -1.71343e-15 0)
(1 4.37428e-16 0)
(1 -2.76285e-16 0)
(1 4.71805e-16 0)
(1 -1.41685e-15 0)
(1 1.39984e-15 0)
(1 1.91171e-15 0)
(1 9.07367e-17 0)
(1 -4.23591e-16 0)
(1 -7.21505e-17 0)
(1 9.13255e-16 0)
(1 -7.45608e-17 0)
(1 5.8371e-16 0)
(1 4.26202e-15 0)
(1 -3.0698e-15 0)
(1 -1.45728e-15 0)
(1 1.71153e-15 0)
(1 1.53635e-16 0)
(1 -1.40216e-15 0)
(1 -2.16802e-15 0)
(1 1.70429e-16 0)
(1 3.39209e-15 0)
(1 -2.91705e-16 0)
(1 -7.67106e-16 0)
(1 -4.45651e-16 0)
(1 -9.0054e-16 0)
(1 -8.28295e-16 0)
(1 -7.52119e-16 0)
(1 -4.09485e-15 0)
(1 -9.18305e-17 0)
(1 -2.1456e-16 0)
(1 9.49369e-16 0)
(1 2.63138e-16 0)
(1 2.53397e-15 0)
(1 6.69351e-17 0)
(1 8.69759e-17 0)
(1 5.81947e-17 0)
)
;

boundaryField
{
    inlet
    {
        type            calculated;
        value           uniform (1 0 0);
    }
    outlet
    {
        type            calculated;
        value           nonuniform List<vector> 
40
(
(1 -3.37049e-16 0)
(1 -8.3932e-16 0)
(1 1.92934e-16 0)
(1 -2.03975e-15 0)
(1 -1.93101e-15 0)
(1 1.69068e-15 0)
(1 8.46026e-16 0)
(1 2.09438e-15 0)
(1 4.66884e-15 0)
(1 4.28933e-15 0)
(1 1.4327e-15 0)
(1 -8.73312e-16 0)
(1 -6.10456e-16 0)
(1 -2.44454e-15 0)
(1 1.7371e-15 0)
(1 4.05086e-15 0)
(1 8.10661e-16 0)
(1 8.11304e-16 0)
(1 1.5107e-15 0)
(1 -2.2896e-16 -1.07664e-49)
(1 2.21883e-15 1.15948e-49)
(1 3.70987e-15 0)
(1 -4.11145e-16 0)
(1 -4.89415e-16 0)
(1 -2.53239e-15 0)
(1 -9.93719e-16 0)
(1 1.16855e-15 0)
(1 1.04586e-15 0)
(1 -1.15513e-15 0)
(1 -2.02131e-15 0)
(1 -3.03034e-15 0)
(1 -3.55079e-15 0)
(1 -5.70339e-16 0)
(1 -1.53324e-15 0)
(1 -2.0201e-15 0)
(1 -1.55766e-15 0)
(1 1.30555e-15 0)
(1 2.12745e-15 0)
(1 -2.50191e-17 0)
(1 6.10911e-17 0)
)
;
    }
    down
    {
        type            empty;
    }
    up
    {
        type            empty;
    }
    sides
    {
        type            calculated;
        value           nonuniform List<vector> 
200
(
(1 0 0)
(1 0 0)
(1 0 0)
(1 0 0)
(1 0 0)
(1 0 0)
(1 0 0)
(1 0 0)
(1 0 0)
(1 0 0)
(1 0 0)
(1 0 0)
(1 0 0)
(1 0 0)
(1 0 0)
(1 0 0)
(1 0 0)
(1 0 0)
(1 0 0)
(1 0 0)
(1 0 0)
(1 0 0)
(1 0 0)
(1 0 0)
(1 0 0)
(1 0 0)
(1 0 0)
(1 0 0)
(1 0 0)
(1 0 0)
(1 0 0)
(1 0 0)
(1 0 0)
(1 0 0)
(1 0 0)
(1 0 0)
(1 0 0)
(1 0 0)
(1 0 0)
(1 0 0)
(1 0 0)
(1 0 0)
(1 0 0)
(1 0 0)
(1 0 0)
(1 0 0)
(1 0 0)
(1 0 0)
(1 0 0)
(1 0 0)
(1 0 0)
(1 0 0)
(1 0 0)
(1 0 0)
(1 0 0)
(1 0 0)
(1 0 0)
(1 0 0)
(1 0 0)
(1 0 0)
(1 0 0)
(1 0 0)
(1 0 0)
(1 0 0)
(1 0 0)
(1 0 0)
(1 0 0)
(1 0 0)
(1 0 0)
(1 0 0)
(1 0 0)
(1 0 0)
(1 0 0)
(1 0 0)
(1 0 0)
(1 0 0)
(1 0 0)
(1 0 0)
(1 0 0)
(1 0 0)
(1 0 0)
(1 0 0)
(1 0 0)
(1 0 0)
(1 0 0)
(1 0 0)
(1 0 0)
(1 0 0)
(1 0 0)
(1 0 0)
(1 0 0)
(1 0 0)
(1 0 0)
(1 0 0)
(1 0 0)
(1 0 0)
(1 0 0)
(1 0 0)
(1 0 0)
(1 0 0)
(1 0 0)
(1 0 0)
(1 0 0)
(1 0 0)
(1 0 0)
(1 0 0)
(1 0 0)
(1 0 0)
(1 0 0)
(1 0 0)
(1 0 0)
(1 0 0)
(1 0 0)
(1 0 0)
(1 0 0)
(1 0 0)
(1 0 0)
(1 0 0)
(1 0 0)
(1 0 0)
(1 0 0)
(1 0 0)
(1 0 0)
(1 0 0)
(1 0 0)
(1 0 0)
(1 0 0)
(1 0 0)
(1 0 0)
(1 0 0)
(1 0 0)
(1 0 0)
(1 0 0)
(1 0 0)
(1 0 0)
(1 0 0)
(1 0 0)
(1 0 0)
(1 0 0)
(1 0 0)
(1 0 0)
(1 0 0)
(1 0 0)
(1 0 0)
(1 0 0)
(1 0 0)
(1 0 0)
(1 0 0)
(1 0 0)
(1 0 0)
(1 0 0)
(1 0 0)
(1 0 0)
(1 0 0)
(1 0 0)
(1 0 0)
(1 0 0)
(1 0 0)
(1 0 0)
(1 0 0)
(1 0 0)
(1 0 0)
(1 0 0)
(1 0 0)
(1 0 0)
(1 0 0)
(1 0 0)
(1 0 0)
(1 0 0)
(1 0 0)
(1 0 0)
(1 0 0)
(1 0 0)
(1 0 0)
(1 0 0)
(1 0 0)
(1 0 0)
(1 0 0)
(1 0 0)
(1 0 0)
(1 0 0)
(1 0 0)
(1 0 0)
(1 0 0)
(1 0 0)
(1 0 0)
(1 0 0)
(1 0 0)
(1 0 0)
(1 0 0)
(1 0 0)
(1 0 0)
(1 0 0)
(1 0 0)
(1 0 0)
(1 0 0)
(1 0 0)
(1 0 0)
(1 0 0)
(1 0 0)
)
;
    }
}

