/*--------------------------------*- C++ -*----------------------------------*\
| =========                 |                                                 |
| \\      /  F ield         | OpenFOAM: The Open Source CFD Toolbox           |
|  \\    /   O peration     | Version:  v2012                                 |
|   \\  /    A nd           | Website:  www.openfoam.com                      |
|    \\/     M anipulation  |                                                 |
\*---------------------------------------------------------------------------*/
FoamFile
{
    version     2.0;
    format      ascii;
    class       volScalarField;
    location    "0";
    object      pRec;
}
// * * * * * * * * * * * * * * * * * * * * * * * * * * * * * * * * * * * * * //

dimensions      [0 2 -2 0 0 0 0];


internalField   nonuniform List<scalar> 
4000
(
-6.84554e-13
-6.79433e-13
-6.80321e-13
-6.82614e-13
-6.81068e-13
-6.81778e-13
-6.7996e-13
-6.7517e-13
-6.66243e-13
-6.61548e-13
-6.61902e-13
-6.56762e-13
-6.48497e-13
-6.36607e-13
-6.23054e-13
-6.17417e-13
-6.13858e-13
-6.11082e-13
-6.03607e-13
-5.92169e-13
-5.81891e-13
-5.7464e-13
-5.69241e-13
-5.60369e-13
-5.49548e-13
-5.38667e-13
-5.35151e-13
-5.30222e-13
-5.23731e-13
-5.12278e-13
-4.9792e-13
-4.90075e-13
-4.86836e-13
-4.83275e-13
-4.77394e-13
-4.72698e-13
-4.62467e-13
-4.45846e-13
-4.29115e-13
-4.24274e-13
-4.23068e-13
-4.20297e-13
-4.19046e-13
-4.12844e-13
-4.03257e-13
-3.94225e-13
-3.85005e-13
-3.7582e-13
-3.67259e-13
-3.59771e-13
-3.51691e-13
-3.44365e-13
-3.37432e-13
-3.29441e-13
-3.21937e-13
-3.10145e-13
-3.02759e-13
-3.00616e-13
-2.98175e-13
-2.95113e-13
-2.87131e-13
-2.8023e-13
-2.70903e-13
-2.60027e-13
-2.52554e-13
-2.45494e-13
-2.40817e-13
-2.32539e-13
-2.22535e-13
-2.1567e-13
-2.08464e-13
-2.00705e-13
-1.87792e-13
-1.8078e-13
-1.79098e-13
-1.7486e-13
-1.69429e-13
-1.62866e-13
-1.53404e-13
-1.40221e-13
-1.28222e-13
-1.2218e-13
-1.1385e-13
-1.08889e-13
-1.03167e-13
-9.71356e-14
-8.87484e-14
-8.11585e-14
-7.78377e-14
-7.34692e-14
-6.76618e-14
-6.09679e-14
-5.4775e-14
-5.01424e-14
-4.09531e-14
-3.20501e-14
-2.49011e-14
-1.72049e-14
-9.30605e-15
-2.14742e-15
-6.81482e-13
-6.80034e-13
-6.82602e-13
-6.82641e-13
-6.83592e-13
-6.80657e-13
-6.77574e-13
-6.75411e-13
-6.69921e-13
-6.64387e-13
-6.58806e-13
-6.54368e-13
-6.46909e-13
-6.36378e-13
-6.26241e-13
-6.20344e-13
-6.1587e-13
-6.09704e-13
-6.0193e-13
-5.95198e-13
-5.84406e-13
-5.72801e-13
-5.65923e-13
-5.5784e-13
-5.47561e-13
-5.41285e-13
-5.3678e-13
-5.30936e-13
-5.22733e-13
-5.09361e-13
-5.00206e-13
-4.93073e-13
-4.86423e-13
-4.80226e-13
-4.74886e-13
-4.69349e-13
-4.61174e-13
-4.4846e-13
-4.3512e-13
-4.27786e-13
-4.23022e-13
-4.20161e-13
-4.16363e-13
-4.11421e-13
-4.04087e-13
-3.94183e-13
-3.83933e-13
-3.75656e-13
-3.67065e-13
-3.57631e-13
-3.50761e-13
-3.43475e-13
-3.37751e-13
-3.30779e-13
-3.23215e-13
-3.12541e-13
-3.02513e-13
-2.98878e-13
-2.96582e-13
-2.93606e-13
-2.89142e-13
-2.80312e-13
-2.71437e-13
-2.61673e-13
-2.54407e-13
-2.45777e-13
-2.38529e-13
-2.31603e-13
-2.24645e-13
-2.17007e-13
-2.08466e-13
-2.00878e-13
-1.9209e-13
-1.83889e-13
-1.78906e-13
-1.71176e-13
-1.68246e-13
-1.60884e-13
-1.50641e-13
-1.39017e-13
-1.29217e-13
-1.23406e-13
-1.17477e-13
-1.10721e-13
-1.01748e-13
-9.52881e-14
-8.68711e-14
-7.93258e-14
-7.63902e-14
-7.21071e-14
-6.87559e-14
-6.34084e-14
-5.81612e-14
-4.81685e-14
-3.95027e-14
-3.26113e-14
-2.43399e-14
-1.72937e-14
-1.04441e-14
-3.83498e-15
-6.80818e-13
-6.79927e-13
-6.8198e-13
-6.84629e-13
-6.85577e-13
-6.81744e-13
-6.76579e-13
-6.74279e-13
-6.67959e-13
-6.64144e-13
-6.59788e-13
-6.53757e-13
-6.4631e-13
-6.37843e-13
-6.28099e-13
-6.21266e-13
-6.14758e-13
-6.08566e-13
-6.02623e-13
-5.93778e-13
-5.83713e-13
-5.74668e-13
-5.66531e-13
-5.58719e-13
-5.49372e-13
-5.43661e-13
-5.37689e-13
-5.29306e-13
-5.20487e-13
-5.07947e-13
-5.00489e-13
-4.93109e-13
-4.85955e-13
-4.82073e-13
-4.76963e-13
-4.70466e-13
-4.59814e-13
-4.49474e-13
-4.38681e-13
-4.2795e-13
-4.22213e-13
-4.1721e-13
-4.16463e-13
-4.11985e-13
-4.0462e-13
-3.94097e-13
-3.82272e-13
-3.73311e-13
-3.68355e-13
-3.63041e-13
-3.52112e-13
-3.4409e-13
-3.35621e-13
-3.278e-13
-3.21058e-13
-3.13313e-13
-3.03188e-13
-3.0104e-13
-3.00517e-13
-2.95381e-13
-2.86969e-13
-2.75928e-13
-2.68511e-13
-2.62837e-13
-2.5679e-13
-2.48894e-13
-2.40919e-13
-2.30976e-13
-2.23334e-13
-2.13897e-13
-2.05847e-13
-1.98606e-13
-1.89316e-13
-1.83372e-13
-1.78441e-13
-1.72957e-13
-1.67671e-13
-1.60777e-13
-1.50305e-13
-1.40184e-13
-1.33822e-13
-1.25163e-13
-1.13615e-13
-1.07449e-13
-1.01669e-13
-9.74504e-14
-9.10735e-14
-8.27409e-14
-7.63532e-14
-7.04231e-14
-6.64623e-14
-6.30701e-14
-5.65026e-14
-4.86657e-14
-3.91898e-14
-3.05706e-14
-2.51219e-14
-1.81195e-14
-1.36514e-14
-4.45022e-15
-6.8173e-13
-6.82583e-13
-6.82989e-13
-6.79597e-13
-6.84069e-13
-6.79185e-13
-6.76647e-13
-6.74539e-13
-6.71863e-13
-6.66118e-13
-6.58388e-13
-6.49644e-13
-6.42694e-13
-6.37886e-13
-6.35764e-13
-6.26438e-13
-6.13186e-13
-6.05904e-13
-6.01495e-13
-5.92936e-13
-5.83896e-13
-5.76066e-13
-5.6687e-13
-5.5353e-13
-5.45688e-13
-5.41752e-13
-5.37154e-13
-5.31461e-13
-5.20991e-13
-5.1157e-13
-5.04034e-13
-4.95094e-13
-4.86704e-13
-4.8035e-13
-4.72761e-13
-4.70098e-13
-4.60654e-13
-4.4842e-13
-4.39765e-13
-4.30068e-13
-4.25068e-13
-4.21395e-13
-4.16118e-13
-4.09457e-13
-4.00177e-13
-3.9106e-13
-3.82456e-13
-3.76507e-13
-3.68587e-13
-3.57556e-13
-3.48759e-13
-3.43147e-13
-3.37358e-13
-3.31543e-13
-3.20568e-13
-3.14317e-13
-3.05429e-13
-3.00147e-13
-2.99479e-13
-2.93669e-13
-2.85636e-13
-2.77728e-13
-2.72245e-13
-2.65137e-13
-2.56579e-13
-2.47695e-13
-2.40009e-13
-2.31075e-13
-2.23732e-13
-2.16166e-13
-2.0919e-13
-2.01492e-13
-1.92159e-13
-1.84668e-13
-1.78045e-13
-1.71603e-13
-1.67408e-13
-1.60368e-13
-1.50207e-13
-1.40603e-13
-1.33113e-13
-1.25557e-13
-1.15618e-13
-1.06517e-13
-1.00972e-13
-9.58598e-14
-8.92911e-14
-8.18435e-14
-7.46189e-14
-7.08491e-14
-6.84769e-14
-6.38669e-14
-5.7901e-14
-4.73452e-14
-3.87102e-14
-3.28726e-14
-2.66719e-14
-1.76456e-14
-1.11554e-14
-4.20353e-15
-6.82268e-13
-6.86218e-13
-6.82877e-13
-6.79093e-13
-6.76229e-13
-6.79469e-13
-6.79205e-13
-6.76981e-13
-6.7079e-13
-6.63633e-13
-6.55843e-13
-6.51181e-13
-6.4204e-13
-6.36566e-13
-6.34904e-13
-6.28887e-13
-6.19493e-13
-6.09713e-13
-5.98766e-13
-5.88504e-13
-5.83492e-13
-5.75338e-13
-5.61972e-13
-5.53064e-13
-5.48928e-13
-5.43707e-13
-5.38409e-13
-5.30373e-13
-5.23223e-13
-5.13975e-13
-5.04694e-13
-4.95854e-13
-4.86598e-13
-4.80656e-13
-4.74303e-13
-4.69716e-13
-4.59315e-13
-4.48422e-13
-4.38081e-13
-4.30537e-13
-4.25307e-13
-4.23065e-13
-4.16249e-13
-4.08117e-13
-3.98559e-13
-3.88175e-13
-3.81228e-13
-3.75374e-13
-3.67832e-13
-3.61061e-13
-3.52169e-13
-3.45055e-13
-3.37551e-13
-3.31223e-13
-3.20564e-13
-3.13028e-13
-3.06628e-13
-3.01428e-13
-2.98854e-13
-2.92786e-13
-2.8593e-13
-2.78139e-13
-2.70265e-13
-2.64516e-13
-2.58707e-13
-2.52117e-13
-2.44023e-13
-2.32138e-13
-2.23579e-13
-2.1354e-13
-2.05889e-13
-1.99276e-13
-1.92396e-13
-1.84683e-13
-1.75088e-13
-1.68935e-13
-1.66419e-13
-1.59947e-13
-1.52544e-13
-1.42481e-13
-1.34319e-13
-1.27476e-13
-1.15164e-13
-1.05377e-13
-9.80507e-14
-9.30647e-14
-8.95765e-14
-8.43207e-14
-7.6721e-14
-7.20767e-14
-6.74573e-14
-6.35214e-14
-5.5976e-14
-5.03174e-14
-4.24802e-14
-3.31451e-14
-2.63317e-14
-1.95974e-14
-1.06882e-14
-1.68356e-15
-6.79163e-13
-6.87514e-13
-6.84085e-13
-6.76264e-13
-6.8037e-13
-6.83004e-13
-6.80783e-13
-6.76658e-13
-6.68925e-13
-6.57192e-13
-6.53675e-13
-6.50507e-13
-6.4666e-13
-6.37869e-13
-6.31737e-13
-6.30216e-13
-6.20545e-13
-6.12053e-13
-6.03803e-13
-5.91683e-13
-5.80762e-13
-5.6995e-13
-5.53883e-13
-5.49823e-13
-5.49569e-13
-5.46908e-13
-5.38647e-13
-5.30206e-13
-5.22532e-13
-5.16334e-13
-5.05572e-13
-4.9594e-13
-4.87753e-13
-4.83249e-13
-4.78825e-13
-4.6847e-13
-4.57462e-13
-4.48606e-13
-4.37835e-13
-4.32624e-13
-4.27662e-13
-4.23405e-13
-4.14648e-13
-4.08181e-13
-3.98725e-13
-3.87103e-13
-3.78558e-13
-3.72379e-13
-3.68129e-13
-3.60931e-13
-3.53494e-13
-3.44611e-13
-3.3669e-13
-3.2895e-13
-3.19453e-13
-3.14263e-13
-3.08959e-13
-3.02372e-13
-2.97592e-13
-2.93165e-13
-2.882e-13
-2.79245e-13
-2.70741e-13
-2.64125e-13
-2.55724e-13
-2.50419e-13
-2.44476e-13
-2.33363e-13
-2.24609e-13
-2.1642e-13
-2.07199e-13
-1.99335e-13
-1.93641e-13
-1.86015e-13
-1.76705e-13
-1.71252e-13
-1.65446e-13
-1.56907e-13
-1.51802e-13
-1.44322e-13
-1.36853e-13
-1.26693e-13
-1.13086e-13
-1.03709e-13
-9.90583e-14
-9.49759e-14
-9.08354e-14
-8.2624e-14
-7.57105e-14
-7.13773e-14
-6.72701e-14
-6.37657e-14
-5.44226e-14
-4.90482e-14
-4.19276e-14
-3.54552e-14
-2.674e-14
-1.88448e-14
-8.99576e-15
-7.80138e-16
-6.8361e-13
-6.84004e-13
-6.83481e-13
-6.80508e-13
-6.7787e-13
-6.81184e-13
-6.79994e-13
-6.74509e-13
-6.66882e-13
-6.57955e-13
-6.50387e-13
-6.49801e-13
-6.48476e-13
-6.38936e-13
-6.32896e-13
-6.28327e-13
-6.25048e-13
-6.16938e-13
-6.00964e-13
-5.84823e-13
-5.70089e-13
-5.65007e-13
-5.63173e-13
-5.60061e-13
-5.53447e-13
-5.46268e-13
-5.36796e-13
-5.2851e-13
-5.23501e-13
-5.18306e-13
-5.08258e-13
-4.94825e-13
-4.88301e-13
-4.79762e-13
-4.73765e-13
-4.66467e-13
-4.59376e-13
-4.52949e-13
-4.42136e-13
-4.31387e-13
-4.24145e-13
-4.18423e-13
-4.13391e-13
-4.08724e-13
-4.01553e-13
-3.91343e-13
-3.80311e-13
-3.71347e-13
-3.65066e-13
-3.61004e-13
-3.53988e-13
-3.48101e-13
-3.39414e-13
-3.29341e-13
-3.21095e-13
-3.15148e-13
-3.08242e-13
-2.97774e-13
-2.94081e-13
-2.92799e-13
-2.92581e-13
-2.84281e-13
-2.72997e-13
-2.62077e-13
-2.53016e-13
-2.46863e-13
-2.39346e-13
-2.29533e-13
-2.2092e-13
-2.16128e-13
-2.14525e-13
-2.04689e-13
-1.94636e-13
-1.88656e-13
-1.79518e-13
-1.69834e-13
-1.61417e-13
-1.5319e-13
-1.4803e-13
-1.43132e-13
-1.36123e-13
-1.26184e-13
-1.17585e-13
-1.08847e-13
-1.01765e-13
-9.24255e-14
-8.82767e-14
-8.35975e-14
-7.66721e-14
-7.29195e-14
-6.6739e-14
-5.94075e-14
-5.43753e-14
-4.80772e-14
-4.14018e-14
-3.35022e-14
-2.64913e-14
-1.73443e-14
-9.26555e-15
-2.83244e-15
-6.82215e-13
-6.81386e-13
-6.79709e-13
-6.81727e-13
-6.83721e-13
-6.83152e-13
-6.79191e-13
-6.72719e-13
-6.64847e-13
-6.58795e-13
-6.54087e-13
-6.49138e-13
-6.45102e-13
-6.36807e-13
-6.33006e-13
-6.28749e-13
-6.24875e-13
-6.16843e-13
-5.96979e-13
-5.86921e-13
-5.81666e-13
-5.73998e-13
-5.62942e-13
-5.53631e-13
-5.50521e-13
-5.4306e-13
-5.33408e-13
-5.27663e-13
-5.21693e-13
-5.15531e-13
-5.08673e-13
-4.99857e-13
-4.93545e-13
-4.86058e-13
-4.7479e-13
-4.65897e-13
-4.57744e-13
-4.48765e-13
-4.40993e-13
-4.31775e-13
-4.24818e-13
-4.20633e-13
-4.13931e-13
-4.11775e-13
-4.06297e-13
-3.91833e-13
-3.76674e-13
-3.64673e-13
-3.6399e-13
-3.62168e-13
-3.57933e-13
-3.51402e-13
-3.39624e-13
-3.29361e-13
-3.18665e-13
-3.12638e-13
-3.08802e-13
-3.03247e-13
-2.95898e-13
-2.90868e-13
-2.88921e-13
-2.81636e-13
-2.74031e-13
-2.65708e-13
-2.57717e-13
-2.48989e-13
-2.40619e-13
-2.3138e-13
-2.25088e-13
-2.18059e-13
-2.10865e-13
-2.04818e-13
-1.93269e-13
-1.81243e-13
-1.74608e-13
-1.69675e-13
-1.64785e-13
-1.56865e-13
-1.51862e-13
-1.45717e-13
-1.36953e-13
-1.26371e-13
-1.14402e-13
-1.03991e-13
-9.60707e-14
-9.20557e-14
-8.92063e-14
-8.49577e-14
-7.81353e-14
-7.15422e-14
-6.45713e-14
-5.8979e-14
-5.44644e-14
-4.93975e-14
-4.01573e-14
-3.19811e-14
-2.58266e-14
-1.87668e-14
-1.06237e-14
-1.49296e-15
-6.84153e-13
-6.85169e-13
-6.81028e-13
-6.76402e-13
-6.78956e-13
-6.81123e-13
-6.80594e-13
-6.73083e-13
-6.62607e-13
-6.60245e-13
-6.54837e-13
-6.46126e-13
-6.39916e-13
-6.37202e-13
-6.35056e-13
-6.31011e-13
-6.24726e-13
-6.14879e-13
-6.01221e-13
-5.88595e-13
-5.79978e-13
-5.71314e-13
-5.65958e-13
-5.59508e-13
-5.51284e-13
-5.41163e-13
-5.32332e-13
-5.27513e-13
-5.24761e-13
-5.16092e-13
-5.09634e-13
-5.01328e-13
-4.90597e-13
-4.79972e-13
-4.74725e-13
-4.67047e-13
-4.57466e-13
-4.48734e-13
-4.421e-13
-4.35677e-13
-4.30683e-13
-4.23039e-13
-4.10896e-13
-4.04023e-13
-3.99441e-13
-3.9251e-13
-3.81242e-13
-3.72704e-13
-3.66764e-13
-3.60362e-13
-3.54379e-13
-3.47642e-13
-3.38621e-13
-3.30461e-13
-3.22576e-13
-3.17374e-13
-3.10345e-13
-3.03685e-13
-2.96577e-13
-2.92099e-13
-2.86284e-13
-2.7915e-13
-2.72763e-13
-2.65271e-13
-2.55265e-13
-2.45567e-13
-2.39762e-13
-2.324e-13
-2.24664e-13
-2.17332e-13
-2.09371e-13
-2.05139e-13
-1.97044e-13
-1.8714e-13
-1.76077e-13
-1.69871e-13
-1.65731e-13
-1.58197e-13
-1.52272e-13
-1.43722e-13
-1.36921e-13
-1.27037e-13
-1.14915e-13
-1.05398e-13
-9.82113e-14
-9.2434e-14
-8.96301e-14
-8.42863e-14
-7.78166e-14
-7.13218e-14
-6.39193e-14
-5.83484e-14
-5.15463e-14
-4.63866e-14
-3.96367e-14
-3.21009e-14
-2.47699e-14
-1.56535e-14
-7.40763e-15
8.35858e-16
-6.83611e-13
-6.83077e-13
-6.83545e-13
-6.80069e-13
-6.7722e-13
-6.7879e-13
-6.78154e-13
-6.75325e-13
-6.68516e-13
-6.56893e-13
-6.49531e-13
-6.43423e-13
-6.40594e-13
-6.39462e-13
-6.36152e-13
-6.30106e-13
-6.21401e-13
-6.16002e-13
-6.08099e-13
-5.93002e-13
-5.79929e-13
-5.67655e-13
-5.62127e-13
-5.55692e-13
-5.5196e-13
-5.45571e-13
-5.3632e-13
-5.29929e-13
-5.23557e-13
-5.16715e-13
-5.09859e-13
-5.01106e-13
-4.91192e-13
-4.79612e-13
-4.72097e-13
-4.65542e-13
-4.59889e-13
-4.49493e-13
-4.43668e-13
-4.3673e-13
-4.27037e-13
-4.17605e-13
-4.09891e-13
-4.04255e-13
-4.01867e-13
-3.97021e-13
-3.8551e-13
-3.74519e-13
-3.67126e-13
-3.58629e-13
-3.52061e-13
-3.47281e-13
-3.39891e-13
-3.31579e-13
-3.23086e-13
-3.16121e-13
-3.10016e-13
-3.03071e-13
-2.96567e-13
-2.93687e-13
-2.8956e-13
-2.84954e-13
-2.78271e-13
-2.65985e-13
-2.5263e-13
-2.39462e-13
-2.32319e-13
-2.27727e-13
-2.23859e-13
-2.22805e-13
-2.16628e-13
-2.068e-13
-1.99246e-13
-1.88878e-13
-1.76629e-13
-1.67619e-13
-1.63021e-13
-1.56609e-13
-1.51897e-13
-1.4299e-13
-1.35867e-13
-1.27306e-13
-1.16744e-13
-1.08547e-13
-9.91275e-14
-9.09844e-14
-8.69307e-14
-8.14813e-14
-7.69159e-14
-7.07158e-14
-6.25454e-14
-5.41695e-14
-4.8309e-14
-4.39773e-14
-3.60656e-14
-2.81887e-14
-2.09048e-14
-1.41315e-14
-5.61014e-15
2.42947e-16
-6.81853e-13
-6.81135e-13
-6.80165e-13
-6.81603e-13
-6.81815e-13
-6.7681e-13
-6.74911e-13
-6.71766e-13
-6.66623e-13
-6.61362e-13
-6.5061e-13
-6.42271e-13
-6.41071e-13
-6.41741e-13
-6.36792e-13
-6.32199e-13
-6.20785e-13
-6.13864e-13
-6.06835e-13
-5.93985e-13
-5.836e-13
-5.68741e-13
-5.59139e-13
-5.5449e-13
-5.49212e-13
-5.43646e-13
-5.38465e-13
-5.31653e-13
-5.25239e-13
-5.17971e-13
-5.09231e-13
-4.99986e-13
-4.90052e-13
-4.81287e-13
-4.75813e-13
-4.67628e-13
-4.58606e-13
-4.49544e-13
-4.44203e-13
-4.3495e-13
-4.2739e-13
-4.17771e-13
-4.10836e-13
-4.07625e-13
-4.0391e-13
-3.95514e-13
-3.8314e-13
-3.71054e-13
-3.64525e-13
-3.57523e-13
-3.54602e-13
-3.49332e-13
-3.39283e-13
-3.31196e-13
-3.22545e-13
-3.1938e-13
-3.12702e-13
-3.05371e-13
-2.96396e-13
-2.88304e-13
-2.85689e-13
-2.78063e-13
-2.73445e-13
-2.68375e-13
-2.5549e-13
-2.42246e-13
-2.33202e-13
-2.26933e-13
-2.24229e-13
-2.25233e-13
-2.17145e-13
-2.09137e-13
-1.99725e-13
-1.8845e-13
-1.74941e-13
-1.64122e-13
-1.62662e-13
-1.59269e-13
-1.54861e-13
-1.46099e-13
-1.39029e-13
-1.30447e-13
-1.16339e-13
-1.05492e-13
-9.51304e-14
-8.57547e-14
-8.71182e-14
-8.46226e-14
-7.68347e-14
-6.95299e-14
-6.0418e-14
-5.36227e-14
-4.76766e-14
-4.18978e-14
-3.75208e-14
-3.08831e-14
-1.79126e-14
-6.46178e-15
1.39339e-15
-6.99823e-16
-6.84046e-13
-6.82325e-13
-6.80418e-13
-6.81468e-13
-6.80469e-13
-6.75683e-13
-6.76038e-13
-6.72677e-13
-6.66218e-13
-6.59157e-13
-6.5165e-13
-6.44887e-13
-6.37642e-13
-6.35228e-13
-6.33014e-13
-6.27727e-13
-6.2358e-13
-6.18491e-13
-6.08875e-13
-5.95009e-13
-5.82695e-13
-5.74924e-13
-5.64981e-13
-5.55584e-13
-5.49515e-13
-5.38867e-13
-5.35033e-13
-5.31479e-13
-5.26489e-13
-5.19851e-13
-5.10951e-13
-5.00561e-13
-4.89131e-13
-4.78894e-13
-4.73232e-13
-4.65853e-13
-4.60157e-13
-4.52324e-13
-4.46252e-13
-4.3423e-13
-4.26043e-13
-4.15179e-13
-4.10586e-13
-4.09537e-13
-4.0265e-13
-3.9509e-13
-3.84056e-13
-3.73885e-13
-3.65485e-13
-3.57118e-13
-3.51591e-13
-3.47879e-13
-3.39833e-13
-3.3401e-13
-3.26861e-13
-3.18274e-13
-3.11554e-13
-3.04005e-13
-2.95988e-13
-2.90236e-13
-2.87771e-13
-2.87176e-13
-2.77514e-13
-2.65836e-13
-2.48953e-13
-2.39904e-13
-2.33476e-13
-2.29215e-13
-2.23764e-13
-2.20509e-13
-2.14428e-13
-2.12155e-13
-2.05586e-13
-1.9296e-13
-1.7429e-13
-1.58996e-13
-1.56439e-13
-1.59543e-13
-1.55969e-13
-1.46118e-13
-1.37808e-13
-1.27946e-13
-1.17634e-13
-1.08907e-13
-9.84405e-14
-8.8342e-14
-8.22497e-14
-8.10366e-14
-7.53593e-14
-6.80317e-14
-5.84079e-14
-5.28394e-14
-4.72062e-14
-4.04705e-14
-3.34984e-14
-2.77942e-14
-1.66249e-14
-7.18436e-15
-1.23466e-15
-5.10684e-16
-6.81996e-13
-6.81275e-13
-6.74247e-13
-6.82392e-13
-6.82084e-13
-6.79396e-13
-6.73194e-13
-6.67302e-13
-6.62237e-13
-6.54905e-13
-6.50997e-13
-6.46622e-13
-6.45161e-13
-6.39497e-13
-6.34451e-13
-6.3079e-13
-6.25707e-13
-6.19231e-13
-6.09328e-13
-5.95358e-13
-5.7776e-13
-5.64875e-13
-5.57082e-13
-5.5446e-13
-5.49009e-13
-5.43705e-13
-5.37037e-13
-5.30963e-13
-5.27062e-13
-5.22354e-13
-5.13621e-13
-5.00923e-13
-4.91068e-13
-4.82782e-13
-4.7772e-13
-4.6768e-13
-4.57438e-13
-4.51574e-13
-4.44616e-13
-4.34103e-13
-4.24173e-13
-4.19604e-13
-4.14451e-13
-4.08123e-13
-3.98269e-13
-3.88774e-13
-3.81702e-13
-3.74087e-13
-3.67099e-13
-3.60665e-13
-3.54166e-13
-3.48506e-13
-3.38139e-13
-3.29131e-13
-3.29435e-13
-3.28513e-13
-3.14534e-13
-3.00285e-13
-2.91312e-13
-2.84767e-13
-2.82534e-13
-2.79561e-13
-2.78201e-13
-2.69039e-13
-2.53465e-13
-2.44895e-13
-2.32239e-13
-2.29901e-13
-2.24033e-13
-2.18594e-13
-2.13757e-13
-2.12373e-13
-2.05941e-13
-1.9138e-13
-1.75975e-13
-1.6281e-13
-1.58537e-13
-1.60447e-13
-1.52413e-13
-1.42786e-13
-1.36235e-13
-1.28543e-13
-1.20197e-13
-1.09892e-13
-9.94897e-14
-8.8019e-14
-8.1544e-14
-8.04758e-14
-7.34021e-14
-6.5844e-14
-5.82579e-14
-5.179e-14
-4.45221e-14
-3.89774e-14
-3.39928e-14
-2.64864e-14
-1.6607e-14
-8.30345e-15
-2.86216e-16
8.93918e-16
-6.78665e-13
-6.87301e-13
-6.8195e-13
-6.77738e-13
-6.78378e-13
-6.77398e-13
-6.72716e-13
-6.72009e-13
-6.63184e-13
-6.51132e-13
-6.46894e-13
-6.46105e-13
-6.43781e-13
-6.41232e-13
-6.37145e-13
-6.28489e-13
-6.18414e-13
-6.11739e-13
-6.06426e-13
-5.97154e-13
-5.89806e-13
-5.81729e-13
-5.70815e-13
-5.5467e-13
-5.41362e-13
-5.34733e-13
-5.3586e-13
-5.32411e-13
-5.27579e-13
-5.23577e-13
-5.14225e-13
-5.02457e-13
-4.88147e-13
-4.76228e-13
-4.69691e-13
-4.64555e-13
-4.63354e-13
-4.57213e-13
-4.45083e-13
-4.3769e-13
-4.26316e-13
-4.16719e-13
-4.13192e-13
-4.06147e-13
-3.97087e-13
-3.88356e-13
-3.79194e-13
-3.74397e-13
-3.69714e-13
-3.62741e-13
-3.55154e-13
-3.46572e-13
-3.39989e-13
-3.3284e-13
-3.27868e-13
-3.22319e-13
-3.16632e-13
-3.0844e-13
-3.00361e-13
-2.89844e-13
-2.81415e-13
-2.75027e-13
-2.69865e-13
-2.64629e-13
-2.55259e-13
-2.47077e-13
-2.37861e-13
-2.3084e-13
-2.24591e-13
-2.19931e-13
-2.16072e-13
-2.08148e-13
-2.00384e-13
-1.9153e-13
-1.78299e-13
-1.67557e-13
-1.5857e-13
-1.55599e-13
-1.51572e-13
-1.43669e-13
-1.37182e-13
-1.26675e-13
-1.18232e-13
-1.08422e-13
-9.79708e-14
-8.89194e-14
-8.3797e-14
-7.87807e-14
-7.38348e-14
-6.54517e-14
-5.84754e-14
-5.40258e-14
-4.67169e-14
-3.85762e-14
-2.99314e-14
-2.17923e-14
-1.52788e-14
-9.68882e-15
-2.71109e-15
4.0082e-16
-6.77571e-13
-6.81726e-13
-6.82818e-13
-6.78654e-13
-6.78268e-13
-6.7953e-13
-6.70094e-13
-6.60656e-13
-6.56464e-13
-6.54696e-13
-6.52789e-13
-6.49997e-13
-6.4701e-13
-6.4221e-13
-6.37256e-13
-6.29461e-13
-6.2302e-13
-6.19454e-13
-6.10992e-13
-5.96513e-13
-5.79236e-13
-5.65644e-13
-5.58214e-13
-5.49717e-13
-5.48185e-13
-5.4545e-13
-5.39812e-13
-5.31311e-13
-5.25777e-13
-5.23338e-13
-5.16515e-13
-5.05693e-13
-4.92699e-13
-4.76471e-13
-4.66213e-13
-4.64614e-13
-4.64174e-13
-4.58242e-13
-4.50331e-13
-4.38699e-13
-4.24788e-13
-4.14929e-13
-4.06652e-13
-4.02443e-13
-3.972e-13
-3.90609e-13
-3.83494e-13
-3.7528e-13
-3.69477e-13
-3.69035e-13
-3.61408e-13
-3.45464e-13
-3.35834e-13
-3.28495e-13
-3.23305e-13
-3.20958e-13
-3.16951e-13
-3.07769e-13
-2.95995e-13
-2.87824e-13
-2.84152e-13
-2.79684e-13
-2.73037e-13
-2.64629e-13
-2.51449e-13
-2.41816e-13
-2.36141e-13
-2.33244e-13
-2.27492e-13
-2.19781e-13
-2.13411e-13
-2.07974e-13
-2.00497e-13
-1.89941e-13
-1.79121e-13
-1.64543e-13
-1.56694e-13
-1.54757e-13
-1.53918e-13
-1.48535e-13
-1.39988e-13
-1.29377e-13
-1.17571e-13
-1.05784e-13
-9.67992e-14
-8.89896e-14
-8.36429e-14
-7.72784e-14
-7.12693e-14
-6.44655e-14
-5.84206e-14
-5.28848e-14
-4.68707e-14
-3.85983e-14
-2.91478e-14
-1.96819e-14
-1.21555e-14
-6.92219e-15
-1.3606e-15
-1.81731e-17
-6.76113e-13
-6.83489e-13
-6.83719e-13
-6.79943e-13
-6.76917e-13
-6.81451e-13
-6.78478e-13
-6.6626e-13
-6.50303e-13
-6.47423e-13
-6.46901e-13
-6.48364e-13
-6.47395e-13
-6.45402e-13
-6.3988e-13
-6.3033e-13
-6.21176e-13
-6.14481e-13
-6.02789e-13
-5.94237e-13
-5.86827e-13
-5.7374e-13
-5.62238e-13
-5.49575e-13
-5.47937e-13
-5.45256e-13
-5.41718e-13
-5.35414e-13
-5.27016e-13
-5.22122e-13
-5.13499e-13
-5.01763e-13
-4.91694e-13
-4.76992e-13
-4.64884e-13
-4.62693e-13
-4.62917e-13
-4.58971e-13
-4.5002e-13
-4.39515e-13
-4.23101e-13
-4.13184e-13
-4.09905e-13
-4.05074e-13
-3.97602e-13
-3.89697e-13
-3.85792e-13
-3.79407e-13
-3.70224e-13
-3.60069e-13
-3.53306e-13
-3.47575e-13
-3.39643e-13
-3.27468e-13
-3.27468e-13
-3.24203e-13
-3.1576e-13
-3.09702e-13
-3.02763e-13
-2.90121e-13
-2.8265e-13
-2.77087e-13
-2.68678e-13
-2.61438e-13
-2.51456e-13
-2.43837e-13
-2.34618e-13
-2.30883e-13
-2.243e-13
-2.22381e-13
-2.15571e-13
-2.10505e-13
-2.03523e-13
-1.89952e-13
-1.76053e-13
-1.64428e-13
-1.59578e-13
-1.54946e-13
-1.50556e-13
-1.45024e-13
-1.38914e-13
-1.29968e-13
-1.18032e-13
-1.06117e-13
-9.93615e-14
-9.09213e-14
-8.36458e-14
-7.75675e-14
-7.16626e-14
-6.29374e-14
-5.63057e-14
-5.05543e-14
-4.31643e-14
-3.51521e-14
-2.84126e-14
-2.33729e-14
-1.11371e-14
-3.75398e-15
1.43993e-15
6.69495e-16
-6.81777e-13
-6.81162e-13
-6.77362e-13
-6.73599e-13
-6.75613e-13
-6.70787e-13
-6.67405e-13
-6.68443e-13
-6.6544e-13
-6.58839e-13
-6.5475e-13
-6.4731e-13
-6.41968e-13
-6.40832e-13
-6.38169e-13
-6.32179e-13
-6.23894e-13
-6.20165e-13
-6.09651e-13
-5.93971e-13
-5.75965e-13
-5.64579e-13
-5.58514e-13
-5.56238e-13
-5.49267e-13
-5.46063e-13
-5.41646e-13
-5.34196e-13
-5.27636e-13
-5.21182e-13
-5.13648e-13
-5.01249e-13
-4.89454e-13
-4.77019e-13
-4.68043e-13
-4.65467e-13
-4.6627e-13
-4.58964e-13
-4.48497e-13
-4.38477e-13
-4.24126e-13
-4.11528e-13
-4.08405e-13
-4.04981e-13
-4.00879e-13
-3.9054e-13
-3.81395e-13
-3.78219e-13
-3.73336e-13
-3.62841e-13
-3.52854e-13
-3.4782e-13
-3.41484e-13
-3.30515e-13
-3.23229e-13
-3.19962e-13
-3.1362e-13
-3.08835e-13
-3.03637e-13
-2.95067e-13
-2.84604e-13
-2.77481e-13
-2.68448e-13
-2.61279e-13
-2.54476e-13
-2.4496e-13
-2.34919e-13
-2.25964e-13
-2.218e-13
-2.2285e-13
-2.14383e-13
-2.08844e-13
-2.02101e-13
-1.90548e-13
-1.79383e-13
-1.67557e-13
-1.56677e-13
-1.50752e-13
-1.49949e-13
-1.49268e-13
-1.4248e-13
-1.28226e-13
-1.16799e-13
-1.03922e-13
-9.88934e-14
-9.30484e-14
-8.59999e-14
-7.61235e-14
-6.74562e-14
-6.18185e-14
-5.61274e-14
-4.94221e-14
-4.42741e-14
-3.6449e-14
-2.77214e-14
-1.94028e-14
-1.15672e-14
-4.91609e-15
1.35881e-15
2.08954e-15
-6.80974e-13
-6.80056e-13
-6.77249e-13
-6.74813e-13
-6.80827e-13
-6.78356e-13
-6.67659e-13
-6.61711e-13
-6.58053e-13
-6.55795e-13
-6.54849e-13
-6.5391e-13
-6.43616e-13
-6.36383e-13
-6.33938e-13
-6.29412e-13
-6.25745e-13
-6.18732e-13
-6.07552e-13
-5.92074e-13
-5.79058e-13
-5.66111e-13
-5.57098e-13
-5.56492e-13
-5.55466e-13
-5.46129e-13
-5.38739e-13
-5.34461e-13
-5.31301e-13
-5.23663e-13
-5.15603e-13
-5.02341e-13
-4.88904e-13
-4.76233e-13
-4.65188e-13
-4.63899e-13
-4.61161e-13
-4.58157e-13
-4.5232e-13
-4.41459e-13
-4.26898e-13
-4.15995e-13
-4.08922e-13
-3.99847e-13
-3.97815e-13
-3.91639e-13
-3.84408e-13
-3.75185e-13
-3.68985e-13
-3.63278e-13
-3.53817e-13
-3.47795e-13
-3.41138e-13
-3.31854e-13
-3.28887e-13
-3.23946e-13
-3.12364e-13
-3.03489e-13
-3.00346e-13
-2.93166e-13
-2.86346e-13
-2.77057e-13
-2.70114e-13
-2.63445e-13
-2.54577e-13
-2.43253e-13
-2.36507e-13
-2.26506e-13
-2.18609e-13
-2.17084e-13
-2.14154e-13
-2.09551e-13
-2.03532e-13
-1.90869e-13
-1.78537e-13
-1.67732e-13
-1.59422e-13
-1.52319e-13
-1.51821e-13
-1.47949e-13
-1.4006e-13
-1.29302e-13
-1.17913e-13
-1.0564e-13
-9.74091e-14
-8.8398e-14
-8.18251e-14
-7.77898e-14
-7.16289e-14
-6.19236e-14
-5.50796e-14
-4.79336e-14
-4.1341e-14
-3.41684e-14
-2.62368e-14
-2.04932e-14
-1.29904e-14
-3.55105e-15
1.8741e-15
2.62039e-16
-6.76211e-13
-6.78626e-13
-6.78683e-13
-6.77237e-13
-6.75928e-13
-6.70552e-13
-6.66783e-13
-6.6402e-13
-6.6319e-13
-6.60429e-13
-6.56071e-13
-6.52412e-13
-6.46297e-13
-6.38374e-13
-6.32795e-13
-6.26468e-13
-6.23719e-13
-6.17006e-13
-6.05408e-13
-5.94174e-13
-5.79619e-13
-5.67109e-13
-5.61788e-13
-5.57092e-13
-5.48868e-13
-5.44208e-13
-5.42268e-13
-5.3809e-13
-5.30642e-13
-5.20224e-13
-5.11433e-13
-5.01275e-13
-4.88563e-13
-4.77306e-13
-4.68082e-13
-4.68546e-13
-4.67598e-13
-4.59428e-13
-4.48078e-13
-4.34729e-13
-4.24554e-13
-4.18902e-13
-4.10359e-13
-4.00568e-13
-3.95401e-13
-3.88403e-13
-3.86389e-13
-3.8453e-13
-3.73586e-13
-3.60143e-13
-3.5137e-13
-3.4895e-13
-3.4209e-13
-3.31218e-13
-3.27006e-13
-3.22771e-13
-3.15738e-13
-3.06203e-13
-2.98761e-13
-2.91558e-13
-2.88617e-13
-2.80236e-13
-2.70903e-13
-2.62457e-13
-2.51252e-13
-2.42724e-13
-2.34294e-13
-2.27856e-13
-2.19975e-13
-2.15152e-13
-2.10492e-13
-2.09889e-13
-2.04564e-13
-1.91042e-13
-1.78631e-13
-1.67778e-13
-1.61264e-13
-1.55224e-13
-1.47711e-13
-1.39641e-13
-1.41445e-13
-1.35179e-13
-1.19025e-13
-1.06592e-13
-9.68371e-14
-8.64462e-14
-7.97794e-14
-7.68248e-14
-7.10226e-14
-6.19221e-14
-5.40257e-14
-4.86404e-14
-4.1672e-14
-3.30429e-14
-2.82363e-14
-1.90538e-14
-1.01068e-14
-2.30415e-15
2.69305e-15
-2.52838e-16
-6.82125e-13
-6.79551e-13
-6.77407e-13
-6.74792e-13
-6.70521e-13
-6.68499e-13
-6.65856e-13
-6.66032e-13
-6.64444e-13
-6.61075e-13
-6.5504e-13
-6.51489e-13
-6.46606e-13
-6.41044e-13
-6.34231e-13
-6.25197e-13
-6.16046e-13
-6.10168e-13
-6.05373e-13
-5.98105e-13
-5.82242e-13
-5.7081e-13
-5.62431e-13
-5.5499e-13
-5.50431e-13
-5.4625e-13
-5.42816e-13
-5.39041e-13
-5.29065e-13
-5.22442e-13
-5.12719e-13
-5.00536e-13
-4.87387e-13
-4.75255e-13
-4.70373e-13
-4.68431e-13
-4.64851e-13
-4.58074e-13
-4.47583e-13
-4.36439e-13
-4.25124e-13
-4.16087e-13
-4.11156e-13
-4.04932e-13
-3.99446e-13
-3.92587e-13
-3.83284e-13
-3.7649e-13
-3.72134e-13
-3.64028e-13
-3.57722e-13
-3.4893e-13
-3.40188e-13
-3.3231e-13
-3.26179e-13
-3.18459e-13
-3.14712e-13
-3.08056e-13
-2.99156e-13
-2.92376e-13
-2.89383e-13
-2.82522e-13
-2.71771e-13
-2.60854e-13
-2.52153e-13
-2.43321e-13
-2.33934e-13
-2.26345e-13
-2.19963e-13
-2.15309e-13
-2.12354e-13
-2.10766e-13
-2.03539e-13
-1.88721e-13
-1.77674e-13
-1.67757e-13
-1.60538e-13
-1.54084e-13
-1.50182e-13
-1.45001e-13
-1.38055e-13
-1.3e-13
-1.19634e-13
-1.09021e-13
-1.01142e-13
-8.75735e-14
-7.89889e-14
-7.389e-14
-7.01512e-14
-5.91681e-14
-5.16021e-14
-4.78479e-14
-4.51239e-14
-3.41244e-14
-2.40434e-14
-1.80473e-14
-1.11837e-14
-4.15253e-16
1.32594e-15
-1.1147e-15
-6.84182e-13
-6.78598e-13
-6.73468e-13
-6.7364e-13
-6.66976e-13
-6.67974e-13
-6.66166e-13
-6.67243e-13
-6.67132e-13
-6.59257e-13
-6.54287e-13
-6.52376e-13
-6.50657e-13
-6.42661e-13
-6.3428e-13
-6.27664e-13
-6.20323e-13
-6.10279e-13
-6.03682e-13
-5.91862e-13
-5.82396e-13
-5.7116e-13
-5.59763e-13
-5.53289e-13
-5.49317e-13
-5.49628e-13
-5.43614e-13
-5.37849e-13
-5.29056e-13
-5.21561e-13
-5.13052e-13
-5.02576e-13
-4.87717e-13
-4.77445e-13
-4.68918e-13
-4.65019e-13
-4.63678e-13
-4.58376e-13
-4.48201e-13
-4.36864e-13
-4.28289e-13
-4.18767e-13
-4.1016e-13
-4.03654e-13
-3.9775e-13
-3.91227e-13
-3.83875e-13
-3.78941e-13
-3.74263e-13
-3.65195e-13
-3.54999e-13
-3.45306e-13
-3.39796e-13
-3.34513e-13
-3.29032e-13
-3.22932e-13
-3.15674e-13
-3.06834e-13
-3.01293e-13
-2.96379e-13
-2.90943e-13
-2.81561e-13
-2.68578e-13
-2.59399e-13
-2.50521e-13
-2.41905e-13
-2.32595e-13
-2.27129e-13
-2.19941e-13
-2.18478e-13
-2.13521e-13
-2.07213e-13
-1.97779e-13
-1.86627e-13
-1.76403e-13
-1.66133e-13
-1.63708e-13
-1.60455e-13
-1.51182e-13
-1.42155e-13
-1.35329e-13
-1.27934e-13
-1.18613e-13
-1.07897e-13
-9.65414e-14
-8.47297e-14
-7.99511e-14
-7.59497e-14
-6.89596e-14
-6.39719e-14
-5.82223e-14
-4.76902e-14
-3.90416e-14
-3.22538e-14
-2.40454e-14
-1.56276e-14
-9.07385e-15
-5.13358e-15
-1.83525e-15
-1.47115e-15
-6.81997e-13
-6.76975e-13
-6.75106e-13
-6.72995e-13
-6.70646e-13
-6.67579e-13
-6.63341e-13
-6.66204e-13
-6.66397e-13
-6.6256e-13
-6.56872e-13
-6.51333e-13
-6.49802e-13
-6.41239e-13
-6.3153e-13
-6.22649e-13
-6.14766e-13
-6.10592e-13
-6.04401e-13
-5.94358e-13
-5.83696e-13
-5.72702e-13
-5.62249e-13
-5.56684e-13
-5.53872e-13
-5.47479e-13
-5.40775e-13
-5.32786e-13
-5.25454e-13
-5.21636e-13
-5.13895e-13
-5.06828e-13
-4.953e-13
-4.83697e-13
-4.67423e-13
-4.61841e-13
-4.59724e-13
-4.55305e-13
-4.47277e-13
-4.36801e-13
-4.29965e-13
-4.19168e-13
-4.12559e-13
-4.02461e-13
-3.98308e-13
-3.92284e-13
-3.87971e-13
-3.80362e-13
-3.70836e-13
-3.5888e-13
-3.5401e-13
-3.50572e-13
-3.43319e-13
-3.31347e-13
-3.24729e-13
-3.18548e-13
-3.11408e-13
-3.09616e-13
-3.02293e-13
-3.00041e-13
-2.99152e-13
-2.79346e-13
-2.66806e-13
-2.60985e-13
-2.53332e-13
-2.44095e-13
-2.34793e-13
-2.28095e-13
-2.17588e-13
-2.13342e-13
-2.0951e-13
-2.09713e-13
-2.02093e-13
-1.89535e-13
-1.74269e-13
-1.62422e-13
-1.63075e-13
-1.58978e-13
-1.50689e-13
-1.44596e-13
-1.37222e-13
-1.2829e-13
-1.17095e-13
-1.06531e-13
-9.74289e-14
-8.61242e-14
-7.90606e-14
-7.58206e-14
-6.98752e-14
-5.99024e-14
-5.27856e-14
-4.7316e-14
-3.94895e-14
-3.19005e-14
-2.72627e-14
-2.11442e-14
-9.32453e-15
-2.35416e-15
2.47993e-15
-1.54604e-16
-6.76856e-13
-6.78801e-13
-6.78557e-13
-6.72729e-13
-6.68145e-13
-6.68504e-13
-6.67098e-13
-6.63506e-13
-6.64415e-13
-6.61381e-13
-6.58473e-13
-6.54705e-13
-6.48156e-13
-6.39814e-13
-6.32342e-13
-6.2583e-13
-6.2162e-13
-6.16854e-13
-6.06625e-13
-5.92272e-13
-5.76103e-13
-5.63437e-13
-5.59301e-13
-5.58919e-13
-5.55113e-13
-5.47022e-13
-5.37988e-13
-5.32888e-13
-5.2535e-13
-5.22681e-13
-5.17487e-13
-5.03856e-13
-4.90947e-13
-4.81925e-13
-4.73324e-13
-4.67388e-13
-4.61797e-13
-4.54171e-13
-4.46731e-13
-4.38175e-13
-4.28339e-13
-4.18756e-13
-4.09608e-13
-4.04673e-13
-4.02974e-13
-3.93982e-13
-3.85959e-13
-3.74926e-13
-3.72025e-13
-3.65027e-13
-3.53831e-13
-3.49234e-13
-3.42614e-13
-3.34387e-13
-3.27803e-13
-3.15715e-13
-3.0528e-13
-3.07773e-13
-3.10021e-13
-3.01611e-13
-2.91928e-13
-2.81326e-13
-2.7026e-13
-2.62936e-13
-2.52213e-13
-2.40865e-13
-2.31901e-13
-2.26044e-13
-2.22441e-13
-2.16637e-13
-2.10261e-13
-2.03849e-13
-1.97064e-13
-1.84915e-13
-1.75658e-13
-1.66766e-13
-1.60183e-13
-1.59144e-13
-1.56338e-13
-1.45672e-13
-1.34824e-13
-1.23322e-13
-1.14337e-13
-1.02464e-13
-9.43935e-14
-8.85653e-14
-7.90695e-14
-7.46869e-14
-6.74574e-14
-5.96851e-14
-5.64685e-14
-4.90539e-14
-4.12027e-14
-3.36081e-14
-2.67045e-14
-1.90537e-14
-1.21866e-14
-3.07852e-15
1.07902e-15
-2.58336e-16
-6.82131e-13
-6.74225e-13
-6.71857e-13
-6.6675e-13
-6.6982e-13
-6.7108e-13
-6.72943e-13
-6.71282e-13
-6.66121e-13
-6.60006e-13
-6.54534e-13
-6.50382e-13
-6.44449e-13
-6.41135e-13
-6.35984e-13
-6.25746e-13
-6.16072e-13
-6.06942e-13
-6.0031e-13
-5.93454e-13
-5.83645e-13
-5.69949e-13
-5.62997e-13
-5.57601e-13
-5.52584e-13
-5.48864e-13
-5.44946e-13
-5.35537e-13
-5.26098e-13
-5.19962e-13
-5.12541e-13
-5.04932e-13
-4.93967e-13
-4.83674e-13
-4.72553e-13
-4.65254e-13
-4.61127e-13
-4.51955e-13
-4.43731e-13
-4.35433e-13
-4.28754e-13
-4.21506e-13
-4.14906e-13
-4.0513e-13
-4.00407e-13
-3.91661e-13
-3.84529e-13
-3.81331e-13
-3.7362e-13
-3.63751e-13
-3.52467e-13
-3.46818e-13
-3.39738e-13
-3.30256e-13
-3.24336e-13
-3.21082e-13
-3.14443e-13
-3.12369e-13
-3.05828e-13
-2.96147e-13
-2.94913e-13
-2.8445e-13
-2.72481e-13
-2.62788e-13
-2.5232e-13
-2.40954e-13
-2.3529e-13
-2.28665e-13
-2.23178e-13
-2.18513e-13
-2.11002e-13
-2.00798e-13
-1.93848e-13
-1.83898e-13
-1.77487e-13
-1.67113e-13
-1.61604e-13
-1.55843e-13
-1.50707e-13
-1.45313e-13
-1.33926e-13
-1.23539e-13
-1.13387e-13
-1.03726e-13
-9.69047e-14
-8.91895e-14
-8.11923e-14
-7.23729e-14
-6.57701e-14
-6.10867e-14
-5.38309e-14
-4.71266e-14
-4.11491e-14
-3.62132e-14
-2.82586e-14
-2.03834e-14
-1.2799e-14
-4.10177e-15
1.64389e-15
9.20184e-16
-6.79661e-13
-6.74931e-13
-6.74821e-13
-6.70002e-13
-6.69078e-13
-6.6989e-13
-6.67709e-13
-6.63465e-13
-6.63831e-13
-6.64869e-13
-6.59913e-13
-6.5156e-13
-6.43322e-13
-6.43277e-13
-6.32656e-13
-6.25354e-13
-6.16522e-13
-6.10253e-13
-6.04126e-13
-5.96478e-13
-5.8063e-13
-5.67943e-13
-5.60214e-13
-5.5605e-13
-5.51698e-13
-5.48942e-13
-5.43276e-13
-5.34092e-13
-5.2512e-13
-5.19188e-13
-5.13874e-13
-5.05838e-13
-4.96112e-13
-4.85202e-13
-4.74206e-13
-4.66246e-13
-4.59728e-13
-4.51687e-13
-4.42915e-13
-4.34392e-13
-4.29433e-13
-4.20602e-13
-4.14383e-13
-4.05985e-13
-4.00328e-13
-3.95482e-13
-3.8718e-13
-3.77342e-13
-3.71629e-13
-3.63101e-13
-3.52701e-13
-3.46663e-13
-3.38883e-13
-3.34421e-13
-3.32665e-13
-3.22796e-13
-3.1259e-13
-3.08167e-13
-3.04247e-13
-2.96762e-13
-2.92636e-13
-2.8421e-13
-2.7147e-13
-2.62045e-13
-2.51211e-13
-2.4302e-13
-2.31597e-13
-2.24094e-13
-2.2084e-13
-2.19604e-13
-2.11581e-13
-2.02944e-13
-1.95211e-13
-1.84498e-13
-1.74668e-13
-1.65907e-13
-1.62745e-13
-1.58225e-13
-1.51086e-13
-1.43831e-13
-1.32955e-13
-1.22937e-13
-1.10492e-13
-1.03681e-13
-9.59489e-14
-8.44574e-14
-7.67364e-14
-7.40859e-14
-7.19776e-14
-6.24316e-14
-5.08474e-14
-4.39768e-14
-4.09646e-14
-3.29513e-14
-2.94768e-14
-2.25463e-14
-9.90072e-15
-1.37499e-15
2.5845e-15
6.71338e-16
-6.72544e-13
-6.74839e-13
-6.73576e-13
-6.73119e-13
-6.74752e-13
-6.72326e-13
-6.67266e-13
-6.67437e-13
-6.66444e-13
-6.61713e-13
-6.54345e-13
-6.46865e-13
-6.40948e-13
-6.38526e-13
-6.37115e-13
-6.28758e-13
-6.1792e-13
-6.11678e-13
-6.00599e-13
-5.91817e-13
-5.82087e-13
-5.71071e-13
-5.60889e-13
-5.54016e-13
-5.485e-13
-5.46156e-13
-5.4162e-13
-5.36602e-13
-5.31149e-13
-5.24878e-13
-5.12762e-13
-4.98595e-13
-4.90993e-13
-4.84003e-13
-4.78954e-13
-4.70895e-13
-4.6415e-13
-4.55058e-13
-4.44698e-13
-4.34129e-13
-4.25715e-13
-4.19498e-13
-4.12071e-13
-4.07318e-13
-4.01556e-13
-3.95107e-13
-3.88632e-13
-3.79398e-13
-3.71171e-13
-3.63035e-13
-3.54235e-13
-3.42891e-13
-3.38702e-13
-3.34349e-13
-3.3185e-13
-3.2255e-13
-3.12892e-13
-3.08395e-13
-3.03708e-13
-2.96789e-13
-2.89221e-13
-2.83305e-13
-2.74572e-13
-2.65557e-13
-2.55527e-13
-2.42161e-13
-2.31271e-13
-2.25348e-13
-2.20031e-13
-2.16653e-13
-2.1058e-13
-2.03046e-13
-1.93234e-13
-1.84841e-13
-1.75814e-13
-1.66982e-13
-1.57953e-13
-1.53652e-13
-1.54426e-13
-1.4535e-13
-1.33025e-13
-1.23498e-13
-1.07465e-13
-1.02131e-13
-9.91572e-14
-8.82508e-14
-8.08507e-14
-7.35324e-14
-6.7768e-14
-5.9752e-14
-5.12473e-14
-4.62005e-14
-4.13341e-14
-3.40521e-14
-2.76435e-14
-2.05506e-14
-1.37584e-14
-4.70596e-15
9.54522e-16
7.27381e-16
-6.72512e-13
-6.76608e-13
-6.77462e-13
-6.75169e-13
-6.71384e-13
-6.66002e-13
-6.61943e-13
-6.66242e-13
-6.70142e-13
-6.62275e-13
-6.55165e-13
-6.48637e-13
-6.43053e-13
-6.3927e-13
-6.33501e-13
-6.24742e-13
-6.1583e-13
-6.13733e-13
-6.05115e-13
-5.92553e-13
-5.82639e-13
-5.72266e-13
-5.63713e-13
-5.56336e-13
-5.49865e-13
-5.45351e-13
-5.40445e-13
-5.35237e-13
-5.30275e-13
-5.19723e-13
-5.09036e-13
-5.03994e-13
-4.99131e-13
-4.86595e-13
-4.74678e-13
-4.65481e-13
-4.60236e-13
-4.52582e-13
-4.44904e-13
-4.36332e-13
-4.24069e-13
-4.18474e-13
-4.14027e-13
-4.10139e-13
-4.04627e-13
-3.96645e-13
-3.89045e-13
-3.80314e-13
-3.68606e-13
-3.605e-13
-3.53381e-13
-3.44986e-13
-3.38786e-13
-3.35201e-13
-3.32613e-13
-3.25623e-13
-3.16486e-13
-3.07408e-13
-3.00044e-13
-2.97407e-13
-2.90429e-13
-2.81141e-13
-2.7024e-13
-2.62323e-13
-2.55055e-13
-2.4634e-13
-2.38309e-13
-2.28238e-13
-2.20242e-13
-2.11537e-13
-2.07919e-13
-2.0428e-13
-1.95762e-13
-1.85458e-13
-1.76579e-13
-1.69282e-13
-1.59256e-13
-1.5291e-13
-1.47225e-13
-1.40133e-13
-1.3139e-13
-1.217e-13
-1.11255e-13
-1.04131e-13
-9.77207e-14
-8.94716e-14
-7.96881e-14
-6.94833e-14
-6.44227e-14
-5.78683e-14
-5.16805e-14
-4.54841e-14
-4.21797e-14
-3.64306e-14
-2.78795e-14
-1.941e-14
-1.26575e-14
-6.14278e-15
-1.27005e-15
1.30237e-15
-6.74094e-13
-6.7293e-13
-6.71917e-13
-6.74213e-13
-6.75626e-13
-6.71526e-13
-6.68449e-13
-6.67033e-13
-6.63894e-13
-6.59024e-13
-6.54177e-13
-6.49686e-13
-6.42844e-13
-6.34923e-13
-6.32566e-13
-6.32788e-13
-6.24756e-13
-6.12726e-13
-6.01325e-13
-5.92151e-13
-5.80408e-13
-5.68459e-13
-5.60638e-13
-5.53649e-13
-5.49496e-13
-5.44429e-13
-5.40641e-13
-5.36643e-13
-5.29364e-13
-5.19605e-13
-5.10455e-13
-5.06771e-13
-4.94283e-13
-4.84025e-13
-4.7638e-13
-4.68563e-13
-4.63149e-13
-4.54162e-13
-4.45091e-13
-4.33808e-13
-4.25942e-13
-4.20544e-13
-4.15568e-13
-4.11503e-13
-4.03277e-13
-3.9593e-13
-3.9014e-13
-3.80599e-13
-3.67798e-13
-3.58891e-13
-3.51508e-13
-3.44438e-13
-3.42059e-13
-3.36919e-13
-3.29843e-13
-3.22498e-13
-3.15898e-13
-3.07407e-13
-3.00056e-13
-2.95276e-13
-2.91233e-13
-2.81066e-13
-2.70644e-13
-2.621e-13
-2.54252e-13
-2.44785e-13
-2.33592e-13
-2.26109e-13
-2.21573e-13
-2.16429e-13
-2.12658e-13
-2.05144e-13
-1.96039e-13
-1.85363e-13
-1.7478e-13
-1.64757e-13
-1.57623e-13
-1.53979e-13
-1.47354e-13
-1.40539e-13
-1.31532e-13
-1.21628e-13
-1.11441e-13
-1.05406e-13
-1.00389e-13
-9.18103e-14
-8.16698e-14
-7.17019e-14
-6.52083e-14
-5.63234e-14
-4.81299e-14
-4.20419e-14
-3.80877e-14
-3.53507e-14
-3.05937e-14
-2.35393e-14
-1.25846e-14
-1.81123e-15
2.96559e-15
1.5384e-15
-6.72679e-13
-6.75821e-13
-6.80673e-13
-6.73824e-13
-6.70581e-13
-6.66619e-13
-6.62126e-13
-6.64562e-13
-6.64987e-13
-6.65807e-13
-6.60057e-13
-6.49898e-13
-6.40935e-13
-6.3298e-13
-6.27439e-13
-6.26156e-13
-6.27668e-13
-6.17653e-13
-6.03943e-13
-5.93218e-13
-5.79555e-13
-5.66917e-13
-5.59472e-13
-5.5258e-13
-5.47652e-13
-5.45652e-13
-5.42827e-13
-5.37487e-13
-5.30479e-13
-5.21448e-13
-5.14952e-13
-5.07877e-13
-4.96461e-13
-4.81665e-13
-4.70588e-13
-4.63821e-13
-4.58941e-13
-4.52534e-13
-4.45547e-13
-4.35475e-13
-4.27387e-13
-4.22416e-13
-4.17342e-13
-4.11173e-13
-4.04143e-13
-3.95692e-13
-3.87071e-13
-3.78825e-13
-3.71198e-13
-3.60975e-13
-3.53069e-13
-3.46231e-13
-3.37491e-13
-3.31556e-13
-3.27921e-13
-3.24777e-13
-3.16726e-13
-3.09143e-13
-3.00321e-13
-2.935e-13
-2.91541e-13
-2.82644e-13
-2.72424e-13
-2.6424e-13
-2.5491e-13
-2.42945e-13
-2.33057e-13
-2.2911e-13
-2.21491e-13
-2.15308e-13
-2.10302e-13
-2.0355e-13
-1.98461e-13
-1.87845e-13
-1.7188e-13
-1.59429e-13
-1.57189e-13
-1.55927e-13
-1.49977e-13
-1.39462e-13
-1.29729e-13
-1.23656e-13
-1.13968e-13
-1.0697e-13
-1.0098e-13
-8.7568e-14
-7.63574e-14
-7.21293e-14
-6.56655e-14
-5.78358e-14
-4.83453e-14
-4.03855e-14
-3.46785e-14
-3.15206e-14
-3.08119e-14
-2.71755e-14
-1.46307e-14
-1.05397e-15
4.9157e-15
1.57859e-15
-6.72845e-13
-6.72951e-13
-6.75983e-13
-6.75616e-13
-6.73697e-13
-6.6851e-13
-6.6652e-13
-6.6532e-13
-6.6447e-13
-6.56743e-13
-6.50777e-13
-6.45948e-13
-6.44105e-13
-6.39818e-13
-6.36122e-13
-6.33034e-13
-6.24732e-13
-6.13008e-13
-6.03928e-13
-5.91595e-13
-5.78519e-13
-5.65036e-13
-5.58576e-13
-5.5459e-13
-5.48536e-13
-5.4203e-13
-5.4167e-13
-5.34751e-13
-5.23585e-13
-5.17962e-13
-5.16262e-13
-5.09204e-13
-5.01514e-13
-4.88994e-13
-4.71621e-13
-4.60718e-13
-4.56507e-13
-4.5168e-13
-4.4559e-13
-4.36693e-13
-4.28968e-13
-4.21701e-13
-4.17159e-13
-4.13206e-13
-4.06889e-13
-4.0088e-13
-3.88217e-13
-3.75822e-13
-3.67235e-13
-3.5738e-13
-3.51072e-13
-3.47867e-13
-3.41027e-13
-3.33558e-13
-3.28039e-13
-3.22943e-13
-3.12896e-13
-3.06384e-13
-2.99495e-13
-2.94033e-13
-2.91153e-13
-2.81308e-13
-2.71063e-13
-2.63612e-13
-2.53437e-13
-2.41786e-13
-2.34173e-13
-2.26426e-13
-2.1976e-13
-2.20443e-13
-2.16649e-13
-2.07293e-13
-1.97823e-13
-1.85068e-13
-1.7059e-13
-1.58964e-13
-1.54993e-13
-1.56055e-13
-1.49085e-13
-1.39976e-13
-1.31573e-13
-1.23386e-13
-1.13104e-13
-1.04862e-13
-9.96073e-14
-8.90454e-14
-7.59266e-14
-7.09115e-14
-6.65007e-14
-5.9349e-14
-4.97221e-14
-3.93682e-14
-3.48332e-14
-3.3663e-14
-3.37871e-14
-2.71597e-14
-1.21993e-14
-2.90239e-15
2.56203e-15
1.78108e-15
-6.7579e-13
-6.75584e-13
-6.77343e-13
-6.72358e-13
-6.69133e-13
-6.694e-13
-6.68723e-13
-6.65871e-13
-6.61974e-13
-6.56676e-13
-6.49554e-13
-6.46135e-13
-6.42699e-13
-6.39963e-13
-6.36859e-13
-6.30428e-13
-6.23572e-13
-6.13822e-13
-6.02408e-13
-5.92367e-13
-5.74773e-13
-5.65243e-13
-5.62085e-13
-5.55229e-13
-5.49862e-13
-5.44242e-13
-5.40311e-13
-5.38159e-13
-5.31895e-13
-5.23158e-13
-5.15147e-13
-5.05938e-13
-4.95742e-13
-4.81342e-13
-4.67612e-13
-4.59458e-13
-4.57753e-13
-4.53104e-13
-4.48486e-13
-4.39142e-13
-4.29209e-13
-4.25069e-13
-4.18563e-13
-4.0997e-13
-4.04389e-13
-3.97491e-13
-3.87745e-13
-3.74773e-13
-3.67078e-13
-3.60255e-13
-3.52852e-13
-3.48608e-13
-3.43538e-13
-3.3217e-13
-3.261e-13
-3.21786e-13
-3.12699e-13
-3.06102e-13
-2.99501e-13
-2.94611e-13
-2.89447e-13
-2.81707e-13
-2.72299e-13
-2.65775e-13
-2.54871e-13
-2.43307e-13
-2.35916e-13
-2.30983e-13
-2.22272e-13
-2.12337e-13
-2.08721e-13
-2.03716e-13
-1.96041e-13
-1.8441e-13
-1.71704e-13
-1.61022e-13
-1.58125e-13
-1.54767e-13
-1.4873e-13
-1.41254e-13
-1.32081e-13
-1.21731e-13
-1.12386e-13
-1.0543e-13
-1.00445e-13
-8.92102e-14
-7.67903e-14
-7.17958e-14
-6.33858e-14
-5.48108e-14
-4.94861e-14
-4.27073e-14
-3.68981e-14
-3.41699e-14
-3.23034e-14
-2.46056e-14
-1.53787e-14
-5.59618e-15
6.05578e-16
7.84764e-16
-6.68588e-13
-6.78564e-13
-6.787e-13
-6.76522e-13
-6.73128e-13
-6.70417e-13
-6.70183e-13
-6.66285e-13
-6.62063e-13
-6.55426e-13
-6.45321e-13
-6.38994e-13
-6.37849e-13
-6.37359e-13
-6.35405e-13
-6.3031e-13
-6.2553e-13
-6.15907e-13
-6.02083e-13
-5.91584e-13
-5.81444e-13
-5.70903e-13
-5.62137e-13
-5.53515e-13
-5.48341e-13
-5.42566e-13
-5.39504e-13
-5.3562e-13
-5.30454e-13
-5.2067e-13
-5.10527e-13
-5.02105e-13
-4.93139e-13
-4.84213e-13
-4.75542e-13
-4.65925e-13
-4.58586e-13
-4.52274e-13
-4.4681e-13
-4.38123e-13
-4.30104e-13
-4.26148e-13
-4.18541e-13
-4.11189e-13
-4.0583e-13
-3.96986e-13
-3.85747e-13
-3.76458e-13
-3.68961e-13
-3.61253e-13
-3.52268e-13
-3.45552e-13
-3.41918e-13
-3.33877e-13
-3.28164e-13
-3.20297e-13
-3.10542e-13
-3.07396e-13
-3.00813e-13
-2.94612e-13
-2.87852e-13
-2.78513e-13
-2.67806e-13
-2.5994e-13
-2.53822e-13
-2.48357e-13
-2.41221e-13
-2.33715e-13
-2.25655e-13
-2.17196e-13
-2.07711e-13
-1.99128e-13
-1.89198e-13
-1.8015e-13
-1.71835e-13
-1.65464e-13
-1.61077e-13
-1.53728e-13
-1.45633e-13
-1.38752e-13
-1.32654e-13
-1.22648e-13
-1.12587e-13
-1.05038e-13
-9.76141e-14
-8.76462e-14
-7.91073e-14
-6.87496e-14
-6.17107e-14
-5.80537e-14
-5.13433e-14
-4.42229e-14
-3.98291e-14
-3.57337e-14
-3.13313e-14
-2.68053e-14
-2.04376e-14
-9.99587e-15
-3.88309e-15
-6.60942e-16
-6.73943e-13
-6.74259e-13
-6.74585e-13
-6.74673e-13
-6.72987e-13
-6.73632e-13
-6.71928e-13
-6.67857e-13
-6.57684e-13
-6.51943e-13
-6.44426e-13
-6.40251e-13
-6.37116e-13
-6.38728e-13
-6.38268e-13
-6.32415e-13
-6.24567e-13
-6.08702e-13
-5.99693e-13
-5.88741e-13
-5.77143e-13
-5.72482e-13
-5.67852e-13
-5.60217e-13
-5.52529e-13
-5.45387e-13
-5.40328e-13
-5.34136e-13
-5.30178e-13
-5.21182e-13
-5.10308e-13
-4.98413e-13
-4.90964e-13
-4.8415e-13
-4.73463e-13
-4.65263e-13
-4.58058e-13
-4.52236e-13
-4.4622e-13
-4.38491e-13
-4.32047e-13
-4.2628e-13
-4.17645e-13
-4.11335e-13
-4.03522e-13
-3.96709e-13
-3.8683e-13
-3.77989e-13
-3.69023e-13
-3.61053e-13
-3.52369e-13
-3.44883e-13
-3.41481e-13
-3.35079e-13
-3.29474e-13
-3.21123e-13
-3.12041e-13
-3.06629e-13
-2.98763e-13
-2.91077e-13
-2.8684e-13
-2.79899e-13
-2.71677e-13
-2.65159e-13
-2.54074e-13
-2.47221e-13
-2.39928e-13
-2.34397e-13
-2.26718e-13
-2.1635e-13
-2.04377e-13
-1.94543e-13
-1.87704e-13
-1.82795e-13
-1.75269e-13
-1.67207e-13
-1.60126e-13
-1.49073e-13
-1.44812e-13
-1.39348e-13
-1.34343e-13
-1.26166e-13
-1.13619e-13
-1.03658e-13
-9.54132e-14
-8.67386e-14
-7.71044e-14
-7.06409e-14
-6.36743e-14
-5.79672e-14
-5.16104e-14
-4.48235e-14
-3.91288e-14
-3.73363e-14
-3.25244e-14
-2.82375e-14
-2.03109e-14
-1.01e-14
-5.18593e-15
-7.37986e-17
-6.76433e-13
-6.74927e-13
-6.72042e-13
-6.74138e-13
-6.73727e-13
-6.72401e-13
-6.73583e-13
-6.71648e-13
-6.60421e-13
-6.52228e-13
-6.41497e-13
-6.36617e-13
-6.36217e-13
-6.36517e-13
-6.34037e-13
-6.29215e-13
-6.21927e-13
-6.12197e-13
-6.02168e-13
-5.93381e-13
-5.8028e-13
-5.7222e-13
-5.67379e-13
-5.58894e-13
-5.5046e-13
-5.44653e-13
-5.41103e-13
-5.35544e-13
-5.27362e-13
-5.18799e-13
-5.07248e-13
-4.96907e-13
-4.922e-13
-4.84911e-13
-4.78119e-13
-4.64896e-13
-4.56696e-13
-4.5275e-13
-4.4759e-13
-4.39902e-13
-4.33117e-13
-4.23772e-13
-4.16238e-13
-4.09924e-13
-4.04214e-13
-3.96417e-13
-3.88249e-13
-3.77684e-13
-3.71253e-13
-3.60977e-13
-3.53764e-13
-3.47458e-13
-3.40637e-13
-3.33026e-13
-3.2656e-13
-3.19542e-13
-3.12143e-13
-3.04753e-13
-2.96063e-13
-2.91743e-13
-2.88949e-13
-2.83389e-13
-2.70724e-13
-2.61816e-13
-2.53284e-13
-2.48543e-13
-2.40695e-13
-2.31643e-13
-2.24431e-13
-2.17544e-13
-2.08793e-13
-1.98416e-13
-1.86713e-13
-1.7743e-13
-1.71052e-13
-1.65649e-13
-1.61815e-13
-1.54333e-13
-1.44814e-13
-1.36225e-13
-1.28902e-13
-1.23909e-13
-1.16568e-13
-1.06771e-13
-9.78082e-14
-8.56835e-14
-7.48443e-14
-6.91568e-14
-6.27672e-14
-5.89005e-14
-5.30771e-14
-4.70844e-14
-4.23571e-14
-3.85963e-14
-3.33649e-14
-2.52575e-14
-1.69522e-14
-9.89478e-15
-5.64961e-15
-2.58434e-16
-6.75796e-13
-6.73392e-13
-6.7341e-13
-6.70821e-13
-6.74677e-13
-6.77333e-13
-6.71149e-13
-6.65974e-13
-6.59279e-13
-6.50781e-13
-6.43648e-13
-6.39571e-13
-6.38634e-13
-6.36726e-13
-6.3249e-13
-6.29159e-13
-6.23964e-13
-6.13805e-13
-6.01512e-13
-5.92667e-13
-5.80137e-13
-5.71335e-13
-5.66335e-13
-5.56956e-13
-5.51296e-13
-5.48445e-13
-5.41777e-13
-5.323e-13
-5.26249e-13
-5.20384e-13
-5.10882e-13
-5.01002e-13
-4.90337e-13
-4.79489e-13
-4.73067e-13
-4.65222e-13
-4.58074e-13
-4.5399e-13
-4.47791e-13
-4.39768e-13
-4.32074e-13
-4.23969e-13
-4.15394e-13
-4.10777e-13
-4.06631e-13
-3.97101e-13
-3.85875e-13
-3.76795e-13
-3.69615e-13
-3.61944e-13
-3.53829e-13
-3.45943e-13
-3.39543e-13
-3.32612e-13
-3.24729e-13
-3.18758e-13
-3.13173e-13
-3.06893e-13
-3.01246e-13
-2.9465e-13
-2.85881e-13
-2.76141e-13
-2.6668e-13
-2.61762e-13
-2.57001e-13
-2.51951e-13
-2.44334e-13
-2.34459e-13
-2.25553e-13
-2.16231e-13
-2.04006e-13
-1.93815e-13
-1.84193e-13
-1.78779e-13
-1.74527e-13
-1.68995e-13
-1.61158e-13
-1.52144e-13
-1.44309e-13
-1.36625e-13
-1.30976e-13
-1.23488e-13
-1.11511e-13
-1.0254e-13
-9.68226e-14
-8.87989e-14
-7.65121e-14
-6.81322e-14
-6.33331e-14
-6.02348e-14
-5.32961e-14
-4.72302e-14
-4.2158e-14
-3.88134e-14
-3.322e-14
-2.59752e-14
-1.95006e-14
-1.09813e-14
-6.26382e-15
-2.04972e-15
-6.74426e-13
-6.70406e-13
-6.75099e-13
-6.7657e-13
-6.75274e-13
-6.7415e-13
-6.7387e-13
-6.67152e-13
-6.60205e-13
-6.53186e-13
-6.45333e-13
-6.39106e-13
-6.33995e-13
-6.31763e-13
-6.28943e-13
-6.26987e-13
-6.21887e-13
-6.13889e-13
-6.02913e-13
-5.9202e-13
-5.8178e-13
-5.76084e-13
-5.69098e-13
-5.61016e-13
-5.52327e-13
-5.46306e-13
-5.41599e-13
-5.30872e-13
-5.24619e-13
-5.19017e-13
-5.08523e-13
-4.9982e-13
-4.89555e-13
-4.80055e-13
-4.72332e-13
-4.66028e-13
-4.57065e-13
-4.52797e-13
-4.4838e-13
-4.42326e-13
-4.32223e-13
-4.23288e-13
-4.1516e-13
-4.09252e-13
-4.04664e-13
-3.97226e-13
-3.88369e-13
-3.78463e-13
-3.68578e-13
-3.6035e-13
-3.53512e-13
-3.47039e-13
-3.39018e-13
-3.31771e-13
-3.24581e-13
-3.17967e-13
-3.12351e-13
-3.05914e-13
-3.00605e-13
-2.94776e-13
-2.84908e-13
-2.77536e-13
-2.69685e-13
-2.62067e-13
-2.56866e-13
-2.50152e-13
-2.41241e-13
-2.3395e-13
-2.25739e-13
-2.14472e-13
-2.05451e-13
-1.95826e-13
-1.86466e-13
-1.80391e-13
-1.73707e-13
-1.66129e-13
-1.58571e-13
-1.49426e-13
-1.43273e-13
-1.37247e-13
-1.31534e-13
-1.2486e-13
-1.14316e-13
-1.04551e-13
-9.46438e-14
-8.62668e-14
-7.66512e-14
-6.752e-14
-6.31058e-14
-6.07247e-14
-5.58803e-14
-4.89171e-14
-4.11941e-14
-3.88253e-14
-3.31555e-14
-2.62254e-14
-1.82288e-14
-1.09839e-14
-6.92447e-15
-2.43273e-15
-6.73732e-13
-6.69659e-13
-6.72535e-13
-6.78818e-13
-6.7817e-13
-6.75863e-13
-6.72844e-13
-6.6725e-13
-6.61648e-13
-6.53898e-13
-6.43781e-13
-6.36909e-13
-6.3443e-13
-6.34378e-13
-6.34319e-13
-6.28049e-13
-6.2099e-13
-6.11115e-13
-5.9876e-13
-5.89677e-13
-5.8264e-13
-5.76255e-13
-5.68195e-13
-5.59919e-13
-5.52691e-13
-5.48333e-13
-5.42027e-13
-5.33927e-13
-5.2381e-13
-5.1542e-13
-5.0786e-13
-4.96158e-13
-4.83974e-13
-4.78652e-13
-4.74875e-13
-4.6783e-13
-4.59786e-13
-4.53186e-13
-4.45912e-13
-4.37426e-13
-4.31989e-13
-4.23625e-13
-4.15834e-13
-4.11681e-13
-4.06888e-13
-3.97157e-13
-3.8773e-13
-3.78121e-13
-3.6871e-13
-3.59622e-13
-3.5016e-13
-3.44327e-13
-3.41684e-13
-3.33371e-13
-3.24766e-13
-3.17589e-13
-3.11112e-13
-3.06243e-13
-3.00601e-13
-2.92794e-13
-2.84432e-13
-2.77867e-13
-2.74392e-13
-2.66464e-13
-2.57443e-13
-2.46607e-13
-2.35621e-13
-2.2849e-13
-2.2209e-13
-2.16225e-13
-2.09145e-13
-2.00193e-13
-1.90228e-13
-1.79888e-13
-1.71163e-13
-1.64969e-13
-1.58919e-13
-1.52054e-13
-1.43897e-13
-1.34319e-13
-1.27085e-13
-1.22637e-13
-1.16969e-13
-1.06094e-13
-9.32396e-14
-8.3131e-14
-7.54459e-14
-6.76988e-14
-6.32849e-14
-6.28305e-14
-5.92343e-14
-5.14531e-14
-4.26362e-14
-3.7938e-14
-3.08052e-14
-2.52901e-14
-1.57951e-14
-8.85401e-15
-3.39201e-15
-8.31885e-16
-6.73644e-13
-6.7256e-13
-6.75605e-13
-6.76577e-13
-6.78418e-13
-6.78745e-13
-6.7472e-13
-6.66863e-13
-6.58148e-13
-6.51496e-13
-6.43105e-13
-6.40314e-13
-6.37306e-13
-6.33964e-13
-6.29107e-13
-6.24484e-13
-6.13366e-13
-6.10941e-13
-6.04851e-13
-5.96291e-13
-5.86242e-13
-5.76255e-13
-5.69638e-13
-5.62775e-13
-5.56304e-13
-5.48147e-13
-5.38362e-13
-5.30767e-13
-5.22219e-13
-5.14098e-13
-5.10489e-13
-4.98523e-13
-4.85045e-13
-4.78135e-13
-4.69912e-13
-4.64404e-13
-4.59377e-13
-4.55375e-13
-4.48499e-13
-4.4045e-13
-4.32956e-13
-4.20511e-13
-4.13853e-13
-4.09715e-13
-4.05842e-13
-3.97859e-13
-3.90088e-13
-3.7865e-13
-3.69857e-13
-3.60526e-13
-3.51916e-13
-3.4404e-13
-3.40194e-13
-3.33069e-13
-3.24926e-13
-3.14935e-13
-3.07636e-13
-3.05375e-13
-3.01171e-13
-2.9742e-13
-2.87096e-13
-2.77668e-13
-2.69595e-13
-2.62709e-13
-2.55311e-13
-2.48527e-13
-2.41404e-13
-2.31029e-13
-2.21441e-13
-2.13061e-13
-2.05745e-13
-1.96943e-13
-1.87131e-13
-1.78362e-13
-1.70546e-13
-1.66092e-13
-1.60853e-13
-1.52593e-13
-1.44024e-13
-1.35102e-13
-1.28658e-13
-1.22924e-13
-1.12873e-13
-1.02321e-13
-9.3826e-14
-8.72454e-14
-7.93029e-14
-7.10682e-14
-6.545e-14
-6.09573e-14
-5.53252e-14
-5.09315e-14
-4.45757e-14
-3.63223e-14
-2.97705e-14
-2.2665e-14
-1.62558e-14
-1.05571e-14
-5.88787e-15
-1.83556e-15
-6.74325e-13
-6.72632e-13
-6.72416e-13
-6.78609e-13
-6.79355e-13
-6.7875e-13
-6.73998e-13
-6.66618e-13
-6.59661e-13
-6.51829e-13
-6.43119e-13
-6.37495e-13
-6.36239e-13
-6.3568e-13
-6.31487e-13
-6.2536e-13
-6.19156e-13
-6.12509e-13
-6.03013e-13
-5.93114e-13
-5.83827e-13
-5.75699e-13
-5.68363e-13
-5.61003e-13
-5.54259e-13
-5.4789e-13
-5.39878e-13
-5.33884e-13
-5.25899e-13
-5.13395e-13
-5.05836e-13
-4.9562e-13
-4.85371e-13
-4.78825e-13
-4.72433e-13
-4.66194e-13
-4.60551e-13
-4.52753e-13
-4.45611e-13
-4.37406e-13
-4.32881e-13
-4.22498e-13
-4.16261e-13
-4.11422e-13
-4.0479e-13
-3.96252e-13
-3.87701e-13
-3.79852e-13
-3.69224e-13
-3.58197e-13
-3.51154e-13
-3.45175e-13
-3.41272e-13
-3.32023e-13
-3.2608e-13
-3.20452e-13
-3.11364e-13
-3.03747e-13
-2.99358e-13
-2.94084e-13
-2.87914e-13
-2.80598e-13
-2.71208e-13
-2.62471e-13
-2.53262e-13
-2.45689e-13
-2.38486e-13
-2.30114e-13
-2.22358e-13
-2.14616e-13
-2.07617e-13
-1.98695e-13
-1.89008e-13
-1.79677e-13
-1.71101e-13
-1.64863e-13
-1.61214e-13
-1.52101e-13
-1.42525e-13
-1.33113e-13
-1.26615e-13
-1.22901e-13
-1.17155e-13
-1.04131e-13
-9.43273e-14
-8.41132e-14
-7.51247e-14
-6.90026e-14
-6.54484e-14
-6.22983e-14
-5.81946e-14
-5.12782e-14
-4.54249e-14
-3.72416e-14
-2.98738e-14
-2.23592e-14
-1.47492e-14
-9.22572e-15
-5.50648e-15
-3.22962e-15
-6.72327e-13
-6.72099e-13
-6.74883e-13
-6.78729e-13
-6.8038e-13
-6.7788e-13
-6.76326e-13
-6.69318e-13
-6.60567e-13
-6.53011e-13
-6.42303e-13
-6.34712e-13
-6.36294e-13
-6.33072e-13
-6.29935e-13
-6.23697e-13
-6.14499e-13
-6.11535e-13
-6.06308e-13
-5.99434e-13
-5.86531e-13
-5.76646e-13
-5.70888e-13
-5.63899e-13
-5.5254e-13
-5.44649e-13
-5.37723e-13
-5.31901e-13
-5.24758e-13
-5.18554e-13
-5.09769e-13
-4.95417e-13
-4.84972e-13
-4.76275e-13
-4.69854e-13
-4.64547e-13
-4.58363e-13
-4.53821e-13
-4.4901e-13
-4.40439e-13
-4.32709e-13
-4.2272e-13
-4.15867e-13
-4.08729e-13
-4.03897e-13
-3.96985e-13
-3.90044e-13
-3.80198e-13
-3.69232e-13
-3.60705e-13
-3.53036e-13
-3.44164e-13
-3.39865e-13
-3.31614e-13
-3.23909e-13
-3.17677e-13
-3.10427e-13
-3.0541e-13
-3.00623e-13
-2.95063e-13
-2.86856e-13
-2.78932e-13
-2.69899e-13
-2.62333e-13
-2.54697e-13
-2.47337e-13
-2.40896e-13
-2.31227e-13
-2.22024e-13
-2.14438e-13
-2.0524e-13
-1.94559e-13
-1.86101e-13
-1.78993e-13
-1.72868e-13
-1.66731e-13
-1.61382e-13
-1.53029e-13
-1.42231e-13
-1.31787e-13
-1.27011e-13
-1.23378e-13
-1.17315e-13
-1.04621e-13
-9.34324e-14
-8.38044e-14
-7.78573e-14
-7.02433e-14
-6.63374e-14
-6.1415e-14
-5.75156e-14
-5.3499e-14
-4.63743e-14
-3.79701e-14
-2.90902e-14
-2.02308e-14
-1.32145e-14
-7.89057e-15
-4.0127e-15
-4.94379e-15
)
;

boundaryField
{
    inlet
    {
        type            calculated;
        value           nonuniform List<scalar> 
40
(
-6.84554e-13
-6.81482e-13
-6.80818e-13
-6.8173e-13
-6.82268e-13
-6.79163e-13
-6.8361e-13
-6.82215e-13
-6.84153e-13
-6.83611e-13
-6.81853e-13
-6.84046e-13
-6.81996e-13
-6.78665e-13
-6.77571e-13
-6.76113e-13
-6.81777e-13
-6.80974e-13
-6.76211e-13
-6.82125e-13
-6.84182e-13
-6.81997e-13
-6.76856e-13
-6.82131e-13
-6.79661e-13
-6.72544e-13
-6.72512e-13
-6.74094e-13
-6.72679e-13
-6.72845e-13
-6.7579e-13
-6.68588e-13
-6.73943e-13
-6.76433e-13
-6.75796e-13
-6.74426e-13
-6.73732e-13
-6.73644e-13
-6.74325e-13
-6.72327e-13
)
;
    }
    outlet
    {
        type            calculated;
        value           uniform 0;
    }
    down
    {
        type            empty;
    }
    up
    {
        type            empty;
    }
    sides
    {
        type            calculated;
        value           nonuniform List<scalar> 
200
(
-6.84554e-13
-6.79433e-13
-6.80321e-13
-6.82614e-13
-6.81068e-13
-6.81778e-13
-6.7996e-13
-6.7517e-13
-6.66243e-13
-6.61548e-13
-6.61902e-13
-6.56762e-13
-6.48497e-13
-6.36607e-13
-6.23054e-13
-6.17417e-13
-6.13858e-13
-6.11082e-13
-6.03607e-13
-5.92169e-13
-5.81891e-13
-5.7464e-13
-5.69241e-13
-5.60369e-13
-5.49548e-13
-5.38667e-13
-5.35151e-13
-5.30222e-13
-5.23731e-13
-5.12278e-13
-4.9792e-13
-4.90075e-13
-4.86836e-13
-4.83275e-13
-4.77394e-13
-4.72698e-13
-4.62467e-13
-4.45846e-13
-4.29115e-13
-4.24274e-13
-4.23068e-13
-4.20297e-13
-4.19046e-13
-4.12844e-13
-4.03257e-13
-3.94225e-13
-3.85005e-13
-3.7582e-13
-3.67259e-13
-3.59771e-13
-3.51691e-13
-3.44365e-13
-3.37432e-13
-3.29441e-13
-3.21937e-13
-3.10145e-13
-3.02759e-13
-3.00616e-13
-2.98175e-13
-2.95113e-13
-2.87131e-13
-2.8023e-13
-2.70903e-13
-2.60027e-13
-2.52554e-13
-2.45494e-13
-2.40817e-13
-2.32539e-13
-2.22535e-13
-2.1567e-13
-2.08464e-13
-2.00705e-13
-1.87792e-13
-1.8078e-13
-1.79098e-13
-1.7486e-13
-1.69429e-13
-1.62866e-13
-1.53404e-13
-1.40221e-13
-1.28222e-13
-1.2218e-13
-1.1385e-13
-1.08889e-13
-1.03167e-13
-9.71356e-14
-8.87484e-14
-8.11585e-14
-7.78377e-14
-7.34692e-14
-6.76618e-14
-6.09679e-14
-5.4775e-14
-5.01424e-14
-4.09531e-14
-3.20501e-14
-2.49011e-14
-1.72049e-14
-9.30605e-15
-2.14742e-15
-6.72327e-13
-6.72099e-13
-6.74883e-13
-6.78729e-13
-6.8038e-13
-6.7788e-13
-6.76326e-13
-6.69318e-13
-6.60567e-13
-6.53011e-13
-6.42303e-13
-6.34712e-13
-6.36294e-13
-6.33072e-13
-6.29935e-13
-6.23697e-13
-6.14499e-13
-6.11535e-13
-6.06308e-13
-5.99434e-13
-5.86531e-13
-5.76646e-13
-5.70888e-13
-5.63899e-13
-5.5254e-13
-5.44649e-13
-5.37723e-13
-5.31901e-13
-5.24758e-13
-5.18554e-13
-5.09769e-13
-4.95417e-13
-4.84972e-13
-4.76275e-13
-4.69854e-13
-4.64547e-13
-4.58363e-13
-4.53821e-13
-4.4901e-13
-4.40439e-13
-4.32709e-13
-4.2272e-13
-4.15867e-13
-4.08729e-13
-4.03897e-13
-3.96985e-13
-3.90044e-13
-3.80198e-13
-3.69232e-13
-3.60705e-13
-3.53036e-13
-3.44164e-13
-3.39865e-13
-3.31614e-13
-3.23909e-13
-3.17677e-13
-3.10427e-13
-3.0541e-13
-3.00623e-13
-2.95063e-13
-2.86856e-13
-2.78932e-13
-2.69899e-13
-2.62333e-13
-2.54697e-13
-2.47337e-13
-2.40896e-13
-2.31227e-13
-2.22024e-13
-2.14438e-13
-2.0524e-13
-1.94559e-13
-1.86101e-13
-1.78993e-13
-1.72868e-13
-1.66731e-13
-1.61382e-13
-1.53029e-13
-1.42231e-13
-1.31787e-13
-1.27011e-13
-1.23378e-13
-1.17315e-13
-1.04621e-13
-9.34324e-14
-8.38044e-14
-7.78573e-14
-7.02433e-14
-6.63374e-14
-6.1415e-14
-5.75156e-14
-5.3499e-14
-4.63743e-14
-3.79701e-14
-2.90902e-14
-2.02308e-14
-1.32145e-14
-7.89057e-15
-4.0127e-15
-4.94379e-15
)
;
    }
}

