/*--------------------------------*- C++ -*----------------------------------*\
| =========                 |                                                 |
| \\      /  F ield         | OpenFOAM: The Open Source CFD Toolbox           |
|  \\    /   O peration     | Version:  v2012                                 |
|   \\  /    A nd           | Website:  www.openfoam.com                      |
|    \\/     M anipulation  |                                                 |
\*---------------------------------------------------------------------------*/
FoamFile
{
    version     2.0;
    format      ascii;
    class       volScalarField;
    location    "0";
    object      p;
}
// * * * * * * * * * * * * * * * * * * * * * * * * * * * * * * * * * * * * * //

dimensions      [0 2 -2 0 0 0 0];


internalField   nonuniform List<scalar> 
4000
(
-1.58799e-13
-1.63604e-13
-1.6365e-13
-1.58857e-13
-1.55654e-13
-1.63496e-13
-1.71581e-13
-1.70802e-13
-1.59064e-13
-1.60495e-13
-1.72098e-13
-1.84051e-13
-1.83017e-13
-1.70096e-13
-1.7967e-13
-1.8697e-13
-1.75954e-13
-1.7161e-13
-1.75893e-13
-1.8316e-13
-1.83502e-13
-1.88571e-13
-1.83212e-13
-1.96414e-13
-1.99868e-13
-2.08413e-13
-2.04589e-13
-2.09178e-13
-2.06742e-13
-2.07317e-13
-2.1808e-13
-2.22425e-13
-2.18423e-13
-2.22051e-13
-2.18909e-13
-2.17509e-13
-2.29504e-13
-2.39949e-13
-2.4072e-13
-2.37639e-13
-2.40411e-13
-2.32613e-13
-2.30314e-13
-2.30792e-13
-2.2293e-13
-2.19207e-13
-2.21994e-13
-2.26525e-13
-2.27824e-13
-2.26937e-13
-2.16972e-13
-2.2002e-13
-2.25322e-13
-2.21373e-13
-2.2563e-13
-2.17894e-13
-2.16335e-13
-2.1074e-13
-1.95848e-13
-1.82421e-13
-1.77634e-13
-1.74151e-13
-1.70622e-13
-1.73128e-13
-1.71064e-13
-1.62814e-13
-1.6084e-13
-1.56031e-13
-1.57498e-13
-1.58568e-13
-1.5073e-13
-1.53154e-13
-1.51013e-13
-1.45855e-13
-1.35045e-13
-1.2654e-13
-1.23093e-13
-1.18457e-13
-1.18736e-13
-1.21457e-13
-1.21794e-13
-1.0817e-13
-9.26967e-14
-9.77384e-14
-9.73775e-14
-9.38727e-14
-7.67328e-14
-7.63009e-14
-7.01321e-14
-6.8571e-14
-6.11539e-14
-5.68562e-14
-4.37764e-14
-3.49758e-14
-3.6961e-14
-2.60495e-14
-1.88844e-14
-1.17596e-14
-1.38307e-14
-6.94028e-15
-1.60059e-13
-1.67566e-13
-1.60525e-13
-1.58388e-13
-1.54591e-13
-1.65838e-13
-1.68172e-13
-1.67176e-13
-1.61331e-13
-1.64156e-13
-1.76331e-13
-1.77267e-13
-1.8094e-13
-1.75492e-13
-1.78991e-13
-1.76451e-13
-1.7332e-13
-1.80664e-13
-1.76966e-13
-1.74525e-13
-1.84999e-13
-1.92718e-13
-1.94497e-13
-1.95009e-13
-2.01765e-13
-2.02386e-13
-2.06147e-13
-2.05127e-13
-2.0692e-13
-2.03968e-13
-2.15617e-13
-2.2167e-13
-2.19974e-13
-2.28353e-13
-2.19825e-13
-2.22198e-13
-2.28215e-13
-2.36786e-13
-2.3937e-13
-2.42699e-13
-2.35536e-13
-2.32919e-13
-2.30048e-13
-2.25148e-13
-2.24274e-13
-2.24182e-13
-2.20703e-13
-2.29586e-13
-2.27598e-13
-2.27303e-13
-2.20051e-13
-2.20607e-13
-2.2168e-13
-2.17184e-13
-2.20552e-13
-2.19255e-13
-2.21515e-13
-2.15534e-13
-1.99125e-13
-1.83822e-13
-1.74114e-13
-1.72773e-13
-1.72014e-13
-1.68971e-13
-1.66697e-13
-1.64426e-13
-1.65432e-13
-1.57035e-13
-1.56731e-13
-1.55612e-13
-1.49965e-13
-1.51964e-13
-1.46816e-13
-1.42012e-13
-1.38338e-13
-1.30465e-13
-1.26807e-13
-1.17902e-13
-1.21747e-13
-1.21894e-13
-1.18414e-13
-1.05823e-13
-9.30708e-14
-9.63119e-14
-9.78034e-14
-8.92425e-14
-8.11378e-14
-8.27867e-14
-7.1304e-14
-6.51539e-14
-5.86916e-14
-5.64293e-14
-4.39975e-14
-3.39634e-14
-3.12666e-14
-2.83219e-14
-2.03568e-14
-1.66413e-14
-1.36164e-14
-2.96428e-15
-1.64982e-13
-1.67253e-13
-1.59091e-13
-1.56267e-13
-1.56583e-13
-1.63068e-13
-1.68988e-13
-1.65285e-13
-1.65433e-13
-1.67744e-13
-1.78521e-13
-1.78298e-13
-1.79737e-13
-1.74145e-13
-1.73056e-13
-1.74145e-13
-1.7436e-13
-1.79587e-13
-1.74978e-13
-1.74964e-13
-1.84217e-13
-1.92979e-13
-1.94166e-13
-1.96106e-13
-2.0127e-13
-2.00389e-13
-2.0451e-13
-2.08977e-13
-2.10892e-13
-2.08001e-13
-2.16349e-13
-2.1931e-13
-2.18782e-13
-2.19772e-13
-2.21621e-13
-2.21157e-13
-2.26271e-13
-2.41147e-13
-2.43624e-13
-2.40308e-13
-2.35725e-13
-2.36851e-13
-2.28543e-13
-2.25557e-13
-2.25354e-13
-2.23826e-13
-2.30337e-13
-2.34608e-13
-2.26109e-13
-2.21113e-13
-2.17968e-13
-2.23332e-13
-2.31763e-13
-2.21346e-13
-2.1779e-13
-2.17153e-13
-2.21626e-13
-2.12038e-13
-1.9925e-13
-1.84712e-13
-1.73898e-13
-1.77583e-13
-1.75934e-13
-1.73324e-13
-1.66307e-13
-1.60763e-13
-1.6086e-13
-1.55218e-13
-1.53719e-13
-1.61354e-13
-1.51362e-13
-1.4829e-13
-1.49757e-13
-1.39987e-13
-1.36442e-13
-1.31977e-13
-1.22891e-13
-1.16829e-13
-1.19557e-13
-1.16502e-13
-1.14024e-13
-1.06329e-13
-9.89372e-14
-9.59486e-14
-9.84503e-14
-8.92423e-14
-7.87348e-14
-7.63991e-14
-7.06264e-14
-6.58656e-14
-6.11355e-14
-5.57579e-14
-4.29742e-14
-3.4647e-14
-3.00029e-14
-2.7323e-14
-2.00194e-14
-1.8648e-14
-1.30556e-14
-8.01463e-15
-1.64801e-13
-1.63607e-13
-1.60545e-13
-1.65551e-13
-1.6025e-13
-1.67341e-13
-1.67933e-13
-1.58216e-13
-1.64328e-13
-1.70608e-13
-1.75491e-13
-1.75702e-13
-1.80658e-13
-1.77888e-13
-1.7022e-13
-1.66971e-13
-1.71992e-13
-1.76812e-13
-1.76412e-13
-1.80371e-13
-1.82407e-13
-1.93013e-13
-1.9308e-13
-2.04411e-13
-2.01982e-13
-2.03954e-13
-2.07547e-13
-2.02983e-13
-2.08172e-13
-2.09669e-13
-2.13323e-13
-2.16142e-13
-2.17122e-13
-2.23333e-13
-2.25002e-13
-2.22437e-13
-2.29576e-13
-2.35224e-13
-2.43531e-13
-2.39372e-13
-2.36571e-13
-2.346e-13
-2.27693e-13
-2.2764e-13
-2.28072e-13
-2.27151e-13
-2.27534e-13
-2.37542e-13
-2.32593e-13
-2.26557e-13
-2.24573e-13
-2.24914e-13
-2.2597e-13
-2.19635e-13
-2.14301e-13
-2.14538e-13
-2.15502e-13
-2.1555e-13
-2.03566e-13
-1.90419e-13
-1.82318e-13
-1.73677e-13
-1.76074e-13
-1.70872e-13
-1.66742e-13
-1.64493e-13
-1.60616e-13
-1.56082e-13
-1.53696e-13
-1.56047e-13
-1.45802e-13
-1.46474e-13
-1.46895e-13
-1.37697e-13
-1.354e-13
-1.33735e-13
-1.22072e-13
-1.16586e-13
-1.18488e-13
-1.14784e-13
-1.1075e-13
-1.05208e-13
-9.81825e-14
-9.70178e-14
-9.7643e-14
-9.05287e-14
-7.95125e-14
-7.6571e-14
-7.17104e-14
-6.46823e-14
-6.01191e-14
-5.18841e-14
-4.10984e-14
-3.72947e-14
-2.83286e-14
-2.19817e-14
-1.85743e-14
-2.08106e-14
-1.58735e-14
-3.51573e-15
-1.65269e-13
-1.58576e-13
-1.61273e-13
-1.63296e-13
-1.6531e-13
-1.7086e-13
-1.6288e-13
-1.62298e-13
-1.65864e-13
-1.74549e-13
-1.80937e-13
-1.74806e-13
-1.73726e-13
-1.7189e-13
-1.65932e-13
-1.6704e-13
-1.68158e-13
-1.67014e-13
-1.77183e-13
-1.79146e-13
-1.81326e-13
-1.88718e-13
-2.0088e-13
-2.02949e-13
-2.00424e-13
-2.05278e-13
-2.13576e-13
-2.08017e-13
-2.02326e-13
-2.06225e-13
-2.13456e-13
-2.18309e-13
-2.16809e-13
-2.24821e-13
-2.23675e-13
-2.23172e-13
-2.30102e-13
-2.33231e-13
-2.42687e-13
-2.41783e-13
-2.36039e-13
-2.38886e-13
-2.28503e-13
-2.28149e-13
-2.27383e-13
-2.37414e-13
-2.36089e-13
-2.33656e-13
-2.27189e-13
-2.25891e-13
-2.21011e-13
-2.2638e-13
-2.26404e-13
-2.23883e-13
-2.16939e-13
-2.1233e-13
-2.08868e-13
-2.11148e-13
-2.07125e-13
-1.92053e-13
-1.82889e-13
-1.78218e-13
-1.80264e-13
-1.70574e-13
-1.68215e-13
-1.64488e-13
-1.63734e-13
-1.56824e-13
-1.5743e-13
-1.53701e-13
-1.46706e-13
-1.45316e-13
-1.43648e-13
-1.4315e-13
-1.35183e-13
-1.32869e-13
-1.21832e-13
-1.20509e-13
-1.18632e-13
-1.12388e-13
-1.10246e-13
-1.01841e-13
-1.0058e-13
-9.77803e-14
-9.73583e-14
-9.23485e-14
-7.66419e-14
-7.15074e-14
-6.86875e-14
-6.47265e-14
-6.01634e-14
-5.03153e-14
-4.16238e-14
-3.44825e-14
-2.92956e-14
-2.29536e-14
-1.88371e-14
-1.99709e-14
-1.36808e-14
-3.84398e-15
-1.65501e-13
-1.54236e-13
-1.6212e-13
-1.70708e-13
-1.67399e-13
-1.70096e-13
-1.66629e-13
-1.63628e-13
-1.71676e-13
-1.74708e-13
-1.72976e-13
-1.68609e-13
-1.68048e-13
-1.69864e-13
-1.69463e-13
-1.6446e-13
-1.71473e-13
-1.70631e-13
-1.68429e-13
-1.70557e-13
-1.84118e-13
-1.95113e-13
-2.06943e-13
-2.10464e-13
-1.99386e-13
-2.03962e-13
-2.08068e-13
-2.0426e-13
-1.99486e-13
-2.01227e-13
-2.1534e-13
-2.21641e-13
-2.1617e-13
-2.22259e-13
-2.23309e-13
-2.25374e-13
-2.32778e-13
-2.33378e-13
-2.43567e-13
-2.38036e-13
-2.35544e-13
-2.41285e-13
-2.31518e-13
-2.33336e-13
-2.30441e-13
-2.38563e-13
-2.33976e-13
-2.35227e-13
-2.29816e-13
-2.29304e-13
-2.25583e-13
-2.30167e-13
-2.25118e-13
-2.20285e-13
-2.16426e-13
-2.10511e-13
-2.09955e-13
-2.08813e-13
-1.98307e-13
-1.93924e-13
-1.85223e-13
-1.79542e-13
-1.79513e-13
-1.71306e-13
-1.7127e-13
-1.65085e-13
-1.61758e-13
-1.58527e-13
-1.57734e-13
-1.54747e-13
-1.43843e-13
-1.40777e-13
-1.42041e-13
-1.41588e-13
-1.34831e-13
-1.31431e-13
-1.2425e-13
-1.20776e-13
-1.1346e-13
-1.10785e-13
-1.07446e-13
-1.03049e-13
-1.04379e-13
-9.48987e-14
-8.84464e-14
-8.88842e-14
-7.68817e-14
-7.22957e-14
-7.30453e-14
-6.53606e-14
-5.54595e-14
-5.02235e-14
-4.29753e-14
-3.49366e-14
-2.94386e-14
-2.46376e-14
-1.91771e-14
-1.7589e-14
-1.23152e-14
-2.98516e-15
-1.6024e-13
-1.58465e-13
-1.61182e-13
-1.69172e-13
-1.71894e-13
-1.70873e-13
-1.70786e-13
-1.64519e-13
-1.68314e-13
-1.76704e-13
-1.70991e-13
-1.70431e-13
-1.67195e-13
-1.68051e-13
-1.6928e-13
-1.6109e-13
-1.60342e-13
-1.6447e-13
-1.77118e-13
-1.83361e-13
-1.91144e-13
-1.95377e-13
-1.88739e-13
-1.94432e-13
-2.03596e-13
-2.10728e-13
-2.07854e-13
-2.0485e-13
-2.03741e-13
-1.99649e-13
-2.15897e-13
-2.19932e-13
-2.23091e-13
-2.2587e-13
-2.25884e-13
-2.29846e-13
-2.30625e-13
-2.31488e-13
-2.41191e-13
-2.38065e-13
-2.36987e-13
-2.42944e-13
-2.35659e-13
-2.31012e-13
-2.32238e-13
-2.37542e-13
-2.38726e-13
-2.38377e-13
-2.37861e-13
-2.31241e-13
-2.15066e-13
-2.17596e-13
-2.21691e-13
-2.18834e-13
-2.14919e-13
-2.13055e-13
-2.09931e-13
-2.10777e-13
-1.99525e-13
-1.94815e-13
-1.84858e-13
-1.71699e-13
-1.76567e-13
-1.75944e-13
-1.76403e-13
-1.71191e-13
-1.71012e-13
-1.63836e-13
-1.56194e-13
-1.4909e-13
-1.41204e-13
-1.4218e-13
-1.38938e-13
-1.36075e-13
-1.26766e-13
-1.30108e-13
-1.28871e-13
-1.29954e-13
-1.17976e-13
-1.06242e-13
-1.05858e-13
-1.03597e-13
-1.01212e-13
-9.50179e-14
-8.84571e-14
-8.55641e-14
-7.98708e-14
-6.92814e-14
-6.67212e-14
-6.30748e-14
-5.72954e-14
-5.23214e-14
-4.35249e-14
-3.53835e-14
-2.98635e-14
-2.44333e-14
-2.18077e-14
-1.38912e-14
-1.00525e-14
-2.85933e-16
-1.59815e-13
-1.61445e-13
-1.62931e-13
-1.63164e-13
-1.63818e-13
-1.67693e-13
-1.68732e-13
-1.71757e-13
-1.67343e-13
-1.76393e-13
-1.67073e-13
-1.6962e-13
-1.69368e-13
-1.71765e-13
-1.72363e-13
-1.60576e-13
-1.62345e-13
-1.63018e-13
-1.74083e-13
-1.74852e-13
-1.76643e-13
-1.88321e-13
-2.01039e-13
-2.04551e-13
-1.99311e-13
-2.08409e-13
-2.08157e-13
-2.05258e-13
-2.04798e-13
-2.05845e-13
-2.15659e-13
-2.12741e-13
-2.20393e-13
-2.23188e-13
-2.25301e-13
-2.31739e-13
-2.39385e-13
-2.30612e-13
-2.35466e-13
-2.33471e-13
-2.40297e-13
-2.43376e-13
-2.45955e-13
-2.36054e-13
-2.28388e-13
-2.35491e-13
-2.44856e-13
-2.39468e-13
-2.3447e-13
-2.34927e-13
-2.20325e-13
-2.17591e-13
-2.19999e-13
-2.15383e-13
-2.17543e-13
-2.13168e-13
-2.03936e-13
-2.04919e-13
-2.00585e-13
-1.91357e-13
-1.82267e-13
-1.82291e-13
-1.79837e-13
-1.758e-13
-1.75378e-13
-1.69755e-13
-1.66649e-13
-1.6245e-13
-1.56977e-13
-1.49134e-13
-1.42763e-13
-1.42416e-13
-1.42794e-13
-1.44319e-13
-1.35033e-13
-1.30747e-13
-1.26565e-13
-1.23367e-13
-1.1408e-13
-1.06367e-13
-1.02387e-13
-1.02919e-13
-1.00064e-13
-9.52069e-14
-9.21305e-14
-8.46213e-14
-7.75191e-14
-7.00654e-14
-6.63289e-14
-6.23996e-14
-6.04854e-14
-5.31485e-14
-4.08826e-14
-3.10934e-14
-3.05014e-14
-2.48614e-14
-2.56478e-14
-1.1567e-14
-7.42898e-15
-4.19833e-15
-1.58504e-13
-1.58942e-13
-1.60702e-13
-1.62976e-13
-1.65533e-13
-1.6877e-13
-1.68892e-13
-1.71223e-13
-1.71866e-13
-1.67885e-13
-1.70702e-13
-1.70853e-13
-1.75196e-13
-1.72354e-13
-1.64196e-13
-1.58354e-13
-1.63844e-13
-1.71404e-13
-1.73125e-13
-1.71135e-13
-1.82186e-13
-1.92614e-13
-1.94109e-13
-1.96832e-13
-1.98911e-13
-2.07781e-13
-2.07816e-13
-2.04559e-13
-2.0099e-13
-2.13017e-13
-2.1681e-13
-2.15713e-13
-2.24062e-13
-2.28098e-13
-2.27838e-13
-2.29401e-13
-2.31821e-13
-2.32227e-13
-2.35959e-13
-2.40176e-13
-2.41718e-13
-2.39686e-13
-2.46701e-13
-2.38714e-13
-2.35176e-13
-2.34912e-13
-2.39778e-13
-2.35656e-13
-2.32007e-13
-2.33692e-13
-2.28558e-13
-2.25294e-13
-2.19385e-13
-2.16824e-13
-2.16471e-13
-2.16664e-13
-2.0504e-13
-2.00525e-13
-2.0291e-13
-1.87934e-13
-1.79498e-13
-1.81978e-13
-1.86299e-13
-1.81507e-13
-1.79634e-13
-1.74422e-13
-1.68876e-13
-1.59434e-13
-1.58259e-13
-1.54031e-13
-1.44728e-13
-1.41445e-13
-1.37577e-13
-1.39389e-13
-1.30899e-13
-1.29287e-13
-1.30555e-13
-1.26627e-13
-1.11229e-13
-1.03611e-13
-1.01976e-13
-1.01668e-13
-9.79504e-14
-9.49971e-14
-8.76003e-14
-8.78027e-14
-7.79e-14
-6.94742e-14
-6.48201e-14
-5.97327e-14
-5.85029e-14
-5.15932e-14
-4.3383e-14
-3.50792e-14
-3.31111e-14
-2.42362e-14
-2.2211e-14
-1.60934e-14
-1.08879e-14
-3.15689e-15
-1.60827e-13
-1.57035e-13
-1.51689e-13
-1.61041e-13
-1.64604e-13
-1.65276e-13
-1.6827e-13
-1.69555e-13
-1.75818e-13
-1.77951e-13
-1.74882e-13
-1.77417e-13
-1.75474e-13
-1.71115e-13
-1.69023e-13
-1.67211e-13
-1.68504e-13
-1.5993e-13
-1.60503e-13
-1.69495e-13
-1.8235e-13
-1.92086e-13
-1.9416e-13
-2.02302e-13
-2.03542e-13
-2.03515e-13
-2.0283e-13
-2.03146e-13
-2.06997e-13
-2.11601e-13
-2.20529e-13
-2.21438e-13
-2.26819e-13
-2.22664e-13
-2.29053e-13
-2.3258e-13
-2.31432e-13
-2.34689e-13
-2.36554e-13
-2.33392e-13
-2.43094e-13
-2.44659e-13
-2.47846e-13
-2.42134e-13
-2.3834e-13
-2.32635e-13
-2.3642e-13
-2.32517e-13
-2.312e-13
-2.32211e-13
-2.30899e-13
-2.29306e-13
-2.19757e-13
-2.20278e-13
-2.17165e-13
-2.1639e-13
-2.10121e-13
-1.98711e-13
-1.97649e-13
-1.89013e-13
-1.81581e-13
-1.79743e-13
-1.75243e-13
-1.83975e-13
-1.85325e-13
-1.8758e-13
-1.73477e-13
-1.62811e-13
-1.58282e-13
-1.497e-13
-1.4362e-13
-1.38738e-13
-1.38989e-13
-1.3327e-13
-1.33689e-13
-1.34157e-13
-1.3336e-13
-1.23245e-13
-1.10472e-13
-1.11369e-13
-1.07424e-13
-9.91387e-14
-9.21741e-14
-9.11667e-14
-8.74138e-14
-9.00153e-14
-7.38694e-14
-7.13697e-14
-6.73117e-14
-6.46733e-14
-5.55875e-14
-5.11681e-14
-4.72984e-14
-4.06991e-14
-3.68766e-14
-2.39217e-14
-2.08227e-14
-1.59427e-14
-1.43035e-14
-5.19863e-15
-1.57468e-13
-1.56892e-13
-1.58688e-13
-1.55596e-13
-1.61308e-13
-1.70916e-13
-1.72191e-13
-1.72139e-13
-1.77179e-13
-1.72985e-13
-1.72646e-13
-1.75693e-13
-1.72414e-13
-1.59093e-13
-1.60812e-13
-1.713e-13
-1.77703e-13
-1.72631e-13
-1.68251e-13
-1.7186e-13
-1.82835e-13
-1.93759e-13
-1.95989e-13
-1.98086e-13
-2.01917e-13
-2.04632e-13
-2.05674e-13
-2.0427e-13
-2.07559e-13
-2.10837e-13
-2.14475e-13
-2.23235e-13
-2.30676e-13
-2.24983e-13
-2.29324e-13
-2.30074e-13
-2.30956e-13
-2.30483e-13
-2.34314e-13
-2.40403e-13
-2.42679e-13
-2.46815e-13
-2.47137e-13
-2.40687e-13
-2.35074e-13
-2.33414e-13
-2.34866e-13
-2.35966e-13
-2.35458e-13
-2.35054e-13
-2.30638e-13
-2.25895e-13
-2.23643e-13
-2.2402e-13
-2.21674e-13
-2.12503e-13
-2.09415e-13
-1.96486e-13
-1.9717e-13
-1.94144e-13
-1.8954e-13
-1.91689e-13
-1.84527e-13
-1.75687e-13
-1.80349e-13
-1.82552e-13
-1.73953e-13
-1.69238e-13
-1.61145e-13
-1.46474e-13
-1.41792e-13
-1.44385e-13
-1.4081e-13
-1.34284e-13
-1.33291e-13
-1.37445e-13
-1.35319e-13
-1.23776e-13
-1.08256e-13
-1.06165e-13
-9.93131e-14
-9.82253e-14
-9.38059e-14
-9.42091e-14
-8.82899e-14
-9.04696e-14
-7.66382e-14
-7.09678e-14
-6.69267e-14
-6.42776e-14
-5.37665e-14
-5.15431e-14
-4.84987e-14
-4.44875e-14
-4.06768e-14
-2.35484e-14
-2.18871e-14
-2.09392e-14
-1.78186e-14
-7.91572e-15
-1.54422e-13
-1.56052e-13
-1.59237e-13
-1.56494e-13
-1.62094e-13
-1.72102e-13
-1.66925e-13
-1.69953e-13
-1.71165e-13
-1.70936e-13
-1.77568e-13
-1.75034e-13
-1.80769e-13
-1.76782e-13
-1.71116e-13
-1.7073e-13
-1.70722e-13
-1.61739e-13
-1.664e-13
-1.74919e-13
-1.86251e-13
-1.93383e-13
-1.94877e-13
-1.97662e-13
-2.01805e-13
-2.11617e-13
-2.08889e-13
-2.02953e-13
-2.03063e-13
-2.09798e-13
-2.12156e-13
-2.17797e-13
-2.34288e-13
-2.31541e-13
-2.32813e-13
-2.30566e-13
-2.30438e-13
-2.31835e-13
-2.34324e-13
-2.38723e-13
-2.4241e-13
-2.46955e-13
-2.469e-13
-2.41411e-13
-2.34665e-13
-2.35182e-13
-2.35178e-13
-2.36922e-13
-2.37466e-13
-2.31735e-13
-2.34687e-13
-2.31968e-13
-2.29371e-13
-2.23026e-13
-2.22594e-13
-2.17598e-13
-2.10567e-13
-1.99131e-13
-1.96344e-13
-1.97731e-13
-1.87254e-13
-1.79335e-13
-1.82945e-13
-1.8102e-13
-1.86042e-13
-1.85499e-13
-1.77383e-13
-1.74692e-13
-1.62898e-13
-1.46332e-13
-1.41829e-13
-1.40492e-13
-1.39502e-13
-1.33146e-13
-1.36164e-13
-1.42267e-13
-1.37952e-13
-1.22899e-13
-1.04965e-13
-1.08191e-13
-1.03513e-13
-9.87379e-14
-9.05742e-14
-9.04542e-14
-8.71082e-14
-8.52075e-14
-8.16021e-14
-7.41841e-14
-5.97522e-14
-6.37852e-14
-5.95623e-14
-5.30951e-14
-4.85157e-14
-4.14314e-14
-3.96781e-14
-2.64066e-14
-2.88992e-14
-2.00768e-14
-1.41059e-14
-9.94344e-15
-1.54361e-13
-1.57627e-13
-1.64276e-13
-1.55742e-13
-1.59872e-13
-1.63884e-13
-1.76265e-13
-1.78739e-13
-1.80851e-13
-1.72318e-13
-1.72074e-13
-1.67385e-13
-1.64202e-13
-1.68493e-13
-1.72182e-13
-1.72542e-13
-1.71002e-13
-1.65503e-13
-1.6757e-13
-1.84513e-13
-1.88027e-13
-1.94859e-13
-1.93183e-13
-2.01402e-13
-2.05543e-13
-2.07044e-13
-2.06192e-13
-2.10973e-13
-2.08127e-13
-2.07321e-13
-2.12402e-13
-2.18477e-13
-2.25362e-13
-2.2751e-13
-2.23738e-13
-2.28868e-13
-2.3046e-13
-2.28728e-13
-2.33811e-13
-2.3853e-13
-2.47707e-13
-2.44521e-13
-2.45901e-13
-2.4867e-13
-2.40623e-13
-2.35921e-13
-2.36925e-13
-2.36678e-13
-2.37521e-13
-2.37562e-13
-2.37081e-13
-2.29301e-13
-2.30027e-13
-2.27502e-13
-2.18642e-13
-2.10577e-13
-2.15518e-13
-2.10543e-13
-2.07464e-13
-2.03052e-13
-1.94719e-13
-1.928e-13
-1.82994e-13
-1.76202e-13
-1.76837e-13
-1.87195e-13
-1.88119e-13
-1.72605e-13
-1.58346e-13
-1.51267e-13
-1.47865e-13
-1.4768e-13
-1.40547e-13
-1.35106e-13
-1.37958e-13
-1.4119e-13
-1.34271e-13
-1.17998e-13
-1.07758e-13
-1.08082e-13
-1.05415e-13
-9.10136e-14
-8.78588e-14
-9.22721e-14
-8.55969e-14
-8.13937e-14
-8.17433e-14
-7.27728e-14
-6.67676e-14
-6.84799e-14
-5.96599e-14
-5.57441e-14
-4.56569e-14
-4.02112e-14
-3.78954e-14
-3.14824e-14
-2.77503e-14
-1.86922e-14
-1.50459e-14
-8.85409e-15
-1.6027e-13
-1.51674e-13
-1.59386e-13
-1.6128e-13
-1.64807e-13
-1.64447e-13
-1.70081e-13
-1.65607e-13
-1.72475e-13
-1.79479e-13
-1.90762e-13
-1.76493e-13
-1.634e-13
-1.64116e-13
-1.66943e-13
-1.73534e-13
-1.70039e-13
-1.68191e-13
-1.72562e-13
-1.84415e-13
-1.93316e-13
-1.97777e-13
-1.87518e-13
-1.96005e-13
-2.11015e-13
-2.05973e-13
-2.02201e-13
-2.062e-13
-2.08186e-13
-2.12109e-13
-2.11239e-13
-2.1462e-13
-2.28135e-13
-2.32881e-13
-2.29995e-13
-2.31041e-13
-2.26314e-13
-2.26222e-13
-2.29214e-13
-2.3203e-13
-2.51771e-13
-2.49472e-13
-2.48002e-13
-2.46412e-13
-2.37468e-13
-2.38656e-13
-2.39905e-13
-2.32046e-13
-2.37077e-13
-2.38999e-13
-2.36329e-13
-2.36796e-13
-2.30646e-13
-2.26619e-13
-2.25215e-13
-2.18709e-13
-2.13075e-13
-2.0742e-13
-2.02291e-13
-2.00642e-13
-1.98302e-13
-1.98109e-13
-1.88648e-13
-1.80477e-13
-1.803e-13
-1.85357e-13
-1.83155e-13
-1.71251e-13
-1.64654e-13
-1.53095e-13
-1.46545e-13
-1.43756e-13
-1.43821e-13
-1.38836e-13
-1.38613e-13
-1.34454e-13
-1.3447e-13
-1.18737e-13
-1.11264e-13
-1.05394e-13
-1.03117e-13
-9.17193e-14
-8.96113e-14
-9.08772e-14
-8.69084e-14
-8.29201e-14
-7.71588e-14
-7.41589e-14
-6.80403e-14
-6.47407e-14
-6.1317e-14
-4.99388e-14
-4.56108e-14
-3.99152e-14
-3.55167e-14
-3.91202e-14
-3.16318e-14
-2.03783e-14
-1.29861e-14
-6.23669e-15
-1.59234e-13
-1.53225e-13
-1.55282e-13
-1.63368e-13
-1.6447e-13
-1.60675e-13
-1.70497e-13
-1.75826e-13
-1.75725e-13
-1.80296e-13
-1.79286e-13
-1.73238e-13
-1.63851e-13
-1.62633e-13
-1.61268e-13
-1.75084e-13
-1.74325e-13
-1.69122e-13
-1.72835e-13
-1.88107e-13
-1.92653e-13
-2.04367e-13
-1.99451e-13
-1.93075e-13
-2.01055e-13
-1.97388e-13
-2.08007e-13
-2.11236e-13
-2.10938e-13
-2.05331e-13
-2.07769e-13
-2.10534e-13
-2.22958e-13
-2.33776e-13
-2.30036e-13
-2.29355e-13
-2.24213e-13
-2.26001e-13
-2.25004e-13
-2.37779e-13
-2.52904e-13
-2.4957e-13
-2.54006e-13
-2.4652e-13
-2.38757e-13
-2.40145e-13
-2.41883e-13
-2.35325e-13
-2.36125e-13
-2.34067e-13
-2.26953e-13
-2.26019e-13
-2.33197e-13
-2.37849e-13
-2.26063e-13
-2.22174e-13
-2.18908e-13
-2.12268e-13
-2.08565e-13
-2.04992e-13
-1.97573e-13
-1.94282e-13
-1.85236e-13
-1.85675e-13
-1.90583e-13
-1.83941e-13
-1.81758e-13
-1.72403e-13
-1.62573e-13
-1.56642e-13
-1.45442e-13
-1.42642e-13
-1.45157e-13
-1.40393e-13
-1.396e-13
-1.33557e-13
-1.3434e-13
-1.16119e-13
-1.07223e-13
-1.01118e-13
-1.01439e-13
-9.14728e-14
-8.75341e-14
-9.42019e-14
-8.21026e-14
-8.1461e-14
-8.30162e-14
-7.9773e-14
-7.24935e-14
-6.30026e-14
-5.7769e-14
-5.37531e-14
-4.66599e-14
-4.42424e-14
-3.34131e-14
-3.56646e-14
-3.2741e-14
-2.3248e-14
-1.29743e-14
-2.82739e-15
-1.61463e-13
-1.55685e-13
-1.59765e-13
-1.56771e-13
-1.62394e-13
-1.5604e-13
-1.63325e-13
-1.71421e-13
-1.8432e-13
-1.83759e-13
-1.79916e-13
-1.73198e-13
-1.63472e-13
-1.62812e-13
-1.66264e-13
-1.69881e-13
-1.77288e-13
-1.7696e-13
-1.72381e-13
-1.85902e-13
-1.92975e-13
-1.98473e-13
-1.98333e-13
-2.1265e-13
-1.98449e-13
-1.94514e-13
-1.994e-13
-2.02576e-13
-2.05983e-13
-2.02877e-13
-2.11187e-13
-2.17235e-13
-2.19829e-13
-2.29675e-13
-2.33796e-13
-2.3177e-13
-2.23876e-13
-2.2909e-13
-2.22217e-13
-2.41265e-13
-2.51634e-13
-2.4958e-13
-2.45337e-13
-2.43654e-13
-2.38093e-13
-2.44353e-13
-2.41711e-13
-2.31497e-13
-2.29886e-13
-2.35902e-13
-2.34952e-13
-2.31615e-13
-2.31094e-13
-2.34362e-13
-2.23536e-13
-2.21059e-13
-2.21648e-13
-2.1209e-13
-2.07591e-13
-2.07496e-13
-1.9621e-13
-1.95818e-13
-1.90853e-13
-1.90432e-13
-1.88384e-13
-1.85951e-13
-1.79388e-13
-1.67369e-13
-1.68117e-13
-1.58672e-13
-1.46396e-13
-1.45314e-13
-1.38231e-13
-1.42006e-13
-1.39817e-13
-1.34379e-13
-1.26432e-13
-1.20323e-13
-1.07104e-13
-1.01458e-13
-1.0131e-13
-9.7715e-14
-9.30468e-14
-8.63911e-14
-7.96795e-14
-8.56943e-14
-8.0496e-14
-7.69736e-14
-7.10137e-14
-6.42818e-14
-6.37776e-14
-5.42059e-14
-5.18958e-14
-4.54847e-14
-3.19935e-14
-3.32928e-14
-3.1774e-14
-2.41625e-14
-1.4366e-14
-4.70192e-15
-1.55217e-13
-1.55342e-13
-1.6376e-13
-1.64606e-13
-1.6312e-13
-1.69864e-13
-1.7126e-13
-1.70817e-13
-1.70882e-13
-1.74251e-13
-1.72547e-13
-1.75229e-13
-1.70474e-13
-1.70779e-13
-1.70446e-13
-1.68279e-13
-1.6692e-13
-1.73867e-13
-1.77675e-13
-1.91414e-13
-1.98102e-13
-1.98362e-13
-1.97466e-13
-2.02216e-13
-2.01835e-13
-2.04186e-13
-2.03359e-13
-2.04197e-13
-2.06815e-13
-2.05169e-13
-2.09403e-13
-2.17942e-13
-2.23131e-13
-2.25199e-13
-2.27102e-13
-2.28106e-13
-2.20897e-13
-2.32405e-13
-2.32759e-13
-2.38443e-13
-2.44856e-13
-2.43898e-13
-2.43321e-13
-2.41962e-13
-2.36024e-13
-2.49105e-13
-2.52708e-13
-2.33533e-13
-2.29169e-13
-2.34309e-13
-2.34151e-13
-2.26211e-13
-2.28043e-13
-2.30683e-13
-2.29144e-13
-2.28711e-13
-2.19601e-13
-2.12434e-13
-2.06343e-13
-2.02113e-13
-1.9843e-13
-1.94522e-13
-1.9212e-13
-1.90973e-13
-1.88981e-13
-1.88655e-13
-1.80486e-13
-1.76395e-13
-1.64796e-13
-1.53908e-13
-1.52922e-13
-1.49047e-13
-1.37632e-13
-1.43829e-13
-1.36997e-13
-1.30521e-13
-1.26684e-13
-1.21923e-13
-1.09648e-13
-1.03371e-13
-1.00771e-13
-1.02691e-13
-9.62297e-14
-9.14402e-14
-8.15474e-14
-8.36004e-14
-8.23222e-14
-8.33824e-14
-7.67825e-14
-6.70329e-14
-6.06448e-14
-5.47491e-14
-4.91327e-14
-4.22059e-14
-3.68777e-14
-3.04106e-14
-2.77436e-14
-2.34052e-14
-1.68648e-14
-6.41095e-15
-1.56647e-13
-1.54153e-13
-1.63069e-13
-1.64682e-13
-1.62238e-13
-1.63823e-13
-1.68272e-13
-1.73451e-13
-1.75931e-13
-1.78196e-13
-1.77147e-13
-1.69793e-13
-1.70525e-13
-1.76636e-13
-1.66384e-13
-1.6901e-13
-1.72802e-13
-1.75003e-13
-1.80399e-13
-1.88708e-13
-1.97156e-13
-2.00347e-13
-2.01419e-13
-2.01708e-13
-1.98521e-13
-2.05323e-13
-2.03847e-13
-2.01487e-13
-1.99548e-13
-2.02705e-13
-2.02643e-13
-2.18656e-13
-2.29009e-13
-2.29633e-13
-2.32596e-13
-2.28888e-13
-2.25235e-13
-2.27278e-13
-2.26209e-13
-2.371e-13
-2.43759e-13
-2.43897e-13
-2.4171e-13
-2.48645e-13
-2.38997e-13
-2.50856e-13
-2.40692e-13
-2.36177e-13
-2.3404e-13
-2.30017e-13
-2.27897e-13
-2.3266e-13
-2.34832e-13
-2.29219e-13
-2.20356e-13
-2.19487e-13
-2.1997e-13
-2.23923e-13
-2.09858e-13
-1.98438e-13
-2.05366e-13
-2.01477e-13
-1.90679e-13
-1.8754e-13
-1.82094e-13
-1.83844e-13
-1.82524e-13
-1.79385e-13
-1.65389e-13
-1.52832e-13
-1.51866e-13
-1.52677e-13
-1.39774e-13
-1.40732e-13
-1.36718e-13
-1.32408e-13
-1.29595e-13
-1.24306e-13
-1.12612e-13
-1.09446e-13
-9.80789e-14
-1.05161e-13
-1.01691e-13
-9.69639e-14
-8.41178e-14
-8.49708e-14
-8.06255e-14
-8.25588e-14
-7.62769e-14
-6.76014e-14
-6.06507e-14
-6.20114e-14
-5.09826e-14
-4.40145e-14
-4.13055e-14
-2.68164e-14
-2.39075e-14
-1.92887e-14
-1.80706e-14
-5.50412e-15
-1.59432e-13
-1.57451e-13
-1.58862e-13
-1.5992e-13
-1.60905e-13
-1.68493e-13
-1.69858e-13
-1.73835e-13
-1.7578e-13
-1.75101e-13
-1.74275e-13
-1.7259e-13
-1.64625e-13
-1.71404e-13
-1.71077e-13
-1.72854e-13
-1.7634e-13
-1.82227e-13
-1.8304e-13
-1.84586e-13
-1.86889e-13
-2.02977e-13
-2.03803e-13
-2.07931e-13
-2.06161e-13
-2.04011e-13
-1.99022e-13
-1.98681e-13
-2.02841e-13
-2.06462e-13
-2.10106e-13
-2.16838e-13
-2.27356e-13
-2.22742e-13
-2.31192e-13
-2.30058e-13
-2.23569e-13
-2.24839e-13
-2.29615e-13
-2.41734e-13
-2.47069e-13
-2.43353e-13
-2.38289e-13
-2.43904e-13
-2.40512e-13
-2.48912e-13
-2.41545e-13
-2.38016e-13
-2.30124e-13
-2.33238e-13
-2.33502e-13
-2.31978e-13
-2.29843e-13
-2.29136e-13
-2.28435e-13
-2.21215e-13
-2.17089e-13
-2.12953e-13
-2.08634e-13
-2.05842e-13
-2.05667e-13
-1.99936e-13
-1.89248e-13
-1.8911e-13
-1.90553e-13
-1.88548e-13
-1.81452e-13
-1.76103e-13
-1.72023e-13
-1.5856e-13
-1.56085e-13
-1.50424e-13
-1.38643e-13
-1.39253e-13
-1.33849e-13
-1.34528e-13
-1.26809e-13
-1.22976e-13
-1.17974e-13
-1.10069e-13
-1.07541e-13
-1.03721e-13
-1.03849e-13
-9.7906e-14
-9.30304e-14
-8.87897e-14
-8.61183e-14
-8.25298e-14
-7.59203e-14
-7.281e-14
-6.60279e-14
-5.78029e-14
-4.9017e-14
-4.52417e-14
-3.3467e-14
-2.99223e-14
-3.19329e-14
-1.82241e-14
-1.71753e-14
-3.72256e-15
-1.5168e-13
-1.52826e-13
-1.61472e-13
-1.64851e-13
-1.65722e-13
-1.71594e-13
-1.76579e-13
-1.71897e-13
-1.75585e-13
-1.71078e-13
-1.7765e-13
-1.71885e-13
-1.68905e-13
-1.685e-13
-1.69602e-13
-1.79818e-13
-1.8327e-13
-1.82245e-13
-1.8236e-13
-1.81782e-13
-1.87872e-13
-2.00553e-13
-2.02962e-13
-2.02181e-13
-2.03518e-13
-2.09451e-13
-2.01122e-13
-1.98425e-13
-2.04942e-13
-2.07193e-13
-2.09905e-13
-2.17435e-13
-2.29842e-13
-2.27596e-13
-2.3261e-13
-2.28109e-13
-2.25538e-13
-2.30346e-13
-2.33212e-13
-2.34155e-13
-2.45892e-13
-2.40754e-13
-2.39268e-13
-2.38714e-13
-2.39443e-13
-2.4109e-13
-2.40297e-13
-2.41352e-13
-2.3335e-13
-2.34249e-13
-2.31553e-13
-2.3213e-13
-2.24856e-13
-2.27787e-13
-2.27015e-13
-2.25989e-13
-2.18454e-13
-2.11192e-13
-2.08518e-13
-2.03361e-13
-2.02441e-13
-1.95149e-13
-1.93225e-13
-1.93171e-13
-1.96454e-13
-1.90279e-13
-1.82857e-13
-1.77646e-13
-1.74863e-13
-1.61551e-13
-1.51125e-13
-1.44939e-13
-1.38721e-13
-1.37444e-13
-1.36897e-13
-1.36758e-13
-1.30237e-13
-1.32726e-13
-1.18676e-13
-1.08797e-13
-1.0894e-13
-1.05042e-13
-1.0493e-13
-9.926e-14
-8.78946e-14
-8.62277e-14
-8.82636e-14
-8.34533e-14
-7.89243e-14
-7.50184e-14
-7.17236e-14
-5.67314e-14
-4.60408e-14
-4.34918e-14
-4.00383e-14
-3.30509e-14
-3.15505e-14
-2.12727e-14
-1.53374e-14
-2.5277e-15
-1.47175e-13
-1.52797e-13
-1.61254e-13
-1.6307e-13
-1.74385e-13
-1.7301e-13
-1.73392e-13
-1.72746e-13
-1.74095e-13
-1.74647e-13
-1.77009e-13
-1.7258e-13
-1.70287e-13
-1.69637e-13
-1.67855e-13
-1.72933e-13
-1.79986e-13
-1.92061e-13
-1.88574e-13
-1.90462e-13
-1.87814e-13
-1.98682e-13
-2.06083e-13
-2.08052e-13
-2.01009e-13
-2.04416e-13
-2.04647e-13
-2.05184e-13
-2.08798e-13
-2.07211e-13
-2.09331e-13
-2.16778e-13
-2.31047e-13
-2.32804e-13
-2.35732e-13
-2.26293e-13
-2.25115e-13
-2.312e-13
-2.3133e-13
-2.37835e-13
-2.39481e-13
-2.39497e-13
-2.41863e-13
-2.38003e-13
-2.38342e-13
-2.36746e-13
-2.39451e-13
-2.41498e-13
-2.34759e-13
-2.31925e-13
-2.3072e-13
-2.3017e-13
-2.21341e-13
-2.22915e-13
-2.20367e-13
-2.20834e-13
-2.1796e-13
-2.17245e-13
-2.09749e-13
-2.00225e-13
-1.96458e-13
-1.93808e-13
-1.99927e-13
-1.97877e-13
-1.94873e-13
-1.91277e-13
-1.84263e-13
-1.80193e-13
-1.75415e-13
-1.61591e-13
-1.51735e-13
-1.44457e-13
-1.44594e-13
-1.35445e-13
-1.36325e-13
-1.3861e-13
-1.2885e-13
-1.23982e-13
-1.19491e-13
-1.18218e-13
-1.17007e-13
-1.05994e-13
-1.02312e-13
-1.02506e-13
-9.63367e-14
-9.63839e-14
-8.76382e-14
-8.25001e-14
-7.72017e-14
-7.44458e-14
-6.55101e-14
-5.85831e-14
-4.77265e-14
-4.27196e-14
-4.49476e-14
-3.68007e-14
-2.7883e-14
-2.20881e-14
-7.04953e-15
-9.76796e-16
-1.51231e-13
-1.53949e-13
-1.56218e-13
-1.70248e-13
-1.74887e-13
-1.70924e-13
-1.71691e-13
-1.73057e-13
-1.72665e-13
-1.69435e-13
-1.78225e-13
-1.72366e-13
-1.70175e-13
-1.71332e-13
-1.74098e-13
-1.83332e-13
-1.85985e-13
-1.89853e-13
-1.80271e-13
-1.8199e-13
-1.94495e-13
-2.00346e-13
-1.98689e-13
-2.03364e-13
-2.00721e-13
-2.00197e-13
-2.04592e-13
-2.14513e-13
-2.15576e-13
-2.1698e-13
-2.15436e-13
-2.15182e-13
-2.18859e-13
-2.27801e-13
-2.28691e-13
-2.32291e-13
-2.35558e-13
-2.37366e-13
-2.34897e-13
-2.38608e-13
-2.33027e-13
-2.3489e-13
-2.38341e-13
-2.36803e-13
-2.36735e-13
-2.34424e-13
-2.35795e-13
-2.38409e-13
-2.37598e-13
-2.35545e-13
-2.31289e-13
-2.24052e-13
-2.17166e-13
-2.25594e-13
-2.16453e-13
-2.17786e-13
-2.18117e-13
-2.09791e-13
-2.06967e-13
-1.98827e-13
-1.93483e-13
-2.00223e-13
-2.00143e-13
-1.96035e-13
-1.89579e-13
-1.91089e-13
-1.8625e-13
-1.7703e-13
-1.75909e-13
-1.64256e-13
-1.49914e-13
-1.41629e-13
-1.42159e-13
-1.37304e-13
-1.38212e-13
-1.42705e-13
-1.36558e-13
-1.26251e-13
-1.17905e-13
-1.12799e-13
-1.13221e-13
-1.10202e-13
-1.07994e-13
-1.03251e-13
-9.76059e-14
-9.22117e-14
-8.67764e-14
-8.70462e-14
-7.74889e-14
-8.01194e-14
-6.39614e-14
-5.78771e-14
-5.30833e-14
-4.38231e-14
-4.32076e-14
-3.20915e-14
-2.79883e-14
-2.6336e-14
-1.27949e-14
-4.92185e-15
-1.53809e-13
-1.52128e-13
-1.49588e-13
-1.6783e-13
-1.75274e-13
-1.73316e-13
-1.73079e-13
-1.80434e-13
-1.7835e-13
-1.66338e-13
-1.75006e-13
-1.7068e-13
-1.71756e-13
-1.74982e-13
-1.7372e-13
-1.80982e-13
-1.7849e-13
-1.82678e-13
-1.83332e-13
-1.83618e-13
-2.00114e-13
-2.04097e-13
-2.01232e-13
-2.00044e-13
-2.07679e-13
-2.08431e-13
-2.05259e-13
-2.097e-13
-2.16156e-13
-2.12898e-13
-2.14093e-13
-2.1912e-13
-2.25226e-13
-2.30913e-13
-2.2886e-13
-2.33611e-13
-2.33256e-13
-2.35981e-13
-2.34562e-13
-2.33757e-13
-2.34848e-13
-2.39028e-13
-2.43641e-13
-2.38027e-13
-2.32776e-13
-2.31433e-13
-2.38207e-13
-2.39275e-13
-2.31778e-13
-2.26877e-13
-2.25645e-13
-2.22015e-13
-2.21378e-13
-2.22715e-13
-2.15605e-13
-2.15805e-13
-2.16223e-13
-2.10617e-13
-2.04028e-13
-1.98285e-13
-1.97577e-13
-1.96444e-13
-1.96859e-13
-1.98075e-13
-1.92988e-13
-1.93381e-13
-1.85502e-13
-1.74614e-13
-1.75291e-13
-1.6239e-13
-1.49093e-13
-1.47299e-13
-1.4625e-13
-1.44329e-13
-1.37906e-13
-1.38997e-13
-1.35732e-13
-1.22734e-13
-1.16546e-13
-1.17098e-13
-1.16138e-13
-1.12543e-13
-1.07061e-13
-1.04841e-13
-1.02534e-13
-9.50451e-14
-9.20601e-14
-8.596e-14
-7.86118e-14
-7.63039e-14
-6.63928e-14
-5.80445e-14
-5.43239e-14
-4.32642e-14
-4.10414e-14
-2.88296e-14
-2.70248e-14
-2.6885e-14
-1.47697e-14
-2.17357e-15
-1.45687e-13
-1.53589e-13
-1.64986e-13
-1.77532e-13
-1.75134e-13
-1.71145e-13
-1.65182e-13
-1.62449e-13
-1.77236e-13
-1.7691e-13
-1.78231e-13
-1.70674e-13
-1.76285e-13
-1.79408e-13
-1.70717e-13
-1.74797e-13
-1.83121e-13
-1.90959e-13
-1.91646e-13
-1.84108e-13
-1.91813e-13
-2.01645e-13
-2.02356e-13
-2.04887e-13
-2.07671e-13
-2.01824e-13
-1.97434e-13
-2.0975e-13
-2.1763e-13
-2.12858e-13
-2.13673e-13
-2.20603e-13
-2.2905e-13
-2.29905e-13
-2.35893e-13
-2.36085e-13
-2.34496e-13
-2.40026e-13
-2.38188e-13
-2.40935e-13
-2.31363e-13
-2.36925e-13
-2.37819e-13
-2.35633e-13
-2.35577e-13
-2.32534e-13
-2.3305e-13
-2.31177e-13
-2.3153e-13
-2.23951e-13
-2.29528e-13
-2.22453e-13
-2.20059e-13
-2.1781e-13
-2.16673e-13
-2.17364e-13
-2.13159e-13
-2.08299e-13
-2.04719e-13
-2.01094e-13
-1.97864e-13
-2.01584e-13
-1.92668e-13
-1.96035e-13
-1.9071e-13
-1.87915e-13
-1.85274e-13
-1.71929e-13
-1.76366e-13
-1.62785e-13
-1.50731e-13
-1.48545e-13
-1.49357e-13
-1.44805e-13
-1.38673e-13
-1.38595e-13
-1.32431e-13
-1.28255e-13
-1.25192e-13
-1.18309e-13
-1.12616e-13
-1.12261e-13
-1.06656e-13
-1.09875e-13
-1.04623e-13
-9.44085e-14
-9.26991e-14
-9.33529e-14
-7.69681e-14
-7.3142e-14
-7.00598e-14
-6.07184e-14
-5.47016e-14
-4.95506e-14
-3.60546e-14
-3.10809e-14
-2.4653e-14
-2.56826e-14
-1.10319e-14
-2.67167e-15
-1.44886e-13
-1.47145e-13
-1.65173e-13
-1.74319e-13
-1.70666e-13
-1.67949e-13
-1.68459e-13
-1.70499e-13
-1.74645e-13
-1.73348e-13
-1.75605e-13
-1.73491e-13
-1.74054e-13
-1.72501e-13
-1.7786e-13
-1.80903e-13
-1.84973e-13
-1.86267e-13
-1.8761e-13
-1.81621e-13
-1.91777e-13
-2.06528e-13
-2.06854e-13
-2.08849e-13
-2.05627e-13
-2.03283e-13
-2.10139e-13
-2.08641e-13
-2.0869e-13
-2.09458e-13
-2.1687e-13
-2.19037e-13
-2.24967e-13
-2.29469e-13
-2.37291e-13
-2.40123e-13
-2.39742e-13
-2.41182e-13
-2.37709e-13
-2.42316e-13
-2.37506e-13
-2.34993e-13
-2.34969e-13
-2.36979e-13
-2.38533e-13
-2.27116e-13
-2.2494e-13
-2.27395e-13
-2.32125e-13
-2.27736e-13
-2.29941e-13
-2.2655e-13
-2.19302e-13
-2.19257e-13
-2.12657e-13
-2.11618e-13
-2.17215e-13
-2.07906e-13
-2.08213e-13
-1.99127e-13
-1.95613e-13
-1.96535e-13
-1.93356e-13
-1.98285e-13
-1.94334e-13
-1.88478e-13
-1.83864e-13
-1.77549e-13
-1.75347e-13
-1.5902e-13
-1.5508e-13
-1.49099e-13
-1.4436e-13
-1.43822e-13
-1.43157e-13
-1.39111e-13
-1.30476e-13
-1.25504e-13
-1.27009e-13
-1.21695e-13
-1.14889e-13
-1.07766e-13
-1.073e-13
-1.10842e-13
-1.0797e-13
-1.03148e-13
-9.55742e-14
-8.80382e-14
-7.35759e-14
-7.80658e-14
-7.50218e-14
-6.2225e-14
-5.63822e-14
-4.96368e-14
-3.85117e-14
-3.0496e-14
-2.62288e-14
-2.22876e-14
-1.3787e-14
-5.38646e-15
-1.46729e-13
-1.51037e-13
-1.60096e-13
-1.69229e-13
-1.66054e-13
-1.62337e-13
-1.61392e-13
-1.68809e-13
-1.6749e-13
-1.7214e-13
-1.76119e-13
-1.76576e-13
-1.79855e-13
-1.78147e-13
-1.7367e-13
-1.80342e-13
-1.83105e-13
-1.77904e-13
-1.85165e-13
-1.95712e-13
-1.96903e-13
-2.02471e-13
-2.07504e-13
-2.12462e-13
-2.11513e-13
-2.07865e-13
-2.07427e-13
-2.05812e-13
-2.03487e-13
-2.03718e-13
-2.22924e-13
-2.35173e-13
-2.31301e-13
-2.22838e-13
-2.27362e-13
-2.38387e-13
-2.39124e-13
-2.3687e-13
-2.35675e-13
-2.42757e-13
-2.46131e-13
-2.4475e-13
-2.41447e-13
-2.31408e-13
-2.36309e-13
-2.28597e-13
-2.29968e-13
-2.22825e-13
-2.27184e-13
-2.26975e-13
-2.28101e-13
-2.23156e-13
-2.19894e-13
-2.18865e-13
-2.09707e-13
-2.15806e-13
-2.17685e-13
-2.11064e-13
-2.03055e-13
-2.00577e-13
-1.95837e-13
-1.93458e-13
-1.94465e-13
-1.96101e-13
-1.92886e-13
-1.88115e-13
-1.84464e-13
-1.75632e-13
-1.71307e-13
-1.65146e-13
-1.62483e-13
-1.46891e-13
-1.47717e-13
-1.43773e-13
-1.44076e-13
-1.37186e-13
-1.33281e-13
-1.33374e-13
-1.24785e-13
-1.20224e-13
-1.1662e-13
-1.08025e-13
-1.11321e-13
-1.07726e-13
-1.02617e-13
-1.0172e-13
-9.66713e-14
-8.97341e-14
-7.89909e-14
-7.72373e-14
-7.10691e-14
-6.64926e-14
-5.82987e-14
-5.44098e-14
-4.05555e-14
-3.47174e-14
-2.70084e-14
-2.19809e-14
-1.57177e-14
-5.493e-15
-1.46231e-13
-1.44921e-13
-1.56401e-13
-1.57192e-13
-1.64107e-13
-1.71128e-13
-1.74995e-13
-1.68417e-13
-1.61291e-13
-1.68565e-13
-1.75074e-13
-1.74057e-13
-1.7578e-13
-1.70451e-13
-1.75962e-13
-1.82412e-13
-1.87981e-13
-1.77829e-13
-1.8107e-13
-1.9659e-13
-2.03633e-13
-2.01725e-13
-2.04558e-13
-2.09776e-13
-2.05773e-13
-2.05473e-13
-2.14854e-13
-2.14358e-13
-2.0784e-13
-2.11041e-13
-2.20283e-13
-2.21802e-13
-2.29715e-13
-2.35084e-13
-2.3757e-13
-2.44652e-13
-2.37683e-13
-2.34925e-13
-2.33508e-13
-2.42446e-13
-2.51762e-13
-2.4449e-13
-2.42491e-13
-2.33878e-13
-2.31127e-13
-2.30565e-13
-2.27455e-13
-2.21819e-13
-2.30192e-13
-2.31561e-13
-2.30277e-13
-2.20554e-13
-2.17026e-13
-2.15027e-13
-2.09232e-13
-2.10893e-13
-2.14045e-13
-2.12305e-13
-2.06537e-13
-2.0275e-13
-1.93395e-13
-1.94099e-13
-1.96067e-13
-1.95315e-13
-1.90908e-13
-1.85599e-13
-1.82732e-13
-1.76633e-13
-1.72396e-13
-1.66887e-13
-1.58096e-13
-1.47785e-13
-1.50041e-13
-1.46565e-13
-1.41694e-13
-1.33389e-13
-1.36302e-13
-1.31092e-13
-1.25169e-13
-1.23986e-13
-1.21081e-13
-1.10897e-13
-1.05246e-13
-1.05703e-13
-1.01594e-13
-9.83252e-14
-9.78854e-14
-9.62431e-14
-8.62178e-14
-8.11913e-14
-7.47238e-14
-6.63024e-14
-5.77708e-14
-5.43198e-14
-4.64694e-14
-3.67577e-14
-2.80644e-14
-2.71291e-14
-1.8321e-14
-5.98491e-15
-1.46445e-13
-1.49416e-13
-1.55694e-13
-1.56882e-13
-1.56723e-13
-1.65179e-13
-1.64483e-13
-1.66234e-13
-1.6683e-13
-1.67188e-13
-1.72765e-13
-1.73739e-13
-1.76695e-13
-1.76289e-13
-1.71473e-13
-1.68189e-13
-1.76321e-13
-1.88979e-13
-1.90327e-13
-1.91775e-13
-1.97364e-13
-2.05607e-13
-2.09927e-13
-2.12739e-13
-2.09507e-13
-2.08612e-13
-2.10435e-13
-2.09612e-13
-2.1124e-13
-2.15027e-13
-2.18487e-13
-2.22518e-13
-2.28702e-13
-2.33084e-13
-2.37195e-13
-2.41722e-13
-2.385e-13
-2.36162e-13
-2.42059e-13
-2.52349e-13
-2.50628e-13
-2.45524e-13
-2.37765e-13
-2.31007e-13
-2.31326e-13
-2.31141e-13
-2.2874e-13
-2.26784e-13
-2.36599e-13
-2.3251e-13
-2.27499e-13
-2.17313e-13
-2.18208e-13
-2.19004e-13
-2.13587e-13
-2.12605e-13
-2.10775e-13
-2.07294e-13
-2.03941e-13
-2.00044e-13
-1.95597e-13
-1.94251e-13
-1.97332e-13
-1.92522e-13
-1.91207e-13
-1.91268e-13
-1.89401e-13
-1.80543e-13
-1.73486e-13
-1.63391e-13
-1.54951e-13
-1.49582e-13
-1.48419e-13
-1.45919e-13
-1.42102e-13
-1.41481e-13
-1.3588e-13
-1.30768e-13
-1.2733e-13
-1.2764e-13
-1.19988e-13
-1.13148e-13
-1.08276e-13
-1.03896e-13
-1.01471e-13
-9.72004e-14
-9.61733e-14
-9.76616e-14
-8.66537e-14
-8.04021e-14
-8.13884e-14
-7.17685e-14
-5.84573e-14
-5.25073e-14
-4.81688e-14
-3.86104e-14
-3.16358e-14
-3.23416e-14
-2.62564e-14
-6.24711e-15
-1.48916e-13
-1.47965e-13
-1.49385e-13
-1.6011e-13
-1.57571e-13
-1.6146e-13
-1.63636e-13
-1.64904e-13
-1.66289e-13
-1.63289e-13
-1.65897e-13
-1.72678e-13
-1.72232e-13
-1.75307e-13
-1.76443e-13
-1.7548e-13
-1.74966e-13
-1.84199e-13
-1.87736e-13
-1.9112e-13
-1.98329e-13
-2.10482e-13
-2.11361e-13
-2.13837e-13
-2.08671e-13
-2.02652e-13
-2.03908e-13
-2.05189e-13
-2.13e-13
-2.21061e-13
-2.20054e-13
-2.18396e-13
-2.22706e-13
-2.35255e-13
-2.42687e-13
-2.44896e-13
-2.43463e-13
-2.39907e-13
-2.42894e-13
-2.46648e-13
-2.47351e-13
-2.44263e-13
-2.39159e-13
-2.35275e-13
-2.30777e-13
-2.31579e-13
-2.33135e-13
-2.2944e-13
-2.3189e-13
-2.29426e-13
-2.25641e-13
-2.13791e-13
-2.18963e-13
-2.24777e-13
-2.17361e-13
-2.12069e-13
-2.11523e-13
-2.01118e-13
-2.00886e-13
-2.00897e-13
-1.96228e-13
-1.9338e-13
-1.97735e-13
-1.9384e-13
-1.92986e-13
-1.86674e-13
-1.80399e-13
-1.81055e-13
-1.79486e-13
-1.68339e-13
-1.53951e-13
-1.50042e-13
-1.50756e-13
-1.46788e-13
-1.44687e-13
-1.4698e-13
-1.39732e-13
-1.32686e-13
-1.25014e-13
-1.20156e-13
-1.18413e-13
-1.12419e-13
-1.0592e-13
-1.05092e-13
-9.91776e-14
-1.0081e-13
-1.00981e-13
-9.80592e-14
-8.59804e-14
-8.10336e-14
-8.10038e-14
-7.7461e-14
-6.39403e-14
-6.1842e-14
-5.47746e-14
-3.61616e-14
-3.02967e-14
-3.39526e-14
-2.33072e-14
-6.26415e-15
-1.48032e-13
-1.4655e-13
-1.49486e-13
-1.53983e-13
-1.51188e-13
-1.60738e-13
-1.60959e-13
-1.63504e-13
-1.61696e-13
-1.70979e-13
-1.70255e-13
-1.73101e-13
-1.68428e-13
-1.69564e-13
-1.64806e-13
-1.70609e-13
-1.78109e-13
-1.88594e-13
-1.91016e-13
-1.90789e-13
-1.92385e-13
-2.09037e-13
-2.13037e-13
-2.04277e-13
-2.06858e-13
-2.05309e-13
-2.03923e-13
-2.10841e-13
-2.19096e-13
-2.24401e-13
-2.21053e-13
-2.18463e-13
-2.18987e-13
-2.27456e-13
-2.39927e-13
-2.4836e-13
-2.52564e-13
-2.42399e-13
-2.41301e-13
-2.4642e-13
-2.45855e-13
-2.44874e-13
-2.3583e-13
-2.32585e-13
-2.24563e-13
-2.25483e-13
-2.32475e-13
-2.3458e-13
-2.33719e-13
-2.32249e-13
-2.25629e-13
-2.1663e-13
-2.22068e-13
-2.19457e-13
-2.16079e-13
-2.16927e-13
-2.10268e-13
-2.02607e-13
-1.97645e-13
-1.99536e-13
-1.94323e-13
-1.91496e-13
-1.95941e-13
-1.9352e-13
-1.87085e-13
-1.91341e-13
-1.85276e-13
-1.84596e-13
-1.7844e-13
-1.61626e-13
-1.50599e-13
-1.51724e-13
-1.51182e-13
-1.48568e-13
-1.46948e-13
-1.49939e-13
-1.47246e-13
-1.32662e-13
-1.27801e-13
-1.16569e-13
-1.17784e-13
-1.13312e-13
-1.07342e-13
-1.08047e-13
-9.82061e-14
-9.58149e-14
-1.02735e-13
-1.01738e-13
-8.80581e-14
-8.47165e-14
-8.24053e-14
-7.98836e-14
-6.68165e-14
-5.51003e-14
-4.60777e-14
-3.4486e-14
-3.83512e-14
-3.46277e-14
-2.07605e-14
-7.6658e-15
-1.44082e-13
-1.43646e-13
-1.44139e-13
-1.54339e-13
-1.56471e-13
-1.56626e-13
-1.5601e-13
-1.58191e-13
-1.59278e-13
-1.71383e-13
-1.70109e-13
-1.69272e-13
-1.67605e-13
-1.66322e-13
-1.62788e-13
-1.72337e-13
-1.77784e-13
-1.86703e-13
-1.89407e-13
-1.8839e-13
-1.92023e-13
-2.05629e-13
-2.10358e-13
-2.08411e-13
-2.06776e-13
-2.04607e-13
-2.03796e-13
-2.08292e-13
-2.1569e-13
-2.15751e-13
-2.20058e-13
-2.23215e-13
-2.25304e-13
-2.31084e-13
-2.42771e-13
-2.43685e-13
-2.4163e-13
-2.39356e-13
-2.39741e-13
-2.47607e-13
-2.5284e-13
-2.44824e-13
-2.37902e-13
-2.34739e-13
-2.23165e-13
-2.2428e-13
-2.3091e-13
-2.3398e-13
-2.3393e-13
-2.31833e-13
-2.21201e-13
-2.19517e-13
-2.23679e-13
-2.24444e-13
-2.18874e-13
-2.15784e-13
-2.12551e-13
-2.03015e-13
-1.97818e-13
-2.01451e-13
-1.92286e-13
-1.84807e-13
-1.89162e-13
-1.85545e-13
-1.83843e-13
-1.9083e-13
-1.89644e-13
-1.79932e-13
-1.73865e-13
-1.66972e-13
-1.6113e-13
-1.61392e-13
-1.48395e-13
-1.49346e-13
-1.51049e-13
-1.50752e-13
-1.43236e-13
-1.2867e-13
-1.20197e-13
-1.16642e-13
-1.17559e-13
-1.13757e-13
-1.12882e-13
-1.03188e-13
-1.01915e-13
-9.48652e-14
-1.01926e-13
-9.98711e-14
-9.41773e-14
-8.8008e-14
-8.41182e-14
-8.18862e-14
-6.57439e-14
-5.78124e-14
-5.04616e-14
-4.80805e-14
-4.13028e-14
-3.54673e-14
-1.56825e-14
-6.37394e-15
-1.48113e-13
-1.42189e-13
-1.44813e-13
-1.47897e-13
-1.43567e-13
-1.53513e-13
-1.50292e-13
-1.5349e-13
-1.50007e-13
-1.67105e-13
-1.70152e-13
-1.70081e-13
-1.73939e-13
-1.65868e-13
-1.6275e-13
-1.69673e-13
-1.76599e-13
-1.84444e-13
-1.8447e-13
-1.84316e-13
-1.94175e-13
-2.09297e-13
-2.08016e-13
-2.07406e-13
-2.04405e-13
-2.01775e-13
-2.03403e-13
-2.07573e-13
-2.129e-13
-2.16949e-13
-2.24194e-13
-2.25493e-13
-2.24903e-13
-2.29757e-13
-2.29537e-13
-2.45759e-13
-2.46356e-13
-2.35877e-13
-2.33385e-13
-2.43716e-13
-2.53666e-13
-2.44682e-13
-2.34039e-13
-2.3017e-13
-2.24254e-13
-2.28916e-13
-2.2927e-13
-2.33101e-13
-2.33515e-13
-2.34481e-13
-2.24011e-13
-2.22966e-13
-2.25552e-13
-2.18775e-13
-2.16325e-13
-2.17163e-13
-2.16643e-13
-2.0044e-13
-1.97916e-13
-1.93522e-13
-1.90565e-13
-1.89166e-13
-1.91573e-13
-1.88314e-13
-1.87042e-13
-1.84537e-13
-1.81738e-13
-1.76723e-13
-1.73166e-13
-1.7128e-13
-1.63757e-13
-1.5956e-13
-1.59022e-13
-1.57443e-13
-1.50937e-13
-1.461e-13
-1.38409e-13
-1.3508e-13
-1.29045e-13
-1.157e-13
-1.15764e-13
-1.11889e-13
-1.09154e-13
-1.00947e-13
-1.05471e-13
-1.0662e-13
-1.02455e-13
-1.02212e-13
-9.55603e-14
-8.83461e-14
-8.69387e-14
-8.68822e-14
-7.17403e-14
-5.67952e-14
-4.74418e-14
-4.19954e-14
-3.70242e-14
-2.92212e-14
-1.80758e-14
-6.91768e-15
-1.43748e-13
-1.43013e-13
-1.43416e-13
-1.45038e-13
-1.47189e-13
-1.476e-13
-1.43543e-13
-1.49029e-13
-1.64815e-13
-1.68266e-13
-1.6516e-13
-1.66503e-13
-1.62924e-13
-1.60686e-13
-1.60875e-13
-1.67151e-13
-1.69222e-13
-1.86919e-13
-1.90424e-13
-1.91786e-13
-2.01347e-13
-2.04219e-13
-1.99406e-13
-1.96637e-13
-1.99693e-13
-2.02614e-13
-2.01628e-13
-2.10018e-13
-2.09252e-13
-2.15156e-13
-2.20619e-13
-2.2802e-13
-2.2629e-13
-2.28265e-13
-2.2783e-13
-2.35903e-13
-2.3657e-13
-2.36956e-13
-2.36572e-13
-2.46002e-13
-2.47867e-13
-2.4364e-13
-2.3733e-13
-2.3338e-13
-2.29128e-13
-2.23121e-13
-2.26203e-13
-2.31818e-13
-2.32892e-13
-2.3475e-13
-2.24398e-13
-2.23927e-13
-2.25049e-13
-2.17248e-13
-2.17288e-13
-2.17979e-13
-2.12128e-13
-2.03239e-13
-1.99929e-13
-1.90615e-13
-1.90054e-13
-1.87677e-13
-1.86808e-13
-1.7982e-13
-1.84474e-13
-1.90721e-13
-1.83401e-13
-1.74677e-13
-1.72568e-13
-1.73029e-13
-1.70374e-13
-1.64995e-13
-1.6205e-13
-1.53073e-13
-1.47898e-13
-1.43221e-13
-1.42217e-13
-1.36227e-13
-1.25811e-13
-1.12906e-13
-1.11577e-13
-1.13011e-13
-1.08918e-13
-1.07786e-13
-1.06588e-13
-1.03185e-13
-1.03864e-13
-1.00068e-13
-9.79711e-14
-9.17967e-14
-9.1715e-14
-8.66629e-14
-7.59722e-14
-5.6192e-14
-4.92013e-14
-4.33837e-14
-3.99533e-14
-3.10413e-14
-1.72553e-14
-5.01095e-15
-1.39782e-13
-1.40937e-13
-1.44991e-13
-1.43318e-13
-1.42412e-13
-1.47605e-13
-1.40072e-13
-1.42959e-13
-1.53176e-13
-1.65639e-13
-1.62335e-13
-1.65948e-13
-1.69179e-13
-1.63743e-13
-1.61933e-13
-1.73729e-13
-1.7726e-13
-1.84481e-13
-1.82954e-13
-1.86179e-13
-1.98277e-13
-2.05759e-13
-1.97578e-13
-1.99807e-13
-2.05193e-13
-2.02649e-13
-2.01682e-13
-2.10559e-13
-2.13098e-13
-2.15961e-13
-2.1686e-13
-2.19662e-13
-2.21425e-13
-2.27682e-13
-2.29846e-13
-2.3659e-13
-2.3842e-13
-2.37134e-13
-2.36219e-13
-2.39477e-13
-2.37833e-13
-2.39867e-13
-2.41822e-13
-2.33962e-13
-2.27542e-13
-2.33209e-13
-2.29558e-13
-2.31836e-13
-2.30028e-13
-2.34632e-13
-2.25194e-13
-2.16181e-13
-2.21481e-13
-2.18074e-13
-2.16268e-13
-2.18238e-13
-2.13293e-13
-2.07301e-13
-2.03445e-13
-1.92917e-13
-1.87549e-13
-1.83267e-13
-1.85938e-13
-1.84511e-13
-1.86792e-13
-1.90086e-13
-1.83311e-13
-1.76641e-13
-1.73027e-13
-1.71218e-13
-1.68044e-13
-1.68267e-13
-1.63647e-13
-1.55322e-13
-1.51542e-13
-1.4302e-13
-1.3823e-13
-1.31743e-13
-1.26969e-13
-1.16863e-13
-1.15363e-13
-1.11503e-13
-1.04376e-13
-1.05524e-13
-1.08644e-13
-1.05866e-13
-1.0979e-13
-1.0244e-13
-1.01764e-13
-9.24924e-14
-8.97515e-14
-8.42198e-14
-7.60002e-14
-6.01869e-14
-4.72944e-14
-4.33829e-14
-4.13254e-14
-3.14128e-14
-1.72645e-14
-5.74049e-15
-1.35188e-13
-1.35273e-13
-1.41195e-13
-1.43135e-13
-1.41605e-13
-1.41381e-13
-1.42156e-13
-1.52767e-13
-1.53336e-13
-1.59167e-13
-1.60074e-13
-1.63567e-13
-1.70564e-13
-1.66052e-13
-1.67928e-13
-1.72099e-13
-1.68441e-13
-1.76359e-13
-1.84253e-13
-1.88401e-13
-1.94523e-13
-2.03491e-13
-2.06739e-13
-2.06003e-13
-1.93315e-13
-1.98889e-13
-2.01586e-13
-2.08373e-13
-2.10812e-13
-2.14605e-13
-2.16116e-13
-2.21237e-13
-2.25637e-13
-2.27597e-13
-2.25088e-13
-2.34117e-13
-2.4027e-13
-2.36068e-13
-2.39411e-13
-2.39035e-13
-2.3487e-13
-2.3579e-13
-2.43446e-13
-2.36761e-13
-2.30322e-13
-2.3307e-13
-2.31715e-13
-2.30016e-13
-2.29428e-13
-2.31991e-13
-2.2551e-13
-2.19976e-13
-2.168e-13
-2.18107e-13
-2.13806e-13
-2.15526e-13
-2.11946e-13
-2.00278e-13
-1.98667e-13
-1.90868e-13
-1.89498e-13
-1.95075e-13
-1.90832e-13
-1.84504e-13
-1.82488e-13
-1.86983e-13
-1.81332e-13
-1.78061e-13
-1.71511e-13
-1.7008e-13
-1.69255e-13
-1.70061e-13
-1.65587e-13
-1.58795e-13
-1.50733e-13
-1.41814e-13
-1.34747e-13
-1.36552e-13
-1.27765e-13
-1.17028e-13
-1.16167e-13
-1.12541e-13
-1.14398e-13
-1.09746e-13
-1.09159e-13
-1.0449e-13
-1.09e-13
-1.05675e-13
-9.80966e-14
-9.49221e-14
-9.51716e-14
-8.98952e-14
-7.66838e-14
-6.18922e-14
-4.71546e-14
-4.32615e-14
-3.74828e-14
-3.02932e-14
-1.93154e-14
-6.41719e-15
-1.34419e-13
-1.35121e-13
-1.37722e-13
-1.37861e-13
-1.38058e-13
-1.38254e-13
-1.39977e-13
-1.50737e-13
-1.4845e-13
-1.55444e-13
-1.6148e-13
-1.63371e-13
-1.66621e-13
-1.69998e-13
-1.69658e-13
-1.70075e-13
-1.73723e-13
-1.83018e-13
-1.86486e-13
-1.90308e-13
-1.93863e-13
-1.91324e-13
-1.94644e-13
-2.01009e-13
-2.05361e-13
-2.02169e-13
-1.97173e-13
-2.09516e-13
-2.13003e-13
-2.13522e-13
-2.19972e-13
-2.21999e-13
-2.24526e-13
-2.24901e-13
-2.25266e-13
-2.34772e-13
-2.35862e-13
-2.37262e-13
-2.37539e-13
-2.27406e-13
-2.33615e-13
-2.36405e-13
-2.46096e-13
-2.38788e-13
-2.3277e-13
-2.33042e-13
-2.33274e-13
-2.28571e-13
-2.29898e-13
-2.26593e-13
-2.23528e-13
-2.20408e-13
-2.16829e-13
-2.132e-13
-2.20707e-13
-2.16165e-13
-2.11094e-13
-1.97735e-13
-1.97329e-13
-2.00031e-13
-1.92352e-13
-1.90703e-13
-1.89519e-13
-1.86564e-13
-1.89449e-13
-1.90721e-13
-1.83255e-13
-1.70627e-13
-1.69535e-13
-1.70099e-13
-1.7055e-13
-1.73299e-13
-1.64979e-13
-1.568e-13
-1.52083e-13
-1.43634e-13
-1.4152e-13
-1.42893e-13
-1.29089e-13
-1.20132e-13
-1.14701e-13
-1.1313e-13
-1.12908e-13
-1.11029e-13
-1.13943e-13
-1.08158e-13
-1.07805e-13
-1.05226e-13
-1.01193e-13
-9.89533e-14
-9.54927e-14
-8.67886e-14
-7.45531e-14
-6.03123e-14
-5.1274e-14
-4.15162e-14
-3.60486e-14
-3.05404e-14
-2.1188e-14
-7.02622e-15
-1.33269e-13
-1.35554e-13
-1.3614e-13
-1.31785e-13
-1.34348e-13
-1.40481e-13
-1.40884e-13
-1.45772e-13
-1.44245e-13
-1.49264e-13
-1.60497e-13
-1.69169e-13
-1.71581e-13
-1.69388e-13
-1.68877e-13
-1.70135e-13
-1.77599e-13
-1.84424e-13
-1.86092e-13
-1.9001e-13
-1.92663e-13
-1.94714e-13
-2.0035e-13
-2.02492e-13
-1.97184e-13
-1.9342e-13
-1.99774e-13
-2.07743e-13
-2.07028e-13
-2.18901e-13
-2.19589e-13
-2.27675e-13
-2.31313e-13
-2.24565e-13
-2.24614e-13
-2.33714e-13
-2.29864e-13
-2.31044e-13
-2.34862e-13
-2.40271e-13
-2.37207e-13
-2.36308e-13
-2.42481e-13
-2.36737e-13
-2.30212e-13
-2.33708e-13
-2.35838e-13
-2.28916e-13
-2.32065e-13
-2.28348e-13
-2.21726e-13
-2.13701e-13
-2.1333e-13
-2.09428e-13
-2.17061e-13
-2.13559e-13
-2.14174e-13
-2.05285e-13
-2.01705e-13
-2.02535e-13
-1.94431e-13
-1.88589e-13
-1.80562e-13
-1.84282e-13
-1.88991e-13
-1.96017e-13
-1.9092e-13
-1.80413e-13
-1.74826e-13
-1.66057e-13
-1.64927e-13
-1.66548e-13
-1.63751e-13
-1.57613e-13
-1.54309e-13
-1.4507e-13
-1.4212e-13
-1.40852e-13
-1.31293e-13
-1.28883e-13
-1.17855e-13
-1.12119e-13
-1.10908e-13
-1.08502e-13
-1.15887e-13
-1.10764e-13
-1.07804e-13
-1.05597e-13
-1.02481e-13
-9.94975e-14
-9.89184e-14
-8.93999e-14
-7.52352e-14
-5.69149e-14
-4.9579e-14
-4.65926e-14
-3.96755e-14
-3.3105e-14
-2.17327e-14
-7.5398e-15
-1.34749e-13
-1.34874e-13
-1.30526e-13
-1.34085e-13
-1.30386e-13
-1.35018e-13
-1.38589e-13
-1.45092e-13
-1.54303e-13
-1.57877e-13
-1.57514e-13
-1.59826e-13
-1.69348e-13
-1.70364e-13
-1.70504e-13
-1.70019e-13
-1.84135e-13
-1.87361e-13
-1.87748e-13
-1.91352e-13
-1.90004e-13
-1.95144e-13
-1.97233e-13
-1.97461e-13
-1.94185e-13
-1.94852e-13
-2.05224e-13
-2.09906e-13
-2.11608e-13
-2.20758e-13
-2.16135e-13
-2.19443e-13
-2.2624e-13
-2.32156e-13
-2.2625e-13
-2.33814e-13
-2.30633e-13
-2.27196e-13
-2.33845e-13
-2.33258e-13
-2.37024e-13
-2.37606e-13
-2.39517e-13
-2.38415e-13
-2.31492e-13
-2.33535e-13
-2.3575e-13
-2.29663e-13
-2.26152e-13
-2.26247e-13
-2.23542e-13
-2.20478e-13
-2.18966e-13
-2.1154e-13
-2.14594e-13
-2.12519e-13
-2.15892e-13
-2.04845e-13
-2.00949e-13
-1.99985e-13
-1.9526e-13
-1.90288e-13
-1.94991e-13
-1.93057e-13
-1.87621e-13
-1.85996e-13
-1.78929e-13
-1.77728e-13
-1.7761e-13
-1.72147e-13
-1.72979e-13
-1.66553e-13
-1.60147e-13
-1.57386e-13
-1.53006e-13
-1.44768e-13
-1.43075e-13
-1.38226e-13
-1.33352e-13
-1.23873e-13
-1.1448e-13
-1.1494e-13
-1.13584e-13
-1.18839e-13
-1.13464e-13
-1.10966e-13
-1.0621e-13
-1.0718e-13
-1.03431e-13
-1.03962e-13
-1.02167e-13
-8.79604e-14
-7.37209e-14
-6.01902e-14
-4.77322e-14
-4.564e-14
-4.22918e-14
-3.78732e-14
-1.88182e-14
-4.62702e-15
-1.3616e-13
-1.36654e-13
-1.33403e-13
-1.26412e-13
-1.31291e-13
-1.40241e-13
-1.42157e-13
-1.40249e-13
-1.43929e-13
-1.5706e-13
-1.63727e-13
-1.6776e-13
-1.68773e-13
-1.67874e-13
-1.71868e-13
-1.74308e-13
-1.77706e-13
-1.87301e-13
-1.90199e-13
-1.91821e-13
-1.92021e-13
-1.94444e-13
-2.01554e-13
-1.93361e-13
-2.00177e-13
-2.0121e-13
-2.02237e-13
-2.05746e-13
-2.05997e-13
-2.20352e-13
-2.16778e-13
-2.23031e-13
-2.26882e-13
-2.33437e-13
-2.28887e-13
-2.24047e-13
-2.2578e-13
-2.30782e-13
-2.36698e-13
-2.3606e-13
-2.41158e-13
-2.38657e-13
-2.42143e-13
-2.30891e-13
-2.32103e-13
-2.3484e-13
-2.35922e-13
-2.3106e-13
-2.28261e-13
-2.2466e-13
-2.23203e-13
-2.17234e-13
-2.17035e-13
-2.11244e-13
-2.08691e-13
-2.06618e-13
-2.12913e-13
-2.1026e-13
-2.05399e-13
-2.0301e-13
-1.99557e-13
-1.90155e-13
-1.92545e-13
-1.92598e-13
-1.89318e-13
-1.89377e-13
-1.79394e-13
-1.79231e-13
-1.77733e-13
-1.74045e-13
-1.72032e-13
-1.67021e-13
-1.55889e-13
-1.52191e-13
-1.48032e-13
-1.51367e-13
-1.48555e-13
-1.38134e-13
-1.36411e-13
-1.23843e-13
-1.18081e-13
-1.15159e-13
-1.1215e-13
-1.15062e-13
-1.1193e-13
-1.11001e-13
-1.08934e-13
-1.13891e-13
-1.0668e-13
-1.03215e-13
-9.99845e-14
-9.1647e-14
-7.76451e-14
-5.98441e-14
-4.99718e-14
-4.28646e-14
-4.26361e-14
-3.59085e-14
-2.07248e-14
-6.74709e-15
-1.37303e-13
-1.39406e-13
-1.32413e-13
-1.23589e-13
-1.30808e-13
-1.37134e-13
-1.37715e-13
-1.44257e-13
-1.51124e-13
-1.57121e-13
-1.56145e-13
-1.62409e-13
-1.72953e-13
-1.69964e-13
-1.70839e-13
-1.76897e-13
-1.80657e-13
-1.82788e-13
-1.90747e-13
-1.92632e-13
-1.96017e-13
-1.92615e-13
-2.00006e-13
-1.90357e-13
-1.96415e-13
-2.02604e-13
-2.04284e-13
-2.02661e-13
-2.09508e-13
-2.1576e-13
-2.13519e-13
-2.26513e-13
-2.31773e-13
-2.31899e-13
-2.3627e-13
-2.18855e-13
-2.27276e-13
-2.24286e-13
-2.30548e-13
-2.39613e-13
-2.48159e-13
-2.41302e-13
-2.39335e-13
-2.32176e-13
-2.34481e-13
-2.34095e-13
-2.32331e-13
-2.31013e-13
-2.22521e-13
-2.24677e-13
-2.19776e-13
-2.15624e-13
-2.15584e-13
-2.19949e-13
-2.12063e-13
-2.10414e-13
-2.08696e-13
-2.06268e-13
-2.03546e-13
-2.04486e-13
-2.01069e-13
-1.93359e-13
-1.91574e-13
-1.95082e-13
-1.89009e-13
-1.89452e-13
-1.75856e-13
-1.76981e-13
-1.81034e-13
-1.77013e-13
-1.71394e-13
-1.64596e-13
-1.53312e-13
-1.51438e-13
-1.4817e-13
-1.52245e-13
-1.50856e-13
-1.39545e-13
-1.37934e-13
-1.24962e-13
-1.1406e-13
-1.09898e-13
-1.10183e-13
-1.13917e-13
-1.15531e-13
-1.09629e-13
-1.08277e-13
-1.12798e-13
-1.08212e-13
-1.06458e-13
-1.03615e-13
-9.33113e-14
-7.89974e-14
-6.00964e-14
-4.87502e-14
-4.22326e-14
-4.87221e-14
-3.8115e-14
-1.74126e-14
-4.70073e-15
)
;

boundaryField
{
    inlet
    {
        type            zeroGradient;
    }
    outlet
    {
        type            fixedValue;
        value           uniform 0;
    }
    down
    {
        type            empty;
    }
    up
    {
        type            empty;
    }
    sides
    {
        type            zeroGradient;
    }
}

