/*--------------------------------*- C++ -*----------------------------------*\
| =========                 |                                                 |
| \\      /  F ield         | OpenFOAM: The Open Source CFD Toolbox           |
|  \\    /   O peration     | Version:  v2012                                 |
|   \\  /    A nd           | Website:  www.openfoam.com                      |
|    \\/     M anipulation  |                                                 |
\*---------------------------------------------------------------------------*/
FoamFile
{
    version     2.0;
    format      ascii;
    class       volScalarField;
    location    "0";
    object      p;
}
// * * * * * * * * * * * * * * * * * * * * * * * * * * * * * * * * * * * * * //

dimensions      [0 2 -2 0 0 0 0];


internalField   nonuniform List<scalar> 
4000
(
-0.153502
-0.158387
-0.125227
-0.142303
-0.156915
0.0491199
0.0642215
-0.0738993
-0.0741045
-0.083
-0.0374482
0.0676567
0.0920148
-0.128942
-0.0570747
0.0958631
0.0902902
-3.51632e-06
-0.0392896
-0.0231989
0.00435468
0.00937508
-0.082161
0.0302895
-0.00366764
-0.0193399
-0.00716405
0.0458396
0.178162
0.12296
0.0905273
0.0534801
-0.0248015
0.0842504
0.165218
0.259452
0.129047
0.174523
0.133391
0.0702748
-0.0418631
-0.0655466
0.0167737
-0.169796
-0.231427
-0.240058
-0.254393
-0.221263
-0.138655
-0.137773
-0.136796
-0.115543
-0.050862
0.00915129
0.0724895
0.0811872
0.0998279
0.205688
0.20805
0.157304
0.218785
0.214644
0.235666
0.352447
0.361989
0.22641
0.209524
0.0760507
0.118667
0.0672809
-0.0435551
-0.0154604
0.0912174
-0.0139591
-0.0687191
-0.115972
-0.159769
-0.164621
-0.118274
0.0276121
0.0408089
-0.0963003
-0.154232
-0.0419172
-0.108559
-0.112912
-0.216178
-0.175569
-0.151767
-0.179687
-0.0240126
-0.0411384
-0.16024
-0.232431
-0.138722
-0.0947215
-0.111974
-0.0535361
0.00754239
0.00517074
-0.183987
-0.128068
-0.199755
-0.119735
-0.0425114
0.0379615
-0.0125866
-0.091173
-0.0993202
-0.040488
-0.0446311
0.0249529
0.038539
0.00433535
0.034116
0.00651608
0.0435307
-0.00600791
-0.0483527
-0.0001924
-0.0452058
0.00948688
0.0345997
-0.0174484
0.0163832
-0.00927007
0.0102665
0.074514
0.126196
0.121348
0.0852442
0.0499486
-0.0305425
0.087623
0.156498
0.22361
0.15098
0.175581
0.154127
0.138787
-0.0340237
-0.0783717
-0.108073
-0.154034
-0.215497
-0.235551
-0.242338
-0.240168
-0.214205
-0.0948576
-0.0680469
-0.0852291
-0.0988172
-0.00288893
0.0898657
0.0697551
0.0832305
0.175143
0.243539
0.193184
0.225401
0.271717
0.250287
0.280461
0.325223
0.25624
0.210436
0.116138
0.102015
0.0616548
-0.0180658
0.00778656
0.0706211
-0.0349084
-0.0552679
-0.113649
-0.1265
-0.196543
-0.0866274
-0.0211657
-0.00817078
-0.080801
-0.145834
-0.0952195
-0.081616
-0.101765
-0.167847
-0.191984
-0.180406
-0.116158
-0.061182
-0.0953581
-0.176682
-0.174581
-0.113547
-0.0869944
-0.136928
-0.0534344
-0.0267241
-0.00392237
-0.136879
-0.124286
-0.18675
-0.079996
-0.0585607
0.0130329
-0.011048
-0.0968839
-0.105004
-0.0513867
0.0301012
0.0106163
0.00657039
-0.0739079
-0.00950683
0.038634
-0.00520419
0.00418068
-0.0246851
0.0430989
0.0144724
-0.0778243
0.0607525
0.00478453
-0.0052652
-0.0691903
-0.0180823
0.0906271
0.115148
0.133626
0.102085
0.0553044
0.0248276
0.062759
0.119124
0.104878
0.176298
0.201567
0.197158
0.100453
-0.0375759
-0.0767107
-0.115409
-0.142197
-0.13508
-0.216412
-0.289665
-0.290937
-0.172216
-0.120764
-0.0987248
-0.0426398
-0.0195695
0.00600169
0.00886242
0.0425343
0.162819
0.170714
0.191127
0.271938
0.214096
0.234481
0.215291
0.332968
0.288957
0.233508
0.195324
0.14341
0.101117
0.0474842
-0.0656343
-0.0144979
0.0110822
-0.0454215
-0.00965189
-0.0609034
-0.114384
-0.138003
-0.100327
-0.0679511
-0.0312604
-0.0223258
-0.173828
-0.164866
-0.0634668
-0.125253
-0.16633
-0.177388
-0.176321
-0.0877367
-0.0899217
-0.104719
-0.127814
-0.133799
-0.133653
-0.140175
-0.154747
-0.0672228
0.00671068
-0.0143166
-0.134378
-0.143451
-0.160862
-0.115196
-0.0334515
-0.0224558
-0.0561
-0.0426105
-0.0331467
0.0239949
-0.0670217
-0.0759544
0.0196227
0.0671953
-0.0578256
-0.0520012
0.0404442
0.0320199
0.00751953
0.0816805
0.0196831
-0.0755187
-0.0324004
-0.013263
-0.0544689
-0.0602434
0.00131293
0.0817005
0.16549
0.139082
0.14066
0.0635638
0.0717241
0.116448
0.0407921
0.127761
0.229363
0.157452
0.131822
0.0871948
0.003436
0.00172485
-0.143827
-0.202263
-0.183511
-0.193998
-0.270132
-0.261731
-0.137953
-0.1163
-0.0979753
-0.0234495
-0.066734
0.0200263
-0.00221258
0.0388946
0.138804
0.172956
0.179946
0.28381
0.199471
0.218294
0.237326
0.271472
0.260861
0.222087
0.164951
0.151873
0.0693919
0.0397881
-0.014447
-0.0319612
-0.0219527
-0.0520872
-0.0594931
-0.0892152
-0.134662
-0.126445
-0.0536593
-0.0882036
-0.132015
-0.115674
-0.0800207
-0.0667655
-0.120374
-0.0914929
-0.129035
-0.186467
-0.176414
-0.0943824
-0.104818
-0.072086
-0.105837
-0.154714
-0.138324
-0.174206
-0.140268
-0.0571714
-0.0437523
-0.0268349
-0.0915582
-0.106018
-0.11802
-0.0707718
-0.108155
-0.0751239
0.0342133
-0.0331679
-0.0637027
0.0240378
0.0228354
-0.0954529
-0.0739029
-0.00128601
0.0209483
-0.0156087
-0.00084754
0.0120289
0.00138236
0.0595589
0.0785213
-0.052667
-0.0457808
-0.0521594
-0.0857778
0.00126037
0.0614364
0.014643
0.0571771
0.119006
0.132908
0.0762663
0.0169032
0.0752586
0.140559
0.115222
0.11615
0.121763
0.207514
0.0983925
-0.0021554
0.0233107
-0.0864116
-0.214621
-0.225197
-0.202259
-0.217762
-0.206626
-0.150257
-0.148776
-0.0924754
-0.036234
-0.0458038
-0.00253777
0.0340345
0.0130197
0.0618435
0.196195
0.26917
0.226003
0.210762
0.200631
0.243587
0.250592
0.147089
0.202921
0.177015
0.12065
0.0756139
-0.0099783
-0.0359455
-0.0017072
-0.0375013
-0.0651221
-0.0179758
-0.0780333
-0.0939339
-0.0648443
-0.0942185
-0.0736529
-0.119853
-0.174558
-0.120074
-0.133441
-0.0922203
-0.0869291
-0.161211
-0.134353
-0.114684
-0.0678439
-0.0920988
-0.0935526
-0.0799306
-0.135928
-0.130152
-0.130138
-0.161862
-0.123805
-0.036576
-0.0466409
-0.0743224
-0.107721
-0.118793
-0.102009
-0.0517439
0.0141459
0.0258197
-0.0301526
0.0338331
-0.0249199
-0.0884189
-0.0530796
-0.0324971
0.0467263
0.0106276
0.00686147
-0.0637324
-0.0562877
0.0386217
0.0940356
-0.0388865
0.0912733
0.0528352
-0.130823
-0.0983914
-0.07109
-0.0111344
0.0118965
0.0767197
0.0712377
0.102657
0.112687
0.059003
0.0527515
0.196819
0.111113
0.111588
0.0981302
0.0813906
0.0426697
0.050139
0.0378046
-0.12827
-0.191379
-0.172833
-0.218302
-0.248834
-0.160022
-0.111232
-0.160575
-0.0822907
-0.052653
-0.0129515
0.0320282
0.0286086
-0.0108047
0.0837864
0.152292
0.17807
0.209256
0.232308
0.202252
0.217683
0.195796
0.14979
0.171452
0.166307
0.143379
0.070676
0.0557865
-0.0445505
-0.0871484
-0.0450402
-0.0318842
-0.0210035
-0.0482291
-0.0506049
-0.0612507
-0.160245
-0.10967
-0.121234
-0.161312
-0.147448
-0.122197
-0.10599
-0.0673128
-0.116945
-0.139172
-0.0572228
-0.0604506
-0.0722054
-0.07656
-0.0550331
-0.122089
-0.148951
-0.145617
-0.104761
-0.103301
-0.0754136
-0.00137578
-0.0496794
-0.0365913
-0.077433
-0.020305
-0.0851184
-0.0669839
0.0335716
-0.00554181
0.0432963
-0.0322267
0.0292843
-0.0135168
-0.0600282
-0.0192926
-0.00643191
0.0315086
-0.0244059
-0.00109013
0.002378
-0.0240412
-0.000164536
-0.040333
-0.0237569
-0.104812
-0.0751868
-0.0626633
-0.00103394
-0.0290494
0.0968299
0.0711143
0.126336
0.104249
0.0162984
0.0299019
0.122196
0.190861
0.122403
0.00324988
-0.0305836
0.051251
0.0678167
0.0434313
-0.0296085
-0.129387
-0.169369
-0.219818
-0.260719
-0.261522
-0.0892511
-0.101467
-0.1237
-0.17005
0.0159526
0.121946
0.0533813
0.000272895
0.0383357
0.190534
0.13925
0.164473
0.254659
0.160028
0.130111
0.196045
0.176817
0.166027
0.114799
0.0618018
0.0284938
0.0435173
0.00668362
-0.0331467
-0.0812022
-0.0573673
-0.0512628
-0.113598
-0.0744888
-0.000825329
-0.00527868
-0.10226
-0.186886
-0.159899
-0.123495
-0.178331
-0.117941
-0.0741676
-0.126326
-0.10618
-0.0463332
-0.0468376
-0.0851778
-0.0579833
-0.0721468
-0.0971665
-0.0983071
-0.1605
-0.0467156
-0.0874224
-0.0886641
-0.0241707
-0.114241
-0.0602876
-0.0542753
-0.0616586
0.0174792
0.0494714
0.0551599
-0.023829
0.0232791
0.0105228
0.0318568
0.0311945
0.00658379
-0.0197062
0.0039794
0.00893453
-0.0334491
-0.0516402
-0.0379923
-0.100019
-0.049184
0.00247659
0.0218239
-0.0819235
-0.148066
-0.103227
-0.0480259
-0.00398775
0.0556191
0.0605377
0.0836035
0.0917809
0.0798356
0.0361471
0.0829297
0.176116
0.145667
0.0363728
-0.024433
-0.0288758
0.0220198
0.0250394
-0.00275057
-0.0500748
-0.18303
-0.264205
-0.240244
-0.0857179
-0.0574739
-0.181423
-0.135827
-0.0933236
-0.0593563
0.028664
0.0257464
0.0128272
-0.0287935
0.129965
0.122303
0.121048
0.192308
0.185421
0.173552
0.205441
0.157069
0.0996013
0.109532
0.0391874
0.00454312
-0.0294267
0.00803528
-0.0297613
-0.0410882
-0.055602
-0.016991
-0.120562
-0.0870539
-0.0607147
-0.0356068
-0.0908425
-0.139175
-0.117077
-0.150037
-0.0872936
-0.14536
-0.103716
-0.0978362
-0.0852962
-0.079361
-0.04287
-0.0370993
-0.0611055
-0.0657198
-0.0356593
-0.0852917
-0.140289
-0.109796
-0.0403632
-0.0452752
-0.0399335
-0.0445351
-0.0225784
0.0250313
0.00413419
-0.0368785
0.0479555
0.0498018
-0.00880028
0.0321657
0.00185347
0.0310101
0.0680134
-0.0401704
-0.0358036
-0.00784081
-0.0475894
-0.00853898
0.00527814
-0.00590702
-0.115631
-0.0502076
-0.0100089
-0.13605
-0.134617
-0.0844382
-0.008349
-0.105244
-0.107839
-0.080045
0.0635854
0.174213
0.0971833
0.0394373
0.0522501
-0.0129332
0.0912479
0.196786
0.127424
-0.011079
-0.0360916
0.0792087
0.0970672
-0.0180436
-0.0713446
-0.201073
-0.172894
-0.257799
-0.243875
-0.142493
-0.188471
-0.110572
-0.0984061
0.00274869
0.0192938
-0.0221789
0.0538922
0.0392791
0.122086
0.100814
0.0708257
0.0846301
0.105037
0.163683
0.192668
0.167532
0.119893
0.0995763
-0.0320315
0.00759239
0.00686929
-0.00425738
-0.0793258
-0.0620496
-0.0371234
-0.058885
-0.10793
-0.0929786
-0.0750065
-0.0284238
0.00442433
-0.0773628
-0.124015
-0.162378
-0.118768
-0.104027
-0.0147122
-0.0764144
-0.10787
-0.0799921
-0.0219264
-0.00667364
-0.0207778
-0.000998808
-0.0648043
-0.0900475
-0.131192
-0.0934307
-0.0177344
-0.0142583
0.0170387
-0.0517967
-0.00994582
0.0210707
-0.0186186
-0.00516088
0.0311412
0.0670747
-0.00697494
-0.00236157
0.112226
0.0832865
0.0598203
-0.0804886
-0.0542363
0.0885373
0.0313675
-0.0347032
-0.0797196
-0.0334892
-0.0486038
-0.110518
-0.148271
-0.0222511
-0.00707788
-0.108021
-0.15946
-0.0998646
-0.127225
-0.129599
0.0348974
0.147807
0.119561
0.133962
0.0705316
-0.0182131
0.0409531
0.129843
0.10967
0.0920306
-0.00587196
0.0247842
0.000664711
0.00305979
-0.0641935
-0.15637
-0.148847
-0.19578
-0.194045
-0.105585
-0.120194
-0.134795
-0.125977
-0.004351
0.0150907
-0.0797983
-0.00944294
0.0177969
0.0919271
0.100167
0.154352
0.128553
0.100596
0.0709308
0.121051
0.189728
0.161842
0.0580263
-0.00985304
-0.0545211
-0.0376128
0.0245287
-0.0583987
-0.0794736
-0.066864
-0.0757356
-0.0735877
-0.0501819
-0.124708
-0.0635844
0.0360385
0.014614
-0.0680101
-0.067144
-0.119275
-0.158404
-0.0677389
0.0225522
0.0182355
-0.028948
0.00420933
0.0420488
0.043483
0.0498522
-0.0133524
-0.0790208
-0.167355
-0.158622
-0.00955951
0.0907038
0.0251058
-0.0179397
0.0193432
0.0325649
0.00476674
0.0161152
0.0871796
0.0611328
-0.0185252
0.010303
0.103204
0.140701
0.0673056
-0.0248411
-0.0781299
-0.0602712
0.0409855
-0.0349365
0.0213993
-0.0293553
-0.0445515
-0.041583
-0.0997639
-0.159178
-0.132409
-0.125556
-0.118077
-0.187676
-0.1385
-0.070262
-0.107987
0.0570413
0.0834855
0.084112
0.111452
0.0208434
0.0852053
0.140131
0.0591509
0.078003
0.00167661
0.0399156
0.0761934
0.0440614
-0.128905
-0.188856
-0.155032
-0.177918
-0.176871
-0.157995
-0.0821774
-0.0271259
-0.129661
-0.122878
-0.0719186
0.0171123
0.0174374
0.0559703
0.0525291
0.0883365
0.130916
0.0952311
0.0547563
0.0598257
0.0294898
0.17296
0.159046
0.00608246
-0.0719764
0.00197777
0.00665802
-0.00186357
-0.0828738
-0.0227353
-0.0515841
-0.107172
-0.102968
-0.0263143
-0.0354565
-0.0604486
0.0411776
-0.050299
0.021375
-0.123441
-0.067616
0.0010451
0.010493
0.00775275
0.0317809
0.0283076
0.0244932
0.0723851
0.0832659
0.112932
0.0371402
-0.0209127
-0.125471
-0.0940761
0.0278242
0.102075
-0.00163185
-0.043363
0.020185
0.0655163
0.0227064
0.0227353
0.0437682
0.0477749
0.0774341
0.0428927
0.0767607
0.159648
0.118515
0.0905747
-0.0304476
0.0296972
-0.0220951
-0.0725387
-0.0525242
-0.0395345
-0.0193528
-0.0672098
-0.0782875
-0.0643533
-0.0335745
-0.087557
-0.149232
-0.132638
-0.158886
-0.182829
-0.214628
-0.00866516
0.137393
0.0653429
0.105232
0.0521608
0.0898225
0.0687879
0.0824842
0.0878716
0.0300746
0.0583063
0.018271
-0.0398047
-0.103417
-0.103607
-0.152511
-0.110313
-0.130203
-0.129004
-0.103659
-0.0668961
-0.0609093
-0.0949499
-0.0634
-0.0266666
-0.0147209
0.0378292
0.0128627
0.0966452
0.0340865
0.0554451
-0.0204157
0.0743348
0.0621258
0.137357
0.103271
0.0959023
-0.0506534
-0.109388
-0.132871
-0.0452048
0.0353635
-0.054198
-0.177286
-0.121027
0.0241684
-0.000704167
-0.0766993
-0.0189681
0.154602
0.0430128
-0.0500533
-0.0969015
-0.0236992
0.00743924
0.0533463
0.1102
0.0935038
0.103729
0.0894794
0.0933847
0.069661
0.118227
0.0604534
0.0579982
-0.0633411
-0.0120413
-0.0184035
0.0399085
0.029567
-0.0306269
0.0226798
0.0654856
0.0588705
0.0309122
-0.00911549
0.0751071
0.119979
0.110683
0.132389
0.184774
0.0733144
-0.00298276
0.0238671
0.0405667
0.0214952
-0.0279232
-0.110123
-0.0478318
-0.0382667
-0.153947
-0.168492
-0.153569
-0.0218483
-0.0338915
-0.107939
-0.227932
-0.253332
-0.175977
-0.0995619
-0.0081531
0.0528028
0.00426986
0.0132326
0.0559673
0.100904
0.154445
0.12078
0.097269
0.0701938
0.0398904
0.00419168
-0.0301021
0.0124769
-0.0106423
-0.157792
-0.136559
-0.144204
-0.0983842
-0.0533763
-0.0242102
-0.142311
-0.151596
-0.0882233
-0.0587122
0.0325149
0.0577396
-0.015439
-0.0433298
-0.0336634
0.0623943
0.0474996
-0.00236679
-0.00463099
-0.0131742
0.0698907
0.0424686
-0.0347243
-0.136063
-0.108294
-0.0371325
0.0130245
0.0803749
-0.0602495
-0.0723093
-0.116304
-0.0765637
-0.0351827
0.0446189
0.0644115
0.0100175
0.0218975
0.0337951
0.0224082
0.0482389
0.0640371
0.108905
0.0841228
0.137094
0.142967
0.160053
0.125941
0.1138
0.091697
0.0954199
0.0498533
0.00484575
-0.105646
-0.0238483
-2.31836e-05
0.0235454
0.0226428
0.0409096
0.0666923
0.067565
0.0330091
0.142994
0.150991
0.167021
0.190842
0.188974
0.0630215
-0.0064698
-0.0472295
-0.0208809
0.015754
-0.0283933
-0.100476
-0.182077
-0.0642195
0.0909748
0.0577102
-0.207681
-0.146343
-0.0784273
-0.0806566
-0.224888
-0.292711
-0.236972
-0.0983541
-0.0326587
0.0287713
0.0602739
0.124615
0.053357
0.0988371
0.149354
0.121889
0.0249579
-0.00115193
0.0713361
0.0627325
0.0385691
-0.00473623
-0.135119
-0.119437
-0.0928526
-0.0821694
-0.0905377
-0.0935814
-0.0383527
-0.0775414
-0.127945
-0.0987842
-0.0544897
-0.022975
-0.0300143
0.0248671
-0.0325056
-0.0568741
-0.000622483
0.0153825
-0.0218622
-0.0108561
0.0134641
-0.00264511
0.00794987
-0.0340696
-0.0351922
-0.0701858
-0.073294
-0.0238459
-0.0503684
-0.115473
-0.121125
-0.122211
-0.0265465
0.014523
0.021512
0.0717276
0.0471115
0.0281249
0.0578349
0.0471417
0.086373
0.130283
0.116574
0.13076
0.17265
0.152909
0.158892
0.101419
0.111823
0.124697
0.0928622
0.105496
0.0377341
-0.0513947
-0.011378
-0.027055
0.0124929
0.115864
0.0561603
0.0347937
0.0434443
0.0789945
0.115516
0.125952
0.153034
0.148482
0.190394
0.119785
0.0776343
-0.0335753
-0.0125088
0.0429126
-0.083701
-0.116931
-0.112497
-0.0143241
-0.103619
-0.0691114
-0.111883
-0.204723
-0.131036
-0.134471
-0.228335
-0.260019
-0.226613
-0.125603
-0.0834656
0.0170987
0.0656327
0.122795
0.113005
0.170298
0.192041
0.0905621
0.0929583
0.139465
0.0261618
-0.0233612
-0.0129599
0.0169915
-0.0547455
-0.0639851
-0.0334244
-0.0450332
-0.073398
-0.123386
-0.194387
-0.118851
-0.124592
-0.0758645
-0.112033
-0.0129536
0.0282519
0.00901159
-0.0516413
-0.120471
-0.0452119
-0.00591305
-0.0749163
-0.0543133
0.0617451
-0.140246
-0.053727
-0.00232749
-0.0541644
-0.00301957
-0.123676
-0.061212
-0.0259505
-0.00874452
-0.114551
-0.170469
-0.0231473
0.0870582
0.0203307
-0.0143537
0.00221098
0.0652985
0.115421
0.118299
0.125788
0.0890279
0.144524
0.192688
0.209366
0.174986
0.118235
0.117924
0.13163
0.189209
0.137487
0.0997648
0.0999945
0.00851262
-0.0304246
-0.0129044
0.0392523
0.0497677
0.037214
0.0135449
0.0403458
0.0911803
0.179493
0.148808
0.207514
0.219094
0.133354
0.0449709
0.0816575
0.00726649
-0.00664114
-0.0754949
-0.0982976
-0.0520254
-0.129147
-0.0909372
-0.0395091
-0.11157
-0.106746
-1.28486e-05
-0.170527
-0.153339
-0.271404
-0.255939
-0.235082
-0.125499
-0.0633958
0.0320778
0.0476106
0.160138
0.174317
0.180965
0.208524
0.0990152
0.117141
0.0775463
0.0704526
-0.0328325
-0.0755
-0.00285458
-0.0459271
0.0322063
-0.0206819
-0.0830891
-0.0703276
-0.060225
-0.0957622
-0.11564
-0.154831
-0.0612875
-0.0499694
-0.0433756
-0.00914391
-0.0254319
-0.0759271
-0.0712466
-0.0676754
-0.0626531
-0.0357978
-0.0666348
-0.0132538
-0.0536049
-0.0583424
-0.0779372
-0.0525291
-0.00209339
-0.0871767
-0.10148
-0.0864428
-0.0475828
-0.128048
-0.113659
0.00126096
0.0303442
0.0247841
0.0226793
0.021221
0.0750186
0.121897
0.180298
0.144826
0.110724
0.12819
0.269862
0.176334
0.165149
0.126257
0.0919253
0.172807
0.19644
0.175297
0.152609
0.134472
0.0360332
-0.0192303
-0.0180497
0.0218026
0.0572382
0.0293646
0.0288893
0.0174508
0.130997
0.159344
0.191505
0.195967
0.154248
0.109171
0.0891315
0.159531
0.0758029
0.0228103
-0.0750911
-0.13795
-0.15415
-0.146517
-0.135439
-0.121155
-0.125224
-0.0655433
-0.0753034
-0.0969496
-0.193054
-0.250863
-0.298805
-0.249794
-0.124476
-0.0596459
0.063886
0.0583495
0.219614
0.173524
0.189474
0.148272
0.149229
0.228139
0.108552
0.0591792
-0.0270067
-0.0219156
-0.06755
-0.0332928
0.0461769
-0.00970815
-0.0591697
-0.171513
-0.116793
-0.0959137
-0.10402
-0.0973534
-0.0707102
-0.0305506
-0.0217772
-0.0745095
-0.102241
-0.100078
-0.0750011
-0.0418828
-0.104638
-0.0362714
-0.0671488
-0.0666604
-0.0345669
-0.0240907
-0.0491835
-0.101878
-0.0725404
-0.143244
-0.157244
-0.0547627
-0.0541354
-0.0400514
-0.0768559
-0.0289209
-0.0251423
-0.0404145
0.0146381
-0.00313949
0.0537123
0.11878
0.134035
0.153365
0.221973
0.227946
0.235845
0.216719
0.213837
0.100826
0.0876996
0.0829472
0.195257
0.155474
0.204276
0.132389
0.0454618
-0.012314
0.0182137
0.0333877
0.0163007
0.0451891
0.0491071
0.0825958
0.134795
0.104561
0.163998
0.193548
0.159436
0.209473
0.184325
0.126085
0.0610933
-0.0903158
-0.146593
-0.0425488
-0.0674775
-0.0668612
-0.0822209
-0.0441116
-0.193815
-0.146466
-0.169679
-0.157847
-0.215794
-0.224628
-0.210114
-0.223447
-0.109509
-0.10807
0.0294797
0.123969
0.259143
0.255159
0.219051
0.157402
0.204909
0.213707
0.048722
0.049344
0.023809
0.0188937
-0.0409792
-0.00573932
-0.00326111
-0.0359533
-0.170699
-0.121433
-0.120982
-0.102359
-0.0677944
-0.0550932
-0.0473555
-0.0512601
-0.0806925
-0.109278
-0.0563778
-0.0887009
-0.135228
-0.0047524
-0.0673665
-0.0588077
-0.0581885
-0.0726116
-0.0701973
-0.0703343
-0.0782555
-0.100946
-0.131716
-0.156055
-0.141116
-0.0985939
-0.0543153
-0.103101
-0.0229341
-0.0610872
-0.0749301
-0.0547391
0.0732537
0.0293099
0.0308952
0.144468
0.100658
0.117137
0.240264
0.253987
0.258866
0.291282
0.162272
0.0924401
0.0379973
0.126786
0.200941
0.221544
0.151181
0.0726991
0.0418037
0.00119506
0.0165163
0.0200092
0.0372417
0.0748944
0.0681114
0.0935515
0.136324
0.105293
0.122556
0.152273
0.215674
0.241075
0.104246
0.140487
0.092221
-0.0093774
-0.0710362
0.00675589
-0.0616995
-0.166734
-0.211375
-0.161909
-0.13005
-0.0689226
-0.120425
-0.133896
-0.14527
-0.257585
-0.269862
-0.190671
-0.101739
-0.0460867
0.0426886
0.0841306
0.176556
0.264427
0.230848
0.22528
0.2066
0.209685
0.151105
0.156687
0.142163
-0.0129848
-0.0682293
-0.0139255
-0.0791447
-0.0269385
-0.0927106
-0.093528
-0.0957919
-0.0537154
-0.0766288
-0.0864959
-0.0785411
-0.0331468
-0.0840141
-0.107678
-0.120756
-0.118295
-0.0533693
-0.0427465
-0.0720396
-0.0904511
-0.0719787
-0.0764051
-0.0134468
-0.0710556
-0.136234
-0.177353
-0.11408
-0.0960752
-0.132078
-0.199217
-0.10622
-0.0752106
-0.0384042
-0.0437299
-0.0932494
-0.0526784
0.00740696
-0.0159069
0.0241639
0.162802
0.152464
0.160458
0.256003
0.303026
0.286134
0.187066
0.154985
0.0906683
0.0700069
0.158846
0.188481
0.146761
0.145766
0.104768
0.0340327
0.00702493
0.0220912
-0.0141372
0.0196063
0.105354
0.0463994
0.0763859
0.102112
0.159877
0.191027
0.188465
0.211318
0.232385
0.160952
0.127457
0.0626934
0.0280837
-0.0408534
-0.000751252
-0.0941328
-0.162818
-0.0399146
-0.051942
-0.131374
-0.187553
-0.186644
-0.155272
-0.131825
-0.23476
-0.20796
-0.150342
-0.11887
-0.040946
0.0338307
0.155868
0.18337
0.2081
0.271413
0.264979
0.295681
0.252052
0.138773
0.0619773
0.0310926
0.163229
0.071403
-0.00450934
-0.109237
-0.0188342
-0.0494749
-0.150614
-0.123715
-0.0954916
-0.0882926
-0.00443053
-0.0320801
-0.0908358
-0.0445882
-0.0847997
-0.0665198
-0.0947233
-0.0817792
-0.0720918
-0.0265386
-0.100362
-0.110863
-0.0772174
-0.045995
-0.0687081
-0.163628
-0.136604
-0.100962
-0.143485
-0.100734
-0.176373
-0.17146
-0.0833807
-0.0835894
-0.0309295
-0.0149717
-0.0402571
-0.0489349
0.0203607
0.0413781
0.152815
0.0990618
0.126568
0.285431
0.299042
0.258979
0.195416
0.227052
0.125498
0.0913178
0.116272
0.142583
0.168066
0.111165
0.16207
0.000955559
-0.0336941
0.00929962
-0.0455847
-0.00772928
0.0928118
0.0664753
0.100931
0.141846
0.174864
0.182565
0.144458
0.171032
0.226743
0.211628
0.130272
0.086502
0.0747077
0.00914886
-0.0501025
-0.105632
-0.0940912
-0.0854041
-0.0758833
-0.143055
-0.114606
-0.14036
-0.126233
-0.171919
-0.231482
-0.133679
-0.134531
-0.100477
-0.0626456
0.0196524
0.154779
0.162287
0.274565
0.2666
0.222692
0.321679
0.344903
0.295022
0.119375
0.0667452
0.0256836
0.0273503
-0.0389062
-0.0225955
-0.00275951
-0.0538277
-0.1047
-0.0979365
-0.0639318
-0.106186
-0.042599
-0.0610559
-0.0592482
-0.0666164
-0.0343819
-0.0127496
-0.0933647
-0.105928
-0.117056
-0.0715846
-0.00966429
-0.0792188
-0.198223
-0.0136689
-0.050887
-0.185305
-0.166265
-0.17823
-0.106008
-0.0767921
-0.117475
-0.147199
-0.092728
-0.0363277
-0.0430337
-0.0667978
-0.0742017
-0.0233289
0.051834
0.0437465
0.163136
0.112056
0.149829
0.253159
0.297843
0.218322
0.198123
0.174843
0.146021
0.128059
0.138745
0.210291
0.187361
0.0712374
0.0982853
0.0141174
-0.0769175
-0.0150771
-0.0263764
0.00974278
0.0431696
0.0829166
0.114649
0.116057
0.106621
0.177867
0.153632
0.169627
0.215796
0.188355
0.189642
0.138507
0.121036
-0.0381576
-0.00834316
-0.0124241
-0.12645
-0.110653
-0.0749647
-0.0310091
-0.0197771
-0.216413
-0.319252
-0.213985
-0.117183
-0.00572197
-0.00837381
-0.0625878
-0.0318007
0.03778
0.127628
0.153752
0.180323
0.278672
0.304653
0.400368
0.277585
0.255817
0.1393
0.0881238
0.0120581
0.0142326
-0.0147223
0.00879127
-0.0309112
-0.102303
-0.0800695
-0.0881597
-0.0427597
-0.0589475
-0.0323338
0.000685845
-0.0535198
-0.0681885
-0.0453403
-0.0177456
-0.0705395
-0.110207
-0.118314
-0.0602122
-0.0368305
-0.0838162
-0.137963
-0.107098
-0.0359023
-0.0824045
-0.147317
-0.184442
-0.123291
-0.0866259
-0.052594
-0.130373
-0.0664319
-0.012949
-0.00605591
-0.112924
-0.0635362
-0.0372057
0.0543242
0.0505618
0.157341
0.188665
0.154613
0.230927
0.240214
0.186986
0.231916
0.187577
0.120981
0.0770341
0.120977
0.28187
0.150612
0.0985496
0.0777533
0.0275822
-0.0508217
-0.0164472
-0.0350294
-0.0413296
0.00686996
0.0823653
0.0999515
0.106583
0.113247
0.142716
0.205291
0.219594
0.181867
0.166905
0.203101
0.195934
0.0725164
-0.0261497
0.0208845
-0.0477108
-0.113221
-0.0946909
0.0264467
-0.0788975
-0.11523
-0.173695
-0.0986174
-0.13964
-0.197723
-0.134952
-0.112884
-0.00451134
-0.000307583
-0.00807403
0.0703344
0.206383
0.252417
0.282437
0.33422
0.429396
0.244076
0.265602
0.163976
0.112322
0.00183818
-0.0162992
0.0343125
0.0369561
-0.0369234
0.0165544
-0.05345
-0.0907109
-0.124619
-0.0774674
-0.0435802
-0.0149034
-0.0126858
-0.0133357
-0.0335842
-0.0387572
-0.133544
-0.109717
-0.136731
-0.129989
0.00897253
0.0138164
-0.109737
-0.146529
-0.105815
-0.126635
-0.0792721
-0.148744
-0.157625
-0.106247
0.0673457
0.00480828
-0.0154443
-0.00520639
-0.0451483
-0.0852976
-0.105502
-0.0335095
0.0499289
0.024996
0.0849225
0.118339
0.118
0.265456
0.277185
0.204581
0.21599
0.175971
0.107149
0.0913533
0.156555
0.304778
0.0798651
0.0156163
0.0346981
0.0586933
-0.0246215
-0.0557612
-0.0532475
-0.0666164
0.0167045
0.0947008
0.0827615
0.0985802
0.0986274
0.0419424
0.18616
0.3208
0.249954
0.112508
0.17422
0.169307
0.0349462
-0.0154429
0.0150348
-0.0275557
-0.124671
-0.0297024
0.0539945
-0.0417499
-0.157662
-0.172391
-0.21811
-0.166231
-0.170837
-0.0526901
-0.0303793
-0.0898088
-0.0901843
0.123349
0.126245
0.158903
0.211352
0.334954
0.359197
0.378345
0.296384
0.235673
0.172658
0.05966
0.0802875
0.0308027
0.0311276
-0.0284474
-0.0654993
-0.0372116
-0.0657485
-0.108635
-0.0858681
-0.0337956
-0.0757173
-0.0491804
0.0170805
0.00372857
-0.0712512
-0.0265057
-0.106738
-0.0594227
-0.0832769
-0.0966949
-0.0565382
-0.0172129
-0.0774566
-0.131414
-0.100822
-0.075747
-0.120983
-0.165261
-0.104641
-0.0402891
0.0243886
0.0656046
0.0348286
-0.0670824
-0.0312214
-0.00713923
-0.0547178
-0.0376531
0.0120581
0.0806088
0.125905
0.117722
0.0785262
0.202723
0.16752
0.246021
0.209198
0.108924
0.0878222
0.0979734
0.125538
0.207794
0.0972442
0.0769872
0.060119
0.0408059
-0.02443
-0.0383382
-0.0938535
-0.0937024
0.0555976
0.069242
-0.0545045
0.026267
0.0855343
0.0962831
0.145551
0.204
0.264223
0.171954
0.150455
0.137803
0.150914
-0.00313421
-0.0156969
0.0277897
-0.00697467
-0.0815697
-0.119768
-0.126107
-0.0662352
-0.110084
-0.178164
-0.140267
-0.17056
-0.0976904
-0.082668
-0.125703
-0.0535767
0.0936045
0.152436
0.16967
0.196288
0.342459
0.348038
0.327275
0.278012
0.266033
0.278977
0.137835
0.0326058
0.0220302
0.0449642
-0.0197038
-0.0522893
-0.0163884
-0.0430587
-0.142235
-0.133424
0.0214471
-0.0954513
-0.0548864
0.105091
0.0103182
-0.0376942
-0.0446601
-0.102687
-0.0591197
-0.146915
-0.164209
-0.0932383
-0.0136079
-0.0219203
-0.0373013
-0.112244
-0.109892
-0.122336
-0.129877
-0.134802
0.0185216
0.0579898
0.0653785
0.0327421
-0.0246632
0.0195352
-0.0123933
0.00974583
0.00280626
0.00378634
0.0773933
0.111634
0.0552979
0.0122107
0.200015
0.278445
0.233254
0.111241
0.0560514
0.0980396
0.124414
0.106656
0.101013
0.0789583
0.0585184
0.0659212
-0.0336136
-0.0404345
-0.0148079
-0.0921412
-0.113527
-0.00542445
-0.00481581
-0.0206812
0.0220883
0.0121682
0.064496
0.057859
0.208089
0.246777
0.197654
0.161019
0.111385
0.0616515
0.0519995
0.0314105
0.023804
-0.119091
-0.11743
-0.0485047
-0.0521794
-0.100675
-0.0782754
-0.144261
-0.116078
-0.119923
-0.0702946
-0.0829979
-0.139526
-0.108856
0.0884619
0.12363
0.211319
0.242842
0.290424
0.284457
0.392914
0.302338
0.280124
0.291875
0.1121
0.0784836
0.0497453
0.000957832
-0.0516611
-0.0732449
-0.0870222
-0.0837967
-0.116936
-0.0489315
-0.0186661
-0.0374451
-0.0244548
-0.00168129
0.0388462
-0.00687443
-0.0465526
-0.130726
-0.0776741
-0.0976373
-0.0574664
-0.0727792
-0.0432295
-0.0743908
-0.0250615
-0.0885263
-0.0996161
-0.104074
-0.0989554
-0.0919756
0.0264663
0.0937293
0.00670319
0.0188086
-0.0370217
-0.052538
0.0844241
0.0760246
0.00709169
0.036346
0.104323
0.0708796
0.0438958
0.0675514
0.205927
0.212683
0.138342
0.126204
0.0796523
0.0664334
0.0744087
0.0456691
0.0047676
0.050048
0.0408583
0.0353962
-0.0266051
-0.04588
-0.0360528
-0.095709
-0.110509
-0.0933225
-0.0789443
-0.019981
0.0393658
0.0433453
0.089715
0.0857873
0.0812568
0.126937
0.148121
0.146319
0.0594178
0.184795
0.231287
0.025543
-0.0208544
-0.095676
-0.090192
-0.0392849
-0.0777531
-0.131889
-0.116396
-0.16087
-0.185316
-0.0879634
-0.0474729
-0.085187
-0.0472179
0.0120172
0.00342912
0.137982
0.250582
0.302715
0.276009
0.240565
0.253402
0.298793
0.212897
0.289961
0.191796
0.116784
0.0447613
0.0295306
-0.0525434
-0.089666
-0.115089
-0.12265
-0.0538189
0.00350873
-0.0266446
-0.0693256
-0.0976244
-0.0159499
0.0203052
0.0530922
0.0369332
-0.0248447
-0.0513941
-0.120668
-0.0623022
-0.0925513
-0.0924725
-0.111613
-0.037008
-0.0244284
-0.0786601
-0.0938941
-0.155109
-0.122067
0.0141836
0.152509
0.073281
-0.00819729
-0.0545955
-0.0462076
0.0453612
0.127017
0.0948267
0.0463242
0.0863329
0.0919652
0.0592747
0.0872587
0.163805
0.209875
0.15481
0.0934971
-0.0321863
0.0438149
0.0608792
0.00802032
-0.0164506
0.0115648
0.0341137
-0.0374423
-0.0646028
-0.039723
-0.0222386
-0.0778428
-0.125151
-0.129573
-0.0839251
-0.0597065
0.0397648
0.058076
0.0767088
0.00158905
-0.00626699
0.145416
0.161578
0.164239
0.126299
0.123571
0.104244
0.067523
0.0101951
-0.075126
-0.140507
-0.0566304
-0.108958
-0.106634
-0.0982809
-0.198599
-0.0795711
-0.00661468
-0.033102
-0.108357
-0.00605382
0.096539
0.0637665
0.0549961
0.136877
0.281164
0.280593
0.254318
0.253151
0.237748
0.33906
0.279752
0.199765
0.0994294
-0.0220356
-0.047908
-0.0383297
-0.072151
-0.183536
-0.0564513
-0.0360106
0.00314675
-0.0704518
-0.0939394
-0.0287407
0.0347429
0.015241
0.0397153
0.00178989
-0.0691724
-0.0643732
-0.0598947
-0.0215752
-0.0288814
-0.0841631
-0.0928854
-0.0175375
0.0436641
-0.0171154
-0.119933
-0.132496
-0.139069
0.0110014
0.132271
0.0389903
-0.0244774
-0.0801015
0.000758799
0.0503015
0.133934
0.0928273
0.0649558
0.109033
0.127535
0.0889427
0.0752472
0.136652
0.155479
0.152644
0.104576
-0.00585862
0.0153598
0.0119596
-0.0415141
-0.0446237
-0.0693619
-0.0361327
-0.050471
-0.100769
-0.00187296
0.0066384
-0.0801637
-0.0624289
-0.113238
-0.0608644
-0.000654359
-0.0541588
-0.0412549
0.034535
0.0970209
0.0999701
0.0603774
0.131552
0.183168
0.102809
0.121432
0.119695
0.0935902
0.039531
-0.132138
-0.189809
-0.0323
0.0184833
-0.117387
-0.150836
-0.130462
-0.174344
-0.0261824
-0.0253517
-0.00746642
0.0704444
0.0807956
0.0141482
0.0568795
0.204348
0.30329
0.249025
0.242073
0.199997
0.265104
0.261177
0.224527
0.178693
0.0804715
0.00514252
-0.0731257
-0.0309434
-0.0250036
-0.136153
-0.10866
-0.0757377
-0.000659286
-0.0762614
-0.0949626
-0.0708836
0.00549396
0.105919
0.0530678
-0.0323291
-0.0205381
-0.0253889
-0.0570094
-0.0227471
-0.037692
-0.0305468
0.0497853
-0.0612681
-0.114083
-0.0356955
-0.0038273
-0.0712939
-0.232016
0.00983695
0.162233
0.0820773
-0.0150651
-0.0986519
-0.0576977
0.0689552
0.202865
0.137601
0.0700284
0.0244971
0.0706621
0.0508002
0.0874916
0.199684
0.190325
0.124306
0.0773348
-0.0326389
-0.0646453
-0.0951165
-0.0903748
-0.0365401
-0.0627255
-0.122745
-0.0852715
-0.0705365
0.0143586
0.0147834
-0.124381
-0.11151
-0.120736
-0.0776547
-0.0379479
-0.00988216
0.0113692
0.0373144
0.0174714
0.0700288
0.0596547
0.140766
0.0509151
0.144109
0.18641
0.145919
0.0903577
0.0819541
-0.000339666
-0.138121
-0.161107
-0.137197
-0.106685
-0.101575
-0.045029
-0.0631404
-0.0604198
-0.0422042
0.0135305
0.0619801
0.0662795
0.0101995
0.0755611
0.156554
0.238042
0.25878
0.212181
0.195451
0.215391
0.241555
0.193309
0.134498
0.0417976
0.0382213
-0.063687
-0.10142
-0.0347557
-0.0596804
-0.114698
-0.127827
-0.0486098
-0.0487305
-0.0524786
-0.0117219
0.0139049
0.0314326
0.0324666
-0.00882989
-0.0127735
0.00489086
0.0261564
0.0538283
0.0275281
0.0344235
-0.0293797
0.0450884
0.124633
0.0181417
-0.110364
-0.13234
-0.122665
-0.0660495
-0.00243145
0.0179373
-0.0036947
0.00627201
0.0913477
0.0621977
0.0738209
0.0612285
0.0565249
0.0574575
0.0829014
0.0981527
0.0967252
0.166025
0.197751
0.109173
0.0344093
0.00433201
-0.096839
-0.163742
-0.191362
-0.180468
-0.0852234
-0.117343
-0.118909
-0.108725
-0.00728584
0.0087044
-0.156328
-0.11895
-0.121076
-0.0835633
-0.057824
-0.0647062
-0.0338203
-0.0399893
0.065833
0.10338
0.133723
0.0888274
0.0399047
0.1164
0.183479
0.095023
0.0870309
0.0981851
0.00199719
-0.09446
-0.244881
-0.206418
-0.00173778
0.0722314
0.034574
-0.163813
-0.123199
-0.0536033
0.0902932
0.067371
0.0447049
0.0361107
0.0594326
0.0787323
0.176705
0.245278
0.181061
0.184318
0.248579
0.236432
0.15038
0.0889826
-0.00387573
0.0737457
-0.130979
-0.186091
-0.0973787
-0.0164107
-0.0568037
-0.0911603
-0.0244945
-0.0274955
-0.100745
0.0280684
0.0147791
0.033637
0.0900521
-0.0267778
-0.0296336
0.0434261
0.0992369
0.0607782
0.00511511
0.0327718
0.0264555
0.0396923
0.0586334
0.00729339
-0.0335162
-0.077927
-0.0860109
-0.0469109
0.0168261
0.0798827
0.00787513
0.035063
0.0542011
0.0327614
-0.041843
0.0239947
0.09929
0.100615
0.0680428
0.131286
0.082611
0.141139
0.121232
0.0594611
-0.0395581
-0.05328
-0.118279
-0.212391
-0.194485
-0.183406
-0.0642886
-0.117262
-0.135611
-0.168674
-0.0885643
-0.0298477
-0.204071
-0.1353
-0.0941792
-0.0842046
-0.0843272
-0.0981419
-0.0857037
-0.0349267
-0.0123414
0.0373232
0.148594
0.133741
0.0798836
0.122794
0.0676448
0.046528
0.171984
0.134916
0.0152831
-0.0852282
-0.118328
-0.0342249
0.0411282
0.0168701
-0.0737624
-0.174092
-0.154891
-0.0932374
0.0149891
0.101288
0.0794431
0.0597373
0.0470122
0.13608
0.130968
0.222115
0.197553
0.186641
0.180286
0.114397
0.11851
0.0436622
0.00584831
-0.0341182
-0.102731
-0.134512
-0.102138
-0.0879513
-0.0841666
-0.0970024
-0.0556513
-0.0310507
0.0255855
0.012547
0.0837267
0.0644715
0.0599364
0.000926843
-0.0538661
0.0378907
0.0976538
0.0601861
0.0854836
0.17771
0.124176
0.0809466
0.0888642
0.0310798
-0.065264
-0.0470471
-0.0126851
0.0259885
-0.0407683
-0.0141912
-0.0467758
0.00582817
0.0512912
0.0954534
0.0156229
0.0187488
0.014075
0.0446827
0.0824799
0.117278
0.100849
0.18507
0.0967226
0.0654808
-0.0484432
-0.144056
-0.177523
-0.236941
-0.19841
-0.179848
-0.213307
-0.188727
-0.140791
-0.155946
-0.0972653
-0.0507379
-0.216238
-0.152562
-0.125703
-0.0985597
-0.0696576
-0.0601512
-0.103486
-0.0714505
0.0590231
0.107317
0.0573269
-0.0476078
-0.0258659
0.243143
0.140965
0.0888872
0.0984611
0.056897
0.0508156
0.0809716
-0.0563594
-0.102414
-0.104506
-0.0544809
0.00130503
-0.12543
-0.0646248
-0.0280795
-0.023371
-0.00791503
0.0738455
0.10214
0.100798
0.0281247
0.0784069
0.0981098
0.115445
0.133126
0.182027
0.161825
0.0585738
0.0550491
-0.0290075
-0.0462588
-0.0743403
-0.154269
-0.156344
-0.120526
-0.102187
-0.0793724
-0.141641
-0.0506077
0.0778014
0.0735125
0.0672818
0.0706155
0.0702734
0.108267
0.0483881
-0.00113007
0.0177672
0.158313
0.181287
0.0996327
0.0656735
0.070204
0.0149295
0.0527158
0.0150831
0.0137184
0.0179472
0.0581519
-0.0106935
-0.039712
-0.00839476
-0.0151199
0.010412
0.0531411
0.0363987
0.0191462
0.0157207
0.0403349
0.0938495
0.125302
0.0599425
0.109973
0.00468948
0.00271052
-0.0434629
-0.14176
-0.19012
-0.248303
-0.214246
-0.184246
-0.210141
-0.233683
-0.153883
-0.141016
-0.129087
-0.0321087
-0.232319
-0.180238
-0.117217
-0.128044
-0.144723
-0.103604
-0.0980891
-0.12164
0.00707505
0.112656
-0.0153162
-0.0516667
0.127703
0.108899
0.108172
0.0945522
0.0981607
0.106733
0.0829601
-0.00187267
0.0563788
0.0490516
-0.0829753
-0.148028
-0.0643519
-0.0998321
-0.0799501
-0.0426307
0.0376316
0.0188072
-0.0579125
0.0295402
0.0747878
-0.0113229
0.0505695
0.115995
0.202821
0.225218
0.0873489
0.0905155
0.0125233
-0.0593895
-0.0603932
-0.0871271
-0.170983
-0.175908
-0.182013
-0.131629
-0.106303
-0.12072
-0.082255
-0.0327185
0.0534757
0.114909
0.0838727
0.0970436
0.114241
0.0894651
0.0693979
0.0153629
0.0830715
0.108384
0.191095
0.130608
0.0986639
0.10367
0.050776
0.0467738
0.0150109
0.0556782
0.0490372
0.01454
0.00283267
-0.0562661
0.0111037
-0.00179857
-0.00183922
0.0200486
0.0319509
0.023207
0.00522728
0.0547076
0.0392734
0.107522
0.11044
0.0633559
0.0515005
-0.0141053
-0.120314
-0.192398
-0.233655
-0.222959
-0.233131
-0.244791
-0.229679
-0.262334
-0.190153
-0.137225
-0.122945
-0.0389649
-0.225338
-0.204176
-0.153651
-0.109639
-0.155192
-0.098391
-0.084266
-0.0931142
0.00405237
0.0532431
0.057827
0.0555303
0.0454675
0.0375205
0.0543185
0.0644623
0.0778661
0.0640523
0.0637183
0.103641
0.00476877
-0.0931214
-0.0387635
-0.0300766
0.0170136
-0.0801819
-0.0846608
0.00278743
-0.0367137
-0.0798085
-0.0770157
0.0630572
0.103753
-0.058821
-0.0874758
0.0234479
0.153475
0.11137
0.167373
0.0765303
0.0286624
-0.0410981
-0.0955218
-0.110335
-0.195926
-0.169087
-0.231524
-0.177455
-0.181606
-0.14399
-0.122131
0.0230673
0.0486598
0.0217168
0.117912
0.122618
0.144509
0.0645865
0.047935
0.0726313
0.168997
0.210764
0.212304
0.100571
0.0982595
0.0497257
0.0539495
0.118186
0.0473724
0.0535712
0.045452
-0.0125372
0.0110097
-0.0350304
-0.0638292
-0.0125761
-0.0276795
0.0199425
0.0507938
0.0215989
0.0322357
0.0299793
0.0560919
0.0441081
0.0510633
0.0549461
0.0337764
-0.0996637
-0.187441
-0.179498
-0.258983
-0.207511
-0.22142
-0.319693
-0.294877
-0.289214
-0.216644
-0.110047
-0.0297003
-0.0320307
-0.242545
-0.23457
-0.16489
-0.123079
-0.106431
-0.110653
-0.120351
-0.0605071
-0.0344718
-0.0180464
-0.016569
-0.00637166
0.0563457
0.0982349
0.0515742
0.115475
0.190525
0.0302704
0.0781647
0.0619091
0.0206873
-0.0405571
0.00428528
-0.0735153
0.00993081
-0.0338864
-0.103908
-0.0548328
-0.031591
-0.126477
-0.10376
-0.0190779
0.0114664
-0.00721334
-0.00625169
0.0948862
0.157475
0.113171
0.0978714
-0.0399447
-0.0188457
-0.0732168
-0.140029
-0.146216
-0.221233
-0.222397
-0.314995
-0.259741
-0.156423
-0.133716
-0.0490144
0.0334116
0.0477143
0.00537433
0.105216
0.180139
0.192758
0.0533805
0.0468182
0.100965
0.2034
0.231539
0.135297
0.0788285
0.130978
0.083249
0.0979531
0.14633
0.0500071
0.0476903
0.060184
0.00306704
0.011595
0.00407047
-0.0334231
-0.0331413
0.0322946
0.00583101
-0.0340364
0.0147024
0.00900208
0.0310956
0.0696803
0.0396256
0.108816
0.090254
-0.02051
-0.147955
-0.191954
-0.254426
-0.247291
-0.242577
-0.267503
-0.31829
-0.26958
-0.281622
-0.293238
-0.132635
-0.0358445
0.00769561
-0.227767
-0.249221
-0.192487
-0.150912
-0.085957
-0.0809179
-0.139288
-0.143894
-0.00488096
-0.0454005
-0.0243035
0.0341314
0.0962026
0.080904
0.0804938
0.103008
0.0849676
0.0424234
0.0167264
0.107702
0.0487243
-0.00680634
-0.0170375
0.0602369
-0.0441764
-0.144455
-0.18552
-0.0793867
-0.0897867
-0.0697054
-0.0547376
-0.0188273
0.000217955
-0.00716856
-0.0435834
0.0173588
0.0440928
0.00620316
0.0503666
0.104128
-0.0357735
-0.138944
-0.109543
-0.221434
-0.287776
-0.281507
-0.31083
-0.224553
-0.170798
-0.171506
-0.0828796
-0.0264677
0.0205385
0.0637154
0.0108878
0.0947583
0.208348
0.135317
0.0954927
0.212188
0.29056
0.249021
0.0796022
0.0504789
0.083487
0.220407
0.189972
0.135249
0.064678
-0.0420937
0.022112
-0.0232081
0.0500053
-0.00150629
0.00947108
-0.0464803
-0.0219278
0.0488221
0.00931926
0.067437
-0.0392782
0.00715697
0.0145889
0.00710409
0.104584
0.0915221
-0.0438096
-0.225303
-0.227088
-0.19094
-0.249494
-0.274811
-0.252514
-0.374451
-0.30887
-0.300244
-0.247794
-0.133073
0.00586677
0.041776
-0.207995
-0.246242
-0.273975
-0.171763
-0.0786895
-0.14612
-0.125493
-0.107866
-0.0712972
-0.0428387
-0.0466455
0.033864
0.0995851
0.109803
0.0402764
0.115333
0.229414
0.0302296
-0.0206281
0.0509499
0.116956
0.0605556
-0.0216234
0.00539177
-0.094381
-0.162337
-0.152587
-0.110294
-0.120694
-0.100178
-0.0877016
-0.0588645
0.0127779
0.00839663
0.0271771
-0.000804543
0.0602957
0.0505039
-0.0755788
-0.0523144
-0.0331995
-0.108811
-0.145871
-0.23247
-0.336459
-0.373248
-0.286752
-0.253938
-0.310331
-0.223271
-0.123715
-0.00925087
0.0455742
0.0737318
0.0903229
0.16038
0.210812
0.130402
0.121708
0.213472
0.281582
0.258438
0.176557
0.149781
0.11147
0.131605
0.0810569
0.0896837
0.0816606
0.00747115
-0.0156195
-0.0133482
0.0244508
0.0608486
-0.00437243
-0.0471768
-0.0119233
-0.0167417
0.00884382
0.0433091
0.0321897
0.0153382
0.0605022
0.0588692
0.0782547
0.0282368
-0.0686983
-0.173499
-0.199344
-0.243738
-0.303076
-0.307849
-0.302722
-0.328435
-0.327209
-0.318786
-0.270746
-0.157694
0.0574055
0.0573047
-0.195626
-0.236819
-0.258178
-0.208036
-0.180768
-0.0660848
-0.105782
-0.200346
-0.176931
-0.0262384
0.111216
0.100176
0.109361
0.062827
0.0963712
0.0878501
0.108124
0.041306
0.0429747
0.0529922
0.0757499
0.144022
0.0382887
-0.0174641
-0.109183
-0.193655
-0.156835
-0.0720084
-0.12931
-0.0698845
-0.0987083
-0.0723532
-0.0273734
0.0140399
0.0352996
0.0163618
0.0507658
-0.0341558
-0.0705094
-0.0703365
-0.0850336
-0.134241
-0.169486
-0.263902
-0.357521
-0.439658
-0.333735
-0.264906
-0.273348
-0.230958
-0.187103
-0.0111288
0.032383
0.0446143
0.0530764
0.071028
0.157872
0.214104
0.249182
0.289184
0.30876
0.293009
0.18176
0.142426
0.0598454
0.0783331
0.148873
0.0882985
0.0954153
0.0105663
-0.0244058
-0.0105563
0.0102882
-0.0372928
-0.0147199
-0.0337201
-0.0713935
-0.00656352
0.0432801
0.0608042
0.0410343
-0.0504649
0.0170372
-0.038065
0.0781262
0.0818461
-0.0470113
-0.18197
-0.232376
-0.221634
-0.321687
-0.337346
-0.277789
-0.335648
-0.316413
-0.27158
-0.253144
-0.178607
-0.0224813
0.0147799
-0.194362
-0.220923
-0.185504
-0.223138
-0.185945
-0.115403
-0.195917
-0.185936
-0.0908831
-0.0101781
0.0384539
0.0968755
0.10431
0.0977966
0.119655
0.0926699
0.103475
0.0560832
-0.0130928
0.0187339
0.273756
0.134259
-0.0133095
0.0470652
-0.0650305
-0.179917
-0.166451
-0.224105
-0.158724
-0.092149
-0.081034
-0.042331
0.0606164
0.0189252
0.0332135
-0.0122128
-0.0268631
-0.0872384
-0.0958884
-0.00486814
-0.103295
-0.137861
-0.151419
-0.278272
-0.404088
-0.460371
-0.320372
-0.317343
-0.315877
-0.266117
-0.163551
-0.0396461
-0.00745551
0.0155235
0.133583
0.145016
0.121299
0.21163
0.266589
0.303668
0.303133
0.297852
0.253722
0.121637
0.032931
0.0296423
0.162392
0.0437188
0.115509
0.037248
-0.0248355
-0.0458836
-0.02311
-0.0174942
-0.00169234
0.0175106
-0.0595218
-0.00327947
0.0529458
0.0801246
0.00279477
-0.108183
0.0286005
0.0332013
0.0703778
0.0375121
-0.0580452
-0.142521
-0.245785
-0.257479
-0.295505
-0.303972
-0.315959
-0.31053
-0.33301
-0.218595
-0.220495
-0.200007
-0.0594105
-0.0494365
)
;

boundaryField
{
    inlet
    {
        type            zeroGradient;
    }
    outlet
    {
        type            fixedValue;
        value           uniform 0;
    }
    down
    {
        type            empty;
    }
    up
    {
        type            empty;
    }
    sides
    {
        type            zeroGradient;
    }
}

